137	171	0.8862990223674356
137	140	0.8742655486191662
137	141	0.8518342042033931
137	145	0.7588210889085788
137	15	0.5263984757123465
137	165	0.7839354646242316
137	172	0.7830860215838422
137	180	0.7809885806698397
137	175	0.7354978002729647
137	146	0.7139379129079836
137	35	0.6889004454164946
137	36	0.6870623311146027
137	24	0.6853214620623473
137	114	0.6717031482335271
137	67	0.6662559331670178
137	32	0.6363525099176421
137	167	0.6288852952905171
137	127	0.5948701602596129
137	123	0.5926104862031557
137	168	0.5880695782415367
137	166	0.5860970283538401
137	138	0.5816084837579019
137	189	0.5652739251653168
137	174	0.5649199791549104
137	173	0.5611567349059217
137	42	0.5587954312799142
137	62	0.5585340316732392
137	72	0.5540455412702935
137	31	0.5514482259716968
137	2	0.5504313869354879
137	143	0.5409021615286645
137	57	0.5403218158740036
137	13	0.5013366980933714
137	39	0.5006251309700704
137	164	0.4985013980269789
137	41	0.4901365141901265
137	34	0.4865573944070056
137	169	0.4829772024297591
137	49	0.4778929397986894
137	30	0.4751877619125621
137	178	0.4721938865003327
137	132	0.4698594878365362
137	196	0.45245267097249603
137	147	0.4500715499322495
137	33	0.4452660212163251
137	144	0.4366628728878725
137	43	0.3994379483318752
137	101	0.39540450970139823
137	153	0.3952442031579961
137	134	0.3896268307487428
137	183	0.3884811710728433
137	0	0.3846451145857723
137	187	0.3843127659735052
137	56	0.3650239623050495
137	51	0.3557747896963581
137	65	0.35575732108608216
137	156	0.34946131497740807
137	46	0.3442976451000783
137	129	0.34043988894662114
137	170	0.33875015996905283
137	100	0.32735240288121314
137	47	0.3208999061220025
137	104	0.3178826660959706
137	139	0.3121177324346183
137	50	0.31180179405164404
137	131	0.2976872030707224
137	106	0.28843646096611925
137	10	0.2867302913888035
137	103	0.273608331908798
137	135	0.2704692128500566
137	151	0.2663026405779643
137	179	0.2574915821257827
137	40	0.2572768188510497
137	159	0.2549033990236284
137	122	0.2462999859179834
137	102	0.24573630089409534
137	194	0.2447964565830895
171	165	0.7888198841778917
171	67	0.7162102137731045
171	189	0.7105134423090982
171	140	0.8162911994221287
171	172	0.8030704063892763
171	141	0.7437768726021491
171	175	0.7417370619471613
171	180	0.7064894495052271
171	146	0.7040922265764341
171	173	0.6731822622979963
171	145	0.6607366785869306
171	35	0.6355008061204238
171	166	0.6107959630160141
171	24	0.5973584940329523
171	36	0.5931033618618131
171	174	0.592642925882506
171	167	0.58488120444224
171	168	0.5639046357889901
171	114	0.5496083629157767
171	132	0.5392801523261334
171	57	0.5365868800017122
171	32	0.5286286164838628
171	62	0.5203211292384436
171	147	0.5146024395710227
171	164	0.5136092513489205
171	187	0.5051376530889654
171	72	0.5044371748932966
171	31	0.5018381328037804
171	169	0.5014714450049994
171	127	0.4999878916517193
171	15	0.4946514780934506
171	178	0.4926321117019686
171	143	0.4841341246753037
171	42	0.4829311971153273
171	39	0.4705527142984686
171	41	0.4507570790372473
171	13	0.4478838840421863
171	123	0.4436209586661295
171	183	0.4341181098909737
171	2	0.42776670864210253
171	196	0.42617220010788376
171	43	0.42384519851985547
171	138	0.42367290858527773
171	156	0.3970315207374268
171	30	0.3890074753160747
171	34	0.38367335401933
171	144	0.3802569500778338
171	135	0.3772075944414217
171	46	0.3757914855402895
171	170	0.3670763981775198
171	153	0.35656934834675585
171	65	0.3534405350127229
171	49	0.3453021138216565
171	151	0.3224598539815483
171	139	0.3168215068255041
171	134	0.3110522931540854
171	148	0.309606380427302
171	104	0.3059037639798325
171	33	0.30462515706199417
171	51	0.3034544051125161
171	179	0.3032909714109161
171	10	0.29528839500744736
171	50	0.2948501866435249
171	194	0.28593161876334644
171	131	0.2818310524165494
171	106	0.2767693353098284
171	152	0.2736360858353998
171	0	0.2652803503338541
171	103	0.2628337317371203
171	188	0.2626661584937249
171	129	0.25297623982667083
140	172	0.86348892132169
140	175	0.8054015312503902
140	180	0.7850123445621904
140	35	0.7801289800714094
140	141	0.8391519918438783
140	146	0.7498708763220666
140	166	0.7196554867409266
140	165	0.7046666150016252
140	114	0.6578024564836501
140	145	0.6522932504822024
140	189	0.6456600307984908
140	32	0.6410475092248304
140	24	0.6190232609026213
140	169	0.6174169727384053
140	36	0.5900677492739537
140	168	0.5900221199857335
140	167	0.5757353847148416
140	196	0.5667758749121572
140	42	0.5649540214641805
140	2	0.5563421796706413
140	138	0.5448587672726429
140	123	0.5425554400910128
140	173	0.5236677188912043
140	127	0.5232030690715711
140	30	0.5178079660558481
140	13	0.5165920096326734
140	15	0.5163133645223454
140	67	0.5127989677990731
140	147	0.5002878364914878
140	143	0.4971173768103678
140	31	0.486946561373705
140	34	0.4804352617253582
140	57	0.4781938148587243
140	10	0.4639397586979847
140	170	0.4625888950443065
140	187	0.4598570609597638
140	183	0.452675323002164
140	132	0.4502629138019773
140	62	0.4384739875618703
140	178	0.4375365321123599
140	144	0.4361933452152909
140	39	0.4268430348766025
140	188	0.4195452480348192
140	101	0.4188198764443332
140	43	0.4173675291418271
140	104	0.4135366796171336
140	174	0.4078670832745543
140	194	0.4056889575388936
140	72	0.4028948909564705
140	1	0.3967029471480965
140	49	0.3963405558410599
140	100	0.3961382372007336
140	0	0.3917621707750809
140	134	0.3895929025826775
140	139	0.3872748094231973
140	102	0.3809325166700835
140	148	0.3685464127888008
140	135	0.36586441923987617
140	33	0.3648939415608801
140	41	0.3626640446259477
140	151	0.3606909859245592
140	156	0.3554515801742452
140	164	0.3504178359478552
140	37	0.33950240426819506
140	150	0.3382543268969979
140	7	0.3369873297746656
140	56	0.3350801058761795
140	153	0.3248948856603394
140	131	0.3215994090284138
140	159	0.3210075447665683
140	110	0.31581357056201337
140	129	0.313308650018211
140	106	0.3077336050174879
140	51	0.2965931539796157
140	122	0.27441301063887497
140	8	0.2725348310388877
140	181	0.26997791387440034
140	65	0.2624054575099157
140	22	0.259199442954684
140	163	0.2591248161554835
140	47	0.25345353974632645
140	103	0.246872894924692
141	114	0.740998449270129
141	172	0.7554455511128528
141	146	0.7353784262715263
141	24	0.7304073485661033
141	145	0.7214872410987616
141	175	0.7210314454748041
141	127	0.6960102819052227
141	180	0.6775495701787357
141	36	0.6742308109820558
141	39	0.6705435070041523
141	123	0.6527239248434983
141	32	0.6367866986463209
141	143	0.6232733139625648
141	35	0.6184678224239699
141	2	0.6089935241207707
141	134	0.6046533322522356
141	167	0.5991499280213402
141	166	0.5957546362875848
141	57	0.5689372205287224
141	30	0.566606159591151
141	173	0.562327137006272
141	165	0.5588848319816166
141	31	0.5466913235582082
141	138	0.5443452790111711
141	174	0.5260586264731528
141	169	0.5249656329806096
141	67	0.5101037492357655
141	41	0.5078290260368744
141	13	0.4947572155584437
141	104	0.4815958836202137
141	189	0.4687834505653494
141	42	0.4681668310950182
141	168	0.4627382241053906
141	101	0.4513624532567196
141	15	0.4443034215384383
141	132	0.4269575207377064
141	196	0.4174418487410592
141	135	0.4090335186809671
141	151	0.40295352660217343
141	34	0.40246758858247744
141	56	0.3880055815256669
141	49	0.38692624662598185
141	33	0.3863734204151204
141	144	0.3823507366523177
141	62	0.3803767003532975
141	72	0.3793156115948471
141	163	0.3637578224743353
141	139	0.3627769410254569
141	129	0.3613954005991896
141	178	0.3602820626860981
141	100	0.3597685374546347
141	10	0.3554428436014495
141	147	0.3525213604556746
141	187	0.3514086874709853
141	170	0.3430453617302725
141	50	0.34219805586818924
141	110	0.3377583059455703
141	136	0.31485897386050554
141	47	0.3137685137197204
141	153	0.30230090860150266
141	194	0.289316349287285
141	150	0.2889039624029848
141	183	0.28840895659589005
141	43	0.2811681067015671
141	131	0.2677978217061094
141	7	0.2638016219848293
141	51	0.25953522524128675
141	46	0.2498942358772781
141	26	0.24280246639921102
145	24	0.8019312334505896
145	41	0.7888954248973453
145	36	0.7563584940177897
145	31	0.699571078612829
145	143	0.7347440612796858
145	180	0.7244513452771966
145	127	0.7118182423035451
145	32	0.6595179386976469
145	39	0.6414243517442321
145	174	0.6372442412902803
145	35	0.6334994882157322
145	114	0.6333857256283765
145	146	0.6262545873943467
145	33	0.6185851331725019
145	172	0.6068121573983585
145	123	0.6014462384273622
145	62	0.5987266879371026
145	167	0.596341337589458
145	72	0.5868842626291902
145	51	0.5656888659227962
145	165	0.55354635807849
145	144	0.5477701524732796
145	34	0.5445774544078433
145	173	0.5401376964051978
145	131	0.5341971435895694
145	67	0.532759188383741
145	129	0.5229270359563001
145	164	0.518137233019577
145	49	0.5094820558957677
145	138	0.5066704180107812
145	175	0.5053163920448109
145	134	0.4978322695769578
145	2	0.4941301294934466
145	50	0.4940394238656207
145	26	0.4905314919088427
145	42	0.4866566121779317
145	132	0.4795425135200556
145	179	0.4722948945807238
145	40	0.4706227835437407
145	189	0.4694853721003798
145	52	0.4672371380008832
145	168	0.4626753519111792
145	156	0.4588392521305619
145	57	0.4578518531471879
145	153	0.4572667799815053
145	101	0.4458671239933996
145	196	0.4367114311477256
145	27	0.43075229824698796
145	13	0.4232789878987052
145	178	0.4150608549834829
145	30	0.4140339486228439
145	130	0.4102817892389096
145	181	0.3978314664462621
145	15	0.3912880142560895
145	47	0.3791015613844597
145	166	0.3427100364800173
145	147	0.3380151973806379
145	46	0.33387225519370195
145	155	0.3278612269146555
145	5	0.32286300429358644
145	22	0.319885902586
145	38	0.31863758285235555
145	152	0.3177837780713771
145	100	0.31448056103398964
145	44	0.3047521601367138
145	29	0.303145682027897
145	136	0.2982248241572046
145	159	0.2954709451767788
145	106	0.2918158570990196
145	197	0.2865650814306619
145	53	0.2860785309385016
145	148	0.2772586648149349
145	0	0.27284954828487673
145	176	0.2686701891152499
145	43	0.2656428670806658
145	45	0.24751134421367624
145	125	0.246872894924692
145	157	0.2463375590004708
145	56	0.2427554134799065
15	24	0.5182908384033279
15	180	0.4801583083310344
15	39	0.4543672202794393
15	175	0.4278810839817374
15	127	0.424730776467252
15	151	0.4178051086093583
15	189	0.4114122274170568
15	172	0.4098325885803467
15	196	0.4095746242674391
15	165	0.40841714045551375
15	146	0.400655893584524
15	34	0.3936905160769279
15	123	0.3870962910807165
15	2	0.38178708127152783
15	166	0.3763924738812937
15	129	0.3763581402161704
15	49	0.3696002301623964
15	36	0.3689525039816379
15	194	0.3670590929521173
15	40	0.365647863630206
15	173	0.3629940195559282
15	16	0.3607779729879915
15	143	0.35322174573797904
15	17	0.3491628014120964
15	135	0.34851285044589464
15	42	0.34732626551696544
15	7	0.34581285601648715
15	104	0.3447206755395229
15	35	0.3430630080067965
15	32	0.3321029086239445
15	116	0.3285126010215175
15	114	0.3267808653602015
15	31	0.32211036238683177
15	62	0.31135936446718665
15	10	0.30883765600492946
15	138	0.3070907016368814
15	178	0.3069095514531957
15	160	0.3060306577487896
15	67	0.2986893950548441
15	30	0.29250183946415825
15	183	0.2868312446356974
15	167	0.2862988739835642
15	57	0.28363437363825
15	132	0.28303655500483993
15	134	0.2814259508543308
15	41	0.2792422037693923
15	159	0.2765199990250965
15	72	0.26892068134717795
15	169	0.2645829919662097
15	186	0.26271270820679354
15	53	0.25814505289438777
15	118	0.25811705184359623
15	170	0.25686589655949266
15	110	0.2554456328659776
15	168	0.2546789794769441
15	115	0.25233028509021826
15	4	0.2518152324773233
15	184	0.2492003185590993
15	131	0.24742685589973726
15	188	0.2466005498398992
165	174	0.6745143262190854
165	180	0.6749174474448877
165	183	0.6741762660232964
165	175	0.6491336538559923
165	173	0.6125233686594966
165	172	0.60472945405033
165	35	0.5838473309800465
165	166	0.5813437295500564
165	62	0.5726856106960911
165	67	0.5705109348509335
165	57	0.5680370470263555
165	164	0.5649812539269077
165	187	0.5580728725455291
165	43	0.555983024443006
165	132	0.5468806003362177
165	36	0.5305641437781418
165	72	0.5229996868884509
165	189	0.5009847442769078
165	170	0.4925488026915512
165	178	0.4859007145525266
165	196	0.4715953536396487
165	32	0.4632881572181841
165	167	0.4509960921257337
165	147	0.4448409997245926
165	169	0.4273499397775968
165	24	0.4142990577738586
165	168	0.410007301363511
165	156	0.3845939905178068
165	146	0.3838097928036841
165	31	0.3686241858276689
165	188	0.3680883113738699
165	159	0.3574331728481597
165	143	0.3541578923728728
165	127	0.3496105451646271
165	114	0.3417741940438208
165	179	0.3369341423269453
165	13	0.3237763778544736
165	131	0.3181882762614177
165	65	0.3096244631931128
165	138	0.29103804737599903
165	42	0.2891239154280115
165	41	0.2885464736867479
165	153	0.2857663264982298
165	34	0.2845536641315275
165	194	0.2762244411414873
165	60	0.26757501915213244
165	39	0.2643225738450962
165	33	0.2573235086823243
67	62	0.7031278053793316
67	167	0.679782729326535
67	36	0.6930442711940492
67	164	0.6869831311499254
67	50	0.6311829364203166
67	31	0.5776175749731131
67	147	0.5728334389307898
67	189	0.5714612391322336
67	35	0.5707199982243217
67	24	0.5386841738803179
67	180	0.5384072861731798
67	65	0.5377607625762799
67	68	0.5322935182201096
67	168	0.5295574943418128
67	57	0.5256534802622876
67	32	0.5240812855091761
67	41	0.5199855866264164
67	114	0.4955799562150573
67	175	0.4904403610823218
67	93	0.4879300621610685
67	172	0.4830308719267266
67	56	0.4734361995537022
67	174	0.4697893539853986
67	146	0.4667132421381563
67	132	0.464512439370263
67	72	0.4547004478488549
67	49	0.4223263520962128
67	42	0.4204512095317263
67	30	0.4186466973340698
67	173	0.416185924509344
67	187	0.4155159995032818
67	43	0.3973010435962177
67	45	0.3930227523867166
67	37	0.3870537824349334
67	152	0.3816760247389653
67	47	0.36671293509751135
67	13	0.36606361541639
67	5	0.3622557919168309
67	178	0.3492418266089736
67	166	0.3484425653829788
67	115	0.3443329029797545
67	183	0.33803291217540504
67	2	0.33011739338596346
67	0	0.33004610970303017
67	181	0.3243581151003829
67	169	0.3233914016717659
67	100	0.3212227971764887
67	34	0.31659658298180904
67	153	0.31619163034452386
67	196	0.3151562280267496
67	127	0.3085752929166323
67	40	0.3064565787165003
67	108	0.3004916804166977
67	156	0.2944940509956825
67	39	0.29279443372282743
67	60	0.29243782716642897
67	106	0.29199881511967896
67	103	0.28951792158504525
67	61	0.2865559025998178
67	135	0.2862346103889345
67	123	0.28577550984805294
67	33	0.28035747518165505
67	131	0.27815385758402084
67	144	0.2752173052438501
67	46	0.2752080626640643
67	179	0.27178482857710473
67	151	0.26541049318659776
67	143	0.25797704008560085
67	91	0.2427648241551535
189	147	0.6549109556966941
189	151	0.47662649429002896
189	180	0.6639361283093511
189	146	0.6435910546524072
189	172	0.6359179176078092
189	35	0.5678744647256431
189	175	0.5665925802880724
189	31	0.5459617352666607
189	43	0.5459055787513458
189	188	0.5309879270675889
189	62	0.5280302961189232
189	168	0.5274458872472376
189	106	0.524712042517301
189	24	0.5186052593914324
189	132	0.5179982279132685
189	169	0.5150654555275952
189	187	0.5100593602273379
189	32	0.4997028329044731
189	36	0.4905390856601472
189	173	0.4886916145773395
189	144	0.4824940136672982
189	148	0.4750251644053447
189	135	0.458017815240597
189	114	0.4571876856558556
189	196	0.4552238340552564
189	164	0.4549780402859821
189	13	0.4408456805999443
189	42	0.43854668134358504
189	167	0.4364038525319093
189	57	0.4317860867726689
189	7	0.42255638421523706
189	166	0.4208215887810257
189	34	0.4157807151616271
189	194	0.41258289092019
189	72	0.40667427683073215
189	143	0.4048782848029607
189	46	0.3985887522087749
189	39	0.3915505194498573
189	156	0.3906950263496722
189	197	0.39053401649420394
189	49	0.37888747059684297
189	159	0.3786647731497679
189	10	0.371136062426465
189	152	0.36422627774365424
189	174	0.3637057605233259
189	115	0.3626379900987622
189	127	0.3549622364825994
189	12	0.3443240886008848
189	51	0.3420921034590255
189	21	0.34204795405426663
189	28	0.3401657888164456
189	1	0.3398562514435349
189	108	0.3396970321140473
189	100	0.33930774734645786
189	40	0.3355682625900305
189	2	0.3322719424109901
189	134	0.33001046644987364
189	41	0.3237226666796849
189	123	0.3217697476438338
189	50	0.3202269768532842
189	104	0.3184758489615501
189	45	0.31456165791637114
189	183	0.31040181012677304
189	53	0.3087471912811164
189	153	0.3080232724917372
189	170	0.29924487241129905
189	103	0.2990536653720568
189	0	0.2981063815118886
189	16	0.2972405606149217
189	138	0.2963651289514475
189	33	0.2954344368684903
189	47	0.29400994065559344
189	178	0.27907623114630964
189	160	0.27267368407638354
189	179	0.2697646648934976
189	9	0.2679556228561297
189	18	0.2664791573962182
189	139	0.2643969829576533
189	22	0.2642760665516408
189	129	0.26359692019305314
189	122	0.2634015008790511
189	102	0.2629733639954821
189	101	0.2620515877583238
189	5	0.26165107119682673
189	186	0.2567444699169755
189	30	0.25568865107768585
189	131	0.2550249481485482
189	150	0.24793372930038846
189	116	0.24746440672611306
189	176	0.2472484793255181
189	52	0.24372447273900524
172	146	0.7944196539106646
172	168	0.6409885996395508
172	175	0.7998515271169433
172	166	0.7710045352808395
172	35	0.706684736024376
172	180	0.6932988326494212
172	169	0.6379741901063205
172	167	0.6092388253336182
172	32	0.5727057712854536
172	187	0.5712524382130436
172	42	0.5663548926657759
172	24	0.5577629451324945
172	2	0.5491545459348257
172	114	0.5430844499247718
172	170	0.515160961117093
172	196	0.5117294693469395
172	173	0.5001303804144583
172	138	0.4987343258943197
172	30	0.497824747909199
172	148	0.4943946261344249
172	31	0.4850523277736121
172	123	0.482018207686071
172	178	0.4673934612821648
172	127	0.4650768947906415
172	147	0.4615507265248535
172	188	0.4529058673958554
172	183	0.4509562611013408
172	36	0.4504701779934266
172	194	0.4415704824083828
172	10	0.4282812897530783
172	150	0.4241732849782861
172	143	0.4141416576904802
172	34	0.4116697239617987
172	41	0.40514579367893694
172	13	0.4020149595417971
172	144	0.4017717998480335
172	104	0.4006894720405674
172	135	0.3992446272298844
172	100	0.3983532103654665
172	139	0.3770789299978015
172	57	0.37317781420911
172	39	0.37168777643894585
172	174	0.35793896802004843
172	132	0.3474493705552348
172	33	0.34356582505886746
172	101	0.3354528963456093
172	134	0.3353641462333236
172	62	0.3352665142342311
172	72	0.33040249046137793
172	43	0.3256638918524536
172	156	0.3212048607429678
172	65	0.3104741003887982
172	159	0.30546861713313594
172	110	0.3032183284815828
172	0	0.3020919128169249
172	49	0.2940830235888526
172	129	0.29192563447498465
172	8	0.2876936760186264
172	151	0.2844158038664305
172	153	0.2840113459112435
172	181	0.28139832663808845
172	26	0.2734417987823956
172	1	0.27334927329440256
172	7	0.2705062863051437
172	106	0.2678813652817349
172	164	0.2647038872664865
172	4	0.261166605191938
172	51	0.2555951863568396
172	53	0.2554923696454358
172	179	0.2532008669095824
172	68	0.24346108722492096
175	166	0.8252953093903852
175	180	0.6885640307856303
175	196	0.6606746971077299
175	169	0.636191817331679
175	183	0.6262424311382547
175	187	0.6248058544572981
175	167	0.6067173819215875
175	146	0.5932329921636809
175	170	0.5893176475432008
175	194	0.5865039044204966
175	35	0.5813702105129852
175	173	0.5536503874043702
175	174	0.4973733108092138
175	43	0.4945759423657945
175	168	0.4847922786555372
175	147	0.4825784011360939
175	32	0.4673934612821648
175	188	0.4664159615045853
175	36	0.4605506877932894
175	42	0.4464438045708277
175	57	0.4398783832465392
175	24	0.4256073537929449
175	114	0.4129147462786018
175	31	0.4074835348972033
175	13	0.3875212870188403
175	148	0.3826836720757079
175	195	0.3772676328661857
175	30	0.3763753071779556
175	178	0.3755681807297063
175	150	0.3738403921940375
175	135	0.3664013061864031
175	104	0.3536855331011876
175	132	0.35330051432956666
175	139	0.3452316505593025
175	65	0.33482264168120196
175	10	0.3280129446496929
175	39	0.3202897972728368
175	160	0.3160026129973957
175	37	0.3069186094906677
175	123	0.30554115047436425
175	156	0.3034907212886453
175	62	0.3017465518068964
175	2	0.30020054691201226
175	72	0.29675731106420883
175	56	0.29179756012212416
175	127	0.2908458232909293
175	143	0.2877487090095285
175	7	0.2845812347725262
175	49	0.2773602057572901
175	134	0.27624291504058823
175	41	0.2754298705347488
175	159	0.27509714773896554
175	138	0.2666092109836629
175	110	0.26420165232567583
175	50	0.25958185670946543
175	8	0.25826638576902833
175	151	0.25810771806362903
175	164	0.2540991020452425
175	1	0.2421153804556757
180	179	0.5457019702645255
180	159	0.52308685797648
180	35	0.6857190085226939
180	36	0.6575073616882386
180	24	0.6544652766413181
180	32	0.6168163808422883
180	146	0.6078850738744649
180	168	0.5880237841645239
180	114	0.5859328817374602
180	167	0.5763233919656392
180	31	0.5651854581641251
180	51	0.5571771021038003
180	42	0.5515386871172137
180	173	0.5472870059157623
180	196	0.5408172650363902
180	132	0.530959204384696
180	143	0.5307724772072774
180	62	0.5294783371565007
180	164	0.527409796253664
180	174	0.5193797448500231
180	156	0.5179616430739611
180	13	0.5156970241304151
180	57	0.5117368506386692
180	123	0.5044446302870546
180	127	0.5031761331564207
180	144	0.4972001884561558
180	43	0.4864352629959056
180	138	0.4829618676211951
180	47	0.4755902446510346
180	166	0.4713542630762909
180	34	0.4705994277881268
180	106	0.4678700667829839
180	147	0.4663611877858014
180	41	0.44835540540283625
180	153	0.4472521346219398
180	72	0.4461555105941708
180	187	0.444391702615145
180	151	0.4435647328890637
180	50	0.4334199237398513
180	2	0.4294319650675629
180	33	0.42509952765875497
180	122	0.4160949735255473
180	39	0.41600401421563504
180	49	0.4159295867698314
180	29	0.4038075563135331
180	129	0.4020149595417971
180	100	0.40183888404535495
180	169	0.3939270921698857
180	188	0.3916521172585749
180	101	0.38247880049368893
180	178	0.3640180981373111
180	26	0.3633846616230244
180	183	0.3616822661873085
180	30	0.3608214641661326
180	40	0.35914156720516344
180	103	0.3586711266545808
180	0	0.3550845906549385
180	197	0.3497509809024518
180	46	0.3429571267157258
180	52	0.3409437285103648
180	131	0.33998891933859104
180	134	0.3371557425020961
180	148	0.3343519744892876
180	139	0.3245996877279369
180	56	0.32068460396437
180	10	0.31269526980309065
180	176	0.3116483133786708
180	152	0.31016684198285777
180	181	0.30843052076399396
180	22	0.3017919985721119
180	155	0.2992539769091173
180	27	0.29582685594484764
180	21	0.2943022517535926
180	194	0.28408489124450137
180	150	0.2698666568393789
180	12	0.2633549692837985
180	104	0.2569966546439833
180	89	0.2528826371568493
180	53	0.2518433299377146
180	125	0.2471452010161983
35	42	0.6860314578478959
35	56	0.5240014936409015
35	32	0.7342973964514931
35	167	0.6460039423926341
35	24	0.6160227466147051
35	146	0.596895217621378
35	166	0.5922145673154937
35	62	0.5917663797292819
35	147	0.5785630271324073
35	30	0.5766839194570168
35	168	0.568876349472505
35	36	0.5680235001941912
35	100	0.5668573211852663
35	41	0.5545235515965421
35	34	0.5538861232446043
35	114	0.5514551849818621
35	196	0.549936305583098
35	37	0.5416233367403123
35	0	0.5269765558644282
35	49	0.520926158523255
35	132	0.5096745416827633
35	178	0.4973281522742471
35	68	0.4972453546270599
35	57	0.4921093877168578
35	2	0.4916014753325463
35	43	0.4747231115360595
35	72	0.4742504455594554
35	181	0.4699763644075785
35	169	0.4687522402970726
35	31	0.4668618429215434
35	156	0.4650455460681983
35	33	0.4634687717085695
35	127	0.4566259080071384
35	123	0.4532634888096148
35	51	0.4380296231342164
35	101	0.4367438019072772
35	138	0.4360718769638171
35	93	0.4302879463847109
35	47	0.42830578669242897
35	144	0.4247225803947658
35	143	0.4191331707341967
35	159	0.4189682914380806
35	164	0.4186466973340698
35	131	0.40556363744322704
35	197	0.4055135051352177
35	40	0.404986968646548
35	194	0.4032299072308014
35	183	0.3997572705913869
35	151	0.3958768520161816
35	148	0.3935215012157616
35	10	0.3909407321488864
35	188	0.39039841071286013
35	153	0.3873003096735812
35	13	0.38319568637483503
35	173	0.3813427890217733
35	65	0.3772075944414217
35	50	0.3771990172647612
35	187	0.37677007595169815
35	22	0.3738489945954896
35	46	0.36022114737145744
35	115	0.3513210331975932
35	150	0.3508826694651073
35	61	0.34719435397571097
35	104	0.3373064092858561
35	135	0.3309279801374112
35	129	0.3272273994966018
35	106	0.3086024361040108
35	39	0.3066921418768174
35	102	0.30582218367419123
35	152	0.3039899792623645
35	174	0.30123745438346977
35	134	0.28365276456476346
35	103	0.2826041490699273
35	52	0.2770186343326814
35	154	0.2628988948281821
35	45	0.26124114699469925
35	28	0.2591714582676208
35	44	0.2568845768617472
35	7	0.2495660636829532
35	1	0.2450408604426501
35	48	0.2449656625705494
39	143	0.8699076815344667
39	24	0.8070116651118325
39	163	0.4653589808029436
39	127	0.7460469015217677
39	129	0.64165383849761
39	136	0.5707806801887674
39	123	0.5573632535878146
39	138	0.5529495898048213
39	41	0.5402934931684722
39	173	0.5266153128564491
39	36	0.5122017197053588
39	134	0.5105105218625748
39	114	0.5063135544063111
39	146	0.5036688665441209
39	31	0.4944626247644357
39	40	0.4727376297384445
39	2	0.4725279428132511
39	57	0.4651787700833388
39	32	0.4608657869544192
39	33	0.4599201411576781
39	151	0.4592970208483307
39	26	0.4580099130075945
39	27	0.4436852124212499
39	174	0.4404750041174591
39	130	0.4383447400055456
39	34	0.4192073574001952
39	62	0.4062151353625552
39	104	0.3818468763771205
39	144	0.3482404740014925
39	49	0.3231137942697353
39	131	0.3129659109069864
39	72	0.31238848183111945
39	132	0.3109348663651635
39	29	0.30375398719143165
39	28	0.2998183493001078
39	13	0.28532546400874703
39	135	0.2847742160761006
39	45	0.2708121116890978
39	101	0.2690598279832947
39	50	0.26546626573458
39	149	0.2645922919000069
39	51	0.25070972937439245
39	42	0.2499223622525373
39	7	0.2459899797476573
39	100	0.2456893196333633
39	196	0.2425483670676568
143	24	0.7876459513816276
143	127	0.7852424895059309
143	129	0.7174304952790118
143	138	0.62063053508773
143	33	0.5815092153626021
143	123	0.5722419024647475
143	136	0.5571081428940919
143	41	0.5500060587528658
143	36	0.5471188693704858
143	146	0.5344543621407492
143	31	0.5208751521477839
143	130	0.5201898490784058
143	2	0.5111239463750538
143	173	0.5096449318046606
143	27	0.5093561722280481
143	34	0.5035345171842884
143	57	0.4996578137300274
143	114	0.4907820463634438
143	62	0.4888742764715538
143	32	0.4867252940503066
143	26	0.4841034995162795
143	40	0.4706928468535513
143	144	0.4554061523530544
143	51	0.4350995590481859
143	134	0.4332656030711903
143	131	0.4295135203837828
143	174	0.4115866677390651
143	72	0.3856415620140057
143	132	0.3751644036713416
143	49	0.372859297066115
143	153	0.3687019537062841
143	101	0.3612215093599242
143	163	0.3576948172422789
143	149	0.34245407159693003
143	151	0.3340410650533645
143	100	0.32520790521274473
143	42	0.3229973617077917
143	179	0.31240652998708474
143	52	0.3109980973544313
143	159	0.3108625990069721
143	13	0.3022554772068101
143	155	0.3012465469160401
143	47	0.2810115386550638
143	106	0.2807628410125537
143	196	0.27591959234516783
143	168	0.27092330737100706
143	164	0.26921751392671783
143	99	0.2466569002961975
143	197	0.24539801006043566
24	127	0.7905513000748317
24	41	0.7605253558871636
24	33	0.7059781911490313
24	36	0.6928051377415284
24	32	0.6915915318656426
24	123	0.6807336590905233
24	31	0.6801537031166021
24	34	0.6786245632152821
24	146	0.6722022645523662
24	129	0.6621373046676559
24	40	0.6472084752731871
24	114	0.646149588594198
24	26	0.6163577137814062
24	62	0.6095342898931179
24	49	0.5907907956564545
24	138	0.5828973968853864
24	42	0.5766772450619566
24	27	0.5674067937220564
24	2	0.5567425308009497
24	134	0.5505010856276485
24	57	0.5479801023237204
24	167	0.5195549817265358
24	168	0.5148744059772181
24	30	0.4936916193268152
24	136	0.4909793957521289
24	144	0.4821717245739289
24	72	0.4614956367801946
24	132	0.4521185871423265
24	44	0.4471961352818582
24	100	0.44498536913046943
24	130	0.4391038096674072
24	151	0.4386355215064763
24	174	0.4372292275559375
24	173	0.4366628728878725
24	51	0.4280117818773923
24	13	0.4229834423126823
24	149	0.4155325462948537
24	22	0.41251650670056267
24	50	0.4054215895678711
24	164	0.405396520262928
24	159	0.4037573387294512
24	153	0.38838776802006464
24	131	0.3877252265880085
24	101	0.3844491261792122
24	29	0.3840826200997028
24	47	0.3773362443259041
24	45	0.3740898357186835
24	196	0.3650672993894069
24	104	0.363844587342565
24	56	0.3620472688136528
24	53	0.3583138185712131
24	52	0.35748550621737285
24	46	0.34169470446293576
24	28	0.33759883077294345
24	135	0.33172917930055473
24	152	0.3246444187540521
24	147	0.31070901893668895
24	178	0.3049789243854889
24	155	0.3039264466040623
24	106	0.3010919664131109
24	68	0.29532490676671885
24	179	0.28758360433727004
24	163	0.28700560342045445
24	5	0.2862070680600013
24	197	0.2749492497809296
24	166	0.2720348661346748
24	0	0.2647410841467029
24	156	0.2625171911961401
24	169	0.2515810704686384
163	173	0.3702734845570704
163	28	0.3542628365748233
163	151	0.34555751051023725
163	136	0.3134709716464075
163	57	0.3133627592623618
163	138	0.3097781576593506
163	129	0.3057949892409404
163	162	0.3001004568477561
163	135	0.2790854522851474
163	194	0.27290508056313273
163	36	0.2690134470189223
163	107	0.2590408573080176
163	58	0.24866564012434314
23	25	0.8677752290732312
23	18	0.7566536060174166
23	128	0.6887059918752568
23	120	0.6385194197555822
23	124	0.6869936920883707
23	22	0.6768782575526663
23	126	0.5824416545274536
23	16	0.4979375650619328
23	17	0.42778304881516427
23	119	0.4182672462133995
23	125	0.4016795520352297
23	69	0.39721682506241146
23	21	0.3880480532851027
23	53	0.3867051494876949
23	118	0.37824495492299226
23	157	0.37276458582805577
23	82	0.3693843613031326
23	11	0.3684167795921525
23	152	0.34663137706507385
23	61	0.3265218086804316
23	44	0.3246980940685465
23	37	0.3059853397935673
23	20	0.3052147225251522
23	83	0.29849811828435474
23	80	0.2969852779213341
23	112	0.29452144895123616
23	87	0.2879688219676808
23	155	0.2873909606150465
23	68	0.28720746878356296
23	3	0.2863539550146052
23	186	0.28258574626801714
23	115	0.2774063586830155
23	79	0.2753189702634814
23	76	0.27107155703329944
23	103	0.26925461440438186
23	78	0.2646480904692517
23	26	0.2582850516420901
23	0	0.2570059941471758
23	81	0.24975359767600014
23	65	0.24749256935804925
23	42	0.24264248181356854
25	18	0.7501202550952288
25	22	0.6595235890212672
25	128	0.5866941158821614
25	124	0.5706727968308305
25	120	0.5321286654100917
25	53	0.5170976908630652
25	157	0.4764178040990021
25	126	0.4598412901850502
25	16	0.44872285920996935
25	125	0.4285670482045571
25	21	0.42027831790495945
25	44	0.4139013676987926
25	82	0.3607431789157245
25	26	0.3547611996567793
25	118	0.34719435397571097
25	69	0.34362756095071234
25	155	0.3312841276435317
25	152	0.3220207350086955
25	80	0.32017312853773017
25	83	0.31302905318728924
25	48	0.3003006303661264
25	87	0.28530709211631833
25	11	0.28329410387368953
25	149	0.2738211003661083
25	27	0.2642388598319209
25	154	0.25942330478012465
25	79	0.25079407048794605
25	198	0.24717336838483545
25	51	0.2438937730185548
18	22	0.7424065624627155
18	16	0.5233628275607176
18	44	0.5923963361035812
18	21	0.5706323354919305
18	120	0.5469647054094391
18	124	0.5153959973019262
18	53	0.5060681100325961
18	125	0.5015762313422629
18	42	0.4873126596381048
18	152	0.4781321060441195
18	128	0.4612673699213899
18	48	0.4566179930431956
18	168	0.4474840945326553
18	34	0.422991653128027
18	26	0.41721887319327133
18	27	0.41169463949523344
18	17	0.40769200294823255
18	126	0.4040084023147164
18	157	0.40033684458003693
18	118	0.39868127212261534
18	33	0.39636584296529664
18	46	0.388693421049572
18	186	0.3867136540460807
18	115	0.3842104848132923
18	51	0.3636536963000392
18	65	0.3611693370879714
18	14	0.353142972138132
18	68	0.3513035016037785
18	37	0.3473702329766402
18	40	0.34250703402116545
18	149	0.34239227935114136
18	106	0.31785569732047364
18	11	0.3137234355465625
18	0	0.3129839518408322
18	69	0.3106909496262944
18	103	0.2912668549370507
18	155	0.2908183607901047
18	82	0.28113126850744674
18	154	0.2762244411414873
18	49	0.2669993134806788
18	156	0.2611293331224159
18	116	0.2601320165700365
18	146	0.25383716199466794
18	29	0.2434516799350281
128	124	0.8157900831961992
128	126	0.7467687878816669
128	120	0.5705446597525449
128	119	0.5086226518538753
128	17	0.4862443946048745
128	118	0.4803044901128984
128	61	0.41338745077602734
128	76	0.38299944203713226
128	22	0.36756949025591695
128	87	0.3406608953026755
128	16	0.3403691589658664
128	81	0.3345740081146055
128	78	0.3305895526602091
128	66	0.32488594119814684
128	94	0.32366000100529085
128	157	0.3169384531454667
128	142	0.3156605178422761
128	121	0.3091542385273726
128	115	0.3058312483743888
128	69	0.3004098047751533
128	20	0.28456285439749823
128	75	0.28381827351215105
128	117	0.2780892721963933
128	83	0.2759103536358911
128	80	0.2748752959215991
128	65	0.2735435709749149
128	82	0.26655347492042786
128	98	0.265856623806267
128	37	0.2596471387313135
128	64	0.2581357192589771
128	68	0.2521242811837266
128	198	0.25019422879643805
128	4	0.24909714681923276
128	185	0.24304712315905
120	124	0.6111406577456352
120	119	0.5577767229887379
120	69	0.5501594887189337
120	20	0.5374977093041582
120	17	0.5331744372605101
120	121	0.5106509902472155
120	19	0.5002878364914878
120	65	0.4919274874326642
120	66	0.4706305686490581
120	61	0.4438618867281899
120	81	0.4396686674443408
120	37	0.4388939168697805
120	117	0.4033136444181799
120	118	0.3845258214235617
120	83	0.379332733858286
120	76	0.3744510028055147
120	48	0.3624729649295668
120	64	0.3526614691423379
120	198	0.33943162329652143
120	78	0.3375456680743797
120	22	0.3337656274041411
120	85	0.33024213077115305
120	186	0.32905666040580606
120	63	0.32507376269736177
120	80	0.31454363678373104
120	79	0.3037721417514442
120	126	0.28847313271932035
120	14	0.28833560928182433
120	87	0.28654672371636863
120	55	0.2818218466780261
120	21	0.2810944294848077
120	42	0.2798598440616391
120	105	0.2777293933049313
120	199	0.27655694008408466
120	98	0.2727384782738815
120	0	0.2694215566630556
120	94	0.268781523484786
120	68	0.26500144024469346
120	3	0.2640156029998669
120	74	0.2628802770468707
120	96	0.2625730553996139
120	93	0.26182805475240783
120	53	0.2568939169408954
120	82	0.2549407996125536
120	185	0.25429553262639115
120	142	0.2542394117432559
120	16	0.2541271648407024
120	115	0.2531259942474366
120	158	0.2531072756080549
120	125	0.2481214257638041
9	108	0.8650577012243122
9	109	0.776779963492105
9	3	0.7789913530768601
9	12	0.7483129230058114
9	103	0.7347762702045701
9	112	0.7292483188031066
9	11	0.6872945568514437
9	106	0.6539733592182849
9	111	0.5693293511427606
9	113	0.5691603610710475
9	5	0.5372416651343862
9	13	0.49578361709583
9	0	0.48987055040638
9	176	0.4866337168834195
9	21	0.4602827622081362
9	153	0.4510757487854727
9	70	0.4469961090191352
9	102	0.4419407143140379
9	1	0.43823971301563536
9	95	0.43819931483276775
9	47	0.4041924769372429
9	122	0.3617778728364235
9	147	0.3534405350127229
9	7	0.33266330712511394
9	197	0.32779874998978226
9	125	0.3179006449938765
9	43	0.31582257315146817
9	10	0.3120996806715132
9	100	0.3097058328676906
9	135	0.30680085066709306
9	14	0.28473745951159296
9	115	0.2832849064031268
9	184	0.2784490730351264
9	139	0.2668600011972909
9	51	0.2582477197031348
9	46	0.2573048328939748
9	192	0.25500624880765826
9	144	0.25112202750414103
9	8	0.2503910730492464
9	114	0.2461402920591013
108	103	0.8302063309193327
108	12	0.769703563524043
108	3	0.7454032553669799
108	112	0.6899236311608276
108	111	0.6707360917903462
108	102	0.6451115623461732
108	109	0.6422593668497835
108	13	0.6342054007079037
108	11	0.6312611390561543
108	113	0.6101749286782446
108	106	0.5647088739125092
108	0	0.553872258887771
108	1	0.5434157431995889
108	5	0.5061424957747238
108	153	0.4739713667789876
108	176	0.4707706880137562
108	47	0.452102675222784
108	70	0.4376092998071723
108	10	0.4305405168942168
108	168	0.4241076765901352
108	114	0.4138019204809713
108	139	0.4032382812534536
108	147	0.4017382561321407
108	14	0.39782304911153255
108	100	0.3970820614916824
108	115	0.3703511427481285
108	21	0.36681679312147103
108	30	0.36625411950574416
108	122	0.3662021668889382
108	144	0.3636710512935961
108	95	0.3627508889552002
108	135	0.35295039337044404
108	46	0.3365529027007987
108	2	0.33300121174078723
108	7	0.3291012457579256
108	150	0.3175500152599743
108	125	0.3162546305497144
108	152	0.31358819254234344
108	110	0.3047521601367138
108	43	0.2936079230866758
108	8	0.2807996874878135
108	116	0.278190762390653
108	197	0.2693937340774397
108	105	0.261362270778695
108	34	0.244871661085733
108	6	0.2439596080023991
109	112	0.7055465576704412
109	106	0.6062432457466386
109	11	0.5894481730993164
109	103	0.5814959782680051
109	12	0.567216909690879
109	3	0.5664092295745864
109	0	0.5451961808855906
109	5	0.4868168605203168
109	113	0.4619598531769308
109	176	0.4510120240325248
109	13	0.4279464351668328
109	111	0.4114371493088282
109	21	0.4068078067062964
109	147	0.3900169286337006
109	153	0.3844150377002439
109	102	0.3672494364551393
109	135	0.3653706146747701
109	7	0.36016022898472155
109	70	0.3394847093856983
109	47	0.3331256813641961
109	149	0.3323608989905446
109	95	0.331204002680367
109	1	0.3289585674670401
109	100	0.3237763778544736
109	197	0.3114225769635883
109	46	0.3111787421526735
109	136	0.30771549890548633
109	10	0.30260980565507145
109	43	0.30135565303353196
109	28	0.2882805965755778
109	125	0.2832481159997876
109	51	0.2739690974016907
109	101	0.2733122616827469
109	155	0.2708491777195673
109	14	0.2693937340774397
109	122	0.2613156856817838
109	114	0.2603557621170786
109	152	0.2491440437656712
109	123	0.24552017753855765
103	3	0.8343851918672979
103	106	0.7197326132164145
103	0	0.6908761238985189
103	113	0.7217268827100749
103	112	0.7214920356257788
103	12	0.7214776518371737
103	11	0.7047119221746755
103	13	0.6668838565811689
103	153	0.5987331031622242
103	102	0.5951995863296654
103	5	0.5856044442146086
103	111	0.575681899950167
103	47	0.5697617465490243
103	176	0.5201971430656721
103	144	0.4804275698688112
103	168	0.4767346828760375
103	100	0.4635394364635856
103	1	0.4547956323550726
103	21	0.4462676359263426
103	30	0.44548246449585377
103	152	0.444391702615145
103	51	0.43991064295922616
103	114	0.4359827901458749
103	34	0.4320301233864443
103	150	0.4219318847442921
103	70	0.4216030398679207
103	125	0.4035397010844585
103	122	0.3956322723040076
103	155	0.3931242115750699
103	46	0.390864484585392
103	147	0.3845513853254343
103	101	0.3825044114988265
103	95	0.3814966024440041
103	149	0.36972973233229983
103	139	0.3690561642776299
103	42	0.3579825612245855
103	14	0.35783433796298897
103	123	0.34443867079115736
103	10	0.3439097443437569
103	197	0.34210976279805577
103	22	0.34075812617576545
103	146	0.32737918783029146
103	43	0.32496643926545643
103	2	0.3235794266800893
103	156	0.31892506395886583
103	36	0.31683050303832994
103	116	0.30839432549290985
103	52	0.3047430888478603
103	31	0.3007554717993393
103	44	0.2916145786090708
103	32	0.28230967928371875
103	115	0.2801455395915097
103	164	0.2723867086186494
103	159	0.2675564509805848
103	63	0.2576689760811081
12	112	0.7733462389685888
12	13	0.7948619089912051
12	113	0.7874180754044551
12	139	0.7094273303088765
12	111	0.6816876531227472
12	176	0.6637683382485621
12	11	0.6602123694092457
12	70	0.6438897097812408
12	102	0.6263335956365257
12	10	0.6219506297166287
12	3	0.6060091796769744
12	106	0.6002257566414684
12	1	0.5637477527851351
12	0	0.5011420207281047
12	150	0.491942647430452
12	114	0.4726133772799461
12	100	0.4710586365791943
12	110	0.4653511463562958
12	2	0.4629660967872625
12	153	0.4608264059106624
12	5	0.4494253916754787
12	7	0.436314797572712
12	8	0.4328024886271556
12	122	0.4063737710771253
12	144	0.4015453588459527
12	135	0.3926844859797571
12	30	0.39081364989600303
12	147	0.38708778948319306
12	104	0.3755252324961615
12	168	0.37446819840566414
12	14	0.3519782900419671
12	47	0.3479680387421917
12	21	0.34081999657282674
12	52	0.3199846431421994
12	95	0.3197692002423585
12	186	0.3183680160649716
12	156	0.3183051097367146
12	184	0.2998001470118142
12	192	0.2988168995725559
12	31	0.2942200448197677
12	197	0.29294985212669955
12	116	0.28788628317254805
12	132	0.28610607547432043
12	125	0.28292616441899754
12	32	0.2677049907877581
12	51	0.25681919496417
12	101	0.2551558381930763
12	146	0.2506722432132228
12	43	0.24909714681923276
12	115	0.24306594162949044
146	123	0.752467893171672
146	114	0.6956801703032212
146	32	0.6517068567491932
146	34	0.6485546527004252
146	42	0.6429520949618639
146	2	0.6332180255851716
146	138	0.6292116162149443
146	31	0.6043487345842089
146	30	0.6024091394620308
146	144	0.6013568741641347
146	168	0.5931941063026043
146	13	0.5762966772958868
146	127	0.5651786524716818
146	134	0.5635294130934707
146	167	0.5259067246069178
146	150	0.5251901638695057
146	33	0.5184809701754943
146	49	0.4950743400669626
146	41	0.4915180547429778
146	169	0.4910628745589152
146	0	0.4818109129319358
146	100	0.4759306515200698
146	101	0.4707706880137562
146	136	0.4677528939205202
146	36	0.4645594917504417
146	153	0.4615507265248535
146	166	0.4463317012547533
146	135	0.4389019905556427
146	46	0.4324448404596196
146	26	0.4302472028940134
146	10	0.4288772031875637
146	147	0.4185477241692329
146	51	0.41458065923500015
146	178	0.4102069362783313
146	106	0.4035983003287397
146	53	0.39932027884685145
146	104	0.3885236243671789
146	47	0.3838097928036841
146	72	0.3800944114527013
146	152	0.3768215574464273
146	196	0.3722133846029298
146	22	0.3722047699989022
146	151	0.36608959505396027
146	154	0.35645587150831143
146	40	0.3510141947444701
146	44	0.3495403214033628
146	148	0.33956433446453704
146	129	0.339192709139933
146	132	0.3362159014032892
146	139	0.3333301419695384
146	102	0.3325387944096408
146	1	0.3280754117408598
146	110	0.325610254222675
146	62	0.32218206013226736
146	7	0.319410055260681
146	173	0.31730722071232464
146	57	0.3026824780800471
146	27	0.29696704181812555
146	156	0.2935530944576044
146	187	0.2920171097466757
146	43	0.2874368302776698
146	164	0.2803114045515756
146	48	0.26594026062785703
146	159	0.25891957650608016
146	174	0.2508128124406203
146	52	0.2428401079121053
168	42	0.5835374584930674
168	34	0.5383220665563421
168	33	0.5321931778378258
168	13	0.5295790810646696
168	32	0.5231377027243924
168	153	0.5213559215902884
168	114	0.4972679367019073
168	167	0.4918895861331059
168	144	0.4814576198631225
168	30	0.4679013101022792
168	159	0.466048126505635
168	44	0.4614956367801946
168	2	0.4463957620082255
168	36	0.4462996691623947
168	31	0.4406603611430812
168	0	0.4390069420223576
168	47	0.4332818485487599
168	138	0.4253862366261559
168	49	0.4247143842526581
168	100	0.42255638421523706
168	123	0.42102729443299935
168	125	0.4201301007895313
168	152	0.4109718392433799
168	106	0.4094414557614399
168	22	0.4052293759809428
168	68	0.3984373384858946
168	156	0.3921853490479715
168	41	0.3842957197685278
168	127	0.3789045993527359
168	51	0.3637404687431546
168	62	0.362012511439313
168	101	0.3580348710101147
168	65	0.35365928562638466
168	10	0.34900473611865
168	169	0.34592730462164833
168	122	0.33902455812704024
168	5	0.3329211894253576
168	150	0.3271738231110253
168	197	0.3236689534183527
168	40	0.3183230832594332
168	26	0.3174870725218078
168	11	0.31690247068864025
168	102	0.3155614749755217
168	82	0.3127945107726571
168	166	0.31051024417323003
168	164	0.3083852765356036
168	147	0.30337269049287563
168	53	0.29714027605097193
168	57	0.2952792669328558
168	46	0.29527013880435743
168	139	0.29012248436253546
168	116	0.2893621634270097
168	176	0.28485691528445034
168	27	0.2723589342272674
168	21	0.2710066993879633
168	115	0.26375510093603977
168	72	0.26051423163072784
168	179	0.2559503268645781
168	112	0.2545948150724628
168	3	0.2523209217723198
168	155	0.25133751073172633
168	178	0.2497629738839869
168	29	0.2460369536163564
168	149	0.2445238155741774
168	52	0.2439596080023991
114	13	0.8006426562877141
114	2	0.7584390566074525
114	134	0.6903007276507434
114	144	0.6807712194186379
114	30	0.6749610040081588
114	32	0.6726843460800528
114	123	0.6480155071850132
114	36	0.6348625038913296
114	31	0.6184245957239541
114	104	0.6047104246364842
114	100	0.5919612888867753
114	10	0.5766638960408963
114	138	0.5590773432194172
114	127	0.5482039727579715
114	150	0.544134138072268
114	139	0.5314257967971172
114	135	0.5109318452496612
114	47	0.5101629303537597
114	110	0.5092228598746967
114	102	0.4891786177182012
114	101	0.4815113919500252
114	153	0.4711208825342143
114	34	0.4641986898132994
114	0	0.4597703181091058
114	167	0.4337934369430611
114	7	0.428526230815682
114	41	0.4184817365356483
114	49	0.41251650670056267
114	42	0.4091584147541175
114	50	0.4045019831594744
114	46	0.3985382833814602
114	132	0.39710733096574624
114	56	0.38649251415349023
114	1	0.38436390301616136
114	151	0.3809154187314678
114	106	0.3778678426535776
114	57	0.3762122106073211
114	62	0.36452113655220575
114	147	0.36189085270241145
114	51	0.3236331434184046
114	33	0.30971487366266137
114	122	0.29485931725027736
114	5	0.2919073387796887
114	174	0.2915230798473842
114	72	0.2755500042228135
114	113	0.2699315576523802
114	52	0.2660610623019038
114	152	0.26445278772643377
114	136	0.2640807224995772
114	44	0.2595538779738006
114	176	0.2572394661211307
114	164	0.2553147635326217
114	40	0.254145873133296
114	131	0.25309791621729555
114	166	0.2503910730492464
114	173	0.2489564489714561
114	112	0.24766153636603044
114	14	0.24272718118003184
98	199	0.8516969565144178
98	96	0.8301752525944839
98	78	0.6736577220245232
98	87	0.6489600324003125
98	81	0.6364953014230739
98	198	0.6150289423720754
98	88	0.603166748841489
98	55	0.5926948253707583
98	83	0.5834912927249635
98	185	0.5766839194570168
98	75	0.5613690799267291
98	97	0.5271715479570831
98	77	0.5055099769962419
98	80	0.5041165218121141
98	76	0.4966052492364949
98	193	0.485121149950553
98	90	0.4737464840431708
98	121	0.4065908118334473
98	73	0.4024592083503487
98	190	0.4006810775274618
98	85	0.3820860248314457
98	58	0.3724717928991664
98	64	0.3672234823336553
98	60	0.3529153758352917
98	177	0.3509615862944492
98	20	0.3369607363196367
98	182	0.3241612468563833
98	74	0.3143183534979287
98	119	0.3079508609744488
98	69	0.30402628242461355
98	6	0.27468115156764555
98	70	0.2711549418177696
98	117	0.26324328845571204
98	61	0.25498754927602946
98	71	0.2509814815519721
98	91	0.2488626445677961
98	158	0.2481777310709879
98	105	0.2459899797476573
98	184	0.2449750624657641
199	96	0.8403313227409727
199	198	0.7683552073644024
199	78	0.6956853305583285
199	87	0.6116103227063959
199	193	0.6014334730253642
199	83	0.5963735554792423
199	185	0.5952254152128154
199	88	0.5785630271324073
199	55	0.5449712580928215
199	75	0.5419483120649548
199	81	0.5368147047211211
199	190	0.5011120658606525
199	97	0.4951875668674319
199	76	0.4873126596381048
199	73	0.4522617814684019
199	142	0.4395153832633326
199	195	0.4376092998071723
199	121	0.4331437530155092
199	77	0.4152677646308136
199	182	0.41467174859707373
199	90	0.3966776680441035
199	80	0.3844065154166952
199	58	0.3753018756854664
199	85	0.35521567091229034
199	177	0.3204244029717669
199	119	0.3172712476106555
199	70	0.31630862850554264
199	117	0.294347920390766
199	71	0.29080005218999705
199	20	0.2880330158505976
199	74	0.2859591658203226
199	186	0.2835883954091335
199	69	0.2629454384248852
199	191	0.2573235086823243
199	124	0.2532850950288477
96	78	0.7203297413495391
96	83	0.6591448525357542
96	198	0.7480884231849318
96	55	0.5837484539773108
96	75	0.5765437409949795
96	87	0.5685042242442889
96	193	0.5506056192781897
96	81	0.5209990183212913
96	88	0.5079180737715618
96	97	0.4685649541099398
96	190	0.4519355826952928
96	185	0.4305975396160139
96	58	0.4287955932533131
96	77	0.4207639834408808
96	90	0.4114122274170568
96	95	0.3981512755306602
96	121	0.3961382372007336
96	73	0.3935637574256941
96	70	0.38698576517941136
96	69	0.3623513528900532
96	80	0.3597946541707314
96	76	0.3441654194025838
96	85	0.3439450129020798
96	71	0.3326899869125671
96	177	0.33091907524122305
96	79	0.3185836736163221
96	20	0.314570668397661
96	119	0.2741725721397412
96	54	0.2715069660277064
96	195	0.2680670032482964
96	182	0.24549198573564385
198	97	0.5979498786622
198	190	0.6576095327275359
198	193	0.5779772960223244
198	83	0.566755511612692
198	55	0.5390247990724351
198	195	0.5340827924708937
198	142	0.5278355486771444
198	78	0.5273592656647467
198	87	0.5208897257774785
198	182	0.4817264440486334
198	81	0.4437414307153919
198	185	0.4433799664670924
198	158	0.4291790990750664
198	76	0.4168884467020863
198	70	0.4120766005936306
198	124	0.38775071636597
198	69	0.3824702633613648
198	188	0.3698074267400088
198	191	0.34927694732419184
198	121	0.3467457519799545
198	176	0.3419684813202261
198	8	0.3392281065918944
198	75	0.3335878954411541
198	148	0.3225942504263072
198	95	0.3177837780713771
198	20	0.31634462600413205
198	177	0.31630862850554264
198	186	0.3069457832694698
198	119	0.2997910457858105
198	61	0.2920811392582643
198	79	0.29165117661965245
198	92	0.2808365331353643
198	6	0.2808088989773024
198	38	0.27984141038911103
198	80	0.2719607847600869
198	139	0.2698481132995452
198	181	0.2689948942837997
198	88	0.268837187976582
198	74	0.2676957074225273
198	85	0.26180942573346344
198	17	0.2514218234753257
198	196	0.2484967627953531
11	112	0.8478624820821072
11	95	0.6867084448758608
11	3	0.713147634035647
11	106	0.6739088894002564
11	176	0.6487400148204968
11	70	0.6406349835145626
11	0	0.6114475542954239
11	5	0.5849667267560766
11	113	0.5804757973606286
11	197	0.5769441608200345
11	21	0.4941376878102496
11	125	0.4776845759670551
11	153	0.4749090034653331
11	156	0.4696802450951607
11	13	0.4685727585422086
11	52	0.4581995466196764
11	152	0.43367165553166814
11	111	0.4037657084957716
11	51	0.4027776097429988
11	155	0.4001604863697816
11	147	0.3906950263496722
11	192	0.3838865322565405
11	47	0.3771046640510972
11	79	0.35409667080211665
11	122	0.35035642992789445
11	44	0.34663137706507385
11	43	0.3456983971206356
11	116	0.3357013649804628
11	149	0.33364121752079506
11	115	0.3137955599447185
11	89	0.30069180222878245
11	101	0.28186787485173725
11	131	0.2792606441422359
11	164	0.2791223363257887
11	38	0.2786888968568237
11	1	0.27635375414806085
11	34	0.27158106713542285
11	82	0.2669714519165185
11	102	0.2648061767913933
11	100	0.26276856624822625
11	91	0.25918078654499643
112	176	0.7559816720949896
112	70	0.7178330490710363
112	3	0.6808838789257887
112	113	0.6600600299579569
112	106	0.5911617214611264
112	13	0.5875721836652398
112	0	0.5714747076193407
112	5	0.5286790532424269
112	95	0.4998753813982682
112	52	0.4552159063065586
112	197	0.4408295673561595
112	111	0.43218464719515853
112	147	0.4316314975448271
112	153	0.4238616054857268
112	21	0.4085087878361363
112	192	0.39451830405949295
112	139	0.39137270031113336
112	125	0.3908729568018237
112	156	0.3830933023394387
112	100	0.3713516069286817
112	122	0.36860690337606417
112	102	0.3672494364551393
112	43	0.3612388996147107
112	152	0.32844123278836296
112	51	0.32138421470619044
112	155	0.3178017582265066
112	149	0.3007918532074909
112	1	0.2944392536322628
112	89	0.2835332198130508
112	36	0.2819875420312662
112	144	0.2728402927283833
112	32	0.2710900873370556
112	31	0.2691989633882338
112	28	0.26776997295258204
112	47	0.2632339814015013
112	131	0.26015998629177217
112	10	0.2580143776141635
112	179	0.2562306521604165
112	132	0.2505691523941047
112	116	0.24336701226497465
95	197	0.6883799285735637
95	70	0.5194892730182908
95	79	0.5071162534748042
95	5	0.4719218800307694
95	193	0.4654373212589376
95	83	0.4640810036832635
95	3	0.4256646721718205
95	99	0.40913343676577735
95	176	0.4052126600624126
95	106	0.4000428977610251
95	0	0.39743577933108537
95	87	0.3967113733823864
95	54	0.3799404058348543
95	21	0.3643650439306796
95	91	0.34706242869405834
95	190	0.34486165458751394
95	101	0.3324231650781036
95	116	0.3316846807749388
95	184	0.30128291649849115
95	28	0.2867945351010553
95	55	0.2841768182101454
95	125	0.2820059515879612
95	88	0.280108678439404
95	58	0.27899323858087216
95	133	0.2785597652695841
95	111	0.2691525861681319
95	113	0.262461325232801
95	147	0.2583037173223083
95	78	0.25564191931460023
95	52	0.2498004782475539
95	69	0.24935037644689986
95	64	0.24691045670470266
95	191	0.2432541162688163
176	70	0.7892727710934515
176	139	0.5790484653421131
176	156	0.5717238190981004
176	13	0.5619167256696704
176	0	0.5502361897759318
176	197	0.5247555217847494
176	52	0.4987268132161299
176	106	0.4870609854720385
176	113	0.4783249304135143
176	147	0.4686742095059003
176	179	0.4676982076239165
176	153	0.4570690306065887
176	3	0.4563963447082149
176	38	0.4402654248600368
176	192	0.4135200997317157
176	101	0.4058810853963892
176	32	0.3769588300511066
176	89	0.3768043972068257
176	5	0.3732036360695872
176	43	0.3716102075066111
176	36	0.366366675675562
176	132	0.3635842738013941
176	51	0.3604038840976354
176	31	0.3599339338007052
176	144	0.3595857046581638
176	131	0.3488642169620861
176	122	0.3461649726785657
176	148	0.3286731658299966
176	100	0.3107632255204086
176	21	0.3074076609119416
176	181	0.2994724685064002
176	142	0.28767533126609984
176	1	0.28530709211631833
176	191	0.2847558378985133
176	2	0.2810207489543329
176	125	0.27162737869271586
176	150	0.2602718608123863
176	190	0.2588169479116941
176	164	0.2568285353791927
176	188	0.25300431970421866
104	110	0.8469038830724209
104	135	0.7414400313335879
104	10	0.7375475451650624
104	7	0.6457591508490875
104	2	0.6248302385536416
104	134	0.5629285728398418
104	107	0.5432465933031342
104	30	0.5051451014108552
104	139	0.5017483483787258
104	102	0.4956629357469632
104	150	0.4613539610929347
104	100	0.4445441677827848
104	13	0.4212823093060577
104	160	0.3811034817261229
104	32	0.3643303539005143
104	127	0.3447030520649047
104	4	0.3269505655322998
104	8	0.31669555386108805
104	20	0.3043892654705381
104	31	0.30413518661327393
104	151	0.30356335099566234
104	56	0.30059174463126315
104	1	0.2946584314659816
104	138	0.2935348178186888
104	14	0.2744407513354821
104	123	0.2720904250496668
104	166	0.2673336174250007
104	47	0.26290820364542
104	144	0.26096159917533274
104	17	0.2558942566377631
104	148	0.2556232262748465
110	10	0.8367094833104105
110	107	0.6542251070540231
110	102	0.674078066562463
110	7	0.6144254953400248
110	135	0.5812576579148501
110	2	0.5683146892536737
110	1	0.522847111154533
110	8	0.4819107282511427
110	139	0.4676903950035113
110	150	0.4578044295436317
110	13	0.4499200242125751
110	111	0.4391280249837389
110	4	0.4145475337706112
110	134	0.3958515532701923
110	30	0.3805648535895405
110	100	0.373892005637934
110	160	0.3585491308262778
110	113	0.3534142823407218
110	20	0.3011192464755213
110	84	0.2988806478312549
110	56	0.28884896937975824
110	17	0.2664698674828761
110	14	0.2651316038078822
110	138	0.2441288876347796
135	7	0.7407819300522375
135	10	0.5903935631463069
135	30	0.5786694596508134
135	107	0.4949006929758385
135	150	0.4938957846252374
135	134	0.4782169544470239
135	148	0.4778697909166729
135	147	0.4526832738166919
135	2	0.4398703181409834
135	4	0.4326561944707192
135	186	0.4268185004117316
135	17	0.4231148070223505
135	100	0.4057557886873167
135	13	0.4052711645918515
135	20	0.4036820077912389
135	102	0.3935045982661688
135	46	0.39053401649420394
135	160	0.38415081644738974
135	151	0.3750784752808789
135	8	0.3653706146747701
135	31	0.3610649857606587
135	19	0.35891508155473645
135	139	0.3488993482221509
135	166	0.3414473722819086
135	115	0.32437601082055145
135	37	0.3226838408308328
135	123	0.317334199939326
135	132	0.31566952139822985
135	14	0.31511119348954464
135	1	0.3023281667791092
135	63	0.29750491575440696
135	194	0.2883906200846491
135	65	0.2849120457343957
135	111	0.2788733530729381
135	47	0.2745609557418574
135	32	0.27172925969058725
135	40	0.27068237425909725
135	116	0.2672221899224981
135	106	0.26449929034766084
135	42	0.2639504810931532
135	118	0.2636899694063609
135	68	0.25953522524128675
135	28	0.2482903366545597
135	127	0.24298125707184345
10	102	0.7401314479454528
10	7	0.7181528099025943
10	2	0.6748684406887014
10	1	0.6447202264413423
10	13	0.631381425742952
10	100	0.6060851045001707
10	107	0.6036881665290721
10	8	0.5718517002613357
10	150	0.536558396409562
10	139	0.5317342885313778
10	111	0.514300950402654
10	30	0.5081851518475836
10	4	0.5074133264409331
10	113	0.4324692298869988
10	0	0.4289588061219864
10	160	0.3579651241300271
10	144	0.3474229919122383
10	148	0.32878911748852585
10	106	0.3275041773022542
10	123	0.3214828495593464
10	32	0.3195806605761015
10	134	0.3118108218199073
10	116	0.2969123322088097
10	151	0.2968302641399709
10	47	0.28288936589114705
10	101	0.2827329628579122
10	56	0.2825489400401598
10	17	0.276889372825755
10	31	0.2760674047589815
10	147	0.2692453393598825
10	153	0.2689948942837997
10	132	0.2673707583373001
10	138	0.2606820075817929
10	194	0.25873297471501644
10	188	0.2520119057827375
10	34	0.24263307054447295
107	4	0.7668764544143656
107	160	0.477198184665276
107	7	0.4702568009460708
107	8	0.460227590646093
107	194	0.39967324782033453
107	102	0.3789816755415337
107	186	0.33687208758660003
107	85	0.3242954782513896
107	2	0.3186106284919797
107	84	0.3087924243413935
107	1	0.30312751986387443
107	65	0.2902140645996883
107	111	0.28733591527979524
107	17	0.25564191931460023
107	75	0.2500067388475818
78	81	0.6739470968744241
78	77	0.6814038405793255
78	75	0.7018311092490448
78	88	0.6684965462243975
78	90	0.65714957256504
78	80	0.6160289517362364
78	69	0.5542742005226777
78	76	0.5510096536061838
78	73	0.5319064086378904
78	185	0.5223819117770829
78	119	0.5148156112079043
78	87	0.5052717113695561
78	83	0.4694385957736647
78	20	0.4582311481674861
78	121	0.4530330383833769
78	79	0.44918595435470304
78	92	0.4346860162479769
78	85	0.4176812850164845
78	94	0.4066325451805792
78	55	0.4064989924969081
78	193	0.3967029471480965
78	64	0.3798291664536755
78	86	0.3792299963809337
78	74	0.3762894697847196
78	84	0.3663060698392571
78	142	0.3525739030656934
78	61	0.3502774749050109
78	58	0.3450026180785179
78	19	0.3404222068125892
78	91	0.325216847581847
78	117	0.3149400493072189
78	97	0.3138316207859325
78	71	0.31216286085636663
78	182	0.31169345644163365
78	60	0.3030185422554999
78	82	0.2592274272065337
78	66	0.2470043579085077
83	190	0.7248834652085163
83	87	0.6869408844939952
83	55	0.6509698863208965
83	193	0.5667622994561218
83	191	0.5226581614393464
83	121	0.4702490123240329
83	158	0.4519594549984962
83	75	0.4475640667522731
83	54	0.4403057322904885
83	185	0.4174335912835602
83	81	0.3779449894601665
83	195	0.3702389681440029
83	88	0.3679326890855511
83	76	0.36497195571567626
83	119	0.3617257246982799
83	79	0.33886523718347505
83	58	0.3281735685158165
83	124	0.31772084572863085
83	69	0.3107270880225131
83	181	0.30184653287994123
83	182	0.2913126124515909
83	197	0.2902781676031017
83	73	0.28396537838074715
83	89	0.27261814422407404
83	148	0.2503723268691606
102	1	0.8159238341600454
102	111	0.7730647317064894
102	113	0.6292418199017946
102	0	0.582553972897401
102	100	0.5467614325848493
102	13	0.5423790077650019
102	7	0.5225636673214064
102	2	0.4689004786468189
102	139	0.4588945130134106
102	30	0.435845093710406
102	150	0.4335742189940576
102	8	0.43340368065565776
102	105	0.4100488952114287
102	106	0.4048532022910723
102	3	0.4038075563135331
102	14	0.3801628516305276
102	116	0.3451259483679065
102	144	0.3371646057322658
102	20	0.3332501393782187
102	56	0.3306875272572262
102	115	0.330429215222301
102	47	0.3164616115825521
102	65	0.3139488122668745
102	101	0.3015920225483706
102	151	0.2980881587515386
102	147	0.29386376447571355
102	17	0.2852152295094004
102	160	0.27127537932133056
102	37	0.2636527503098073
102	153	0.2616138092581839
102	169	0.2604210159691261
102	6	0.2560437734155169
102	34	0.25379038306623586
102	5	0.2500067388475818
102	186	0.24684472310284214
3	5	0.6056737129382478
3	106	0.6179055833749248
3	0	0.5483928023529048
3	113	0.5452945599333333
3	153	0.5249656329806096
3	47	0.5014639597035645
3	70	0.431948784875398
3	111	0.4311268721307052
3	21	0.4277993887086265
3	13	0.401998191727535
3	122	0.38847268021606096
3	51	0.37316920679379945
3	125	0.3696088640871836
3	1	0.35833125067043603
3	43	0.3560193241339194
3	100	0.34036031744741657
3	155	0.3255387341228258
3	147	0.31496707343484165
3	156	0.3148049210098341
3	30	0.3083490801482769
3	52	0.2834412563145605
3	152	0.2751710918362074
3	197	0.2748105836265396
3	150	0.2725348310388877
3	144	0.26376440524396616
3	164	0.2517777685364359
5	106	0.5278788306843589
5	153	0.5107766493836984
5	47	0.4818185914773814
5	197	0.4496408300685784
5	0	0.43958799475139737
5	149	0.3959527446486278
5	125	0.3942565219063386
5	113	0.37759350040418893
5	144	0.373892005637934
5	13	0.3530817003207061
5	52	0.3484337794745789
5	36	0.3466841667684025
5	31	0.34314241325442024
5	62	0.3426570824013533
5	28	0.3346450510315723
5	155	0.32272863386503936
5	41	0.31815232555503914
5	164	0.31562450305005835
5	34	0.313038073287172
5	44	0.3127042919915608
5	116	0.3031366009734138
5	111	0.298607422233393
5	152	0.2916694753047368
5	147	0.2891788989158147
5	49	0.2820335655336321
5	40	0.2786796735061319
5	51	0.2725163164426553
5	192	0.2658380373023311
5	100	0.26235889973031024
5	70	0.2565202763602505
5	101	0.2558942566377631
5	184	0.2508221833464477
5	156	0.2479524997846268
5	42	0.24766153636603044
5	131	0.2463657383264243
5	50	0.24571750852833016
106	153	0.6041201703278536
106	0	0.6512751872089824
106	197	0.6246595242827832
106	21	0.549873521170417
106	147	0.5419059331653523
106	47	0.5247482754303003
106	101	0.5183785978975329
106	13	0.5175517634153897
106	100	0.4844938814388491
106	43	0.4742659471427185
106	51	0.4518560036761898
106	144	0.4456427592867783
106	113	0.4438458268531145
106	34	0.4395476557450603
106	155	0.4360799753416832
106	1	0.4028865141656528
106	31	0.3984962241815512
106	36	0.3934707915688175
106	156	0.3866030896568542
106	22	0.3824190391960645
106	46	0.3700145865419261
106	152	0.365613211057806
106	148	0.3636970833105691
106	125	0.3581307664464233
106	111	0.3577122582058601
106	179	0.347827403994526
106	123	0.3474493705552348
106	131	0.3414562063886641
106	159	0.3356836187694456
106	42	0.3319071586403137
106	40	0.3257532832439551
106	164	0.3191316547660391
106	70	0.3184219335433516
106	149	0.31604761940368004
106	7	0.3125418839672527
106	2	0.31046506430241383
106	16	0.31037470035284537
106	136	0.305250995841213
106	122	0.3051512420908737
106	30	0.2995361893073548
106	32	0.29269386062788244
106	44	0.2910105882306082
106	150	0.28119573480338783
106	62	0.2741540754503043
106	132	0.2739783467856866
106	49	0.2731642071443727
106	181	0.2666742341370561
106	53	0.2591248161554835
106	79	0.2576503038509102
106	154	0.2539026504995851
106	52	0.2529387993269452
106	99	0.2462905925316784
0	100	0.6384661103266531
0	101	0.6183010702434811
0	34	0.572174644695694
0	13	0.5643000731168685
0	153	0.5627987677877616
0	197	0.5580384438514253
0	42	0.5497967762265463
0	147	0.5289887971458624
0	30	0.5123861084400433
0	47	0.49950022536236205
0	1	0.495625218899546
0	2	0.4892318651943852
0	32	0.4715253668653299
0	144	0.4642300700136716
0	51	0.4633195711993536
0	123	0.4432594463217633
0	113	0.4401041773927152
0	21	0.4211342442609078
0	156	0.4195452480348192
0	22	0.4078420736352722
0	152	0.4049033667055345
0	43	0.4044936193441867
0	150	0.39684618403808536
0	154	0.3942142929841757
0	46	0.39381725975794224
0	49	0.39340317498165495
0	125	0.3832554060474512
0	36	0.378039272874396
0	37	0.3775249044803492
0	33	0.3518819140697409
0	131	0.3507072808888297
0	79	0.3489608255677287
0	56	0.3442271264273495
0	181	0.34064321617913795
0	155	0.33700505844596795
0	111	0.33498245293171075
0	31	0.3315333747484632
0	48	0.32250465424132524
0	70	0.3184219335433516
0	72	0.30912710556602857
0	99	0.2946766948865251
0	14	0.29338859698287506
0	68	0.2860509859298847
0	44	0.2809654863822841
0	122	0.2689948942837997
0	115	0.2678349526814134
0	52	0.2675100296823307
0	132	0.2666742341370561
0	138	0.2654569704332869
0	41	0.2637271877177786
0	62	0.2558849114325554
0	65	0.2552773705759018
0	53	0.25161853837016906
0	167	0.24890016688962555
166	183	0.7669999961393867
166	196	0.7437768726021491
166	194	0.6702902580609763
166	169	0.6657885451544404
166	170	0.6877216961815129
166	187	0.6631301263765469
166	188	0.6019629791350777
166	167	0.5424637012537112
166	195	0.5072945117212554
166	182	0.4836822833160562
166	148	0.4741884362857629
166	173	0.4672684049947772
166	147	0.4405233617456263
166	178	0.4399993513151391
166	42	0.4398057947423093
166	37	0.4283629437694022
166	43	0.39540450970139823
166	32	0.3895250430781951
166	174	0.3726268101618008
166	65	0.3670331346376095
166	142	0.35037397481239296
166	160	0.3480119838897805
166	30	0.3264503361329199
166	181	0.3249485512129315
166	93	0.32173388861313884
166	74	0.3188891320283581
166	61	0.3180354794402585
166	17	0.31562450305005835
166	57	0.2996818268177265
166	36	0.2799427930342387
166	150	0.27601197663365235
166	158	0.2759380696107717
166	132	0.27430204328535024
166	191	0.2727569904473487
166	8	0.2720811653564664
166	49	0.25522127970900105
183	187	0.7616361501915299
183	170	0.7279111822401786
183	182	0.6547224547233544
183	196	0.6382291054010624
183	194	0.6153707833744704
183	188	0.6014972969643188
183	195	0.5594553148462141
183	169	0.5496083629157767
183	60	0.5310669081544338
183	142	0.4989221184937971
183	43	0.4965525105774102
183	74	0.4943870703575332
183	173	0.4746843787183549
183	160	0.4684791005279926
183	174	0.4648574292422962
183	37	0.4475080869501156
183	61	0.4432514110755142
183	65	0.42161126234202206
183	185	0.4153505164624868
183	147	0.4124086229985544
183	66	0.3844917353035938
183	81	0.35135609564611275
183	167	0.34671935868390497
183	193	0.3435570054033279
183	178	0.3399977633838692
183	93	0.33878556942240035
183	92	0.33494694098564537
183	132	0.3094074552254151
183	181	0.30647470029273555
183	191	0.3041170364671091
183	80	0.2933246210499117
183	57	0.26238683454466544
183	62	0.25918078654499643
183	148	0.2441476955646704
196	194	0.6510102211573544
196	195	0.5959610213872479
196	188	0.5641432927229394
196	167	0.5518725851326616
196	187	0.5181226021918083
196	181	0.5069156610758141
196	142	0.50095478310508
196	169	0.5004977264670746
196	43	0.488280468645421
196	182	0.4847234277714792
196	32	0.4830692050597287
196	49	0.4813807963086223
196	42	0.4723104331845967
196	147	0.4557785970683386
196	93	0.4514898475651977
196	159	0.4472441349308804
196	148	0.4355048150379213
196	170	0.4320789231197576
196	36	0.4257711115275418
196	62	0.4230655473402549
196	178	0.42122473112307424
196	37	0.4182754967039977
196	173	0.4163264687412207
196	41	0.38100090581922497
196	72	0.3792642432458117
196	53	0.3676819209299708
196	164	0.3469656747569215
196	174	0.3451083304847059
196	92	0.3395820282656261
196	56	0.3394404711282199
196	131	0.32693270334894725
196	156	0.324340219148028
196	61	0.31883523241385425
196	38	0.3166685624868697
196	158	0.31302905318728924
196	190	0.3120274713656012
196	40	0.3058312483743888
196	57	0.29370843722260337
196	50	0.29370843722260337
196	193	0.29235552178987106
196	60	0.29162372819176435
196	31	0.29068104109871745
196	197	0.2820151562884358
196	33	0.2812601985615081
196	99	0.2787903503211441
196	45	0.2784490730351264
196	34	0.27500471304049084
196	79	0.2713124353059587
196	22	0.2696255752124823
196	132	0.2633270497384198
196	74	0.2568098545011712
196	191	0.2559503268645781
196	68	0.24551078031706175
194	187	0.5845521512528031
194	195	0.5796596662127429
194	188	0.5576251496634831
194	170	0.553483932190001
194	169	0.5519351713224084
194	182	0.4887753399318977
194	74	0.4786333534908642
194	185	0.4442472381782853
194	173	0.4012769207383585
194	148	0.3886849318423311
194	57	0.3797521481386533
194	7	0.3747432929736232
194	160	0.3674656985579557
194	193	0.3564209534419935
194	158	0.3441566038706033
194	147	0.3342631506440254
194	167	0.33149777085146986
194	4	0.3302243118507629
194	56	0.3298857076537649
194	117	0.3163266273687071
194	93	0.3121809118306334
194	142	0.3068280266140977
194	42	0.30436204480672385
194	61	0.29411042880231913
194	43	0.2926115687329792
194	190	0.28999426310322185
194	178	0.28468232309494584
194	60	0.28150882070422845
194	81	0.2764461144555981
169	170	0.6119482147971818
169	188	0.5395495843279956
169	187	0.5122828565674195
169	158	0.42303270616280747
169	159	0.40719995018166827
169	74	0.39120332157345866
169	43	0.3502687018173753
169	1	0.3356215051544442
169	65	0.3161376279489083
169	127	0.3147598754077574
169	56	0.31158511072697026
169	42	0.3113683949925305
169	182	0.3113232418034744
169	32	0.31002222736252466
169	178	0.29829770737454275
169	7	0.2971949775350464
169	147	0.2940830235888526
169	167	0.2903422680014896
169	57	0.2891514074103915
169	138	0.2858489747569762
169	62	0.2785136444043931
169	123	0.2733955366708005
169	151	0.25476314002323097
1	8	0.64481371052991
1	111	0.7192213192698862
1	6	0.5646543831398937
1	13	0.4997403468210907
1	7	0.4920260220858857
1	113	0.4194298838096221
1	139	0.4023754023192158
1	105	0.4023251154630879
1	100	0.3939608844952414
1	4	0.3494086412656656
1	160	0.3342009704189794
1	150	0.3259052352434222
1	2	0.3188981150969265
1	147	0.3099318359386368
1	17	0.2783291480999293
1	14	0.2765846453419807
1	47	0.269959371535762
1	188	0.2676121548990137
1	115	0.25793970178645226
1	65	0.2559877060590766
1	37	0.25025047212293783
1	186	0.2441006753955787
1	151	0.2428871587748737
8	6	0.5497967762265463
8	111	0.5422660659628941
8	4	0.5149993287805223
8	139	0.4514181905310939
8	7	0.4488825744333899
8	186	0.4302472028940134
8	160	0.4223345684660359
8	170	0.35022483545733496
8	17	0.3461561709499805
8	148	0.3438656572813078
8	188	0.3407492873066521
8	105	0.32294362030409657
8	13	0.2983159276353946
8	113	0.282843366560216
8	150	0.2619211969203486
8	182	0.2551464892142398
8	173	0.2464408811590928
111	113	0.7378802632089291
111	105	0.6668894092033574
111	6	0.5372701193786286
111	13	0.4590208102713421
111	14	0.4329081313434036
111	116	0.380855573894794
111	7	0.3725234676300712
111	139	0.3631936970102175
111	186	0.35908930503897285
111	17	0.2850039256289401
111	184	0.2719885656533657
111	150	0.2692360642654377
111	70	0.2688000785148912
111	160	0.2686609109270276
111	115	0.2558849114325554
111	122	0.25044731046293034
111	153	0.2485155276892679
124	126	0.6495847532515028
124	17	0.4894676316065002
124	119	0.4881205199881856
124	22	0.444046554796364
124	157	0.4258038597282183
124	142	0.40977434430206
124	118	0.4047194186046382
124	117	0.365734490626402
124	37	0.3612302045187268
124	87	0.33810376895912275
124	121	0.3246891483280231
124	61	0.3090185686884342
124	195	0.3001914480883815
124	20	0.2891055871748007
124	16	0.2842963154545661
124	190	0.2801455395915097
124	69	0.27762787490167945
124	125	0.2729235909184389
124	148	0.26874441282611405
124	66	0.2663212221370678
124	76	0.2628151132706623
124	81	0.24702313759267544
126	22	0.4532158143805446
126	118	0.4468520624246689
126	82	0.4035983003287397
126	16	0.400059696940214
126	115	0.3725923636779779
126	116	0.33777602421241343
126	125	0.3323164214398106
126	157	0.2999912601499868
126	94	0.29125770327420303
126	76	0.27772016461545995
126	87	0.2772217393001265
126	61	0.27263665771007817
126	119	0.2629268211330528
126	4	0.2602066015244391
126	51	0.2588729278695617
126	17	0.2532289433759343
126	65	0.2465066287072301
126	68	0.24548258837572495
126	21	0.24458022723268705
19	121	0.8105738706798041
19	20	0.7068749116852829
19	17	0.5716295730926854
19	119	0.6100807670772318
19	150	0.5238418823078042
19	37	0.4350509164759596
19	30	0.40909180542262735
19	69	0.4020568778977872
19	63	0.3954213826734373
19	81	0.3874787948329391
19	61	0.33354345874421315
19	64	0.3308567393177597
19	66	0.3212317653068265
19	68	0.3082947838931238
19	76	0.3064656395323861
19	162	0.2981063815118886
19	117	0.2865650814306619
19	65	0.2825581416751252
19	186	0.27193300341348553
19	113	0.2648805654304476
19	14	0.2502692195231284
121	119	0.6516090486245698
121	20	0.6004304306154336
121	17	0.5108579466092398
121	55	0.431428052033111
121	81	0.4243290870544855
121	117	0.3990176397605882
121	150	0.39537076295672335
121	75	0.3941636160801105
121	64	0.39039841071286013
121	76	0.3802740580407615
121	69	0.3631850160753047
121	63	0.3555564142030295
121	88	0.33115948674778084
121	185	0.3274595395206458
121	87	0.3271113146692856
121	158	0.2974775707856043
121	190	0.2862805132193382
121	79	0.28345964943137497
121	37	0.2833676817620548
121	118	0.2813522852412399
121	61	0.2798321934754683
121	30	0.27218301921001936
121	58	0.26021592442542524
121	73	0.25773432737118496
121	85	0.2490127293718974
121	133	0.2459899797476573
20	69	0.6654432327774232
20	63	0.5477981497742238
20	76	0.4909490375866178
20	119	0.4842489584575982
20	17	0.4835213961723372
20	37	0.4677450818116768
20	81	0.4662829334123294
20	30	0.4592970208483307
20	61	0.4512270766412728
20	77	0.4477319851127095
20	75	0.4412806307612654
20	68	0.4257301747080607
20	162	0.4139676603561869
20	64	0.412599486290411
20	150	0.4076086208260149
20	65	0.40617338505141937
20	84	0.4037908173892
20	117	0.40305403715620897
20	85	0.3945520777388121
20	90	0.3844576481351432
20	115	0.3682266249860346
20	92	0.36046479019380334
20	93	0.3569533457283495
20	186	0.3455310925361694
20	86	0.3412971832378406
20	94	0.3374836422043841
20	88	0.3195447453889533
20	100	0.3161826300875371
20	14	0.30948883699138263
20	82	0.3080775787878321
20	116	0.3017919985721119
20	113	0.295708228142119
20	74	0.2951514682289749
20	55	0.28459961493832714
20	97	0.282953762768305
20	185	0.27195152436158704
20	60	0.26985738509448265
20	80	0.26958848273049124
20	73	0.24547319096966824
20	66	0.24271777032203426
17	14	0.4790803572147203
17	119	0.4883413928401586
17	150	0.4853428694179671
17	16	0.452015154521803
17	37	0.3994547571840998
17	186	0.3949825986869448
17	118	0.3915335855534356
17	42	0.355940729094134
17	66	0.3445708682603873
17	65	0.3428247628460635
17	63	0.33003719897796624
17	69	0.3057134029475695
17	105	0.3037993731778484
17	160	0.3032183284815828
17	4	0.2995543947597145
17	115	0.2903788956307846
17	178	0.2853897639809639
17	76	0.28002573782716955
17	61	0.2792883043152746
17	30	0.2783937241436584
17	116	0.2476896960697019
17	170	0.24432636173606556
17	157	0.2438091247362429
119	81	0.5743900868888331
119	61	0.5529843011826671
119	37	0.5522271579969953
119	69	0.4745681692337124
119	79	0.463719997383961
119	66	0.45458938612922495
119	60	0.43952345149015004
119	142	0.4231065972490132
119	80	0.39873173411005536
119	92	0.39564914167262616
119	115	0.3858884057708922
119	65	0.38301650813495175
119	68	0.3798034942670225
119	87	0.3788532123062748
119	93	0.3697987942834144
119	76	0.3594899240766935
119	117	0.3445973061145904
119	74	0.33852882914742083
119	88	0.33324124990514875
119	85	0.3241701960222336
119	150	0.32218206013226736
119	38	0.3213304109375619
119	16	0.3163626244118076
119	148	0.3155254576826937
119	186	0.31183790478689816
119	193	0.3059944034955517
119	185	0.29940874503382203
119	182	0.2866476885408001
119	55	0.2857846931453888
119	64	0.2845169025446321
119	147	0.26435977879479033
119	90	0.25893823562251145
119	118	0.2562306521604165
119	91	0.2558849114325554
119	77	0.2503535805013329
119	63	0.24400663161424999
127	129	0.7511069230476064
127	123	0.7239234820418817
127	138	0.6868405300750376
127	136	0.6124296377799197
127	31	0.6038470326987538
127	134	0.5972234128954289
127	34	0.5891283308278951
127	26	0.5802370502541281
127	33	0.5740549526538276
127	2	0.5522688593251871
127	41	0.5467964842233678
127	32	0.5065068770646677
127	130	0.4941603623124776
127	40	0.4923215504154275
127	27	0.4863360172249622
127	49	0.4723803532691727
127	36	0.4572430524432601
127	57	0.452738927502809
127	30	0.4299456465851551
127	51	0.4255090857689377
127	62	0.4152760401232843
127	44	0.4019059639296889
127	149	0.382743419199612
127	174	0.3819152097265847
127	173	0.34617377434621405
127	53	0.34356582505886746
127	159	0.3416505414720124
127	42	0.3322274619042316
127	47	0.3303490393501615
127	144	0.3292617408753538
127	29	0.3257979767558877
127	101	0.3090366587271127
127	153	0.3042531571808136
127	52	0.3025189601757488
127	13	0.2916694753047368
127	167	0.28389182761692394
127	133	0.280873377955116
127	132	0.2743575278754544
127	45	0.27041360116335433
127	56	0.2655313314617039
127	100	0.26253581279285443
127	72	0.2560063953692764
127	151	0.25457611134762503
127	155	0.2530323991555099
41	33	0.6700809345856263
41	36	0.6637515555665787
41	40	0.6410828513508839
41	49	0.6279534584992775
41	32	0.6086096141497667
41	72	0.6027212278966991
41	31	0.6026575513468463
41	27	0.5860051121741191
41	26	0.5787492711070722
41	62	0.5767773529049727
41	34	0.560807232321478
41	167	0.5508912564953952
41	50	0.5464599093806816
41	42	0.5332102225574625
41	123	0.5286790532424269
41	131	0.5090006183065237
41	51	0.504742784356255
41	52	0.4763636904691262
41	130	0.4705449284604016
41	181	0.4619362550570749
41	68	0.4558578200443064
41	38	0.4402654248600368
41	22	0.4396767343235017
41	152	0.4393459341181136
41	129	0.4330706353813364
41	164	0.428754785661481
41	174	0.4286323523882557
41	46	0.4167562452414116
41	45	0.4106892250343677
41	53	0.40941648472389297
41	57	0.4038577714642853
41	30	0.3955394860048015
41	134	0.3921176516719629
41	144	0.3810094541697531
41	178	0.38100090581922497
41	149	0.3731519917704574
41	179	0.37054957904881897
41	173	0.3630287484653248
41	156	0.3615953444499607
41	44	0.3594812163754456
41	93	0.35852298726944976
41	132	0.35554767837560586
41	101	0.3524250265645437
41	100	0.3480471389067497
41	47	0.34276298838097863
41	155	0.33929004982131017
41	125	0.3355238921485447
41	159	0.3261733447551831
41	147	0.3239285481829653
41	153	0.31945495340442753
41	197	0.3176758923413274
41	28	0.3167225447224284
41	89	0.30230090860150266
41	136	0.2954070550710073
41	148	0.2880055045034271
41	2	0.2810944294848077
41	157	0.27867045010403263
41	138	0.2641644440329996
41	151	0.25827571872966393
41	43	0.2580330460894452
41	56	0.2504754285359995
41	29	0.2484592324479711
36	32	0.7458472982148697
36	50	0.667294550613296
36	57	0.5826926884078337
36	62	0.6964122079790979
36	31	0.6739853007437877
36	167	0.6524253687670399
36	164	0.5875525405511239
36	147	0.5650697509302722
36	72	0.5625937559156902
36	131	0.5464528955266795
36	132	0.5432536420962303
36	13	0.526203263717993
36	173	0.5155575397150035
36	174	0.5059118754668915
36	156	0.4862291231285889
36	38	0.4773912321039203
36	101	0.4747463503441138
36	2	0.4682058711720356
36	134	0.4548194268584001
36	181	0.4500556010766903
36	49	0.4468360558169331
36	197	0.42325436253905857
36	43	0.4217263696990771
36	33	0.4192156000175564
36	30	0.4146386261540572
36	52	0.4126741620669546
36	56	0.4099573864948735
36	45	0.4098575493909267
36	144	0.4062652334972859
36	93	0.3918891416730018
36	34	0.39088990103599336
36	42	0.3864755015512576
36	100	0.3839291629947542
36	153	0.3784848701187841
36	123	0.3702303388809896
36	152	0.3614997232782116
36	151	0.3587321199747264
36	179	0.3553117875572526
36	40	0.3540879246156697
36	28	0.3425952998908677
36	68	0.3394847093856983
36	47	0.3316579809510929
36	139	0.33148886972968394
36	37	0.328432311495496
36	51	0.3238479895079994
36	178	0.3213931817992367
36	159	0.3025462143967552
36	46	0.28806969690723505
36	89	0.2770186343326814
36	187	0.2738581008410279
36	122	0.26265684840437903
36	148	0.24274600275896946
31	32	0.6734446537999674
31	2	0.6254394448730319
31	134	0.6237500757799612
31	13	0.5892719563286901
31	123	0.5610608129340902
31	62	0.5544819999962682
31	34	0.549238351925892
31	30	0.520663800396221
31	52	0.4823405589557934
31	50	0.473568084825799
31	144	0.472885155121269
31	33	0.464630065402618
31	147	0.4598176334790721
31	45	0.4533747190599222
31	40	0.4459712742819847
31	164	0.4454103225199855
31	49	0.4416268317521708
31	57	0.437690146079067
31	153	0.42032771862730695
31	167	0.4158882357809685
31	26	0.4151270707435888
31	51	0.41177768682832333
31	138	0.4089835559600056
31	179	0.40696635085755545
31	100	0.4039916666352743
31	7	0.40052156899801067
31	174	0.3817529112047355
31	132	0.37915293713616977
31	129	0.3566391750187484
31	72	0.35151386446739163
31	47	0.3491188963787273
31	136	0.3440860774304215
31	159	0.3416328758531552
31	152	0.34155337758100746
31	156	0.3412883480453595
31	43	0.3288247929279678
31	173	0.31917656179878523
31	101	0.3182511877955346
31	197	0.31325453873967457
31	29	0.3099951105237719
31	46	0.3049698544792711
31	139	0.294375320927852
31	56	0.29058948798451256
31	16	0.28903227204253484
31	148	0.2870790119574933
31	131	0.2859499835205105
31	151	0.28230967928371875
31	150	0.2736545881999896
31	44	0.2705711629210053
31	149	0.26932881296216904
31	42	0.2674728917495989
31	122	0.24514425270278556
13	122	0.44045082434482624
13	2	0.6637795263318975
13	139	0.6585506370297874
13	32	0.5904717298609079
13	30	0.5892132049424661
13	144	0.5834912927249635
13	113	0.5731088375937671
13	150	0.5480360772943441
13	153	0.5445141421193007
13	134	0.5228398448075577
13	100	0.5210354453734833
13	123	0.4880976675028105
13	101	0.4526991752297959
13	47	0.4329650109581425
13	51	0.4308011641314371
13	70	0.4272436755108653
13	147	0.4164008664578113
13	7	0.4102651557253549
13	34	0.40853378114693706
13	52	0.37969224136485136
13	132	0.3762637173069677
13	46	0.3644517645820693
13	152	0.33857309830965643
13	156	0.33782031883216684
13	197	0.3150931792773026
13	151	0.300737280766997
13	42	0.2935896470916087
13	14	0.2904796172238286
13	138	0.2877395369763317
13	167	0.2796754980523516
13	43	0.27759095758120506
13	57	0.2715347543203786
13	155	0.2713587541556985
13	116	0.2639969969863964
13	125	0.2517496700855493
13	50	0.2453510204930845
122	153	0.3518731522477244
122	164	0.3395820282656261
122	156	0.307480099172742
122	100	0.30330913159249057
122	152	0.30175564126965365
122	70	0.2945853756313148
122	113	0.2919073387796887
122	51	0.2834504528990354
122	6	0.2743205383516641
122	179	0.272729222111412
122	47	0.2683918217880559
2	100	0.6971273791743547
2	30	0.6931118247603406
2	134	0.6223183988804557
2	32	0.6102816243242954
2	123	0.5854993035745868
2	138	0.5478751360254728
2	144	0.5293343913770892
2	139	0.5163060302793818
2	150	0.5073093646161251
2	101	0.4951045355248988
2	34	0.4752342123836002
2	153	0.4435647328890637
2	7	0.3801542968359433
2	47	0.3636276633363625
2	33	0.3443769739635595
2	129	0.33898030425947034
2	151	0.3294935335703684
2	4	0.32606610724443513
2	136	0.3208909358607148
2	42	0.31588558968538233
2	57	0.3121989625794948
2	167	0.29012248436253546
2	51	0.2894537877292813
2	56	0.2880421861940015
2	62	0.2879871633411949
2	113	0.2802653326300659
2	49	0.26235889973031024
2	132	0.25266733305239225
134	30	0.5980269678434869
134	123	0.5901980978995649
134	32	0.5323365166634183
134	144	0.5027876883891506
134	100	0.4147297102283897
134	150	0.41385164532457375
134	139	0.4053045942612365
134	101	0.3955226149010397
134	57	0.3877422198392053
134	47	0.3828373010688964
134	136	0.3786390744681528
134	138	0.3735306629132449
134	151	0.3668254475441276
134	34	0.3616909580152545
134	46	0.33679229862004023
134	7	0.3356924919047406
134	49	0.32904774315932106
134	167	0.3221999839911726
134	26	0.3059128281809762
134	45	0.2898660314321254
134	50	0.2768616726274101
134	56	0.2749122732578808
134	62	0.26829902271471423
134	129	0.2676492898508654
134	33	0.2584250395423376
134	40	0.24542620324737036
144	100	0.5288447477371796
144	150	0.4896349063074542
144	123	0.4888666664149322
144	138	0.4572509616950053
144	42	0.4547480414005127
144	101	0.4449613091686488
144	47	0.437196873766011
144	34	0.4366304993010185
144	30	0.4349536237131411
144	139	0.43430474578995015
144	153	0.4324448404596196
144	32	0.4308826016585259
144	33	0.4277993887086265
144	46	0.414887017691698
144	156	0.3987149137158369
144	52	0.3942142929841757
144	157	0.3914404443826904
144	51	0.3773705485024662
144	49	0.3513473301263743
144	155	0.3353108933084749
144	131	0.32238817056109353
144	113	0.3160926243875701
144	27	0.30897334261347675
144	26	0.3029640504790613
144	50	0.3001095562176065
144	132	0.2987440411541629
144	72	0.29342515347909165
144	197	0.2903605819224893
144	125	0.28622542966517833
144	129	0.2824017068098841
144	151	0.280108678439404
144	152	0.2700891637007892
144	154	0.2695421160030342
144	164	0.2659123821321116
144	44	0.2652803503338541
144	22	0.2627964946084748
144	167	0.2607006483824225
144	62	0.2553801993690499
144	53	0.2421153804556757
113	139	0.5342185822483422
113	70	0.5129095148777734
113	150	0.4835673672621684
113	14	0.4442873695064088
113	116	0.3255387341228258
113	30	0.3095159632393097
113	105	0.3078603415604749
113	100	0.3076430722289573
113	153	0.2936261988671052
113	184	0.27195152436158704
113	186	0.2542487653426902
113	47	0.2428401079121053
139	150	0.5113233819714933
139	70	0.4782246674955834
139	30	0.4197924114539884
139	100	0.3947546974262658
139	32	0.38899050172033695
139	7	0.3370405150716097
139	156	0.33245874439856177
139	14	0.32855720426239243
139	132	0.2907817433769225
139	184	0.28043118550316737
139	101	0.2753374541509919
139	148	0.2512438254318057
139	160	0.2500161137904489
123	34	0.7610771034217777
123	138	0.7328748971867234
123	136	0.6606070706732134
123	30	0.6211344290804637
123	49	0.6043106474467594
123	26	0.5899308501014449
123	129	0.5823359228000944
123	42	0.549664194912592
123	33	0.5493849858298566
123	32	0.5481969779955836
123	51	0.5059341967233351
123	100	0.4792575485497579
123	47	0.4623766454308703
123	44	0.45796249808948597
123	22	0.4516411044024353
123	40	0.44721213545108346
123	101	0.4467320058932969
123	53	0.4304101663378076
123	153	0.42012186584795
123	27	0.3923291918672065
123	155	0.38966075785727855
123	149	0.35821793755967946
123	46	0.3418801725448603
123	57	0.3165695897273286
123	167	0.3134890062523373
123	151	0.31011261318191624
123	150	0.3058765710436725
123	154	0.29324236241856866
123	7	0.29068104109871745
123	157	0.2841952029763723
123	152	0.2787073434039796
123	72	0.26608893842472675
123	48	0.2650386308199181
123	56	0.2637830137125692
123	130	0.2545387033265762
123	159	0.2461966561240231
129	138	0.652672266175927
129	26	0.6469003753870077
129	130	0.6236645372928558
129	27	0.6219874189885696
129	136	0.5991691582565931
129	34	0.5737397510054687
129	33	0.5709424682823663
129	40	0.5690589439409087
129	49	0.4026100422073247
129	51	0.3901949702758695
129	44	0.3809325166700835
129	62	0.36016022898472155
129	149	0.3590980155564041
129	155	0.3581569184360643
129	53	0.3410939585550972
129	159	0.3404664116961916
129	157	0.336473094390708
129	133	0.32968072175776475
129	42	0.32236128832508176
129	22	0.2981246040549471
129	179	0.2859132537961385
129	173	0.280108678439404
129	151	0.27949113141908605
129	29	0.2766308197500836
129	57	0.27361758326829233
129	32	0.270478481289037
129	28	0.2574355593752187
129	197	0.25276094660865217
129	101	0.24435457066816035
70	156	0.4383851318146806
70	52	0.4144398684245135
70	97	0.3818297923873934
70	197	0.371118817137997
70	38	0.3546825241407902
70	192	0.3508125169878524
70	147	0.3180894096171202
70	184	0.2915871295408163
70	179	0.2872625185470472
70	89	0.27806159197477376
70	91	0.2700428104826701
70	193	0.2672871901676113
70	99	0.2495097998337364
70	153	0.2466005498398992
70	87	0.2444862068822039
174	173	0.7662578925820325
174	132	0.5685448310359533
174	72	0.4578913708265214
174	187	0.4521424544820881
174	57	0.4516729446397164
174	50	0.4184157444835767
174	179	0.4056806033403044
174	167	0.4013188687383295
174	164	0.3867136540460807
174	62	0.3846025113596604
174	131	0.3793070503657052
174	170	0.3760147467187923
174	43	0.35458635835548497
174	29	0.3303935820900018
174	147	0.33030449513883164
174	178	0.3182422006051183
174	51	0.3170014202495794
174	156	0.28335848470842423
174	38	0.2787903503211441
174	32	0.2617349077068929
174	52	0.2615951779964064
174	46	0.2577623343451206
174	28	0.2577063199641444
174	33	0.2547911926810936
179	89	0.6391941422882491
179	156	0.5106362053848962
179	51	0.4980127671352183
179	173	0.4856867933148946
179	52	0.4616372889316337
179	192	0.4605428088263632
179	155	0.4482195688874528
179	50	0.4115700556740224
179	164	0.4019814236436455
179	26	0.39202456084486
179	181	0.39158438644704224
179	132	0.3799147361836334
179	191	0.3700750012214277
179	159	0.3596118253200077
179	153	0.33206731984487475
179	148	0.323266037476561
179	125	0.3023099947156416
179	131	0.2982885971625898
179	57	0.2874001346530384
179	197	0.28140753476199426
179	27	0.26790921224516023
179	29	0.2666185001541831
179	38	0.2608218088478317
179	190	0.2532663780008226
179	130	0.2502879667356441
179	167	0.2439690128165515
179	62	0.24326352452027916
159	32	0.4458190505569309
159	62	0.4369218208670252
159	33	0.4315012974741336
159	197	0.4304509028155397
159	40	0.4105728315324484
159	34	0.40155374642552055
159	49	0.4012014100965419
159	57	0.3773705485024662
159	158	0.3757657218270618
159	100	0.3673791984836247
159	51	0.35899348521868263
159	27	0.3561153778983552
159	42	0.3450819032038987
159	155	0.34077580373327665
159	164	0.3341387872845685
159	181	0.3299569998057426
159	21	0.3176489196234553
159	43	0.3114948164419584
159	99	0.3079146538777789
159	47	0.3047068031395749
159	68	0.30413518661327393
159	153	0.3038901410141103
159	188	0.2896095368696213
159	167	0.2890597656145022
159	53	0.2857387761338499
159	101	0.2789563516583307
159	91	0.26580086370154765
159	92	0.2591434731453843
159	125	0.2540149110919432
159	156	0.25309791621729555
159	45	0.2516560055174979
159	26	0.2486937848763584
42	33	0.6360012953605568
42	49	0.6231509926410523
42	34	0.6183875412879118
42	22	0.5991114654768713
42	178	0.5830822312884155
42	167	0.566341307669188
42	32	0.5321788422768128
42	53	0.5142347528308229
42	30	0.5130789873630495
42	68	0.5100741568653735
42	100	0.4998678801147407
42	51	0.4757372560096501
42	72	0.4718596945040333
42	40	0.4603458110686826
42	152	0.4561033653678268
42	27	0.4417153736821021
42	125	0.4416509804044672
42	181	0.431834899154536
42	47	0.4258939115280052
42	48	0.4248864886154164
42	138	0.4229259646604025
42	46	0.4179784355664201
42	101	0.4098325885803467
42	150	0.3997488686165536
42	153	0.39809237059971575
42	37	0.3979408857028504
42	93	0.3871558004204104
42	44	0.3746573330061805
42	26	0.3576076086813928
42	197	0.3561939617448868
42	132	0.3500230304152871
42	147	0.34932962655699423
42	154	0.3319694458277256
42	65	0.3300282881940847
42	62	0.32751310468315475
42	157	0.3116302557595453
42	155	0.3091542385273726
42	164	0.3090185686884342
42	21	0.2959910947623827
42	69	0.2923006491324646
42	156	0.2886106442557863
42	131	0.2788733530729381
42	149	0.27792318394025783
42	56	0.2696904851307236
42	16	0.26719433193014186
42	136	0.2628151132706623
42	158	0.2595445516317498
42	63	0.25614655909463313
42	151	0.2470888650258988
42	130	0.24635634526405356
56	84	0.5173101158958572
56	100	0.4910856399411282
56	167	0.4797580954815848
56	50	0.4759693251004876
56	93	0.4678544446847917
56	92	0.4419889943380673
56	68	0.4306056854385269
56	37	0.4175904711865585
56	47	0.4148125067210425
56	32	0.3988578785150748
56	30	0.3907797587785745
56	65	0.3852158396685438
56	62	0.3836392417055322
56	61	0.3518731522477244
56	57	0.3498738492805722
56	45	0.3369430070509141
56	49	0.3347693669830944
56	90	0.3272541869004971
56	69	0.3143634129883726
56	147	0.2987076106389313
56	94	0.2952336257513231
56	48	0.2797308040211691
56	43	0.2723867086186494
56	99	0.2655685107912734
56	86	0.2631036774983496
56	115	0.25951657231513026
56	77	0.25123445664286564
56	74	0.25017548064566936
56	7	0.2438655573372899
60	80	0.7743491368975481
60	61	0.7482381087683992
60	81	0.7436651528398872
60	182	0.6208395290101851
60	91	0.6026384468851745
60	74	0.5892523732256583
60	92	0.5081777343313747
60	76	0.4795348130933517
60	187	0.4792344388514351
60	37	0.4738550558391305
60	45	0.472403658642951
60	185	0.4717975042822651
60	66	0.4703736214860211
60	93	0.4555725835335572
60	68	0.4536050796615532
60	79	0.4518082528125396
60	64	0.4365981245833209
60	142	0.4342641759396108
60	43	0.42448486401039626
60	87	0.42441107805768336
60	65	0.4224742361340755
60	115	0.40438488358847136
60	193	0.4025597666836645
60	62	0.3965175530811063
60	88	0.3847303161218354
60	86	0.3736253112567417
60	90	0.3694879833327073
60	147	0.36856369613223655
60	188	0.3680105028068891
60	164	0.366366675675562
60	77	0.3325565826503371
60	97	0.33013521371843674
60	16	0.33004610970303017
60	84	0.3236241907735464
60	94	0.30202829963850225
60	63	0.2777386219431413
60	178	0.27716634949244184
60	38	0.2741170814629253
60	170	0.2576503038509102
60	28	0.24264248181356854
80	81	0.7694997068742869
80	76	0.6125483606520701
80	61	0.6267891612193177
80	91	0.5529009906512196
80	182	0.5421036777843574
80	74	0.5379668663035456
80	87	0.5093635777532254
80	88	0.4936840566036287
80	66	0.4854881000605847
80	77	0.4809273867942018
80	90	0.4694152066221346
80	92	0.4681824473451613
80	64	0.4674950557444016
80	185	0.4590129172361542
80	69	0.4012769207383585
80	86	0.39533701514463343
80	79	0.3902204024147122
80	142	0.3855564306727065
80	37	0.3759804016858311
80	84	0.353851754172388
80	94	0.34895204327366003
80	193	0.3290923288048797
80	68	0.3275845216251045
80	82	0.302173697235986
80	65	0.30101921717070823
80	187	0.28938048871172184
80	85	0.27917766084246565
80	97	0.26302921381478395
80	188	0.2565109343628085
61	68	0.6831623082410302
61	37	0.6465164083695568
61	65	0.6327505475408496
61	91	0.6029885855922779
61	81	0.7189702106182858
61	93	0.6150724622563882
61	69	0.5546620369621614
61	92	0.5427812036369667
61	66	0.5227599099760025
61	76	0.519525778614808
61	74	0.5173760279489111
61	64	0.5119877696060141
61	142	0.5044744511099193
61	115	0.5000328910282088
61	182	0.4894524230288679
61	63	0.4148456233949072
61	79	0.4073500930512792
61	82	0.3962225413105471
61	147	0.3939946757555854
61	185	0.3925829853299802
61	84	0.3837245205268401
61	97	0.3805049900674467
61	187	0.3803681471851051
61	38	0.3784420318479834
61	87	0.37791927444106
61	167	0.3639486968504549
61	43	0.363488811271482
61	94	0.3619082332768263
61	62	0.3456807871465186
61	90	0.3265128748161763
61	86	0.32025390023512723
61	88	0.3190508184956669
61	186	0.31724426718519705
61	188	0.31046506430241383
61	85	0.3089281151411325
61	77	0.308539101218393
61	178	0.27927908430909376
61	193	0.2774248194948334
61	45	0.2689856178413783
61	164	0.2663676751687897
61	181	0.2626754685341622
61	48	0.2466381169960686
61	195	0.2464127029440105
81	74	0.6916384820469592
81	185	0.6077589633966187
81	90	0.6395429549025712
81	92	0.6086159100548245
81	87	0.5986047840639213
81	88	0.5963671120549925
81	76	0.5516778327818377
81	64	0.5362521205769307
81	182	0.5221928356452117
81	79	0.5192336807432949
81	55	0.5138006392265775
81	77	0.5115522956826966
81	91	0.4818646611961857
81	193	0.4792036248866622
81	93	0.4786950239383641
81	66	0.4681355977174072
81	69	0.4646065415076581
81	85	0.4321521179756017
81	37	0.4315582622175347
81	84	0.4081921528823768
81	142	0.3797863791509024
81	65	0.37026485554965344
81	97	0.3696347654786021
81	58	0.36320237788207343
81	68	0.3623861004462842
81	115	0.3520571375595194
81	117	0.3502336088522542
81	94	0.3420214636865315
81	63	0.3364996976978636
81	75	0.3344230292891234
81	195	0.3009737471148334
81	86	0.2993177068680235
81	186	0.26709218213744257
76	77	0.5898526067717901
76	185	0.5836891194633692
76	88	0.529665421097018
76	69	0.5133147086379134
76	87	0.4933058252456248
76	64	0.48418006018987103
76	182	0.4731878873301948
76	75	0.4657741021185078
76	63	0.441208153456564
76	91	0.4354642973778695
76	85	0.4274153273043066
76	193	0.4268757465190187
76	66	0.3982774893261549
76	142	0.3925068535662959
76	186	0.3857266867895216
76	90	0.3778678426535776
76	73	0.3751472185089944
76	74	0.34559273362363124
76	37	0.34083767328693154
76	82	0.333383474363824
76	58	0.3272631159182477
76	184	0.3139758550964628
76	92	0.3119010964058867
76	86	0.31098906452450525
76	55	0.30667402296707896
76	94	0.3060759743171648
76	65	0.29796059334582314
76	38	0.2970582201677325
76	117	0.2950419180761379
76	195	0.28903227204253484
76	97	0.2874184825708241
76	68	0.2646852885309845
76	84	0.26430397107521697
76	162	0.25112202750414103
76	115	0.2508221833464477
105	6	0.6679984455472432
105	14	0.366366675675562
105	85	0.2695977559259912
74	92	0.4845933597109792
74	182	0.4707395524290917
74	66	0.4562379897804968
74	90	0.4554933345613421
74	187	0.4512270766412728
74	93	0.4475080869501156
74	37	0.4396202646797561
74	88	0.4125331031662681
74	188	0.4076002822399041
74	185	0.3987737839219013
74	193	0.3967535035509868
74	65	0.3967450776509829
74	84	0.3869517549722689
74	91	0.3663407021263258
74	79	0.36516263540593613
74	115	0.3638879674091618
74	195	0.3484337794745789
74	170	0.347906512966581
74	64	0.3417300337692011
74	142	0.3383871577579601
74	160	0.325216847581847
74	87	0.29562609585855065
74	68	0.29491409976000543
74	43	0.2944940509956825
74	7	0.28461799489488965
74	69	0.28150882070422845
74	97	0.2690041706763148
74	147	0.264666689598569
185	162	0.4562221526980558
185	182	0.5843348707485873
185	77	0.5520464203077677
185	193	0.5015013854600058
185	87	0.4734749915436409
185	195	0.4711364432898731
185	75	0.4578992741452577
185	117	0.442753086716242
185	55	0.4344751199200788
185	142	0.4192073574001952
185	90	0.41185242358067503
185	184	0.39767152563496616
185	88	0.3970399443636975
185	190	0.3916521172585749
185	188	0.3626032498473297
185	160	0.3485040650273458
185	73	0.3470712241402383
185	187	0.3097691172564153
185	64	0.3034998001949123
185	158	0.3011010598220087
185	170	0.2966296348468377
185	97	0.2776463332544475
185	94	0.2745332170249392
185	92	0.2710066993879633
185	63	0.2680391588219265
185	58	0.2644248855633861
185	66	0.24510665616232785
26	27	0.7683552073644024
26	29	0.5129684663650691
26	59	0.3405724972761539
26	22	0.6151657065328169
26	33	0.6142511705869109
26	157	0.5780039330962966
26	40	0.5771709423735969
26	34	0.5713332731496173
26	136	0.5667147829363453
26	53	0.5601350777833011
26	130	0.5510026896841961
26	149	0.5375972552824538
26	51	0.5374194840960538
26	44	0.5350256046042938
26	155	0.5266008591779751
26	138	0.40970777532100094
26	49	0.3992614391701931
26	152	0.3887358660958528
26	52	0.3631242477654073
26	125	0.33859080555489196
26	16	0.3166415705998074
26	21	0.3113683949925305
26	46	0.3082042856707901
26	118	0.3077969746543007
26	72	0.25432359242578084
26	32	0.253621969095059
26	154	0.2467508140167913
26	151	0.24261424786927385
27	130	0.7279628940835755
27	33	0.7123062798660285
27	53	0.5985791165568474
27	157	0.5892980660557063
27	44	0.5752605352649955
27	40	0.5672982959481323
27	22	0.5536295829213683
27	149	0.5134325402409401
27	136	0.5015163552370643
27	34	0.4953988785596248
27	155	0.4776073905356951
27	51	0.45618255872753705
27	49	0.4134123237920203
27	29	0.3669292956632573
27	52	0.3516015051867154
27	125	0.3274238282429059
27	138	0.3265575435540221
27	72	0.28329410387368953
27	46	0.2779139563275741
27	181	0.2773325133873877
27	131	0.27556848556486385
27	48	0.2732474894151058
27	59	0.2685217321220448
27	158	0.2542861792647854
27	152	0.25376231513929925
27	21	0.24757705474449576
29	53	0.401536971199025
29	40	0.3886339952130686
29	51	0.36019503986758145
29	21	0.35447269820994043
29	34	0.353230498051047
29	52	0.34762521412052305
29	151	0.34398028048998064
29	32	0.3426482565098724
29	33	0.3368898178110734
29	46	0.32991244265176856
29	59	0.32254945305629623
29	44	0.3202987713885509
29	45	0.30237359597632363
29	136	0.2788641307506904
29	191	0.2712012649395701
29	152	0.2642388598319209
29	28	0.2542394117432559
29	187	0.24539801006043566
29	101	0.244871661085733
29	197	0.24294361830169445
59	195	0.3310437384241188
59	73	0.3063569060767256
59	53	0.2986256387967463
59	190	0.2845260930198051
59	151	0.2703950635334141
59	148	0.25441712199782496
59	188	0.2515061324033599
130	157	0.5292336111949546
130	33	0.524661313245035
130	40	0.4755051206670117
130	149	0.4308907450252731
130	51	0.40977434430206
130	155	0.4081754851629799
130	136	0.3879970869760208
130	133	0.32814679918900713
130	131	0.3274416839987095
130	53	0.32425968448938697
130	28	0.3152552990125508
130	125	0.2998183493001078
130	44	0.29259328105656096
130	52	0.28884896937975824
130	72	0.28363437363825
130	22	0.2739690974016907
130	138	0.25982432082730106
130	34	0.2542300580962604
33	34	0.7482953213681889
33	49	0.6585053297582361
33	44	0.6108711888969208
33	40	0.6101623747939167
33	22	0.607304711790228
33	72	0.5927013124607492
33	53	0.5387622493833081
33	32	0.5263334112120064
33	51	0.5203502992682154
33	149	0.5165993409217561
33	138	0.4945457259825495
33	136	0.4786025164959791
33	62	0.4750096772363472
33	101	0.4599516795160065
33	155	0.4193639553117667
33	153	0.41912492742579466
33	125	0.4083838120934813
33	48	0.3920160976442455
33	178	0.37777354498614796
33	157	0.3739694214617915
33	45	0.3728679067934584
33	154	0.3598468859115165
33	46	0.35373802637977825
33	152	0.34950520804989155
33	167	0.3472559144051098
33	52	0.3380771981143772
33	47	0.3165695897273286
33	100	0.3094797947968005
33	164	0.3092898957840229
33	131	0.2958542302960364
33	21	0.2920536983595808
33	197	0.2848752923105077
33	181	0.2836251780967477
33	68	0.2787257897454892
33	57	0.26548485618910994
97	177	0.5228398448075577
97	87	0.3868837313995209
97	182	0.34428883047841424
97	88	0.34086418790622225
97	85	0.3331345716073844
97	142	0.3279772478810261
97	77	0.3131914063438449
97	55	0.3050514816435139
97	186	0.28786794063718
97	93	0.28186787485173725
97	75	0.27497698163947704
97	193	0.26515949474301065
97	188	0.2599082430836281
97	69	0.2562680256114633
187	170	0.7281649609300201
187	188	0.7077643751791375
187	182	0.572282253431572
187	147	0.5590154711791843
187	173	0.556563095014971
187	43	0.5136828681213425
187	167	0.5108357755447068
187	160	0.4962058510419666
187	195	0.4512430043800362
187	148	0.4293340894418367
187	66	0.4169214943119024
187	132	0.4147628296496458
187	142	0.4028530063274082
187	65	0.3922445807674272
187	37	0.3785876753534345
187	191	0.3596466519924293
187	178	0.3517855306363745
187	193	0.3403161089523972
187	57	0.2953157789077679
187	62	0.28594080116818466
187	72	0.2805878089544351
187	32	0.2748013388097029
187	186	0.27416332382037834
187	181	0.2717755672218645
187	93	0.26958848273049124
187	92	0.2644620883490683
187	156	0.2640993276287497
187	115	0.25130940563614784
187	50	0.2488626445677961
4	186	0.4220880471854103
4	160	0.4130391637834411
4	7	0.346772144726904
4	30	0.33687208758660003
4	148	0.3359054292773085
4	85	0.31859265863212605
4	75	0.2564361966580407
4	150	0.252480091749175
4	100	0.24567052680585755
4	65	0.24330115706837954
173	132	0.6408000382121126
173	57	0.5405766651314781
173	131	0.4519117097447561
173	50	0.44225448869491896
173	147	0.422893118759628
173	170	0.4094497793043026
173	156	0.3934792433429237
173	167	0.39137270031113336
173	72	0.3831188992309023
173	148	0.3812487815342552
173	43	0.37264403301865145
173	89	0.3690648022212269
173	62	0.3440419964335095
173	188	0.3305450163967014
173	195	0.3303668566226847
173	28	0.3132725760585459
173	38	0.3109438995321647
173	32	0.28767533126609984
173	181	0.2845169025446321
173	151	0.2801271091187149
173	142	0.270478481289037
173	164	0.27024675527684977
173	51	0.27013551566697497
173	178	0.2622005941439313
173	191	0.2451160553665605
132	28	0.652970654713814
132	131	0.5988357363167581
132	147	0.4988394955204987
132	72	0.4915711416165005
132	52	0.4829005254244967
132	164	0.4784020472506611
132	156	0.4751722778335887
132	57	0.47249687353229297
132	43	0.4392087380968981
132	50	0.4202453827058791
132	32	0.4110632563465355
132	167	0.4082088203296306
132	62	0.39895037481968704
132	38	0.3864159553723661
132	51	0.3635322042770063
132	178	0.35373802637977825
132	148	0.3333656971361132
132	151	0.32703987294486103
132	89	0.3175500152599743
132	197	0.3025371297113885
132	181	0.29714027605097193
132	37	0.2903880524051647
132	188	0.28672111350508805
132	153	0.2799151438410625
132	46	0.2701818663810464
132	154	0.26762143871151434
132	152	0.26578227660472376
132	101	0.2633828883880157
132	115	0.2569966546439833
170	188	0.5760361447184154
170	182	0.469228069695637
170	66	0.4477479756909077
170	160	0.4413047885835942
170	195	0.4144315859942335
170	142	0.3648679357038641
170	65	0.3261465361643885
170	178	0.2985345538042332
170	43	0.2810115386550638
170	167	0.2450314608698505
188	182	0.7095216930324492
188	148	0.583464910592775
188	147	0.5936087461118205
188	43	0.5553401711567382
188	142	0.5348043061505281
188	195	0.4989746920279818
188	193	0.46930604853825203
188	7	0.392109189201308
188	37	0.35432404990571426
188	16	0.32067563232175184
188	191	0.3087924243413935
188	160	0.3043438974213453
188	115	0.30012775479345816
188	197	0.2982157135104921
188	79	0.2873267408727164
188	151	0.2713124353059587
188	177	0.2684660574603575
188	66	0.26751931404133394
188	32	0.26164175578528376
188	156	0.2566230351685268
188	190	0.254435827341204
34	49	0.7053054180776797
34	44	0.6298454945753061
34	22	0.6207473366834977
34	32	0.646073858441143
34	40	0.6016695832505746
34	138	0.5938871553525242
34	136	0.5847035396163902
34	53	0.54148199259892
34	153	0.5111756571866258
34	51	0.5068190599638057
34	101	0.5056588538751389
34	62	0.4811349112311594
34	152	0.4655548182699292
34	30	0.4582232478891364
34	149	0.4432674814967788
34	48	0.4416670791504945
34	197	0.43075229824698796
34	155	0.4248782938658804
34	21	0.4200642193194959
34	46	0.4186384499501144
34	100	0.4107889802409352
34	154	0.3999672981281549
34	72	0.3832895301360527
34	47	0.37587736038883895
34	45	0.3686241858276689
34	116	0.35231116779063193
34	147	0.3375722496928553
34	125	0.3032546503868356
34	16	0.298543662548242
34	151	0.29400994065559344
34	178	0.2899118296525109
34	52	0.28579387639023585
34	99	0.27245151376656696
34	167	0.2702745640521224
34	68	0.2677328405852211
34	164	0.2530323991555099
34	181	0.24478705581312865
34	57	0.2436774422468509
49	40	0.6681257949367345
49	53	0.666661690960819
49	32	0.6136904347994676
49	72	0.5720804708879329
49	45	0.5678880149435911
49	62	0.5411850702438632
49	44	0.5186856701482919
49	22	0.4933587888720242
49	47	0.488326162237725
49	68	0.4570057412604149
49	167	0.44717213449137583
49	138	0.4394992465969311
49	51	0.430165710653664
49	48	0.4275624328900224
49	154	0.4266385618054915
49	46	0.4206734539074473
49	152	0.4026100422073247
49	30	0.3995051821293081
49	93	0.3993118733801379
49	116	0.3893299234453321
49	164	0.3685723377084056
49	155	0.35978594866134145
49	100	0.35654316231765515
49	197	0.3524250265645437
49	125	0.3467457519799545
49	136	0.34226868597372456
49	147	0.3402453722310416
49	178	0.3381303392648517
49	79	0.32440285396543345
49	115	0.3129388490827533
49	21	0.31249676738371085
49	43	0.3121538352847095
49	101	0.3114496671898417
49	37	0.3026007213545266
49	149	0.3011374329099812
49	153	0.2880880371185619
49	57	0.28160089339038075
49	52	0.2715903295475073
49	16	0.2670178876088228
49	151	0.2669064398646092
49	82	0.2621819690292948
49	181	0.2598709447876756
49	118	0.2553147635326217
49	94	0.2490783877135495
44	149	0.6098798313898053
44	22	0.5970303810577531
44	40	0.5505986509053016
44	136	0.5186710506931242
44	53	0.4991774412573498
44	152	0.4907061293395289
44	155	0.4903112407152953
44	125	0.4765182912647041
44	51	0.4651787700833388
44	48	0.4564280122251418
44	47	0.4396606004942445
44	21	0.4181187255812326
44	46	0.4083671475041321
44	153	0.4050705638162966
44	116	0.3933862701698107
44	52	0.3847217962632187
44	157	0.3835795426371707
44	118	0.36911662854383415
44	138	0.3630982032582728
44	82	0.3515752136179521
44	133	0.28846396486035675
44	30	0.2865375447803157
44	32	0.2741910686263279
44	68	0.2513749835332015
44	115	0.24542620324737036
44	154	0.24515365172269765
22	53	0.5729409269744321
22	51	0.518137233019577
22	157	0.5016810029642261
22	152	0.4966052492364949
22	155	0.4773526263018734
22	149	0.456000403199813
22	16	0.4510279556518992
22	40	0.44076511153977094
22	125	0.4324204503994076
22	21	0.4050120479084941
22	72	0.398470987857082
22	153	0.35848812831885485
22	136	0.3568311778207374
22	68	0.3515576855973228
22	48	0.32169802865946673
22	46	0.3209626963389613
22	167	0.3063025363506324
22	32	0.2940921587137397
22	82	0.2849212339594789
22	181	0.27965706231691784
22	156	0.2716088542207403
22	116	0.2691433105743131
22	154	0.26802059562222885
22	47	0.2680113139477492
22	147	0.2646387908307586
22	178	0.2628523500078369
22	100	0.26087772629173706
22	118	0.2489658291549684
138	136	0.6056040607691351
138	32	0.4686976195113036
138	153	0.3526789816165797
138	40	0.3523724776573947
138	30	0.3267004737121347
138	100	0.3227465506739693
138	62	0.2923006491324646
138	47	0.29141327429133884
138	57	0.27012624537390123
138	101	0.2580610484410846
138	51	0.2521898303610404
138	53	0.24357397113031945
136	149	0.5724839667011654
136	40	0.5129758349607956
136	53	0.3795125019375157
136	153	0.3502774749050109
136	51	0.33593204403537674
136	48	0.3352043810306395
136	21	0.31932923498807264
136	155	0.3101758799201261
136	101	0.2965749132213961
136	157	0.29452144895123616
136	161	0.2896370204203127
136	45	0.270497018016582
136	47	0.2691433105743131
136	46	0.2609150036152012
136	32	0.2590688440255454
100	30	0.6756953117809086
100	47	0.5635567098621781
100	150	0.5162326836843877
100	32	0.5091932315880573
100	101	0.5065440486624275
100	7	0.4087337055768053
100	68	0.40343086513326576
100	151	0.39733472913609796
100	40	0.3964417007296912
100	197	0.3781678285297936
100	50	0.3620907141159112
100	51	0.3588889458744027
100	153	0.3549709764696821
100	148	0.3297698498812553
100	147	0.3239822513568817
100	167	0.3212317653068265
100	99	0.3178467076143428
100	48	0.3068642604318597
100	125	0.3051693796345664
100	181	0.2864090341529582
100	57	0.2848752923105077
100	155	0.27352506739539106
100	46	0.269913014813193
100	62	0.26842894002274675
100	37	0.25052229105205
100	158	0.24346108722492096
30	150	0.6842646565545519
30	32	0.5960512901196662
30	167	0.5126736605493513
30	47	0.4717197599030685
30	101	0.4050789229608192
30	37	0.39150818421153744
30	7	0.3732810981816976
30	147	0.3554952621065756
30	68	0.337324133654008
30	153	0.32736133125602884
30	152	0.3247159853753128
30	65	0.3167765249063389
30	46	0.3124877438978093
30	151	0.30557741581533737
30	148	0.297814791278574
30	51	0.2782922463737032
30	50	0.2766585237818485
30	69	0.26590308920135064
30	40	0.25161853837016906
16	21	0.4775224780451503
16	154	0.4119603668862492
16	45	0.38926204755453103
16	118	0.387606266450634
16	125	0.3857692467148161
16	182	0.34832834379844435
16	40	0.3461649726785657
16	53	0.328271718204288
16	147	0.32459074134847
16	48	0.2915230798473842
16	116	0.28752856564741164
16	152	0.2875193923477967
16	115	0.2810852195997024
16	117	0.27495849378461346
16	72	0.2641365372974537
16	178	0.2641272349539865
16	51	0.25976837047579404
16	46	0.2552960671497245
32	62	0.6504798127932423
32	167	0.5774309645745618
32	147	0.5477421539454219
32	72	0.5095338840097288
32	45	0.5016510697167138
32	101	0.4888590562839045
32	57	0.4885241368628662
32	151	0.4555091849333887
32	40	0.43985418771701534
32	197	0.4310210293485681
32	52	0.4189353122625783
32	164	0.4185147309047765
32	178	0.4149532449944129
32	153	0.3984625756148436
32	156	0.39678720648239546
32	150	0.3954382553786008
32	68	0.3925745265107761
32	181	0.3823678126800185
32	43	0.38225681383187615
32	46	0.3721789258020543
32	51	0.3713774695800707
32	93	0.3704805615622568
32	152	0.3688920312364403
32	50	0.3634540957313889
32	99	0.35135609564611275
32	37	0.3160116143924365
32	47	0.3125779762188505
32	53	0.3104921723932377
32	131	0.29782390431493466
32	148	0.274967737737463
32	154	0.2721274633185606
32	38	0.2551558381930763
32	115	0.2467789872293034
50	167	0.6090878845334677
50	93	0.514300950402654
50	38	0.4866260849700244
50	148	0.4289751258688273
50	181	0.4238287912758212
50	68	0.4184322429108058
50	131	0.41765651843583135
50	164	0.41373561684853855
50	147	0.4021826228533907
50	62	0.3984373384858946
50	57	0.3967113733823864
50	28	0.394619621899329
50	156	0.38598202171194296
50	89	0.3685550544923679
50	37	0.3639486968504549
50	47	0.3372355094219087
50	92	0.3149400493072189
50	40	0.3009464644243939
50	151	0.28951792158504525
50	52	0.28379988446401816
50	72	0.27693553880033395
50	66	0.27297912077185904
50	45	0.2715625421603252
50	142	0.2639783907764476
50	152	0.25965646454073243
50	43	0.247267256596452
57	62	0.5399322713652049
57	167	0.44488110465679137
57	164	0.3772161715533748
57	151	0.3693670900716679
57	45	0.36101280670575603
57	147	0.3198499952061956
57	72	0.3167315415622297
57	43	0.3146247300948977
57	93	0.3106819148868864
57	28	0.2968302641399709
57	68	0.2521617381398278
57	40	0.2441476955646704
68	69	0.6559775895315487
68	115	0.528484490890835
68	37	0.64261173276473
68	93	0.6247570826080283
68	91	0.5853875700581436
68	65	0.5797260618309721
68	82	0.5716295730926854
68	167	0.5426824417336603
68	40	0.4755670299022445
68	64	0.4740178865245985
68	92	0.4709730407305672
68	62	0.4604482555627694
68	152	0.4448008930083223
68	48	0.4350995590481859
68	47	0.4331356291154289
68	178	0.41682234817593
68	147	0.3978398837140185
68	63	0.39417206239725533
68	79	0.39226996479438303
68	45	0.3782535241981199
68	72	0.37167053934687505
68	164	0.365344619260421
68	84	0.35996875120193994
68	86	0.34845135123015114
68	66	0.3418801725448603
68	94	0.3404840932282401
68	116	0.3382543268969979
68	125	0.3008282337401945
68	181	0.3006099374139499
68	38	0.29990025689588873
68	43	0.2868954842943737
68	197	0.2702652945104692
68	46	0.26874441282611405
68	150	0.2490502487045902
37	93	0.6225083053790854
37	65	0.6033066920413129
37	92	0.5848022492238855
37	69	0.5606152635129066
37	147	0.5376185846141831
37	142	0.5273015118519156
37	115	0.5151756531493987
37	43	0.5097189542362468
37	167	0.5073464955346797
37	66	0.4825247010560938
37	38	0.4563250885676252
37	79	0.4487867487399875
37	91	0.42323794528519537
37	131	0.3965765456117066
37	181	0.3954635639359396
37	195	0.3743048298061317
37	160	0.34686011658395594
37	186	0.3421892268330711
37	152	0.3374747811265673
37	85	0.3296361554920849
37	182	0.32897640307491205
37	156	0.3180264908773338
37	116	0.31412007491617217
37	48	0.30933511207275644
37	63	0.30856624507582725
37	94	0.3005735516298311
37	197	0.2998911562702371
37	118	0.28577550984805294
37	148	0.27795086647055584
37	101	0.2689485115726601
37	47	0.2672036179772196
37	164	0.26435047763112857
37	46	0.2578836928930899
37	150	0.2568285353791927
37	82	0.2559783613322121
37	62	0.2423601238806247
65	66	0.5967213862638646
65	167	0.5411355700583486
65	115	0.5061796858222183
65	93	0.4868321205586242
65	69	0.4637984901202368
65	91	0.4383124252834069
65	186	0.437714398580688
65	84	0.41659923310641145
65	85	0.3979745508890217
65	82	0.3742446355164522
65	63	0.3707221048625384
65	92	0.3671802241937199
65	64	0.36022114737145744
65	160	0.33384559904720124
65	147	0.3302688587103961
65	118	0.3112058369334387
65	43	0.2970399849311197
65	48	0.2728032699973648
65	47	0.2551558381930763
91	92	0.5543365476223014
91	64	0.5539138510367669
91	82	0.5433875546136773
91	88	0.4999803914931376
91	93	0.4997028329044731
91	69	0.48771669422498504
91	84	0.4661185754734503
91	79	0.4574091315398394
91	45	0.4328268687707699
91	85	0.4294238091506653
91	87	0.4280199499015776
91	90	0.4273008961983911
91	38	0.4143570410325461
91	66	0.4074751952915332
91	77	0.37230814101448656
91	115	0.3720410803391721
91	86	0.3710325868557598
91	94	0.35950733929136897
91	62	0.35714529919917154
91	116	0.3389360488917561
91	164	0.3348759142388437
91	152	0.3064384569181246
91	142	0.30117380512170044
91	58	0.2807628410125537
91	193	0.2751433631812055
91	28	0.2646945879233504
91	149	0.25441712199782496
91	43	0.2519744458051693
91	63	0.2470043579085077
77	90	0.7432849948083194
77	86	0.6639417201603998
77	75	0.663001247282026
77	84	0.6415714718498098
77	88	0.6148734836223952
77	94	0.5237548060726398
77	64	0.4855186715190733
77	73	0.4737697506405555
77	69	0.4180444568808324
77	85	0.4092499954650161
77	92	0.3801970701584144
77	87	0.3729970449983786
77	117	0.3677078649439393
77	162	0.3649026100533631
77	55	0.3554078966892057
77	184	0.3479768278940481
77	58	0.3286464063476491
77	82	0.291779262931667
90	88	0.7067297868604963
90	92	0.6313092573759791
90	84	0.6387621962945333
90	94	0.5182981521114898
90	73	0.5126220570972898
90	85	0.5107175183904507
90	86	0.5079996913265161
90	75	0.4988470070746048
90	64	0.4656096445928965
90	58	0.4505180012979153
90	69	0.43209518913527534
90	55	0.4108554782485583
90	71	0.399521989907199
90	93	0.3651799684043408
90	117	0.33211180567097776
90	87	0.3266290105004839
90	162	0.3177568074101482
90	79	0.2824109092766558
90	82	0.2698481132995452
90	45	0.2634387252728061
90	193	0.24586784228166605
86	84	0.6998415964490418
86	94	0.5283187087898422
86	45	0.5230214806863254
86	64	0.4832838363832948
86	82	0.4158220706216976
86	88	0.4069997254498151
86	75	0.34062553681470786
86	69	0.3331612419815476
86	115	0.29915382443640504
86	184	0.2521336454935849
88	85	0.6251044756547405
88	87	0.6225450530110829
88	75	0.5659268174382368
88	73	0.5006700920881911
88	64	0.4780549633870216
88	58	0.4661577112350022
88	193	0.4599832167138666
88	55	0.4444157777746132
88	84	0.44186024191740014
88	66	0.4221948807411518
88	94	0.4125082083650139
88	82	0.3567700892892192
88	79	0.3214828495593464
88	69	0.3143544012035974
88	92	0.3132906131513947
88	133	0.2918615986068539
88	54	0.27334002046736244
88	142	0.2457456970077096
92	93	0.6550365777558134
92	71	0.4853658023530234
92	69	0.5735250483306931
92	79	0.5236023963219046
92	85	0.4502071036114285
92	84	0.4304020188318531
92	115	0.4204923697054199
92	142	0.4197100305628471
92	160	0.40857543530352897
92	66	0.4011846292133232
92	193	0.3417300337692011
92	195	0.3396439546767138
92	43	0.3314710673090753
92	45	0.3256370732995603
92	116	0.2989079676970359
92	182	0.29134921750350384
92	38	0.2894354632931068
92	94	0.2853162780887417
92	186	0.2762706255064921
92	167	0.2691896880440839
92	197	0.25254562835702865
92	181	0.24717336838483545
7	148	0.4504542363174289
7	151	0.4011846292133232
7	147	0.3712567722769507
7	160	0.35137362650079995
7	150	0.33515112167816097
7	116	0.31729822752251197
7	186	0.2848844807450101
7	184	0.2847558378985133
7	115	0.2698388414545681
7	43	0.2591061589722021
7	182	0.2582477197031348
7	94	0.25576341941323
190	191	0.7378757078481444
190	158	0.5983480536806011
190	195	0.6265401717546464
190	193	0.6183443076371072
190	55	0.6154515483568279
190	87	0.5259862964362586
190	181	0.4808889504275471
190	148	0.39088990103599336
190	197	0.38483254931154265
190	89	0.3716360643939531
190	182	0.3427718134860671
190	142	0.3339788744395907
190	54	0.2958086061074482
190	99	0.2444297924650401
191	89	0.4860000153438524
191	87	0.4799967079589424
191	193	0.4697737678796994
191	195	0.4621564787380688
191	148	0.4366304993010185
191	181	0.4032550290961546
191	156	0.3464817943149684
191	197	0.3357368566876013
191	158	0.3068280266140977
191	182	0.27289582530970496
191	55	0.2666649452637569
158	55	0.5612457918141379
158	181	0.34617377434621405
158	195	0.32825387333355044
158	69	0.32809325895423697
158	161	0.27949113141908605
158	87	0.2619211969203486
158	73	0.2499692386073681
158	117	0.24519124734149145
38	142	0.7256986636300005
38	131	0.6532803053346253
38	156	0.5559692066318278
38	181	0.4971173768103678
38	52	0.4767810449923646
38	89	0.406098230217977
38	43	0.3941974009491722
38	93	0.3859735115003062
38	28	0.3800687453128908
38	164	0.3754221501554828
38	147	0.3688056361827547
38	72	0.35373802637977825
38	79	0.3478801438596223
38	197	0.3298767958701676
38	193	0.3178826660959706
38	195	0.3064928216468201
38	167	0.30554115047436425
38	148	0.3010919664131109
38	62	0.279445036539596
38	51	0.2740430910544684
38	152	0.2608684068393057
38	66	0.26075656961794924
38	182	0.2511595046367598
38	101	0.24368684843697125
142	182	0.6690769066298127
142	195	0.6284014493385601
142	43	0.5143671418465837
142	66	0.4838048420621004
142	156	0.4820258842335429
142	193	0.4811041702716659
142	181	0.4810657424084404
142	131	0.4564834275974084
142	79	0.4479638204643379
142	148	0.4356344596920483
142	147	0.3773962759552686
142	87	0.3431865251617616
142	93	0.32834309534397016
142	197	0.3045979407078682
142	186	0.2821808320177868
142	89	0.2539962014683963
142	117	0.2485718212517607
131	156	0.6089306076006472
131	181	0.5542949835804053
131	52	0.5306503584913561
131	72	0.4818569830947049
131	28	0.47198406086220895
131	164	0.4675341272497251
131	43	0.4421257738333047
131	51	0.4050287670778835
131	40	0.3972757787386698
131	197	0.3963236974241526
131	148	0.3648939415608801
131	147	0.35786921564721597
131	62	0.3317825755828004
131	157	0.3287980364363632
131	152	0.31984101821767724
131	101	0.3141741536115872
131	89	0.3066015451055765
131	167	0.2979423688475257
131	153	0.2873726123808715
131	46	0.2740060946335738
131	195	0.2531447126972923
131	79	0.24519124734149145
182	195	0.5889389494130699
182	193	0.5733505443682791
182	147	0.4502868313781479
182	43	0.42717827624835225
182	148	0.42495204410472864
182	87	0.3801371870516465
182	66	0.3661242336830439
182	79	0.3526527128125761
182	160	0.3262180245739361
182	186	0.3243939063085238
182	117	0.3083581293288213
182	181	0.2760396909258224
195	193	0.6545681660557487
195	148	0.5320498084954076
195	181	0.4421740440407633
195	160	0.4125331031662681
195	186	0.3739006076534527
195	79	0.3601689317994718
195	197	0.3477922428614633
195	87	0.331542275575168
195	93	0.2995361893073548
195	156	0.2991174037210356
195	55	0.2986256387967463
195	43	0.2942748499261299
195	147	0.287023955870779
195	117	0.2474080802078079
87	193	0.6318081981789567
87	55	0.6212818131917935
87	79	0.40741681614889935
87	64	0.3982185914313072
87	75	0.3913049519973345
87	54	0.3833748357797011
87	85	0.3426659082323496
87	69	0.3037267549378247
87	58	0.2990172422601685
87	66	0.2890964229687121
87	89	0.2625078803244545
87	73	0.255137140187696
55	54	0.5507867700385498
55	58	0.4866031887841719
55	193	0.477700012168498
55	75	0.4037824478256468
55	69	0.3714291931539758
55	64	0.36891794850969106
55	73	0.3662194846815589
55	93	0.3514262175864657
55	79	0.3277719732870841
55	63	0.3012647318168344
55	117	0.2937632603776504
55	85	0.28789545436102465
43	147	0.7216070835203032
43	156	0.5202992509192637
43	115	0.483452434536175
43	164	0.4502150767111713
43	72	0.4298233666888684
43	62	0.4286323523882557
43	46	0.4244438725104056
43	79	0.4203606510579511
43	21	0.4158634243621524
43	28	0.402149092348478
43	197	0.38910931134388665
43	45	0.3769416718809415
43	52	0.3492418266089736
43	151	0.3284501540226277
43	148	0.3262090887267816
43	167	0.2978968066515759
43	51	0.2916694753047368
43	186	0.2769724706594984
43	154	0.27092330737100706
43	93	0.2688650195490996
43	40	0.2661539809805025
43	152	0.264666689598569
43	47	0.2490877672897545
43	101	0.2478398740871265
43	181	0.2455671629538463
147	148	0.561430714640628
147	62	0.5314616751748774
147	197	0.4951120842025138
147	167	0.4908200020811613
147	115	0.4692514641168687
147	156	0.421537257579198
147	164	0.41955348781809787
147	79	0.40155374642552055
147	152	0.3947631390802302
147	186	0.3941129367789896
147	46	0.39189760586883776
147	28	0.3877337232465513
147	181	0.3839206369780427
147	93	0.3752503256145915
147	45	0.34539899445094724
147	72	0.34204795405426663
147	101	0.3280754117408598
147	21	0.3123704334496313
147	151	0.2912485515580454
147	153	0.2891055871748007
147	63	0.27905778871423104
147	40	0.277295589510719
147	89	0.27673239895153284
147	193	0.2738303505608289
147	47	0.27173852129751475
75	73	0.5717574747297198
75	85	0.4247061880409298
75	94	0.4015621339377271
75	162	0.3837159929391944
75	69	0.35754655897738885
75	184	0.32600354815408994
75	58	0.30821333574407994
75	117	0.27587339828898605
75	84	0.2684753366952056
153	51	0.5419200597714364
153	155	0.5373768119022461
153	47	0.5297013928714224
153	125	0.4752574366257861
153	101	0.4598491756086678
153	52	0.45498597019973097
153	21	0.42947274360131743
153	156	0.40089931300267856
153	149	0.398210177178266
153	46	0.3875637775581108
153	154	0.3830847699115349
153	197	0.3759031215846381
153	152	0.3695656938250346
153	164	0.30957021422386183
153	40	0.3079327575376073
153	72	0.287996333948722
153	62	0.2705526269957861
153	192	0.2626940884683042
153	157	0.25080344148778594
62	164	0.7068899212027598
62	72	0.6301530760199686
62	45	0.6264308188889421
62	40	0.509911377243481
62	167	0.4595889183412372
62	93	0.4129064512302275
62	178	0.4058894379679327
62	28	0.39710733096574624
62	197	0.3674310992909972
62	181	0.34518760904374035
62	47	0.3121177324346183
62	156	0.28113126850744674
62	52	0.28066150893844977
62	79	0.27356207435197843
62	46	0.267686424007594
62	152	0.2562399955950043
62	151	0.2525081791505194
62	51	0.2519557155332076
62	115	0.2496317027107469
167	93	0.5379739721818256
167	181	0.4753890281554618
167	164	0.4682371019176101
167	178	0.453724207919838
167	72	0.4091084581642699
167	47	0.4032466552085717
167	150	0.3611345543170933
167	148	0.3406962528270361
167	156	0.327968323542508
167	66	0.3118740146213078
167	152	0.28379988446401816
167	101	0.26874441282611405
167	51	0.26830830284615953
167	40	0.2660703543922921
167	82	0.26376440524396616
167	115	0.259637812873466
167	48	0.2522460135282113
167	69	0.24432636173606556
151	46	0.3669033344907281
151	28	0.33595865825700544
151	115	0.3160386182362097
151	40	0.2805970216333997
151	154	0.27645535020552386
151	45	0.2568845768617472
151	21	0.2548846984431507
151	52	0.2533131702153276
148	181	0.4894980478684773
148	193	0.4653511463562958
148	156	0.4610390419850257
148	197	0.3970230970442669
148	150	0.3969304320050776
148	186	0.3948728745163994
148	89	0.3413060183700133
148	160	0.308276684695004
148	79	0.29254756092913503
164	72	0.5261815700717839
164	156	0.4839809870196476
164	152	0.44062006933305853
164	52	0.4399187077100104
164	45	0.39365671523356105
164	178	0.3771990172647612
164	93	0.3753018756854664
164	181	0.3740812351185617
164	40	0.34881151823358
164	154	0.3200205470757581
164	125	0.3114767569098653
164	89	0.3108445316057541
164	79	0.28849146827856553
164	28	0.282144016643141
164	46	0.26888357368135124
164	21	0.2672407616692643
164	192	0.2563334273070645
164	115	0.2546415735512074
164	51	0.2506347563003063
164	47	0.2474080802078079
72	178	0.6386200986276929
72	45	0.5129021456016806
72	51	0.4585786887278713
72	40	0.4539306584897828
72	46	0.4303938712557642
72	154	0.4143321914763796
72	52	0.3855649441022698
72	101	0.3719463020629996
72	152	0.36242953347498186
72	28	0.35461258613191066
72	125	0.3466489738768481
72	53	0.33867048519056114
72	156	0.3368543571232124
72	181	0.29839791611856964
72	93	0.2932789223463877
72	21	0.2864090341529582
72	157	0.2617349077068929
72	79	0.2608497677885752
72	197	0.24237894902077994
45	40	0.5054429725783126
45	93	0.4450655643637576
45	79	0.4292280461326394
45	115	0.3925745265107761
45	154	0.3684686345904261
45	46	0.364980623638756
45	94	0.36471188860685533
45	28	0.3520483769709585
45	52	0.34399791391999984
45	178	0.3130921927005012
45	64	0.3108987331354244
45	152	0.3094345829844005
45	99	0.30330913159249057
45	48	0.2910105882306082
45	116	0.2891788989158147
45	149	0.28033904708460616
45	53	0.2756331686577181
45	84	0.2632246742982918
45	197	0.24975359767600014
45	21	0.2465441977160498
69	82	0.6222938894779461
69	64	0.5543157659469474
69	93	0.5213486396722936
69	85	0.4672840380534323
69	186	0.4409745763208884
69	115	0.40619008537937795
69	63	0.3755424119831277
69	84	0.3673791984836247
69	79	0.35589706300717483
69	66	0.3546737821067133
69	54	0.3513648611042551
69	94	0.3363400697993135
69	48	0.31879929819180663
69	152	0.25277030770402936
69	58	0.24743624367601885
69	47	0.2460275589350677
63	93	0.4314687446470763
63	64	0.3723425959672792
63	186	0.3466577721912377
63	162	0.34405081275422417
63	14	0.3105554226411867
63	58	0.2976234049783563
63	115	0.288133886722231
63	89	0.27778476436522026
63	54	0.2583783781145056
85	66	0.5420754322277905
85	186	0.4460513816714098
85	84	0.3819920797537044
85	160	0.3673272953881288
85	58	0.353099206863337
85	93	0.3390157074735448
85	82	0.32564601287541434
85	193	0.3170104153220601
85	79	0.2848293493527538
85	71	0.26107342355822233
85	116	0.25879828753935474
85	94	0.2577156558146115
85	14	0.2520587296926565
52	156	0.7053104434849073
52	51	0.594378879831421
52	152	0.5855190189452463
52	125	0.5075024248212786
52	46	0.5051302046918268
52	155	0.4636728982477272
52	40	0.44757206358054347
52	149	0.4234431409796872
52	28	0.419742983749208
52	157	0.4119603668862492
52	192	0.39534545219772294
52	154	0.32902990849029984
52	89	0.3269237721696738
52	21	0.3175410236115436
52	197	0.3156154992099096
52	47	0.30185562173921243
52	133	0.2694957480257816
156	181	0.5344900791130042
156	51	0.5160346100507385
156	152	0.4756908342408373
156	197	0.4513783785516717
156	89	0.4165909686211921
156	186	0.39120332157345866
156	46	0.3900762790889424
156	125	0.3715843500427416
156	192	0.3628811436356074
156	155	0.35369428213568
156	115	0.31077225975450984
156	79	0.31040181012677304
156	157	0.3103475900740617
156	21	0.2908732853125169
156	193	0.2851968563591397
156	101	0.2806246593600831
156	40	0.2722200554629362
156	28	0.2688742966401691
51	155	0.6865657419124205
51	125	0.6011972576933707
51	157	0.6006542027347366
51	47	0.5742694607335164
51	46	0.5703355343461943
51	21	0.5668708944869304
51	40	0.5001678729569984
51	152	0.4984713375733413
51	149	0.4391280249837389
51	53	0.4327618536475517
51	154	0.3756111273502825
51	101	0.3649979592950973
51	197	0.3377228686937496
51	89	0.3208191716980078
51	48	0.2582850516420901
51	118	0.250147358067744
51	192	0.2466381169960686
152	46	0.6471271109348276
152	125	0.5294207625026223
152	149	0.4886154928070019
152	115	0.4696724510538802
152	40	0.42249888128730384
152	154	0.4158551537516355
152	14	0.4140256628296444
152	155	0.4101819840631888
152	116	0.4072082920297056
152	118	0.3875212870188403
152	21	0.382743419199612
152	186	0.3762637173069677
152	47	0.3581656356410605
152	197	0.3327433448897597
152	79	0.3307409649424505
152	157	0.3217787122572831
152	150	0.3042531571808136
152	48	0.2992539769091173
152	53	0.2818954911332385
152	93	0.26662778927517
152	89	0.2482903366545597
152	192	0.24716397930836875
152	82	0.24660994169842665
40	53	0.4946590312552408
40	46	0.4905922398332471
40	149	0.4774529975538066
40	125	0.4519117097447561
40	48	0.4469320911717318
40	21	0.4427370071797749
40	155	0.4424475268340717
40	47	0.4333874372898693
40	28	0.4315663997570793
40	197	0.3919737806458741
40	116	0.3404222068125892
40	157	0.3200025952238723
40	154	0.3081137818698964
40	181	0.2922274825952493
40	133	0.28229127315489705
40	101	0.26139022125243305
40	99	0.2486374949524069
40	118	0.2482715695231938
40	94	0.2461872622288309
53	157	0.5448939227610611
53	21	0.4835137340646952
53	46	0.4181929886922791
53	155	0.3825983134887462
53	154	0.37599757433144826
53	125	0.3303846736597601
53	48	0.317208292485708
53	101	0.3051693796345664
53	118	0.2976234049783563
53	79	0.26781638729320423
73	184	0.3995472010704064
73	58	0.3521972985866759
73	133	0.31656059186189583
73	117	0.2844801401209838
73	161	0.27926986425141376
84	94	0.48880578328336605
84	82	0.43471034737269604
84	64	0.3636276633363625
84	93	0.3512596715414442
84	115	0.29125770327420303
84	66	0.2493878890483192
94	133	0.3763924738812937
94	93	0.3644257490502961
94	162	0.33284116231438193
94	64	0.32620015282132786
94	116	0.31961657484503764
94	115	0.3087200507745816
94	117	0.304507215935261
94	79	0.2761505435040089
94	28	0.2742465568688717
94	82	0.27361758326829233
94	118	0.2702374855848864
150	47	0.414771109333256
150	14	0.2822452569235813
150	101	0.2534816123719606
150	115	0.24664750866929736
197	101	0.6551792861534855
197	181	0.6034402395370502
197	99	0.44835540540283625
197	79	0.5204596760651655
197	28	0.3938679530380032
197	193	0.3360828508640845
197	89	0.33006393097670034
197	155	0.31690247068864025
197	47	0.30959733896041736
197	125	0.3010010293125949
197	21	0.27542062912543136
197	46	0.2634480312486706
101	181	0.41232562766326425
101	99	0.4064989924969081
101	46	0.3691079909828064
101	47	0.3586362719536282
101	155	0.3120635764692351
101	154	0.3023190807748442
101	178	0.29294071029607743
181	79	0.4937369940977924
181	93	0.4930485213161556
181	89	0.44371733758838544
181	178	0.398210177178266
181	99	0.33374785527538964
181	193	0.3120996806715132
99	79	0.37140333165517786
99	161	0.3008737081748462
99	54	0.2562680256114633
193	79	0.4843790832450294
193	186	0.4285507214589133
193	160	0.4264504080522271
193	28	0.4237631595181761
193	184	0.33484927822759697
193	89	0.3019646837702054
193	93	0.2746903970448994
193	177	0.25338803529304665
193	58	0.24567052680585755
155	149	0.5633451277162305
155	157	0.5506892337673979
155	125	0.5344543621407492
155	47	0.4459232064184783
155	21	0.4445441677827848
155	46	0.4166322903586877
155	154	0.34820532436899954
155	192	0.34550467401440205
155	116	0.3038447577854626
155	89	0.30203738740011643
125	21	0.6517413720898907
125	149	0.5771109206226108
125	154	0.45339060794312996
125	157	0.4373828926030753
125	46	0.4287058142417096
125	47	0.4099740250572745
125	48	0.3394139274529312
125	118	0.3220834747795833
125	192	0.3075253712761213
125	116	0.2766400544784328
125	115	0.27591959234516783
157	149	0.3835710139371119
157	118	0.3225673721777044
157	46	0.3081680848197873
157	47	0.28649164931104365
157	21	0.2842963154545661
157	154	0.27542062912543136
47	48	0.4479238531483978
47	46	0.4174831349944402
47	82	0.4113208418840372
47	149	0.37756777741835823
47	116	0.3537117800189953
47	21	0.294704089613704
47	115	0.2720811653564664
47	154	0.2573515220044177
47	14	0.2505691523941047
115	116	0.600986490472916
115	118	0.5229343013914577
115	186	0.5064920078983733
115	93	0.3577732996131152
115	79	0.3412883480453595
115	154	0.3327433448897597
115	82	0.3213931817992367
115	46	0.3173881568522517
115	48	0.3118198495318716
115	21	0.2930321261918541
115	66	0.2746903970448994
115	64	0.26430397107521697
115	28	0.25652961830976434
6	14	0.34427120105300024
82	64	0.6176706149924771
82	54	0.40206526136674986
82	48	0.373212243227925
82	66	0.33326791814661283
82	149	0.32567283125363633
82	58	0.2751433631812055
82	116	0.2513562472266541
93	79	0.5559553885133549
93	178	0.35848812831885485
93	28	0.355224409099522
93	66	0.3525213604556746
93	64	0.2942291791385447
93	48	0.2834320596779515
71	177	0.3348936712823544
71	79	0.28753773889427503
79	154	0.32261216896968825
79	116	0.2711086174398775
79	66	0.264852670060206
79	48	0.2578463526678948
79	89	0.2551558381930763
79	28	0.2529387993269452
79	46	0.24674142285326106
28	133	0.3978398837140185
28	184	0.2449750624657641
21	46	0.4989897123632188
21	154	0.497132434146934
21	149	0.4111048068424709
21	48	0.3651019679178111
21	14	0.3154174003495651
21	192	0.29746845568754043
21	118	0.2657729829822088
21	186	0.2427365919923441
46	154	0.5682063564576224
46	48	0.4430183579506127
46	14	0.41700410851402137
46	149	0.3374836422043841
46	192	0.2623216526271365
46	118	0.2462436249061318
154	48	0.5064622686620444
154	178	0.2728680592463401
89	192	0.6233833770811816
192	149	0.3190957281079679
66	64	0.38146242350876347
66	160	0.2962282977131213
66	186	0.26350386607411896
149	48	0.3600035676005351
149	118	0.28061544683622514
149	14	0.2529855998332128
149	116	0.24277423478470905
64	58	0.5995215900554977
64	54	0.5720199226164981
64	117	0.35241626856767216
64	48	0.2965749132213961
64	162	0.2965566722467853
64	118	0.2958998531348337
54	58	0.6196027251425308
58	117	0.2553334597245813
162	117	0.4712453603683413
162	133	0.24462723568340336
116	186	0.3654919190729792
116	133	0.3648419292775198
116	118	0.3485919164570609
116	48	0.2661911470671429
116	184	0.2425483670676568
118	117	0.39781463170983056
118	186	0.3246086340493241
186	160	0.5357104503386274
186	184	0.3836562979933051
186	14	0.34205678405603474
184	133	0.4126326762091839
184	161	0.32367790577346234
184	160	0.28051410566165536
117	133	0.2877670529175665
