9	108	0.8193379843119519
9	3	0.7338085603728767
9	109	0.6652370234527497
9	0	0.5999506021542009
9	5	0.5255811076163667
9	103	0.7324811917979513
9	12	0.5969595853890002
9	106	0.5665518405322728
9	112	0.5315477755019198
9	102	0.4734051646393987
9	113	0.4448650628980057
9	11	0.37899023923797465
9	70	0.3548748331993371
9	95	0.3483459170233151
9	197	0.34823168668516913
9	114	0.3373507197578217
9	110	0.3084938603393508
9	13	0.30122836179611906
9	111	0.2971585100957352
9	176	0.29695792368528723
9	10	0.28767533126609984
9	6	0.2859132537961385
9	199	0.2361096076261825
9	79	0.2339744618388754
9	100	0.224708952054312
9	7	0.2114894280970454
9	1	0.20621979073973126
9	38	0.19763478799661546
9	141	0.19417295414198035
9	172	0.17945548741704045
9	105	0.1759788758987353
9	66	0.1627205723120217
9	144	0.1540341270624825
9	37	0.14977474108992864
9	98	0.14763316917978006
9	180	0.13222129699391305
9	168	0.12987234228240052
9	142	0.12937091119453722
9	135	0.12879074170946514
9	8	0.12076768248502015
9	181	0.11608430906448645
9	159	0.11519634454349363
9	101	0.11511740543200595
9	198	0.1029539153339239
9	87	0.10252845431364248
9	99	0.10078664306988404
9	32	0.10024219981592948
9	153	0.09837381013142142
9	170	0.09221328622319068
9	50	0.08743019934849926
9	117	0.08437491514354005
9	139	0.08253978723597177
9	88	0.08114916539329557
9	147	0.07977710664634488
9	59	0.07652310536176851
9	140	0.0736772491219923
9	2	0.06874539658160424
108	12	0.6799225574243121
108	112	0.5882919529887376
108	103	0.728592173696654
108	109	0.6200830450323989
108	3	0.6087544005776186
108	102	0.5891152721178353
108	6	0.4959570629938502
108	111	0.4880367242698822
108	0	0.4788491793924304
108	113	0.4638298851762033
108	106	0.4554933345613421
108	114	0.4303531323233295
108	105	0.40850045659640016
108	13	0.3927690625477317
108	110	0.3737801735830038
108	197	0.34041336565528113
108	70	0.3379620515592757
108	176	0.3236510485342781
108	10	0.3221282871696431
108	8	0.3124516493902684
108	5	0.3071450423536225
108	172	0.289701146847819
108	141	0.28022847416314645
108	11	0.2741818204083916
108	1	0.2523677378892683
108	38	0.2483841695153401
108	144	0.2309663198795751
108	100	0.22865518488373826
108	199	0.2214591571091021
108	170	0.21343734032318173
108	66	0.20279910691793526
108	37	0.19915259875261396
108	142	0.19444238260842364
108	139	0.19180457734251335
108	140	0.17481579312113035
108	7	0.17360372959451065
108	135	0.17262399777918244
108	95	0.16932339005124214
108	146	0.16513392805986324
108	168	0.16006168266459894
108	159	0.15491265117378603
108	2	0.15471744471429744
108	87	0.1441783213537942
108	188	0.14310101705917286
108	174	0.14145502576925478
108	35	0.14071015307299758
108	180	0.13943565980790806
108	166	0.13864131853204867
108	30	0.13550144476616635
108	147	0.12955772660207207
108	186	0.12273803428197914
108	191	0.12069870284031628
108	32	0.11916114093600462
108	198	0.11474242481314526
108	129	0.10472461400457103
108	195	0.10440811292715832
108	99	0.10300338510379324
108	181	0.09622831759261796
108	26	0.09025274236385372
108	79	0.08861494812413226
108	101	0.08758996640779478
108	171	0.08659854431603219
108	182	0.08468865712404737
108	98	0.08036829170446204
108	153	0.08022323302650496
108	75	0.0703565645728916
3	103	0.7546631465650555
3	0	0.55814172416977
3	106	0.4820489134319237
3	109	0.47437444999131395
3	102	0.4622822952557538
3	12	0.4581205376822062
3	112	0.4129728096991014
3	113	0.3904238380874757
3	5	0.36265535984654407
3	70	0.35560882786298503
3	1	0.3291725792693008
3	176	0.29553483263973124
3	197	0.2731271914873009
3	11	0.2656707498744665
3	110	0.26301059740419963
3	6	0.2537810271380771
3	95	0.2468822854392466
3	13	0.24252013175352344
3	38	0.22597141683555985
3	37	0.2206316663033585
3	114	0.21411489312887808
3	111	0.19266168859576888
3	199	0.1855359788500604
3	172	0.1760563973220183
3	99	0.1675939039487937
3	105	0.15802454941206973
3	141	0.1575857555297934
3	144	0.15727368645011072
3	2	0.14852321540687924
3	159	0.14370826680589727
3	66	0.14352218561979976
3	101	0.1360707507880013
3	135	0.13380281218142887
3	10	0.13369477994299292
3	171	0.13269287544213124
3	79	0.1260952457816611
3	153	0.11848088268280176
3	7	0.1173074226742245
3	139	0.11256097166123184
3	164	0.10249876958486384
3	181	0.09601233172096206
3	198	0.09575571290258143
3	35	0.09527414673980343
3	100	0.09520478167872053
3	142	0.09420879598753748
3	98	0.09348324279995147
3	32	0.09204175455767166
3	146	0.0868268149245776
3	168	0.08583327533896225
3	68	0.08362623547663653
3	50	0.08353984326952113
3	87	0.08181968356211282
3	30	0.08145016267142942
3	191	0.0803374918586683
3	124	0.07952769911850574
3	67	0.07801713115670203
3	186	0.07666128993684312
3	45	0.07659468335070706
3	107	0.07549706786874155
3	116	0.07404025800074687
3	180	0.07053865636793064
109	106	0.5842624252888436
109	197	0.548462725051594
109	100	0.35907188381643945
109	103	0.5545097013703241
109	95	0.5053536238712838
109	112	0.4416831776121132
109	11	0.4161363159140451
109	0	0.413005987289364
109	79	0.3998832921524278
109	5	0.3877847018141149
109	181	0.3746917177661751
109	38	0.32282717345164896
109	114	0.32171595875167003
109	142	0.3048247284570022
109	7	0.29604583714643073
109	102	0.2635503937466973
109	12	0.260495588886894
109	135	0.24994111293506746
109	110	0.2387423302864423
109	199	0.2374877398668428
109	176	0.2287499543971108
109	10	0.22386372299999308
109	70	0.22112629677784865
109	113	0.21972772152396144
109	139	0.20822961154476666
109	145	0.20082300676962225
109	98	0.18846002257388492
109	172	0.18389398264697732
109	99	0.17429224645216018
109	66	0.17280832991266007
109	166	0.16881825423390864
109	141	0.1670981863568435
109	101	0.16527983406253474
109	32	0.15590801566206725
109	117	0.15180744536318333
109	31	0.1503416809422797
109	144	0.1499604736323824
109	78	0.14973563815460694
109	46	0.14801464693058872
109	13	0.13966118084168433
109	186	0.13816070441380618
109	164	0.12827933277457546
109	148	0.12364407226240595
109	152	0.11868792960711876
109	195	0.11610403950733968
109	168	0.11306448102717673
109	140	0.10370580073130753
109	111	0.1030132789966284
109	115	0.10024219981592948
109	30	0.09918580897495476
109	26	0.09747748863104724
109	170	0.09176907737594174
109	147	0.09013768604447908
109	198	0.08981333330613507
109	188	0.08925683059491621
109	77	0.08920326054298527
109	75	0.08800871331987474
109	120	0.081328970831495
109	41	0.08115214563700891
109	36	0.07868898103050001
109	76	0.0777815693470031
109	52	0.0769714488988441
109	171	0.0706670133336727
0	103	0.5739141388892015
0	102	0.4943719585796206
0	106	0.4137107518547395
0	5	0.38065036737412256
0	12	0.3562900018262985
0	1	0.3259499238040552
0	99	0.31653359792379704
0	11	0.2799520093287643
0	70	0.2685681263030828
0	101	0.2684567781756861
0	112	0.2628895859619985
0	110	0.25847169976433715
0	197	0.23156262540521466
0	111	0.23119350437612055
0	13	0.22505074650927984
0	95	0.22414866936475586
0	113	0.22105020717910812
0	6	0.21920421245993235
0	10	0.2171470306739698
0	105	0.20351815180854316
0	8	0.1834881544651872
0	168	0.17278892709998106
0	180	0.16900283338666186
0	100	0.16663155143109734
0	159	0.1641804979002065
0	59	0.15596655667581538
0	153	0.14976496540001816
0	54	0.14207236467207718
0	114	0.1405827246578872
0	82	0.13993570863034346
0	66	0.13912186735441667
0	87	0.1274629041727843
0	107	0.1257114279303476
0	37	0.12543584317885825
0	176	0.12538662957777952
0	144	0.12078739074075248
0	79	0.12044248253145598
0	189	0.11801745463865836
0	88	0.11386405292846825
0	151	0.11005244158469356
0	135	0.10304296055282218
0	7	0.10224149429377616
0	186	0.09899668441890447
0	64	0.09697230950961712
0	84	0.09632739065001368
0	77	0.09628181728055216
0	199	0.09627389143595416
0	46	0.0942157338558814
0	38	0.09170065803070032
0	58	0.08326675620163991
0	89	0.08298273238442658
0	188	0.07902885422184537
0	182	0.07625766343942435
0	193	0.07572972999931467
0	78	0.07543740958700701
0	191	0.07400346073247067
0	154	0.0734435207386897
0	28	0.07238716711907461
0	86	0.07110878218454827
0	147	0.06914847133573672
5	95	0.4152760401232843
5	106	0.40933324350193395
5	103	0.2657636893102939
5	78	0.2635224772902853
5	79	0.26252650201894057
5	197	0.24402544073773105
5	100	0.21105951471129186
5	120	0.2085739762697896
5	7	0.2040644791787541
5	12	0.2022620773725193
5	99	0.18758219290351646
5	113	0.18704184096246898
5	96	0.17825515422557794
5	98	0.1775773121861116
5	81	0.16912911755694068
5	117	0.1674675525998257
5	21	0.16586338566879233
5	112	0.15643484530985058
5	119	0.14226832219007413
5	88	0.14197438173601742
5	76	0.13270269935510334
5	77	0.1324669182518609
5	75	0.13147450877254904
5	132	0.1269808350309095
5	84	0.12696115746358794
5	59	0.12287592286418565
5	90	0.1198807126687613
5	27	0.11975257895266925
5	11	0.11859919647373578
5	68	0.11719893498821245
5	52	0.11637039151128327
5	10	0.1150384648665424
5	93	0.10980546267965577
5	115	0.10977582429922
5	28	0.10431909318576826
5	118	0.10361676784093693
5	181	0.09584785935016628
5	116	0.0936824824910747
5	97	0.09365571938638907
5	70	0.09351991932575772
5	125	0.09180179936523772
5	61	0.0903043185527626
5	69	0.08026098835223988
5	121	0.07914611615172977
5	123	0.07857369824559017
5	42	0.07610256877171835
5	114	0.07509535836026085
5	54	0.07441219743104227
5	67	0.07398754833782609
5	155	0.0717345735993303
5	122	0.07098938794139233
5	1	0.06986499285055382
5	186	0.06825172385003246
12	6	0.59187683675002
12	113	0.7119809979470079
12	111	0.6432980651169152
12	13	0.5875525405511239
12	112	0.5504662372407378
12	102	0.4970345561073206
12	70	0.4594390374301894
12	105	0.4549304592881692
12	103	0.4534938786600535
12	114	0.4227945743900401
12	10	0.4024173061779071
12	170	0.360682286873056
12	8	0.3506722002206013
12	176	0.3456191503196148
12	110	0.27888257534374883
12	1	0.27835682385539146
12	66	0.2783014718822851
12	174	0.26124114699469925
12	199	0.25384651763787136
12	141	0.24788680227539425
12	11	0.2435551576042604
12	37	0.2423883615224164
12	191	0.2413809653991475
12	171	0.2346738300257324
12	180	0.23367195729574655
12	50	0.21742333894481314
12	87	0.20706221423496293
12	172	0.19304681148535752
12	182	0.1924498456958798
12	165	0.1858739086321084
12	177	0.1763277051011858
12	146	0.17592073339877973
12	139	0.17353583844743567
12	166	0.17313815719658238
12	106	0.1703916531987844
12	160	0.1633435614379705
12	193	0.1610261659716146
12	173	0.15357524533583278
12	38	0.14896325935116092
12	195	0.14761360503306914
12	194	0.13920031808959424
12	197	0.1372973974491827
12	2	0.13151381714394786
12	179	0.13082586104217075
12	153	0.12007783366287796
12	144	0.1167452289318019
12	88	0.1145549222342163
12	198	0.11369625373584773
12	168	0.1134494784361605
12	85	0.11305460885178385
12	164	0.11220551846297364
12	61	0.10511032100627553
12	82	0.10390364564651544
12	183	0.1036662307629074
12	32	0.10203368503288043
12	49	0.09976700026694114
12	154	0.09896004689743293
12	67	0.09050764303755356
12	124	0.08089285901108523
12	140	0.08030073055157869
12	98	0.07908450422415288
12	47	0.07812844847620644
12	91	0.07775075682186539
12	71	0.0765390116497215
12	64	0.07640778360974733
12	89	0.07362155287912607
12	62	0.07316701461861011
112	70	0.5922015815235628
112	11	0.5986817792102916
112	176	0.5650561368528844
112	197	0.4532475976213646
112	103	0.4493934704289543
112	113	0.4242306886654564
112	199	0.3772762095251605
112	102	0.3691857267364259
112	168	0.31249676738371085
112	171	0.3109619656976379
112	38	0.29779656504301355
112	153	0.29609145431426953
112	198	0.29514233934592315
112	191	0.28827142760616936
112	13	0.2812601985615081
112	111	0.2716366408532284
112	172	0.2714235984337262
112	170	0.26863307606324355
112	177	0.2670271745985015
112	114	0.26138090447655793
112	50	0.2607658896537603
112	106	0.2518901580948659
112	174	0.2434987159264162
112	166	0.2423507112421089
112	164	0.23851599681836175
112	144	0.2320546830612073
112	35	0.23082431677708784
112	87	0.2216683571984676
112	154	0.2200512820467739
112	66	0.21523097415588588
112	37	0.2108015274679447
112	95	0.20714835390101527
112	179	0.2055398851923784
112	6	0.19346075225785545
112	180	0.19044608332981988
112	182	0.18838286278513536
112	139	0.18823818191335964
112	47	0.18103253175196266
112	165	0.17858433079656805
112	45	0.17221648385627344
112	141	0.17184772997851275
112	146	0.16738007536590374
112	159	0.15640557932833762
112	10	0.15294051254510269
112	98	0.14188619471468494
112	181	0.1387492025306513
112	142	0.13868054945785852
112	7	0.11441675721550047
112	62	0.11234375367959262
112	61	0.11189941074951293
112	82	0.10797739930550684
112	105	0.10702849398910574
112	60	0.09776076319385038
112	71	0.09545052801170564
112	1	0.0938599085369461
112	183	0.0933196822328103
112	100	0.09094005439444196
112	46	0.08693499216070541
112	192	0.0801854774705764
112	32	0.07957340801713117
112	31	0.07328239264304093
112	101	0.07210763385295521
23	25	0.789762431440011
23	22	0.5483788168928297
23	20	0.389372343730058
23	39	0.4909869851071959
23	125	0.4417797624089376
23	26	0.4270965208841832
23	18	0.4136029964162067
23	24	0.39440008778779095
23	127	0.3838012658705277
23	123	0.3765297982029641
23	29	0.3714636742558448
23	28	0.3553292625037417
23	143	0.3549097952571428
23	34	0.3520834189550917
23	53	0.3363400697993135
23	138	0.3356037578712137
23	128	0.3152913231221177
23	132	0.29835236750484423
23	27	0.29596372284118083
23	129	0.28345964943137497
23	133	0.281140478133654
23	126	0.27610435582244364
23	93	0.26971830291691634
23	21	0.2667392548628945
23	130	0.2569592961511828
23	115	0.2558568755299818
23	157	0.24304712315905
23	131	0.22632249412611505
23	40	0.2074737414215125
23	137	0.2032976680085328
23	33	0.20070784358049065
23	16	0.19565444713574415
23	57	0.19513506386946888
23	155	0.19231502723638494
23	104	0.1898003017315837
23	149	0.1868198778871773
23	90	0.18642415728205328
23	118	0.1863083251673109
23	30	0.18314025194427808
23	41	0.17190595747952914
23	122	0.16968275946861833
23	140	0.1618734884533554
23	51	0.16046115233257705
23	63	0.1594575070248845
23	190	0.15928207879695486
23	136	0.15138732753016124
23	48	0.15101601507418955
23	195	0.15072284355194884
23	145	0.14986272098117004
23	85	0.14675266842288764
23	119	0.14653739947232786
23	142	0.14482454009096968
23	194	0.14441332424432116
23	196	0.14422728163138546
23	17	0.14345362683437582
23	134	0.14188619471468494
23	31	0.12740387852895674
23	2	0.12211747709330548
23	80	0.11714962147879715
23	185	0.11205740448295964
23	120	0.11197840832391172
23	73	0.11185991143186104
23	74	0.10664294540385112
23	36	0.10546633017496072
23	162	0.1014003067174107
23	135	0.09926403117371653
23	116	0.09857880273100196
23	81	0.08945424169629299
23	156	0.08776362114381217
23	92	0.085938493442037
23	83	0.08097332844762185
23	152	0.07799824677549383
23	44	0.0723115649358497
23	69	0.07209768584089085
23	62	0.07137840668179139
23	75	0.06905790588361163
23	19	0.06833732273377456
25	125	0.5012019268602632
25	26	0.4753193647006264
25	18	0.4569424472862968
25	53	0.4431710546953161
25	39	0.4240256598441496
25	22	0.4199900973728098
25	29	0.4081171460020603
25	128	0.4021407095536919
25	28	0.3896946839082259
25	20	0.3873003096735812
25	27	0.3856415620140057
25	24	0.3811034817261229
25	127	0.374794865861828
25	133	0.3695138874044674
25	132	0.35891508155473645
25	129	0.3314265602248951
25	21	0.30546861713313594
25	115	0.3044618514768364
25	126	0.2963012758871603
25	157	0.2897744310088633
25	93	0.2849120457343957
25	143	0.2847742160761006
25	16	0.2828985656011884
25	51	0.2778955009483389
25	155	0.2746164318047921
25	119	0.2692731643435387
25	17	0.2659774312635416
25	130	0.2624240802796962
25	34	0.2571460809334994
25	40	0.2471921463985236
25	122	0.2406085898058889
25	123	0.24017517241284805
25	57	0.2295269007231512
25	48	0.2144011211783469
25	131	0.21230126334967386
25	41	0.20759814216958689
25	149	0.20291416881991692
25	90	0.19748103265745112
25	138	0.19247873442078894
25	30	0.1892025664447773
25	104	0.18778479563294884
25	31	0.17480609870979855
25	116	0.1736425237949001
25	44	0.16604815281789498
25	156	0.16560080179478004
25	120	0.14893392492165627
25	65	0.13867074176720542
25	118	0.13738569980603155
25	63	0.13639462620091175
25	55	0.12861372327760365
25	33	0.1271972816716686
25	190	0.1260657226703185
25	195	0.12276758223441875
25	15	0.11792870722702498
25	121	0.11417989260238047
25	148	0.1130249921916812
25	52	0.11283741534905622
25	73	0.11201790658041537
25	84	0.10836283599845233
25	136	0.1077994944910593
25	2	0.10673192100503266
25	192	0.10461581914865054
25	152	0.09757950891472296
25	145	0.09557934200815398
25	142	0.09389658245131766
25	194	0.093462426280539
25	81	0.08935603303095523
25	134	0.08516420232799296
25	80	0.08365304659571693
25	91	0.0805908408643414
25	69	0.07724779593853684
25	179	0.07568200510548634
25	36	0.07498001151627502
25	43	0.0723811985558942
25	92	0.06983812459004239
25	137	0.06852941888980546
22	137	0.5363732232584373
22	33	0.621656216687449
22	24	0.6019693555024116
22	34	0.5979306046381806
22	140	0.4743976987268847
22	138	0.459083951944199
22	127	0.432558652372838
22	39	0.4302472028940134
22	123	0.4029786551520588
22	136	0.3745627696022752
22	143	0.3650239623050495
22	149	0.3628811436356074
22	20	0.33782031883216684
22	26	0.3347338493286673
22	2	0.3293063194767151
22	125	0.29516059705813874
22	36	0.29214516615165265
22	130	0.2824109092766558
22	141	0.26548485618910994
22	18	0.2639504810931532
22	27	0.25977769565550685
22	157	0.2529387993269452
22	134	0.2500817370778593
22	128	0.23160994379484245
22	41	0.20107250796773665
22	35	0.19441351667525408
22	119	0.1911495085219514
22	145	0.18268597684096574
22	32	0.17871986247629687
22	53	0.17407892138898096
22	164	0.16448212641574705
22	30	0.16023706605610952
22	115	0.1507619346212286
22	146	0.1488752552762922
22	144	0.14153342411995504
22	139	0.12947906860334155
22	142	0.12911525417739936
22	40	0.12696115746358794
22	129	0.12652822572632208
22	150	0.12503227344821588
22	4	0.12414624374582993
22	21	0.12239329210528488
22	118	0.1208760767129812
22	155	0.11922028855039725
22	28	0.11469308282130798
22	62	0.11233387987969023
22	42	0.10821459496562516
22	104	0.10661328649050672
22	195	0.1052388829854908
22	46	0.10453669404416964
22	154	0.09055326603243817
22	72	0.08869928001695089
22	48	0.08807122500457486
22	38	0.08472142035090596
22	120	0.08470354952259833
22	69	0.08464894387628391
22	44	0.07827554337421236
22	131	0.07549905646882676
22	132	0.07470257425823973
22	126	0.07424810905174807
22	29	0.07329034967590327
22	152	0.07204496113751388
22	16	0.07050084534327515
20	19	0.4058059092014521
20	125	0.3620907141159112
20	121	0.3539042403941486
20	124	0.32736133125602884
20	123	0.31539938999868083
20	21	0.3026915618857263
20	34	0.29269386062788244
20	24	0.29160542897301395
20	137	0.2681876572536102
20	138	0.2596751160142789
20	119	0.2516653721864747
20	53	0.2462530185237722
20	52	0.2445144134701511
20	155	0.2420306543968619
20	120	0.231060983148765
20	69	0.2269960182563845
20	156	0.2255918077759775
20	36	0.22552536914338675
20	126	0.22289461931578125
20	40	0.2120529683246676
20	140	0.2016002129712905
20	33	0.1996231185381709
20	28	0.1965390694426282
20	132	0.19402860540918795
20	51	0.1939804872973994
20	141	0.18460886065711088
20	42	0.1837973625701997
20	136	0.18174818389426725
20	26	0.18047148111617373
20	128	0.1746509835202526
20	27	0.1717992061437326
20	145	0.16437510046044454
20	29	0.15614217314164128
20	129	0.1499115976731326
20	122	0.14869924005291113
20	39	0.1443643666512665
20	92	0.14289531123971475
20	93	0.14076896461557348
20	58	0.13424472910657573
20	17	0.13369477994299292
20	48	0.12986251093788553
20	18	0.1293807438134897
20	30	0.1269808350309095
20	32	0.12273803428197914
20	84	0.10920277730191624
20	35	0.1082738919566322
20	144	0.10466527166645274
20	130	0.10414104868964842
20	133	0.10204358091405416
20	90	0.10108358669836393
20	16	0.09910164448068363
20	131	0.0975052225032419
20	127	0.09549214519110263
20	161	0.09474199400139266
20	68	0.09114930538642796
20	163	0.08728928305360383
20	139	0.08705507641610069
20	73	0.08393703841352394
20	2	0.08353189909545533
20	181	0.08243450847380586
20	41	0.08182067686757091
20	38	0.08123857207324525
20	81	0.07973040559744958
20	134	0.07814932025681541
20	95	0.07063119302032471
20	78	0.07057447715167865
20	150	0.0690071489236046
20	116	0.06825371453316513
89	179	0.7833566166081782
89	82	0.5639387354056018
89	51	0.5560313843621735
89	192	0.5227889782512186
89	91	0.5509400109328741
89	87	0.5076434750636188
89	94	0.4964922333347346
89	154	0.4790418321913568
89	47	0.4714320419257603
89	50	0.4636728982477272
89	155	0.4274153273043066
89	49	0.399295062245327
89	191	0.3936736157883094
89	180	0.3841934370362287
89	86	0.3688574739797713
89	168	0.3669898695097549
89	178	0.3666696582228762
89	153	0.3631416104549224
89	45	0.354175383692722
89	64	0.33852882914742083
89	177	0.3354262719370503
89	72	0.3266022108332005
89	151	0.29800615364126715
89	173	0.2940373471584956
89	40	0.2817389926965381
89	97	0.2772032762356165
89	21	0.2675378826103148
89	122	0.24180470019715816
89	60	0.22303716224720627
89	67	0.22262851367812087
89	189	0.22080289740149708
89	44	0.2174805018245328
89	70	0.2081626457387562
89	17	0.2057026975723067
89	164	0.19828813962449507
89	46	0.19412483883169174
89	48	0.1918431054870623
89	52	0.1865110279673096
89	125	0.17962968501927676
89	62	0.17163421887115532
89	160	0.1689834045601478
89	14	0.16858508469591066
89	11	0.16577586032211966
89	43	0.16549381644516806
89	53	0.16435564077994647
89	157	0.16375232730083436
89	59	0.16297367732210655
89	174	0.1584632808926027
89	169	0.14580342385087222
89	16	0.13096346236418974
89	156	0.12725631047219174
89	152	0.12618381377531093
89	101	0.12493383552469264
89	28	0.1152062118301486
89	71	0.11116861626287096
89	58	0.10903480147706886
89	42	0.10860001162463878
89	129	0.10702849398910574
89	148	0.09901054719488106
89	35	0.096710785378501
89	170	0.09222220968617326
89	165	0.08705209915108213
89	83	0.082127600459422
89	159	0.08062362644597648
89	84	0.07106898432972658
89	132	0.07018242868872003
179	91	0.5674067937220564
179	154	0.5565907039011635
179	168	0.5511001776083383
179	51	0.5464879640301347
179	155	0.530276682110997
179	50	0.5250018525840865
179	87	0.5091487868950801
179	153	0.5019054640265166
179	82	0.48164196621286
179	192	0.4663455374949792
179	180	0.4619755848934614
179	173	0.4358936947826527
179	47	0.43242858048979177
179	191	0.4312245626306115
179	177	0.4083671475041321
179	174	0.4001100928648039
179	45	0.3979240527078522
179	70	0.39441697662598457
179	94	0.3841763889971773
179	178	0.3831359634983281
179	49	0.3749495706088334
179	164	0.3235257078559375
179	170	0.3123433604545662
179	60	0.2930961141313245
179	97	0.2857846931453888
179	165	0.2700891637007892
179	72	0.2657636893102939
179	67	0.2593580146261605
179	44	0.2544919422290643
179	176	0.2544825898667502
179	11	0.250690986387782
179	40	0.24065569461448424
179	157	0.2390817818527557
179	122	0.2359774079416939
179	62	0.2354296305260173
179	189	0.2347116267986557
179	35	0.23304789884708024
179	86	0.21897573256104014
179	53	0.21873770712841326
179	38	0.2168897468606407
179	64	0.21590798028183025
179	17	0.21290278756570652
179	46	0.20695692806096289
179	21	0.20368110483063107
179	14	0.19985354364071495
179	125	0.19636601629143727
179	61	0.1939708635630261
179	171	0.19344150072462293
179	66	0.19272908938983255
179	156	0.18268597684096574
179	144	0.18173851420071654
179	71	0.1683907623326876
179	151	0.16304181731527845
179	195	0.15125053316901552
179	160	0.1430716312700601
179	27	0.1395631299971649
179	130	0.13735626592964195
179	52	0.13684604023939945
179	199	0.13608056562215365
179	152	0.1344607579605243
179	148	0.1293807438134897
179	34	0.12855471531170934
179	28	0.12740387852895674
179	131	0.1257803210885712
179	6	0.12319107894382388
179	48	0.12128006614832673
179	59	0.1199201376242778
179	128	0.1181259211369615
179	183	0.1121363992256835
179	105	0.10801693276998647
179	182	0.10704826484481172
179	194	0.10676157915897078
179	26	0.10565421300989827
179	146	0.1051399894673253
179	169	0.10477406538335207
179	142	0.10121225668090908
179	98	0.09617977109831716
179	16	0.09442089239468178
179	8	0.0938271991551649
179	68	0.09361805256531752
179	41	0.09047590507791384
179	101	0.09036283710358348
179	18	0.08933024056805514
179	132	0.0801040041713404
179	159	0.07828647596713102
179	37	0.07729550933492907
179	33	0.06935348342124051
82	64	0.4657427793555195
82	151	0.3563685744756817
82	168	0.5386202870406829
82	154	0.5275397149218196
82	91	0.5184444103535679
82	49	0.4737387283637402
82	94	0.4652571273092523
82	47	0.4312327030492735
82	180	0.4216441515450847
82	86	0.4126160813867444
82	14	0.4118607273222875
82	45	0.4046525202633999
82	46	0.4037657084957716
82	189	0.3668773727466781
82	87	0.35805230710588065
82	50	0.33776716510891514
82	59	0.32945787573997304
82	51	0.32773627019766305
82	153	0.3242775814864594
82	192	0.2888856316070604
82	159	0.2821808320177868
82	152	0.2810852195997024
82	191	0.2655685107912734
82	54	0.2526205245001412
82	44	0.2163464932210799
82	62	0.21541216511337852
82	60	0.2143534190590554
82	48	0.20959719920155345
82	40	0.2091573650796164
82	101	0.2067463413336522
82	164	0.19611602903314196
82	169	0.19369175903260205
82	177	0.1929697916617613
82	72	0.19263280198460486
82	70	0.1911013349683044
82	17	0.1783132471101864
82	84	0.17427285394030698
82	173	0.1699352623410249
82	178	0.16428753089082654
82	43	0.16318782634821768
82	52	0.16132811276722894
82	102	0.15976935455888744
82	11	0.15607387902177772
82	155	0.1526279823163605
82	160	0.14978451675055618
82	148	0.14581321125021746
82	66	0.14140602589894746
82	35	0.14105320639259752
82	170	0.14007296446011086
82	147	0.13888650467490699
82	67	0.13529529463785442
82	174	0.13406796873375074
82	97	0.1335572797714493
82	144	0.12729566250511676
82	182	0.12662662354179344
82	187	0.12263953953590825
82	122	0.1155811518587689
82	188	0.11217589606561984
82	156	0.11027965017539257
82	53	0.10596074248843326
82	37	0.10479384578980444
82	157	0.10086582979544427
82	28	0.09903431186428267
82	6	0.09779542857438554
82	165	0.0935873241706814
82	16	0.09068120675088086
82	83	0.08528035257597841
82	34	0.08442654472240109
82	4	0.08004438888397561
82	58	0.07678754233389445
82	193	0.07668415472659608
82	129	0.07562334278180106
82	15	0.06856524973526805
51	155	0.7667116436658965
51	53	0.5500897524288607
51	40	0.506194561314136
51	21	0.5851574604338924
51	125	0.5490777140726386
51	17	0.4834217829937074
51	122	0.4447447406084588
51	154	0.4405878346067652
51	47	0.43408564766862695
51	91	0.4018304987565471
51	173	0.3860075519526765
51	49	0.3791957484770448
51	50	0.3772333255831553
51	94	0.3654312684253693
51	28	0.3509089756287561
51	156	0.35073359074410404
51	52	0.3394493188998524
51	157	0.3309992171850696
51	44	0.32747739480870536
51	72	0.3236331434184046
51	46	0.30365413316873885
51	148	0.2937267118223309
51	178	0.2929589939037598
51	119	0.2886473119882997
51	42	0.2828617664487277
51	132	0.2805693834414087
51	86	0.27620596703826744
51	151	0.270728710184556
51	48	0.27017259633841
51	26	0.2697461202529348
51	124	0.2654197887346271
51	153	0.25901287015550417
51	27	0.2532383021032573
51	45	0.2495848179249394
51	149	0.24269894846898946
51	64	0.2393740405520289
51	14	0.23578853609772635
51	58	0.22088850784723785
51	164	0.21296006717812127
51	127	0.20523338396961752
51	29	0.2012260342026881
51	39	0.19668327104948666
51	67	0.1951158253482522
51	152	0.19182384148869394
51	131	0.19103389044661875
51	41	0.187418169478004
51	101	0.18581598093273766
51	128	0.18404856737780934
51	97	0.18221228781747492
51	192	0.1581902997588301
51	129	0.15773202708059758
51	93	0.15623973358016285
51	24	0.1455195768620671
51	115	0.14516718175736146
51	18	0.13926896104962466
51	59	0.13882766155229753
51	180	0.13520694099575567
51	69	0.1349811385887107
51	104	0.13277146601575546
51	143	0.11905270144657296
51	133	0.11716934695190162
51	16	0.11312371361066738
51	126	0.11233387987969023
51	120	0.11001292587235856
51	174	0.10501142478506202
51	123	0.09966700455856632
51	130	0.09894717419105464
51	195	0.08906040454887251
51	118	0.08731905439306524
51	163	0.07678058360444077
51	84	0.07560544569746062
51	38	0.07528925585244166
51	142	0.07326448928499013
51	65	0.07056552197280222
192	87	0.5277706205258752
192	191	0.4786718980740423
192	180	0.4165000547392945
192	91	0.4075585882897197
192	60	0.3275577407104865
192	168	0.31490401634269544
192	177	0.29155967999232985
192	178	0.2844617585954052
192	189	0.28248452713952554
192	160	0.27117347121723084
192	193	0.2556138796832928
192	94	0.2554082425828041
192	97	0.2317045772861148
192	45	0.2276503619018028
192	70	0.2228375994739639
192	182	0.2111168412181398
192	194	0.20879395999902514
192	47	0.20414114654205068
192	72	0.19689475134725035
192	50	0.19169862189698728
192	170	0.187562896572708
192	49	0.1875339518050528
192	195	0.18737957421149648
192	154	0.1843673696246541
192	71	0.17872954305110297
192	165	0.17747077881276954
192	153	0.1737686012237884
192	174	0.17194477514626022
192	183	0.16928453660452775
192	85	0.16914854539805374
192	155	0.1674286741546583
192	86	0.16735091570217894
192	62	0.1635576838937067
192	11	0.15665920870530586
192	164	0.15201259926485253
192	157	0.15094761075976765
192	83	0.14998002381087167
192	27	0.14694835540762322
192	46	0.14413915262345775
192	16	0.1434732151993117
192	64	0.1407591627607898
192	151	0.13829802938346675
192	21	0.13352781477980966
192	159	0.13035404684500712
192	196	0.12958722293128322
192	146	0.12875140498904392
192	199	0.12275773294111984
192	122	0.12222583524269855
192	125	0.12141800456571801
192	81	0.1198511437039858
192	171	0.118135781587981
192	44	0.11721866023016705
192	169	0.11671563771162614
192	190	0.11660713479843472
192	132	0.1152062118301486
192	33	0.11502859719367507
192	130	0.11126737931848237
192	198	0.1111982454102099
192	48	0.11081305109431082
192	98	0.10946954961314476
192	84	0.10933122519564582
192	29	0.10881741175525143
192	34	0.10524877222285824
192	173	0.1052388829854908
192	74	0.10396299751837697
192	35	0.10291433915131136
192	65	0.10182586686630526
192	176	0.10099450549842118
192	61	0.0929618139836218
192	43	0.0913892895047407
192	67	0.09003750573783456
192	28	0.08835896825056198
192	18	0.08785193493542885
192	53	0.08711759862217805
192	136	0.0854173473249423
192	54	0.08102300041247924
192	129	0.0795068319014123
192	26	0.07681637127621589
192	80	0.07634117442486271
192	40	0.0755885428508553
192	167	0.07353900224592567
192	187	0.07193752087340834
192	144	0.07094560954237812
192	6	0.07069586845355412
192	17	0.06877326420192795
192	128	0.0683512573405866
192	69	0.06773313242944387
91	180	0.6627433711537981
91	189	0.5425131006971098
91	94	0.5327162169513555
91	86	0.4913284289453372
91	49	0.4609130418112585
91	168	0.4308337399843504
91	40	0.4121015060719913
91	45	0.3849006995260028
91	60	0.375052695506682
91	154	0.3567089977063864
91	87	0.350680970479926
91	61	0.3451788005581892
91	50	0.3433364943223807
91	84	0.3170284052959292
91	67	0.30971487366266137
91	62	0.3095159632393097
91	194	0.3013011009609999
91	28	0.2976234049783563
91	47	0.291779262931667
91	182	0.27122905820965154
91	93	0.2653361270261431
91	191	0.2642574632901024
91	153	0.25984297055683164
91	68	0.2584437037758478
91	97	0.252714140421959
91	155	0.2457456970077096
91	159	0.2437338786998941
91	177	0.23639286322983
91	90	0.232981699559877
91	174	0.2328682100441837
91	65	0.2325939175333536
91	72	0.2262560786050249
91	183	0.22616119563986706
91	132	0.22221028065669374
91	64	0.22046993555528926
91	70	0.2167563285730452
91	178	0.2097788450782754
91	92	0.2093868543225544
91	193	0.20804784267403184
91	21	0.2056739668030091
91	54	0.20282787291858206
91	85	0.2022812590959632
91	69	0.19010875525734008
91	151	0.18847931215757396
91	170	0.18799702897311846
91	35	0.18751465511234128
91	171	0.17828420082323784
91	42	0.17807118522804305
91	53	0.1702460044745997
91	160	0.16957592462124044
91	131	0.16624263195891067
91	46	0.16595090840239904
91	125	0.16321702729725168
91	29	0.1610261659716146
91	173	0.15939903206729114
91	167	0.1560348531403902
91	164	0.15390720896833318
91	187	0.14787771126089433
91	81	0.14425665745900973
91	48	0.14354177359121567
91	37	0.13827841185610668
91	71	0.13772907709003648
91	17	0.13622778492794554
91	157	0.13166121985240342
91	44	0.12873173647688532
91	165	0.12864322691906313
91	66	0.12862355785005655
91	43	0.1232698640838512
91	14	0.11210677636319928
91	6	0.1119586590629632
91	88	0.1075227399494554
91	122	0.1030330667211448
91	129	0.10104399525396322
91	146	0.0999155050252949
91	148	0.09968779591129903
91	98	0.09902540012649416
91	184	0.0970753304928703
91	107	0.09494514996351697
91	15	0.09323046525441647
91	142	0.09249089812683037
91	101	0.0844533522095672
91	19	0.0838208615880149
91	175	0.07691876268796985
91	126	0.07441418635639599
91	144	0.07360862332848184
91	11	0.07197930339685286
91	59	0.0700610285698056
154	153	0.6843231481584819
154	47	0.6489195109982603
154	148	0.4175409328535113
154	49	0.4985690296645493
154	46	0.4636493476968387
154	45	0.4620699690877005
154	17	0.4584286315938199
154	14	0.45721141471299204
154	168	0.45298535142324
154	152	0.4389585043722566
154	50	0.4277421978582737
154	48	0.4160867048414118
154	44	0.3992362211590476
154	164	0.3941129367789896
154	94	0.38558197076444745
154	155	0.3418448473438949
154	180	0.32606610724443513
154	117	0.3130651332479801
154	53	0.2871248905809603
154	149	0.2789747952225067
154	173	0.27482907310777754
154	151	0.27468115156764555
154	174	0.27307166648520803
154	189	0.26601460110831043
154	119	0.26201433420923553
154	18	0.25877962697384344
154	11	0.2584157073532318
154	67	0.2488814058220969
154	157	0.24637513134251265
154	62	0.2387329002429318
154	178	0.2294416403959569
154	64	0.2282665845841341
154	86	0.22781154546551904
154	118	0.2230276596817698
154	115	0.21284550648987446
154	177	0.20974060504397152
154	40	0.20948246803473405
154	191	0.2062389401287073
154	70	0.196346787408169
154	72	0.19629871453930767
154	16	0.1876207851307635
154	31	0.18302427423823828
154	87	0.17886506746416897
154	165	0.17818737762298215
154	60	0.1676910935479672
154	122	0.16658293932981902
154	66	0.16336302775199268
154	35	0.15870699357979956
154	120	0.1537607587028147
154	26	0.15140686910853302
154	38	0.1498138435567226
154	59	0.14875791284152529
154	33	0.1477407699211572
154	142	0.14306183595096286
154	127	0.13266340354679462
154	169	0.1318773999582588
154	143	0.13065876694654746
154	170	0.13062927898237187
154	101	0.13036387691041762
154	27	0.12728582453445073
154	52	0.12572126988434368
154	41	0.12328956012610215
154	15	0.12165445951116514
154	156	0.11709044450494333
154	176	0.11495952284807323
154	28	0.1136666414399958
154	171	0.11076366479733432
154	24	0.10653419512752876
154	125	0.10421028900972062
154	21	0.09929175520291254
154	116	0.09407895704983077
154	146	0.08956732830757555
154	129	0.08523766514722457
154	39	0.07943826769758587
154	131	0.07929914961268529
154	197	0.07850114851888461
154	34	0.07757780634517991
154	134	0.07684420599520299
154	130	0.07138338120563127
154	144	0.06993166550350828
168	180	0.5425483837167839
168	153	0.43946697241307936
168	174	0.4323797988928104
168	87	0.3978903859140661
168	189	0.39244763625347534
168	159	0.3916521172585749
168	70	0.3818981267806507
168	45	0.3816674814722366
168	182	0.3691857267364259
168	170	0.3490837712483845
168	177	0.3445532427205898
168	50	0.3383871577579601
168	191	0.3381126257875914
168	165	0.3363400697993135
168	176	0.3194908708867575
168	60	0.3134258841422672
168	11	0.31104326066128074
168	146	0.2799796579027221
168	164	0.2731179374466532
168	49	0.26500144024469346
168	173	0.2525362661263291
168	47	0.2482434184766961
168	66	0.24691045670470266
168	160	0.23136387620572185
168	46	0.22889210053741085
168	144	0.2261801725762993
168	183	0.21951833306523413
168	193	0.20172492615813814
168	197	0.1981440330673301
168	94	0.1930853205051182
168	102	0.18998345053529506
168	35	0.18867219999370646
168	151	0.18435770952011415
168	199	0.17448616413247034
168	171	0.17332245553555972
168	187	0.15967190562694258
168	198	0.1589799288292345
168	37	0.1546979234036483
168	86	0.1517195182571438
168	14	0.14970631064571455
168	62	0.14833740140320126
168	184	0.14316958291915596
168	147	0.13920031808959424
168	194	0.13756229796746114
168	8	0.13511858520334616
168	195	0.1329581119352558
168	175	0.13130744358303778
168	34	0.12774818205004385
168	178	0.12659710445871894
168	169	0.12567205986693247
168	71	0.12490430366791345
168	38	0.11505820014416546
168	161	0.11386405292846825
168	103	0.10964738906217067
168	166	0.1046553812042921
168	105	0.10079654148043324
168	44	0.0981282041412967
168	188	0.0979063561969865
168	40	0.08742325285252635
168	172	0.07850909921444878
168	85	0.0768650819558399
168	72	0.07538073371912361
168	152	0.07356883994054418
168	33	0.07320282180144505
168	59	0.06948982316788953
168	97	0.0692897909725831
83	190	0.7725814384934345
83	87	0.4672449548589283
83	96	0.4651866061340056
83	88	0.4508447246772624
83	191	0.4350265942375223
83	54	0.39958081501453896
83	185	0.3739006076534527
83	55	0.3671196601293567
83	193	0.3608127660560383
83	85	0.34968954220078
83	99	0.33490254971491024
83	43	0.3071088154316468
83	81	0.30330913159249057
83	158	0.29284928904425644
83	198	0.29077258889052604
83	71	0.2789840169274164
83	76	0.2687165793085021
83	160	0.26694358990606026
83	135	0.2627964946084748
83	101	0.2618746264461675
83	159	0.25944195867431585
83	90	0.2555577991305913
83	162	0.24704191709128334
83	58	0.2465254133042571
83	78	0.24316943994609444
83	75	0.2420871388462759
83	80	0.24095713853777986
83	74	0.2368837444197553
83	63	0.2298963214222655
83	186	0.22320820117507864
83	194	0.22271405125305144
83	188	0.21441066147948445
83	196	0.2076746931389859
83	73	0.204763975965
83	187	0.1916793567903607
83	184	0.19130365770461225
83	177	0.1890097186721197
83	77	0.18126465619559515
83	133	0.17838102057114566
83	16	0.17215826276578414
83	182	0.17209033664003273
83	8	0.1714498099376732
83	151	0.16577586032211966
83	93	0.15986680037701145
83	64	0.15079125261379078
83	106	0.14797552303240147
83	29	0.1460481002675083
83	18	0.14531401753230094
83	15	0.1453042286797136
83	1	0.14422728163138546
83	107	0.14402164372294407
83	126	0.14005335681389086
83	132	0.13033438663730454
83	129	0.1277875290650418
83	28	0.12757111550801206
83	97	0.12728582453445073
83	59	0.12152638146129956
83	105	0.11744549386137587
83	169	0.11640984964487107
83	183	0.11227463661449393
83	167	0.10904468258041533
83	14	0.10456636611349407
83	13	0.1042894195671075
83	84	0.10404213219565364
83	197	0.10203368503288043
83	125	0.10161803981180886
83	102	0.08896020475522748
83	26	0.08723073229784863
83	161	0.08688735473121413
83	120	0.0861985525993647
83	118	0.07955254095273705
83	98	0.07538868825628638
83	4	0.07475826151864487
83	34	0.0744450146236652
83	21	0.07403627992740795
83	103	0.07152067666125353
83	57	0.06802179629584405
190	185	0.5914543811058268
190	55	0.4876862083332152
190	54	0.4221702278844297
190	96	0.4980729234011045
190	193	0.4775533563466489
190	88	0.4759151815725206
190	135	0.4624238165924286
190	87	0.44520989779520254
190	158	0.43994290153662174
190	74	0.4197676979128205
190	191	0.4105229445065725
190	85	0.4069496631539457
190	63	0.39322566119121977
190	81	0.3876487536962928
190	198	0.38514770886853467
190	196	0.3796152136906802
190	76	0.37496675873632745
190	194	0.3727129218787952
190	187	0.3650846337801784
190	71	0.3622731672057671
190	162	0.3591241467333433
190	99	0.3328767305112474
190	90	0.3288069553255502
190	159	0.3277719732870841
190	188	0.3261107905605975
190	167	0.31642561704499994
190	43	0.30843052076399396
190	80	0.3057134029475695
190	75	0.3016465640964635
190	78	0.2999275584453257
190	186	0.283211324762774
190	147	0.2737933494780034
190	182	0.2562119651475973
190	106	0.2499973638578388
190	93	0.24705130677099865
190	183	0.2382802052334424
190	77	0.2280769970580901
190	160	0.2241106787291932
190	133	0.2209360677352816
190	97	0.21532633966578324
190	15	0.2072344903552633
190	184	0.20612404142571947
190	73	0.20364276395797765
190	107	0.20282787291858206
190	18	0.20207025160484995
190	118	0.19910458136239406
190	177	0.1977020529002738
190	181	0.19219946277832992
190	16	0.19156376304918174
190	8	0.18449294774161304
190	101	0.1842321249204558
190	126	0.16648571269808088
190	175	0.16217535035787767
190	57	0.15427818603097046
190	29	0.1490903721820337
190	197	0.1408473784602354
190	98	0.14059252700908173
190	132	0.13180861673880792
190	136	0.12735468980306924
190	161	0.12253119252493852
190	117	0.11995956220156842
190	172	0.11807661853246905
190	84	0.11629147414220165
190	129	0.11327179155070065
190	58	0.107325047928735
190	1	0.10621781620378623
190	28	0.1060695061755953
190	115	0.10471472366666153
190	195	0.1004698834078252
190	34	0.0999155050252949
190	116	0.0994640367843441
190	152	0.09806680077475624
190	65	0.09312241157603188
190	103	0.08440271574231738
190	105	0.07999371543947098
190	120	0.07267962035553195
190	95	0.07100431233310113
190	27	0.06886880951368256
185	74	0.61226713012313
185	162	0.5784432669934644
185	187	0.5615539653833598
185	167	0.5088079540372982
185	135	0.4824556527655463
185	184	0.4451778256981909
185	196	0.4421418641870256
185	158	0.4318755742072503
185	193	0.38929598602840776
185	96	0.3836562979933051
185	80	0.3782106771742322
185	63	0.37116192987914204
185	194	0.36481592228187504
185	85	0.3551370244337787
185	175	0.35470000802290463
185	188	0.3519607676929529
185	183	0.35189067583009515
185	57	0.3507686696898836
185	81	0.3476340056570663
185	160	0.3465873839682195
185	182	0.334582888687224
185	76	0.3259588613413947
185	186	0.32491277441036315
185	198	0.3044074123035629
185	54	0.3007736626128408
185	73	0.28686795332799386
185	147	0.2772217393001265
185	161	0.2734510510529225
185	88	0.2505504079981745
185	75	0.24488106144140984
185	159	0.2412773717737074
185	55	0.2402788244215409
185	43	0.2335963240887293
185	78	0.2299057928773046
185	71	0.2106295196542075
185	99	0.20828700925331614
185	104	0.20485020083002325
185	107	0.19263280198460486
185	84	0.18329488095565
185	77	0.1807810408425039
185	65	0.16982843692385374
185	90	0.16748699162709155
185	93	0.16741895446199434
185	8	0.16429726097091285
185	189	0.14002394513860622
185	191	0.1369343537359937
185	181	0.13680678909811506
185	105	0.12569174394812244
185	195	0.12376223596581708
185	169	0.12368346055331556
185	166	0.1232797121171173
185	87	0.12201896715847654
185	56	0.120067977837905
185	16	0.11752438964440895
185	177	0.1072855085056498
185	58	0.10602995603741946
185	18	0.1052784398100534
185	101	0.10122215423168217
185	118	0.09691089216542367
185	98	0.0928319444915649
185	170	0.0850003967629925
185	15	0.07296907706819912
185	116	0.07070681346807826
185	163	0.06995057256006519
185	1	0.06959929115878015
55	158	0.4796272133393758
55	63	0.4698750723313176
55	76	0.397528400209662
55	90	0.3820091612642221
55	75	0.3691857267364259
55	54	0.3448792758747574
55	96	0.33258326456771176
55	99	0.28918806264495905
55	30	0.28686795332799386
55	93	0.28297216140754605
55	81	0.280873377955116
55	57	0.2745054778511053
55	65	0.26087772629173706
55	147	0.23156262540521466
55	97	0.20649744141279253
55	71	0.2033360144990096
55	61	0.20067905191629207
55	100	0.19828813962449507
55	78	0.19768283454632066
55	88	0.19352813145089287
55	77	0.19270020355788392
55	59	0.1862021411787364
55	133	0.17283743388020248
55	115	0.1711003705981359
55	126	0.16590228498418444
55	167	0.1658342108435112
55	68	0.16295420846704095
55	74	0.16033449690284765
55	7	0.13604130612529006
55	135	0.13261428319994392
55	116	0.12886941393430498
55	101	0.12877107339990887
55	106	0.12553426852884814
55	15	0.12450067946550653
55	84	0.12373269536887717
55	194	0.12179238518811307
55	132	0.1213687413832788
55	186	0.11762300728686632
55	123	0.11729756027296966
55	129	0.11386405292846825
55	95	0.1121857702202265
55	43	0.10632657388793444
55	188	0.1042894195671075
55	169	0.10162793653949152
55	104	0.09680192409355418
55	117	0.0920605935627168
55	162	0.08585610584481047
55	152	0.08475517621120998
55	73	0.08458738781081149
55	118	0.08331541626878271
55	16	0.08076271485145435
55	64	0.07992018852995378
55	69	0.07529621616946898
55	121	0.07517788978269369
55	42	0.07085307702711548
55	159	0.07080929777763544
54	159	0.3898218971791216
54	90	0.3726784779621912
54	84	0.3619343036666863
54	88	0.3590980155564041
54	187	0.3418978347830429
54	158	0.3369252775432398
54	188	0.3366770393511064
54	63	0.3327611304087257
54	186	0.3265039408935804
54	76	0.3113774254616383
54	96	0.301955595569465
54	81	0.2758549203096745
54	93	0.2741448270295205
54	147	0.2615579148879983
54	99	0.2612784167277485
54	74	0.25829438450630543
54	193	0.2575195928519526
54	135	0.2560624621515336
54	75	0.2529387993269452
54	65	0.2403636265352463
54	85	0.22206768251607176
54	71	0.21917565378673828
54	43	0.20008394663970847
54	78	0.19979593943637414
54	73	0.196798626209228
54	58	0.1947021608470564
54	133	0.18945324672859803
54	28	0.1878716204836672
54	101	0.18723483681018188
54	184	0.18362343748271087
54	97	0.1827053092870052
54	59	0.17682180398106442
54	86	0.17601763688327954
54	87	0.1685753688888394
54	132	0.16797292494666005
54	194	0.16739951497903244
54	189	0.16303208312574996
54	162	0.1619319157042401
54	64	0.1565616613882297
54	77	0.14507907722246885
54	107	0.14381599337527665
54	29	0.14298347238937567
54	151	0.14229771485635098
54	68	0.13685585295758354
54	167	0.12668566103507212
54	15	0.12561300702972372
54	56	0.121250507306422
54	80	0.11258071821732853
54	126	0.10793786549952804
54	30	0.10778961068771506
54	152	0.10462570969360696
54	61	0.10265708602751177
54	4	0.1019248290075685
54	182	0.09400660266510807
54	180	0.09319973461511953
54	21	0.0916857841454025
54	191	0.09032415541953387
54	57	0.08754729614320439
54	104	0.08505698465991694
54	16	0.08455859523594951
54	72	0.08310389104889546
54	127	0.08203026068068417
54	183	0.0803633239977774
54	125	0.07958731935465094
54	8	0.07735415656625408
54	129	0.07669011944109408
54	42	0.07027098975928946
54	110	0.06953858638887102
54	69	0.06917633739946588
87	191	0.7673291628971807
87	193	0.473761995181579
87	177	0.4715875776247532
87	182	0.3932932889499883
87	88	0.3847729144315497
87	71	0.3773362443259041
87	198	0.3738748014139234
87	97	0.36463385737431575
87	180	0.36423495110424936
87	85	0.3526439564210553
87	170	0.33609172131744564
87	70	0.3175050564467878
87	60	0.2896645034933931
87	160	0.28896811852046866
87	194	0.275013956739148
87	66	0.2735805775265701
87	183	0.268781523484786
87	159	0.2680484403471414
87	50	0.2499317376172344
87	176	0.2374688677857393
87	189	0.2254304531723199
87	98	0.22255247740046388
87	11	0.21578403691695489
87	16	0.21012297649548886
87	81	0.2092434262470516
87	43	0.20666975959114836
87	96	0.20306757597246497
87	199	0.20191677982608006
87	178	0.19877803776509453
87	195	0.19605833604415054
87	196	0.18250231155965785
87	187	0.17095475816259958
87	45	0.1697507432042903
87	146	0.16154237927179252
87	147	0.15901891759656564
87	197	0.15713714634636258
87	8	0.15334089718814964
87	153	0.14711468030176536
87	80	0.14415873704509113
87	165	0.14324794221913745
87	129	0.1312681330423777
87	174	0.1307275712972061
87	173	0.12823015523855422
87	47	0.1262428579869231
87	122	0.12382131650156675
87	90	0.118135781587981
87	59	0.1172778354010516
87	86	0.1103290418229446
87	61	0.1094893098982333
87	167	0.10835295341278586
87	94	0.10825412637854652
87	102	0.10703837942753996
87	151	0.10625736474675557
87	44	0.10453669404416964
87	18	0.10155865902339148
87	155	0.1003510932799124
87	111	0.10019270199281337
87	144	0.10005410545048274
87	34	0.09917095652022913
87	64	0.09541089229252868
87	126	0.09410968258385656
87	52	0.09373898193408307
87	105	0.08952169714569272
87	74	0.08921714912453599
87	1	0.08837484331120106
87	6	0.08507286888324833
87	172	0.08234511940119707
87	171	0.08088491135517922
87	103	0.08073787786671473
87	17	0.08068919708580613
87	188	0.07975127206681988
87	72	0.07845841335916001
87	35	0.07589676439397534
87	37	0.07580529370487292
87	117	0.07568797073618194
87	15	0.07166891291459357
87	48	0.06949479902198302
191	177	0.4153008661883018
191	193	0.38457694863747577
191	182	0.3824617261637364
191	198	0.329350896610099
191	180	0.3167315415622297
191	170	0.3144985829601709
191	183	0.3003916095868516
191	194	0.2966843545244671
191	70	0.2955804649235315
191	71	0.28954540672750617
191	160	0.2867670023973376
191	159	0.2549407996125536
191	196	0.2518152324773233
191	60	0.2495660636829532
191	85	0.2487688354951376
191	176	0.22310367901829584
191	189	0.21251133773267972
191	146	0.21050528367638946
191	153	0.2098744423561439
191	97	0.20667933244746856
191	165	0.2045244457796652
191	171	0.1942210685180087
191	16	0.1845315859505427
191	96	0.18183520955431287
191	88	0.18116794013035567
191	11	0.17989096029866294
191	1	0.17080913825893015
191	81	0.16941080838189138
191	195	0.16841019515826208
191	197	0.1676910935479672
191	50	0.16427780077876958
191	174	0.1578490393381622
191	167	0.15755650038960678
191	187	0.15557626257422072
191	173	0.15526399231020305
191	199	0.15386815622509295
191	13	0.1426895930742395
191	47	0.13811165849404833
191	111	0.13557015886938656
191	175	0.13427418833850568
191	15	0.12998048538625465
191	66	0.12973470113623142
191	37	0.1273055004507362
191	43	0.11975257895266925
191	90	0.11861891511157276
191	6	0.11759342223763397
191	98	0.11514700776925373
191	102	0.11481150265051768
191	45	0.1121857702202265
191	62	0.11057599188199156
191	34	0.11024013646516102
191	151	0.10018280236867033
191	8	0.09963334218390944
191	61	0.09961453075755564
191	120	0.09888677104968972
191	17	0.09845699654167553
191	129	0.09781424682444567
191	74	0.0959954884057252
191	59	0.0955961866788018
191	117	0.09390153836614994
191	178	0.09334743832051116
191	14	0.09317098643695264
191	166	0.0911453386177652
191	172	0.09054632342729553
191	132	0.08545606264714553
191	49	0.08521284673083214
191	122	0.0852039120750435
191	136	0.08452384538858074
191	113	0.0824801957099116
191	144	0.08134387159729346
191	126	0.08091272810584442
191	18	0.07883705669186307
191	94	0.0749571407828865
191	92	0.07207580016385913
191	147	0.07091974035993337
191	121	0.06831044877391708
155	125	0.6535954657278678
155	21	0.6277898986695338
155	122	0.4176400070372596
155	53	0.4051875856766027
155	173	0.3703597711164837
155	52	0.3466577721912377
155	156	0.34524045867996833
155	17	0.33093688497466195
155	157	0.32346303325851594
155	40	0.3161826300875371
155	178	0.30318200569524184
155	47	0.30069180222878245
155	27	0.29805171257900664
155	72	0.2906627309016244
155	149	0.28638149482038633
155	26	0.2776924782394913
155	28	0.27696323777142123
155	124	0.2683639825890099
155	44	0.26508511793004397
155	153	0.247548893367282
155	119	0.2357602037843345
155	115	0.2354863040987352
155	46	0.2280295974734213
155	50	0.22783998832811475
155	148	0.2277736210439643
155	42	0.2205079909399669
155	132	0.21993708973995008
155	18	0.20849745524141536
155	127	0.20771296766989256
155	164	0.20111089045287128
155	128	0.19990154608905675
155	58	0.19947909163500446
155	48	0.19601987329737866
155	49	0.1891157867523104
155	195	0.18608629913937372
155	14	0.18181587076485467
155	97	0.1807810408425039
155	120	0.1803263626821258
155	130	0.17997804642030354
155	118	0.1793780626474187
155	39	0.17366192069301362
155	16	0.17213885546831298
155	41	0.1715177514695499
155	151	0.16607732551289245
155	101	0.16309048778676216
155	24	0.1558885017474093
155	123	0.15417080240249428
155	152	0.15057624784508536
155	69	0.1415824221876638
155	29	0.13863151073260338
155	131	0.13785660879706302
155	86	0.13549162835928066
155	126	0.13011811759110398
155	38	0.1257114279303476
155	79	0.11779065195383012
155	64	0.11549235324553835
155	143	0.1121857702202265
155	94	0.11179078677549943
155	93	0.11083280545988153
155	98	0.10701860852951108
155	142	0.10497186571489037
155	45	0.09729919583959894
155	59	0.09679399905231716
155	136	0.09379052475896472
155	67	0.08380993886324947
155	174	0.07974829114690286
155	145	0.07850611770478258
155	84	0.07196736555878352
155	129	0.0701665074800159
53	157	0.588827902640822
53	27	0.5505429011597122
53	28	0.5007749908589955
53	125	0.47190633408925897
53	132	0.4661811918162733
53	26	0.4514261527113234
53	17	0.4164835240475081
53	29	0.3790929985319365
53	130	0.3700836316344232
53	21	0.35950733929136897
53	39	0.35706677642424645
53	40	0.3561677676891412
53	128	0.348785168042108
53	156	0.3296183285744594
53	41	0.3129659109069864
53	44	0.3112961492152725
53	119	0.2931143959175132
53	129	0.2926024249215252
53	122	0.28850980362622586
53	115	0.2849212339594789
53	149	0.2787903503211441
53	133	0.2780800455071683
53	131	0.275402146154081
53	143	0.2629733639954821
53	127	0.26203296108139623
53	148	0.2610547866475625
53	48	0.2587516357634053
53	18	0.2546415735512074
53	94	0.2417764540776564
53	46	0.23392719848843366
53	152	0.2304645315852624
53	24	0.2242626371836033
53	142	0.2106295196542075
53	52	0.19745220244940506
53	120	0.18839250788593545
53	34	0.1803166878406506
53	45	0.17774194648521532
53	47	0.17529077772091206
53	118	0.17149833976974485
53	49	0.17122656199675726
53	93	0.16739951497903244
53	42	0.16181506006752094
53	4	0.1581220506951634
53	173	0.15142641056855588
53	153	0.14913926042060086
53	14	0.14907081668250713
53	104	0.1455489414554471
53	72	0.14161182069531747
53	16	0.13711097419761062
53	38	0.1343232865309511
53	33	0.13286970188491715
53	126	0.13228024757788825
53	180	0.12919391970476907
53	31	0.12799409429170594
53	117	0.1087778852323896
53	136	0.10706803561586042
53	124	0.10432898435071752
53	90	0.10420039759725644
53	100	0.10242950450784967
53	123	0.10050947948077668
53	50	0.09815890554441613
53	97	0.09217263470441682
53	178	0.09118401448882836
53	67	0.09062467517437174
53	145	0.08643180177546124
53	164	0.08578165821088457
53	101	0.08273345561716137
53	144	0.07081725766147297
53	116	0.07050084534327515
53	86	0.07035059427064845
53	64	0.07033765859849825
53	7	0.06922410754325865
40	41	0.4516251838523734
40	49	0.4179454232534041
40	69	0.3822141190294788
40	157	0.3725148553353281
40	94	0.3719290688158374
40	125	0.34883786787358284
40	173	0.3179366021038223
40	144	0.31562450305005835
40	24	0.30895525179221645
40	132	0.3065018822405525
40	93	0.2926755739147577
40	39	0.28650082851009445
40	28	0.2807628410125537
40	27	0.2664698674828761
40	21	0.2648991620976483
40	130	0.24970671593357266
40	42	0.2427836453685715
40	50	0.2381104178951401
40	62	0.23131655212046776
40	45	0.22837085034597066
40	17	0.22128797823579574
40	47	0.21745192057112567
40	92	0.2159365816088855
40	129	0.20957807774111814
40	67	0.2086218006158252
40	124	0.2022620773725193
40	131	0.19975753586617614
40	153	0.19945028521986471
40	180	0.19632755837387889
40	148	0.19251725220168614
40	127	0.18906757453550596
40	151	0.1863179780414062
40	133	0.17825515422557794
40	150	0.17350674173658145
40	26	0.1727501210723248
40	174	0.17146922197036027
40	34	0.1710615413458814
40	128	0.1684393441511687
40	145	0.16648571269808088
40	86	0.16593145913192908
40	35	0.16302234890448164
40	156	0.15936004814080895
40	44	0.15895068692831016
40	122	0.15772227585914078
40	38	0.15762476195308453
40	65	0.15584947355306733
40	68	0.14661568069771513
40	61	0.143913923662561
40	29	0.14321855769205658
40	104	0.1405533174389458
40	142	0.13716984574806915
40	31	0.1312681330423777
40	164	0.12967571054267532
40	46	0.11671563771162614
40	126	0.11298550299912605
40	36	0.11106985101136477
40	194	0.10536744144702727
40	134	0.1023800288446722
40	116	0.10186545196476617
40	195	0.09937492636540453
40	84	0.09523153688327672
40	178	0.09208439010646556
40	64	0.08960006347469973
40	48	0.08912389655452778
40	90	0.08564963538497357
40	165	0.08438782258073954
40	52	0.08216534403378706
40	152	0.08147201668142763
40	72	0.07394577812265765
40	119	0.07061029775340873
125	21	0.7320173809161453
125	28	0.4533429404290694
125	122	0.4281016262976413
125	132	0.4000932944921104
125	27	0.3941129367789896
125	128	0.3786562069874354
125	126	0.3738145846037727
125	26	0.3736511230912191
125	39	0.3621949764228913
125	123	0.361386706634126
125	127	0.34552228642310095
125	156	0.3287445218696243
125	18	0.31967942260598786
125	93	0.300091357423291
125	17	0.29581773105314096
125	24	0.2929864189135562
125	157	0.2903514249885769
125	133	0.2895637298905449
125	52	0.2887939744503372
125	115	0.2849028574569555
125	118	0.2819415172310766
125	149	0.268707301369571
125	129	0.2670086005695481
125	130	0.2567818328243334
125	143	0.2567444699169755
125	29	0.2539962014683963
125	16	0.24575509307514296
125	119	0.22696756387839126
125	138	0.224708952054312
125	81	0.22387322182906355
125	69	0.2234552331389478
125	48	0.21992757344225491
125	42	0.2191090154221665
125	131	0.21558380602412935
125	124	0.20799043899182845
125	136	0.20331684133173605
125	84	0.20243470729505755
125	58	0.1900509230780748
125	120	0.1816901652057904
125	90	0.17900058509004166
125	72	0.17754825804239374
125	34	0.16997410695722592
125	44	0.1697604550346559
125	173	0.16703986108038366
125	15	0.16632041999519526
125	86	0.1643361809715156
125	65	0.1521102869965168
125	116	0.14926636642807042
125	41	0.14824938058694778
125	92	0.14184699975994694
125	195	0.1374543779073064
125	79	0.13658108670267727
125	145	0.1357762933514877
125	137	0.13549162835928066
125	73	0.1349320492528336
125	178	0.131022432815032
125	121	0.126587264714531
125	98	0.12507164792849554
125	148	0.12366376645656978
125	47	0.12076768248502015
125	43	0.11133651214983438
125	80	0.10846166067680812
125	78	0.10837271856270073
125	142	0.10695929532767956
125	46	0.0980687815401729
125	33	0.0907774082655012
125	74	0.0896308145159631
125	97	0.08869828788442516
125	14	0.08810396894355538
125	57	0.08141738150958727
125	151	0.07649328096687942
125	56	0.07529522183891425
125	64	0.07195940698861528
125	63	0.07134358491550526
125	88	0.07117444814998311
70	176	0.7655551347882272
70	11	0.54461262521996
70	199	0.4508287897528963
70	171	0.4482435415416373
70	113	0.41218451988557225
70	61	0.39819334847114507
70	37	0.3747261014954904
70	197	0.36157795934809794
70	98	0.3569009895485513
70	66	0.3559319960010759
70	177	0.3513385645450409
70	198	0.35123337276502675
70	38	0.33773172809646873
70	170	0.3343608565471615
70	60	0.33410325275881564
70	50	0.3208460836907553
70	71	0.3130470933305823
70	35	0.3109619656976379
70	180	0.30554115047436425
70	166	0.298607422233393
70	102	0.2980608242036153
70	174	0.2949414902878746
70	103	0.2942291791385447
70	153	0.29104720031791
70	32	0.2786888968568237
70	67	0.254959499620977
70	114	0.2513281424136236
70	139	0.24973484511952335
70	47	0.24110784307154254
70	165	0.23891206336851564
70	13	0.2328965830178628
70	97	0.2253450251393529
70	95	0.21506884336848145
70	164	0.2145633007327036
70	183	0.20582719347444434
70	45	0.19789422807868184
70	1	0.1944327606681164
70	172	0.19369175903260205
70	6	0.19073518589041505
70	111	0.18671371488928115
70	105	0.17372980877524358
70	49	0.16385937574144852
70	62	0.16176636887929646
70	146	0.15919436090997818
70	144	0.15312606289894656
70	182	0.15115281936379313
70	68	0.14664503568385448
70	10	0.1424936595493113
70	94	0.12863339239721033
70	173	0.1273350141372964
70	96	0.12676437629659965
70	36	0.126390464601795
70	79	0.1155614189932099
70	106	0.11525554792235405
70	159	0.11198828292121467
70	8	0.11174141135855516
70	141	0.11059574729729983
70	64	0.10579264816753603
70	178	0.0914953948025295
70	92	0.08334719405737448
70	160	0.080389156028937
70	167	0.06965004393145813
176	199	0.566755511612692
176	198	0.5545443263598548
176	166	0.4917682894462001
176	171	0.474839298956766
176	197	0.4658210840746205
176	11	0.4623845074728954
176	113	0.38759776880387453
176	183	0.35394797720961146
176	177	0.3487061141591777
176	174	0.3482404740014925
176	170	0.34285123670923806
176	139	0.33364121752079506
176	98	0.3262448317655917
176	172	0.3054051475514057
176	71	0.30510589726308746
176	38	0.2986802871811874
176	165	0.2784213988205472
176	103	0.2739968454016296
176	61	0.2551558381930763
176	114	0.25413651901077144
176	66	0.25161853837016906
176	180	0.2442511358955367
176	153	0.2392232027652584
176	164	0.23582631189207204
176	60	0.23110831314302316
176	182	0.231060983148765
176	181	0.23086218523282065
176	195	0.22214373604033766
176	32	0.2214781761416955
176	35	0.2204794494643888
176	146	0.2187567501214119
176	95	0.2111455039269764
176	173	0.20882265197176325
176	102	0.20424656007766087
176	37	0.19743298212095067
176	50	0.19604872041401
176	175	0.1886432677459253
176	97	0.16926510968384348
176	144	0.15834629194191685
176	194	0.14370826680589727
176	44	0.14346342103089485
176	45	0.13920031808959424
176	167	0.13779774857695273
176	159	0.13440184226701
176	10	0.13352781477980966
176	79	0.1273055004507362
176	67	0.12056074005470895
176	134	0.11732714740731642
176	13	0.1167255014747124
176	141	0.1138048304252934
176	96	0.10852095445496067
176	196	0.10843201349830464
176	6	0.1060398436034196
176	106	0.09874516738713356
176	47	0.0969059391216288
176	1	0.09549610871458952
176	92	0.08721485402289933
176	193	0.08501727391245661
176	145	0.07333510781186682
199	98	0.7115517499080491
199	198	0.6644390975638089
199	166	0.5805885043717905
199	183	0.4700464824410663
199	182	0.4512270766412728
199	172	0.4406764773699657
199	181	0.43865167334236416
199	195	0.4294074971067292
199	38	0.41562354873222107
199	164	0.371860133263432
199	174	0.3717567222444414
199	170	0.3619603734904064
199	113	0.3597424201747735
199	139	0.35821793755967946
199	165	0.3561677676891412
199	79	0.34402436361008937
199	196	0.3374127519072905
199	197	0.3208012300817084
199	171	0.31655159393949545
199	11	0.3093079824673472
199	193	0.3066649634288597
199	114	0.3030094604303501
199	97	0.30258255258850264
199	177	0.2877395369763317
199	135	0.28497636221040656
199	175	0.28468232309494584
199	61	0.2778862731817901
199	142	0.27446849157530245
199	52	0.2705062863051437
199	60	0.26760287103682384
199	156	0.2633084364630972
199	35	0.2429059788000104
199	32	0.2366477589264825
199	146	0.23645895042513915
199	66	0.2360246231177159
199	194	0.22819075165017694
199	145	0.22043187949940024
199	71	0.21549798723322613
199	92	0.21088752648056894
199	44	0.20262650356511244
199	81	0.20027593223736087
199	178	0.19652945569979194
199	141	0.1907930024340185
199	50	0.1889904330926941
199	96	0.1855939127890942
199	80	0.18148708983683595
199	45	0.18042310917750112
199	167	0.17157598576984287
199	103	0.17004208376452154
199	95	0.1661745657298238
199	10	0.1639274954673421
199	173	0.16147420521681494
199	144	0.16134759216917546
199	31	0.15325301218428156
199	160	0.14608724683689248
199	78	0.1458229986210201
199	85	0.1441783213537942
199	180	0.14162162014236238
199	19	0.14021021490675115
199	21	0.12433331099600768
199	88	0.11950615675042095
199	36	0.11275843321883774
199	150	0.10893598925879447
199	106	0.10039069030727016
199	189	0.1001729027246918
199	147	0.10006400533233699
199	68	0.09339303729244276
199	67	0.09317594303047999
199	153	0.09286862550806987
199	16	0.08335414542603542
199	7	0.08095445299550283
199	26	0.0759236088103501
199	122	0.0739577124963299
199	134	0.07243392068458307
199	47	0.07091775041887026
137	140	0.76518234523498
137	136	0.6415361673280393
137	138	0.6366737294665176
137	33	0.5341042347944517
137	141	0.5330599114884207
137	34	0.4935932981010706
137	36	0.4786179351410131
137	123	0.4604640151657166
137	32	0.4047528661508337
137	146	0.3897964557149455
137	139	0.3771303975221337
137	24	0.3650759666164345
137	114	0.3610215033718936
137	149	0.34439460193214
137	134	0.3318448685585357
137	2	0.32925282497893754
137	69	0.32912799626491
137	130	0.31478690293915873
137	150	0.2985254450058387
137	42	0.25756627643378177
137	145	0.2492003185590993
137	30	0.24270835941835295
137	127	0.22491783301981966
137	37	0.20694735635285455
137	35	0.20347980828194406
137	39	0.20059267484382814
137	128	0.18746641274736806
137	165	0.18532354337419293
137	143	0.17972645659827535
137	144	0.17552339348472928
137	126	0.1754943175854828
137	166	0.17348734376105904
137	119	0.1608508281880964
137	92	0.15491265117378603
137	121	0.15167066882722496
137	41	0.15115281936379313
137	27	0.14910992756493913
137	157	0.1464982581712999
137	75	0.14595023184324402
137	13	0.1396219608324221
137	195	0.1260952457816611
137	21	0.1150976704269124
137	118	0.1133408928677684
137	178	0.11056611414156928
137	172	0.10706803561586042
137	62	0.10664294540385112
137	124	0.10269666432587846
137	129	0.0943416050203338
137	4	0.09162232177521186
137	116	0.09092418669285106
137	133	0.0907288118357334
137	26	0.08530715615031433
137	72	0.08480283121218606
137	164	0.08079549951773413
137	122	0.08064150941697777
137	73	0.07402534021357729
137	117	0.07170373305207837
137	120	0.06910667203783198
137	111	0.06880411751352175
140	141	0.7096656713037217
140	36	0.556859826116508
140	139	0.5419836257093694
140	138	0.5079403340092737
140	114	0.4956553925270332
140	34	0.4953083235826248
140	33	0.4710586365791943
140	32	0.4687756481080082
140	134	0.4682058711720356
140	2	0.4583891385291285
140	136	0.4531522444417605
140	24	0.4514898475651977
140	146	0.3982354197363467
140	143	0.357459339813372
140	149	0.3376254113146126
140	127	0.3306964336853666
140	39	0.3256281336654849
140	130	0.31980510968937303
140	35	0.31247872035551305
140	142	0.2893438379301905
140	30	0.2714977031628834
140	37	0.2600294571890275
140	38	0.2524988167306842
140	145	0.2509440008438769
140	144	0.24429815239043656
140	166	0.24079700223794925
140	150	0.2323101277186739
140	123	0.22831397876148746
140	110	0.21847108773752646
140	26	0.20107250796773665
140	41	0.18549735550741814
140	128	0.18215427926242214
140	195	0.1811485964967199
140	157	0.18096482498850308
140	172	0.17889410752696194
140	156	0.17611453695649495
140	52	0.1643069910190267
140	13	0.15914562766434315
140	164	0.15731269680417986
140	174	0.15699084671150804
140	69	0.14970631064571455
140	27	0.14602852681128944
140	165	0.13340995245310586
140	131	0.13322332938577894
140	129	0.1297052059542242
140	104	0.12315168579140676
140	42	0.1217431265574423
140	119	0.11181053678773926
140	62	0.11127725550319607
140	10	0.10721631369873427
140	19	0.08959907150278222
140	111	0.08951078529042471
140	153	0.08517512253540746
140	75	0.07665035457410918
140	4	0.0677480635976143
136	149	0.4796811085713501
136	33	0.44813965538403294
136	138	0.4306952848559468
136	34	0.3814367886228252
136	150	0.3796836829943377
136	123	0.34329238756266106
136	27	0.2906444204916464
136	130	0.2654569704332869
136	36	0.2629826724211014
136	69	0.25753826642895983
136	128	0.24868440333901376
136	146	0.2476333762439114
136	24	0.2380538188808657
136	121	0.2361568196814415
136	139	0.2226570265840257
136	42	0.2182330071430992
136	117	0.21611771473980207
136	116	0.2115562961625302
136	118	0.2102090012185646
136	122	0.2014563050174692
136	120	0.19686591420321567
136	32	0.19151559742164814
136	75	0.1815257720534513
136	119	0.1770252305747438
136	126	0.17421467559369966
136	39	0.1694982240468514
136	157	0.16595090840239904
136	141	0.16321702729725168
136	193	0.16237008387023336
136	88	0.16059754457829686
136	2	0.15580068762586527
136	127	0.15329207248538668
136	147	0.14998002381087167
136	18	0.1491294828312089
136	133	0.14191559063878234
136	143	0.14175880948574845
136	21	0.1413178243864598
136	124	0.1366595934932468
136	80	0.1337340647611176
136	145	0.13203461397586194
136	43	0.12142785713043655
136	19	0.11818508349357935
136	144	0.11680441075027052
136	92	0.11559101825733825
136	4	0.1150384648665424
136	129	0.1092324194474001
136	26	0.10597063020116636
136	41	0.10500153504867037
136	173	0.103567304406445
136	134	0.1019446211938042
136	195	0.09976700026694114
136	178	0.09845006439335917
136	52	0.097450745110909
136	71	0.09298461517119233
136	44	0.0881555650670402
136	188	0.08692010550668687
136	74	0.0861925971774275
136	15	0.08604966520397019
136	73	0.08604073183795594
136	151	0.08520490481525228
136	115	0.07641772522065686
136	16	0.07629047145422027
136	90	0.07584506372655843
136	30	0.07552291962300202
136	156	0.07383637871083143
136	132	0.07325752685521728
136	152	0.07079536795922044
136	76	0.06914349524157172
138	123	0.6311829364203166
138	126	0.4284200974187217
138	127	0.3829567756487377
138	33	0.3709118537103895
138	34	0.35842712274974065
138	128	0.3553729487833151
138	141	0.30245536506963056
138	149	0.2900125810635247
138	36	0.26548485618910994
138	143	0.25706203015815143
138	130	0.2387706201468061
138	139	0.23507066073084096
138	118	0.20742589319285884
138	24	0.19978633860136652
138	129	0.19277723170077646
138	39	0.1900605618662222
138	156	0.1879487956639178
138	32	0.18739887191707733
138	73	0.1807423478341152
138	52	0.17157598576984287
138	69	0.17014890119198278
138	2	0.1641902283318718
138	122	0.16129889342861972
138	144	0.15956470820748833
138	150	0.14807333190920174
138	145	0.1475940407708406
138	146	0.14459935664806492
138	80	0.14327732649366298
138	72	0.1421213550961869
138	121	0.14121982007455974
138	115	0.1377486976500139
138	134	0.13637499821725246
138	75	0.1351774893038091
138	18	0.1343232865309511
138	119	0.12742355384385462
138	30	0.12635110338480238
138	120	0.12535710112092044
138	114	0.1235259050524848
138	56	0.12145741468101975
138	21	0.11881609634165452
138	117	0.11783995793151544
138	178	0.11168216012995806
138	76	0.09770628854517883
138	78	0.0948658705280304
138	35	0.09439809739719557
138	93	0.08922210932382478
138	133	0.08697071997193108
138	74	0.08620053773864153
138	163	0.08224083047533587
138	41	0.08122665125809178
138	88	0.07937069644249295
138	19	0.07866314196849046
138	92	0.07849717316735765
138	27	0.077284575046186
138	99	0.0761582442047312
138	42	0.07528229552807784
138	90	0.07381648771767693
138	124	0.07374090140819252
138	26	0.07132368668525785
138	77	0.06805464353226184
141	114	0.7104837308036103
141	139	0.5969080917896691
141	36	0.5851574604338924
141	32	0.5689034040448229
141	37	0.43923295064839135
141	13	0.423090177493922
141	134	0.42002304115207395
141	110	0.3863904345952417
141	2	0.3682871320669989
141	142	0.3516102689197172
141	111	0.3456191503196148
141	146	0.3243939063085238
141	113	0.3035361152688795
141	10	0.2968940952391769
141	35	0.2943844543326695
141	38	0.2809562757724511
141	30	0.274070837837873
141	145	0.27122905820965154
141	144	0.2645736919832001
141	33	0.26138090447655793
141	166	0.24791495862999585
141	172	0.2461496861855445
141	24	0.2330006138622941
141	34	0.2257436596274386
141	131	0.2029237570588616
141	52	0.1895014516452941
141	130	0.18139038183841072
141	195	0.18119695531797236
141	103	0.18034571226039686
141	143	0.16249665387212905
141	127	0.15422937574242726
141	174	0.1510844179424062
141	102	0.14755491189988873
141	39	0.14257203430027074
141	41	0.13731702038378965
141	150	0.13322332938577894
141	156	0.11692277189824538
141	123	0.11442662629226498
141	164	0.10888658234221388
141	69	0.10837271856270073
141	92	0.10355741165806508
141	170	0.0943059253113541
141	165	0.09146564586309977
141	104	0.0820461529964057
141	75	0.08152367130268984
141	79	0.08119088867321121
141	98	0.07668614296537196
141	62	0.07264480514843624
141	73	0.07196040181038743
103	102	0.6001169916073276
103	106	0.5377394378313911
103	113	0.356604262180762
103	110	0.3091904150262605
103	1	0.29945426207254394
103	105	0.2988897545076201
103	111	0.2929772772971895
103	197	0.28050489251744626
103	114	0.2785505411993182
103	6	0.2601320165700365
103	13	0.2574448966205087
103	11	0.2505035461864987
103	38	0.2273848558972674
103	8	0.22692013905398856
103	135	0.2250602400095293
103	99	0.2224289126748829
103	172	0.2204984771567292
103	95	0.22000370265165475
103	144	0.2004487061262276
103	101	0.189385758310984
103	159	0.18231863354055974
103	10	0.15625924530210314
103	139	0.15256937949782418
103	142	0.15153388648254634
103	66	0.14789727384668458
103	188	0.14253284714821055
103	37	0.14081797347551636
103	7	0.1300886253977245
103	79	0.12885957999489084
103	2	0.1263117417699411
103	184	0.12175297833155947
103	181	0.12118153583912343
103	186	0.11903298487054376
103	198	0.11245236401387937
103	187	0.09324434354942612
103	107	0.08757607379879076
103	100	0.08732798576449076
103	153	0.08274934607893039
103	146	0.08228651917896666
103	182	0.07589676439397534
103	147	0.07584605797400933
103	180	0.06763060425557191
102	1	0.6090627234425121
102	111	0.4797119042218133
102	105	0.4773449049203138
102	8	0.4360475814064424
102	13	0.4197594599274425
102	6	0.3900932357665821
102	110	0.3400154512940077
102	113	0.3363400697993135
102	114	0.310718053507673
102	107	0.2449750624657641
102	37	0.23759153310804115
102	180	0.23297224234256705
102	106	0.2326790467573325
102	66	0.2280011572037928
102	101	0.2169183354397462
102	2	0.21584124241120894
102	160	0.21527865742408855
102	186	0.20524296274253945
102	170	0.20277992938970948
102	159	0.19798070194701156
102	10	0.19560636069850215
102	100	0.19428842707448515
102	174	0.1846185198349645
102	59	0.17645366032350868
102	11	0.17504844882064374
102	144	0.16346035741377782
102	30	0.1614547266322908
102	197	0.1607339306909619
102	172	0.15332136739687294
102	188	0.14430561660667374
102	64	0.13899438118565696
102	14	0.13541309614672006
102	169	0.12947906860334155
102	104	0.12264938911926185
102	146	0.1185696183415885
102	182	0.11621255530471965
102	184	0.1141404139040096
102	189	0.1130249921916812
102	29	0.11068464558446142
102	4	0.10862965770916716
102	142	0.10321115257013903
102	76	0.10107368886727416
102	85	0.08895524432261127
102	15	0.08841155421696603
102	99	0.08676825941953005
102	86	0.07836002201177825
102	50	0.07827653724707387
102	194	0.0777577145018172
102	77	0.07684818237385274
102	134	0.07615128480156833
102	139	0.0714460599016846
102	88	0.06948484731033835
75	76	0.7353508719415773
75	73	0.4966278503965654
75	59	0.4708251724653409
75	77	0.5347329038967306
75	78	0.4256073537929449
75	186	0.41129591712153135
75	56	0.376504051152804
75	43	0.3672494364551393
75	88	0.3629332415377598
75	188	0.32041542966099473
75	110	0.3162276308032989
75	99	0.3010010293125949
75	57	0.2982703765756363
75	30	0.28126940746261386
75	147	0.27745251032844714
75	115	0.2618187402673229
75	16	0.2559409819463583
75	143	0.2362890075041026
75	152	0.23283983667407204
75	100	0.2322628255690469
75	15	0.23057815477434496
75	126	0.22769777012777465
75	14	0.2264648060130884
75	96	0.22524060839333576
75	133	0.2224003967232441
75	158	0.21366639526587464
75	127	0.20832527359536812
75	117	0.20697607135832213
75	123	0.20175370519559105
75	18	0.20091897185409788
75	80	0.1992486306640343
75	10	0.19798070194701156
75	135	0.1948657109137326
75	7	0.19445200451131267
75	13	0.17202240887774142
75	58	0.16841019515826208
75	106	0.159545217363212
75	162	0.15584947355306733
75	90	0.15539085585088416
75	107	0.1551078455376694
75	116	0.15362406569311318
75	114	0.147936398671061
75	46	0.1448147498182654
75	132	0.13983766545895115
75	101	0.1365712732332067
75	39	0.13300722771572132
75	129	0.1311993386029465
75	93	0.1264691858416946
75	79	0.1243234655714891
75	74	0.12373269536887717
75	118	0.12217658189947808
75	52	0.11890482483877385
75	121	0.1166169988146934
75	156	0.11505820014416546
75	149	0.1145253158173846
75	104	0.11296575826898908
75	84	0.11144514727885688
75	1	0.11080317387868883
75	131	0.1062375905172863
75	28	0.0969386291219635
75	151	0.09485596051396343
75	63	0.09102335907003113
75	33	0.0901178485047684
75	120	0.08678116153147493
75	128	0.0822577154713061
75	193	0.08109452733477727
75	163	0.07207281574797672
75	26	0.07081327772068155
75	119	0.06798695815668393
76	77	0.7198723596842578
76	78	0.5942495217061562
76	43	0.4864428967661213
76	88	0.47617813062587894
76	73	0.4628953842256866
76	96	0.4251568762795512
76	80	0.42097792902496706
76	186	0.4009916297027308
76	188	0.3797521481386533
76	84	0.3633759820756076
76	57	0.3591067260112769
76	59	0.3407492873066521
76	56	0.339980075233175
76	147	0.3346095300485216
76	90	0.32945787573997304
76	99	0.3287177637945549
76	81	0.32582479216413784
76	158	0.3239822513568817
76	7	0.31863758285235555
76	63	0.31007645952678153
76	93	0.2938363549114436
76	15	0.26350386607411896
76	85	0.26327120932433673
76	135	0.2623495880278031
76	16	0.2591341446746072
76	74	0.2540991020452425
76	110	0.2499973638578388
76	79	0.24335760451710614
76	65	0.22501277208099327
76	126	0.2150879181942832
76	162	0.2038919684601207
76	30	0.1992870423572019
76	18	0.19497153165403214
76	115	0.19392274433117526
76	106	0.19248836392162189
76	98	0.19173715166705707
76	133	0.1746218984568506
76	86	0.17424376491906152
76	100	0.1683810458708147
76	193	0.15708838056739555
76	101	0.1549907303716235
76	58	0.15264751635070936
76	187	0.1488752552762922
76	117	0.14837652101167814
76	13	0.1454608469061911
76	92	0.14498118059638473
76	69	0.14445248980973036
76	116	0.1424936595493113
76	68	0.13629648521205415
76	107	0.13006896380758132
76	71	0.1278072024217073
76	152	0.12547521361526856
76	184	0.11858933711973706
76	156	0.11716934695190162
76	95	0.11546275329749996
76	104	0.11316320155298215
76	123	0.11214627346889022
76	114	0.11105997436551313
76	120	0.10660340014389548
76	143	0.10337933868540022
76	181	0.10290444505474128
76	182	0.1021227472362196
76	118	0.09453288376985028
76	97	0.09372708736466463
76	14	0.0917670942187049
76	129	0.08720989205288937
76	10	0.08667893630801009
76	172	0.08601889466278974
76	121	0.08559106790482326
76	8	0.07789289077983362
76	31	0.07737006080791997
76	29	0.07333013470023353
76	1	0.0710908731778877
76	163	0.06840500485985747
73	56	0.5501804081097665
73	57	0.4064739494344433
73	78	0.4825093575097656
73	77	0.4816035642372726
73	58	0.4231065972490132
73	162	0.4186384499501144
73	184	0.3837501028971053
73	80	0.3419773118656059
73	99	0.33700505844596795
73	161	0.3366149724884714
73	163	0.32169802865946673
73	186	0.298607422233393
73	135	0.27771093587472845
73	110	0.2531727900166881
73	43	0.25283583404651244
73	18	0.2403259371598187
73	7	0.23366250329949176
73	96	0.2325749994439609
73	74	0.23255608117857246
73	88	0.22216274899907373
73	123	0.21581263984926696
73	30	0.21500208018599998
73	84	0.2120147666591119
73	143	0.19120731557081824
73	158	0.19108206528906227
73	101	0.19054245452308147
73	93	0.1830436042097794
73	126	0.1825699791985216
73	133	0.17866177830087346
73	16	0.1770349171782731
73	118	0.17420497908433913
73	79	0.16945937296938274
73	59	0.16046115233257705
73	188	0.16016886260542415
73	63	0.15919436090997818
73	15	0.15230565354257755
73	156	0.14985294555487208
73	127	0.1488948119412268
73	115	0.13418580993090867
73	181	0.12918408660275452
73	106	0.12890874943848435
73	114	0.12656758515142175
73	149	0.12533741535962412
73	117	0.1136271580647142
73	151	0.10934110565167504
73	81	0.10675169312876448
73	98	0.10297370330300262
73	142	0.10143989527592984
73	21	0.09948680919106816
73	52	0.09214288949601256
73	95	0.09179089205749777
73	121	0.08737165004489326
73	152	0.08533395960117758
73	28	0.08491501749487831
73	69	0.08308005675152366
73	39	0.08301252572623144
73	129	0.07719312390351955
73	147	0.07702512874706081
73	90	0.07525445415727074
73	145	0.07520175409846876
73	122	0.06931467090260147
73	128	0.06927884377606618
59	14	0.3323075257522887
59	77	0.3319605478353169
59	99	0.2936079230866758
59	151	0.2929864189135562
59	101	0.27969393358154565
59	56	0.26415514183696176
59	152	0.2327452559111246
59	1	0.21598424966381807
59	126	0.21536448471991532
59	100	0.2139049691849805
59	86	0.21013253495875145
59	186	0.1986723818532052
59	16	0.19603910474616665
59	46	0.19180457734251335
59	64	0.18944360563565996
59	110	0.18934719269747144
59	57	0.1871093911524099
59	163	0.1865592881990384
59	15	0.1858063261905856
59	58	0.17995869419259045
59	67	0.17671524116334492
59	88	0.17567845977469854
59	43	0.17558154436454948
59	156	0.1703431044509838
59	49	0.16507556363450826
59	47	0.1628763317779049
59	132	0.16088005185740026
59	42	0.1594380154966566
59	52	0.1572541810890087
59	7	0.13972981480340682
59	30	0.13680678909811506
59	117	0.1316710464926971
59	116	0.13123864986596304
59	90	0.12977402768842256
59	17	0.12872190218282553
59	78	0.12724647240135806
59	65	0.1269021241620929
59	169	0.1261542913342079
59	84	0.12372284845449268
59	133	0.11822452459854592
59	122	0.11628160936779967
59	106	0.1160349825565664
59	48	0.11320268913781202
59	147	0.11267944966366228
59	97	0.10674180707745114
59	94	0.10589152791269077
59	115	0.10535755245958503
59	37	0.10461581914865054
59	128	0.10124194927311546
59	69	0.0992135334388594
59	27	0.09716943438086634
59	68	0.09631054836486017
59	144	0.0925464187834944
59	28	0.08797100752406978
59	63	0.08722378555801155
59	21	0.07560643998120205
59	188	0.07515303102885595
59	66	0.07432468412961829
59	159	0.07050184037283581
59	61	0.0703555695228678
77	78	0.7353325010374193
77	43	0.580137542849365
77	84	0.4214714708535761
77	15	0.4149035749295592
77	80	0.4139510876034537
77	99	0.3834857233381694
77	86	0.3820347830406032
77	96	0.3810350988304947
77	7	0.3598294755818437
77	56	0.35322174573797904
77	88	0.3459449111858325
77	186	0.32802186869550204
77	57	0.3261912168575761
77	93	0.2975596042276421
77	16	0.29162372819176435
77	81	0.28594080116818466
77	115	0.28319292883166725
77	18	0.28073520561297904
77	90	0.2625078803244545
77	79	0.25962848696719143
77	98	0.2522647408727041
77	147	0.2396756814581193
77	65	0.2267778581245206
77	101	0.2107346370908912
77	95	0.20524296274253945
77	58	0.2029621096254881
77	162	0.1976924437422938
77	156	0.19298904684063545
77	188	0.1929216530643613
77	31	0.18783303202353208
77	14	0.18737957421149648
77	117	0.18470545083050535
77	97	0.1732739571489868
77	152	0.1654257328307897
77	110	0.16413184526265087
77	135	0.1613573318230054
77	106	0.1592625861504734
77	28	0.15553723049028198
77	116	0.1546979234036483
77	100	0.15344830889856698
77	69	0.14677223763853456
77	133	0.14457977477091588
77	181	0.14188619471468494
77	126	0.1412394211584443
77	30	0.13726796284521314
77	142	0.1356585036571077
77	63	0.13527566068106442
77	85	0.13327244163581853
77	118	0.1329188188406845
77	52	0.12549489868528152
77	184	0.12489445966646892
77	163	0.12270848611193926
77	68	0.1220091160327401
77	71	0.11808647909994725
77	74	0.11646903615622085
77	132	0.10472461400457103
77	158	0.09751215594763056
77	64	0.09585083178887513
77	129	0.09436142697616172
77	46	0.09366860534258033
77	29	0.0920952968205335
77	120	0.08585610584481047
77	67	0.08519994111251668
77	19	0.08516023133840568
77	27	0.08094352507563005
77	151	0.07299792259705089
77	131	0.07226381576034745
77	61	0.06855032023781656
77	122	0.06841495806060176
78	96	0.5919158162743157
78	80	0.5786561566637254
78	81	0.5145142120036891
78	79	0.512009905321724
78	43	0.4687756481080082
78	95	0.4522776905101194
78	88	0.4270147585362294
78	84	0.4268185004117316
78	98	0.4262785832566653
78	93	0.4151105172158519
78	135	0.3878271821416705
78	7	0.3859905318578842
78	99	0.3838353732104246
78	181	0.37549946278186097
78	15	0.3403337925309546
78	90	0.3164796085096109
78	56	0.3121267582316579
78	16	0.29675731106420883
78	86	0.2739413489456224
78	186	0.2724792866447352
78	57	0.252470729187504
78	158	0.2490596284209659
78	117	0.24737991632152176
78	106	0.22296114053697466
78	118	0.21906141533875773
78	18	0.2081339455101478
78	147	0.20299087364180105
78	115	0.20277992938970948
78	198	0.20177289102702106
78	162	0.20038151776145505
78	197	0.1989413150856003
78	120	0.19825931899864951
78	97	0.19558712586022256
78	65	0.1711391993188981
78	85	0.16093849834969248
78	19	0.16047089483912969
78	68	0.15874598581585264
78	71	0.15389744582759707
78	133	0.15275495140724238
78	58	0.15122121933772587
78	126	0.14463852006256614
78	69	0.14336547780141162
78	28	0.1350105918721995
78	182	0.1349418671730066
78	92	0.13371442240458473
78	188	0.13032455649501626
78	116	0.12958722293128322
78	110	0.1209450533574202
78	63	0.12026508983804858
78	74	0.12023552364213905
78	184	0.10980546267965577
78	100	0.1095387102323026
78	132	0.10896563315041433
78	52	0.10754250868414887
78	101	0.1033694455480498
78	156	0.09625506750610488
78	21	0.0959390133593957
78	123	0.09388865297790701
78	193	0.08719202892502508
78	30	0.08436697209118912
78	114	0.08195775146096031
78	129	0.08117400071323018
78	61	0.07648234532112068
78	196	0.0762516983280825
78	121	0.07509535836026085
78	122	0.07409197273968382
78	142	0.07185494990615553
78	31	0.07129881381761949
43	80	0.5231885437486088
43	86	0.4901896959992174
43	88	0.4227452984552113
43	15	0.3703166286356107
43	16	0.35319548842779713
43	84	0.35022483545733496
43	186	0.3157325446982377
43	81	0.2828341665378947
43	85	0.2770924935497921
43	162	0.2673336174250007
43	18	0.2653826062464583
43	182	0.2519931758883499
43	147	0.2515342345312766
43	188	0.23572242674304925
43	193	0.23422966481753546
43	160	0.2194231498059596
43	48	0.21602238336650254
43	90	0.20819134560890795
43	107	0.20800000637170174
43	96	0.20775124156479527
43	189	0.20068864917621335
43	94	0.19059063874263554
43	56	0.18933755120280968
43	19	0.18931826810395785
43	97	0.1891832823240307
43	184	0.1865110279673096
43	74	0.18005545393783062
43	151	0.17871018186688847
43	101	0.17595949520182125
43	28	0.17040136284908486
43	52	0.16936224297165636
43	99	0.1683713293762204
43	21	0.15935030208152734
43	187	0.15855101968603666
43	152	0.1512016766357666
43	57	0.14854277416586775
43	117	0.14846453843278698
43	71	0.14663525071717054
43	64	0.14584257327699027
43	65	0.14398247318666318
43	98	0.14069054900477396
43	122	0.1402396250159035
43	17	0.13968079068199835
43	93	0.13846477398294574
43	14	0.13420544976156654
43	126	0.13405814846278766
43	169	0.126390464601795
43	156	0.12634126301838255
43	29	0.11950615675042095
43	58	0.110151229343191
43	133	0.11007219931040522
43	132	0.1075227399494554
43	31	0.10656385454668564
43	135	0.1064847623409924
43	69	0.10616838005250136
43	116	0.1056641013713232
43	8	0.10506087315542187
43	118	0.10318147205450758
43	44	0.10130133391637362
43	46	0.10123205176241827
43	115	0.09953334378505917
43	148	0.09353478811526902
43	129	0.09200605942005607
43	49	0.0901188403834524
43	158	0.08458838065570133
43	196	0.08237888876220342
43	47	0.08130115597140385
43	45	0.07739391709658568
43	72	0.07192856744267398
43	177	0.07006202366118816
96	81	0.6740453281127955
96	71	0.5903609904127676
96	198	0.5283619601792758
96	95	0.4451537708758327
96	80	0.4335579785852988
96	98	0.43046719691566665
96	88	0.4183167481216832
96	158	0.40458561759072825
96	90	0.36002097542382155
96	93	0.35304668649369925
96	84	0.3516365597489493
96	99	0.34077580373327665
96	97	0.3322541503856309
96	135	0.3281378759629443
96	197	0.309298939153656
96	183	0.3081409335958362
96	63	0.3045616514619617
96	79	0.3042168595384322
96	74	0.29139497261860303
96	85	0.2882072433402181
96	182	0.2434987159264162
96	61	0.23992073062979896
96	16	0.23701588408947655
96	181	0.2295269007231512
96	193	0.2204413935762929
96	15	0.21774724219930072
96	106	0.20079421649257986
96	177	0.1998823452248562
96	68	0.19399973465413556
96	196	0.18454124541365552
96	167	0.18257964586289974
96	162	0.18257964586289974
96	65	0.17244935618257876
96	120	0.17055671275235185
96	147	0.1639956136299161
96	19	0.16041243933086075
96	186	0.1484743180010757
96	92	0.14648847277436125
96	187	0.14297367681810372
96	194	0.13966118084168433
96	126	0.13261428319994392
96	101	0.12930208214962274
96	57	0.12699067377709114
96	18	0.1259181037649379
96	116	0.12406747594688675
96	118	0.12330925607122073
96	188	0.10855060105450674
96	121	0.10631668693082544
96	56	0.10498175551358263
96	184	0.10061836703937077
96	159	0.0959736910926384
96	117	0.0906137655046459
96	123	0.08952764905769016
96	175	0.08935206496753954
96	32	0.08575088624234409
96	58	0.08428158360145263
96	166	0.08250601877697883
96	86	0.08066137932386754
96	7	0.07550303366719552
96	115	0.07065706326490935
80	88	0.5130863548247756
80	81	0.5055993067365431
80	85	0.4555012597834647
80	193	0.4545735190151662
80	182	0.4193721966159351
80	92	0.3892875015090255
80	74	0.3846877161732035
80	98	0.3780821263797531
80	84	0.3739006076534527
80	135	0.3651019679178111
80	187	0.3291547462436393
80	93	0.31816131331742153
80	184	0.2977509985042813
80	162	0.29495062035611896
80	196	0.2785136444043931
80	198	0.27013551566697497
80	183	0.2574729080679143
80	158	0.25161853837016906
80	79	0.24791495862999585
80	90	0.23840282036526625
80	147	0.2337475876750792
80	188	0.2277641398305933
80	189	0.22117385141007365
80	16	0.217718664428472
80	19	0.20851658573786275
80	71	0.20187841033164167
80	175	0.19205499970957865
80	160	0.188016322042917
80	181	0.1854394194188022
80	107	0.1854394194188022
80	186	0.17600794668830833
80	97	0.17512599637775714
80	195	0.17315755759297125
80	57	0.17209033664003273
80	86	0.1688959732158752
80	18	0.1618442744022827
80	56	0.14854277416586775
80	194	0.13334119768621722
80	21	0.113044736654069
80	122	0.10665283166612977
80	167	0.10304296055282218
80	69	0.10071735363747528
80	60	0.09938680784672342
80	150	0.09298858058516277
80	118	0.08654594153796677
80	177	0.08639408552894545
80	52	0.08580647419533835
80	123	0.0854223108422063
80	172	0.07718914773740533
80	31	0.07718218944079744
80	10	0.07140228436383582
80	161	0.06771820123093336
21	122	0.4876404772653933
21	52	0.4559607991152579
21	156	0.4131884444401051
21	28	0.4102734725162536
21	132	0.3252973262862414
21	72	0.3189160810621816
21	42	0.313552125592136
21	27	0.30101012326902515
21	69	0.2851325486827019
21	93	0.2755130409276169
21	17	0.2603277954523345
21	26	0.2583037173223083
21	178	0.2505785245216194
21	48	0.24456142353046034
21	81	0.24162580118764995
21	97	0.23946830830206045
21	39	0.2378368410173949
21	123	0.2376670156942299
21	16	0.2321209125289639
21	84	0.22039382277240388
21	29	0.21191925966066905
21	86	0.2103332534052588
21	128	0.2088035240298784
21	126	0.2009285681504843
21	133	0.19651984191916788
21	24	0.1935088804391364
21	44	0.19325860373134726
21	98	0.18288896047581835
21	124	0.17545554924357873
21	195	0.1727404194816089
21	58	0.17202240887774142
21	149	0.1689445465131546
21	127	0.16751614992380282
21	157	0.16155211829665655
21	118	0.16110409061352565
21	47	0.15887270716255153
21	129	0.15618119768275607
21	90	0.15574214350991858
21	131	0.14671352964698728
21	46	0.14463852006256614
21	79	0.140406277625265
21	173	0.13930818499735612
21	151	0.13889631176667416
21	18	0.13767021476160446
21	115	0.13590389452225235
21	15	0.13423490930986642
21	148	0.13302687384500467
21	92	0.12105344286732128
21	65	0.1157488775310926
21	101	0.11160315725666096
21	164	0.11002280483305148
21	88	0.10721631369873427
21	143	0.10202378913151244
21	68	0.09946601699776096
21	34	0.09877289429343887
21	130	0.09851641456378693
21	14	0.09696438473249992
21	119	0.09570716196348897
21	57	0.0918166729311998
21	193	0.0903330819861996
21	64	0.0902071168701111
21	121	0.08845322576488059
21	67	0.08560099463801747
21	33	0.0814700299564829
21	142	0.07576452918234364
21	71	0.07556070277351831
21	120	0.07150774314692254
21	49	0.06998142080760124
21	194	0.06964208273605126
122	156	0.4922306307055366
122	52	0.44371733758838544
122	17	0.33089236019904633
122	16	0.3299480884925567
122	48	0.2979514811238245
122	118	0.2855642795256201
122	128	0.2741078328393171
122	178	0.2649735467958477
122	26	0.2539120058102721
122	132	0.24994111293506746
122	28	0.2408535224295106
122	72	0.2344942856655988
122	14	0.23269796387852165
122	44	0.21618444424952935
122	97	0.2146873124096161
122	133	0.20770339909678714
122	126	0.2065261619990628
122	29	0.20168655356636367
122	18	0.20161940004100815
122	46	0.19998794807782164
122	149	0.1993254534379781
122	129	0.19615449027153306
122	86	0.19402860540918795
122	27	0.1937398827416278
122	124	0.19358588359196394
122	117	0.18782338481789093
122	39	0.1862117944483877
122	93	0.18371040146428844
122	123	0.17811959932959445
122	119	0.17791625431068933
122	45	0.16422914973898725
122	90	0.16303208312574996
122	47	0.16289580114049124
122	88	0.16206824154043353
122	69	0.15640557932833762
122	15	0.15138732753016124
122	148	0.146547184725894
122	42	0.1397690336073387
122	115	0.13961215576165187
122	98	0.13599223115336834
122	127	0.12972486943440342
122	173	0.12895791824824482
122	84	0.12872190218282553
122	193	0.12830883899339893
122	150	0.12828916820608613
122	152	0.12637078404303978
122	143	0.12556379565206202
122	177	0.1211618294906577
122	24	0.11874708397631513
122	49	0.11808647909994725
122	81	0.11624215004079205
122	64	0.11485097520197488
122	151	0.11313358562975365
122	131	0.11210677636319928
122	50	0.10860989367428127
122	157	0.10199410130626184
122	164	0.09837281980873053
122	33	0.09818762604270063
122	195	0.09554763424432516
122	68	0.07542846079815647
122	34	0.07502973022973178
122	189	0.07501580902755549
122	130	0.07355292651980118
122	58	0.06770824708174071
6	105	0.7288407290183327
6	111	0.5228834417496533
6	8	0.4756521474092099
6	1	0.36631472800617343
6	113	0.3100854980246474
6	10	0.2826961599588476
6	13	0.27863355598159073
6	110	0.2348439099143319
6	180	0.2232462079596784
6	29	0.22284710288682905
6	26	0.21805204851458634
6	170	0.21801395005014315
6	160	0.18937611696237944
6	66	0.17000324007274986
6	64	0.16378152271266022
6	107	0.1592625861504734
6	28	0.1549419310998175
6	194	0.15296004466934746
6	38	0.1451965494241362
6	114	0.1335179930634684
6	2	0.1324669182518609
6	50	0.13003947123056847
6	101	0.1243825377513292
6	174	0.12134903594287665
6	142	0.11835270561281755
6	172	0.11437728068262372
6	62	0.1136666414399958
6	85	0.10747331774077634
6	143	0.10404213219565364
6	189	0.1020930600169414
6	4	0.10135082056766652
6	58	0.09092418669285106
6	35	0.09037969826516072
6	187	0.0881515961512553
6	173	0.0862313073098948
6	132	0.0857022463455183
6	171	0.08558114115463625
6	100	0.08124055887351125
6	177	0.08060773042817858
6	195	0.08042989093558102
6	129	0.07963799610770095
6	144	0.07577944306143514
6	182	0.07447683720191882
6	104	0.07366233053056158
6	131	0.0729481888504045
6	164	0.07147192713560149
6	63	0.07095953906262867
6	94	0.06975353866403362
105	8	0.561437562557708
105	111	0.5569357112526361
105	1	0.4254763275306809
105	107	0.3689438652092672
105	4	0.2673150466709715
105	160	0.2672686189171772
105	10	0.2523771009708873
105	13	0.2494629120058375
105	113	0.2402317105512301
105	170	0.21717561590275736
105	66	0.21604144997072133
105	104	0.21596518256537886
105	2	0.2029621096254881
105	110	0.1957890841541624
105	174	0.19549094941183584
105	184	0.1937206333698862
105	50	0.1905713651650024
105	85	0.18513040518130308
105	64	0.15385839296416576
105	58	0.15314559388730709
105	114	0.14859167055487887
105	194	0.14209196092525678
105	180	0.13798413593308842
105	74	0.13395012374483664
105	38	0.13381263313636232
105	142	0.13271252324200233
105	173	0.1254260005080199
105	29	0.11462400308204032
105	26	0.11370612445624365
105	144	0.10796751588602292
105	143	0.09333356029479477
105	177	0.0929905632910418
105	57	0.09176312790204734
105	167	0.08877964216685756
105	134	0.08127930134963282
105	63	0.07847133332158729
105	94	0.07606677717131091
105	100	0.07291735374527003
105	56	0.0715554975418232
105	193	0.0712301642429375
105	161	0.07122817439012663
105	162	0.07094361960865478
105	187	0.06903402029989325
105	169	0.0687662973069072
8	107	0.5349685023521289
8	111	0.5509400109328741
8	1	0.4000764958505781
8	13	0.3764954686734963
8	160	0.3718515160309753
8	110	0.3375899704727369
8	4	0.3351599983856667
8	2	0.2783383734031055
8	184	0.2555391052308202
8	85	0.2308527181844508
8	187	0.22280908898124835
8	170	0.21606051641017388
8	188	0.20368110483063107
8	114	0.19542362366042668
8	104	0.19339337123986125
8	66	0.19042680865061987
8	180	0.18081973329129966
8	177	0.17845847388260433
8	182	0.16147420521681494
8	88	0.15972063048203014
8	74	0.15940877797124176
8	162	0.1546491195985719
8	193	0.1527940178055109
8	10	0.14730056298523458
8	113	0.14702662698177335
8	159	0.14573491125641666
8	71	0.14029844449175818
8	29	0.12727598653873992
8	175	0.1229448653766074
8	189	0.11651835761713945
8	194	0.10836283599845233
8	186	0.10643532902806943
8	174	0.10218212112901268
8	146	0.08637224969408258
8	169	0.08526943256585885
8	50	0.0786979252965638
8	56	0.0763024016004654
38	142	0.7208585596904123
38	35	0.5002653447915051
38	144	0.4029786551520588
38	36	0.48048910265172495
38	139	0.4668618429215434
38	156	0.4280199499015776
38	164	0.4165579099917382
38	31	0.4106227161005142
38	41	0.4102402049432094
38	98	0.4017298700347152
38	45	0.38752978525842857
38	79	0.3613171526515422
38	11	0.3581307664464233
38	50	0.3561153778983552
38	24	0.3459449111858325
38	39	0.3435305460731061
38	26	0.3217697476438338
38	52	0.31965248819568176
38	32	0.3179186236631638
38	181	0.3136513075279773
38	66	0.30327281100902764
38	153	0.2948227945002127
38	166	0.28081811041505805
38	44	0.2789471297990674
38	172	0.26087772629173706
38	127	0.2515810704686384
38	62	0.243921988286925
38	145	0.2392137750201128
38	197	0.23725182597174
38	195	0.2358640869737423
38	174	0.2328776677461269
38	143	0.218032999365432
38	27	0.2136854821177384
38	34	0.20929123660624024
38	114	0.2024442974775362
38	67	0.20040071462946527
38	7	0.1952023975110975
38	134	0.1925653985935757
38	131	0.1873216802269668
38	171	0.186366241872298
38	33	0.1855552903064095
38	130	0.18048115539915915
38	128	0.1689445465131546
38	110	0.16654404906572862
38	37	0.16651488102761286
38	2	0.16508529111903314
38	61	0.16379125445284926
38	60	0.1626816311779677
38	106	0.14978451675055618
38	47	0.14920770272963862
38	28	0.14247406558233386
38	146	0.13763097266904795
38	165	0.13574684628760522
38	92	0.13081603218337154
38	198	0.13029506591442544
38	95	0.12795474938981724
38	149	0.12740387852895674
38	157	0.1259181037649379
38	129	0.12318123069211134
38	170	0.11637039151128327
38	29	0.1117611615915539
38	148	0.11167228484797836
38	10	0.11069452306262058
38	30	0.10901503920573466
38	93	0.10263729675643044
38	46	0.09941453119291473
38	100	0.08655090408481933
38	49	0.08582831217358805
38	97	0.08091868882173316
38	173	0.07667222528113407
38	135	0.07464688653191466
38	64	0.07164304641366002
38	19	0.06852941888980546
142	156	0.4581363400488753
142	131	0.4172271324429305
142	127	0.40458561759072825
142	143	0.3948813152371988
142	28	0.37914437467320267
142	26	0.3777135332988785
142	39	0.3758430112240165
142	35	0.3658557577759199
142	36	0.32985006016660456
142	139	0.32898532079083675
142	41	0.3259052352434222
142	164	0.3257085882760929
142	52	0.3173162138450653
142	29	0.3086386262387141
142	181	0.30466144476035634
142	144	0.30112833972013353
142	129	0.3000185600616016
142	24	0.2986256387967463
142	31	0.2976872030707224
142	79	0.2973864173648103
142	27	0.28666604509761345
142	145	0.27547607681770164
142	45	0.27218301921001936
142	98	0.24441098729158064
142	114	0.2377047559110116
142	130	0.23470217767195534
142	134	0.22938479822148825
142	62	0.22691065395996035
142	30	0.22634146960279394
142	128	0.2232937154858767
142	157	0.2223338580230288
142	32	0.22040333701706366
142	34	0.2166705553975456
142	44	0.21629883299581995
142	197	0.2107155251920883
142	172	0.20784692351883466
142	7	0.2014467108445698
142	11	0.19413446196848008
142	153	0.1918527374308125
142	174	0.19078336643533172
142	195	0.18953037415685445
142	166	0.18280196939764728
142	67	0.18259897908575845
142	110	0.17732549932802955
142	66	0.1763277051011858
142	33	0.17350674173658145
142	100	0.16807981933175234
142	106	0.16464752254646875
142	50	0.16302234890448164
142	132	0.16155211829665655
142	148	0.1579270450474081
142	46	0.15497121075364895
142	47	0.14070035105267722
142	135	0.14022001830396189
142	94	0.13129761598658116
142	152	0.12583937140150794
142	2	0.12378192957524692
142	149	0.12007783366287796
142	95	0.11250173145955533
142	19	0.10526855063514146
142	133	0.10457625676190224
142	101	0.09842035507807692
142	18	0.09463099814115608
142	64	0.09234118777659636
142	16	0.08499543288622012
142	15	0.07871680759442212
142	93	0.07670204885362204
142	180	0.07654398235671768
142	57	0.07026203419573385
142	186	0.06915842351374371
35	34	0.5124303547082725
35	62	0.6832262977061719
35	37	0.4702879547016901
35	24	0.4412645251910277
35	146	0.4290240834291572
35	36	0.4276032915348063
35	32	0.4176317512345351
35	61	0.4106144021765254
35	172	0.3976462696129347
35	33	0.3912202606401479
35	60	0.3881244982988566
35	45	0.3824190391960645
35	144	0.3744338069478069
35	165	0.3577471393843576
35	49	0.3536855331011876
35	166	0.3425864735760245
35	67	0.3199218090469152
35	171	0.3087200507745816
35	156	0.3073895507899999
35	164	0.2725903736165361
35	41	0.27195152436158704
35	31	0.2560063953692764
35	68	0.2437150667322669
35	98	0.2404484249800293
35	66	0.24030709220036398
35	39	0.2358640869737423
35	174	0.2321303737058219
35	170	0.2276598436333445
35	130	0.2269580789996145
35	180	0.2198799913259417
35	145	0.20352773759265289
35	42	0.2034222918217495
35	52	0.19480798859763326
35	69	0.18965570123906625
35	139	0.18312092268051894
35	26	0.17834229308637636
35	153	0.17441829448312232
35	27	0.17380739313306426
35	30	0.17351644067385855
35	50	0.17318665793560165
35	114	0.17043049160143495
35	94	0.16965362308747464
35	47	0.15798554803589218
35	128	0.1556445675521015
35	175	0.1480244278327542
35	11	0.14653739947232786
35	134	0.14371806027116346
35	64	0.14336547780141162
35	2	0.1374543779073064
35	97	0.1363651841852703
35	44	0.13404832816549475
35	131	0.13343941838870313
35	157	0.12725631047219174
35	169	0.1234175820324589
35	167	0.11930900838526115
35	28	0.11826396533048175
35	189	0.11073403275656178
35	194	0.1086790674206313
35	65	0.10521910444831388
35	183	0.10498175551358263
35	150	0.10352773328999683
35	29	0.09577652030844976
35	19	0.08663427422954344
35	127	0.08332336073181866
35	132	0.0814004941756454
35	92	0.08039809786071965
35	177	0.07805291193597295
35	195	0.07656088273204348
35	46	0.07518683891120244
35	178	0.06922908358165096
144	145	0.3714378135255017
144	130	0.3361715527144073
144	150	0.32681659346381337
144	146	0.3262269603627901
144	50	0.3162816297838069
144	128	0.3047068031395749
144	172	0.3004461944958286
144	34	0.2977783385903436
144	33	0.2961188239666641
144	37	0.2927304334118358
144	66	0.28720746878356296
144	24	0.28544487619814685
144	124	0.27537442131528805
144	41	0.26465739005852235
144	174	0.26081248910368376
144	165	0.2598336457162955
144	195	0.2546228703025771
144	62	0.24789618777346106
144	36	0.2476239894435572
144	175	0.2472203130709205
144	139	0.24713581180049746
144	126	0.2337381340323293
144	164	0.23117457329731755
144	153	0.2267683723849788
144	157	0.22461399933226914
144	173	0.219575441015078
144	156	0.21863296768898172
144	180	0.20045830431014994
144	31	0.2000455476758364
144	181	0.1949907713010428
144	170	0.18840215295039428
144	52	0.1873313293147728
144	45	0.18657859203964935
144	11	0.18616352774065606
144	127	0.18181587076485467
144	26	0.18181587076485467
144	27	0.17752888844129422
144	166	0.1751453829275606
144	114	0.17067321961619752
144	110	0.1705955489036899
144	49	0.15315535933662214
144	7	0.15291121413469536
144	111	0.15230565354257755
144	131	0.14594044484366192
144	92	0.14514760317073389
144	10	0.13833726411260516
144	32	0.1376800252172177
144	69	0.13346888408838636
144	129	0.13259463487879575
144	2	0.12243269270765104
144	121	0.1107241553658846
144	171	0.10738435642679182
144	134	0.10617826732475463
144	182	0.10474439461824248
144	39	0.1037552627301362
144	194	0.096431415306037
144	13	0.08274934607893039
144	189	0.08021727163823827
144	79	0.07933194201114062
144	1	0.07789984830492289
144	196	0.07788394537928472
144	60	0.06946096314596897
144	44	0.0693893101751716
32	36	0.7158008515293363
32	114	0.6545795967164241
32	30	0.4863665557220013
32	139	0.4742349436821243
32	166	0.4093415679308167
32	172	0.4058059092014521
32	37	0.3864499821547855
32	79	0.36688602672486215
32	146	0.3426394305579077
32	145	0.3314532646524257
32	61	0.3221372494744387
32	98	0.3030185422554999
32	69	0.2975596042276421
32	42	0.2799980900273304
32	13	0.2530136795686796
32	41	0.2515154998264535
32	134	0.24877821661246485
32	171	0.2438561520184545
32	110	0.2412585359782195
32	113	0.235297385963611
32	2	0.22808647684530275
32	68	0.22680631508500174
32	130	0.22524060839333576
32	24	0.2129218809324643
32	34	0.21241585181068048
32	181	0.2022716682536409
32	33	0.1955582733206497
32	39	0.1945193567836837
32	67	0.17521323478221282
32	92	0.1658342108435112
32	62	0.1635187536836725
32	170	0.15428794799832268
32	63	0.15185629271734966
32	150	0.1448147498182654
32	175	0.12454005925260557
32	65	0.1217332747593374
32	95	0.12054103070502895
32	128	0.11925971982324785
32	19	0.11134638818064906
32	121	0.10873835836555737
32	156	0.10721631369873427
32	157	0.10278571430813806
32	131	0.10033129464701718
32	195	0.0984045100381874
32	165	0.0972764135326896
32	10	0.09650274528137953
32	106	0.09212504229203114
32	111	0.07353502387669482
32	27	0.06924799249612255
32	167	0.06905193449510365
32	100	0.06833135075126405
36	139	0.621748239638001
36	41	0.5023242771750572
36	114	0.4486190289402914
36	24	0.4058142623831947
36	39	0.3915674530810619
36	33	0.3844065154166952
36	134	0.3746401402396983
36	145	0.364174236253308
36	30	0.3540616856847017
36	34	0.353309266086112
36	2	0.34563676114593833
36	37	0.3264414018019737
36	130	0.2918524504120816
36	69	0.285334649876333
36	146	0.28357919960683564
36	79	0.2821900357315957
36	166	0.2790670099560037
36	42	0.2727940141883561
36	156	0.2408535224295106
36	62	0.231960065803478
36	110	0.22246693335173892
36	92	0.21760434961242525
36	172	0.21060085041689494
36	31	0.209138239935683
36	67	0.1902533299326952
36	149	0.1807423478341152
36	98	0.1777225782603578
36	157	0.17683149130443118
36	27	0.16644682113880735
36	128	0.1564641110166717
36	181	0.15622997767346405
36	52	0.1560348531403902
36	150	0.15522495634408098
36	121	0.15254984498653062
36	104	0.15048828724187022
36	171	0.14240548581864265
36	68	0.14087678319645866
36	61	0.13813127694325072
36	164	0.13490259533335158
36	131	0.12793507678783364
36	116	0.12541615781249096
36	195	0.12433331099600768
36	19	0.121930306161618
36	7	0.11617309533563135
36	13	0.11112911042566934
36	165	0.10819482913082004
36	26	0.10418061471048856
36	63	0.10333976601328816
36	57	0.10262740209042202
36	65	0.10247897966425296
36	123	0.09490055542918308
36	174	0.09073575420930308
36	93	0.07983175636523
36	143	0.07817913696741413
36	119	0.07804595457797119
114	13	0.5719189949761425
114	110	0.5292192128068587
114	139	0.5343614890790159
114	111	0.48989335087660996
114	113	0.4487947346086893
114	172	0.4037238589883045
114	10	0.3956997481766218
114	166	0.3857947818819367
114	146	0.35992522929374204
114	30	0.3462353843134273
114	37	0.3134529368143433
114	145	0.29215431263695024
114	79	0.28753773889427503
114	2	0.2818494637379272
114	134	0.268781523484786
114	181	0.25673512907022195
114	170	0.2368837444197553
114	195	0.20586549856571174
114	98	0.19714465898698025
114	106	0.16858508469591066
114	66	0.16095798026297706
114	100	0.15518591989320746
114	197	0.14763316917978006
114	175	0.1447853788300266
114	174	0.13590389452225235
114	88	0.1274333914636981
114	131	0.12190075206350748
114	171	0.1155811518587689
114	130	0.1155614189932099
114	92	0.10080643987102794
114	117	0.09703273553074597
114	33	0.08962287877973626
114	11	0.08810992236655213
114	19	0.08218322248675566
114	52	0.08013977306872318
114	1	0.07824274548250705
114	165	0.07259606356109295
30	134	0.4293259326844207
30	2	0.4051625106811955
30	57	0.3442006809236967
30	63	0.3136242585877487
30	100	0.2459899797476573
30	26	0.2456329405968343
30	143	0.24552957471390965
30	39	0.2337286803453857
30	172	0.2279727165450968
30	104	0.2250032783671076
30	145	0.22389221935961126
30	131	0.22260950486258735
30	29	0.2214781761416955
30	110	0.2201178914409702
30	139	0.21849013306198328
30	127	0.2144011211783469
30	133	0.2141244346565733
30	42	0.21248269238212444
30	28	0.20490768230716191
30	166	0.2010629122499772
30	132	0.1985955382892585
30	24	0.1900509230780748
30	129	0.1864917236225738
30	115	0.17969742548973033
30	79	0.1753489334977867
30	61	0.16462806465853108
30	128	0.15667871780202422
30	69	0.15498097057776208
30	56	0.15415127771502046
30	186	0.15369241293326766
30	68	0.15142641056855588
30	37	0.14748643526435795
30	65	0.130894662333575
30	13	0.13027540539927876
30	31	0.12777769234899786
30	62	0.12484523929044508
30	1	0.1206691397785845
30	157	0.11990042519379022
30	106	0.11883581394950153
30	167	0.11837242541887855
30	34	0.11803717602971435
30	33	0.11438714984971195
30	67	0.1113167600222331
30	123	0.1107834193817811
30	156	0.11069452306262058
30	41	0.108046582644164
30	7	0.105446552596182
30	181	0.10179617783083572
30	171	0.1009747094562408
30	126	0.10027189827165067
30	27	0.0956269032902057
30	16	0.09537224717504518
30	146	0.09205761898735396
30	15	0.0902408400976538
30	18	0.08908619826349243
30	130	0.08765843662571927
30	101	0.0871622569206548
30	99	0.081664725921367
30	93	0.08099419072186542
30	121	0.07999272183838597
30	72	0.0759981760560261
30	4	0.07582020749127533
30	10	0.074049208657144
139	134	0.4754896426222116
139	166	0.5005426952381626
139	181	0.3384845584865213
139	145	0.3377228686937496
139	2	0.3259320485545854
139	146	0.30632972146350496
139	172	0.288363114921183
139	79	0.2882439203807705
139	13	0.2790301246801267
139	174	0.2772125077934625
139	195	0.2624147689192404
139	110	0.2597217438505418
139	10	0.25388393973569195
139	41	0.2503535805013329
139	113	0.24840293552820056
139	165	0.2279158340606752
139	149	0.22562028083335825
139	33	0.22541146946451665
139	171	0.2230466647702544
139	37	0.2218014739060296
139	164	0.22055555922676445
139	170	0.22037479415727296
139	92	0.21359958999979348
139	24	0.2087748318175053
139	130	0.2003623207395762
139	143	0.18065528651980728
139	98	0.16909026148042988
139	31	0.1634019599984149
139	175	0.16091901631099192
139	156	0.14598937955587135
139	111	0.14390413076064226
139	197	0.1366595934932468
139	52	0.12154608604017658
139	66	0.12060015846891373
139	153	0.11967372545181792
139	34	0.11723838537963517
139	173	0.11069452306262058
139	39	0.11044757955330076
139	198	0.10881741175525143
139	121	0.10833318817720633
139	128	0.106860438299727
139	116	0.10034119397339787
139	120	0.09932442975370084
139	131	0.09872635261338993
139	11	0.09706443414105302
139	127	0.08693697704497458
139	119	0.08335811763305677
139	104	0.08242457642010062
139	135	0.08107267197488112
139	150	0.08044678094004054
139	56	0.06973761649516344
139	19	0.06852344706503756
113	111	0.5396700839360262
113	13	0.497139962702936
113	170	0.3868922345764071
113	10	0.3706703498041379
113	171	0.3064203348976189
113	172	0.2981792703802664
113	166	0.2710808222102936
113	66	0.26177216711031315
113	110	0.2525643526765632
113	165	0.20657402885195547
113	174	0.20547284149298545
113	61	0.2011588676908811
113	193	0.1908508176539181
113	37	0.19054245452308147
113	1	0.1862021411787364
113	98	0.18516903396455106
113	198	0.18246364356114747
113	173	0.1746025082452825
113	88	0.17144010387140576
113	67	0.1617371537882676
113	146	0.1543855660147792
113	124	0.14702662698177335
113	68	0.14295408559153094
113	194	0.14118061757463718
113	183	0.1408473784602354
113	195	0.13947488189699978
113	182	0.13934740850795266
113	79	0.13836668987451667
113	164	0.1220780734079798
113	106	0.12154608604017658
113	71	0.11658740669690633
113	92	0.11642957857387372
113	175	0.11584753660853105
113	107	0.09989570464789313
113	50	0.0976716225548038
113	49	0.09004147330939588
113	11	0.08710370485789731
113	177	0.08365503259972024
113	120	0.0783222552304749
113	134	0.07377073821056157
113	2	0.07191662951699618
113	180	0.06890762443580649
111	13	0.7037491695667415
111	10	0.4785870975557662
111	110	0.4294319650675629
111	1	0.3642002572827839
111	107	0.2926481434436661
111	170	0.28523360245005025
111	37	0.25261116264778555
111	146	0.17909737923615188
111	2	0.17496120522276126
111	66	0.1743407271402707
111	160	0.17124597555956164
111	174	0.15161204853334345
111	85	0.14607746023743273
111	182	0.13169069969564962
111	193	0.13131727115368572
111	173	0.13093397679120686
111	175	0.1298133538323306
111	172	0.1237917763433972
111	88	0.12244254279794853
111	194	0.11549235324553835
111	50	0.105545439655577
111	4	0.09715754766979436
111	195	0.0942405118824016
111	188	0.09004643276982846
111	180	0.08911099979948238
111	131	0.08597025702108632
111	104	0.0773601206614927
61	68	0.7119316861304085
61	65	0.5043402479299232
61	67	0.4913208429443161
61	81	0.4677685179189594
61	98	0.4618182546472202
61	63	0.4568870612628206
61	62	0.4361528575640229
61	171	0.432558652372838
61	183	0.4293096189594742
61	167	0.42776670864210253
61	60	0.4231312263606046
61	166	0.3953623261037689
61	97	0.3833407143070551
61	37	0.3611432501040263
61	172	0.33056283107877066
61	194	0.3243044265467981
61	165	0.31967942260598786
61	49	0.2951697258334133
61	93	0.2934068753382426
61	42	0.2751433631812055
61	69	0.27290508056313273
61	71	0.2514873974158158
61	175	0.2437620963074493
61	92	0.21699456983151255
61	90	0.20769383048393306
61	84	0.20381529296438705
61	79	0.20237716538486086
61	198	0.19892210656211248
61	66	0.18309192851941428
61	86	0.1786327357461491
61	170	0.17812928204643064
61	57	0.17414679931878094
61	181	0.16760362305533835
61	189	0.16437510046044454
61	156	0.1393376026712914
61	126	0.13356710138286168
61	180	0.13044251651087654
61	178	0.12680373332873196
61	64	0.11956529942298508
61	95	0.11128713166592988
61	132	0.10988449740604084
61	174	0.10532788537224017
61	74	0.10458614738962388
61	182	0.09906896847131934
61	16	0.09771421216683462
61	15	0.09489956443520443
61	177	0.0913129320717384
61	28	0.09125442370163686
61	31	0.09059591327091096
61	120	0.0882607403150501
61	116	0.08766835977700535
61	72	0.08708187173128124
61	121	0.08650524849179489
61	47	0.08611021320883902
61	94	0.08331740238553459
61	100	0.0823520719321586
61	169	0.07662351315104089
61	41	0.07470655193515273
61	85	0.07372299926340202
61	146	0.07200019456384896
61	159	0.07167388723064562
61	158	0.07093963973951407
61	45	0.06927287257093337
68	65	0.6068500627585651
68	67	0.5958578386755108
68	42	0.5146244947604021
68	69	0.4533349955912686
68	93	0.4267121771370325
68	63	0.396559690937156
68	171	0.392041487047022
68	84	0.37268708903762
68	81	0.3703338858196871
68	90	0.35175924295074057
68	97	0.3306697142242313
68	172	0.310871632623335
68	62	0.3100854980246474
68	86	0.2734325464612693
68	98	0.26119455873304376
68	37	0.2569406166167853
68	49	0.24462723568340336
68	194	0.24155988688484184
68	167	0.2411360988773935
68	79	0.2404484249800293
68	126	0.2352784931719019
68	166	0.21564101670139374
68	60	0.21562194664011225
68	132	0.20068864917621335
68	92	0.20063106503892794
68	121	0.19955590705635493
68	178	0.19490419170795695
68	183	0.19449049174865304
68	41	0.16312942359245075
68	181	0.1573322017971181
68	72	0.15616168547314005
68	175	0.1537607587028147
68	145	0.14181760325200182
68	120	0.1413668255038079
68	133	0.13683622749435873
68	116	0.13664978023828128
68	15	0.1365712732332067
68	95	0.13098311928413084
68	57	0.13067842546090608
68	88	0.13050149513419976
68	150	0.12657742494543134
68	124	0.12324031983838435
68	16	0.12251149275452725
68	189	0.1206691397785845
68	156	0.11934843881148464
68	165	0.1185400399990164
68	71	0.11566008240855663
68	64	0.10855060105450674
68	28	0.10349805473757592
68	19	0.10162793653949152
68	115	0.0880394731244016
68	7	0.08173326536525291
68	66	0.08148890381731537
68	106	0.07872972702883532
68	158	0.07521468056688116
68	99	0.07515700843574799
68	128	0.07087596152617233
65	63	0.5725444671735109
65	84	0.5344186432595338
65	67	0.4796580110579514
65	93	0.4092166943422461
65	81	0.4028948909564705
65	86	0.3961466679123063
65	90	0.3900508435764016
65	42	0.3516102689197172
65	69	0.34347762577655044
65	64	0.33444967385892305
65	167	0.3003734141799213
65	49	0.2768432055728716
65	169	0.2767508672329024
65	126	0.25750091908259193
65	15	0.2528919976368963
65	57	0.2490033494219344
65	171	0.2425013079825092
65	133	0.2408723621303706
65	28	0.2407310599502876
65	62	0.23401227172304165
65	189	0.22111678572520874
65	74	0.2192518094138821
65	132	0.21527865742408855
65	194	0.1993158507252017
65	99	0.19637563067643404
65	101	0.18540079464345152
65	16	0.17899090548481006
65	29	0.17750951870264764
65	116	0.17720927017526578
65	85	0.17525200652335354
65	104	0.1673217557456589
65	60	0.16530901439513196
65	115	0.16339222698451658
65	48	0.15466864121118545
65	148	0.14942279781904086
65	129	0.14475600758663731
65	79	0.13667921992271148
65	183	0.13592352507152144
65	94	0.12980352233463666
65	17	0.118135781587981
65	37	0.11786954123925315
65	14	0.1167452289318019
65	156	0.1145549222342163
65	92	0.11010183573586013
65	56	0.10921265803866016
65	152	0.10718665846349512
65	128	0.10661328649050672
65	39	0.10236023843755812
65	120	0.0944744106952888
65	98	0.09139623103628423
65	186	0.08740836747538465
65	97	0.08273444877225451
65	175	0.07821392295300507
65	47	0.07813540574402017
65	41	0.07799327719218828
65	117	0.07620198885467723
65	131	0.07383737325894718
65	7	0.07159131312273463
65	58	0.06943707890196665
67	49	0.5107470844910943
67	171	0.4879072040988482
67	62	0.458341744461829
67	42	0.42198120190480215
67	47	0.3970146732842189
67	94	0.3670590929521173
67	86	0.3400331389635814
67	97	0.2821992393934609
67	45	0.27863355598159073
67	64	0.27863355598159073
67	66	0.269959371535762
67	60	0.2646387908307586
67	132	0.2635783097616693
67	28	0.2612131941837414
67	41	0.2592833944044317
67	44	0.2513937196513562
67	131	0.2422565823479262
67	31	0.2380349521834561
67	153	0.22391121672002368
67	93	0.222999151731146
67	50	0.219575441015078
67	172	0.21101174151311985
67	148	0.19970953054040164
67	72	0.19863396037650666
67	164	0.19548133156014716
67	63	0.18893257547971945
67	48	0.18116794013035567
67	81	0.17566876838688547
67	166	0.17326425737082218
67	156	0.17316725774077688
67	98	0.1682450119696544
67	69	0.1643361809715156
67	79	0.16230192857878753
67	165	0.16223377173868125
67	178	0.15831704400943172
67	46	0.14948145766271292
67	126	0.14438394977331462
67	174	0.1435907430276786
67	128	0.14016119750837325
67	180	0.13925915499440328
67	19	0.13549162835928066
67	170	0.13178896415723187
67	152	0.1308356898752526
67	169	0.12532757244196446
67	133	0.12531772949963302
67	17	0.12197956251130684
67	90	0.12110270987228172
67	37	0.11976243553406375
67	14	0.11256097166123184
67	189	0.10513010000110172
67	29	0.0994194817742088
67	27	0.09810344480917334
67	194	0.09527315581687204
67	39	0.09507199455485234
67	115	0.09229062241015057
67	100	0.09177502684328444
67	120	0.08770507528546509
67	101	0.0855116534276915
67	15	0.08450795967558558
67	84	0.08244046769816919
67	129	0.07915903470503706
67	134	0.0765658534222968
67	116	0.06758182821500501
42	69	0.6152713625785793
42	72	0.3866286055024433
42	49	0.33059845973623964
42	178	0.29824304528760737
42	41	0.2815640649380897
42	62	0.2783199227453996
42	33	0.24454261964428636
42	24	0.21928988622568807
42	145	0.2180425239607768
42	48	0.2115562961625302
42	34	0.1998823452248562
42	150	0.1966736578736705
42	86	0.19312382893004146
42	171	0.18869148797694074
42	17	0.1820866010122827
42	63	0.16883768417624426
42	90	0.16599953101371018
42	121	0.16357714880771218
42	149	0.16258427612581658
42	93	0.16031501098338286
42	123	0.1583950378785307
42	27	0.15422937574242726
42	84	0.15184652330585088
42	64	0.14879702745209475
42	156	0.1433067105155837
42	132	0.13981805649556595
42	39	0.1362375993344814
42	148	0.13346888408838636
42	172	0.1288399120400325
42	97	0.12869239914874686
42	130	0.12817114136294624
42	16	0.12536694396455342
42	79	0.12514055232092586
42	116	0.12439238302892615
42	47	0.12360468358188408
42	166	0.12340773433930098
42	194	0.1232698640838512
42	157	0.11585740239058405
42	146	0.11373573648274052
42	15	0.11373573648274052
42	120	0.10324083290196943
42	28	0.09548917254650044
42	57	0.09052053653114753
42	46	0.09034498405250883
42	124	0.0900067569613452
42	81	0.0878975797246637
42	58	0.086612439308875
42	94	0.08576081270168683
42	165	0.08572309206562259
42	169	0.08137764653180422
42	44	0.0769376502469392
42	119	0.07260998976430001
98	198	0.5408526399140853
98	81	0.5195841836244792
98	79	0.5110205136507556
98	97	0.4974937203923752
98	181	0.4352859987132953
98	166	0.41687192248385335
98	183	0.4135781281308055
98	95	0.3402453722310416
98	172	0.3370582430259306
98	93	0.3342187364944557
98	92	0.3127494020875057
98	156	0.3086657682533456
98	182	0.2975322602350984
98	195	0.28628969362773365
98	52	0.2859958944944064
98	135	0.28592243630599723
98	197	0.2644434870546076
98	88	0.26009472292864744
98	60	0.25821972024276124
98	71	0.2480557341198807
98	66	0.2301141538670037
98	193	0.21805204851458634
98	196	0.2164704049806914
98	16	0.20869831749415935
98	85	0.2022045312711013
98	11	0.19312382893004146
98	171	0.1896364205516352
98	167	0.18740852071562333
98	106	0.18285029812787687
98	19	0.1720030006451541
98	165	0.17085767905624352
98	170	0.16678710471072733
98	31	0.1636355427855101
98	194	0.16118201324682602
98	145	0.16079238000341595
98	175	0.1582585473110259
98	7	0.14807333190920174
98	44	0.14459935664806492
98	74	0.13766040427897894
98	84	0.13512840261976006
98	28	0.13225077240284452
98	69	0.1240871680432494
98	164	0.12111256320168536
98	63	0.11967372545181792
98	100	0.11868792960711876
98	177	0.11712989591325915
98	147	0.11566008240855663
98	178	0.115265415072568
98	174	0.10993389340446844
98	18	0.099276903063583
98	57	0.09733683594933801
98	26	0.09555655207250252
98	41	0.09505812107796563
98	86	0.09165702785115823
98	120	0.08584022376332921
98	131	0.08297180812192786
98	72	0.08169055246921016
98	37	0.07829840241065847
98	15	0.07785710910239972
98	10	0.07110977712801864
98	146	0.06817508213633364
198	183	0.5996881132992273
198	177	0.5383007599316737
198	182	0.5728065638409563
198	71	0.5343686336188281
198	135	0.4801967798073293
198	197	0.4680340811618429
198	196	0.4650768947906415
198	181	0.4595889183412372
198	193	0.45472424494931296
198	166	0.4303042432901254
198	97	0.4119271547927396
198	81	0.3869772627263328
198	194	0.3596379454182597
198	172	0.336446490546469
198	167	0.3320762171282804
198	195	0.2990809821341301
198	175	0.2791407780372637
198	95	0.2733585260708577
198	147	0.27152549160645545
198	171	0.2696255752124823
198	85	0.25519323363131924
198	187	0.2541645812357051
198	11	0.24547319096966824
198	79	0.23193167977011755
198	160	0.2317613552760353
198	60	0.2289489562608917
198	170	0.2261232412519914
198	165	0.21684209840207194
198	158	0.21642274743672035
198	159	0.21603191668920688
198	162	0.21525958423997696
198	88	0.21246359527886213
198	146	0.20309633870402066
198	74	0.1818738867112401
198	189	0.1743698151474511
198	164	0.17136245414332646
198	44	0.15734195424755676
198	174	0.13403850784187393
198	178	0.13251604055224445
198	66	0.1294594038490048
198	16	0.12298426056525208
198	180	0.11612376985856178
198	106	0.11465360882036313
198	93	0.0940194877652232
198	188	0.09381034878852526
198	184	0.09057310199863154
198	19	0.08359843122526242
198	161	0.08050142475555888
198	120	0.07264878403820918
198	45	0.07054761158092683
198	150	0.06950873139504765
198	18	0.06861103333593452
198	72	0.06853340010358909
166	172	0.5855518763572095
166	165	0.6221039002353104
166	171	0.5325156472785011
166	181	0.5281456758111239
166	183	0.5235661033452519
166	145	0.517749413637637
166	175	0.4927381282938238
166	174	0.4780009591382812
166	146	0.4631624896506682
166	170	0.4417073247712624
166	167	0.4171527967149961
166	195	0.3992782508420096
166	196	0.3716446832282785
166	134	0.3139758550964628
166	194	0.30361782096100776
166	164	0.2709140413402883
166	182	0.26653489583648377
166	79	0.2649921424776879
166	92	0.24438277918667925
166	62	0.2405709051429584
166	197	0.2393740405520289
166	135	0.22160179574599734
166	60	0.21565055167035133
166	63	0.19998794807782164
166	66	0.1958371670151437
166	130	0.190166586117292
166	41	0.1810905647548882
166	24	0.16716623103455058
166	156	0.16280818801004746
166	193	0.15889220228986242
166	173	0.15796604716294546
166	31	0.15268658406157504
166	71	0.1469972753571893
166	150	0.14596001881425774
166	37	0.13082586104217075
166	178	0.12748257918678618
166	97	0.1244809894248644
166	177	0.12390993565910499
166	100	0.11239312234628886
166	57	0.11100071402977152
166	81	0.11095132981365427
166	7	0.10854071887610983
166	10	0.10456636611349407
166	34	0.09839361654431973
166	85	0.09749036509053913
166	33	0.0948876724927905
166	124	0.09286763413255944
166	69	0.08757805845930572
166	74	0.08550271923100176
166	131	0.08293208336294537
166	26	0.07683824142264499
166	49	0.07310932487175521
166	11	0.0714321313513062
13	10	0.5854401533069307
13	110	0.438522450720556
13	37	0.3646165164048549
13	1	0.3484777084042922
13	170	0.2624147689192404
13	2	0.2519369850724769
13	107	0.2240726874124959
13	66	0.21805204851458634
13	88	0.20971192459715865
13	146	0.20061187001839334
13	172	0.1841644999517675
13	175	0.17316725774077688
13	85	0.1605001221711741
13	193	0.11369625373584773
13	92	0.11162290810727897
13	160	0.10965726882583816
13	11	0.10702849398910574
13	126	0.10565421300989827
13	106	0.09624317867282936
13	195	0.09160348124076316
13	182	0.08702728854879109
13	171	0.08353686420549074
13	124	0.08350508742960237
13	15	0.07472345703551009
13	4	0.07346042902041487
13	150	0.06895639160633184
110	10	0.4075836048637537
110	2	0.3811975013992928
110	104	0.2606633665867895
110	107	0.2362890075041026
110	1	0.2295647930713122
110	88	0.213370528209954
110	56	0.19939267135544425
110	188	0.19168898936213846
110	66	0.1885661134843166
110	133	0.16624263195891067
110	186	0.16486155085291532
110	7	0.1605293492217605
110	79	0.1586290076225975
110	129	0.15550795610859516
110	37	0.14569576057478706
110	184	0.14452102846005102
110	143	0.14434478341613385
110	106	0.14078856824235125
110	134	0.1340974293886428
110	99	0.13137623603548632
110	127	0.12913492071163452
110	52	0.11352844805653445
110	100	0.1124326168801532
110	135	0.10841224860547537
110	128	0.10259771797054858
110	156	0.09716943438086634
110	117	0.09538314710908884
110	39	0.09446350886351687
110	131	0.09297073619906704
110	29	0.09193764307876204
110	26	0.08975580085972383
110	19	0.08689132453218475
110	172	0.08351898978995383
28	132	0.7101914327181611
28	29	0.6448662868536782
28	131	0.6107959630160141
28	133	0.4624002313388289
28	26	0.4569028862024793
28	129	0.4414014134762357
28	27	0.3842190086035763
28	128	0.38177853885266855
28	39	0.376521215917539
28	127	0.31122389983955184
28	143	0.305432349133048
28	94	0.3029549683237047
28	93	0.3029277215274613
28	156	0.29797881762691464
28	86	0.2963377636768421
28	126	0.2530136795686796
28	157	0.24107016802789236
28	48	0.21594611530222568
28	180	0.20249224780745365
28	130	0.19117841221215676
28	46	0.18500485768516456
28	15	0.184087212138282
28	47	0.18406788982917832
28	24	0.18235730365516245
28	17	0.18213494279560946
28	16	0.1780227702643683
28	152	0.1765989860917929
28	52	0.16786602661131494
28	64	0.16736063562262238
28	90	0.16607732551289245
28	85	0.16220456119042265
28	19	0.1620585041858019
28	84	0.1609092752446151
28	44	0.1566884723045346
28	18	0.1511039613533226
28	57	0.1436201243520587
28	58	0.13837649840753596
28	34	0.13751324379939295
28	115	0.13437238406389784
28	148	0.132378496471532
28	62	0.1277875290650418
28	101	0.1276596497962193
28	4	0.12440222828202947
28	104	0.11538381910034352
28	151	0.1059014157720632
28	14	0.105021314500683
28	188	0.10114297326462224
28	41	0.10071735363747528
28	99	0.10036099256655877
28	49	0.09682966164121536
28	186	0.09336429016011516
28	81	0.09224600551503756
28	45	0.09125343202891624
28	95	0.08976373640519525
28	100	0.08795810811499459
28	120	0.08570522431012756
28	2	0.08439576560494019
28	66	0.08024509140104676
28	79	0.07941839387478118
28	63	0.07435849622276597
28	97	0.0738324005168998
28	107	0.07342760702320272
132	131	0.6208825462201851
132	133	0.6033702903077087
132	29	0.5020326286289887
132	128	0.4826167561149355
132	129	0.4111463556302805
132	27	0.3806418162885951
132	157	0.3758945345839278
132	126	0.3551894559781253
132	93	0.3238479895079994
132	130	0.3196075963638904
132	26	0.30246445024967306
132	90	0.2770924935497921
132	39	0.26146475370588834
132	94	0.25025047212293783
132	41	0.2356185362065137
132	127	0.21534541227499293
132	97	0.2006694546178515
132	156	0.1866654575393723
132	143	0.18567115603402215
132	121	0.1674675525998257
132	99	0.16186375046785514
132	62	0.1573712114147296
132	86	0.15461983695323034
132	47	0.15209074968787106
132	124	0.14596980575670152
132	15	0.14397268048208955
132	64	0.14389433783053862
132	19	0.1403572629773475
132	152	0.1332920863525799
132	63	0.13264375548623844
132	115	0.12777769234899786
132	24	0.12253119252493852
132	84	0.12253119252493852
132	69	0.12130962477513835
132	81	0.12123080129234776
132	123	0.11897383457925385
132	194	0.11399236557548825
132	120	0.1129361410065021
132	49	0.10944978924153008
132	88	0.10702849398910574
132	17	0.103686015788136
132	104	0.0995828481943247
132	180	0.098501560124096
132	52	0.09813909820894816
132	171	0.0978132563919757
132	34	0.09592415140242344
132	100	0.09446152670985143
132	145	0.09369140349588503
132	4	0.08887389259829764
132	95	0.08680498073858105
132	119	0.08640401088099006
132	48	0.08467872883732604
132	7	0.08447916671129206
132	1	0.08258845321109838
132	46	0.07995794570028003
132	66	0.07978604936044313
132	148	0.07803700939222745
132	151	0.07543641527773477
132	116	0.07504464577103774
29	26	0.5514830202550093
29	133	0.5706525665077209
29	129	0.4002276739455852
29	131	0.3770789299978015
29	27	0.3683994940832591
29	127	0.33595865825700544
29	143	0.3286910051917292
29	128	0.3233645388711182
29	39	0.3087743312848825
29	157	0.2639411777671621
29	156	0.25849969531865963
29	130	0.2396756814581193
29	18	0.2245570256514341
29	15	0.21821395957287365
29	93	0.20515675237094366
29	86	0.1998343423927469
29	94	0.19445200451131267
29	19	0.18625040716746571
29	24	0.18334320066210286
29	152	0.1789328271258047
29	52	0.17646334894746998
29	90	0.17425346129326974
29	126	0.17127509565442756
29	85	0.16997410695722592
29	17	0.16030526797679115
29	101	0.14542169303271707
29	4	0.13883746880748593
29	180	0.13681660192371467
29	16	0.13573703054634378
29	44	0.13423490930986642
29	104	0.13320368430254778
29	64	0.13178896415723187
29	84	0.12979369081141945
29	46	0.12801376659158106
29	14	0.12724647240135806
29	34	0.12677421559205562
29	2	0.12492399159702715
29	115	0.12339788662183745
29	62	0.11632106832773748
29	48	0.11353831915824245
29	160	0.11347909221183687
29	41	0.09538611981440394
29	63	0.09018926331295453
29	118	0.08734187898102475
29	194	0.0842150591527149
29	117	0.07765732438622047
29	134	0.07720207026829852
29	1	0.07704799225053176
131	128	0.3744510028055147
131	133	0.373444612214888
131	129	0.3676732727981232
131	143	0.3107903280542563
131	39	0.2785505411993182
131	127	0.2628802770468707
131	94	0.25574472761615313
131	26	0.24983798186163986
131	134	0.2322817465607487
131	126	0.2140099336278488
131	156	0.2131891709864805
131	130	0.20519506848476912
131	27	0.20472565278256624
131	41	0.19399973465413556
131	24	0.1917082543949052
131	157	0.1879487956639178
131	62	0.16111383105255295
131	47	0.15301864032499354
131	2	0.15264751635070936
131	93	0.15159250819836026
131	104	0.14919792534443588
131	174	0.13909244787845804
131	153	0.13605112103956762
131	52	0.13265357952954845
131	145	0.1306882546795523
131	100	0.1299313298131614
131	172	0.1218909006494324
131	19	0.11743563178423395
131	15	0.11634079767001736
131	66	0.11506806774891742
131	31	0.11447597133726425
131	195	0.11437728068262372
131	152	0.09709613255444494
131	50	0.09596774635491157
131	171	0.09232730713518214
131	180	0.09077046594485486
131	37	0.08894829970953551
131	57	0.0874093598350752
131	164	0.08667992879468604
131	46	0.08464795104164356
131	86	0.0845049810996162
131	170	0.07548712485930775
131	148	0.07244884196827688
131	79	0.06812929579350144
133	129	0.5651786524716818
133	128	0.5060457928417421
133	126	0.4587524064281308
133	127	0.3935130497742229
133	26	0.3552506232887319
133	143	0.34203912399209263
133	93	0.338776717149031
133	130	0.3326277332468042
133	39	0.3144535277196521
133	27	0.31078129393245946
133	90	0.3041442616035561
133	157	0.2391760635884955
133	99	0.2269485940777843
133	121	0.21444882227491052
133	123	0.21079197182064136
133	63	0.2081148118252885
133	18	0.1997287327857699
133	41	0.19864356580292453
133	15	0.1832562245527852
133	156	0.17791625431068933
133	88	0.17342914902687254
133	124	0.17187684387914032
133	118	0.17160510247039554
133	104	0.16806038428293546
133	69	0.1536338296745774
133	84	0.15157296774489
133	17	0.14897303743606846
133	4	0.1446776830239069
133	56	0.14256223755415334
133	2	0.13911206088971387
133	24	0.13570758316268344
133	152	0.1344607579605243
133	115	0.13050149513419976
133	117	0.13035404684500712
133	19	0.12582952974459752
133	86	0.12140815197707383
133	120	0.1213293304068248
133	149	0.12131947760293495
133	107	0.11886539018553086
133	85	0.11851046144607046
133	64	0.11848088268280176
133	81	0.1160152517931234
133	16	0.11539368595470133
133	158	0.11496939067980995
133	119	0.10173679921594526
133	1	0.09684253973722
133	52	0.09423952076358227
133	34	0.08678711634255433
133	101	0.08343060994577035
133	116	0.07986057147834105
133	134	0.07908251673255615
133	194	0.07650123415223603
10	66	0.25839704283032633
10	1	0.25703401236871104
10	2	0.2488626445677961
10	170	0.2473423638228724
10	195	0.2299436782619377
10	79	0.20657402885195547
10	172	0.18182554017716526
10	174	0.16761334212930387
10	88	0.16010065762535194
10	181	0.1436495054232549
10	173	0.1274137161989402
10	146	0.12441207351063745
10	107	0.1230925953351151
10	134	0.12205837142099897
10	92	0.11537395222321616
10	175	0.11398249550683155
10	50	0.11049696934711896
10	145	0.10958811002525
10	100	0.10307264192550801
10	171	0.10066786058754226
10	120	0.09507199455485234
10	193	0.09387576755820944
10	11	0.08969330804097228
10	124	0.08567345927535581
10	197	0.08369078055812568
10	85	0.0820233077794375
10	26	0.07837194831704654
10	37	0.07704699818684828
10	14	0.07437938007724698
10	106	0.07094262464158138
10	150	0.07026999469723152
90	93	0.6953549294667746
90	81	0.478741273674381
90	84	0.4688224617547506
90	88	0.4149863569969767
90	63	0.34955787771190183
90	158	0.3214828495593464
90	92	0.31558848734845696
90	69	0.3057949892409404
90	86	0.29289500033958765
90	194	0.2722848669647192
90	97	0.27092330737100706
90	85	0.257360859682328
90	126	0.2382519083548595
90	99	0.2312502965620654
90	71	0.2111455039269764
90	129	0.2081339455101478
90	193	0.20533874830891324
90	121	0.2014083337664452
90	123	0.1984994804006947
90	15	0.17780005033352372
90	74	0.17775163054600693
90	196	0.1726434017312959
90	57	0.16018834946170682
90	107	0.1531065317909575
90	56	0.15290144793815616
90	128	0.1507619346212286
90	16	0.15068375201131295
90	116	0.13776831810188336
90	188	0.13728758594146556
90	118	0.12230463933959465
90	19	0.12197956251130684
90	117	0.1174652179461626
90	147	0.11460426581003733
90	189	0.1101808652464494
90	72	0.1042399631234112
90	167	0.10099450549842118
90	183	0.0957884102170818
90	186	0.08800176753433116
90	115	0.08462015160347944
90	124	0.07960719264018702
90	101	0.07821789848209029
90	187	0.07708775467224156
90	150	0.07455937630716722
90	64	0.07219219137606282
93	81	0.5052642643269516
93	92	0.4774529975538066
93	84	0.4131552728795034
93	63	0.4026603153020721
93	88	0.3437157499299374
93	69	0.3091451942628441
93	79	0.30558648201206223
93	97	0.2861978871785834
93	126	0.27180335113655835
93	57	0.2689856178413783
93	194	0.26622831236232913
93	39	0.26590308920135064
93	129	0.26374579657903197
93	128	0.2441665033108855
93	196	0.22568671646822525
93	85	0.224841878695832
93	41	0.22191556736149115
93	86	0.2065261619990628
93	135	0.20583676980639756
93	74	0.20172492615813814
93	158	0.201206843963796
93	123	0.1994598873965501
93	127	0.19835538641794626
93	99	0.19577946746898905
93	121	0.1900220064938156
93	95	0.18517869107095736
93	181	0.16519229132867605
93	56	0.1590091704512277
93	167	0.14969653475087422
93	27	0.14779945976072806
93	26	0.1370422894978502
93	116	0.1319068780921664
93	72	0.13173000579096333
93	145	0.13084551868261526
93	31	0.1300198093847163
93	156	0.12953806225521178
93	195	0.12886941393430498
93	183	0.12835801551996062
93	16	0.12596731068665198
93	15	0.12569174394812244
93	115	0.12425454691451365
93	193	0.12395916767043948
93	19	0.12234404080982215
93	120	0.11836256552751848
93	147	0.10977582429922
93	71	0.1092719420058349
93	143	0.10641555555556544
93	101	0.10250866451474368
93	104	0.09666818737934912
93	124	0.08230638372484754
93	162	0.08079152562810082
93	52	0.08012884370530449
93	7	0.07842462256360251
93	18	0.07813739353342629
93	117	0.0772895451797377
93	186	0.07575060953127427
93	130	0.07446788711711343
93	107	0.0735807749815165
93	188	0.0723065910788635
93	118	0.07102620138343266
93	175	0.06883098964541673
81	183	0.4917303803166314
81	97	0.4766805903880322
81	63	0.4448169359089136
81	84	0.4422464445496714
81	71	0.4387082025361713
81	88	0.393606011972608
81	74	0.3800944114527013
81	79	0.3779792752452201
81	60	0.32496643926545643
81	85	0.3217697476438338
81	16	0.3109438995321647
81	167	0.30858434070159885
81	92	0.3071812683854557
81	193	0.30460701288117936
81	194	0.2939368542843161
81	158	0.2904338354793347
81	95	0.2893346751022441
81	182	0.2860326223281596
81	181	0.26199570714185344
81	86	0.2601226932324443
81	196	0.24859058539946705
81	19	0.245538971843116
81	135	0.2361662619587078
81	99	0.2225619820832586
81	118	0.20840180036623854
81	187	0.1940382289195181
81	69	0.19340299721128448
81	15	0.1895882181932292
81	120	0.18943396450619288
81	57	0.17287623870076274
81	189	0.17051787607110885
81	121	0.16177610717996174
81	126	0.16130863323957895
81	116	0.16095798026297706
81	175	0.15523471538106148
81	117	0.15255961225707831
81	177	0.15132870208509885
81	18	0.14818091832811456
81	147	0.14010237572344916
81	162	0.1301869318134964
81	72	0.1294495714336486
81	197	0.10897551440455472
81	48	0.1018456594558514
81	123	0.09760922317491216
81	115	0.09436638245342917
81	101	0.08566154734240945
81	106	0.0837672407459508
81	151	0.06954555253617503
92	175	0.3709463501744362
92	69	0.33891834632466256
92	85	0.32502010202787723
92	183	0.27949113141908605
92	88	0.2773509750185254
92	60	0.2728588037908628
92	84	0.26107342355822233
92	195	0.2598895940325863
92	165	0.2526486097734033
92	145	0.2515248672024263
92	193	0.24885326387061
92	150	0.247548893367282
92	37	0.2327547141855691
92	121	0.2220486687127396
92	196	0.21801395005014315
92	194	0.2158507765162108
92	182	0.21581263984926696
92	66	0.1977308801462373
92	41	0.18822853623133445
92	74	0.17900058509004166
92	63	0.16807981933175234
92	116	0.16237982021398278
92	79	0.16034423981571708
92	123	0.1494325745327068
92	124	0.1481417963996328
92	174	0.14670374488122984
92	170	0.12803343879072346
92	167	0.12541615781249096
92	181	0.11654795021785826
92	172	0.11234375367959262
92	130	0.10991413507024723
92	180	0.10895575187473952
92	97	0.108046582644164
92	57	0.10743377959138664
92	173	0.1037156931721171
92	146	0.1036662307629074
92	158	0.0973665516287672
92	39	0.09558825978178696
92	50	0.08780430519681456
92	52	0.08758302010755141
92	171	0.08350111532067413
92	31	0.07978803662849866
92	71	0.07771199246636792
92	24	0.07525544849396303
92	126	0.07245282097178495
92	128	0.06837315452597931
33	34	0.6933923015952241
33	24	0.5853941432335931
33	146	0.4395799270919845
33	149	0.39021192510125696
33	27	0.35175924295074057
33	130	0.3369961941401892
33	62	0.32168906352684284
33	39	0.3063931514503894
33	26	0.304107961311229
33	2	0.3007008980458325
33	164	0.2917243700790337
33	145	0.28840895659589005
33	52	0.27965706231691784
33	41	0.26756573509119963
33	127	0.2654011975892255
33	157	0.2611106967956608
33	44	0.2576783121240393
33	45	0.2331330090426386
33	123	0.22179196584387914
33	128	0.21512606735354373
33	165	0.20718663716616129
33	195	0.2058463460989276
33	143	0.20177289102702106
33	150	0.19952710156071565
33	156	0.18890364618129987
33	134	0.18485032939990464
33	18	0.17751920358916345
33	172	0.14704619458765072
33	69	0.14665482062184013
33	119	0.1442174896323507
33	46	0.13082586104217075
33	153	0.1294594038490048
33	72	0.1270792213680171
33	31	0.1244908344574416
33	174	0.1211913889775366
33	173	0.1188752488840021
33	196	0.10914349242833724
33	4	0.10802681608273287
33	60	0.10602995603741946
33	178	0.10028179771718816
33	48	0.08934214479659112
33	170	0.08883619261660898
33	49	0.08849985784424465
33	118	0.08489814005003975
33	19	0.07831231656644769
33	124	0.07300886397260102
33	193	0.07186688793825535
33	151	0.07074462338723826
33	14	0.06991574373270007
34	24	0.6039613866451046
34	39	0.4258284201466646
34	27	0.4141996500773065
34	62	0.3881160046721529
34	146	0.3509265127634916
34	130	0.33524876218791144
34	26	0.3294489611355224
34	2	0.24746440672611306
34	69	0.2467602051339762
34	150	0.2397228086717035
34	149	0.23191275552841906
34	127	0.22036527978680498
34	157	0.21208161914855295
34	128	0.20136995606995856
34	41	0.19391312037282024
34	123	0.1936243842740428
34	143	0.18490827857846284
34	126	0.16779799834225395
34	145	0.1655229946541964
34	195	0.16161055178496758
34	18	0.15549819792066485
34	44	0.15074238914551555
34	37	0.14292469854162745
34	194	0.1418078043604315
34	170	0.14076896461557348
34	156	0.13768983564581694
34	172	0.1358450022342143
34	49	0.12820064841423448
34	134	0.12324031983838435
34	188	0.12146726715001704
34	48	0.11826396533048175
34	165	0.11785968015991778
34	45	0.11458452844755505
34	46	0.10985485954643058
34	174	0.10893598925879447
34	19	0.10390364564651544
34	173	0.10033129464701718
34	4	0.10003430562734468
34	153	0.09992540518432133
34	175	0.09865802468363673
34	14	0.09827873826489154
34	52	0.09582209814308967
34	196	0.0921478470421681
34	85	0.08806427929607767
34	164	0.08715729490478749
34	104	0.08642981671603082
34	60	0.08374936702411374
34	161	0.08331144403329327
34	180	0.07744858742380506
34	187	0.07659368921737644
34	189	0.06943608372340547
24	39	0.6116103227063959
24	26	0.5004752410686905
24	127	0.4586576556649773
24	41	0.4081421489077835
24	143	0.4076586509151268
24	27	0.3704287957624153
24	2	0.3688747527355789
24	149	0.3604821913710513
24	134	0.3487500335956897
24	62	0.3441125253005428
24	130	0.32697735836932473
24	157	0.32209243737306864
24	164	0.31572354154020993
24	145	0.3071269290038973
24	31	0.2854265056688207
24	146	0.27637222661801103
24	44	0.27334002046736244
24	128	0.2644899899218075
24	69	0.2406462737434461
24	195	0.2396191273108449
24	52	0.2328303787959461
24	150	0.22028916331361603
24	45	0.20619106636009668
24	119	0.19572176656725213
24	156	0.19250762281207207
24	173	0.1908508176539181
24	153	0.17697679704269928
24	165	0.15269635091473255
24	174	0.14452102846005102
24	123	0.1425426439781214
24	18	0.13762116207839228
24	129	0.13171035279507665
24	172	0.1152358135536933
24	46	0.11379495992945493
24	148	0.11102046756274546
24	104	0.1060497311484502
24	49	0.10598051789294333
24	17	0.10481362611334236
24	152	0.0992036318622882
24	124	0.0982282306060102
24	116	0.08337400643465165
24	121	0.07384930782487971
24	47	0.07311031952670911
24	171	0.06930969492349498
52	156	0.6918627189144401
52	26	0.3182601749287473
52	44	0.2980881587515386
52	16	0.275402146154081
52	124	0.2687165793085021
52	127	0.25311663495143577
52	97	0.2530791972936475
52	128	0.2159365816088855
52	19	0.20822961154476666
52	39	0.2010149330824098
52	27	0.1997767377279966
52	46	0.1898292208422732
52	164	0.18953037415685445
52	45	0.18780409029789194
52	149	0.18720588835410926
52	148	0.1746509835202526
52	79	0.17085767905624352
52	195	0.17006150541226403
52	145	0.1675453079274464
52	14	0.16523119953183732
52	47	0.16132811276722894
52	18	0.15347760237220207
52	126	0.14748643526435795
52	129	0.1450301292643758
52	178	0.14226832219007413
52	50	0.13520694099575567
52	151	0.13368495867280455
52	100	0.13240797063248094
52	72	0.1288399120400325
52	86	0.1270103511944871
52	119	0.1255047411832334
52	181	0.1250814914870125
52	88	0.12093519962256224
52	41	0.11836256552751848
52	48	0.11446610237344715
52	157	0.11424897945673335
52	31	0.11192903500571216
52	15	0.09684154911560157
52	64	0.0957973276306181
52	17	0.09151820221216246
52	143	0.0835626827108085
52	11	0.08304927064341518
52	49	0.0804716190979675
52	130	0.07389008409886266
52	56	0.07266569429394391
52	121	0.07013864527876901
52	101	0.06906288203692153
156	128	0.3738059819450517
156	26	0.3349646970776305
156	127	0.2918524504120816
156	27	0.289307186300275
156	44	0.2736453370430101
156	39	0.27185891760660114
156	126	0.2714791772823477
156	97	0.2467508140167913
156	145	0.2384499780078633
156	79	0.23251824411985886
156	16	0.2302372663553245
156	45	0.2289679078216189
156	129	0.22827606350616025
156	41	0.2258670311802166
156	46	0.22347423440920228
156	31	0.21505930589404348
156	130	0.21224396692948164
156	124	0.2119288105427024
156	149	0.20992223949045646
156	143	0.205300434554304
156	164	0.20229084989948465
156	14	0.20181126222532772
156	181	0.2014850873042244
156	18	0.1984994804006947
156	100	0.19235354753725512
156	195	0.18234763617939534
156	72	0.17509691629842375
156	49	0.16793405328164587
156	15	0.166923207020461
156	48	0.1623603474948661
156	64	0.15555674659296834
156	152	0.15233495749831094
156	115	0.15198329236612082
156	157	0.15162181865639782
156	148	0.1483276214285408
156	178	0.1424642685569696
156	7	0.14048469963039864
156	101	0.13898457436640638
156	86	0.1376113514607336
156	47	0.13307598871082565
156	57	0.13281076067655856
156	19	0.12404778375279793
156	17	0.12073811992291693
156	56	0.11202778108923987
156	58	0.10945966943815223
156	118	0.10720642864151544
156	172	0.10195451725665744
156	62	0.09600341467856756
156	50	0.09495704177498954
156	106	0.08964866988086173
156	119	0.08737760423894042
156	163	0.08673650025074586
156	121	0.08249509364673845
156	88	0.08066336631103074
156	174	0.08034245958610979
156	165	0.07954459157653224
156	66	0.07613338915936747
194	196	0.6904839031040034
194	193	0.6440535939220892
194	175	0.6124421362256051
194	183	0.5795268518828185
194	167	0.5565285821785079
194	182	0.4703580463663766
194	195	0.39753681988790135
194	165	0.3947800221882119
194	189	0.3785191395680708
194	187	0.3742618342067753
194	180	0.3614823367935083
194	172	0.3390865110211194
194	146	0.3371734689026685
194	60	0.33298342941849923
194	159	0.3268523206333145
194	135	0.31166637077269266
194	174	0.30948883699138263
194	62	0.3054051475514057
194	170	0.3046160849992218
194	85	0.3020828253847107
194	63	0.3000367597296668
194	177	0.2981519374620897
194	150	0.28938048871172184
194	171	0.28889479703150106
194	158	0.28821641267964004
194	160	0.2833676817620548
194	162	0.2708769767153668
194	88	0.27066383953771395
194	74	0.2636341404671339
194	71	0.23553353085266215
194	147	0.2343808809834143
194	169	0.21428663437425602
194	173	0.21211981967994006
194	97	0.18931826810395785
194	126	0.17792593775152513
194	145	0.17511630305192796
194	72	0.1729441458453111
194	1	0.16627180271503875
194	57	0.1634798229643694
194	181	0.16155211829665655
194	178	0.15384862967319524
194	188	0.1409453932809937
194	69	0.13180861673880792
194	128	0.1274432290584688
194	15	0.1176525921273064
194	130	0.10704826484481172
194	124	0.10413115713292784
194	49	0.09717933995225106
194	37	0.08271259932224691
194	66	0.0795098129366923
194	129	0.07843654874732116
196	193	0.6316038760391701
196	175	0.6109401362666306
196	183	0.5542326323336789
196	135	0.5125335854202213
196	195	0.5066183862093322
196	182	0.5055918630054975
196	167	0.457670048518758
196	145	0.3624729649295668
196	158	0.33804176948296694
196	172	0.33773172809646873
196	162	0.3352842660424856
196	181	0.3309546944723464
196	146	0.3270488033648697
196	165	0.3238658918416381
196	160	0.3190867463001446
196	187	0.3168934749318921
196	174	0.28922471703151603
196	147	0.283597591159275
196	150	0.26655347492042786
196	88	0.2632898229917322
196	177	0.2605608376403685
196	85	0.260150663099702
196	159	0.2515436018130029
196	189	0.2402317105512301
196	180	0.21520236370232596
196	170	0.2080669769163157
196	60	0.1921031549909697
196	74	0.1797845178761447
196	169	0.1662231846265074
196	130	0.15678601564808234
196	171	0.13526584366282846
196	72	0.13093397679120686
196	71	0.1274629041727843
196	197	0.1266364631863156
196	57	0.11624215004079205
196	63	0.11204753004051393
196	178	0.09786079693194456
196	97	0.09300444221154433
196	26	0.08929254367600077
196	188	0.08895028388558249
196	173	0.08724065619718502
196	62	0.08031762090899526
196	1	0.07916996576783786
196	15	0.07067099335724057
196	128	0.07017247793746965
193	182	0.6575073616882386
193	88	0.6350117176059612
193	85	0.5063135544063111
193	183	0.5619304105077421
193	175	0.4681512145524323
193	189	0.4655234873380477
193	187	0.4526912245592361
193	195	0.4338746157467139
193	135	0.4195370081824011
193	160	0.39507543341521983
193	158	0.3879631081182711
193	177	0.37897311178018295
193	146	0.34275416321539165
193	180	0.3364996976978636
193	159	0.33619816210665404
193	167	0.33381005668795377
193	150	0.329796587172116
193	147	0.30869290976531305
193	172	0.30633878305676376
193	74	0.28898644836306103
193	170	0.28307335020058616
193	188	0.28288936589114705
193	71	0.2638667493913695
193	162	0.24965045629737456
193	165	0.22263801802241015
193	60	0.2154407728564699
193	184	0.1771802121145568
193	173	0.17558154436454948
193	97	0.17022658408251826
193	178	0.16832274641248976
193	66	0.16277898306259456
193	174	0.16252586157486004
193	107	0.15272565129523444
193	181	0.1459991664125938
193	84	0.1353051115764047
193	72	0.13416616999483502
193	19	0.0935219018334363
193	186	0.08953657691369679
193	171	0.0834067769540535
193	4	0.08298074615636468
193	161	0.0728139059229659
193	151	0.0706152728225815
193	69	0.07001724441096094
175	167	0.5822830495471663
175	183	0.5853152600489929
175	165	0.4978849191543214
175	182	0.4888590562839045
175	174	0.4879453004974504
175	172	0.4754586856494489
175	146	0.4613067306342387
175	170	0.4525242438500498
175	195	0.4433076563033285
175	145	0.4270474643134176
175	171	0.37043742355552783
175	150	0.3364021496126385
175	135	0.33354345874421315
175	181	0.30012775479345816
175	189	0.2924195374571145
175	60	0.2802653326300659
175	187	0.27978610813352384
175	63	0.2793528429164429
175	85	0.2769817034964307
175	158	0.2654569704332869
175	160	0.2534161089147398
175	74	0.2532383021032573
175	169	0.21947074195784533
175	173	0.21183329990094887
175	162	0.20876526766684214
175	37	0.1899738114540975
175	180	0.1898003017315837
175	66	0.18610560650529984
175	88	0.18212527450937427
175	130	0.17878762577319385
175	159	0.1664954355069681
175	147	0.16319756002966648
175	69	0.16242850145839902
175	62	0.1560348531403902
175	177	0.13504986254570356
175	161	0.11451544696656225
175	1	0.11022037947935716
175	71	0.10003430562734468
175	126	0.0830075601795676
175	134	0.07753108903572943
175	41	0.06934054593835047
153	47	0.597602840430731
153	164	0.4857479196068095
153	50	0.4555250350166382
153	45	0.44813965538403294
153	49	0.4078337369528422
153	44	0.3651539688117924
153	174	0.3508914382478615
153	173	0.3457952476253331
153	11	0.31169345644163365
153	148	0.3107632255204086
153	46	0.3040353580772168
153	149	0.2844617585954052
153	178	0.2786888968568237
153	171	0.2738303505608289
153	48	0.25498754927602946
153	41	0.2530136795686796
153	17	0.2518152324773233
153	152	0.24012805605275045
153	94	0.2337003190194091
153	31	0.21906141533875773
153	180	0.21018988489468252
153	165	0.20205106817505625
153	146	0.18777514824612754
153	157	0.18751465511234128
153	72	0.18723483681018188
153	151	0.17817769511314496
153	66	0.17719958418935594
153	120	0.1764439716653554
153	62	0.17305085375035084
153	177	0.17043049160143495
153	134	0.1667579391029516
153	130	0.16631069660384462
153	189	0.16207797886350298
153	14	0.1534287797663054
153	119	0.15089874965009467
153	128	0.15029281070601014
153	117	0.14683094459608653
153	118	0.14316958291915596
153	170	0.13526584366282846
153	116	0.12192045481960218
153	2	0.121250507306422
153	60	0.1205705946939074
153	197	0.1173074226742245
153	64	0.1152358135536933
153	26	0.11459439714010515
153	27	0.10984498021647963
153	195	0.1095782301099617
153	143	0.10337933868540022
153	18	0.09874516738713356
153	39	0.09262275874668778
153	127	0.08898500685211158
153	182	0.08349912926521498
47	49	0.6037072330016879
47	48	0.5111608830466342
47	45	0.4769432915105846
47	94	0.4528422749898588
47	50	0.4404911236108672
47	17	0.4288853637960103
47	46	0.4233200287750042
47	164	0.4204676738088836
47	148	0.3922615035184451
47	64	0.3776535184381133
47	44	0.3446501801831084
47	11	0.3337211966374068
47	14	0.29934501889007675
47	151	0.29301384344124753
47	86	0.2904887734131512
47	62	0.2732012219925451
47	169	0.2678999299737525
47	174	0.2652803503338541
47	152	0.2561652467777002
47	173	0.20711964103580496
47	178	0.20280869562371154
47	15	0.1924209566373909
47	72	0.18914471364476176
47	16	0.1878619734230013
47	41	0.1762211230949005
47	171	0.17569784244816908
47	117	0.17542647263003067
47	60	0.1694399472331296
47	31	0.16533819443830428
47	149	0.1639372267291518
47	180	0.1623895565261125
47	157	0.1576930220102191
47	119	0.15067397905251825
47	18	0.1499115976731326
47	120	0.14308142656112874
47	177	0.13361620904633378
47	118	0.12729566250511676
47	101	0.12572126988434368
47	165	0.11639998514591912
47	115	0.10135082056766652
47	128	0.09837975206347503
47	66	0.09279625461202357
47	97	0.08580349628282483
47	27	0.08565856935534624
47	189	0.08193490591057939
47	26	0.07628550055350433
47	170	0.07445893702031113
47	129	0.07421429640098096
148	46	0.36852912919057457
148	44	0.35894992825300703
148	115	0.349013518044942
148	17	0.3382808941477055
148	149	0.3372532347465779
148	49	0.3270309424664401
148	152	0.3126772252568793
148	48	0.30076456723344586
148	120	0.2877487090095285
148	45	0.2833033012921405
148	164	0.28073520561297904
148	116	0.27745251032844714
148	41	0.2675471668202894
148	151	0.2599455406040581
148	119	0.250690986387782
148	31	0.2377896687746167
148	118	0.23487225516476135
148	15	0.23076751278236435
148	117	0.23002891782911505
148	14	0.22435760568045449
148	157	0.21582217407773532
148	101	0.21465869494457376
148	27	0.1996711255894923
148	16	0.1936147591594284
148	50	0.1878619734230013
148	26	0.1873602763612752
148	94	0.17332245553555972
148	72	0.16429726097091285
148	127	0.1556640829867213
148	100	0.1537509951115116
148	18	0.15144595191021545
148	178	0.14821025947013514
148	11	0.13542291276636062
148	39	0.13053098409953331
148	79	0.11898369301979142
148	130	0.1186583521065519
148	143	0.1145253158173846
148	181	0.11221539255111032
148	128	0.11104022100799772
148	7	0.10964738906217067
148	173	0.10381461645129668
148	95	0.10248887463469963
148	186	0.10163783324705852
148	197	0.09578246526618232
148	171	0.09273082254693786
148	64	0.09269513199200337
148	62	0.09190789657263272
148	145	0.07700027702097226
148	97	0.06848064884385892
62	60	0.4909186782287384
62	49	0.4854651706874925
62	165	0.483230183996985
62	45	0.4273989808418145
62	146	0.3797007996703744
62	94	0.37655554467145896
62	37	0.33849341273858724
62	180	0.3017011036703197
62	171	0.2842687399512354
62	164	0.26961630216698823
62	172	0.26028118337370665
62	174	0.2447212491348211
62	31	0.2444015846359069
62	169	0.24006209124788944
62	41	0.22997209184306824
62	167	0.22775465857403274
62	64	0.2024634777260034
62	189	0.19042680865061987
62	50	0.18492759468559636
62	183	0.17777099856430725
62	170	0.1698187253243409
62	69	0.16683571340840675
62	159	0.1541805647010802
62	178	0.14357115533745865
62	46	0.14092579053781576
62	177	0.1387786248679366
62	63	0.1294397389928363
62	97	0.12457943864735775
62	128	0.1240970140547787
62	66	0.12297441180442342
62	187	0.11816536280124737
62	72	0.11737645883502093
62	157	0.11736659659577622
62	134	0.1136666414399958
62	14	0.1113957680047866
62	130	0.10740412575633074
62	48	0.1058618642089361
62	39	0.10457625676190224
62	182	0.09116814749807267
62	26	0.08118691503976233
62	17	0.07937169014270662
62	7	0.07708775467224156
62	27	0.07052771109216083
62	160	0.06977244619340592
62	44	0.06971970401271305
62	145	0.06848761601332416
37	60	0.37483784149686605
37	146	0.33743047484038624
37	172	0.26434117641829125
37	66	0.2335206880548369
37	180	0.2226000003913464
37	165	0.21844251943877996
37	150	0.1802005870219677
37	69	0.17920384879235898
37	167	0.1482396003512374
37	171	0.14609703340775834
37	94	0.14213115309746582
37	11	0.13766040427897894
37	1	0.12685292905744155
37	2	0.11868792960711876
37	63	0.11017098663379604
37	159	0.10826400917828886
37	183	0.10515976833738397
37	182	0.10080643987102794
37	84	0.0988927123746036
37	86	0.0939748853614296
37	170	0.09062368338711363
37	71	0.08681292045222977
37	49	0.08609234665058682
37	174	0.08522773779335867
37	189	0.08393604545886703
37	19	0.07299692792567497
37	124	0.07190469157071351
146	172	0.6748902222042142
146	165	0.5041090631091892
146	182	0.4284282619459443
146	171	0.4234677615441082
146	150	0.3887019101908194
146	174	0.3729712185132576
146	180	0.3617083414825213
146	170	0.3566740868606463
146	189	0.31578656245247616
146	195	0.30247353537475685
146	183	0.2882622585838977
146	164	0.2860877125029761
146	60	0.2808918000545392
146	145	0.26652560622023097
146	167	0.2439690128165515
146	134	0.2384405465692945
146	2	0.22115482968338493
146	159	0.22028916331361603
146	66	0.21762340249644352
146	187	0.20941553885671801
146	177	0.2021086179992579
146	130	0.1945097351427697
146	49	0.1931142018795826
146	147	0.15918461432290792
146	45	0.15810255068515666
146	178	0.14783858574218306
146	181	0.1427189821388261
146	135	0.14048469963039864
146	173	0.1361198246916233
146	160	0.12334864767000045
146	31	0.10558499389497182
146	188	0.09933136069148543
146	69	0.0925493930881497
146	41	0.09104220161765572
146	128	0.0899760080132643
146	85	0.08186438214677974
172	171	0.5264707623714237
172	181	0.4312245626306115
172	135	0.4231148070223505
172	165	0.3675348940404816
172	183	0.3532655066849936
172	182	0.34895204327366003
172	145	0.33137314977675003
172	195	0.331132776480598
172	170	0.32440285396543345
172	150	0.3162996289885613
172	66	0.29301384344124753
172	167	0.2796478443718645
172	174	0.2457269047343017
172	159	0.2372046398334758
172	31	0.2357979801131206
172	189	0.226711457044334
172	88	0.2254968948015085
172	79	0.22489884469503812
172	147	0.22262851367812087
172	106	0.17695742338986195
172	178	0.17623081253898307
172	7	0.15021461680033438
172	164	0.14844497920909594
172	180	0.1446776830239069
172	134	0.1428169438696135
172	60	0.12481570676985733
172	97	0.12011725672605802
172	197	0.11391340439633175
172	15	0.11289665101100704
172	63	0.11248198454791834
172	69	0.10900515803775074
172	187	0.1081454141695916
172	130	0.09488866348902604
172	121	0.08928857556721694
172	128	0.08716424172579074
172	26	0.08705209915108213
172	188	0.08628887574328167
172	158	0.07533598926885042
172	85	0.07352308875496046
71	177	0.6043169954948111
71	97	0.5086893660696045
71	183	0.3771389752164171
71	182	0.3464113963344924
71	60	0.25977769565550685
71	158	0.2586676595248339
71	88	0.2584157073532318
71	85	0.24540740783554
71	147	0.2253640094461829
71	160	0.2222292930240198
71	187	0.20068864917621335
71	74	0.19537553271019564
71	63	0.19522163535646955
71	167	0.18951109251902246
71	197	0.18224129161938585
71	159	0.16695237097369678
71	171	0.1661745657298238
71	170	0.1643167210351663
71	66	0.1618540124508303
71	95	0.1397690336073387
71	189	0.13850400686588452
71	84	0.1262133359928995
71	178	0.12481570676985733
71	188	0.1241757812671168
71	16	0.1232797121171173
71	165	0.12279712996920733
71	162	0.12083666096346225
71	99	0.1142884571631285
71	19	0.11168216012995806
71	15	0.10950907009678043
71	126	0.1033100862945014
71	180	0.0993422521456731
71	120	0.09500758167136172
71	118	0.09324136963211704
71	86	0.09257120460515253
71	124	0.08205509240566347
71	184	0.0748507411172293
71	18	0.07147292202729402
71	1	0.06961720394323337
71	135	0.06840898614178932
127	143	0.6697391778910518
127	26	0.5425624963886725
127	129	0.5102812780980075
127	39	0.4917076339440936
127	128	0.4788029358560613
127	123	0.36739649900699584
127	130	0.3623166043265419
127	149	0.3560193241339194
127	126	0.3550496335611089
127	157	0.3097419957115611
127	18	0.3040625847039041
127	2	0.2973226067442521
127	152	0.2901316426254056
127	115	0.27571632896660725
127	27	0.2682526213105598
127	134	0.2508221833464477
127	41	0.22167786580878385
127	119	0.20163858695598708
127	118	0.19358588359196394
127	31	0.1879487956639178
127	104	0.17602732704413787
127	44	0.16977016683204785
127	46	0.13380281218142887
127	145	0.12668566103507212
127	99	0.12471726343752368
127	195	0.1176525921273064
127	120	0.1116525342178531
127	164	0.11163278349951933
127	56	0.10819482913082004
127	101	0.1045564754444013
127	147	0.10135082056766652
127	117	0.09619463231865033
127	16	0.08245337933073145
127	17	0.08010599133771908
127	124	0.07933790424696044
127	64	0.07834113864923414
127	186	0.07005107764831146
127	106	0.06998639631886394
127	7	0.0684219252930196
143	39	0.5951156339654285
143	26	0.5705851270946646
143	149	0.5214360176768551
143	129	0.39029669525849264
143	2	0.3894486960802119
143	115	0.3789645479539231
143	18	0.3785448409740383
143	128	0.3676127340946168
143	118	0.3657778017484656
143	134	0.35975112599736603
143	152	0.3581482011686252
143	104	0.3310615465070765
143	27	0.3023281667791092
143	130	0.2992994985808176
143	157	0.2664048367032897
143	119	0.23775193017274585
143	123	0.23742168679873624
143	44	0.2306539000741297
143	4	0.1934222490424281
143	117	0.18492759468559636
143	120	0.17749983378174866
143	31	0.17387527767634134
143	41	0.16489073532863613
143	46	0.15917486770480752
143	56	0.14322835256247546
143	126	0.14175880948574845
143	17	0.14046509429433285
143	57	0.13942585421726816
143	164	0.13807242127051295
143	145	0.11250173145955533
143	16	0.11043770152906933
143	14	0.10798728270364708
143	173	0.1038245086662809
143	186	0.10023230029099252
143	195	0.09460126670753384
143	116	0.09444765161322342
143	66	0.08324888097519881
143	63	0.0792921936273101
143	85	0.07875357822288555
143	7	0.0730347253358547
39	26	0.5598124559860383
39	27	0.4801660027740779
39	41	0.40888362316186616
39	130	0.4057474350310221
39	149	0.39239687596712297
39	157	0.3380063398934352
39	18	0.2999457592053388
39	2	0.2915413800265616
39	128	0.2872166438759099
39	115	0.2782368922439557
39	44	0.2780246842942464
39	104	0.27631680859557617
39	129	0.2576316314282751
39	31	0.2352879395899827
39	134	0.22123091558038616
39	145	0.21504023082210166
39	152	0.2119670136659988
39	119	0.2108779711959066
39	116	0.19948869369677
39	63	0.1912747554514312
39	57	0.15893119217275614
39	123	0.15044919287554515
39	118	0.14687986627057045
39	16	0.14206256650372506
39	69	0.13431346694521445
39	17	0.1337929912002139
39	46	0.1284268615966516
39	14	0.11822452459854592
39	48	0.10128153911547652
39	126	0.09045507694202096
39	195	0.07940348846624512
39	100	0.07649825170886806
26	27	0.4970270265033958
26	18	0.3995051821293081
26	128	0.3902288796620074
26	129	0.37451978366068295
26	44	0.3686155446337195
26	149	0.3670850506949372
26	157	0.35861884422813745
26	130	0.35480490610603604
26	115	0.28497636221040656
26	152	0.2647968779898825
26	195	0.25394942657792113
26	2	0.2518339641647561
26	119	0.2380255187673862
26	134	0.2304645315852624
26	118	0.2276408801270905
26	16	0.2151737528793413
26	145	0.1977789247961536
26	41	0.19391312037282024
26	46	0.18457022358907896
26	17	0.18198024599080048
26	31	0.1604806373144146
26	14	0.15762476195308453
26	120	0.1539267351596467
26	164	0.15115281936379313
26	126	0.1479950850393965
26	48	0.13857266336493412
26	104	0.1234175820324589
26	101	0.12306304977962958
26	66	0.1163309330103531
26	123	0.11256097166123184
26	173	0.11037843292556627
26	181	0.10690986707792308
26	100	0.10379483195971273
26	4	0.09853622041508148
26	85	0.08302047059231966
26	117	0.07800222243934743
26	170	0.0707346734282169
149	118	0.5819194125794139
149	119	0.44034603794622
149	18	0.4971249055160778
149	44	0.4492817370287448
149	115	0.4300516097382943
149	152	0.4190177581287689
149	120	0.4085504430137893
149	17	0.3822055798731692
149	27	0.3801714063600679
149	117	0.35797384270851645
149	164	0.3424099345807795
149	116	0.3371114254547807
149	48	0.2866568668455169
149	46	0.2676121548990137
149	41	0.26633980349822595
149	123	0.2620702142400064
149	2	0.2555577991305913
149	157	0.25277030770402936
149	16	0.24327293272596845
149	130	0.2409382996538473
149	128	0.21931844339618453
149	104	0.20032392623426706
149	14	0.1916311933775952
149	31	0.18479237893590114
149	134	0.1727404194816089
149	173	0.1723911399071139
149	178	0.1703236847202907
149	145	0.15788804243910853
149	181	0.14241528301146664
149	15	0.13770945642196586
149	72	0.1111883690497257
149	4	0.10677146516806817
149	151	0.1007470492281808
149	79	0.09700598967517908
149	74	0.0907298036039261
149	186	0.08701537942134205
149	56	0.08000067064261468
149	49	0.07925542614778093
149	163	0.0740084333480697
149	121	0.07370609163858402
149	195	0.06971074775462756
182	183	0.6655212314529502
182	189	0.5694915363603962
182	187	0.5301616632908253
182	177	0.5072128154121134
182	180	0.4593049112745564
182	135	0.4404911236108672
182	60	0.4404669442642503
182	85	0.4282159615039605
182	160	0.4166240261489104
182	147	0.40206526136674986
182	167	0.367560841297428
182	165	0.3442271264273495
182	159	0.3227107168248173
182	88	0.3174780804736717
182	170	0.3116212268655719
182	181	0.3045888684792895
182	195	0.2809931179012345
182	188	0.2649084603573562
182	184	0.26057015869657996
182	174	0.26002013331796897
182	74	0.2589475651082549
182	162	0.2548379461578425
182	66	0.2453604184987936
182	45	0.21975627292759856
182	164	0.18159346458077066
182	158	0.16816727543424168
182	171	0.1657953106249119
182	197	0.15973037535966725
182	150	0.1595354718944277
182	19	0.1579952984261538
182	11	0.15278425125070727
182	50	0.15140686910853302
182	15	0.13405814846278766
182	97	0.12763997568571386
182	16	0.10389375359591337
182	84	0.09895806648322272
182	186	0.09322253478385896
182	178	0.0903350656657098
182	161	0.08723569424968113
183	60	0.5338969302175612
183	167	0.5217199206749273
183	165	0.5082889891585057
183	189	0.4024592083503487
183	177	0.3946956039824229
183	187	0.3913134207685409
183	135	0.3745885603944082
183	171	0.3609258365909739
183	181	0.34294830288137185
183	74	0.32809325895423697
183	160	0.32231648344296165
183	170	0.3170014202495794
183	85	0.3160116143924365
183	180	0.3039264466040623
183	174	0.2948136636780948
183	195	0.2766954617755092
183	158	0.2446742429841789
183	147	0.2431318048351071
183	63	0.24304712315905
183	97	0.24257660197088746
183	159	0.2407404804131771
183	162	0.21463007711094975
183	88	0.2043902981742856
183	150	0.1645696902259773
183	197	0.1623116651438244
183	57	0.1484058604133114
183	45	0.12514055232092586
183	164	0.12185149475299105
183	161	0.10753262432743106
183	84	0.1068999813645514
183	145	0.0966503555536153
183	169	0.08445037360591867
183	15	0.08129420223659227
183	178	0.08041101381711567
183	49	0.07960321798814188
183	44	0.07928325020619577
183	66	0.07644456749421161
183	173	0.06995057256006519
189	180	0.5608620694809692
189	187	0.4044852554612364
189	86	0.3859139381794534
189	84	0.37513862583111496
189	60	0.32600354815408994
189	159	0.3137144197422181
189	160	0.3112690561210369
189	147	0.30867481547985465
189	85	0.3085481492267063
189	49	0.2903422680014896
189	184	0.2617255927341318
189	45	0.2461778682873853
189	167	0.2420118258824761
189	171	0.2388366282448095
189	177	0.2349761843318465
189	188	0.2118906067716931
189	150	0.19182384148869394
189	170	0.18913507138375124
189	88	0.18827676427830686
189	94	0.186173181154094
189	162	0.17958129792591612
189	48	0.16965362308747464
189	151	0.16518256419753902
189	135	0.1610748691081437
189	19	0.15502000957167955
189	169	0.1506055675164387
189	165	0.14666460553112565
189	15	0.14621447002715718
189	72	0.1382489853616196
189	69	0.1299903164242101
189	178	0.12637078404303978
189	14	0.11964415499967952
189	64	0.1160349825565664
189	44	0.10876800354792401
189	17	0.10836283599845233
189	174	0.10675169312876448
189	74	0.10341891103023394
189	161	0.08659159680697591
189	46	0.07890860878532201
189	50	0.07767123994185011
189	66	0.0694261319301929
189	16	0.06811337004175774
187	188	0.5349542260253531
187	159	0.4770205403356645
187	184	0.4540814954006469
187	167	0.462494568426924
187	74	0.4612594975609432
187	147	0.4244930621015986
187	135	0.41790415630991296
187	162	0.4005299647891111
187	186	0.33204952510079416
187	160	0.32150974876323263
187	158	0.2934068753382426
187	60	0.26546626573458
187	85	0.2644620883490683
187	177	0.2384877033123388
187	180	0.19041717125596253
187	161	0.1817868623169633
187	63	0.17357463359063202
187	107	0.1677882798876294
187	150	0.14112181299459045
187	57	0.13362603050029714
187	88	0.12454990413808086
187	84	0.10263729675643044
187	45	0.10261750740410427
187	104	0.08456256663398211
60	45	0.5047949489436058
60	165	0.4658680634045843
60	180	0.4117029445362798
60	177	0.3910762701247908
60	160	0.3126682028991407
60	49	0.3074167158894057
60	164	0.2996272143876504
60	50	0.29797881762691464
60	174	0.2883539464276052
60	167	0.28634477497419364
60	97	0.2658473305790049
60	85	0.2552586738111656
60	171	0.25054103572976205
60	66	0.2429153887440074
60	94	0.22795375588983885
60	170	0.2081339455101478
60	74	0.19968072688473704
60	169	0.1911495085219514
60	11	0.18195123933674792
60	178	0.1683810458708147
60	86	0.1355308938271998
60	159	0.1320837419945267
60	19	0.13188722602881392
60	44	0.12238344189440875
60	31	0.09743192551237233
60	195	0.09187517522642998
60	84	0.08835003850922647
60	147	0.08262420755408495
60	64	0.07873171463178251
106	197	0.4568237586121226
106	95	0.43588559478047706
106	99	0.3860245717846751
106	101	0.3609693224332036
106	79	0.3603777805441987
106	181	0.3169204620310893
106	135	0.27682473831383275
106	100	0.2375254834912133
106	7	0.23057815477434496
106	117	0.21254953096525295
106	15	0.15214936125717562
106	11	0.14925658921795815
106	116	0.14816135742183728
106	118	0.13967098577553594
106	88	0.13922973666487642
106	120	0.13579592459413922
106	16	0.13054081370332418
106	115	0.13046217615458258
106	186	0.12411670600452387
106	152	0.12019610171580924
106	58	0.11706085570618105
106	188	0.10615849275925376
106	159	0.09604403663577027
106	145	0.0953445017851954
106	27	0.09331373448085868
106	147	0.08907429348697503
106	129	0.08666206400819566
106	1	0.0863355256028616
106	18	0.0863007863817071
106	97	0.08561687737577836
106	17	0.07165299507927117
106	63	0.0678555671122025
197	95	0.6582617213795693
197	181	0.536301989061326
197	11	0.4909186782287384
197	79	0.4077587037510781
197	135	0.34235696816646743
197	100	0.2345320858082215
197	99	0.2147254684562466
197	101	0.20879395999902514
197	7	0.19246910488288652
197	145	0.17666680214921268
197	171	0.17182832054465194
197	177	0.1713527477776006
197	159	0.15826829683791815
197	97	0.14977474108992864
197	46	0.1424446744224992
197	195	0.13433310609030774
197	15	0.13368495867280455
197	117	0.13247674276400204
197	120	0.1300984561544309
197	66	0.11899355143686913
197	118	0.11524568074939515
197	16	0.1137456071133362
197	115	0.1134692209756791
197	14	0.09502046431172223
197	174	0.08400753776798682
197	164	0.07734620443065751
197	186	0.07119932146066757
100	95	0.32066666062159377
100	101	0.3123614091743194
100	57	0.2930321261918541
100	7	0.27732328249501753
100	79	0.25769698406555896
100	145	0.2471170332298723
100	181	0.20435196887670004
100	46	0.1823863058709049
100	115	0.17814864737661498
100	41	0.1479950850393965
100	11	0.1384941986858993
100	99	0.12581968806291965
100	14	0.12078739074075248
100	134	0.11891468344347746
100	135	0.11326191984450673
100	31	0.10740412575633074
100	152	0.10721631369873427
100	157	0.10473450432176533
100	186	0.09810146405735648
100	104	0.09586470314691273
100	1	0.09470631701735954
100	195	0.08677917659307044
100	174	0.08501429559550762
100	27	0.08346139408547501
100	169	0.07773783539614808
100	130	0.07708278438293546
100	97	0.06856027323952936
72	178	0.6649414656315483
72	97	0.3879631081182711
72	164	0.20217575769673954
72	48	0.1836717511607548
72	177	0.17795498786727354
72	94	0.15925283978066487
72	101	0.15615192932262512
72	118	0.14471684553196976
72	151	0.14286592368584244
72	49	0.13889631176667416
72	44	0.13776831810188336
72	45	0.13337066417208546
72	159	0.13254551362003586
72	69	0.1293905764069992
72	123	0.12450067946550653
72	41	0.12384100981842668
72	157	0.12377208278271964
72	16	0.12345697256199635
72	163	0.111731536208951
72	169	0.10966714856783792
72	86	0.10849130766237727
72	180	0.10757216162673623
72	117	0.10236023843755812
72	165	0.10160814306401246
72	150	0.09951750227001678
72	64	0.09941453119291473
72	46	0.09783108414678926
72	162	0.09726650815006063
72	167	0.09576165788422646
72	115	0.09180179936523772
72	17	0.09165206985393988
72	57	0.09149737805935204
72	27	0.08765049809216449
72	195	0.08602981326070541
72	130	0.08462015160347944
72	152	0.08314262157933658
72	18	0.0723662771252634
178	97	0.4290240834291572
178	177	0.3311683900522397
178	164	0.3169204620310893
178	165	0.22731847411186934
178	45	0.2196420650547382
178	49	0.2132941690652783
178	173	0.2024442974775362
178	150	0.2016769603216746
178	44	0.16472535281660333
178	118	0.16462806465853108
178	69	0.1526377493484431
178	17	0.14785814855938895
178	48	0.14777989659650828
178	50	0.14253284714821055
178	180	0.13620815603465586
178	169	0.12941024151768174
178	195	0.12499289857408785
178	157	0.1232698640838512
178	130	0.1218711977492362
178	174	0.11289665101100704
178	94	0.11263995735201955
178	16	0.11096120670071953
178	86	0.10369590826997983
178	123	0.1023701336512449
178	171	0.10187534818898193
178	18	0.09461811454064288
178	64	0.09050665122909723
178	46	0.09012280789640063
178	31	0.0899571617990065
178	101	0.08029278213213137
178	117	0.07996390733778137
178	152	0.07823578833218728
178	41	0.06836817789871931
178	27	0.06812630971769396
97	177	0.4179784355664201
97	95	0.26723147582069595
97	79	0.23084325109237105
97	88	0.2286362304609317
97	86	0.20808611099935204
97	16	0.18521731913890785
97	44	0.18199958358421808
97	66	0.15768327066573418
97	63	0.15592752945503058
97	19	0.15479552874863794
97	165	0.14410977577929554
97	49	0.14406081380791513
97	45	0.13101260447093402
97	171	0.1309438053412748
97	31	0.13000014743660673
97	147	0.12928241647933805
97	50	0.12254104237393765
97	181	0.11920057277293353
97	124	0.1171397587075814
97	69	0.11386405292846825
97	167	0.10730527825962027
97	99	0.10711746217300648
97	101	0.09848670564050953
97	84	0.0933900634583878
97	126	0.09280121155399926
97	170	0.08628887574328167
97	164	0.08604073183795594
97	94	0.08299067729008111
97	11	0.07606478874331757
97	74	0.07446192038724478
97	18	0.07416457160459737
97	118	0.07335997331532282
97	64	0.07023019210026181
177	160	0.42602488090241786
177	50	0.3646945487756108
177	180	0.2923006491324646
177	45	0.2848752923105077
177	170	0.2806707212037682
177	165	0.27758172812298243
177	85	0.2507753283472561
177	173	0.2462436249061318
177	174	0.2446648416160284
177	164	0.2383273657987213
177	11	0.23689318325831224
177	167	0.22328421406549467
177	66	0.21704221498236909
177	171	0.19670249728767225
177	159	0.17183802527825875
177	44	0.15185629271734966
177	195	0.13715022200556767
177	169	0.13241779530076514
177	184	0.11924000423384043
177	151	0.1141404139040096
177	14	0.11185003654721316
177	1	0.1107834193817811
177	49	0.10659351377620582
177	74	0.1055751053664407
177	88	0.1033694455480498
177	17	0.09403831977796248
177	147	0.09266538968092812
177	162	0.09133276527448396
177	94	0.08388639751353215
180	94	0.41244181921602746
180	45	0.35409667080211665
180	49	0.3239016958131557
180	159	0.3076792860129056
180	174	0.29696704181812555
180	160	0.2799612255716877
180	50	0.2536126123123605
180	165	0.2450314608698505
180	170	0.2439125832433481
180	66	0.2410324922576488
180	85	0.2161463133483748
180	11	0.21354232675306875
180	157	0.21146076974857173
180	86	0.18194157038169045
180	164	0.17606608734640766
180	171	0.17078972170783652
180	195	0.1376800252172177
180	46	0.13063910832944628
180	44	0.11736659659577622
180	147	0.11289665101100704
180	151	0.11161303269299223
180	4	0.10774019135142032
180	48	0.1057333193160782
180	19	0.10518943648647187
180	167	0.096402684897218
180	184	0.09632045559810083
180	88	0.09241951358034843
180	129	0.07490742152523497
180	173	0.07260302666623528
95	79	0.5679015648537422
95	99	0.3938679530380032
95	181	0.4383528185090227
95	11	0.3797863791509024
95	7	0.3208191716980078
95	101	0.25451999903038924
95	135	0.22268553910901712
95	118	0.1701586116689744
95	120	0.16120149359119793
95	117	0.15772227585914078
95	115	0.1469287872264987
95	15	0.14009257199647107
95	145	0.12914475394065858
95	58	0.1167452289318019
95	16	0.08877964216685756
95	116	0.07383140596804973
95	27	0.06893947242122682
79	181	0.6580179750539239
79	145	0.34493213827792946
79	7	0.34337177863985274
79	135	0.28054174478414795
79	120	0.270598966432686
79	16	0.23808211859013115
79	41	0.2220106405994473
79	99	0.2107155251920883
79	118	0.20446695488917185
79	115	0.1934511265098604
79	117	0.1809938423829241
79	31	0.180887443729836
79	195	0.18058757020686453
79	88	0.16879882416036748
79	11	0.1655035425470388
79	15	0.1623992928066208
79	128	0.1390434148729457
79	18	0.12923325185873352
79	116	0.1276989977158252
79	171	0.11438714984971195
79	63	0.11184016164047517
79	56	0.09655525143544813
79	27	0.09217362620853084
79	123	0.08836293701993021
79	101	0.0874599699492121
79	57	0.08730416874282823
79	126	0.07839281929728584
79	19	0.0762258494492007
79	69	0.06875136822356373
99	101	0.4797119042218133
99	58	0.3809667117657341
99	56	0.3525213604556746
99	186	0.2954709451767788
99	126	0.2894354632931068
99	163	0.2697368478576171
99	63	0.26197707987926183
99	7	0.2254494367089437
99	135	0.21850917821999236
99	188	0.197135047628198
99	84	0.19286388552160733
99	116	0.1900991166524048
99	115	0.18937611696237944
99	151	0.18720588835410926
99	152	0.18688743388693652
99	123	0.17591104286277678
99	162	0.17199329647878528
99	129	0.16567860687380295
99	88	0.16318782634821768
99	57	0.15355571698297354
99	158	0.15181721489334746
99	147	0.15045896651124413
99	184	0.14816135742183728
99	64	0.14508886672887952
99	118	0.1366694067213908
99	15	0.13497132077453658
99	117	0.12798425810399824
99	161	0.11861891511157276
99	74	0.10773030742026
99	14	0.10088562627719347
99	159	0.09786079693194456
99	181	0.09080220219578153
99	16	0.08445633081170642
99	1	0.08392015816168774
99	128	0.07932399235455168
99	120	0.07714938594124053
99	18	0.07098540809823503
181	135	0.5867137892363198
181	145	0.5298812231621847
181	7	0.3575291156434918
181	195	0.33351679601459194
181	120	0.2629454384248852
181	171	0.24909714681923276
181	118	0.22338872735566712
181	117	0.220878995743556
181	15	0.2100751835766717
181	31	0.2053866396170984
181	167	0.18988705807546688
181	16	0.1881224313328494
181	41	0.1858256356390096
181	115	0.17199329647878528
181	18	0.17172156627419932
181	11	0.16969247152974976
181	164	0.15192467776695429
181	88	0.1372090929100438
181	66	0.12576063745284102
181	130	0.12537678678350705
181	128	0.12215688039368272
181	165	0.11758356050816712
181	44	0.11491018334910673
181	116	0.10421028900972062
181	147	0.10219201670704203
181	63	0.0957378779166609
181	174	0.09054632342729553
181	85	0.08582037110012904
181	121	0.07010182720213189
135	147	0.4687678455775148
135	7	0.3660116544294227
135	162	0.3605430935154415
135	186	0.34558392793657505
135	167	0.3399270093378513
135	188	0.3201641536173176
135	88	0.3061575406448653
135	158	0.2959181018923735
135	195	0.2660517701620701
135	159	0.2611572872475597
135	31	0.23983590937462276
135	74	0.22319869937288087
135	145	0.2187472286457406
135	184	0.20991268014385592
135	63	0.18545873159160936
135	15	0.18449294774161304
135	57	0.18341084676277464
135	85	0.1826376451078363
135	101	0.16217535035787767
135	16	0.11997927434834132
135	150	0.10740412575633074
135	161	0.10415094022576674
135	18	0.0983757907762187
135	117	0.07520970885125235
88	85	0.4611571502665254
88	158	0.3817529112047355
88	66	0.3559581950937419
88	84	0.3531692305611717
88	188	0.2619863935349581
88	86	0.24856243910794285
88	126	0.24769908254459685
88	147	0.2409006213413111
88	107	0.21972772152396144
88	186	0.21915661446262594
88	19	0.19119768115477206
88	15	0.17930063565563634
88	74	0.1647350814561589
88	150	0.16188322640732927
88	16	0.15859001390167926
88	195	0.1583755395965252
88	121	0.13937682585395916
88	162	0.13406796873375074
88	69	0.13211321849426988
88	120	0.1295773908470259
88	63	0.1252094555061841
88	56	0.12491414764476677
88	58	0.11880623750258848
88	123	0.11843158427677496
88	159	0.11294601344963275
88	128	0.10640566878774936
88	170	0.10551577375684784
88	124	0.0999155050252949
88	57	0.09702183908798538
88	184	0.09125442370163686
88	1	0.08913084094871272
88	129	0.08832027260221997
88	117	0.08200046247627248
88	18	0.08038021418421545
88	151	0.07465683080291452
85	160	0.4831611970238437
85	66	0.39647541355418336
85	74	0.3951682600749672
85	63	0.2666835229608133
85	167	0.2654569704332869
85	170	0.2611759230876459
85	84	0.2404107372353741
85	158	0.2377991033129162
85	107	0.21651806149302885
85	184	0.21352323867805534
85	188	0.19472140259349688
85	4	0.16698153463479454
85	195	0.1628763317779049
85	18	0.15918461432290792
85	19	0.1442174896323507
85	162	0.1327419947462416
85	129	0.1193385812402186
85	86	0.10370580073130753
85	147	0.10132112863706128
85	186	0.10107368886727416
85	1	0.10099450549842118
85	16	0.0974388590567826
85	126	0.09194855008989884
85	104	0.08858121501121755
85	159	0.08468766429613192
85	57	0.07736310270703582
85	118	0.07526936919194023
49	94	0.5531439487982566
49	45	0.511146108604561
49	48	0.38170165414785795
49	86	0.373212243227925
49	50	0.37184289873443177
49	164	0.36859826205470414
49	17	0.3674051491733402
49	64	0.3606300912462802
49	46	0.33817462190983283
49	44	0.3321562900196785
49	14	0.31110648693084986
49	165	0.28220844300338105
49	174	0.27152549160645545
49	173	0.2624520140678355
49	169	0.2608684068393057
49	171	0.2592554110231297
49	151	0.2461402920591013
49	152	0.2407216394420421
49	41	0.218956691485081
49	170	0.20665061375980426
49	31	0.2049843220780107
49	66	0.1706829283061481
49	157	0.16391776417362786
49	69	0.14616553860303608
49	116	0.11954558529306172
49	128	0.11485097520197488
49	126	0.0938242255649578
49	16	0.0869786594551578
49	15	0.07776566612677333
49	11	0.0764922868180254
48	16	0.5070345372751754
48	17	0.5760695528741709
48	46	0.3996228309336797
48	18	0.3763323892889224
48	118	0.347167970018491
48	44	0.34522284237781964
48	15	0.3401392599286435
48	14	0.3149130246689325
48	86	0.2774986606934076
48	117	0.2737193448810615
48	45	0.24737991632152176
48	151	0.24354575077249796
48	152	0.2404484249800293
48	115	0.2209550913962982
48	120	0.16517283703426694
48	27	0.15882396880228644
48	119	0.1576442649802871
48	101	0.15377052226409266
48	94	0.15294051254510269
48	116	0.1407493608784121
48	64	0.13061944960961744
48	164	0.1132224327961321
48	169	0.11126737931848237
48	84	0.07489847201929795
173	174	0.6378318509711048
173	50	0.547861139215398
173	170	0.4454744490064083
173	195	0.42482092866937016
173	164	0.3436011030749899
173	165	0.3420921034590255
173	44	0.268642354401023
173	45	0.2667392548628945
173	150	0.253968136676665
173	134	0.25389329514139125
173	157	0.2360623944561884
173	17	0.2260757973016337
173	41	0.2080287082725138
173	124	0.20225248645260024
173	171	0.19670249728767225
173	130	0.18154511295111286
173	66	0.1777128940962954
173	104	0.16826444577657795
173	94	0.15389744582759707
173	119	0.13055064328145186
173	145	0.11816536280124737
173	31	0.11462400308204032
173	14	0.10310232311463413
173	116	0.09657308359195556
173	160	0.096224354630649
173	4	0.09329886507184264
173	46	0.09213793194528902
173	169	0.08324888097519881
173	151	0.08284270169179253
173	152	0.07775274473119588
173	128	0.06998440611477671
174	170	0.6045645095251504
174	165	0.5965217330256551
174	195	0.5488401750907599
174	50	0.4943795145059317
174	171	0.40724165874247603
174	164	0.3981512755306602
174	45	0.36700717575144176
174	134	0.33610946204529024
174	66	0.324787548278458
174	160	0.3177568074101482
174	145	0.3076973925706221
174	167	0.2819783371750485
174	169	0.2787442358813411
174	130	0.2265976217181183
174	41	0.2202511040708937
174	31	0.16051960690284112
174	44	0.1521102869965168
174	94	0.15084011534525318
174	157	0.14280714782241796
174	11	0.13989649169095233
174	1	0.1066923765043458
174	150	0.09868278128742476
174	159	0.08393902432233774
174	2	0.07115952412108212
174	128	0.07016352224940385
174	14	0.07003217085906548
50	45	0.5561004634308906
50	164	0.4996953298961929
50	66	0.4062401847351986
50	94	0.3961382372007336
50	11	0.3281021824730936
50	44	0.3174331193765801
50	31	0.25944195867431585
50	170	0.2342391161600385
50	151	0.2284656328565697
50	195	0.22504125296629995
50	165	0.21670867722194712
50	17	0.21247314385078145
50	41	0.20599956141649767
50	64	0.18971354242370145
50	14	0.17646334894746998
50	46	0.15834629194191685
50	160	0.14827872112008214
50	171	0.1329286421535031
50	152	0.1192794353186045
50	1	0.11214627346889022
50	134	0.10317157850846134
50	86	0.07190966571750182
50	124	0.06842889251876348
170	66	0.5179762772370865
170	171	0.5288591540494593
170	165	0.42509952765875497
170	195	0.4230573371500941
170	160	0.3294667902856841
170	167	0.2453698164583847
170	164	0.2287499543971108
170	130	0.20844962830230754
170	169	0.18945324672859803
170	45	0.16507556363450826
170	145	0.1499409233366226
170	1	0.13549162835928066
170	134	0.13097329083703296
170	44	0.12762030147476
170	150	0.10309242940532412
170	4	0.09672069183915998
170	128	0.07903183548445915
170	94	0.0771752311366707
170	126	0.07663842506645921
170	74	0.07381947137039463
170	27	0.07260203193736252
170	11	0.07259805302042721
170	157	0.07228271651527189
165	164	0.4270392879738689
165	171	0.40000089863698995
165	167	0.3092898957840229
165	145	0.3016283837997781
165	195	0.28139832663808845
165	45	0.2760396909258224
165	169	0.24022228764134124
165	150	0.20666018669525968
165	160	0.18170950490918844
165	31	0.17191566194626404
165	134	0.17177009144270178
165	124	0.17101300403332484
165	41	0.13750343288482414
165	66	0.13377334915894706
165	130	0.12940040897506386
165	121	0.09669790695099856
165	69	0.09650868940125862
165	159	0.07907854174747657
165	11	0.07902487920282801
165	74	0.07554777698327961
195	145	0.4467159971399685
195	134	0.2626940884683042
195	130	0.23611905012641946
195	164	0.22438609539863255
195	66	0.22382572725843766
195	150	0.2224289126748829
195	167	0.2114894280970454
195	41	0.19266168859576888
195	160	0.18708044128764256
195	128	0.18686813235305366
195	44	0.1827246415917595
195	171	0.16111383105255295
195	27	0.14205276830753386
195	45	0.13647313706454295
195	31	0.12648886590281413
195	157	0.12249179288757785
195	162	0.0888183346416992
195	124	0.08369971751407321
195	74	0.07726966462248505
195	18	0.0769287035153626
195	57	0.06929974295493574
123	126	0.4740178865245985
123	128	0.3177298362347077
123	118	0.3020919128169249
123	121	0.2880146750053091
123	120	0.24957544082734925
123	129	0.24068395695553044
123	115	0.2379783510134483
123	119	0.22247643841522866
123	69	0.20819134560890795
123	130	0.2026648609542051
123	18	0.17708334968142553
123	124	0.1665246037393667
123	150	0.15185629271734966
123	56	0.14568597283307352
123	145	0.13675772456741506
123	4	0.128987419229764
123	27	0.12400839907150177
123	63	0.12107314974088634
123	58	0.11952587106886865
123	158	0.11282754266073952
123	2	0.11089206803107024
123	157	0.10069755647730604
123	116	0.09885409363665172
123	163	0.0968782019876841
123	117	0.0854153619168496
123	16	0.07305461862537194
186	188	0.6363049030555143
186	152	0.4344832321985344
186	184	0.3265396762339153
186	147	0.307154098945035
186	159	0.2974046484827496
186	15	0.2818218466780261
186	162	0.2684103810050305
186	101	0.2598709447876756
186	116	0.24505965945005145
186	7	0.23677047486949765
186	115	0.2361096076261825
186	46	0.2323952688187317
186	151	0.21774724219930072
186	57	0.21182374861418585
186	56	0.16619401338546125
186	58	0.15663969948633594
186	14	0.15134824401842964
186	163	0.15053715453790184
186	158	0.14356136145016424
186	104	0.13385191669324448
186	120	0.12463850700357272
186	16	0.12266908821348455
186	117	0.11825410518247605
186	84	0.1141700229615904
186	31	0.08666007902847829
186	107	0.08375234598149582
186	161	0.08192199317010054
186	86	0.07447186493406367
186	63	0.0696042669367419
186	74	0.06770227458575481
188	147	0.4644261698612487
188	184	0.3741930379007391
188	152	0.3599600469456261
188	159	0.32952027632635345
188	116	0.26715718724560833
188	162	0.2480557341198807
188	107	0.21457284033813454
188	161	0.2034510502273736
188	15	0.1909375380010116
188	74	0.18734097836642735
188	46	0.18256031249884644
188	158	0.17930063565563634
188	7	0.17084797096312174
188	57	0.1606365126650959
188	150	0.15876548174819186
188	104	0.15372170415746994
188	84	0.1510844179424062
188	101	0.14885569849489702
188	14	0.14440353278226348
188	115	0.13742494459712332
188	58	0.1126202110627376
188	151	0.09491145635053347
188	163	0.09165901104877316
188	63	0.09026960386350398
188	167	0.0901803365126378
188	117	0.0849517505887242
188	160	0.08275530499124609
188	17	0.0794313118667867
188	56	0.07473240677713576
171	66	0.34984752135554875
171	164	0.3079418092839021
171	167	0.2590781728347176
171	11	0.19952710156071565
171	134	0.1639761514573103
171	145	0.16016886260542415
171	130	0.1495205636406199
171	120	0.14006316065073246
171	41	0.13982786099096794
171	44	0.1387295875030466
171	63	0.1382391764758788
171	45	0.1264396655633503
171	159	0.12337819111400085
171	169	0.11978214862602404
171	31	0.10862965770916716
171	121	0.1003510932799124
171	1	0.0995204725579302
171	150	0.09715853823010903
171	128	0.07722493314402605
134	2	0.4599989848776096
134	104	0.3386085125603091
134	41	0.3176938738676276
134	157	0.2859591658203226
134	167	0.28489366912715985
134	145	0.2796017538732906
134	31	0.2461308978864125
134	164	0.2359490783012595
134	130	0.22600937396920145
134	128	0.12859405405680793
134	4	0.10798728270364708
134	57	0.10611894337635812
134	63	0.09947789826171652
134	94	0.0947628054630295
134	129	0.08354480837292008
134	150	0.07942932448513759
134	119	0.07468169141544935
63	167	0.6166118918338279
63	74	0.4182837471255765
63	57	0.33279670073645345
63	158	0.30850290862681834
63	84	0.24702313759267544
63	126	0.2356657598454059
63	69	0.2200607978001668
63	104	0.21950881492732596
63	101	0.18866255594750164
63	161	0.17854560621449278
63	162	0.15449294235150762
63	116	0.1397690336073387
63	115	0.12481570676985733
63	169	0.11782023561015025
63	121	0.10855060105450674
63	16	0.09893133081466593
63	145	0.09296974484253263
63	150	0.08470057104591536
63	118	0.08148691709787448
63	56	0.08060276291420755
63	15	0.07520175409846876
63	58	0.07011874363944541
167	74	0.409591269103634
167	162	0.3060397211734177
167	158	0.2974046484827496
167	159	0.27326599603015617
167	57	0.26867946725361674
167	169	0.22921426231144584
167	160	0.22295163763248907
167	161	0.21762340249644352
167	145	0.1543855660147792
167	150	0.14776033331664645
167	147	0.1366988462448755
167	184	0.1281514698693521
167	1	0.10855060105450674
167	104	0.10663305912048647
167	69	0.08430839174903737
69	150	0.4083921442860738
69	84	0.39249839414939336
69	121	0.2875744313541853
69	86	0.2642295580290927
69	41	0.24164463343608436
69	145	0.2045723537772613
69	124	0.17642459424648016
69	116	0.1613865505959008
69	27	0.12080709890126465
69	126	0.10874824011450596
69	130	0.09890756565604086
69	161	0.09300146816019336
69	15	0.07672491349958255
150	121	0.3056136802697718
150	124	0.2402317105512301
150	145	0.22589550050982635
150	147	0.20822961154476666
150	130	0.16166898414007347
150	157	0.13381263313636232
150	158	0.13013777892544492
150	41	0.10636612150610228
150	116	0.09935314357605723
117	118	0.6151284108870712
117	120	0.4635237336941938
117	16	0.4444719506501861
117	115	0.4133459943784071
117	152	0.32348989414783624
117	18	0.3004461944958286
117	119	0.2912027921776551
117	116	0.2849028574569555
117	17	0.2370630747037255
117	15	0.22880681402414615
117	14	0.22069825779154406
117	129	0.18934719269747144
117	147	0.1821639474429963
117	19	0.1736134281951239
117	86	0.16120149359119793
117	44	0.13209356752039944
117	7	0.13205426526118058
117	121	0.12360468358188408
117	151	0.11754411335840274
117	46	0.1166761824290487
117	27	0.1038838615247568
117	163	0.0946805501553665
117	128	0.08849588917173913
117	107	0.08750859492771815
117	126	0.07549806216885922
118	115	0.5183420327683724
118	18	0.5034001434684142
118	120	0.4337122510961364
118	16	0.4011091119064572
118	17	0.3206576888638969
118	119	0.31656059186189583
118	15	0.3066468441857273
118	152	0.2853897639809639
118	116	0.2664605775200242
118	44	0.2060187126212063
118	27	0.19064845859387625
118	128	0.17726738536975678
118	74	0.17615329603022772
118	126	0.1610846096413192
118	14	0.13363585192801258
118	4	0.1290169199829688
118	46	0.1274432290584688
118	129	0.1271284135989854
118	157	0.12441207351063745
118	107	0.10352773328999683
118	130	0.09639971277679144
118	162	0.08755325015290237
118	7	0.07986653320921906
118	145	0.0760747308772339
120	115	0.43430474578995015
120	119	0.4156400937360038
120	116	0.3432571010646707
120	18	0.31155802303221153
120	121	0.2700798931573143
120	17	0.2599548648629789
120	16	0.22581958144017825
120	15	0.1978750112451365
120	128	0.1922668760269001
120	152	0.18230896592377566
120	19	0.16365500718998893
120	27	0.1591651210556787
120	126	0.1490903721820337
120	14	0.14754512960997512
120	44	0.14062193389728173
120	124	0.12848587153434635
120	46	0.12242284259323405
120	130	0.11128713166592988
120	104	0.1012518467637718
120	164	0.09667710326894588
120	151	0.08749569446384756
120	157	0.0871027124448663
120	66	0.07848624093778657
120	7	0.0764425791814514
120	2	0.07400644430227167
120	129	0.07318790216486057
115	152	0.49751629505539097
115	116	0.4343534272846026
115	18	0.4799505304394736
115	14	0.4368894563285135
115	119	0.3877592128268442
115	16	0.350066903841324
115	27	0.3161016252136469
115	46	0.3039355228636274
115	15	0.2926389998462665
115	104	0.24107016802789236
115	17	0.2302183264520899
115	101	0.20241552681361852
115	44	0.18700324005970104
115	157	0.18011350811259316
115	126	0.17370071408500753
115	57	0.1606365126650959
115	130	0.15203213704884344
115	128	0.14938369067222207
115	4	0.1372973974491827
115	56	0.13092414821540094
115	7	0.12514055232092586
115	41	0.11611390469440555
115	64	0.11439701899422212
115	31	0.10720642864151544
115	58	0.09070005047986802
115	129	0.08249012767189252
115	84	0.07267663620186296
115	74	0.06935447861126581
74	162	0.3626987831136226
74	160	0.3217249237112468
74	57	0.3172532607174146
74	184	0.25452935120228665
74	107	0.23815758250502606
74	158	0.2258385614647873
74	104	0.19325860373134726
74	84	0.18205759551975406
74	18	0.18002642638003702
74	161	0.15859001390167926
74	16	0.13060962021118486
74	147	0.08706301578188058
162	184	0.4387566533675482
162	57	0.39073739339182656
162	161	0.3222895998204836
162	160	0.3007190895158245
162	163	0.29407388841023546
162	158	0.2911570314647195
162	159	0.2383745252400484
162	147	0.23635509813618566
162	56	0.2154884516065024
162	58	0.21317007989753528
162	18	0.1954620957439646
162	101	0.16955649967524722
162	15	0.1666509960448144
162	84	0.13417598997604788
162	169	0.12572126988434368
162	152	0.11850060188168092
162	16	0.11459439714010515
162	151	0.07938063343753103
162	107	0.07754798682527
84	86	0.61226713012313
84	15	0.22558231667120404
84	58	0.1897328225259814
84	158	0.18738922308236786
84	101	0.18296628347458244
84	16	0.1574004683056496
84	57	0.15222750835155602
84	19	0.15072284355194884
84	126	0.13882766155229753
84	184	0.13488295925457958
84	56	0.13402868749192706
84	64	0.1194470132297011
84	147	0.09581417159200947
84	107	0.09108186992587593
84	161	0.08505599189452312
84	14	0.07293028461278557
86	94	0.4278647454863616
86	64	0.3654399329935865
86	15	0.23485335837552215
86	16	0.2294700608963325
86	19	0.21212936971150329
86	151	0.19850908636118944
86	58	0.16795348917943925
86	46	0.1601980928430257
86	45	0.1524619382108216
86	14	0.15146549313349705
86	129	0.1477701149710317
86	169	0.14539232732867768
86	101	0.1437376471172442
86	17	0.13921012430865806
86	107	0.1217431265574423
86	184	0.10207326843639043
86	126	0.0990986739432083
86	56	0.094696406700839
86	160	0.09190095569759754
86	152	0.08243351526917217
86	66	0.07846735795134015
86	18	0.06852543767383917
1	107	0.3219311018579985
1	2	0.2768155046076293
1	4	0.26087772629173706
1	66	0.23810098483839046
1	160	0.1619513912022569
1	104	0.15053715453790184
1	169	0.13676753752724244
1	158	0.11958501345862366
1	159	0.11254122501622724
1	101	0.09685640841973096
1	14	0.08911794420975849
1	64	0.07073069344066693
45	164	0.6079922436737392
45	44	0.4778543579599176
45	94	0.4064405577344096
45	31	0.4016208446369928
45	46	0.3503388847975157
45	11	0.3235794266800893
45	17	0.282843366560216
45	64	0.2434893088197569
45	41	0.22775465857403274
45	160	0.21227261532201466
45	66	0.20300046156939025
45	152	0.20045830431014994
45	151	0.1970293201809104
45	169	0.1949811514962943
45	14	0.18943396450619288
45	27	0.08985301050617868
45	157	0.0819746372471906
164	44	0.446780030436888
164	31	0.3496544330207431
164	11	0.3206487170486627
164	41	0.3113683949925305
164	46	0.23629844915684206
164	17	0.19550056722592052
164	94	0.1614547266322908
164	145	0.1609287573460183
164	152	0.1407591627607898
164	66	0.120954907068443
164	157	0.11789912433777334
164	151	0.09714169867858324
164	64	0.09010098653978996
164	27	0.06990579260785522
164	2	0.06919723687642328
164	130	0.06910368636440935
66	128	0.18542976327867894
66	44	0.1597108855732639
66	11	0.15415127771502046
66	129	0.13137623603548632
66	130	0.13066859621657054
66	94	0.12139829936450595
66	126	0.11297563064521092
66	2	0.10964738906217067
66	147	0.10127164168495427
66	27	0.09444071405114916
66	19	0.08832721799463206
66	107	0.07627953546763966
66	31	0.07586296015759764
94	64	0.33115058338435344
94	157	0.32532415147393384
94	41	0.21079197182064136
94	151	0.19415370812996416
94	46	0.1900123675591293
94	169	0.17469945794860464
94	31	0.15395602422119292
94	14	0.14327732649366298
94	152	0.14305204060383886
94	17	0.13684604023939945
94	44	0.12667582151517431
94	27	0.08946316967055272
94	104	0.08306615336749487
94	129	0.08189219443326327
129	128	0.5226654296858209
129	126	0.5064920078983733
129	130	0.23409734137425264
129	64	0.20974060504397152
129	27	0.2075120192896908
129	157	0.18871077581459647
129	152	0.18190289420964026
129	18	0.17649241461418488
129	16	0.15621046576861825
129	2	0.14071015307299758
129	124	0.13953371421003058
129	121	0.13914148020196304
129	15	0.13437238406389784
129	19	0.11664659072542455
129	147	0.10966714856783792
129	104	0.10727562359684838
129	101	0.10515976833738397
129	7	0.09648887564155986
129	169	0.0947469491188182
129	17	0.08347628957976137
129	4	0.07442413097428417
129	46	0.06812630971769396
27	130	0.6019693555024116
27	157	0.5112569095567573
27	41	0.3941974009491722
27	128	0.3738317897282666
27	44	0.27620596703826744
27	18	0.26170696264233273
27	145	0.2407216394420421
27	119	0.23230066737665125
27	17	0.1981536404377149
27	16	0.19192016000213788
27	46	0.1824539764733211
27	4	0.1780324533260626
27	152	0.1625745404464567
27	126	0.14362991807059144
27	14	0.13811165849404833
27	15	0.12076768248502015
27	116	0.10567398971185124
27	104	0.09274866773505146
27	2	0.08511952853917687
27	7	0.07506055564475145
130	157	0.5937447311760908
130	41	0.5456317454966152
130	128	0.4983285340483341
130	145	0.4843790832450294
130	126	0.2270244722468385
130	2	0.15594704312628474
130	18	0.1274629041727843
130	119	0.12685292905744155
130	124	0.11859919647373578
130	121	0.09241951358034843
130	31	0.08948400155457897
130	116	0.07836996060105954
157	41	0.5325371397477043
157	145	0.32902990849029984
157	128	0.32680766152548024
157	119	0.2461215036674797
157	44	0.1640929225776387
157	17	0.13927876707753245
157	2	0.13875901000363114
157	18	0.1335179930634684
157	104	0.13162191303248955
157	124	0.1158080732517523
157	152	0.1110994808172724
157	31	0.11105997436551313
157	46	0.11037843292556627
41	145	0.5750196182690246
41	31	0.419652359824275
41	128	0.2603650842415789
41	7	0.1983745994445371
41	119	0.18893257547971945
41	104	0.16099694371324078
41	44	0.1558689877110712
41	116	0.13931799091599126
41	2	0.11709044450494333
41	121	0.0937479028435861
41	46	0.09055822503072294
41	17	0.08386554525228301
11	7	0.14139622584173153
11	46	0.13862170290596465
11	31	0.11044757955330076
11	101	0.1029934911905759
11	44	0.08558213383041957
126	128	0.5975964116838617
126	124	0.2739598479670137
126	121	0.2540523297687249
126	15	0.1806359391765568
126	56	0.176812116623439
126	18	0.16934281657724393
126	16	0.1506935249406552
126	19	0.1069889520237832
126	58	0.10481362611334236
126	116	0.1023800288446722
126	64	0.0961183442660976
126	145	0.08602485026421446
126	4	0.0837295072699811
126	169	0.07932200493882792
126	17	0.068189017053247
128	145	0.24257660197088746
128	124	0.23514623865214465
128	18	0.21521190056122866
128	2	0.1968370767185561
128	119	0.14367888624121766
128	31	0.13490259533335158
128	7	0.12674469763085314
128	15	0.12516023906849433
128	64	0.1138837935830596
128	152	0.11338037884241248
128	121	0.11137601614112634
128	44	0.10422018040156908
128	56	0.08893937090858813
128	116	0.08215143853380492
128	16	0.07736608475119472
128	4	0.06816114719281988
16	18	0.5890303830015814
16	15	0.4273662870784536
16	17	0.33931659601895925
16	14	0.324205992105414
16	46	0.27801545724584403
16	44	0.24257660197088746
16	152	0.21253043443013864
16	57	0.15831704400943172
16	101	0.14521612772652026
16	19	0.14279735174724348
16	151	0.10839248362693564
16	147	0.0787038881335675
18	17	0.4884784548738537
18	15	0.42614764847631853
18	152	0.35997745539558884
18	44	0.3567089977063864
18	14	0.3128125538516598
18	46	0.2620795274076272
18	116	0.24268012643322195
18	119	0.2217063913867849
18	57	0.1957890841541624
18	31	0.15099647113189935
18	104	0.13270269935510334
18	56	0.11631120362217247
18	101	0.10057877184226316
18	58	0.09914818267049573
18	147	0.08160512577705234
18	7	0.06945797761982304
15	17	0.3143093414298759
15	46	0.3047158746495742
15	14	0.2800718164612787
15	116	0.25388393973569195
15	152	0.23514623865214465
15	7	0.2289773835368941
15	101	0.17720927017526578
15	159	0.15470768407407334
15	147	0.1532432470341739
15	57	0.13902380147983046
15	58	0.08924095804075874
147	152	0.31251481418632465
147	31	0.30839432549290985
147	7	0.2958633549717845
147	159	0.2761782555007398
147	158	0.2683175829278062
147	101	0.12770883463292304
147	184	0.11859919647373578
147	116	0.1174652179461626
147	57	0.08736569584460338
147	46	0.08322802647664335
147	17	0.06992469973316337
119	17	0.371291258501164
119	116	0.3708342329237468
119	124	0.3161826300875371
119	121	0.2686609109270276
119	2	0.20744503260343275
119	152	0.1821639474429963
119	14	0.15036122883107925
119	44	0.11535421840066043
119	7	0.11101059080722277
119	145	0.10972642656470734
119	104	0.1087778852323896
119	46	0.06993664104957929
17	44	0.5093561722280481
17	46	0.406682622957116
17	152	0.4039665626090287
17	14	0.3900762790889424
17	116	0.2638388379402738
17	151	0.24501266158606105
17	101	0.1573322017971181
17	31	0.1451965494241362
17	104	0.12790556769610126
17	124	0.12652822572632208
17	107	0.12195000877357727
17	58	0.1175539751806246
17	64	0.098411442249279
17	169	0.08929353570275385
17	163	0.07164901561473744
44	152	0.3907882316572652
44	46	0.38951656034274496
44	31	0.2994815716415446
44	14	0.2972861423399031
44	151	0.22014643769587144
44	116	0.14681137572514866
44	19	0.1376015408160739
44	64	0.12400839907150177
44	101	0.09325623920202387
145	31	0.2269011688228867
145	7	0.22402519730893594
145	124	0.16475453863910944
145	121	0.15598607010360788
145	57	0.13055064328145186
31	7	0.4356830717784157
31	152	0.3362425099009245
31	46	0.21031413812639954
31	57	0.20635383314465508
31	116	0.15851202497578515
31	14	0.12811212657966622
31	64	0.10082623659234616
31	101	0.09787070115489613
64	169	0.5587610429358412
64	14	0.23819531338420594
64	101	0.22664505385656986
64	46	0.22175393317353034
64	152	0.20923386405515795
64	58	0.15829754523342304
64	151	0.11712003309583235
64	160	0.08221699275359079
151	101	0.3138766955642901
151	152	0.29092820791783336
151	163	0.28186787485173725
151	58	0.2789471297990674
151	46	0.2424071863887993
151	14	0.2273848558972674
151	184	0.17838102057114566
151	116	0.17609515721483898
151	159	0.16886682884370605
151	56	0.11898369301979142
151	19	0.10079654148043324
151	169	0.08928956759467863
151	161	0.08741531398957529
151	160	0.07690782776017475
159	184	0.32954701855360696
159	158	0.21122193604184328
159	160	0.1914192633994281
159	101	0.1846668151892201
159	161	0.17390437054621108
159	163	0.16860451621177516
159	58	0.14535317265814085
159	46	0.12109285651901275
159	152	0.08646455515696871
159	169	0.07486466266577163
184	161	0.5377323294301966
184	58	0.4200065694008079
184	163	0.31020299339552504
184	56	0.2912119441603423
184	160	0.2728125257558732
184	107	0.2415787197702749
184	57	0.23363414104564784
184	104	0.16439456001299566
184	152	0.14852321540687924
184	101	0.1435809491966307
184	158	0.1387197799484254
184	19	0.11395288516586707
184	2	0.09711198168727804
184	4	0.09468550533098777
107	4	0.5596064383886168
107	104	0.36563920058213184
107	2	0.24690106632925346
107	160	0.15496145089928592
107	56	0.14170001471934246
107	158	0.1023899240178381
107	161	0.07623181458419173
107	58	0.06769630208491666
4	2	0.3308478339501155
4	104	0.2404295811983142
4	160	0.16697181344689138
4	161	0.12885957999489084
4	58	0.0890981030145566
169	160	0.3807871758884123
169	14	0.1970197083675028
169	152	0.15519567905136494
169	46	0.10112317782260233
169	101	0.08870324854529375
169	57	0.06779285692001888
14	46	0.5534769955962403
14	152	0.5100223673114873
14	116	0.21781392221253065
14	101	0.20902348571270268
14	104	0.12857438473483818
14	57	0.09330084766211624
14	58	0.07453550968287856
14	56	0.06903402029989325
46	152	0.5381231779642821
46	101	0.29347084789262434
46	7	0.1445504017428605
46	116	0.11048709143200686
46	57	0.10003430562734468
46	58	0.09196838096271052
152	101	0.3455134802491781
152	116	0.32472493094155325
152	7	0.20135076698986315
152	104	0.19434616152181408
152	163	0.1435319796195652
152	57	0.13258481067914168
152	56	0.1091039687478858
152	2	0.10296380932865047
152	58	0.10162793653949152
56	58	0.4549066678151559
56	163	0.3722995271159353
56	57	0.3117385980975386
56	161	0.2209741148891807
56	101	0.15159250819836026
56	104	0.13968079068199835
56	158	0.13678716336636984
56	7	0.07599519338251436
56	19	0.07008292054800909
58	163	0.4022412986410592
58	161	0.41952052827014935
58	101	0.3545076716782851
58	57	0.2306823038409294
58	19	0.0988055722361197
58	104	0.08134287821403811
57	7	0.25367810879450353
57	163	0.2176424552146083
57	161	0.2096258810916181
57	104	0.19732726760157565
57	158	0.15461983695323034
57	101	0.1430716312700601
57	116	0.1129953753307325
161	163	0.39602020022566653
161	101	0.1517390578216061
161	158	0.13634555604101012
161	116	0.07975325934597208
161	104	0.07482886433914378
161	160	0.0688588569359579
116	121	0.24975359767600014
116	104	0.2094537843416131
116	7	0.16169819989255332
116	101	0.10537733041363004
116	163	0.09756663268127704
158	163	0.11309409741940488
158	7	0.09890261456712512
101	163	0.24063685282706604
101	7	0.1113167600222331
2	104	0.41917438623968256
104	163	0.16313915746448318
163	7	0.12622317668241712
19	121	0.4409262425567264
19	124	0.13851381501870033
121	124	0.4352211543674209
