51	155	0.90184202390397
51	21	0.6942272921792381
51	125	0.6650976353484647
51	50	0.6590034472212101
51	69	0.6027021257376634
51	122	0.5971783783191469
51	89	0.5949476902638984
51	144	0.5632632051064899
51	195	0.54618631227441
51	157	0.5442115644219967
51	179	0.528808730623197
51	156	0.525827143570625
51	91	0.5250453135982946
51	180	0.5159759109651045
51	178	0.4612673699213899
51	52	0.4538671404267121
51	137	0.4494732713933586
51	194	0.4408134538282443
51	93	0.4406523029231109
51	173	0.4330787598443992
51	124	0.4285752114724237
51	72	0.4241158778821392
51	92	0.4206240706303418
51	20	0.40774202895830425
51	174	0.4037991868851624
51	145	0.40328015035368414
51	140	0.3983111437916443
51	34	0.3902882185405119
51	40	0.3898473380482461
51	53	0.3762293797655857
51	42	0.3710153400313896
51	138	0.36582977300379216
51	150	0.3563336539203519
51	36	0.3557311177045739
51	132	0.3541578923728728
51	90	0.34686011658395594
51	130	0.3397677986648712
51	175	0.3373950287349954
51	68	0.3318359697391737
51	123	0.3209268165604353
51	128	0.3188262489442664
51	166	0.3164616115825521
51	141	0.3022918224324288
51	61	0.3003734141799213
51	131	0.2993177068680235
51	196	0.2974958008190389
51	127	0.2944118542244696
51	22	0.2899026701146464
51	142	0.2844249949167945
51	192	0.284167625748663
51	35	0.2684753366952056
51	172	0.2672129039746722
51	39	0.2642946696165244
51	70	0.259936216296661
51	177	0.25564191931460023
51	126	0.25460416686345466
51	146	0.24960357197969554
51	88	0.244871661085733
51	60	0.2401469027325696
51	165	0.23507066073084096
51	62	0.2307012394670585
51	45	0.2280580373539389
51	23	0.22609477501050065
155	125	0.6890265244509706
155	50	0.6760592489828854
155	21	0.662272061056077
155	122	0.619467166324484
155	179	0.5888670981580745
155	89	0.5729879467971785
155	69	0.5705311700227923
155	157	0.5506543957397899
155	144	0.5470207693250037
155	195	0.546565107991985
155	178	0.5185029051588086
155	156	0.5159759109651045
155	173	0.5118328005564252
155	137	0.4862138513552827
155	91	0.48540402242735103
155	174	0.4751722778335887
155	124	0.460928792849417
155	180	0.4543910264678036
155	52	0.4448169359089136
155	150	0.4131884444401051
155	34	0.4114454564693709
155	40	0.4112377569503544
155	53	0.4071415553432373
155	72	0.4043179635944255
155	36	0.40128531047302096
155	194	0.4008825272732764
155	130	0.3946280646195521
155	140	0.3941805086478147
155	145	0.3888122630211833
155	132	0.3884472072499003
155	20	0.38444060415775605
155	138	0.3824531889008048
155	92	0.38225681383187615
155	175	0.3651279686496065
155	93	0.3606300912462802
155	22	0.3563511143224565
155	42	0.35458635835548497
155	128	0.33401441228927314
155	172	0.3290923288048797
155	70	0.3279950963824432
155	123	0.3189789601356854
155	27	0.3138766955642901
155	25	0.3129388490827533
155	68	0.3121989625794948
155	166	0.30463422906949505
155	142	0.30337269049287563
155	61	0.2996818268177265
155	141	0.2988351136329107
155	47	0.2974958008190389
155	177	0.29537967278819355
155	94	0.2943113855885573
155	192	0.2932240821330224
155	129	0.28897728346824936
155	90	0.287996333948722
155	131	0.28632641473565196
155	23	0.2819415172310766
155	146	0.28073520561297904
155	143	0.2788641307506904
155	127	0.27654770489595554
155	165	0.2740893354399944
155	60	0.2725626025547943
155	196	0.26944010480360386
155	35	0.2692638893989344
155	152	0.2688186333454937
155	16	0.26450859072431515
155	115	0.260393050323816
155	126	0.2559690165575065
155	154	0.2521523739716371
155	119	0.2512813001167817
155	43	0.2508128124406203
155	139	0.2423883615224164
155	41	0.2421247942343087
155	39	0.2416163849951763
155	133	0.24117377264926584
155	45	0.24006209124788944
155	48	0.23861973620927665
155	44	0.23610016508135614
155	26	0.2331708346498863
155	176	0.23110831314302316
155	88	0.22917636353111026
155	46	0.2258670311802166
21	132	0.6165313127043651
21	122	0.6550822495289256
21	52	0.6530911003541323
21	125	0.6537730017706133
21	156	0.6206120902121445
21	131	0.575835655369703
21	69	0.5028474623479664
21	20	0.4678388222942418
21	22	0.45885504131648
21	23	0.4403944023903484
21	124	0.42085450459455737
21	142	0.4158303415073609
21	34	0.4067493895242841
21	157	0.4044434350315783
21	178	0.4031629126184526
21	50	0.402517868558662
21	144	0.37804784370507627
21	195	0.3662454608948324
21	133	0.35181181776715675
21	93	0.3506722002206013
21	89	0.3504178359478552
21	92	0.3480031949826036
21	180	0.3477482900693876
21	39	0.347651588546778
21	25	0.33875015996905283
21	53	0.3306519009556256
21	194	0.32974311206136026
21	138	0.3267004737121347
21	140	0.3266736754454783
21	179	0.3237674261369189
21	123	0.3232749924383026
21	36	0.3188981150969265
21	28	0.31862859812281924
21	26	0.315327346323049
21	42	0.3121899372332404
21	128	0.2996636228925677
21	137	0.2930686910501683
21	16	0.28788628317254805
21	33	0.2844249949167945
21	91	0.2842227797338467
21	150	0.2814719901781687
21	90	0.27351581552971016
21	70	0.2731919683563413
21	166	0.268837187976582
21	141	0.2676400061874416
21	43	0.2667856967519578
21	196	0.2633642757008908
21	97	0.2618373691887172
21	127	0.26087772629173706
21	145	0.25981499588984985
21	199	0.2555204111399673
21	143	0.2539400714572768
21	115	0.2481401943858252
21	174	0.24723909062041036
21	72	0.2471452010161983
21	126	0.243414050317427
21	32	0.24009036215004814
21	40	0.2387894798285599
21	192	0.2385914441881093
21	106	0.2335017786047594
21	152	0.22613272991333275
21	68	0.22459500827593246
125	126	0.6065024936355911
125	132	0.6028612892892026
125	156	0.5913958616365849
125	128	0.5901003393149734
125	123	0.5795733404008047
125	124	0.5582036840606035
125	131	0.5402793313566187
125	122	0.5301257159074201
125	22	0.5295502986151057
125	115	0.5030043461092724
125	34	0.4998903837403417
125	157	0.4694853721003798
125	52	0.4627067885901128
125	143	0.4539306584897828
125	138	0.4473561240937671
125	20	0.4379892157468055
125	50	0.4353913611434512
125	133	0.4312815440868532
125	130	0.42848541167763743
125	141	0.4161693885861809
125	69	0.4106310299562255
125	127	0.4021239437618555
125	150	0.4001016937120624
125	23	0.3965765456117066
125	174	0.3825812409875
125	129	0.3824105016066308
125	152	0.3790159299378281
125	137	0.37473469726676795
125	33	0.3736253112567417
125	195	0.3729884362342243
125	53	0.36943617346637175
125	43	0.3564209534419935
125	144	0.3539392299703568
125	142	0.35022483545733496
125	92	0.3432835660290113
125	16	0.3289139774206189
125	178	0.32635205528451233
125	180	0.32005645009012884
125	39	0.31591259591827464
125	27	0.31123293120828543
125	120	0.30955213078625304
125	93	0.30413518661327393
125	179	0.3034634842392049
125	119	0.3028096463548359
125	91	0.29582685594484764
125	117	0.2950510475518676
125	145	0.29378153433322074
125	194	0.2880238454543663
125	62	0.2875102189954316
125	149	0.28253973835319607
125	90	0.28046803942375603
125	26	0.2781815362659899
125	36	0.27305315774682704
125	28	0.2696719396898508
125	25	0.265522036505903
125	48	0.26445278772643377
125	140	0.26228440474229675
125	60	0.25353775634233666
125	44	0.2499317376172344
125	40	0.2487031663670405
125	89	0.24753011888342455
125	175	0.2436962545812484
125	196	0.2384688407500641
125	42	0.2328303787959461
125	199	0.2298584351666334
125	118	0.2282097101432686
125	192	0.22492732711814928
50	179	0.6741435355176281
50	173	0.7188929086326944
50	195	0.6035165371970314
50	174	0.5966312294304575
50	89	0.5911747318636814
50	69	0.5466141947746571
50	144	0.5465580952878291
50	178	0.5200001787744543
50	122	0.4962962992262291
50	91	0.4638691273579666
50	194	0.4527309771921799
50	72	0.4520310680239397
50	145	0.4394508348956404
50	172	0.4360880736489189
50	150	0.4297581442964029
50	156	0.41917438623968256
50	88	0.4147959479719838
50	52	0.4104481093597524
50	140	0.4072500002508193
50	40	0.4063403761199825
50	36	0.4044685274923521
50	93	0.388693421049572
50	124	0.3867561758513458
50	157	0.3794012203139693
50	137	0.3784163281073139
50	175	0.37791927444106
50	66	0.3707479815283681
50	61	0.3605256932164183
50	180	0.3550321546418394
50	130	0.34902229990993405
50	34	0.3440419964335095
50	166	0.34192432768741604
50	20	0.3418183528091818
50	60	0.33749250322239177
50	92	0.3328856224124708
50	35	0.3273434744479427
50	42	0.32603035954246146
50	141	0.3227196753738392
50	138	0.32045132255904746
50	177	0.3097329550845978
50	62	0.3086657682533456
50	193	0.3070725876196115
50	142	0.3002824338662124
50	199	0.29746845568754043
50	90	0.2824569208308253
50	68	0.2807259937096749
50	146	0.2799980900273304
50	41	0.26922678912104897
50	128	0.2600294571890275
50	123	0.2521711022607929
50	22	0.2518245983446252
50	192	0.2507378435018773
50	139	0.2461590802657406
50	170	0.2349478405462677
50	94	0.228342414748522
131	132	0.8702963572246191
131	142	0.5763501054037167
131	133	0.6287099573651173
131	28	0.6042217667179267
131	156	0.5647020628351695
131	143	0.5019952295282518
131	52	0.4489783898038724
131	129	0.43716451884446667
131	127	0.4306056854385269
131	115	0.4192403274549861
131	22	0.4142493551609699
131	39	0.4094830727941336
131	23	0.3941551696963806
131	16	0.37348763836753823
131	20	0.3702562264783358
131	124	0.3671456165381301
131	53	0.3466753686370159
131	128	0.3435305460731061
131	31	0.334591769200417
131	43	0.3328233778607829
131	26	0.3249396070994773
131	122	0.3246444187540521
131	126	0.3111968053960617
131	141	0.3045979407078682
131	157	0.3009919353014185
131	106	0.2818862857579684
131	77	0.28137991023480863
131	123	0.2757810063536346
131	117	0.27011697503074433
131	104	0.26977393713873976
131	25	0.2682711820216014
131	34	0.2626661584937249
131	152	0.25969376729409344
131	27	0.24860934936059065
131	17	0.2321587569728429
131	33	0.23093792004602906
131	15	0.2287783844057523
131	118	0.22641736979141436
132	133	0.7000252300022817
132	28	0.6942324726279416
132	129	0.525204647223209
132	156	0.5215452248062769
132	23	0.5079477539377556
132	143	0.4801813914384893
132	20	0.4728540993486503
132	127	0.456230071275403
132	142	0.4540497424241049
132	22	0.447803940459267
132	26	0.4404185836539726
132	53	0.43177795112978784
132	115	0.4222195329733833
132	52	0.41875390704124255
132	39	0.4108471662366484
132	124	0.4089752286014388
132	16	0.4065574239339872
132	157	0.3949488386037075
132	128	0.3921176516719629
132	25	0.38574371095664783
132	122	0.3742446355164522
132	27	0.35656934834675585
132	43	0.3351866281511663
132	106	0.3113232418034744
132	117	0.29442098741418105
132	40	0.29045214833670296
132	152	0.2832849064031268
132	126	0.2831653345442885
132	19	0.2827881656456899
132	69	0.27116420654262274
132	123	0.27113641221733353
132	77	0.27104376120093904
132	15	0.2592367551937625
132	90	0.25644553903885353
132	104	0.25376231513929925
132	138	0.2525830768069349
132	31	0.2515623362350776
132	17	0.2509814815519721
132	34	0.2421153804556757
132	188	0.24039189309122144
132	137	0.23831793377557545
132	33	0.2347399739126126
132	18	0.2323952688187317
142	156	0.5565216793807198
142	141	0.5188537720815372
142	143	0.4946590312552408
142	38	0.4838737730192242
142	36	0.4691500835347065
142	43	0.4259921402324676
142	157	0.4019143486119516
142	52	0.4007902009504018
142	33	0.3951851367825068
142	127	0.3948813152371988
142	53	0.3863904345952417
142	27	0.38243611417903534
142	140	0.3821628831125219
142	31	0.3811804074996735
142	22	0.3801200770071851
142	114	0.3748034611176984
142	130	0.3745627696022752
142	28	0.355661239286337
142	34	0.35559135689149984
142	139	0.3531692305611717
142	40	0.350523096401963
142	133	0.335355270894665
142	26	0.32816464546544444
142	41	0.3279772478810261
142	106	0.32067563232175184
142	129	0.3177028645450895
142	124	0.29164202719705656
142	166	0.28597753026240025
142	62	0.2812233624390782
142	20	0.27963862637525555
142	16	0.2756886093221545
142	23	0.2743575278754544
142	39	0.2678813652817349
142	44	0.2663583846614269
142	199	0.2588635979973373
142	126	0.2559596717349613
142	112	0.2552119310641578
142	25	0.2487688354951376
142	115	0.2482434184766961
142	135	0.2446648416160284
142	145	0.2434516799350281
142	18	0.24331056509095905
142	104	0.239798209863512
142	122	0.23665719888252465
142	109	0.2356846489893656
142	69	0.2313260170251007
142	46	0.22717622031569976
133	129	0.7057022068789861
133	28	0.6529935992874796
133	127	0.5554093270454332
133	128	0.5201825550152539
133	26	0.5098299737352566
133	53	0.4535733093878556
133	23	0.4467079926560325
133	143	0.4338664981833161
133	20	0.4170867158263353
133	115	0.41049800007201104
133	25	0.4100821690617961
133	40	0.4037657084957716
133	27	0.3906102872996036
133	29	0.3901695375416103
133	124	0.3857947818819367
133	19	0.35901961864754994
133	16	0.3538692498272896
133	117	0.3537642721835071
133	156	0.3483459170233151
133	18	0.3370227868782857
133	126	0.3120455240300825
133	39	0.2986985028740925
133	52	0.2856836739881181
133	17	0.2842779318379403
133	15	0.2768986061229408
133	22	0.27567936933877435
133	119	0.2739136000334633
133	90	0.2702282158428226
133	106	0.26081248910368376
133	121	0.25724880437567943
133	41	0.2505504079981745
133	14	0.24957544082734925
133	33	0.24377150208492535
133	77	0.2429906666500668
133	157	0.2424824840289025
133	43	0.24176703861342985
133	194	0.2410795868569269
133	118	0.2327925468430407
28	53	0.6436379154839199
28	26	0.6404226833067926
28	129	0.6007117289323659
28	25	0.5931422541818654
28	29	0.5696671869896397
28	27	0.5684026951450396
28	23	0.530635990134926
28	127	0.4512350405465903
28	143	0.43552102160788
28	40	0.4250503689814791
28	39	0.4206569930920533
28	24	0.402727342316438
28	94	0.3907543397451809
28	41	0.3603516764263275
28	22	0.34550467401440205
28	16	0.3356836187694456
28	157	0.3176579105865339
28	20	0.3125779762188505
28	117	0.31019395562646096
28	18	0.2991629294790598
28	106	0.2872349939024884
28	156	0.2682804623024337
28	19	0.2651316038078822
28	52	0.24540740783554
28	43	0.2428871587748737
54	159	0.8227596173996781
54	82	0.7022368278410203
54	58	0.6644111706017625
54	169	0.6508085102128485
54	64	0.6188813743574105
54	158	0.7962568282313663
54	55	0.7556772796492754
54	83	0.6427115203899253
54	168	0.6332000541958206
54	161	0.6283711928069995
54	190	0.5679015648537422
54	163	0.5495734654244376
54	184	0.4921927443228164
54	56	0.4833451489513335
54	85	0.4517764174651101
54	167	0.447644031813673
54	29	0.44636373220337744
54	79	0.4339882542377849
54	160	0.4170206305276938
54	27	0.39895878317212585
54	26	0.36859826205470414
54	100	0.36443442095742734
54	101	0.34541660831996124
54	18	0.34298359785564103
54	25	0.3281735685158165
54	193	0.3279147762821387
54	12	0.32051413291649944
54	40	0.3106548103318349
54	41	0.3075434797276632
54	63	0.2833033012921405
54	67	0.278762681811524
54	151	0.27857821325594784
54	88	0.2764091709452701
54	53	0.2696626668943956
54	87	0.267751406868324
54	94	0.2657729829822088
54	113	0.25340675108826843
54	170	0.2531540718511441
54	36	0.25019422879643805
54	154	0.2499879888212211
54	129	0.2457269047343017
54	44	0.23868574935003056
54	106	0.2357790920377962
54	38	0.23131655212046776
54	70	0.2284182421425215
54	73	0.2267778581245206
159	158	0.8028217120809016
159	168	0.6859626348013131
159	55	0.6893940168565584
159	83	0.6674886565652771
159	190	0.6169526606084907
159	82	0.6143570177679465
159	58	0.5934209014698856
159	161	0.5633314747170638
159	169	0.5545097013703241
159	167	0.5260947886380275
159	184	0.5197301749068058
159	163	0.5059565173022036
159	56	0.4887372840685373
159	64	0.468057509155849
159	85	0.4584444283127792
159	100	0.4345075686109424
159	29	0.4313710794241189
159	101	0.40292839744474257
159	87	0.3977304540095192
159	151	0.3942227389017925
159	79	0.3848069918992209
159	160	0.37341879575201703
159	193	0.3675262448276764
159	189	0.3345473660402083
159	18	0.3307676829897632
159	26	0.3099499146717123
159	88	0.30805042589072085
159	27	0.3075978037456628
159	170	0.29344343140541124
159	67	0.287785396614455
159	25	0.28602344044850714
159	63	0.2815456504008481
159	187	0.2800441694356637
159	134	0.27801545724584403
159	40	0.2723404177141882
159	76	0.2710808222102936
159	95	0.2531727900166881
159	53	0.231855981750064
159	94	0.2281433546603957
159	12	0.22645531885468725
82	190	0.6307556032355307
82	55	0.6190849381046997
82	168	0.5895134243379996
82	184	0.5711715921931931
82	64	0.5675559459977433
82	158	0.5229270359563001
82	169	0.5226654296858209
82	83	0.5212830989935796
82	161	0.4864352629959056
82	58	0.4555725835335572
82	73	0.4547797689921271
82	84	0.4467560184869213
82	85	0.444046554796364
82	160	0.4396041298574367
82	193	0.4211095645706619
82	87	0.4137604812250933
82	76	0.3968798840273675
82	109	0.39515982162115904
82	187	0.39158438644704224
82	106	0.3836051283447725
82	163	0.381308605393274
82	46	0.3722047699989022
82	47	0.3626987831136226
82	12	0.3527840512736833
82	88	0.3523024089913635
82	188	0.3498914009235444
82	79	0.3449409484657399
82	186	0.3435570054033279
82	78	0.3293865572597614
82	63	0.3266022108332005
82	110	0.3147598754077574
82	18	0.31191915064738274
82	0	0.310338553202283
82	70	0.30812283250098405
82	7	0.3052872682714874
82	56	0.3017647306775552
82	95	0.2990263481198285
82	102	0.2972587934675109
82	103	0.2940921587137397
82	154	0.28408489124450137
82	113	0.2736730903620503
82	27	0.2695142953666464
82	101	0.2691525861681319
82	67	0.2673614731836987
82	167	0.266850713315108
82	152	0.26369927405782545
82	151	0.2569779754935861
82	40	0.2567911734312514
82	38	0.2565483020650017
82	13	0.25388393973569195
82	29	0.24573630089409534
82	9	0.2425107198908411
82	100	0.24155047037388525
82	66	0.2412773717737074
82	108	0.22953637387542586
82	191	0.2250602400095293
82	32	0.2249653030843564
58	161	0.6537787275418012
58	163	0.5946762868188419
58	158	0.5882919529887376
58	55	0.510000170656325
58	83	0.4957006507249422
58	56	0.4934571401872546
58	64	0.4727065683857692
58	190	0.4666663100990076
58	168	0.4371564299372704
58	101	0.4267612508836246
58	167	0.4185064824160555
58	184	0.4131635658724451
58	169	0.405480082241212
58	100	0.3884641892933091
58	85	0.366080935238174
58	160	0.3619603734904064
58	29	0.34821411186892154
58	63	0.2876478137415113
58	170	0.2639411777671621
58	102	0.2537810271380771
58	151	0.2528732766294603
58	193	0.2445238155741774
58	73	0.2368176712978338
58	66	0.2341918590047811
58	59	0.2335963240887293
169	79	0.5010521525231207
169	158	0.6377369340005621
169	55	0.6338226639643694
169	168	0.5816151010351314
169	64	0.5015762313422629
169	83	0.4655548182699292
169	163	0.4488107061310521
169	29	0.4099324281396873
169	85	0.4094664261855437
169	189	0.3872748094231973
169	170	0.3707221048625384
169	94	0.3702821135005857
169	161	0.3643997329496729
169	67	0.3631242477654073
169	18	0.3608214641661326
169	190	0.3577035377552629
169	66	0.35456887286119554
169	160	0.3526614691423379
169	65	0.3408465115536117
169	56	0.3179545803158421
169	101	0.3113954862311398
169	27	0.3022736499294815
169	14	0.3019646837702054
169	25	0.2924744059432185
169	12	0.28925220726487383
169	110	0.2817297864392008
169	53	0.2807444174645611
169	76	0.2795648805465472
169	181	0.27045994436093945
169	26	0.2686609109270276
169	38	0.2666463673685385
169	84	0.2653175349926889
169	9	0.2618373691887172
169	63	0.25581949365705564
169	103	0.2498004782475539
169	187	0.2480088101202929
169	47	0.2476803095483081
169	167	0.24729542215462536
169	10	0.2432823408858827
169	153	0.2421530352966849
169	70	0.2398453341393842
169	44	0.23927034081435636
169	41	0.2346738300257324
169	109	0.2337475876750792
169	184	0.231288157143848
169	175	0.23032249376117345
169	17	0.22618966098013346
64	158	0.5693090748737528
64	55	0.5659132227476206
64	83	0.5462494604161865
64	161	0.508051625021623
64	163	0.4634452154801197
64	63	0.43301376216958704
64	56	0.4309477466274873
64	184	0.4210519762017612
64	27	0.40136920411617255
64	41	0.3959949048851198
64	29	0.3862372975083989
64	168	0.3708169831563791
64	167	0.3704460512847196
64	40	0.3688315553680542
64	190	0.3653792796862497
64	154	0.3411823210319557
64	25	0.3298767958701676
64	26	0.3240896514409763
64	66	0.3167045508718563
64	85	0.3049063635868281
64	94	0.2987713634692196
64	24	0.2798967107876261
64	102	0.2792606441422359
64	101	0.2744499981328449
64	73	0.2617349077068929
64	53	0.2548472967102255
64	67	0.25016610649992904
64	106	0.2488345023361739
64	13	0.2460651373828441
64	84	0.24398782230718605
64	36	0.2409382996538473
64	88	0.2312597617731802
64	46	0.22517415867895896
158	55	0.8092320526759558
158	83	0.7534033621410944
158	167	0.5460599973650978
158	161	0.6338106984360776
158	190	0.6141951248937613
158	56	0.5871857419751713
158	168	0.5847430255373349
158	163	0.5717642056251361
158	85	0.4969592566999274
158	29	0.4846698729305167
158	184	0.43958799475139737
158	160	0.4293993409796922
158	170	0.4285833746703191
158	27	0.4094497793043026
158	18	0.4006307090361735
158	100	0.3781592586064504
158	63	0.36847727686723497
158	79	0.36438238856657695
158	26	0.35705805135992075
158	25	0.3568660841829131
158	101	0.33769629012655306
158	66	0.336073980351099
158	87	0.3356215051544442
158	40	0.31446253888110504
158	134	0.29324236241856866
158	53	0.2836987409681161
158	119	0.2815364430544581
158	193	0.2802745471176738
158	24	0.2738118501207296
158	8	0.268642354401023
158	94	0.2661539809805025
158	41	0.2661168141025015
158	44	0.2542487653426902
158	130	0.25046605589192666
158	129	0.2476521497051496
158	151	0.2445896290148163
158	12	0.2404107372353741
158	88	0.2355240855908573
158	67	0.22501277208099327
168	83	0.558726652670228
168	190	0.5229415667506288
168	167	0.4962586137919347
168	55	0.4815344360205214
168	160	0.4177143061585402
168	85	0.4160205528912328
168	14	0.3837159929391944
168	79	0.3826409935987695
168	161	0.3798890659472693
168	18	0.3771303975221337
168	47	0.3730917371652944
168	29	0.3709635980225792
168	46	0.3703166286356107
168	87	0.3700404789306738
168	56	0.3614214821173423
168	15	0.33943162329652143
168	163	0.3282092601316328
168	153	0.3128125538516598
168	170	0.3111968053960617
168	17	0.3103475900740617
168	193	0.3086657682533456
168	191	0.3009282756904086
168	151	0.2977236579297823
168	44	0.2944757854230244
168	189	0.2853438356914982
168	184	0.2721737600207772
168	67	0.2566323765907325
168	48	0.2500442383377781
168	27	0.24258601351397865
168	88	0.23999612422600036
168	117	0.23860087490683576
168	172	0.2368082321015748
168	187	0.23627012406476744
168	63	0.23355850642509185
168	66	0.2285983210952889
168	89	0.22759347060602805
168	75	0.2260378413690622
89	179	0.8185475869413894
89	87	0.605901600606442
89	193	0.5998865923866471
89	91	0.5556789616132948
89	88	0.5551603298972728
89	178	0.5246395709876304
89	69	0.5181591786926771
89	192	0.4950516926886712
89	173	0.4837359051018716
89	122	0.4817571610420538
89	194	0.4746843787183549
89	61	0.4705760713730314
89	72	0.4687444375471253
89	195	0.44233492623398746
89	172	0.43408564766862695
89	68	0.4112543744838222
89	180	0.4046441576661824
89	191	0.3960707891036137
89	67	0.3931073023750384
89	93	0.3741500381177445
89	92	0.36420893083292055
89	144	0.3603081683089878
89	177	0.35609791413722275
89	42	0.3519782900419671
89	71	0.33932544463141073
89	81	0.319867949010954
89	60	0.3189789601356854
89	98	0.3185387476785808
89	97	0.31644361442767843
89	36	0.3101849178013276
89	66	0.30621191569957845
89	70	0.30529633624064195
89	90	0.30409888610015223
89	35	0.30008225794421256
89	174	0.2993905378367287
89	156	0.2973317227098231
89	150	0.2926207124909216
89	45	0.2855275409843008
89	157	0.28350563131099354
89	165	0.2808457444179119
89	198	0.26208884052643217
89	190	0.2600760758169475
89	40	0.2561839342692829
89	145	0.25070972937439245
89	176	0.24742685589973726
89	170	0.2467132490846129
89	52	0.2462154437756417
89	183	0.2438091247362429
89	6	0.24169171326077235
89	146	0.2407499008307089
89	137	0.2384499780078633
89	105	0.22878786098857995
89	151	0.22568671646822525
179	178	0.5927402333858459
179	172	0.5342900394813639
179	173	0.6270501590586388
179	193	0.5632700324136518
179	91	0.5346257861974067
179	69	0.5324654955131427
179	88	0.495172470932455
179	61	0.4829081934582929
179	87	0.4800505783700455
179	195	0.4703191072852327
179	72	0.467291854473185
179	192	0.4662359772851347
179	174	0.4620856987692076
179	122	0.4555091849333887
179	60	0.4487308456520883
179	194	0.4398299915489325
179	92	0.4059395519732765
179	177	0.3974947208272984
179	180	0.3923799553404986
179	183	0.36835627919664
179	42	0.3672061792682952
179	67	0.3654226037938258
179	170	0.36117803262366505
179	66	0.3569707972899389
179	68	0.3483547035439283
179	144	0.34122650000945537
179	93	0.32437601082055145
179	97	0.32200280884032145
179	35	0.3210703301465793
179	191	0.3191945242105672
179	175	0.31887116571934576
179	81	0.317828728030641
179	98	0.3152552990125508
179	150	0.3113232418034744
179	71	0.3110613255906987
179	52	0.30319108647442444
179	165	0.3015102065251619
179	145	0.30123745438346977
179	176	0.2947132210817885
179	199	0.2944666525560127
179	156	0.2920262569800401
179	137	0.2860509859298847
179	182	0.2847190809153509
179	198	0.28381827351215105
179	160	0.2814259508543308
179	47	0.27974002150215754
179	146	0.2771201899120508
179	70	0.2708213782720041
179	140	0.2535096845706443
179	36	0.2455765598984549
179	171	0.2400809385612433
179	196	0.23897806673639616
179	45	0.22634146960279394
179	40	0.22473743703888446
87	193	0.6863119170921743
87	191	0.6917897262078415
87	88	0.5871922940657425
87	85	0.5399110168266608
87	190	0.5359670859867006
87	83	0.4998378742307004
87	66	0.4968086354319729
87	192	0.4772059074473482
87	96	0.43068713980515066
87	198	0.4021239437618555
87	78	0.4005551517588786
87	81	0.3953876364624913
87	197	0.3913642320038965
87	67	0.3878866518324713
87	47	0.3651799684043408
87	170	0.36296797221203214
87	70	0.3409967528680412
87	69	0.3392546540504681
87	95	0.3369784653493981
87	160	0.33011739338596346
87	18	0.32985006016660456
87	181	0.3280129446496929
87	188	0.3274863223650282
87	98	0.3200025952238723
87	91	0.317828728030641
87	178	0.3178017582265066
87	56	0.31325453873967457
87	194	0.3090185686884342
87	72	0.30699107178868273
87	176	0.3044618514768364
87	187	0.3043166759290495
87	184	0.3019737719160597
87	68	0.2976416332760267
87	177	0.29660227427757524
87	55	0.2956717254446201
87	61	0.2887023119994543
87	97	0.2886381451345473
87	46	0.2700891637007892
87	79	0.2645364915590694
87	185	0.2590968303080474
87	182	0.25905951516803705
87	15	0.2547818418427875
87	173	0.2539868465853392
87	16	0.2480651187801289
87	151	0.24689167590743424
87	42	0.245538971843116
87	90	0.24327293272596845
87	80	0.2422001028221432
87	76	0.2414186344446055
87	106	0.2403730487658688
87	13	0.2385914441881093
87	172	0.2385442899194804
87	71	0.23518402654655515
87	110	0.23507066073084096
87	40	0.2287025701822753
87	161	0.2260852861775201
87	86	0.22589550050982635
178	72	0.6617383995276688
178	192	0.5385421947136627
178	177	0.4986667090929527
178	172	0.44730013126557067
178	42	0.43929751433277897
178	122	0.4349860557626751
178	97	0.4286731652288608
178	88	0.42859153779824255
178	173	0.3923291918672065
178	156	0.3892875015090255
178	69	0.3820433235022208
178	193	0.3737801735830038
178	71	0.3400862005288207
178	152	0.3366149724884714
178	61	0.33374785527538964
178	166	0.32993026568976896
178	68	0.3258784214079379
178	52	0.3255297938483961
178	176	0.3142192176337121
178	47	0.31015780398952386
178	137	0.3022736499294815
178	34	0.30198286000702645
178	70	0.3011374329099812
178	157	0.3003734141799213
178	198	0.2983250376842908
178	22	0.2980243773792969
178	199	0.2947588776148372
178	140	0.2935987851159713
178	146	0.2853438356914982
178	141	0.2834964350393518
178	35	0.2833400904448005
178	115	0.28174819890200026
178	66	0.2647317850005009
178	60	0.2607379294005125
178	160	0.2514967649331468
178	18	0.2491534230147576
178	23	0.2478117166158743
178	191	0.24455202161036604
178	91	0.23928919571820556
178	46	0.2390346392941693
178	44	0.2389497798490977
178	170	0.23562798102331356
178	45	0.2323195880167419
178	144	0.2300952128303104
178	194	0.2297731885443641
178	114	0.22874047764084945
178	36	0.2285983210952889
178	197	0.22818127233873775
172	166	0.5103034661488531
172	173	0.5028698763427235
172	67	0.4931998870191357
172	183	0.4879681574443671
172	72	0.4877471789272997
172	146	0.4758300915969521
172	171	0.4643869535339895
172	42	0.4529138161226076
172	68	0.4400638610899282
172	177	0.4192897804638351
172	137	0.4156814550420225
172	150	0.40527952211081214
172	35	0.3974778807344854
172	61	0.3927775198391488
172	145	0.3901695375416103
172	175	0.3878781563600655
172	88	0.3726268101618008
172	174	0.3633846616230244
172	97	0.3573023296049415
172	91	0.34563676114593833
172	165	0.3383428823023114
172	193	0.33810376895912275
172	140	0.32993026568976896
172	69	0.3222627156781419
172	122	0.3194998501139036
172	71	0.3168394991941505
172	139	0.30572246831300776
172	164	0.3030094604303501
172	60	0.3023554244622651
172	66	0.3008828028975995
172	144	0.2998365513701076
172	65	0.2969852779213341
172	62	0.2938729008897439
172	114	0.2937541233193409
172	170	0.2880146750053091
172	36	0.2815916863550856
172	41	0.2647689812898799
172	194	0.26180942573346344
172	32	0.25793036709127226
172	180	0.2522834680282278
172	196	0.24850614526562645
172	195	0.2482809531121744
172	141	0.2478680311396692
172	182	0.2471170332298723
172	153	0.2432541162688163
172	199	0.23699700753058445
172	181	0.2358546432701436
172	93	0.2318275942685065
172	198	0.2290910887349775
55	83	0.6792229225009262
55	190	0.6580576640898476
55	161	0.6070142874236758
55	56	0.5392517846375308
55	163	0.523776576157661
55	184	0.4792113284886049
55	100	0.4523572314014638
55	167	0.4481716216449729
55	85	0.4282812897530783
55	79	0.4211753756921964
55	63	0.39029669525849264
55	134	0.33961741514678045
55	18	0.3395731813951233
55	29	0.33016194377591257
55	101	0.32072946131431856
55	187	0.31932923498807264
55	160	0.3106096349507341
55	73	0.3039899792623645
55	8	0.2951879832222894
55	109	0.2872441688367172
55	67	0.27974002150215754
55	66	0.2702096762083991
55	76	0.26740789845517643
55	170	0.2630199056339742
55	27	0.2579677055830524
55	193	0.2576129588132147
55	12	0.25574472761615313
55	88	0.2544264746933101
55	7	0.2464784514644021
83	190	0.7370409444136781
83	161	0.5776842069178207
83	85	0.5406191303662311
83	56	0.510784040418091
83	184	0.4810657424084404
83	167	0.4719762885150621
83	191	0.4262131180987369
83	163	0.4238205875494948
83	29	0.4142493551609699
83	193	0.3953791997429645
83	88	0.3893384076344075
83	18	0.3748120563091383
83	79	0.3678981035551115
83	187	0.36443442095742734
83	160	0.3578866541148898
83	100	0.34110279507407043
83	63	0.3323164214398106
83	134	0.3099679931806492
83	27	0.3071359857065762
83	189	0.30356335099566234
83	170	0.30051897131316896
83	95	0.29400994065559344
83	188	0.2828525665304941
83	26	0.26144612088480296
83	76	0.2501098606405985
83	66	0.2454637935174752
83	40	0.24454261964428636
83	80	0.22925216039683244
167	134	0.5320067917421591
167	63	0.5262249566792968
167	56	0.44968869816455015
167	161	0.4406523029231109
167	190	0.4161115106873845
167	170	0.3823678126800185
167	160	0.36556123029878335
167	85	0.3594812163754456
167	119	0.3378911871113309
167	100	0.3296450688627528
167	163	0.3214200827325361
167	146	0.3010919664131109
167	29	0.2980608242036153
167	46	0.2941195637660086
167	18	0.2758549203096745
167	44	0.2459336095799434
167	184	0.24516305069652594
167	66	0.2415128038751604
167	191	0.2408817819127323
167	73	0.22965004831015826
167	154	0.22649326723046506
9	108	0.8013952296500844
9	6	0.5962833405460539
9	3	0.4933360906229164
9	109	0.6080111536917683
9	103	0.5717440127079796
9	13	0.4851593818966584
9	70	0.4425761961540259
9	7	0.4421418641870256
9	112	0.4209450173674503
9	111	0.4110715665823677
9	76	0.4095330109839287
9	12	0.39672822565039895
9	110	0.3732294573518625
9	105	0.3727387541422828
9	106	0.3687019537062841
9	1	0.3277005661721341
9	188	0.3152823171799074
9	0	0.3044618514768364
9	11	0.3030457874007097
9	2	0.2897103075537352
9	10	0.2882439203807705
9	152	0.2821900357315957
9	8	0.28207958773799896
9	135	0.278190762390653
9	115	0.2780800455071683
9	78	0.2760581668655987
9	120	0.259852295348908
9	119	0.2547911926810936
9	77	0.25435165179699776
9	170	0.25370617800339235
9	95	0.2509908516114138
9	154	0.2479431145657777
9	43	0.24260483646317346
9	18	0.2411360988773935
9	44	0.23545796751253986
9	160	0.2352407070550856
9	102	0.2320168366849675
9	113	0.2313922701313371
108	103	0.6454092182363105
108	112	0.555485389650817
108	109	0.6186838997856525
108	6	0.5305856984857308
108	106	0.4854116662195975
108	110	0.44920990099135344
108	13	0.42830578669242897
108	70	0.426139464459626
108	111	0.4238369949326081
108	3	0.4107391038668523
108	12	0.3377051497087907
108	7	0.3222537541818418
108	0	0.3171633228275491
108	135	0.3152462928431942
108	105	0.2955804649235315
108	5	0.2770740290524668
108	31	0.27639993494003906
108	152	0.2653175349926889
108	10	0.2573795348939581
108	113	0.2493409981796177
108	77	0.2464408811590928
108	102	0.2464314884670247
108	197	0.2350990027844948
108	65	0.23334104114948995
108	181	0.2257246787457421
108	176	0.22519314452541925
6	105	0.6986252450218482
6	3	0.4595179253825944
6	8	0.4467720265250843
6	107	0.4466679691636602
6	1	0.4466279438835269
6	4	0.4353994654517919
6	13	0.4279464351668328
6	103	0.38112912423702827
6	111	0.3060215942686877
6	109	0.29970913229630985
6	70	0.2649921424776879
6	0	0.26313160057158785
6	2	0.2461590802657406
6	74	0.24394079823643186
6	110	0.2428212872470597
6	10	0.2393457593468825
6	176	0.2327357975926526
6	102	0.2266165947024877
6	61	0.22515517266149296
3	0	0.4785870975557662
3	76	0.4537956770920719
3	103	0.4430585437971517
3	162	0.3877931980114181
3	1	0.3688056361827547
3	188	0.36006449388527
3	2	0.3330367756747741
3	105	0.33166688095141184
3	102	0.3257979767558877
3	78	0.31943699431903266
3	109	0.3127133141236056
3	152	0.3071269290038973
3	13	0.3022645635956106
3	185	0.2893530007051128
3	8	0.28544487619814685
3	7	0.2718126123407689
3	104	0.2699222862578122
3	187	0.2682062186616589
3	151	0.2562119651475973
3	11	0.2549688495536737
3	77	0.251927619771327
3	186	0.24832787035811846
3	101	0.2428401079121053
3	74	0.2420777248853142
3	184	0.240250556235186
3	45	0.2385725826156525
3	75	0.23663831892576126
3	5	0.2323479686472028
3	60	0.2319222176712131
3	10	0.2265407017332407
103	106	0.6845995347329754
103	109	0.6200830450323989
103	112	0.5247265359106507
103	70	0.4855874529591314
103	152	0.4481556386577615
103	0	0.4403137935636151
103	104	0.4125414012964233
103	2	0.4004208142592287
103	135	0.3992110025438181
103	5	0.3987569641983731
103	77	0.3943831986831569
103	110	0.3757056042372899
103	95	0.3719290688158374
103	188	0.370307999947712
103	197	0.3622992296670771
103	12	0.36128237415230996
103	13	0.3565780768986305
103	31	0.3538342582698497
103	43	0.3364996976978636
103	147	0.3322808383349939
103	187	0.32889614099137904
103	115	0.321142081410898
103	15	0.3075072626018258
103	111	0.2924744059432185
103	102	0.29235552178987106
103	113	0.2817297864392008
103	22	0.2797584563094234
103	96	0.27867045010403263
103	78	0.2780892721963933
103	44	0.26892995813890186
103	11	0.2649549509169119
103	46	0.26382023006073474
103	75	0.2631595232039832
103	101	0.2600014854303896
103	151	0.2583037173223083
103	181	0.25476314002323097
103	7	0.2538090947800855
103	84	0.2502973402715201
103	76	0.2433481967234487
103	184	0.2431318048351071
103	18	0.2410230732015693
103	1	0.2349006000157429
103	26	0.23439033161728975
112	12	0.5902111310698249
112	11	0.5310453687731028
112	109	0.5228761757825975
112	111	0.5156970241304151
112	70	0.4937369940977924
112	106	0.4747076186296172
112	77	0.4066325451805792
112	5	0.4043179635944255
112	13	0.3999588978329525
112	104	0.396129806422366
112	113	0.39048316631182384
112	120	0.36586441923987617
112	43	0.3616474982467961
112	31	0.3538255102257197
112	0	0.353142972138132
112	135	0.35261768687594924
112	114	0.3436628372697911
112	115	0.32881587415608543
112	110	0.29548919900731796
112	152	0.2873634381846912
112	22	0.2569592961511828
112	15	0.2553147635326217
112	147	0.25266733305239225
112	197	0.25233028509021826
112	96	0.2465160210288971
112	128	0.2456141472153415
112	78	0.2455953536492109
112	47	0.24228482149513345
112	199	0.2385254278970595
112	44	0.23816701529221976
112	7	0.2377991033129162
112	16	0.2377802341914483
112	127	0.2359585215593024
112	95	0.23263175318410076
112	124	0.2279442754973765
112	2	0.226588135161444
112	126	0.22523111570527135
49	86	0.7983334385672369
49	17	0.7079340180101058
49	14	0.6783007501843332
49	75	0.6195965641797276
49	48	0.5642523616523721
49	149	0.4652963031881511
49	153	0.459044488942137
49	118	0.44548246449585377
49	15	0.4137687692134424
49	164	0.3999336965441743
49	181	0.38994061614363773
49	148	0.3892875015090255
49	84	0.36036907923428857
49	68	0.3306875272572262
49	197	0.31873641109800105
49	117	0.29951798363686616
49	97	0.2667856967519578
49	115	0.2607192889886663
49	4	0.2496879629087997
49	198	0.2452664363666539
49	110	0.2442511358955367
49	147	0.22623710235541974
86	84	0.4660168139561744
86	75	0.5612937401515855
86	14	0.5265285862188046
86	17	0.4918744250912557
86	90	0.3982438337883434
86	15	0.3955394860048015
86	153	0.38861701580874014
86	181	0.3718342813738025
86	68	0.3612997635275808
86	96	0.3528015620183941
86	118	0.3366061055550214
86	48	0.33511561425314035
86	148	0.3329211894253576
86	97	0.32773627019766305
86	197	0.3155524707375529
86	4	0.3034634842392049
86	98	0.2972040942594049
86	81	0.29057117672310434
86	198	0.28514173565080325
86	110	0.28291696486511503
86	164	0.27780322097517224
86	117	0.2712475868050989
86	95	0.268809355955131
86	91	0.26433187515628004
86	193	0.2630943697093118
86	88	0.2546696280669542
86	182	0.24913466446984897
86	78	0.2430753507960999
86	105	0.24149397035288084
86	80	0.2318843688367158
86	149	0.22767880696691015
17	14	0.7792271463231238
17	15	0.6694633608344932
17	48	0.6297248204451109
17	153	0.4697581814811195
17	75	0.5935828403504574
17	118	0.562477551797752
17	149	0.5222146547426638
17	115	0.4851135033387592
17	117	0.47249687353229297
17	44	0.34388329228821884
17	197	0.3161556289750938
17	148	0.3117927662270832
17	47	0.3052147225251522
17	85	0.28788628317254805
17	147	0.28469151262853376
17	129	0.2833676817620548
17	18	0.2744407513354821
17	16	0.2710900873370556
17	66	0.2553147635326217
17	19	0.2519650806927853
17	136	0.24062743186534544
17	181	0.2392514857300495
17	7	0.2364400685925508
17	96	0.23608127985794164
17	84	0.226588135161444
84	65	0.4265403992358605
84	77	0.4094414557614399
84	5	0.39276060518987893
84	110	0.3925491496546807
84	99	0.38667963541788897
84	135	0.3782021075749846
84	186	0.322522573940699
84	31	0.31972431214177555
84	7	0.31026625620892195
84	106	0.3016829240317449
84	68	0.2968667393786449
84	0	0.2956352218836859
84	90	0.28514173565080325
84	181	0.2772402021599031
84	115	0.27327524926182395
84	104	0.26235889973031024
84	109	0.2603837283449491
84	152	0.25218046633453106
84	78	0.2510002216238197
84	12	0.24832787035811846
84	147	0.2411455173884999
84	52	0.2347872182152993
84	113	0.22992473565672905
84	73	0.2294795343095051
88	193	0.7973885537559612
88	69	0.4799659232414824
88	190	0.4655626508205759
88	85	0.4600935877671569
88	96	0.43909573775352
88	68	0.43185930439695375
88	90	0.4305242240566581
88	97	0.4297418379975017
88	194	0.4214385758270508
88	91	0.4184899852314905
88	72	0.40301215894012815
88	198	0.3941298301456907
88	191	0.38752978525842857
88	66	0.379495382402359
88	67	0.3680018570923741
88	98	0.3679326890855511
88	40	0.3596205320820477
88	42	0.35333552098469617
88	95	0.34627938960451365
88	173	0.3443240886008848
88	197	0.3326277332468042
88	122	0.32844123278836296
88	78	0.3257354054315133
88	61	0.3148319476904333
88	81	0.3134619542586416
88	93	0.3122170131029406
88	56	0.31113358306056194
88	52	0.2834320596779515
88	195	0.2768709060779882
88	192	0.25933003240583913
88	181	0.2557727652400594
88	188	0.2556138796832928
88	180	0.2555017168580446
88	106	0.2540616843190964
88	70	0.25112202750414103
88	19	0.25044731046293034
88	32	0.2485718212517607
88	15	0.2459899797476573
88	187	0.23629844915684206
88	160	0.2356185362065137
88	18	0.23362468687267865
88	199	0.2287689077795639
88	110	0.22512669331468665
193	85	0.5729274920466015
193	191	0.5432677394526665
193	190	0.5394999604166337
193	96	0.5184005360652354
193	198	0.4953913327227318
193	194	0.4909110882029641
193	91	0.4683620132010707
193	160	0.4581047350259588
193	181	0.4355615367975723
193	78	0.4282812897530783
193	98	0.4228356357593729
193	69	0.4167810343584353
193	81	0.4143239081537082
193	90	0.39733472913609796
193	97	0.3850029169784644
193	170	0.37907587263212345
193	197	0.3693670900716679
193	93	0.36830441923143103
193	79	0.36756949025591695
193	70	0.3589586397712268
193	68	0.3448264112838025
193	66	0.3426835597128827
193	182	0.3297163737124632
193	95	0.3293419813008676
193	192	0.3281914144408614
193	56	0.3260571704063584
193	180	0.3203795358428791
193	110	0.3183949750616673
193	67	0.31172956987893
193	173	0.310718053507673
193	40	0.3050242730867153
193	122	0.2903788956307846
193	72	0.2901041676773749
193	7	0.2873817865243238
193	32	0.2862437910601341
193	199	0.2808641668277891
193	177	0.273895100505326
193	61	0.2722570909093009
193	187	0.2625451235178801
193	106	0.2614368044011869
193	188	0.24850614526562645
193	195	0.2473235872948891
193	176	0.2463469521554019
193	18	0.24301889511035835
193	46	0.24269894846898946
193	13	0.242218929513148
193	15	0.2402882470597653
193	80	0.2316856509386336
193	196	0.2311461763508867
193	47	0.2293942720258999
85	190	0.6690548125947994
85	160	0.7323050236759016
85	66	0.5818863431273905
85	170	0.6204276036792625
85	191	0.5351612028628989
85	198	0.39883265084143227
85	96	0.3707652323191358
85	181	0.3625250805970547
85	67	0.35559135689149984
85	13	0.35156644963844874
85	14	0.3505844942444896
85	176	0.35029502089590075
85	81	0.35011954992525185
85	184	0.34297477420286154
85	197	0.342462898818789
85	70	0.3386262193258979
85	76	0.32868208554018025
85	79	0.3259231108424576
85	110	0.30237359597632363
85	177	0.28882147215330345
85	29	0.28843646096611925
85	63	0.2849396102525693
85	56	0.2843698478304121
85	47	0.28169296089112894
85	161	0.27554076347539924
85	111	0.2729421010716697
85	78	0.2720719056128781
85	7	0.271192000415706
85	182	0.27041360116335433
85	15	0.2673057612194922
85	105	0.26390396397210464
85	187	0.2630571380634092
85	188	0.261362270778695
85	98	0.2605235529297954
85	171	0.2548566472149493
85	173	0.2363173323284567
85	114	0.23588297424729274
85	107	0.23518402654655515
85	46	0.2346738300257324
85	102	0.2324614872121369
85	194	0.2287973375280451
25	26	0.795890561647692
25	23	0.7745492511088317
25	29	0.7219280480487895
25	27	0.7180656324568317
25	53	0.6256585727054241
25	24	0.5571219353507547
25	40	0.5301472845661506
25	22	0.4956855649580863
25	41	0.4914801333109628
25	94	0.4907364970432332
25	129	0.4771286763099004
25	157	0.4626124750624893
25	20	0.4573458670740441
25	143	0.4383366614312448
25	16	0.407992122290079
25	127	0.32535097613801844
25	18	0.31485897386050554
25	130	0.2980790472898826
25	154	0.29692145061240555
25	106	0.2890597656145022
25	34	0.2783106973395177
25	119	0.27191448226392473
25	33	0.2538278063039681
25	124	0.2444956091241629
25	44	0.2390723534311985
25	39	0.2389403507965402
25	163	0.2367043979924957
25	122	0.2306065595892868
25	151	0.23035090211133846
25	43	0.2265596752334819
26	27	0.7485856136718847
26	24	0.6098421472154056
26	23	0.7731049656880673
26	29	0.7087859841361782
26	40	0.5718449703665218
26	53	0.567589839048313
26	129	0.5611019241959372
26	94	0.5214068928902235
26	41	0.5141023393043416
26	22	0.5103626309631611
26	143	0.505614193972822
26	20	0.4353913611434512
26	16	0.43051607753266063
26	18	0.4251241060570472
26	127	0.4235498255741809
26	157	0.415590457899476
26	106	0.3806418162885951
26	130	0.3622297285113536
26	39	0.3443329029797545
26	44	0.3297520247267716
26	33	0.3255834346218306
26	70	0.3075072626018258
26	124	0.2999639597469835
26	121	0.29713115894731823
26	19	0.294347920390766
26	34	0.2937541233193409
26	43	0.2912119441603423
26	113	0.29049792954927856
26	117	0.27604892892121186
26	15	0.2585370220489825
26	119	0.2541178106230902
26	154	0.2530885567791593
26	46	0.2476521497051496
26	56	0.2442605392863946
26	128	0.2426518930369929
26	14	0.2380632521622023
26	151	0.2350517658063213
26	115	0.22799167702745504
26	77	0.2277262145452285
23	22	0.6369353006613852
23	20	0.6086725697517748
23	29	0.5591667029524023
23	27	0.5329668449126378
23	24	0.5227163052837763
23	16	0.5153299012092583
23	157	0.4749322369774649
23	53	0.4665254982124356
23	129	0.4480837116697336
23	40	0.4417717140669667
23	34	0.3970652148411656
23	39	0.3911016816071767
23	143	0.3786647731497679
23	19	0.37306591279958656
23	94	0.3666610026575218
23	121	0.3652752953696659
23	117	0.3534580364847703
23	124	0.3491101151881088
23	106	0.34683372566755943
23	52	0.3421803977375288
23	127	0.33707597074123896
23	43	0.3345473660402083
23	147	0.33441414764704663
23	33	0.3193202546709993
23	41	0.3144715499858846
23	188	0.3086567209709849
23	115	0.3086295787888065
23	18	0.3084938603393508
23	156	0.3036904444943725
23	130	0.3017011036703197
23	122	0.29824304528760737
23	77	0.2974593405352473
23	151	0.2959089775406035
23	128	0.2943844543326695
23	152	0.2917243700790337
23	44	0.2698202976145008
23	15	0.26829902271471423
23	69	0.2652896465725499
23	119	0.2541645812357051
23	148	0.25309791621729555
23	123	0.2466193335106317
23	109	0.2456141472153415
23	46	0.2273753729144317
23	14	0.22701498762641645
23	5	0.22589550050982635
29	27	0.5827785429038816
29	94	0.5123713590793804
29	53	0.5080071106519618
29	24	0.4547480414005127
29	41	0.43994290153662174
29	129	0.4281016262976413
29	40	0.4029200209239262
29	163	0.3320584225023789
29	18	0.3275309592695254
29	16	0.3263341852811562
29	143	0.30546861713313594
29	14	0.30091918124131223
29	160	0.2967025939841131
29	56	0.29342515347909165
29	161	0.2689856178413783
29	190	0.2642946696165244
29	117	0.26165107119682673
29	19	0.2514311913224393
29	157	0.2403165147027351
29	20	0.2336435951744409
27	41	0.7077943180829039
27	53	0.6785814033760519
27	40	0.6764337055320244
27	94	0.6007053374397846
27	130	0.5604986816137654
27	157	0.5466773008329531
27	24	0.5462845400343961
27	143	0.5453788728770307
27	129	0.49138152886522907
27	22	0.4736766802829264
27	127	0.3830762374182579
27	16	0.3773105155138979
27	33	0.37420163766426295
27	154	0.3444474843808203
27	36	0.33774944672238016
27	18	0.33369453746562544
27	20	0.32771841830190723
27	34	0.3264592704055341
27	119	0.3183680160649716
27	145	0.3181163739336249
27	39	0.3161556289750938
27	56	0.3140750077794584
27	120	0.28338607571294605
27	106	0.2792329835057294
27	151	0.2738211003661083
27	124	0.2640621171738734
27	38	0.24944415654715346
27	46	0.2435175300022965
27	44	0.23291549811338744
27	163	0.2327830887447219
27	196	0.2306254959142409
27	43	0.22811491594746935
27	139	0.22701498762641645
24	40	0.557969580699308
24	41	0.5311028055981598
24	127	0.4481476470567116
24	129	0.4328593746440428
24	94	0.43185930439695375
24	53	0.42127408405924777
24	130	0.4133045362671679
24	22	0.4123422272779084
24	157	0.4122758271766767
24	39	0.3961382372007336
24	34	0.3511369391766752
24	20	0.32215517391080384
24	145	0.30631159811043795
24	151	0.29593635043390903
24	143	0.2893255122212752
24	36	0.2857846931453888
24	154	0.28541732032550504
24	69	0.28415843323493634
24	124	0.26762143871151434
24	56	0.2552680222173971
24	16	0.2489376884643173
24	37	0.24841231846470904
24	128	0.2467789872293034
24	144	0.23929862310245464
24	92	0.23353959732828525
24	35	0.22782102646291744
96	198	0.7882904313572673
96	95	0.6496656714428908
96	78	0.6041582712759431
96	197	0.6819873077881322
96	98	0.6378021914987475
96	181	0.5299747160870533
96	199	0.5284196244328677
96	97	0.5229343013914577
96	70	0.4883794680446437
96	81	0.4612043890043652
96	106	0.4199983334213999
96	147	0.3997404665745464
96	15	0.39710733096574624
96	176	0.3912626071471553
96	90	0.3727129218787952
96	182	0.3726784779621912
96	75	0.3642956628592437
96	187	0.35905446234368565
96	190	0.3547786824225571
96	191	0.3535105394162389
96	188	0.34349526611777864
96	7	0.3391573107274339
96	43	0.33355234620218066
96	177	0.3288337116411961
96	148	0.31460670975592303
96	109	0.3034816423272709
96	93	0.301937419003331
96	16	0.29244697194085834
96	194	0.2909556685014885
96	71	0.26944010480360386
96	18	0.2669528772924659
96	80	0.2656335727173046
96	61	0.2640063000176922
96	79	0.2598336457162955
96	185	0.2466850748989113
96	14	0.24471184799671264
96	135	0.24268012643322195
96	156	0.2380632521622023
96	192	0.2328303787959461
96	76	0.2277736210439643
96	77	0.22759347060602805
198	97	0.7299591895577359
198	197	0.6940873928736861
198	98	0.6687840646830291
198	176	0.6238294909995168
198	182	0.5477911505640113
198	181	0.6304785350746833
198	177	0.6276444655976359
198	199	0.6206858655935011
198	81	0.5331171768166915
198	70	0.4966203167513695
198	71	0.47574499271347603
198	183	0.4208627333747856
198	95	0.4125082083650139
198	78	0.4032885239711181
198	191	0.3730400878558209
198	93	0.3681142464173215
198	147	0.3637057605233259
198	114	0.3619603734904064
198	61	0.3611345543170933
198	148	0.325037989150267
198	194	0.3245728484153021
198	75	0.3119372046636216
198	79	0.3072989968403615
198	192	0.2659216750134507
198	196	0.2580330460894452
198	160	0.2565202763602505
198	122	0.2558942566377631
198	190	0.2536593957512219
198	106	0.2521991943403197
198	91	0.2506066406223437
198	72	0.2505878966021651
198	32	0.24368684843697125
198	15	0.24187060621559095
198	90	0.2414751366486732
198	52	0.2373273214643493
198	135	0.2341162452544384
198	187	0.2323290482708538
95	197	0.5980719314233544
95	78	0.5127252602977432
95	106	0.4831688625393834
95	109	0.4665176746363416
95	7	0.4527627780027659
95	15	0.4521583656822206
95	188	0.3976546883539003
95	147	0.3911440327526934
95	187	0.3775249044803492
95	18	0.3727387541422828
95	116	0.35847941342499473
95	190	0.3338278279862278
95	181	0.32996591106012185
95	186	0.3255029726758719
95	135	0.3236331434184046
95	0	0.31020299339552504
95	16	0.3021918709472852
95	185	0.29696704181812555
95	115	0.2943570539568989
95	70	0.2860326223281596
95	148	0.2848477266928981
95	191	0.281656134513168
95	90	0.28038511693974283
95	117	0.27538366297911937
95	111	0.2744222575884957
95	110	0.2665627643881162
95	98	0.26482477424667106
95	5	0.254435827341204
95	99	0.25321958460121313
95	19	0.2515248672024263
95	46	0.24514425270278556
95	75	0.24209655276165776
95	79	0.2399867001847797
95	39	0.23944945511318175
95	12	0.2309095198189643
95	194	0.2296216302887215
95	104	0.2280485574370036
78	76	0.5056290809080162
78	7	0.5003103275163411
78	81	0.4982683981572957
78	77	0.4877243155120763
78	187	0.48362865789909104
78	43	0.4567525375993034
78	98	0.4563488412648558
78	147	0.43301376216958704
78	15	0.4142742067762718
78	90	0.3998496878808279
78	18	0.3860330816021248
78	80	0.3824617261637364
78	197	0.3735048483786612
78	185	0.3695743280051049
78	188	0.36586441923987617
78	199	0.35824408767592464
78	182	0.35759016622067963
78	2	0.3409614035373184
78	181	0.34043104790970297
78	74	0.3338011709498322
78	75	0.31269526980309065
78	0	0.30677367421982765
78	97	0.3058312483743888
78	190	0.2943205193697584
78	16	0.2934617091171906
78	106	0.2918158570990196
78	186	0.2912943096057199
78	70	0.28338607571294605
78	116	0.2821992393934609
78	61	0.276806270850305
78	135	0.2757532877792192
78	120	0.27276624645834363
78	109	0.2675285983506625
78	115	0.26447138892250976
78	13	0.25760362243352875
78	110	0.2524520039223368
78	60	0.25244264121884363
78	162	0.2482903366545597
78	118	0.24753011888342455
78	104	0.2473611401650873
78	194	0.2420494827289653
78	117	0.2418329459068602
78	1	0.24076874152969344
78	56	0.2374499955253737
78	148	0.23677991424457
78	184	0.2345509856135813
78	11	0.2260378413690622
97	177	0.6576833078814591
97	98	0.6324866383152313
97	71	0.5282177782173382
97	199	0.5107396930791862
97	176	0.4805583213782431
97	52	0.4713542630762909
97	181	0.4504064095660016
97	197	0.44472067422389305
97	122	0.4147959479719838
97	61	0.4113623817879426
97	72	0.3812145950382679
97	81	0.3801115218873952
97	35	0.3736855379703628
97	93	0.3706444714116219
97	156	0.3654572619400379
97	182	0.3623166043265419
97	183	0.3614823367935083
97	70	0.32197591915484003
97	67	0.31577755963557697
97	68	0.3142642802398613
97	91	0.30906379336584355
97	90	0.3044164856372161
97	114	0.30194650731383976
97	191	0.2824661229857117
97	37	0.2751710918362074
97	42	0.2739413489456224
97	69	0.2700613519201382
97	192	0.2672407616692643
97	194	0.24704191709128334
97	180	0.2395814236425311
97	92	0.2253924855855469
197	181	0.6698880423154147
197	106	0.5344900791130042
197	147	0.4721161795379614
197	199	0.4525481001804374
197	70	0.429627686057052
197	148	0.4107972927309252
197	135	0.3951682600749672
197	114	0.3898897381743828
197	110	0.3854031777156042
197	191	0.3752846925864495
197	15	0.36595103039346705
197	177	0.3553904228604619
197	176	0.35287160252603955
197	109	0.3443329029797545
197	98	0.34110279507407043
197	7	0.3346006496541832
197	75	0.3133176683668536
197	192	0.3075072626018258
197	182	0.3060759743171648
197	71	0.3006827063570315
197	14	0.2865375447803157
197	118	0.2768801394774369
197	156	0.27589187606439536
197	188	0.2539026504995851
197	93	0.23965683025640394
197	13	0.23938346753015
197	81	0.2381198509069677
197	42	0.23454153573306535
197	194	0.2272236393252828
98	199	0.7039257840444446
98	81	0.6358106958234301
98	61	0.550061855764478
98	176	0.4943341778274365
98	177	0.42035241805411255
98	71	0.4100821690617961
98	80	0.40646560161122747
98	90	0.4061065810263384
98	182	0.4032215331406157
98	70	0.40100841368238205
98	187	0.3935891103534119
98	185	0.3866371106527739
98	52	0.3825044114988265
98	91	0.37198938405917337
98	35	0.3702734845570704
98	93	0.3680105028068891
98	181	0.35805230710588065
98	45	0.35379926572189896
98	183	0.3474669560117293
98	188	0.3360384977029368
98	92	0.3258784214079379
98	69	0.3239016958131557
98	156	0.3025643836025753
98	75	0.2927852909818624
98	191	0.27454246331468235
98	194	0.2740985841650063
98	37	0.2712105294131834
98	190	0.2601320165700365
98	180	0.2550716956662112
98	76	0.2499223622525373
98	74	0.2495660636829532
98	32	0.24684472310284214
98	60	0.2380255187673862
98	67	0.2303603714741444
98	186	0.22993420698111114
98	147	0.2267683723849788
176	70	0.7188929086326944
176	177	0.6223857934458329
176	71	0.5600527224047236
176	81	0.5393297928363538
176	183	0.42434548581183146
176	61	0.3964669854483038
176	199	0.3650152946983415
176	113	0.3485743466610538
176	79	0.34714158551168545
176	181	0.34368047506564514
176	165	0.32211036238683177
176	114	0.2950236589630647
176	160	0.2901865910865993
176	182	0.2898110718153065
176	166	0.2733030086533813
176	32	0.2687629682551897
176	13	0.2424071863887993
176	92	0.23627012406476744
176	175	0.2361757041913753
176	105	0.232981699559877
176	72	0.2329438704262505
176	12	0.2289868592087749
176	191	0.2286267531845224
182	183	0.5156529793728849
182	81	0.5155869071262938
182	148	0.5089709809682998
182	147	0.4143984555866184
182	60	0.41015703123394187
182	199	0.4058142623831947
182	177	0.39193146198875495
182	191	0.32844123278836296
182	181	0.3280664880463416
182	194	0.3229973617077917
182	76	0.31980510968937303
182	164	0.3119552584545933
182	93	0.29525188238564576
182	160	0.2796478443718645
182	170	0.2769817034964307
182	61	0.2752450326779565
182	175	0.2732289825977789
182	75	0.2648991620976483
182	180	0.2577063199641444
182	80	0.2367421564760905
182	192	0.2299436782619377
182	74	0.2286457076940042
14	75	0.7113690349926083
14	15	0.6477253752529717
14	48	0.4967860396598137
14	153	0.4476120466481401
14	118	0.43141177449594303
14	117	0.4034810985294868
14	115	0.3896437944352056
14	149	0.3571104008112279
14	148	0.35203961632071434
14	44	0.2808641668277891
14	160	0.2787442358813411
14	7	0.2718681785087134
14	147	0.2716736889920772
14	181	0.2613063685163128
14	76	0.25503429774746234
14	19	0.2479618849569342
14	129	0.2346265830617153
14	18	0.23263175318410076
14	116	0.2285604110363584
75	15	0.5487143832617916
75	153	0.4291383079347193
75	48	0.3963911294881636
75	76	0.3921007266642884
75	181	0.3674570488365675
75	7	0.3576337719046463
75	147	0.3371468792121603
75	2	0.3196435099441149
75	148	0.3097510362825193
75	115	0.3047884447392178
75	118	0.3025734681230263
75	149	0.2910655060418947
75	117	0.289627859289815
75	110	0.28242931405426563
75	187	0.28037590307204685
75	45	0.25123445664286564
75	90	0.2435175300022965
75	105	0.23989245728501615
75	109	0.2343997822068626
75	135	0.23074857776787425
15	115	0.5984315045377506
15	116	0.5812709005516029
15	117	0.5778374311767428
15	18	0.5483158785261469
15	118	0.5171782733767382
15	16	0.5004827362765094
15	147	0.4355129183581915
15	44	0.4320870561626582
15	48	0.3931242115750699
15	153	0.3802655040918255
15	19	0.3567439075558997
15	149	0.3503301121401239
15	43	0.3443240886008848
15	7	0.3404929339039612
15	77	0.3330545572864541
15	120	0.3329656468593611
15	187	0.3230063184059049
15	47	0.3062844126644837
15	11	0.3005280681693097
15	106	0.2999457592053388
15	46	0.29592722619014245
15	129	0.2722663496448576
15	152	0.2714791772823477
15	181	0.2665070268391713
15	148	0.2602066015244391
15	13	0.2567444699169755
15	136	0.253603255482202
15	109	0.2533599612445392
15	39	0.2483841695153401
15	76	0.2441194836009597
15	135	0.2403542042593285
15	104	0.23367195729574655
15	111	0.2321587569728429
15	42	0.2277925833411307
48	118	0.5602036988088316
48	117	0.5293631829715428
48	149	0.4324367105098628
48	153	0.4244192767752549
48	47	0.4120350900946277
48	44	0.3379974823463545
48	115	0.30424408285304155
48	148	0.28906893003253026
48	16	0.2880330158505976
48	181	0.2760396909258224
48	18	0.25973106927247896
48	170	0.2456611303228509
153	189	0.4343534272846026
153	117	0.4401444919212042
153	118	0.3897794944082565
153	149	0.3790673095848353
153	115	0.2548472967102255
153	136	0.2457269047343017
22	34	0.7112307002953628
22	39	0.4410390173612452
22	33	0.6460913357594718
22	123	0.5816680364819138
22	20	0.536686562945492
22	43	0.5061648100291105
22	16	0.4813500648157388
22	150	0.472232737229724
22	141	0.4636650481368944
22	138	0.4603458110686826
22	124	0.4602118266896989
22	152	0.4583101469687365
22	115	0.4569107985638531
22	136	0.444929228220341
22	128	0.4370189076949307
22	62	0.4358207922210341
22	127	0.4222277502453479
22	130	0.42078867185934055
22	143	0.4206734539074473
22	157	0.4156814550420225
22	44	0.4133045362671679
22	156	0.4115451370636792
22	126	0.40989914937784894
22	52	0.40383266419308705
22	120	0.401956271012275
22	36	0.3829311750313879
22	137	0.3730228709055139
22	31	0.3712998798971669
22	77	0.3690907156694597
22	53	0.3670417874726313
22	129	0.363844587342565
22	40	0.357206368978785
22	119	0.3502774749050109
22	122	0.34627938960451365
22	18	0.3455487045797388
22	151	0.34297477420286154
22	5	0.34203912399209263
22	106	0.3312485171385919
22	41	0.3286285663995988
22	69	0.3054595502162001
22	46	0.3039445990680206
22	121	0.2957629805692372
22	42	0.2773602057572901
22	154	0.2735990804986786
22	35	0.2675843031633817
22	45	0.26327120932433673
22	149	0.2565389602113486
22	109	0.2534909698189627
22	104	0.23710082638966865
22	94	0.2285225002842425
22	37	0.2266829987933308
20	16	0.5620535602086052
20	19	0.4660402984777151
20	124	0.5872774642410701
20	69	0.5211957018552765
20	121	0.4456347452257534
20	40	0.44225448869491896
20	157	0.4368813650171343
20	33	0.3975704979314263
20	127	0.3872748094231973
20	122	0.3708601070950389
20	42	0.3622210405836458
20	43	0.355940729094134
20	156	0.3554341069665468
20	34	0.35254763203854056
20	52	0.3454254151632077
20	152	0.34541660831996124
20	144	0.3429659504895561
20	119	0.33852882914742083
20	115	0.3368809527287016
20	129	0.3339166809178997
20	77	0.32585160704816546
20	128	0.3254850916031719
20	120	0.3218145701341455
20	140	0.3213124758869626
20	92	0.3068280266140977
20	53	0.30632972146350496
20	151	0.2957538552996551
20	195	0.2818494637379272
20	36	0.27486605146047177
20	123	0.2748475623857588
20	154	0.2748475623857588
20	117	0.2745054778511053
20	137	0.2714050717485529
20	18	0.26802059562222885
20	32	0.25638948403528705
20	41	0.2547070334211156
20	147	0.25133751073172633
20	188	0.2488814058220969
20	46	0.2482621858876195
20	194	0.24821526701089655
20	145	0.238846057792938
20	116	0.22526908620094635
40	41	0.7569099747895393
40	157	0.5751534733611003
40	94	0.548868125455622
40	69	0.5472940106467576
40	53	0.5303916814154492
40	127	0.5248786981743899
40	130	0.5237040065470498
40	129	0.5111534958633576
40	145	0.4987718881612176
40	36	0.4512111486150257
40	91	0.3920753386550518
40	143	0.3902712649060488
40	194	0.3801029667025669
40	140	0.3744338069478069
40	195	0.3732983112776235
40	32	0.3512772037511377
40	90	0.3489871720821704
40	39	0.3427100364800173
40	38	0.33482264168120196
40	173	0.33431644566385504
40	137	0.3314087569781845
40	42	0.3294935335703684
40	13	0.32830740724280194
40	180	0.3271916821399521
40	106	0.3239374988569279
40	34	0.30912710556602857
40	144	0.3015556604196515
40	56	0.3004098047751533
40	33	0.2984434633731542
40	16	0.2953979276973266
40	141	0.2939916693850613
40	128	0.2935165409651789
40	154	0.29198052027900057
40	124	0.2904887734131512
40	151	0.2898019116933332
40	156	0.2851692962407525
40	93	0.28338607571294605
40	43	0.28290776525917816
40	72	0.27552228182779953
40	70	0.2739690974016907
40	122	0.2666463673685385
40	65	0.2662747678681867
40	52	0.2569779754935861
40	114	0.25451999903038924
40	119	0.2528732766294603
40	46	0.2513000371767779
40	18	0.24573630089409534
40	92	0.2444956091241629
40	166	0.23504231827744115
41	94	0.657240467717475
41	145	0.5619577792611039
41	130	0.5141096962543663
41	53	0.5083334863396167
41	36	0.4870762407553602
41	157	0.4637749430637942
41	65	0.4210437490147874
41	127	0.3885575858151
41	154	0.3724631802194519
41	166	0.3591764073980305
41	33	0.35622015524082845
41	129	0.3525914167750511
41	42	0.3480119838897805
41	143	0.3428335875276297
41	139	0.3414032008432362
41	69	0.3314710673090753
41	32	0.32150974876323263
41	137	0.3154444154498328
41	114	0.3114406371706699
41	171	0.3093531981966293
41	146	0.30499706403195603
41	38	0.2973317227098231
41	34	0.28696889788774216
41	173	0.2713124353059587
41	140	0.2709603709917923
41	141	0.2709325733515183
41	196	0.269449378798915
41	72	0.2493034846428261
41	66	0.2475582805394977
41	175	0.2428777486937371
94	53	0.6059712131240863
94	93	0.4704514926885266
94	145	0.4697737678796994
94	196	0.4377871522638863
94	157	0.4253207106724135
94	175	0.4023586403036133
94	91	0.3905763898258554
94	65	0.38966075785727855
94	130	0.3756197164808305
94	92	0.3738145846037727
94	129	0.3688920312364403
94	194	0.3505494101320147
94	143	0.3304381233582029
94	180	0.3281914144408614
94	67	0.30123745438346977
94	173	0.3010283110176426
94	69	0.29959080501000424
94	160	0.2949232299898165
94	170	0.2891239154280115
94	34	0.2874551777735645
94	66	0.2856836739881181
94	171	0.2828249664635317
94	56	0.2815456504008481
94	181	0.2776924782394913
94	38	0.2720441260798003
94	127	0.2682711820216014
94	90	0.2649828446614055
94	195	0.2555110640228889
94	36	0.2447306502269165
42	68	0.7562172445638791
42	69	0.6011014647769221
42	137	0.5553055903318458
42	166	0.5288015269718396
42	61	0.48618330691762396
42	36	0.4681590228602805
42	32	0.4322171752900447
42	140	0.4259921402324676
42	72	0.4062652334972859
42	37	0.38759776880387453
42	165	0.38432128897772905
42	114	0.3812829669875736
42	138	0.3771132419394728
42	122	0.3689697813351413
42	67	0.3510843358974842
42	91	0.34438578797820385
42	35	0.34410370940450724
42	92	0.3333390308500733
42	156	0.3253420346415043
42	145	0.3213931817992367
42	152	0.3121448096567047
42	150	0.30985951876515383
42	65	0.303790296090864
42	52	0.2901865910865993
42	33	0.28572959257409114
42	34	0.2822728668182385
42	183	0.2790209032325011
42	192	0.27546683566293384
42	164	0.2741540754503043
42	46	0.2724607714430705
42	180	0.2697461202529348
42	16	0.2688742966401691
42	123	0.25940465069236224
42	141	0.2463469521554019
42	173	0.24551078031706175
42	47	0.24402544073773105
42	151	0.24094771911850954
42	157	0.23608127985794164
42	195	0.23501397542433802
42	19	0.22473743703888446
68	69	0.6027021257376634
68	67	0.5517265265111476
68	61	0.5334105849587445
68	91	0.4582390483734332
68	37	0.43008421140197933
68	36	0.42106843036786457
68	92	0.4150608549834829
68	35	0.4136112857075352
68	72	0.3839803177201735
68	32	0.3539742185558443
68	166	0.35102296260404425
68	65	0.3508826694651073
68	52	0.3372355094219087
68	137	0.3326188396293112
68	180	0.3273256174060427
68	122	0.31454363678373104
68	110	0.3111787421526735
68	156	0.3100674209728629
68	140	0.3091994590111697
68	164	0.3005553584096643
68	46	0.2981792703802664
68	173	0.2959910947623827
68	152	0.2926847172980813
68	165	0.28907809439757554
68	47	0.2820059515879612
68	171	0.2805878089544351
68	93	0.27809849883430154
68	150	0.27532821223268233
68	138	0.2738211003661083
68	183	0.2736823413671285
68	81	0.2471452010161983
68	66	0.2449656625705494
68	146	0.2376953209240943
68	45	0.23550519493377364
68	151	0.2280106373369008
68	90	0.22735640681939004
69	91	0.6060471434689931
69	92	0.5831614275600694
69	195	0.5740549526538276
69	61	0.5689439835946355
69	180	0.5205180033745272
69	194	0.512511465800402
69	90	0.510222106641229
69	144	0.506439963444036
69	93	0.5023840883970043
69	36	0.4988244721874618
69	122	0.4981255562013788
69	145	0.4778003402882446
69	156	0.4595573666401759
69	52	0.4454343704879797
69	137	0.4198912593937944
69	140	0.4107391038668523
69	124	0.4079337726537704
69	173	0.4012937001403503
69	32	0.4006391039528903
69	157	0.37598898804092334
69	138	0.3679845654724458
69	166	0.3398031804977077
69	127	0.33785575345061397
69	81	0.3333123640306932
69	165	0.32996591106012185
69	37	0.3286196463376317
69	72	0.3285304424937115
69	199	0.3246980940685465
69	174	0.3217607829726935
69	175	0.3194010754598329
69	70	0.3185836736163221
69	151	0.3128486393323669
69	123	0.3045435065074298
69	60	0.30035521855437297
69	110	0.2909465150268665
69	106	0.2902232223310781
69	150	0.2887939744503372
69	67	0.288363114921183
69	34	0.2862162488888668
69	35	0.28216242443434303
69	152	0.2792975242699548
69	65	0.27373784633417964
69	196	0.2723589342272674
69	39	0.2663026405779643
69	130	0.24760521570338603
69	128	0.2452852331619508
69	183	0.2433858276233382
69	46	0.2432823408858827
69	192	0.2398076348090963
69	38	0.23775193017274585
69	16	0.2352784931719019
69	13	0.2341446007427867
69	141	0.23180866906143055
69	129	0.23079591497637805
190	160	0.5267742832250121
190	191	0.5080145299020266
190	184	0.4885089098307386
190	188	0.4845168390755226
190	161	0.4700932245010145
190	187	0.4397090011307776
190	56	0.4360799753416832
190	100	0.4038577714642853
190	134	0.39381725975794224
190	76	0.36851184533756604
190	186	0.3676040854540463
190	185	0.3624469062457168
190	73	0.3616214216312773
190	109	0.3544377237498105
190	79	0.3345473660402083
190	7	0.32830740724280194
190	170	0.3251810777564661
190	163	0.32232544453492323
190	70	0.29033311096122905
190	66	0.2845444738132541
190	106	0.2828525665304941
190	102	0.2776555623539593
190	63	0.2757532877792192
190	194	0.2691433105743131
190	8	0.26888357368135124
190	46	0.2666556563409172
190	81	0.2651687916227823
190	181	0.2604303377537943
190	18	0.2485342923966489
190	110	0.24674142285326106
190	116	0.2461778682873853
190	107	0.24427934593029665
190	67	0.2332086595515543
53	157	0.6118105820059616
53	129	0.5126662888543809
53	143	0.4703658339628289
53	127	0.4479318467548101
53	34	0.33474272883144546
53	39	0.3334456927938721
53	130	0.32552085351575977
53	196	0.30631159811043795
53	154	0.2951971118358881
53	56	0.2868954842943737
53	33	0.2839837655495959
53	43	0.28251213298032835
53	16	0.2771848129663845
53	119	0.2718126123407689
53	18	0.2672500474682015
53	38	0.26478757913912565
53	145	0.24015632600459064
53	52	0.23870460984225456
53	180	0.2378085378063454
53	65	0.2362417985711477
53	163	0.22857936615247826
137	138	0.7423167826340834
137	165	0.5745642806378674
137	166	0.5384498918524279
137	141	0.4909414478589314
137	36	0.4815190733808322
137	123	0.4738705649198684
137	150	0.4505020604836748
137	140	0.4476040501777901
137	34	0.4383689753035031
137	195	0.4099074691706194
137	174	0.4004627965772394
137	145	0.3997824761128349
137	146	0.3887698209449124
137	124	0.3738489945954896
137	37	0.3707307304817707
137	156	0.3603516764263275
137	183	0.35592326284584985
137	136	0.3553904228604619
137	122	0.35317798324520544
137	32	0.34802077273578463
137	114	0.3454870613622947
137	144	0.3451699920118279
137	33	0.3444298571407793
137	173	0.3420921034590255
137	61	0.33898030425947034
137	139	0.3353286445215256
137	152	0.3326722004467698
137	164	0.3262180245739361
137	91	0.3177118551654244
137	149	0.31634462600413205
137	126	0.3147959120028565
137	52	0.3112058369334387
137	35	0.2896645034933931
137	175	0.2886656455370443
137	180	0.28758360433727004
137	62	0.2868404218877449
137	92	0.2836895457917861
137	72	0.2801823999175057
137	157	0.2799980900273304
137	127	0.27949113141908605
137	39	0.27386735083310176
137	130	0.2737933494780034
137	128	0.2475207315717861
137	194	0.2474080802078079
137	171	0.24268012643322195
137	151	0.23817644803448204
137	115	0.2259049902006177
137	196	0.2255158777389028
138	123	0.6767373554443545
138	126	0.5694172069714991
138	136	0.4693840200620218
138	141	0.4605428088263632
138	34	0.4336229385303844
138	150	0.41310551348283214
138	124	0.4075335711039347
138	156	0.39532014083832573
138	127	0.3931242115750699
138	52	0.3847984726306485
138	128	0.37397802289834253
138	37	0.3543153053300539
138	165	0.3526001735371034
138	195	0.3484952795475618
138	39	0.347651588546778
138	36	0.3350002085478765
138	122	0.3334456927938721
138	174	0.3128847239099421
138	152	0.31028433079376605
138	33	0.30127382418505555
138	149	0.300810043583279
138	144	0.2943022517535926
138	166	0.2581823869541304
138	173	0.2542861792647854
138	140	0.249040868941494
138	139	0.2484498497445612
138	115	0.2439784175848143
138	143	0.2423507112421089
138	129	0.2300668009484048
138	92	0.22783998832811475
165	183	0.5410719214521598
165	166	0.4630289474507685
165	61	0.4503824952208869
165	164	0.4299211918675069
165	175	0.3386970439897865
165	195	0.333374585779601
165	37	0.3250022146729391
165	146	0.3162636303513383
165	92	0.3078693937527074
165	36	0.3066377844808168
165	144	0.30273698008922123
165	91	0.2865283657916605
165	81	0.278928685926197
165	180	0.2778678174948374
165	145	0.2725440882613169
165	196	0.27025602491871115
165	174	0.263922570967849
165	173	0.2633363563025615
165	140	0.24046726858050704
165	72	0.23816701529221976
165	194	0.2319506038362516
165	189	0.23072964257861425
165	105	0.2254209613398149
123	126	0.6604717856353879
123	128	0.5352254239933717
123	124	0.5162326836843877
123	34	0.5043477043014606
123	150	0.4830922040507122
123	136	0.4724114269540859
123	33	0.3993707102373884
123	39	0.375808661026387
123	115	0.37496675873632745
123	141	0.3612910688713585
123	152	0.35840097656867315
123	130	0.35079497825323996
123	122	0.3307142463649274
123	127	0.3257264664379396
123	143	0.31477789381874216
123	174	0.314102048231353
123	37	0.3076973925706221
123	156	0.3064928216468201
123	52	0.29722232754554945
123	149	0.28002573782716955
123	43	0.26830830284615953
123	5	0.2588449381079798
123	62	0.25300431970421866
123	120	0.2492190764496319
123	195	0.2395531454170481
123	77	0.2385065656946747
123	144	0.2374877398668428
123	44	0.23557131145493185
123	157	0.2260852861775201
160	170	0.64820109298347
160	191	0.4776922941046454
160	66	0.3685550544923679
160	171	0.33341902810804463
160	63	0.3293063194767151
160	76	0.32049618738765384
160	47	0.3101849178013276
160	177	0.30237359597632363
160	70	0.2901591170951594
160	161	0.28646411139832423
160	56	0.2671386146056285
160	194	0.2632898229917322
160	173	0.2629826724211014
160	81	0.26070996870984336
160	184	0.25715541966841554
160	181	0.2464127029440105
160	79	0.2298679067958596
160	110	0.2253640094461829
66	67	0.5883311863585328
66	170	0.5679625356404285
66	173	0.4898857507943303
66	72	0.37211000512236025
66	191	0.366652347028694
66	47	0.34606815031285393
66	177	0.3280843353768253
66	171	0.2804219718938279
66	56	0.27893790788835565
66	183	0.23913835143529766
66	13	0.22476592163936104
170	171	0.5505429011597122
170	191	0.4673074870935378
170	173	0.44219817818405455
170	67	0.37205831191964345
170	177	0.3468689134340381
170	63	0.3326277332468042
170	183	0.3139668408765365
170	47	0.3062753507381432
170	56	0.29395512619941183
170	76	0.2847650270134742
170	79	0.26714790095042656
170	71	0.2639690875977975
170	146	0.2589568945456815
170	175	0.25012860944796306
170	145	0.24047669031277796
170	189	0.23888377553499565
177	71	0.7073998661135827
177	183	0.5093561722280481
177	70	0.4501353424832118
177	72	0.4430103205676607
177	199	0.39879901300415055
177	61	0.3754307407053234
177	166	0.3702734845570704
177	173	0.3423657960533077
177	181	0.33961741514678045
177	191	0.3327255591340716
177	35	0.3285126010215175
177	122	0.32627163843250995
177	192	0.3144084710623332
177	139	0.30046438902818084
177	114	0.2965293103791588
177	171	0.2872349939024884
177	67	0.2830181570945261
177	175	0.2776924782394913
177	81	0.27625215191359065
177	93	0.24421352187276146
177	156	0.2307391101950897
70	106	0.5022794156037741
70	12	0.4387889525046375
70	109	0.4304509028155397
70	113	0.4273662870784536
70	71	0.4094581027790043
70	13	0.4079254367193943
70	79	0.40097484545386797
70	199	0.3972336693044706
70	81	0.3930988476753144
70	110	0.3738748014139234
70	32	0.3623513528900532
70	114	0.35848812831885485
70	181	0.3472383260163605
70	61	0.34310712263868176
70	111	0.32901207358655155
70	36	0.3286285663995988
70	122	0.31662357572353594
70	115	0.31578656245247616
70	44	0.30488822283401706
70	11	0.2742188129758386
70	43	0.27241448255611256
70	156	0.27172925969058725
70	0	0.2580890503591484
70	18	0.2574448966205087
70	46	0.25297623982667083
70	194	0.2405897475650892
70	184	0.2401092091919059
70	47	0.23063496401121114
70	152	0.2291289890785745
70	188	0.2286457076940042
70	135	0.22663556751487424
70	191	0.2262181259340885
173	174	0.547966107814199
173	195	0.4959344418595337
173	91	0.4199983334213999
173	171	0.3864159553723661
173	175	0.3696088640871836
173	144	0.3680191484577701
173	72	0.3645037939389529
173	140	0.33484927822759697
173	122	0.3318982602343991
173	183	0.32151871504921936
173	194	0.3161466284904558
173	67	0.3001823492101228
173	145	0.2999912601499868
173	166	0.29692145061240555
173	180	0.2947862708887187
173	92	0.2905070856322093
173	150	0.288133886722231
173	139	0.2805693834414087
173	52	0.27968471584272925
173	60	0.2714513880843413
173	61	0.2622471560758857
173	36	0.2579490364334766
173	157	0.2489095473533464
173	130	0.24312239594297666
173	93	0.2377330606026289
195	194	0.6996987063654909
195	144	0.5668708944869304
195	145	0.622838935245492
195	93	0.5736860827264039
195	180	0.5519977512946308
195	174	0.5400385337295868
195	91	0.5189487684726168
195	90	0.4813731135463497
195	196	0.4560796059511285
195	175	0.450876593663896
195	124	0.4220305165680657
195	92	0.3971747132863769
195	36	0.37470031379513263
195	157	0.35852298726944976
195	140	0.32606610724443513
195	122	0.32399120168289197
195	156	0.31895201230513
195	61	0.30029153214349075
195	52	0.2983888065045505
195	39	0.29667523471347257
195	130	0.28884896937975824
195	127	0.2727569904473487
195	150	0.26565216139464737
195	38	0.2645364915590694
195	128	0.24062743186534544
195	166	0.23764814531674205
195	81	0.2344092327521313
195	32	0.23206414454549185
195	199	0.2305213439655808
174	150	0.5510096536061838
174	175	0.5759492745068578
174	144	0.4719762885150621
174	62	0.4074751952915332
174	183	0.4000260983130182
174	166	0.3880310647790911
174	145	0.3775077548519333
174	92	0.34663137706507385
174	36	0.340926053242362
174	140	0.3394139274529312
174	124	0.3387058968029259
174	60	0.3314265602248951
174	34	0.3231496177057525
174	91	0.32168009833653904
174	122	0.3030911948751816
174	61	0.29452144895123616
174	156	0.29262985619535115
174	35	0.2908732853125169
174	146	0.28456285439749823
174	141	0.27978610813352384
174	164	0.2738211003661083
174	52	0.2676957074225273
174	139	0.2624892584344338
174	171	0.25658566900027313
174	65	0.2539120058102721
174	33	0.22774517727428395
93	194	0.7180656324568317
93	180	0.7173285682924161
93	196	0.6358226105670994
93	145	0.6274626126339482
93	91	0.6130042494050155
93	90	0.6078283279537419
93	92	0.5001828694489585
93	175	0.4894296096041243
93	144	0.4782632316318052
93	52	0.3916521172585749
93	61	0.34683372566755943
93	156	0.33918385962685577
93	157	0.33398775899103217
93	199	0.3169114663883731
93	81	0.30840337439440324
93	183	0.3075887498819022
93	181	0.30472494610428924
93	140	0.2907817433769225
93	72	0.2860785309385016
93	62	0.27024675527684977
93	122	0.266850713315108
93	35	0.2606074424356548
93	39	0.255585839621943
93	171	0.2456141472153415
93	37	0.2446366372355599
93	110	0.2362417985711477
194	90	0.6630797001079628
194	180	0.7171489079183814
194	91	0.6086725697517748
194	196	0.5628124327848865
194	145	0.5626005907598958
194	144	0.44628365268732784
194	175	0.4445923093276379
194	92	0.3645731628747221
194	157	0.3556437690604123
194	52	0.3261375998508739
194	81	0.325037989150267
194	122	0.3201910782061429
194	61	0.3166415705998074
194	124	0.2933429001560087
194	156	0.2673986135001897
194	199	0.26302921381478395
194	191	0.2526205245001412
194	110	0.25206809433301963
194	39	0.2487406918631137
194	106	0.24374328461493225
194	72	0.236987569184032
194	146	0.2319695277268085
194	109	0.2316288708438448
180	91	0.698102711624581
180	90	0.5552986739364254
180	196	0.5490986691373707
180	145	0.5347043408569422
180	175	0.5030865100918257
180	92	0.4934495751494165
180	157	0.4425199055684748
180	144	0.4343128595485893
180	61	0.43225783382701416
180	52	0.3426835597128827
180	60	0.330429215222301
180	140	0.3231496177057525
180	81	0.31915859915767464
180	183	0.3083762275224859
180	156	0.30191015374251695
180	146	0.2960002186280947
180	171	0.2789194639125928
180	35	0.2604862674421306
180	37	0.259208771086993
180	72	0.2535190418753205
180	39	0.24995048820603516
180	105	0.2399867001847797
180	65	0.2259049902006177
196	145	0.5762833194991329
196	175	0.5055844191991821
196	92	0.4400557976164624
196	91	0.3861011577763997
196	157	0.368762436266036
196	79	0.3423039995761001
196	144	0.29910829840601233
196	181	0.29672995276770386
196	183	0.29620093000604786
196	146	0.27504168753005703
196	90	0.2744499981328449
196	166	0.2615020187634314
196	130	0.2483091035995387
196	34	0.2320168366849675
196	62	0.2255158777389028
145	175	0.6073299584164003
145	144	0.5362877413049754
145	166	0.5352325592926368
145	130	0.4905922398332471
145	36	0.4598886016389182
145	140	0.4403057322904885
145	157	0.4400477340720287
145	146	0.4129811041994316
145	171	0.4111297363201383
145	91	0.4059646080605356
145	65	0.4003116523651573
145	92	0.4000932944921104
145	141	0.3900338862373309
145	183	0.37437361941767294
145	32	0.367422449315342
145	90	0.3577820195645781
145	61	0.33933429318381136
145	79	0.3284501540226277
145	34	0.3250022146729391
145	128	0.31997566701519603
145	62	0.3129388490827533
145	114	0.3094074552254151
145	181	0.3011556191253778
145	150	0.2992175585909115
145	72	0.2702096762083991
145	124	0.2698852001790424
145	67	0.2660982303667701
145	110	0.2624147689192404
145	156	0.25797704008560085
145	33	0.2510939191605717
145	127	0.2471170332298723
90	91	0.6417538352486479
90	156	0.3807187737146903
90	92	0.37167915792494377
90	81	0.3701958211899813
90	127	0.3417300337692011
90	61	0.3408907019832454
90	52	0.3408465115536117
90	144	0.33753680741525155
90	175	0.32406280220300265
90	39	0.3178736765612888
90	37	0.3148499651938754
90	106	0.3024099383450836
90	7	0.2981883812443265
90	188	0.2956625996353303
90	129	0.29103804737599903
90	45	0.2774155891145311
90	124	0.26658134317491833
90	126	0.253958781651051
90	199	0.25167473880830626
90	128	0.243818530284418
90	110	0.24363981702796875
90	76	0.23600573718102186
90	122	0.2312976221798398
90	109	0.2287310008412336
90	186	0.22600937396920145
126	128	0.7176391071087352
126	141	0.4989822022330746
126	115	0.4585076122918288
126	127	0.4188198764443332
126	124	0.3976294319301428
126	143	0.383426016026484
126	34	0.36521463364158735
126	156	0.3631589728922348
126	130	0.3577558595230039
126	136	0.3452492667398161
126	104	0.32330185697613345
126	150	0.3156965317250294
126	152	0.31405698052843284
126	120	0.30312751986387443
126	52	0.2941195637660086
126	33	0.2832021268232694
126	129	0.28167454780587897
126	118	0.2798137594934324
126	149	0.27532821223268233
126	31	0.26602389344591115
126	43	0.24674142285326106
126	39	0.2263509572767105
128	127	0.5864907840031928
128	129	0.5220910041513461
128	124	0.4898249474554314
128	115	0.4307930199927826
128	130	0.4031461632900829
128	143	0.3824105016066308
128	141	0.3617865639726878
128	39	0.3224060917628892
128	34	0.31762194639150704
128	156	0.31053735142235744
128	119	0.3054504832438727
128	157	0.2998001470118142
128	33	0.29098312860575903
128	152	0.2629547469973725
128	120	0.2628709680828002
128	144	0.2611106967956608
128	52	0.2525830768069349
128	136	0.24562354392916835
128	77	0.24237894902077994
128	43	0.2338988399474529
128	149	0.2293374285475163
128	150	0.2286362304609317
128	62	0.22543994496203
91	92	0.6035928238065571
91	175	0.5556374869770524
91	61	0.5471819257502256
91	81	0.43953151964604426
91	144	0.42240851267131385
91	183	0.418597211994548
91	67	0.39099156087720094
91	122	0.3754736924869633
91	60	0.3744939913229491
91	52	0.3678981035551115
91	156	0.3432482792887641
91	35	0.3312930301223065
91	65	0.3281021824730936
91	199	0.296018466197478
91	171	0.28571122529713344
91	37	0.2736268345771601
91	140	0.2657636893102939
91	157	0.2607845295795605
91	146	0.2594792658819369
91	105	0.25811705184359623
91	72	0.24485286023626765
91	45	0.24070279828948904
127	129	0.7168622251591675
127	143	0.5406191303662311
127	124	0.4344913444064972
127	156	0.42265495274893145
127	39	0.4059479040701733
127	141	0.34788893362309925
127	52	0.32156354561428235
127	34	0.3095340471247322
127	130	0.2972770261033064
127	33	0.29629215380459273
127	157	0.2946219039791252
127	106	0.29206284537923904
127	43	0.2834412563145605
127	115	0.2591061589722021
127	38	0.2508315542052666
127	140	0.2482997201503483
127	77	0.24642209572866344
127	31	0.2446554402018739
127	119	0.23007627161928665
127	16	0.2272995074994161
129	143	0.5740683617181018
129	39	0.3489608255677287
129	16	0.3462265830723681
129	157	0.3435834641881381
129	18	0.33211180567097776
129	124	0.3173881568522517
129	156	0.2934799866144189
129	106	0.2845812347725262
129	43	0.2800073060122213
129	115	0.2777478505300885
129	117	0.27696323777142123
129	118	0.2693566365970647
129	119	0.2598895940325863
129	19	0.2562119651475973
129	52	0.2537810271380771
129	77	0.2394306017437268
129	130	0.2382613406926681
129	56	0.23334104114948995
129	184	0.2263509572767105
143	130	0.5257620249657415
143	157	0.4238534020375619
143	141	0.4232133188832679
143	39	0.3895674557641604
143	118	0.34204795405426663
143	120	0.3193202546709993
143	33	0.3131733680079984
143	44	0.3129659109069864
143	34	0.30318200569524184
143	115	0.29910829840601233
143	43	0.2903697388032257
143	156	0.27978610813352384
143	119	0.26921751392671783
143	149	0.2622657805067817
143	18	0.2562773688545097
143	124	0.2530885567791593
143	16	0.2507753283472561
143	38	0.23993957930021295
143	52	0.2374405593279715
119	120	0.7156057440201136
119	154	0.6322405906565924
119	16	0.47571404545649604
119	18	0.4092416702865335
119	44	0.4013775931101213
119	115	0.3893468917574187
119	43	0.3724201158585243
119	157	0.3542890712312752
119	33	0.3542628365748233
119	116	0.3203795358428791
119	152	0.2798045424250421
119	130	0.2778309055055509
119	121	0.26822477987057725
119	47	0.265522036505903
119	46	0.2638295340250508
119	124	0.2629175124137107
119	151	0.2602066015244391
119	56	0.2600853993970467
119	146	0.249247212934817
119	117	0.2445144134701511
119	34	0.243037713855222
120	115	0.4966579842290659
120	43	0.4910780515549206
120	33	0.4904099817562792
120	16	0.4831228683350443
120	154	0.44972858627139256
120	116	0.4238616054857268
120	18	0.4206158398418094
120	44	0.40752523190606577
120	152	0.4062735829489652
120	47	0.3766928493453179
120	117	0.346420196295453
120	11	0.3395554874738685
120	77	0.3382011907780303
120	34	0.3049335743012017
120	121	0.3025643836025753
120	12	0.2735435709749149
120	118	0.26434117641829125
120	31	0.2634945603924728
120	130	0.2630478300295029
120	157	0.25814505289438777
120	124	0.2504848011331201
120	46	0.24039189309122144
120	136	0.2353068322927853
120	111	0.22482288968785227
154	152	0.5001003850303067
154	146	0.41884461383084337
154	151	0.3911016816071767
154	18	0.3803510406535197
154	16	0.3706444714116219
154	47	0.3653966095192476
154	65	0.3507599000457191
154	117	0.34980364025241056
154	46	0.3496017674092723
154	184	0.31464275020708804
154	115	0.31375949819823484
154	157	0.30963350449203625
154	161	0.2851692962407525
154	43	0.28408489124450137
154	44	0.27129390741417525
154	60	0.2586116731934749
154	56	0.2558288391970143
154	63	0.2508877783709163
154	33	0.2502129767595804
154	189	0.24858120334893594
34	33	0.6932313127895902
34	62	0.6224225502286218
34	141	0.5515108543001291
34	35	0.5063656078222752
34	150	0.5038927280136515
34	130	0.45697409485183
34	36	0.4527230268095633
34	43	0.4111297363201383
34	52	0.4106393437436586
34	44	0.405363093574449
34	156	0.39972366228901385
34	39	0.3804793332960025
34	31	0.34805592750805203
34	115	0.3374216134037389
34	136	0.3370582430259306
34	124	0.32169802865946673
34	122	0.3162096306877483
34	144	0.3130470933305823
34	38	0.31243360179815505
34	37	0.310736122481208
34	157	0.3103475900740617
34	152	0.30889193215724714
34	149	0.3060759743171648
34	166	0.29843435403097657
34	16	0.26933808755709465
34	45	0.26075656961794924
34	140	0.2558568755299818
34	92	0.25573538164590864
34	65	0.2530885567791593
34	146	0.2488720252182923
34	175	0.23520292022715594
34	77	0.23314246551059306
34	5	0.22762191644816104
34	135	0.22492732711814928
39	157	0.4258202334102374
39	130	0.4004795890337132
39	37	0.3984625756148436
39	38	0.3619343036666863
39	141	0.3411999928038437
39	52	0.3270666640296455
39	36	0.2802469034999009
39	16	0.2781815362659899
39	156	0.27297912077185904
39	33	0.2653640147063373
39	124	0.2578743579090074
39	115	0.25518388484332705
39	136	0.2482809531121744
39	18	0.2440630584338949
39	43	0.24402544073773105
39	73	0.2363739807722747
33	62	0.558017785712735
33	44	0.5266948026458181
33	141	0.4897489365803974
33	36	0.47619359556635404
33	43	0.4591391971035119
33	150	0.4571164945789486
33	136	0.42028655153171
33	31	0.3988074225640853
33	18	0.3773619725554121
33	115	0.3766842682880215
33	16	0.3766413620318505
33	166	0.3656911779202722
33	156	0.3588628096312744
33	130	0.3554603166849323
33	124	0.3262537673795369
33	77	0.31302003303093523
33	35	0.3114496671898417
33	152	0.3111697104466647
33	32	0.3086024361040108
33	52	0.3080685278778941
33	5	0.2970855726163811
33	121	0.2725626025547943
33	65	0.26997791387440034
33	38	0.2680113139477492
33	122	0.2657729829822088
33	149	0.26087772629173706
33	157	0.2605328741802947
33	45	0.2574262220818538
33	151	0.2539026504995851
33	146	0.2496129489368586
33	140	0.2408817819127323
33	139	0.2376104040236352
33	19	0.2347399739126126
33	46	0.23241418857957255
33	135	0.22966899344024694
62	35	0.6200276472093822
62	141	0.5477771519135392
62	150	0.484019274213312
62	156	0.4619362550570749
62	146	0.432916257213724
62	60	0.42099438443808296
62	166	0.4105063149517977
62	52	0.3967113733823864
62	140	0.3670590929521173
62	36	0.3540704320569611
62	171	0.3509791226906537
62	175	0.34999670562252105
62	45	0.3461913774986958
62	65	0.3165245998305014
62	61	0.31549844411643113
62	37	0.3110793902953462
62	144	0.3110251955071023
62	38	0.3053416752558664
62	31	0.30060084104995033
62	92	0.2922274825952493
62	43	0.24885326387061
62	183	0.2368554276357813
71	35	0.3829482421749786
71	181	0.3441918656344421
71	61	0.3358610701551929
71	183	0.3136873719897828
71	72	0.3000094601456643
71	166	0.291779262931667
71	67	0.2785413170776647
71	199	0.2670271745985015
71	171	0.23498563217157406
199	156	0.4527786779761226
199	52	0.4213152096002623
199	61	0.42119182777966796
199	147	0.4021407095536919
199	81	0.39163518495356464
199	181	0.3653272886676071
199	35	0.3605430935154415
199	122	0.3487061141591777
199	106	0.3462441854935407
199	135	0.3326188396293112
199	183	0.32118692407899463
199	43	0.2976234049783563
199	114	0.292428682338514
199	77	0.29058948798451256
199	32	0.28499473787513113
199	148	0.28265015516455977
199	166	0.2757625273549833
199	188	0.26809484722681953
199	60	0.2648991620976483
199	140	0.26437838097458155
199	124	0.2608404481902789
199	187	0.25389329514139125
199	192	0.2478211024861457
199	175	0.23362468687267865
199	92	0.22748916586181495
81	61	0.6319223399717321
81	80	0.5399535252151996
81	183	0.5358102648558158
81	79	0.4926472578247877
81	185	0.4772290753513224
81	92	0.4471561336066323
81	74	0.384005894199008
81	60	0.35365928562638466
81	175	0.34683372566755943
81	187	0.3400419827081535
81	32	0.33970587814326114
81	181	0.3392015585929766
81	67	0.3363932812468681
81	76	0.32784337665729196
81	105	0.31243360179815505
81	189	0.2772402021599031
81	57	0.2598616200925231
81	45	0.2428212872470597
81	164	0.2412302819441676
81	7	0.22754606000594355
144	140	0.4466759740051582
144	175	0.4456267310933015
144	124	0.4183002477616732
144	150	0.41032337182851697
144	157	0.4091833921292681
144	92	0.3899830126327909
144	36	0.3769931456152839
144	130	0.3645731628747221
144	166	0.34755487962782905
144	141	0.3146247300948977
144	61	0.3013647448538369
144	156	0.2987440411541629
144	146	0.2977418850337172
144	122	0.290763434350892
144	72	0.2801178938048733
144	32	0.26345733717550235
144	52	0.2599828373488701
144	37	0.2437150667322669
144	35	0.2435363438949153
105	4	0.6323366244348247
105	107	0.6010759170815037
105	1	0.42808529157783387
105	8	0.4170701949150949
105	13	0.39526107866499227
105	164	0.3420744438783488
105	183	0.3156425105598452
105	102	0.2891147513279009
105	61	0.2866476885408001
105	175	0.2806707212037682
105	10	0.2699501002913565
105	171	0.2572394661211307
105	191	0.2512719315161583
4	107	0.6714561068816042
4	8	0.5129316222524807
4	1	0.3989335579135384
4	164	0.32468020252940777
4	30	0.27445924487945217
4	10	0.27439451658738545
4	175	0.23861973620927665
4	74	0.2346738300257324
92	175	0.550724069876566
92	61	0.5337324705898104
92	183	0.4646927925830753
92	60	0.4417153736821021
92	35	0.4215701492781964
92	52	0.37420163766426295
92	67	0.3419596507144506
92	166	0.3406608953026755
92	65	0.3251721351547201
92	32	0.31661457819993505
92	36	0.3163536252364391
92	37	0.3143183534979287
92	157	0.2975504896177017
92	156	0.2802745471176738
92	122	0.27843984834830343
92	146	0.2734973116465175
92	164	0.2683268629596529
92	45	0.2519650806927853
92	151	0.2505504079981745
122	52	0.6348983195030766
122	156	0.5720131946459317
122	124	0.42645858941783205
122	150	0.39271831740411495
122	140	0.32149181601829496
122	72	0.31405698052843284
122	106	0.31056445816642075
122	36	0.2956169697794574
122	16	0.28381827351215105
122	157	0.2780246842942464
122	152	0.2743482805706151
122	43	0.2526860561421516
122	32	0.24873131055909675
122	61	0.2473986922921633
122	192	0.2384405465692945
122	115	0.23347341409849146
122	139	0.2286646620301322
52	156	0.6883957122398222
52	35	0.4130972200102243
52	43	0.3810436469204579
52	38	0.3565169757283614
52	140	0.3556000924083058
52	124	0.3305361089673373
52	150	0.3268880468686272
52	141	0.324000151950906
52	77	0.31796356933610936
52	61	0.30230090860150266
52	37	0.2905345535618081
52	32	0.2842779318379403
52	175	0.26255443419401625
52	31	0.2603557621170786
52	152	0.2601413398591229
52	72	0.25407103882193555
52	45	0.25388393973569195
52	157	0.2480088101202929
52	104	0.2463093792580166
52	115	0.23897806673639616
52	181	0.2356185362065137
52	106	0.22819075165017694
52	60	0.22774517727428395
52	5	0.22476592163936104
181	110	0.4893763756744061
181	79	0.4657349484824132
181	114	0.40519594387294017
181	135	0.37870760298830336
181	183	0.32276446725159724
181	106	0.3187543791254622
181	147	0.3178826660959706
181	191	0.31539938999868083
181	171	0.31269526980309065
181	35	0.29577210578484114
181	7	0.2947132210817885
181	118	0.2943570539568989
181	47	0.2911295743974074
181	148	0.2833952726102039
181	32	0.2733030086533813
181	31	0.2728680592463401
181	156	0.27282178146388003
181	109	0.27268294054176345
181	65	0.2718218734946334
181	67	0.25957253051265994
181	175	0.2582477197031348
181	43	0.23087165223747885
181	187	0.2273658898884721
106	109	0.6649191509241498
106	5	0.5164893636323079
106	188	0.4874041574517112
106	0	0.44835540540283625
106	147	0.4381912349837573
106	110	0.4368085400333407
106	156	0.4181022219085986
106	152	0.40136920411617255
106	135	0.3971999805527175
106	46	0.3577122582058601
106	31	0.34185367873470834
106	115	0.3399181648115034
106	43	0.3332056914204111
106	13	0.3307587770329065
106	77	0.3277630476024932
106	104	0.3251810777564661
106	16	0.32012825336098816
106	18	0.2934799866144189
106	124	0.2876661588106754
106	114	0.2834780423396425
106	184	0.2793067441731329
106	101	0.26830830284615953
106	151	0.2673336174250007
106	187	0.2633828883880157
106	113	0.2567444699169755
106	73	0.2510283313788071
106	99	0.2498286060283875
106	7	0.24552957471390965
191	192	0.4056054125028689
191	188	0.3231854402156753
191	46	0.28354241587610923
191	47	0.2588169479116941
191	171	0.23951544048415396
191	147	0.2303793100688729
156	140	0.5443452790111711
156	141	0.4893687705295592
156	43	0.4765646657578364
156	124	0.4554774839005034
156	35	0.44374946161518175
156	31	0.40785874679612905
156	38	0.39746946058767424
156	150	0.37672717292801183
156	152	0.3618387094696206
156	36	0.3605343933972969
156	45	0.3555389424860619
156	16	0.3491452395826978
156	115	0.34799440601425513
156	166	0.3284055472652939
156	192	0.319867949010954
156	46	0.31859265863212605
156	114	0.31683050303832994
156	77	0.3077336050174879
156	110	0.28942630099546224
156	72	0.2761690182195169
156	135	0.2702652945104692
156	60	0.268837187976582
156	188	0.2661911470671429
156	104	0.2606260840137086
156	157	0.25672578817550595
156	109	0.2519650806927853
156	61	0.2509908516114138
156	65	0.2464033101130674
156	5	0.2330289849853892
156	19	0.2312597617731802
109	188	0.5269043224871824
109	110	0.4520947191551041
109	12	0.4391925960414181
109	135	0.4131718587968598
109	7	0.4043514241326324
109	187	0.3824019639518996
109	5	0.36911662854383415
109	186	0.3523286852040189
109	0	0.33375674136942324
109	115	0.31338981312145675
109	104	0.3105915644053853
109	13	0.3056862065186905
109	152	0.3007281851687639
109	111	0.2986529632337803
109	31	0.2844525677541821
109	147	0.2774248194948334
109	18	0.26908765596293355
109	43	0.2657636893102939
109	113	0.2617814818392547
109	184	0.2612038764827309
109	16	0.2588729278695617
109	76	0.2522834680282278
109	124	0.2503160872025004
109	77	0.24001497217273626
109	11	0.2280106373369008
109	47	0.22523111570527135
109	65	0.22488935046858946
5	0	0.5612937401515855
5	59	0.35459510100962904
5	77	0.4989070968095125
5	104	0.4933663548057512
5	31	0.4872745323905542
5	135	0.4395395877310146
5	152	0.41942164298933216
5	99	0.3874787948329391
5	147	0.3659163866926353
5	188	0.3068733187473193
5	186	0.30541421480067205
5	65	0.3021918709472852
5	43	0.30188288798779883
5	73	0.26119455873304376
5	187	0.24832787035811846
5	30	0.2311651076922692
161	163	0.6843071967761427
161	56	0.6344982236063942
161	184	0.6117730393591627
161	100	0.5086967783831869
161	101	0.4142493551609699
161	151	0.3761435313906237
161	73	0.3604386879574921
161	63	0.3298589721265862
161	162	0.3126591804849818
161	18	0.2781077254208917
161	134	0.27778476436522026
161	102	0.2642295580290927
161	79	0.2427648241551535
163	101	0.5474621011885615
163	56	0.6076958966596505
163	184	0.4842259930355887
163	63	0.4175574459069995
163	100	0.4139096545210713
163	162	0.3866966448635338
163	102	0.28849146827856553
56	100	0.4659072108400497
56	18	0.4271701010262268
56	184	0.3897710136557432
56	151	0.3816674814722366
56	101	0.3761692865813003
56	162	0.3710067165232207
56	134	0.34654338934659346
56	63	0.3392988986139078
56	67	0.27071944309981283
56	43	0.24587723774860665
56	76	0.2361662619587078
56	79	0.23564687052338434
184	73	0.5111091711777876
184	186	0.4335498582753008
184	0	0.41956996717723344
184	162	0.4089335907869122
184	151	0.4045521646302412
184	101	0.40128531047302096
184	185	0.39581782067417537
184	102	0.3827263489194423
184	100	0.3725493041293043
184	76	0.3721530810280799
184	187	0.35210969979547524
184	188	0.31878133073709936
184	63	0.31039277359156103
184	79	0.27530972824339056
184	7	0.2672036179772196
184	80	0.2488345023361739
184	30	0.24441098729158064
184	152	0.24272718118003184
184	113	0.2346454819803595
184	12	0.2286077985016993
100	162	0.5121869665662624
100	134	0.502503696418153
100	101	0.4986591957403539
100	57	0.4415865825763747
100	185	0.3855564306727065
100	1	0.2965749132213961
100	151	0.2784582976705774
100	186	0.2669064398646092
100	30	0.25932070490230746
100	102	0.250147358067744
101	102	0.37586018593553255
101	162	0.35722381692633154
101	76	0.3458744834673799
101	151	0.3071450423536225
101	0	0.2823464909178072
101	2	0.2580610484410846
101	1	0.2514499268753434
101	10	0.2267588866024155
147	148	0.6810662117373849
147	135	0.5771976167058878
147	77	0.5037136442512514
147	188	0.4847769789782648
147	187	0.4090668257992239
147	115	0.3532392503022836
147	117	0.3492681672373847
147	31	0.3344319108717959
147	7	0.3078784458892022
147	76	0.3061575406448653
147	19	0.2966296348468377
147	104	0.28468232309494584
147	152	0.284167625748663
147	16	0.2837814952071317
147	2	0.2690783800196393
147	116	0.2655127415007417
147	0	0.2648898637886783
147	110	0.2518807925577928
147	46	0.24840293552820056
147	43	0.245538971843116
148	135	0.3492418266089736
148	118	0.28872981129052416
148	117	0.2806338718322359
148	164	0.2678442353009321
148	188	0.2565109343628085
148	77	0.25487534808141343
148	7	0.23929862310245464
135	31	0.5696671869896397
135	77	0.5118770808275829
135	104	0.5108579466092398
135	110	0.4795887145293428
135	7	0.4455786447986548
135	187	0.4016376185161989
135	188	0.3767614954762712
135	115	0.3755853595714999
135	111	0.3637231147594821
135	65	0.3542278561654467
135	186	0.33929004982131017
135	99	0.3101849178013276
135	74	0.292291503502427
135	152	0.2920262569800401
135	43	0.2903239538677965
135	0	0.2735528226887549
135	116	0.25370617800339235
135	45	0.2501848547445062
135	76	0.2482058830957924
135	117	0.2246234947964537
157	130	0.5625390743934638
157	16	0.34896960780050396
157	72	0.3139938833664999
157	141	0.30778792201621336
157	124	0.3014920245836163
157	36	0.2839286034164988
157	140	0.2627406374476526
157	151	0.25750091908259193
157	43	0.2498286060283875
157	46	0.2466005498398992
157	150	0.2379311821370066
107	8	0.44533817475998494
107	102	0.38909233933293297
107	1	0.3832554060474512
107	110	0.34586567972851345
107	30	0.33258326456771176
107	10	0.323507801117747
107	104	0.297021749477842
107	74	0.26341080705103154
107	13	0.2623309644762148
107	2	0.2346265830617153
8	10	0.4620856987692076
8	1	0.44548246449585377
8	13	0.3494525361788364
8	76	0.3298144117387658
8	2	0.29162372819176435
8	7	0.2366477589264825
8	162	0.236449509531168
8	111	0.2264742931285195
110	10	0.4675653831387749
110	7	0.42739080750577024
110	13	0.42041828014671984
110	111	0.4030959136844056
110	65	0.3857862702252367
110	47	0.37553382227190185
110	114	0.3666177238786694
110	36	0.35369428213568
110	171	0.3110522931540854
110	188	0.3080413748134881
110	175	0.2992357678589911
110	38	0.2915962792835953
110	79	0.2886289782278767
110	31	0.28821641267964004
110	187	0.28291696486511503
110	32	0.2771201899120508
110	67	0.2589289060884527
110	0	0.2556045330439567
110	2	0.24489986201464414
110	76	0.2444391949828228
110	43	0.2436962545812484
110	104	0.236147377359578
110	186	0.2289679078216189
110	102	0.2267304289966132
115	152	0.5766038216356217
115	117	0.5752070067763582
115	116	0.5234281727041769
115	16	0.5119361169582475
115	44	0.4904251715682883
115	149	0.4511474336352995
115	43	0.4474601014710128
115	18	0.4099823442361554
115	77	0.3992446272298844
115	136	0.3892875015090255
115	118	0.3859735115003062
115	124	0.3840399952541184
115	46	0.3795809774792536
115	19	0.3732810981816976
115	111	0.3644430928013522
115	104	0.3589325050289479
115	31	0.35009322715975344
115	121	0.3320406276401217
115	187	0.3211062062395342
115	188	0.3130921927005012
115	45	0.2886839788740995
115	47	0.27784936160275386
115	12	0.2736730903620503
115	7	0.2694215566630556
115	186	0.2560157399526087
115	76	0.2468822854392466
115	73	0.2332086595515543
115	141	0.22992473565672905
116	134	0.3966355348670904
116	187	0.3885321148281241
116	16	0.37323806431746
116	186	0.3692030006468615
116	188	0.3674656985579557
116	104	0.36546592631827
116	111	0.3647812454021525
116	185	0.3440684452136575
116	117	0.3364819622194373
116	77	0.3304559394533909
116	43	0.3217697476438338
116	46	0.3190148897741538
116	7	0.31588558968538233
116	18	0.3097691172564153
116	121	0.30318200569524184
116	76	0.2762244411414873
116	152	0.27162737869271586
116	19	0.24970671593357266
116	31	0.2336152326555347
117	16	0.5525884776948471
117	118	0.6057117011189032
117	18	0.4829618676211951
117	149	0.4681512145524323
117	19	0.4269002795177461
117	44	0.40188080947852
117	121	0.35925479417165096
117	46	0.31772084572863085
117	152	0.3170643845592614
117	136	0.2982157135104921
117	189	0.2975687187833399
117	43	0.2892888601672007
117	11	0.25272350175393354
117	187	0.2473611401650873
117	47	0.2413150428193153
187	188	0.6651032117627305
187	76	0.6170393648370271
187	186	0.5837616385782288
187	185	0.5619304105077421
187	152	0.4266058420656256
187	104	0.4190177581287689
187	77	0.39571661647730977
187	7	0.3728334674988612
187	43	0.3710153400313896
187	2	0.3575291156434918
187	18	0.35254763203854056
187	45	0.32954701855360696
187	134	0.32705773372646496
187	151	0.3251095353141454
187	16	0.31108842256337765
187	74	0.3099408753331913
187	0	0.3064022126549936
187	80	0.2915322299636484
187	79	0.2853897639809639
187	61	0.28456285439749823
187	65	0.2830641514797632
187	102	0.2663212221370678
187	189	0.2514780298513684
187	31	0.23140173468560976
188	76	0.5447673540381239
188	186	0.5086967783831869
188	0	0.4118358158922551
188	104	0.4083504826425699
188	185	0.3959949048851198
188	152	0.3797264741969894
188	46	0.352775295808664
188	73	0.3501721937973353
188	16	0.3415357106345204
188	7	0.3372000580552619
188	77	0.3313642478288956
188	2	0.3244386440125322
188	19	0.3215366474482224
188	45	0.2760396909258224
188	43	0.2678906476526103
188	151	0.26624689471309765
188	31	0.2642946696165244
188	134	0.2476521497051496
188	121	0.2456893196333633
188	74	0.2289489562608917
76	7	0.537298572399888
76	2	0.4640260778815104
76	186	0.40673269828982095
76	63	0.39590215016126656
76	74	0.3953623261037689
76	80	0.391415040853024
76	77	0.3903306014687221
76	185	0.3832639371676922
76	45	0.3736253112567417
76	1	0.3615692667028745
76	102	0.3528365827664739
76	0	0.3473966127193633
76	162	0.3032274090405013
76	10	0.3008191386890965
76	134	0.2859499835205105
76	60	0.26581945060075396
76	151	0.2614833863321018
76	18	0.25753826642895983
76	104	0.2549127492423657
76	43	0.25321958460121313
76	152	0.24964107952746906
76	30	0.23683654955622835
186	185	0.6587544606798805
186	0	0.4431228374482879
186	73	0.4334930141338324
186	104	0.4160701672667116
186	74	0.3799232927990576
186	57	0.363358622791538
186	134	0.3508475937187365
186	7	0.3486709775072637
186	102	0.326048233510003
186	152	0.3190867463001446
186	99	0.3046433010217233
186	77	0.3019283306379401
186	30	0.2784951956986337
186	31	0.2745147242931493
186	1	0.25046605589192666
186	162	0.24816834696956094
186	2	0.23891206336851564
186	111	0.22631300632335574
72	67	0.3464113963344924
72	166	0.3068823770071841
72	61	0.2900858507796633
72	146	0.2839102156211216
72	140	0.28258574626801714
72	47	0.2465723739863976
72	151	0.2449750624657641
72	192	0.2352407070550856
72	35	0.2337003190194091
192	18	0.2683175829278062
192	16	0.2516560055174979
192	152	0.23481556426449696
192	60	0.2293942720258999
192	19	0.22503175938059108
185	57	0.5783367925981702
185	74	0.476301841901513
185	134	0.4714320419257603
185	162	0.4136610200154954
185	30	0.3756712499090658
185	73	0.3563336539203519
185	61	0.3531604778153141
185	0	0.3495403214033628
185	80	0.3170194103375105
185	37	0.28066150893844977
185	1	0.27877190469948604
185	151	0.2678999299737525
185	104	0.26535471886227285
185	102	0.2504285648461434
185	7	0.237166890116966
185	111	0.23244256789103984
185	79	0.2317518923873623
57	74	0.4992525196975672
57	162	0.4934798348528063
57	30	0.41774732619714217
57	73	0.4166653465091649
57	134	0.4062401847351986
57	1	0.27034871858139964
57	80	0.25847169976433715
57	121	0.2332559396862636
175	183	0.6522357953830988
175	171	0.4546290526520938
175	166	0.44055559874427336
175	65	0.4338015551403853
175	61	0.428526230815682
175	146	0.4180692137353032
175	150	0.34999670562252105
175	60	0.3451171394567075
175	35	0.34125300667237485
175	67	0.3282895628407084
175	164	0.2852979060914784
175	36	0.2535190418753205
175	10	0.2531915079926759
175	139	0.2499317376172344
175	140	0.2460651373828441
175	79	0.2410230732015693
183	166	0.5802171501587654
183	164	0.5290176033704199
183	61	0.5548351004668051
183	171	0.4471561336066323
183	67	0.4262867660874779
183	60	0.4009160984629074
183	146	0.3813171513981615
183	35	0.3440860774304215
183	65	0.3078241322341938
183	139	0.2906444204916464
183	140	0.2721274633185606
183	114	0.2449750624657641
166	140	0.6402161864540334
166	139	0.5965603813516565
166	114	0.5732901270270193
166	36	0.547413079342666
166	146	0.4836133356844626
166	141	0.4503266925691405
166	32	0.4446484712172
166	171	0.4431148009911675
166	35	0.4246324190025684
166	164	0.3984121007536135
166	61	0.388693421049572
166	150	0.38484106831784826
166	65	0.3423746238797008
166	130	0.2370064458323999
164	149	0.451187256036634
164	61	0.3194998501139036
164	60	0.3084757635969358
164	146	0.30625722671893624
164	171	0.2989626059586725
164	150	0.2740615889607664
164	35	0.2706082341696009
164	45	0.2520400002703049
79	32	0.4599595639242669
79	12	0.3587756847565907
79	36	0.3502862479311864
79	189	0.3074348256773141
79	113	0.2906993510829145
79	65	0.28311934302350106
79	18	0.2778955009483389
79	80	0.2776740203992311
79	47	0.27472737844597306
79	38	0.27373784633417964
79	10	0.27012624537390123
79	13	0.25624933898170904
79	11	0.253303811867244
79	67	0.2418235307158288
79	61	0.23583575572930685
79	7	0.23004785947590925
171	146	0.5860248097680815
171	35	0.3976041749038165
171	65	0.3953538891841017
171	67	0.3602646586239869
171	140	0.34468542834729005
171	47	0.3311683900522397
171	141	0.31562450305005835
171	139	0.2782368922439557
171	61	0.2658287439762469
171	150	0.2616883323555076
171	114	0.2605888006632746
171	10	0.2586676595248339
171	36	0.2424354233461252
171	60	0.24186119120672064
171	63	0.24168229738685784
12	113	0.64435194533129
12	111	0.5366794432319502
12	13	0.4165083199819136
12	11	0.4148125067210425
12	121	0.3193382152477925
12	32	0.2560250844880938
113	111	0.3832298122943784
113	32	0.30473401750371826
113	13	0.2970399849311197
113	121	0.29091905428342474
113	136	0.27732328249501753
113	36	0.2520493650050844
113	139	0.2424542477561587
111	13	0.5377607625762799
111	114	0.3688833920178783
111	7	0.3184219335433516
111	104	0.3039355228636274
111	31	0.2739690974016907
111	10	0.2735805775265701
111	0	0.2530323991555099
111	47	0.2519650806927853
140	141	0.5700250829258117
140	114	0.5339827192090004
140	32	0.4947194538594488
140	36	0.4871753928521394
140	35	0.3514612770781578
140	139	0.3128396180468556
140	150	0.2990718766012363
140	130	0.29474974641588186
140	146	0.28884896937975824
140	38	0.26231234072920395
140	46	0.25240518993217576
140	60	0.2360907224919421
140	65	0.2297258277862007
141	130	0.5786162458549536
141	36	0.529938758794245
141	150	0.5057779336996795
141	114	0.4403057322904885
141	35	0.3514262175864657
141	38	0.3438303865398011
141	139	0.3378026011638177
141	32	0.3317380788285481
141	124	0.2823648964230515
141	31	0.27817231008999593
141	146	0.27620596703826744
141	149	0.2439502031423587
139	114	0.4542481796027345
139	36	0.33645535855422265
139	150	0.2912760065465869
139	146	0.2670457484290652
114	32	0.4774375566336599
114	36	0.3916267187015891
114	13	0.37292817308705023
114	31	0.26554992122521826
114	35	0.22636044490767626
36	38	0.591155216144479
36	32	0.5831614275600694
36	150	0.4666271980586758
36	130	0.4413692063159143
36	35	0.3551807175425842
36	61	0.3337211966374068
36	124	0.3138496508670377
36	146	0.3102481813997591
36	65	0.3063025363506324
36	67	0.27835682385539146
36	46	0.2665163165544597
36	151	0.2642295580290927
36	13	0.2620981535964201
36	43	0.26151133490601103
36	47	0.2548192449101054
36	152	0.24296243777821705
36	16	0.2324047287211373
36	10	0.2312408313071739
61	35	0.6227348720456842
61	37	0.5702613107783276
61	60	0.5153445897597259
61	67	0.467252771643926
61	45	0.4065991586386269
61	32	0.3558446616514357
61	146	0.3140840213200437
61	65	0.3117566543658887
61	151	0.2634201131739852
61	150	0.2491065263019829
61	152	0.24609332073323234
61	74	0.2445896290148163
61	30	0.22784946919591034
80	45	0.4164421961132125
80	1	0.3009282756904086
80	74	0.2709325733515183
80	162	0.2560998390492999
43	77	0.6357868654270148
43	16	0.5745508829661643
43	18	0.5452102359548203
43	31	0.5235225492649723
43	152	0.4986892487011506
43	44	0.451330601804243
43	46	0.4110632563465355
43	45	0.4026770724605306
43	35	0.3922361192923493
43	47	0.37725047935409495
43	65	0.3604734908137906
43	38	0.34845135123015114
43	104	0.3444651113779965
43	124	0.2849487983205737
43	151	0.2601040464117483
43	60	0.25657632733835944
43	7	0.2562026215693691
43	0	0.2439690128165515
43	32	0.2359207482597612
43	118	0.23459823435118746
77	31	0.5405695873245262
77	104	0.5045117254460997
77	152	0.4771595696493298
77	7	0.3937074160994091
77	65	0.3764525553075942
77	0	0.3715671114132156
77	2	0.3548223882515508
77	45	0.3329923206092501
77	16	0.3048428699840985
77	99	0.2904704609813121
77	60	0.27560544763781136
77	30	0.26370857866021763
77	11	0.25218046633453106
77	18	0.2480557341198807
77	124	0.2377802341914483
77	46	0.2294795343095051
16	18	0.6211221450874449
16	46	0.4743357006282012
16	44	0.4638220365214231
16	19	0.4398622529644752
16	121	0.4300516097382943
16	152	0.4071415553432373
16	151	0.4065908118334473
16	124	0.40405024033007897
16	47	0.3106457753678794
16	136	0.2467508140167913
16	11	0.2428589283943352
16	118	0.2359868510660393
31	104	0.5654168059339952
31	30	0.35563503385425105
31	65	0.35114570617439017
31	0	0.3488817827146851
31	152	0.34307183105425304
31	99	0.32137524755550634
31	7	0.31642561704499994
31	35	0.3003006303661264
31	63	0.2968302641399709
31	2	0.2827329628579122
31	47	0.26083112854336393
31	73	0.2466193335106317
31	74	0.24514425270278556
31	44	0.22787791154006626
152	151	0.5211228625551294
152	46	0.4615349869610265
152	0	0.4130142815156527
152	65	0.3802483959987874
152	104	0.3802398418546872
152	47	0.3587321199747264
152	99	0.32535097613801844
152	60	0.3008464236782269
152	150	0.29491409976000543
152	124	0.2857387761338499
152	136	0.2601133698463477
152	146	0.2467226403871703
152	35	0.2445238155741774
152	44	0.240250556235186
152	18	0.2377707995634126
152	45	0.23630789076496056
152	73	0.2287689077795639
35	37	0.5692752795529185
35	60	0.4588234626548533
35	45	0.4107307908988224
35	150	0.388693421049572
35	67	0.3807444250181648
35	146	0.3692461843068643
35	65	0.2942383134035701
35	38	0.27951878772841066
35	32	0.2614088546580635
35	44	0.2517215712102329
37	30	0.3237584743613986
37	99	0.3204333762250339
37	150	0.3150751648380131
37	45	0.3108445316057541
37	134	0.28257654478905525
37	146	0.26145543731970394
37	60	0.2558849114325554
37	74	0.2372329516507617
60	45	0.3794868225373277
60	151	0.2773602057572901
60	65	0.2715718046730283
60	67	0.2569686358463845
60	146	0.2529949597923959
18	44	0.6119794898093415
18	19	0.3691857267364259
18	46	0.3405636571423062
18	136	0.3338011709498322
18	121	0.3286107262170384
18	47	0.3269505655322998
18	118	0.3151472212328451
18	151	0.2953157789077679
18	45	0.2843698478304121
18	7	0.2289679078216189
46	47	0.4579545953497912
46	151	0.41189394160473497
46	44	0.3499616050388941
46	0	0.2678999299737525
44	136	0.4295950686944816
44	149	0.41713627690628863
44	45	0.349794863847578
44	47	0.29525188238564576
44	118	0.2791131153928377
44	19	0.26547556098652153
44	130	0.25639882665565805
44	38	0.24707008599124394
44	121	0.22514567958863696
19	121	0.6193808823818594
19	45	0.36331522347753625
19	189	0.2734417987823956
19	124	0.26663707834662226
19	136	0.25566995851582464
121	136	0.36911662854383415
121	124	0.3132815946332238
7	10	0.4077003407865469
7	2	0.34364519923147696
7	38	0.2807075697479066
7	13	0.278762681811524
7	1	0.2628616590697884
7	63	0.24935037644689986
7	11	0.2442887491833376
7	74	0.2408535224295106
2	1	0.5110205136507556
2	104	0.4201053957572065
2	10	0.4037322290249691
2	102	0.3484777084042922
2	30	0.2849120457343957
2	74	0.27745251032844714
2	0	0.2564361966580407
73	0	0.4440947228724045
73	74	0.3462353843134273
73	134	0.3435570054033279
73	99	0.31115164686602426
73	30	0.2966934742813478
73	63	0.2742280609909046
73	102	0.2342107619997036
73	59	0.23338831819579256
73	162	0.2283613718567777
73	104	0.22610426380057386
124	150	0.4050454859764054
124	136	0.3663320441497088
124	151	0.2842963154545661
124	130	0.27857821325594784
118	149	0.571575711459195
118	11	0.31174762625985863
118	136	0.2735435709749149
149	136	0.5676915066579166
149	130	0.22516466569160087
150	146	0.4291383079347193
150	130	0.35158397753583176
150	136	0.3380594839184419
38	32	0.307380495645525
38	45	0.2932606424896941
38	130	0.2457456970077096
38	10	0.243414050317427
32	13	0.3274863223650282
32	130	0.29618268459778285
32	65	0.2918890428707656
32	11	0.28509580028640763
32	47	0.24263307054447295
11	13	0.4262131180987369
11	47	0.28634477497419364
67	65	0.4961003145456855
67	47	0.37217031094152003
67	146	0.30506055105178265
65	47	0.480696740869349
65	146	0.3978651351154382
146	47	0.3409437285103648
146	189	0.3265486099231415
146	63	0.2742465568688717
74	30	0.3396262617168489
74	63	0.3287088443189177
74	134	0.2990172422601685
74	1	0.28705148415119514
74	0	0.2665627643881162
74	104	0.25614655909463313
74	162	0.2326885053399361
151	0	0.2758087244693985
151	45	0.24340464279852694
151	134	0.2398547588589361
136	45	0.305432349133048
104	102	0.4229013303390026
104	0	0.41458065923500015
104	30	0.408200486640022
104	134	0.33773172809646873
104	99	0.2627871852039861
104	59	0.2362323566507161
0	99	0.5170903647254012
0	102	0.4314524678121717
0	30	0.37200661640892896
0	59	0.339812025805636
0	1	0.3134709716464075
0	13	0.2882255819662069
0	63	0.26601460110831043
0	10	0.2595445516317498
99	30	0.3338633698708645
99	59	0.28212560864419184
59	30	0.2293374285475163
134	30	0.4222606186392893
134	63	0.3269416344698229
134	162	0.3255387341228258
134	102	0.3115670523200625
134	1	0.2489376884643173
63	30	0.33737730532351023
63	162	0.30416241141851297
63	10	0.28827142760616936
63	102	0.27620596703826744
13	10	0.49138152886522907
13	47	0.2491440437656712
13	1	0.2322249830582964
10	1	0.4302879463847109
10	102	0.3331968016511181
10	30	0.2340595330828495
30	1	0.3640701464499107
30	102	0.34241876210491984
30	162	0.26214471821405033
162	1	0.2705711629210053
162	102	0.27041360116335433
1	102	0.48891993524872296
