15	115	0.7957805679239378
15	75	0.6310264926440341
15	77	0.5956643180572565
15	116	0.7568886196168566
15	43	0.6836526260531296
15	186	0.6268498709486331
15	16	0.6002193593126595
15	14	0.5736324095209138
15	20	0.5212976641203406
15	76	0.4940998954792761
15	152	0.4535415379613253
15	17	0.4362176369583745
15	150	0.4350752380795204
15	148	0.4291383079347193
15	121	0.382743419199612
15	119	0.3749151935804856
15	188	0.3748034611176984
15	117	0.34298359785564103
15	106	0.3223971311908801
15	53	0.3154083952025261
15	157	0.3139758550964628
15	187	0.29696704181812555
15	118	0.2759750235301419
15	78	0.2676492898508654
15	18	0.2620981535964201
15	46	0.2535658276869972
15	3	0.2427836453685715
15	25	0.23993957930021295
15	29	0.23095685331212004
115	116	0.7607739889921644
115	16	0.6273959160570882
115	43	0.6415832394197437
115	75	0.5797393400308807
115	77	0.5411497133511742
115	14	0.540951679393297
115	186	0.5392163233057927
115	152	0.5352111531657012
115	17	0.4869160454574818
115	121	0.4733275722113825
115	20	0.4611571502665254
115	76	0.4550573361762146
115	119	0.4303857236095417
115	118	0.39684618403808536
115	150	0.3925237722008781
115	117	0.3882943569860923
115	188	0.3788617769762622
115	148	0.3750097279271829
115	46	0.36064749003953306
115	157	0.3568399045047029
115	78	0.355224409099522
115	106	0.32993026568976896
115	53	0.3081590344675823
115	124	0.3050968281315028
115	125	0.3039899792623645
115	3	0.2871799431903083
115	45	0.2868312446356974
115	133	0.28281576633712824
115	18	0.27655694008408466
115	151	0.2719978258503803
115	19	0.2624333915912817
115	74	0.2596005089578206
115	54	0.2573795348939581
115	128	0.25638948403528705
115	80	0.25578211101908066
115	29	0.2533131702153276
115	11	0.2515904375147222
115	51	0.2463657383264243
115	58	0.2458584467685245
115	88	0.2435269369715144
115	120	0.24107016802789236
115	135	0.2347116267986557
75	186	0.6415950066876865
75	116	0.6281230175289048
75	77	0.5405129621141567
75	14	0.5177713713629128
75	16	0.4941754782738078
75	43	0.4891634034837543
75	76	0.4194298838096221
75	150	0.3947293720644883
75	148	0.3809752603768118
75	20	0.3784934375783882
75	74	0.3573982826882643
75	152	0.3510843358974842
75	157	0.3267987295287664
75	188	0.3232749924383026
75	78	0.3232570824569227
75	184	0.3112871182400849
75	53	0.3064112738040705
75	3	0.29174266791011083
75	106	0.2686701891152499
75	17	0.2645550918695504
75	151	0.2614274878688573
75	18	0.2433199730677573
75	192	0.2418423610523537
75	125	0.2346738300257324
75	73	0.231855981750064
77	76	0.6132850735257843
77	78	0.5181299176435961
77	188	0.4665802612011292
77	116	0.5463757380734434
77	43	0.4493535672569394
77	186	0.448555127369681
77	16	0.4255991651742899
77	20	0.4250257887025359
77	14	0.41124606575125777
77	187	0.3804622284563054
77	74	0.3769330926988432
77	117	0.33052720147908843
77	119	0.2878771119312659
77	150	0.2784490730351264
77	88	0.2718867001618723
77	17	0.2650758206065961
77	184	0.253331886769258
77	152	0.2499973638578388
77	80	0.2442229254473537
77	124	0.23948716131035036
77	148	0.2368082321015748
77	121	0.2341635041803803
116	43	0.7055666452657194
116	186	0.5864251772996109
116	16	0.5335894293926036
116	76	0.52035759158593
116	20	0.4844479641633749
116	14	0.4808812629324054
116	148	0.4068161517464319
116	121	0.4002696639957216
116	150	0.3591589874267287
116	17	0.35126843767708354
116	119	0.34018347444084474
116	188	0.3360828508640845
116	152	0.3328233778607829
116	125	0.3316490808917387
116	53	0.30671026056428
116	78	0.30661966490431364
116	117	0.30412611156779124
116	118	0.30339992919528297
116	80	0.2957538552996551
116	187	0.2880880371185619
116	124	0.2862529716787757
116	157	0.2702004063160424
116	184	0.2520868234721131
116	151	0.2465066287072301
116	25	0.2350801081264772
116	3	0.23388938701201614
116	19	0.2310325846272578
16	117	0.4438618867281899
16	43	0.45344621676512703
16	119	0.4150608549834829
16	78	0.4051123588616812
16	188	0.3840570453887984
16	192	0.3740382311527721
16	17	0.3732552780559082
16	14	0.3659250477129225
16	186	0.3540879246156697
16	121	0.3362868562040587
16	89	0.3230779699077026
16	148	0.32134834575763954
16	135	0.314102048231353
16	20	0.307154098945035
16	21	0.2962556649337738
16	58	0.2954709451767788
16	118	0.29162372819176435
16	76	0.2811588972307156
16	29	0.27472737844597306
16	152	0.26203296108139623
16	87	0.26197707987926183
16	19	0.2512250878068503
16	147	0.2488157406149962
16	179	0.24733297558210104
16	53	0.2392232027652584
16	187	0.23653447596946384
12	108	0.7957072095919459
12	9	0.7692548717426577
12	113	0.7682322899522249
12	112	0.7498358587279399
12	70	0.4727220992089408
12	103	0.7114925015564768
12	3	0.6348684733494432
12	11	0.5965410575344854
12	106	0.5085485177836936
12	110	0.4442231585256319
12	20	0.3951429445134707
12	13	0.3885321148281241
12	102	0.3868922345764071
12	10	0.3775592029602496
12	173	0.3735908945773309
12	170	0.3352576382408288
12	7	0.3130831729394727
12	47	0.3043076019878287
12	64	0.29114787916224194
12	192	0.2864090341529582
12	111	0.28415843323493634
12	150	0.2809102219469787
12	104	0.27937128205320305
12	0	0.2733677787967266
12	45	0.2635410883102736
12	50	0.25826638576902833
12	147	0.25815438648160993
12	176	0.2568378757462378
12	153	0.25670710624219195
12	66	0.2516560055174979
12	89	0.2511313968578853
12	2	0.2432917490000202
12	69	0.24234129855797
12	109	0.2358168680102949
12	94	0.23553353085266215
12	52	0.2346454819803595
12	122	0.23396500925724706
12	67	0.2335679609072505
108	103	0.7181528099025943
108	102	0.4630917934581785
108	112	0.7205557935817372
108	9	0.7199012654628606
108	113	0.6717360757992739
108	3	0.618165156924859
108	11	0.6094525825857076
108	106	0.5061424957747238
108	20	0.4009580609358006
108	70	0.395007918049318
108	150	0.3546737821067133
108	110	0.3332945858548222
108	6	0.3222806384974641
108	10	0.3172172862461705
108	109	0.3039990551356995
108	13	0.2911387268064708
108	111	0.29068104109871745
108	47	0.2898660314321254
108	153	0.26989447177380665
108	0	0.2616883323555076
108	173	0.2577623343451206
9	3	0.6918522922506015
9	112	0.7106520625093744
9	103	0.6615809817229835
9	11	0.5977378263659442
9	113	0.5746580557183192
9	106	0.5660831342613675
9	70	0.4209861567661625
9	20	0.399564008176782
9	110	0.37934985586192543
9	176	0.3265039408935804
9	104	0.3113142109969686
9	0	0.3053688780005149
9	150	0.300118655532841
9	10	0.2995543947597145
9	47	0.2958086061074482
9	109	0.28705148415119514
9	45	0.287023955870779
9	52	0.2806891455792673
9	69	0.2799427930342387
9	192	0.2692360642654377
9	102	0.2661539809805025
9	50	0.26375510093603977
9	14	0.2615392830413914
9	122	0.26133431986664163
9	153	0.2612970513021489
9	168	0.2562026215693691
9	89	0.2549127492423657
9	43	0.2489189277703697
9	147	0.2469292373164849
9	170	0.2463939172358357
9	51	0.2440160361989392
9	144	0.2323952688187317
113	111	0.5344757925531789
113	3	0.6635333198742054
113	112	0.6607310442792872
113	103	0.6131727624734864
113	11	0.5494687614429281
113	106	0.5246975488197537
113	13	0.4743976987268847
113	173	0.4556597490634053
113	20	0.41713627690628863
113	110	0.4131138068869187
113	70	0.3950332368116173
113	158	0.3765898723912601
113	64	0.3748722208450837
113	102	0.3286018060378199
113	170	0.3275845216251045
113	10	0.3118108218199073
113	109	0.3008009484227434
113	141	0.2754853179215553
113	6	0.2733955366708005
113	169	0.2696626668943956
113	150	0.2641458395917793
113	176	0.26376440524396616
113	0	0.259208771086993
113	5	0.25090651938332936
113	180	0.2432823408858827
112	103	0.6238722477059755
112	11	0.6105451304297542
112	3	0.5173027919555301
112	106	0.4947496633681022
112	70	0.4661342299969829
112	109	0.4381669950118649
112	110	0.40122658091643343
112	176	0.3968209083439897
112	20	0.3941889548317872
112	150	0.3803938064944761
112	7	0.3579128113483264
112	102	0.33500908626673864
112	0	0.30825858527370026
112	50	0.2900217399639907
112	144	0.2791315572072645
112	69	0.2726921969566618
112	147	0.27161811648188605
112	51	0.2405237982943909
112	40	0.2375726620131035
70	98	0.5414749245881313
70	176	0.6321685525712268
70	198	0.4913587722039771
70	36	0.4824709973483449
70	96	0.4659698429431272
70	32	0.4301412616143157
70	103	0.4146220645205235
70	38	0.3935891103534119
70	109	0.3916267187015891
70	197	0.3901186702869416
70	11	0.3882943569860923
70	177	0.3728506872745671
70	102	0.36528396107759775
70	52	0.3586624130730989
70	71	0.34719435397571097
70	199	0.34356582505886746
70	106	0.32703987294486103
70	142	0.3266111441139826
70	66	0.32046926866302544
70	39	0.31737916417613143
70	13	0.3168125105556741
70	50	0.30875623800490337
70	37	0.30864767363277396
70	0	0.3010283110176426
70	3	0.28406650522454874
70	2	0.26247063634889023
70	95	0.26176285233260466
70	97	0.2588076177496717
103	11	0.6913358116626893
103	106	0.6231448757745315
103	3	0.6766180918486658
103	110	0.4124916114885285
103	109	0.375808661026387
103	173	0.3717222498542675
103	13	0.3583661141193026
103	6	0.3248591074628614
103	20	0.32243297313223945
103	176	0.29098312860575903
103	102	0.26214471821405033
103	10	0.2611759230876459
103	153	0.2534909698189627
103	150	0.24095713853777986
103	45	0.23868574935003056
103	5	0.231619407341263
102	0	0.3719118353122916
102	2	0.36226447959277136
102	141	0.2889497884660055
102	13	0.2863172345375247
102	11	0.285894888618898
102	10	0.26603318573407225
3	110	0.4464998509742815
3	5	0.3387324548825207
3	106	0.5875001555279519
3	11	0.4930258138856175
3	20	0.3905594406917848
3	109	0.3598294755818437
3	150	0.34326592278001505
3	13	0.3359054292773085
3	17	0.3229077915445647
3	0	0.3092718088769361
3	10	0.3082857343219625
3	152	0.3012010837053977
3	176	0.2976325191543182
3	158	0.2935896470916087
3	173	0.2745609557418574
3	111	0.2721922783488578
3	6	0.27165516502329595
3	14	0.2647410841467029
3	192	0.262461325232801
3	186	0.2582477197031348
3	25	0.2350234230864479
111	6	0.6191219407605526
111	13	0.50095478310508
111	158	0.4562459082133365
111	105	0.4478519074682751
111	169	0.4153174165546429
111	174	0.36654847453221095
111	193	0.34136786260649343
111	191	0.3382986053486089
111	173	0.3046160849992218
111	194	0.3034362466938331
111	183	0.29857098845394103
111	180	0.2883814517497064
111	8	0.2841308553803056
111	10	0.27959253561892417
111	55	0.2763814627764081
111	64	0.27631680859557617
111	166	0.27482907310777754
111	196	0.2734325464612693
111	189	0.2727384782738815
111	165	0.26921751392671783
111	160	0.2433858276233382
111	17	0.2384594094014537
8	105	0.7682322899522249
8	4	0.6865868864310064
8	1	0.4219318847442921
8	193	0.4493216434282893
8	6	0.4466199386129759
8	55	0.3790416200534571
8	13	0.3543502832608829
8	107	0.3401215737026531
8	44	0.29058948798451256
8	73	0.2768155046076293
8	10	0.26124114699469925
8	88	0.2344375841220961
105	6	0.6765855592505092
105	193	0.4462756443425747
105	4	0.3949066369996247
105	55	0.3945942933388618
105	154	0.3254493287593743
105	73	0.32468020252940777
105	13	0.3187274269983634
105	1	0.2783014718822851
105	153	0.2664327073344246
105	83	0.2642760665516408
105	117	0.2544919422290643
105	191	0.2504191919673323
105	184	0.24667568341100596
105	180	0.2431882572270457
105	194	0.2346454819803595
105	44	0.23220606153927306
4	107	0.687753317208803
4	1	0.3765297982029641
4	44	0.3475988391441576
4	146	0.33806834104635264
4	138	0.3235973324913004
4	149	0.3032183284815828
4	42	0.3029549683237047
4	134	0.2997182340133911
4	136	0.29329720198863873
4	154	0.287473525058497
4	140	0.2773325133873877
4	143	0.2739505984816571
4	131	0.2660703543922921
4	33	0.2534722548775195
4	34	0.23474942286187836
4	127	0.2327736306023693
1	13	0.3696865665381005
1	0	0.36835627919664
1	10	0.28525197518107803
1	142	0.23999612422600036
1	39	0.23173296647843505
6	13	0.4894296096041243
6	73	0.4210848842568372
6	55	0.3624121604523889
6	17	0.35085636274763005
6	158	0.3439890972353188
6	193	0.30306395055563673
6	83	0.2939003098096372
6	154	0.2901041676773749
6	58	0.27224783212332904
6	119	0.2709603709917923
6	48	0.26868874534212683
6	11	0.2419365100023595
43	148	0.58488120444224
43	186	0.5268898748982355
43	14	0.5161446577738324
43	20	0.5127031465733783
43	76	0.4246570093085678
43	150	0.3871983051168879
43	78	0.3674051491733402
43	17	0.3626032498473297
43	45	0.3571714723357931
43	124	0.3376254113146126
43	121	0.3261375998508739
43	62	0.3115038461236244
43	125	0.3102752935293845
43	157	0.30775171090661657
43	94	0.3007918532074909
43	152	0.29290414243799834
43	86	0.29273957647400456
43	117	0.2883906200846491
43	11	0.27719404462659003
43	46	0.2682619016909763
43	80	0.2680391588219265
43	19	0.2601413398591229
43	119	0.25827571872966393
43	151	0.2477084689729915
43	53	0.24631877255177664
43	164	0.23683654955622835
43	25	0.23427692108726106
43	135	0.23218713984450126
96	198	0.7451498545569976
96	98	0.6993054698553188
96	97	0.5639932907924305
96	95	0.476000262639521
96	88	0.4620935635009355
96	85	0.4287058142417096
96	197	0.3914065728772215
96	93	0.381060742904952
96	74	0.37276458582805577
96	199	0.3565344335167995
96	127	0.3556961789925652
96	83	0.3361538128213937
96	81	0.3320406276401217
96	87	0.3256638918524536
96	177	0.31356114241450866
96	90	0.3107903280542563
96	129	0.2957356045985617
96	176	0.2947588776148372
96	185	0.2915322299636484
96	71	0.2874551777735645
96	24	0.2788456859518894
96	21	0.2765846453419807
96	32	0.2698481132995452
96	18	0.2635503937466973
96	181	0.26293612980344483
96	143	0.2622285314496205
96	120	0.25673512907022195
96	79	0.2434799016672869
96	130	0.2359868510660393
96	144	0.2341446007427867
198	199	0.6824737586722608
198	177	0.5302335523403815
198	98	0.6723776329407813
198	97	0.5304779180860439
198	176	0.4828928573166423
198	197	0.4727919842790153
198	181	0.468057509155849
198	95	0.4614798961993679
198	191	0.4074501760667426
198	71	0.3897370899845861
198	85	0.3767100112659652
198	185	0.3667389004605454
198	87	0.3666350355806223
198	83	0.3530729469566709
198	193	0.3312841276435317
198	93	0.30191015374251695
198	190	0.29386376447571355
198	194	0.2894079762410656
198	183	0.2865283657916605
198	21	0.25518388484332705
198	81	0.2529387993269452
198	187	0.2524988167306842
198	184	0.2515998045136729
198	32	0.2484686151047568
198	61	0.2465441977160498
198	127	0.2464033101130674
198	79	0.2444015846359069
198	143	0.2341446007427867
198	192	0.2309189866050409
98	97	0.5939195192938063
98	199	0.6338525764579159
98	85	0.5193724423652893
98	81	0.5022719384123315
98	71	0.4790572424221722
98	177	0.4110549460423824
98	61	0.39451830405949295
98	185	0.39446764154185066
98	32	0.3845258214235617
98	88	0.3761177756186816
98	90	0.36036907923428857
98	92	0.33889179202404257
98	176	0.33511561425314035
98	36	0.3340232966033218
98	63	0.32868208554018025
98	93	0.3179995248455315
98	181	0.305432349133048
98	80	0.3040081309538536
98	187	0.28658343893452914
98	74	0.2840756982606401
98	38	0.2791315572072645
98	129	0.2576876481188568
98	37	0.2494910448429521
98	127	0.24789618777346106
98	119	0.2449844623149243
98	182	0.2395531454170481
98	131	0.2344942856655988
199	182	0.4068995984132764
199	177	0.5184370981617248
199	181	0.4199900973728098
199	166	0.4188198764443332
199	176	0.3921599630297386
199	71	0.3832554060474512
199	97	0.3734790332655597
199	183	0.35735466858554393
199	185	0.3424805530811268
199	85	0.3413590278965111
199	172	0.3388386818029913
199	187	0.3231854402156753
199	142	0.3217966413111037
199	81	0.29872582600537445
199	193	0.2767046961461721
199	195	0.2731919683563413
199	61	0.2708213782720041
199	194	0.2467602051339762
199	196	0.2431788486094499
177	71	0.5822566110733849
177	176	0.4702100681150711
177	97	0.40050477721404815
177	179	0.29672995276770386
177	170	0.2733215146615331
177	89	0.27249780164460063
177	192	0.2681134096303452
177	142	0.2679184944668319
177	156	0.2320168366849675
44	149	0.7389262115094609
44	33	0.5438172973940285
44	42	0.5322935182201096
44	18	0.5300610058149112
44	120	0.5015088703860725
44	155	0.4746843787183549
44	138	0.4734361995537022
44	46	0.4674325375365505
44	49	0.4615349869610265
44	22	0.4530648282499309
44	129	0.4492577923283913
44	153	0.4462356015466384
44	127	0.4448008930083223
44	154	0.4426083606370232
44	24	0.4200889253896937
44	146	0.4104231630820997
44	51	0.4080921424840826
44	26	0.3981765194959789
44	136	0.3919737806458741
44	152	0.38622878926803705
44	47	0.3722306136185966
44	34	0.35365053634434546
44	130	0.3497685342646905
44	144	0.34541660831996124
44	7	0.3450995214519032
44	52	0.3416417086927604
44	45	0.3402188449676759
44	157	0.3313375416313614
44	143	0.3308033062280191
44	48	0.3295381045366058
44	17	0.3274149002773069
44	39	0.3108806661835322
44	41	0.3102481813997591
44	40	0.30555021689271594
44	53	0.3055230174714517
44	72	0.29244697194085834
44	126	0.28918806264495905
44	35	0.2874460040519867
44	178	0.2686609109270276
44	128	0.26715718724560833
44	73	0.2647782802391243
44	123	0.25370617800339235
44	104	0.2481589628215572
44	14	0.23425801871221086
149	155	0.6127357615605711
149	120	0.561005993612514
149	18	0.6038343251700654
149	24	0.5416021370710186
149	153	0.5362378717508498
149	129	0.5305713287569139
149	51	0.5252336130178161
149	127	0.5201241997781916
149	152	0.5160566209584171
149	154	0.5015986836429348
149	157	0.4885850420158614
149	138	0.4884403845041014
149	47	0.4768351307756405
149	143	0.4573300502342134
149	46	0.4509482946809101
149	26	0.4463317012547533
149	39	0.4460834226263125
149	52	0.4398057947423093
149	22	0.4322903593912235
149	33	0.4252633718048735
149	136	0.4209203328969629
149	104	0.3982606616912861
149	7	0.3906611315241333
149	45	0.3857522229417076
149	53	0.3708169831563791
149	146	0.3450466659783251
149	42	0.3434864459774606
149	130	0.34326592278001505
149	14	0.3365174329375722
149	35	0.33559488414025634
149	49	0.326968427482052
149	40	0.3260571704063584
149	118	0.3121267582316579
149	17	0.305858442142305
149	48	0.3045979407078682
149	144	0.28793213858685063
149	131	0.28632641473565196
149	10	0.2762983355130644
149	125	0.2692453393598825
149	178	0.26229371678678265
149	151	0.2610641051272196
149	128	0.2604396594899092
149	156	0.25968444167840343
149	142	0.2593113773503994
149	41	0.2509440008438769
149	147	0.2446084324410989
149	34	0.24259542501140785
149	148	0.2400715149271899
149	2	0.2361568196814415
155	51	0.7237616243801172
155	18	0.6077463506624623
155	47	0.5413335482984648
155	157	0.6573767746063438
155	152	0.5302982459671585
155	153	0.5141538363659548
155	26	0.4962209264874218
155	154	0.4586181731018162
155	144	0.4299374950826985
155	53	0.4031796616767162
155	22	0.3896437944352056
155	130	0.36686006459981385
155	14	0.3650933008806376
155	40	0.35898477395063433
155	129	0.35000548061486914
155	52	0.34124417117836936
155	127	0.3404575708398666
155	23	0.3399093202250271
155	138	0.3398562514435349
155	46	0.3346450510315723
155	25	0.32260320972690065
155	24	0.3122079878693953
155	156	0.30684614363416085
155	120	0.2953979276973266
155	7	0.2934525702881192
155	178	0.2877670529175665
155	27	0.2825029310853849
155	48	0.2776463332544475
155	125	0.2748937846913884
155	126	0.2672407616692643
155	146	0.2631595232039832
155	150	0.2611852409346816
155	176	0.2576503038509102
155	72	0.2562026215693691
155	42	0.2433858276233382
155	192	0.24194592464683304
155	118	0.2372707001136005
155	168	0.2367515959852563
155	179	0.2320168366849675
120	129	0.5524147922107365
120	18	0.5139404672661798
120	136	0.48430254184740795
120	152	0.4287384621348319
120	130	0.41825899565378294
120	127	0.4111048068424709
120	33	0.4045187105870591
120	22	0.40442670638610745
120	126	0.3863819275380509
120	24	0.3729540005354205
120	46	0.365613211057806
120	123	0.347651588546778
120	14	0.34293065503109715
120	157	0.34154454413793417
120	128	0.3368986828337144
120	144	0.3201821034006724
120	125	0.31356114241450866
120	49	0.3100674209728629
120	154	0.2993996414625315
120	34	0.2933703184129998
120	40	0.2918158570990196
120	17	0.29056202101258816
120	124	0.2848201606041644
120	51	0.26261029722406914
120	138	0.2621354053881705
120	26	0.25706203015815143
120	88	0.2526392480629516
120	27	0.2514780298513684
51	157	0.701369050159393
51	18	0.5322218480443455
51	53	0.5218290833799106
51	47	0.5132852477126243
51	14	0.4746998720660758
51	152	0.4629660967872625
51	144	0.4484592664145451
51	150	0.4441027506355245
51	40	0.4043095982907601
51	26	0.3820860248314457
51	153	0.3802056246277688
51	129	0.35274902904296385
51	17	0.3491364585760229
51	7	0.33726209731924484
51	154	0.32477860311892065
51	126	0.3243044265467981
51	130	0.3190598005327616
51	46	0.31523728661705425
51	127	0.3117205416040338
51	138	0.31135936446718665
51	23	0.3074348256773141
51	69	0.3058765710436725
51	22	0.2995543947597145
51	52	0.29284928904425644
51	104	0.2898660314321254
51	49	0.2843422735814925
51	148	0.2784859712686846
51	135	0.2774802007010913
51	24	0.2737748486326621
51	118	0.2724607714430705
51	25	0.2664512875076641
51	125	0.2583317154810276
51	78	0.2581357192589771
51	48	0.2513749835332015
51	128	0.2484498497445612
51	146	0.2461590802657406
51	21	0.2457456970077096
51	109	0.2393928944631379
51	10	0.2369214995056577
51	147	0.2326033765120475
157	53	0.6830449669697022
157	14	0.6211589961509131
157	150	0.5804691668436536
157	152	0.5478541406953348
157	18	0.5406262076375284
157	25	0.4691344854243691
157	40	0.4621092927463371
157	130	0.4427691659679411
157	144	0.4387889525046375
157	47	0.3975789172749448
157	124	0.3855308899901299
157	26	0.3836648260390366
157	128	0.3785448409740383
157	17	0.3736511230912191
157	126	0.3654745906331716
157	186	0.35855784522024003
157	129	0.3579564054891186
157	23	0.3451788005581892
157	154	0.32313170610350084
157	148	0.31703740019731474
157	118	0.31158511072697026
157	20	0.30633878305676376
157	125	0.29951798363686616
157	22	0.2962647872325581
157	46	0.29012248436253546
157	127	0.2843055071844843
157	104	0.25198381087035804
157	49	0.24766153636603044
157	74	0.24372447273900524
157	11	0.2385254278970595
18	129	0.5234063916737187
18	26	0.5127842269035202
18	152	0.4762167924247474
18	22	0.4690564904821588
18	127	0.461566465798099
18	14	0.438272030287267
18	53	0.4258202334102374
18	24	0.4244520709495984
18	130	0.4186879332180125
18	144	0.3935384038992896
18	126	0.3804707809086935
18	40	0.3772933626489634
18	125	0.3706530976064071
18	25	0.3699110112388089
18	118	0.3686760316534866
18	153	0.3647205584276184
18	27	0.35946380078513485
18	138	0.3482404740014925
18	47	0.34445629790976695
18	154	0.32955593251185666
18	136	0.3275398864749929
18	48	0.3155344620911377
18	23	0.300091357423291
18	21	0.2977783385903436
18	123	0.2941195637660086
18	46	0.29133091508418923
18	128	0.26465739005852235
18	17	0.2562586823205292
18	184	0.2505129186427535
18	146	0.2457269047343017
18	192	0.24398782230718605
18	143	0.2420871388462759
18	150	0.2420588968266573
47	153	0.5384072861731798
47	168	0.4830998702329011
47	154	0.4466679691636602
47	152	0.4115617495389444
47	46	0.38599904193812895
47	52	0.38055630185307376
47	192	0.3785619749203841
47	45	0.37586018593553255
47	26	0.35168037656502543
47	7	0.3442183113201515
47	147	0.33171138006743456
47	178	0.3289318136151942
47	10	0.3223433665455426
47	89	0.31923044834610514
47	53	0.3113322725537504
47	49	0.3110522931540854
47	48	0.30118289803770576
47	14	0.2846639438708052
47	171	0.27796932123427953
47	78	0.27627986222638823
47	24	0.2717199980333267
47	67	0.26554992122521826
47	146	0.26203296108139623
47	129	0.2605794797042159
47	179	0.2509533710914469
47	104	0.2435081229872632
47	82	0.23093792004602906
23	25	0.7184093681941647
23	22	0.5663616850486622
23	27	0.5166359962309681
23	26	0.4445281200304504
23	40	0.371860133263432
23	144	0.3226300872818412
23	34	0.2673150466709715
23	21	0.26719433193014186
23	24	0.2503348339457755
23	185	0.23214929592776296
25	21	0.3976883626482059
25	27	0.517354057946544
25	26	0.4780549633870216
25	40	0.4673387514576186
25	22	0.4580494234487321
25	14	0.3833151225158489
25	125	0.34640259631256354
25	53	0.3230331881530719
25	144	0.3141741536115872
25	150	0.31393979787714155
25	130	0.3023190807748442
25	186	0.3019283306379401
25	152	0.30035521855437297
25	24	0.27945425561854903
25	29	0.2690598279832947
25	128	0.2507659572064089
25	20	0.23999612422600036
25	126	0.2382802052334424
22	33	0.5547797253680962
22	27	0.6120733033624502
22	26	0.5769641745366836
22	34	0.5497479337015442
22	24	0.5357746185328585
22	136	0.5229415667506288
22	42	0.514131766650568
22	138	0.4868244905766153
22	123	0.4736689239421612
22	130	0.4474521036406501
22	129	0.4461555105941708
22	144	0.4419648546461238
22	146	0.4316559080562393
22	127	0.4222195329733833
22	126	0.4137936327669707
22	40	0.4082588210384671
22	7	0.34549586771877383
22	21	0.2788641307506904
22	100	0.2610827419405693
22	104	0.25706203015815143
22	49	0.2489939694252584
22	125	0.2330195279884304
22	29	0.2317424294548284
21	27	0.3597075962580414
21	127	0.3548835738068463
21	29	0.3132725760585459
21	122	0.30117380512170044
21	125	0.292291503502427
21	53	0.2813891184623594
21	26	0.27918688141506043
21	192	0.2653175349926889
21	130	0.2608963650507243
21	118	0.25711806444058605
21	129	0.25384651763787136
21	123	0.25231155840717
21	24	0.2461778682873853
21	136	0.2351084500468729
81	90	0.7183658154601277
81	185	0.5979563031832105
81	80	0.5196717820354241
81	85	0.6223490339177135
81	63	0.6069321815698807
81	61	0.5788490198390771
81	93	0.5599566271380353
81	97	0.5213777668886972
81	88	0.5144995063498528
81	74	0.5052046852769699
81	162	0.467104240238384
81	183	0.4615900741631164
81	181	0.4598491756086678
81	55	0.4366143120835224
81	92	0.4080838078420375
81	167	0.3866201002863461
81	79	0.34968954220078
81	78	0.3478713540349895
81	91	0.3442800157960545
81	76	0.343080654041171
81	68	0.3413855318455044
81	32	0.3343875023644023
81	133	0.3165875852872865
81	187	0.2986985028740925
81	65	0.2972770261033064
81	64	0.282668557238326
81	166	0.2737655981340143
81	182	0.2512063499935995
81	36	0.24596179487177397
90	85	0.7102162132446392
90	88	0.6848491764236488
90	93	0.607998547089731
90	92	0.4276768326926843
90	185	0.5374052603372109
90	97	0.5032134729059171
90	63	0.4838890901944262
90	74	0.4781706746065026
90	55	0.4737464840431708
90	91	0.4473081304557157
90	183	0.4418119550656989
90	61	0.4385062966176752
90	181	0.4354075696895608
90	162	0.4147048699413133
90	80	0.4094997191300653
90	64	0.38604159135387306
90	65	0.3841593406961457
90	54	0.3702389681440029
90	68	0.3452316505593025
90	193	0.34124417117836936
90	167	0.3361538128213937
90	133	0.2887206449130977
90	32	0.2770094017003433
90	57	0.27216450078113275
90	194	0.2687908010247757
90	58	0.2606633665867895
90	50	0.25775299873526725
90	36	0.2481401943858252
90	87	0.2378840121382569
90	134	0.2377047559110116
185	183	0.5275613656346403
185	181	0.5456809036388593
185	55	0.4931847517924148
185	162	0.473211169796377
185	63	0.5461442100639845
185	85	0.5327448648781796
185	193	0.4700854343407909
185	166	0.4569028862024793
185	167	0.4495929593897231
185	61	0.4485870787282945
185	194	0.4473081304557157
185	97	0.42985597620313576
185	190	0.419742983749208
185	88	0.4057390813069376
185	93	0.4003536390537832
185	74	0.4003200498373508
185	187	0.3913642320038965
185	92	0.3577471393843576
185	32	0.3335878954411541
185	100	0.3186645366974161
185	83	0.31393979787714155
185	191	0.3056136802697718
185	195	0.29235552178987106
185	65	0.2895820528413558
185	134	0.2792975242699548
185	76	0.27660311525848746
185	56	0.2706453046156624
185	80	0.2651501978139358
185	169	0.2542861792647854
185	174	0.2523958269923425
185	73	0.243818530284418
185	87	0.23514623865214465
80	88	0.41892706729599605
80	76	0.4052878795620304
80	78	0.3868327109565407
80	74	0.3659596911602059
80	92	0.3634193791818806
80	86	0.3386616321375541
80	56	0.3344940802870832
80	58	0.3319071586403137
80	85	0.3215725115543121
80	133	0.3152102675979465
80	63	0.2918341538623424
80	162	0.2843882304016536
80	57	0.2781446312540426
80	54	0.2765661752211329
80	97	0.26996864273011045
80	94	0.26581015717585377
80	91	0.2639504810931532
80	151	0.2596751160142789
80	119	0.25932070490230746
80	182	0.25834104810416586
80	37	0.2540429751708222
80	79	0.2539962014683963
80	93	0.24631877255177664
80	64	0.2402411334158456
80	82	0.2387423302864423
80	84	0.23740281409027025
80	68	0.23557131145493185
80	87	0.2324047287211373
85	63	0.6074624830798886
85	97	0.5504662372407378
85	61	0.582368966081603
85	93	0.5459757736290431
85	88	0.5068190599638057
85	65	0.4769201154260807
85	55	0.4753116239488179
85	181	0.4604797744783974
85	32	0.4059228475760563
85	183	0.4052711645918515
85	92	0.3947800221882119
85	74	0.3714895344098151
85	36	0.36890067039126384
85	37	0.3469128967690234
85	91	0.33602075602114023
85	68	0.3287712794169045
85	166	0.3255387341228258
85	167	0.3186735211979159
85	54	0.2940373471584956
85	83	0.2816469277890181
85	162	0.2706175018563575
85	76	0.2664512875076641
85	193	0.2640156029998669
85	190	0.2362134726760252
85	133	0.2319506038362516
88	74	0.6183875412879118
88	73	0.4714942597254981
88	78	0.4404669442642503
88	127	0.4301575610439937
88	97	0.4214303518971241
88	93	0.3934369838072935
88	58	0.3859735115003062
88	55	0.3715240137184815
88	54	0.3469832669312524
88	64	0.3280040205453396
88	128	0.3105012083112904
88	133	0.30821333574407994
88	181	0.2962374201740541
88	126	0.2904887734131512
88	193	0.2898751911824123
88	125	0.2850131133303782
88	24	0.2714791772823477
88	136	0.26890212761404786
88	130	0.26261029722406914
88	129	0.26247994741610164
88	91	0.26041169413590604
88	56	0.2578556877964084
88	87	0.2569499564079826
88	92	0.24589602854387865
88	68	0.23993957930021295
88	162	0.238478272053693
88	83	0.2328209208737784
93	61	0.5633724327916119
93	181	0.4838890901944262
93	97	0.4706383536810976
93	68	0.4463557245734488
93	63	0.4360313840150529
93	54	0.413818495703204
93	190	0.40701641233845137
93	32	0.4014195370697055
93	65	0.4008741343076375
93	91	0.3739006076534527
93	64	0.3533442724938697
93	55	0.3487588172991968
93	183	0.3464729947808178
93	92	0.3301084831314836
93	83	0.32286300429358644
93	133	0.3171992986681873
93	162	0.31286668173405113
93	30	0.3020919128169249
93	195	0.3016374739755401
93	167	0.29646546412823715
93	36	0.28139832663808845
93	166	0.28066150893844977
93	87	0.2766954617755092
93	41	0.2644062838754157
93	50	0.2574262220818538
93	95	0.25240518993217576
93	194	0.24746440672611306
93	74	0.24655358985247944
93	79	0.23338831819579256
93	100	0.23250878474520284
92	63	0.4131718587968598
92	61	0.3662194846815589
92	76	0.34604174293363915
92	97	0.3398031804977077
92	162	0.3209088763257193
92	65	0.31724426718519705
92	60	0.31504814275338644
92	36	0.3140840213200437
92	32	0.2974958008190389
92	37	0.29144072640044033
92	55	0.27031164171765765
92	54	0.2667113891348189
92	100	0.2543422987208361
92	91	0.2310231183659396
11	106	0.5134914487832991
11	20	0.4041673777796561
11	109	0.3531692305611717
11	150	0.34083767328693154
11	110	0.3208819655418573
11	13	0.29077258889052604
11	94	0.2468635043637721
11	64	0.2461778682873853
11	17	0.2405049552377003
11	78	0.2318370568062348
106	109	0.4556914434534374
106	110	0.32102548373451906
106	176	0.315381379420577
106	20	0.3120184449488655
106	173	0.3043438974213453
106	5	0.3039536752172409
106	152	0.3020828253847107
106	197	0.28390102164512465
106	0	0.2766585237818485
106	192	0.2751710918362074
106	17	0.2737933494780034
106	150	0.2530136795686796
106	13	0.25112202750414103
106	188	0.24510665616232785
38	142	0.7154593400685155
38	36	0.6949001475580896
38	41	0.5071013966620143
38	139	0.5560106591434754
38	156	0.5361951234388113
38	52	0.5004002848642601
38	39	0.480189085659856
38	50	0.4039498262534865
38	176	0.3698419559279096
38	182	0.3659683518635555
38	114	0.36402677301397496
38	31	0.3547874237124096
38	143	0.3475460875412155
38	28	0.34280711330141217
38	197	0.30625722671893624
38	145	0.305432349133048
38	131	0.28212560864419184
38	2	0.27537442131528805
38	32	0.2722385732869433
38	178	0.2662654768659675
38	137	0.2643690799092751
38	66	0.2621819690292948
142	156	0.7101616937632421
142	139	0.6615866047918282
142	176	0.5136460606804557
142	143	0.5127842269035202
142	52	0.5745776780016608
142	39	0.4698750723313176
142	36	0.42639313653921534
142	41	0.4153256916347097
142	131	0.37587736038883895
142	145	0.35662171872426207
142	137	0.3510580334267878
142	197	0.3273702595723887
142	114	0.3104741003887982
142	173	0.27988749418351644
142	45	0.27796932123427953
142	2	0.2742558047317698
142	71	0.2730439033018274
142	153	0.2695235689620984
142	24	0.2605328741802947
142	182	0.255081045026664
142	178	0.2405426411697943
142	31	0.23204522153301102
36	39	0.4512987492017028
36	37	0.4363714698995506
36	139	0.4286160267621742
36	32	0.4096495238827526
36	31	0.3884132423714887
36	65	0.3729712185132576
36	41	0.3567264527556757
36	114	0.32955593251185666
36	63	0.32098063588275155
36	61	0.3178467076143428
36	176	0.29056202101258816
36	52	0.28592243630599723
36	68	0.2725996305361844
36	143	0.2510095915891883
36	50	0.24372447273900524
36	28	0.239798209863512
41	145	0.6074372428933373
41	35	0.4136029964162067
41	139	0.3937834629069323
41	52	0.38485810613375177
41	67	0.3755595912120309
41	156	0.3581394838387447
41	39	0.3496719877335285
41	50	0.33245874439856177
41	64	0.33004610970303017
41	42	0.3286018060378199
41	143	0.3083219322718113
41	137	0.3017647306775552
41	72	0.2881889045028151
41	197	0.26863307606324355
41	94	0.25070972937439245
41	31	0.2499973638578388
41	24	0.24757705474449576
41	138	0.2464033101130674
41	28	0.2453604184987936
41	45	0.2444485974546387
41	127	0.2386103055805587
41	7	0.23549574953849794
156	52	0.6160909987468164
156	176	0.4983435672719455
156	139	0.4702412236287428
156	143	0.3790501832955012
156	153	0.3406520557710189
156	197	0.3327255591340716
156	137	0.3274595395206458
156	131	0.3250469326242531
156	45	0.3062753507381432
156	39	0.28315613634430953
156	71	0.2773509750185254
156	178	0.2649549509169119
156	50	0.24597118987662014
156	122	0.2422001028221432
156	192	0.23599629414581585
156	114	0.2328492945081547
139	114	0.5757019573142634
139	137	0.5496990874172465
139	145	0.4841570927661873
139	143	0.4661029206580403
139	39	0.4282894554694743
139	176	0.3908814289520244
139	141	0.3376785707825676
139	134	0.33204952510079416
139	2	0.3046795882778829
139	197	0.3023463386228209
139	140	0.2962830316679689
139	35	0.2911936401416662
139	171	0.27478284902360123
139	138	0.2503160872025004
139	31	0.2442511358955367
139	52	0.24063685282706604
176	197	0.5183712850233325
176	71	0.3762122106073211
176	192	0.3695397909019191
176	52	0.3466841667684025
176	0	0.338272038457382
176	89	0.31907776443500163
176	109	0.31710036290998583
176	95	0.2934342924690683
176	170	0.2845260930198051
176	179	0.2809562757724511
176	135	0.2576876481188568
176	153	0.25206809433301963
176	39	0.2493222415047516
143	127	0.6321565451609914
143	39	0.6209439928912438
143	131	0.4127903133606613
143	24	0.5617114161877562
143	138	0.44931366229182107
143	129	0.4219072252276214
143	145	0.4118607273222875
143	134	0.3970736381998708
143	2	0.3588889458744027
143	104	0.3563336539203519
143	130	0.3418448473438949
143	136	0.3408730259921501
143	26	0.3239554000308851
143	52	0.3033000515292433
143	146	0.2903514249885769
143	140	0.2779047286636007
143	114	0.27696323777142123
143	118	0.25418328914791777
143	100	0.2373745046915409
63	61	0.69029025780809
63	167	0.5376114749133857
63	65	0.5829898216298612
63	37	0.4916697218319053
63	166	0.487129631906382
63	97	0.4640103841398854
63	183	0.4587445109296143
63	76	0.4519117097447561
63	32	0.3988746966287666
63	181	0.35892379332311075
63	187	0.34881151823358
63	68	0.3475197109146996
63	190	0.34593610793419416
63	91	0.3446237434221742
63	55	0.2981063815118886
63	162	0.29597284686892433
63	74	0.2577623343451206
63	60	0.2514499268753434
63	133	0.2513562472266541
63	114	0.2461872622288309
63	141	0.24030709220036398
63	160	0.2350234230864479
63	30	0.2349761843318465
97	61	0.45191966746686
97	181	0.3971662907304536
97	87	0.3749839466060244
97	183	0.3566653589935589
97	71	0.3410939585550972
97	32	0.3206487170486627
97	74	0.30889193215724714
97	79	0.3069457832694698
97	187	0.2921177263751121
97	83	0.2835700037523829
97	95	0.2720626458189034
97	58	0.2560718064477609
97	191	0.2521991943403197
97	166	0.24336701226497465
97	91	0.2380538188808657
52	45	0.4852664214779653
52	50	0.4807582529551905
52	153	0.4036401549046816
52	39	0.3812402350080063
52	2	0.36613289318179415
52	131	0.36183001871069104
52	178	0.35691844185764715
52	67	0.331889361769417
52	192	0.29685762065018423
52	66	0.29541618239076245
52	147	0.29145902753982383
52	28	0.29007669225110416
52	35	0.2686980233807788
52	122	0.2680113139477492
52	89	0.2611013785592901
52	71	0.2599455406040581
52	31	0.252349011584255
148	147	0.3986896826215166
148	14	0.3747089097596716
148	45	0.3541928747647732
148	186	0.35169790286000474
148	40	0.3326899869125671
148	78	0.3286196463376317
148	150	0.32236128832508176
148	7	0.31485897386050554
148	20	0.304107961311229
148	17	0.3024917054600429
148	117	0.2973681860300024
148	125	0.27326599603015617
148	53	0.2722848669647192
148	135	0.2695792094849921
148	152	0.2632060599448824
148	46	0.2589475651082549
148	94	0.24813081009809995
148	118	0.2430094856693257
148	121	0.24019401864004875
148	5	0.2309757864033011
53	118	0.4115617495389444
53	150	0.5042433082558327
53	14	0.4960852367065268
53	125	0.3920330239791192
53	130	0.35848812831885485
53	152	0.3554777895199772
53	127	0.3472559144051098
53	40	0.3272184702450929
53	129	0.3190328542495348
53	17	0.3109438995321647
53	128	0.3019192422176683
53	126	0.2817942291511356
53	26	0.2783106973395177
53	154	0.2702282158428226
53	49	0.2701633262456831
53	186	0.2685310110579223
53	7	0.26201433420923553
53	74	0.2597217438505418
53	46	0.2559877060590766
53	72	0.2492096975277389
53	124	0.2379594835975611
14	152	0.6307375384726329
14	186	0.6200091798943795
14	150	0.6063317839092452
14	17	0.5169804635686949
14	46	0.4961832373127395
14	20	0.42864051509633216
14	124	0.4002948572190741
14	154	0.39689673362077305
14	40	0.3902543110069229
14	128	0.35213598008064034
14	49	0.3431159453834339
14	78	0.2850406761204541
14	130	0.280348261158962
14	151	0.27547607681770164
14	144	0.2702282158428226
14	125	0.2676957074225273
14	184	0.2649828446614055
14	121	0.2518152324773233
14	74	0.2510283313788071
14	126	0.24129620738741014
14	118	0.2394400284510255
84	86	0.6980514427852582
84	94	0.4541608727955551
84	189	0.4527230268095633
84	82	0.4224331594904284
84	164	0.4153091414058399
84	62	0.3974947208272984
84	67	0.3675435431897092
84	69	0.3535630401205141
84	78	0.34715917524395273
84	91	0.3355416405037983
84	31	0.32551191312491806
84	60	0.3224150522771196
84	110	0.32118692407899463
84	158	0.28041275823281425
84	50	0.25868632124912605
84	169	0.2566604005696668
84	141	0.24822465087941634
84	54	0.2434893088197569
84	165	0.2427554134799065
86	164	0.5182323260087915
86	82	0.4853352249578746
86	62	0.5095264802197937
86	67	0.4373505441889365
86	189	0.4072583416912215
86	60	0.4062151353625552
86	94	0.4019227332268162
86	91	0.387453298731064
86	69	0.375808661026387
86	31	0.35940284424710284
86	78	0.3318270708607524
86	50	0.32845907519828904
86	76	0.3169114663883731
86	165	0.3044981431540797
86	54	0.2737285956329424
86	65	0.2736268345771601
86	37	0.25750091908259193
86	171	0.2555391052308202
86	66	0.25516518712420405
86	45	0.24684472310284214
164	189	0.5575286745455953
164	165	0.5449361068186365
164	62	0.41258289092019
164	158	0.3508739006208165
164	137	0.3380151973806379
164	94	0.3320584225023789
164	60	0.3149760813638959
164	170	0.2918798948361973
164	45	0.2840205392606869
164	171	0.28303655500483993
164	31	0.2694772004849784
164	67	0.2679649048290996
164	173	0.26546626573458
82	54	0.4283466135257309
82	78	0.3179725582992132
82	94	0.3134709716464075
82	67	0.30424408285304155
82	50	0.294740615163098
82	91	0.2802376888573466
82	69	0.269903743318524
82	89	0.2674821763072868
82	107	0.2399490035675829
95	197	0.6980360607376422
95	101	0.2956443478548618
95	99	0.2623682113839573
95	87	0.3131823872041681
95	191	0.3030548690056954
95	79	0.28847313271932035
95	181	0.2767231647341853
95	83	0.2595538779738006
95	190	0.25321958460121313
197	190	0.3308389285235448
197	101	0.27305315774682704
197	181	0.26904127574728465
197	83	0.2640900250887306
197	109	0.2617442226308931
197	191	0.2581730535114828
197	145	0.2327547141855691
101	83	0.2865650814306619
101	191	0.24753011888342455
99	73	0.25953522524128675
99	117	0.2459148191543284
169	174	0.6973483386942544
169	171	0.4686039755398926
169	189	0.4610311675187039
169	160	0.4535653666392996
169	180	0.4417073247712624
169	194	0.4415624322177451
169	158	0.42099438443808296
169	167	0.4110217041425768
169	166	0.3852924817993164
169	65	0.3638966432330629
169	165	0.3539829655474078
169	175	0.3383428823023114
169	195	0.31533635198129795
169	159	0.2999639597469835
169	170	0.2876019501451588
169	196	0.28120494406707874
169	67	0.2681505338401685
169	183	0.2662840588209269
169	193	0.25779967630324635
169	168	0.2501379837813022
169	190	0.2494535342998886
169	60	0.24455202161036604
169	62	0.2377141908530742
169	13	0.2370913885353104
169	141	0.2369214995056577
174	195	0.6229552150991461
174	166	0.5958707375905126
174	160	0.5729610787888779
174	196	0.5511628404736343
174	194	0.5459687544861745
174	175	0.4761471998612368
174	183	0.4124584169140288
174	165	0.3811633133394178
174	158	0.37429623081500174
174	180	0.3543502832608829
174	190	0.34321299157953444
174	189	0.3247070397509768
174	114	0.2961461931327829
174	191	0.2856102015220107
174	159	0.27668622735374393
174	65	0.274967737737463
174	167	0.2648061767913933
174	170	0.2491721813727169
174	179	0.24684472310284214
174	141	0.2431976657988804
174	171	0.2341256971281468
195	175	0.5223746405677173
195	196	0.5741957324719145
195	190	0.486343651960615
195	166	0.5833791601582963
195	194	0.5478681376587775
195	181	0.3869602576227608
195	183	0.3780049889036601
195	160	0.3569707972899389
195	193	0.31232531150931564
195	191	0.28066150893844977
195	172	0.27993357668811225
195	114	0.2794819125462458
195	167	0.2579490364334766
166	183	0.6062558949758063
166	194	0.5208095670565841
166	61	0.5078216049023848
166	175	0.5040195528085655
166	167	0.4988394955204987
166	160	0.4735137816969194
166	181	0.44142556810013744
166	196	0.4388939168697805
166	190	0.4166901378989367
166	172	0.4082338209902286
166	65	0.3779021307710438
166	114	0.3673272953881288
166	193	0.31494905740650186
166	191	0.2862070680600013
166	165	0.2857663264982298
166	187	0.27778476436522026
166	141	0.2497629738839869
160	175	0.4732732531410643
160	170	0.4614956367801946
160	194	0.431607086401226
160	141	0.3490925526229363
160	167	0.3410851219758421
160	65	0.3308745498762635
160	172	0.3281200293351364
160	180	0.3033545310824834
160	183	0.29713115894731823
160	190	0.2920536983595808
160	196	0.2853897639809639
160	110	0.2760858803927293
160	114	0.2730901750214217
160	165	0.2699315576523802
160	61	0.2638667493913695
160	159	0.2537529590686832
160	193	0.2487688354951376
160	37	0.24516305069652594
160	191	0.24129620738741014
160	189	0.2397228086717035
160	179	0.23861973620927665
160	13	0.2347872182152993
110	10	0.3694275382653331
110	170	0.3647985839685145
110	173	0.3340055279158745
110	104	0.3216352715198649
110	94	0.3197781776902369
110	0	0.2846455644373872
110	66	0.28346884591157784
110	109	0.2731549533059355
110	158	0.27290508056313273
110	13	0.26987592853423265
110	122	0.26562427830456536
110	69	0.2626475382661257
110	89	0.2520400002703049
110	189	0.249594194975722
110	135	0.2485718212517607
110	147	0.2484310841978745
110	141	0.2414468857512736
110	50	0.2406745362205279
5	151	0.3084576666312233
5	50	0.2965840336275555
5	67	0.29012248436253546
5	135	0.27795086647055584
5	46	0.2712012649395701
5	152	0.2699964560127989
5	17	0.2582383865978799
5	49	0.2488720252182923
5	35	0.2462905925316784
61	65	0.6534808881584836
61	37	0.5860773332993491
61	32	0.5009922343822432
61	183	0.4973432054186972
61	91	0.4740256395582799
61	167	0.4649906829975142
61	68	0.4513385647751821
61	60	0.3546038436017713
61	55	0.3442271264273495
61	54	0.3413060183700133
61	162	0.324205992105414
61	190	0.3035088790460705
61	181	0.2888764661296644
61	187	0.2886289782278767
61	133	0.2713958083305415
61	30	0.24622483753206498
61	64	0.2418235307158288
61	194	0.2412302819441676
65	91	0.49828343257953794
65	37	0.5675830605920933
65	60	0.4604009750123743
65	68	0.4304509028155397
65	183	0.3989419664001576
65	167	0.3604386879574921
65	64	0.3541141629891904
65	54	0.33111496934098306
65	32	0.3175320319060083
65	62	0.3128576605614326
65	67	0.29195307761735384
65	31	0.23476832062732034
37	32	0.5094376288556508
37	68	0.41450612539524656
37	67	0.3773362443259041
37	141	0.3202449258319928
37	62	0.3179815472051523
37	60	0.31110648693084986
37	167	0.30567714093154713
37	54	0.27028383354366925
37	91	0.2702096762083991
37	31	0.2556045330439567
37	35	0.25383716199466794
37	30	0.2493691328411544
167	172	0.4285099033703595
167	194	0.3882434021494849
167	162	0.3839291629947542
167	187	0.3340232966033218
167	183	0.3242507359038005
167	68	0.32229856108574056
167	175	0.31669555386108805
167	55	0.3144174825071335
167	193	0.3098775983946811
167	32	0.3059853397935673
167	171	0.3051421732360058
167	190	0.2831009460505805
167	181	0.26956993618949543
167	158	0.23682711044938554
107	42	0.33743047484038624
107	2	0.3327433448897597
107	134	0.3134258841422672
107	140	0.3103475900740617
107	34	0.2741910686263279
107	146	0.27346030327284865
107	67	0.2571367421505548
74	73	0.5703962557932301
74	78	0.4227699367351114
74	55	0.3664619071378031
74	127	0.32475176729168903
74	76	0.3025189601757488
74	58	0.3005280681693097
74	128	0.2957447299760962
74	125	0.2832757088804539
74	56	0.2509440008438769
74	124	0.2506347563003063
118	130	0.2900034221099346
118	78	0.27651076363265764
118	152	0.2758272029584156
118	127	0.2574262220818538
118	129	0.2523396483608638
118	26	0.23819531338420594
118	24	0.231288157143848
182	181	0.37450258883325627
182	196	0.3205051601808348
182	172	0.303145682027897
182	76	0.2713958083305415
182	183	0.26902272331162075
182	187	0.2684753366952056
182	159	0.26347594888206183
182	191	0.2467602051339762
46	152	0.6701470482540607
46	154	0.6203660929043101
46	49	0.5028325193090949
46	151	0.4581284389017384
46	45	0.4516968240626709
46	17	0.4261967511116633
46	153	0.4176069834126168
46	33	0.3592722127663516
46	35	0.35908930503897285
46	178	0.35015464608574937
46	186	0.3251542497767556
46	146	0.3064565787165003
46	125	0.29236466704562275
46	48	0.2914041234816368
46	67	0.2797676736356981
46	150	0.2747551139633995
46	128	0.26776997295258204
46	7	0.26719433193014186
46	168	0.2636341404671339
46	122	0.24118319097866486
46	72	0.23964740458777786
46	34	0.2385725826156525
152	154	0.6198059940857636
152	186	0.5081999866538338
152	17	0.4452259334153543
152	150	0.41173616401661817
152	151	0.4090584991218423
152	153	0.3702475973431187
152	128	0.3319872416353106
152	40	0.3286107262170384
152	130	0.31943699431903266
152	129	0.3146337401793416
152	49	0.3134980234704986
152	48	0.3130470933305823
152	125	0.3061122265732255
152	144	0.29269386062788244
152	124	0.28468232309494584
152	184	0.2786981201561068
152	26	0.2685866836266328
152	138	0.26235889973031024
152	87	0.2603464399440367
152	45	0.2584623678164128
152	188	0.2356846489893656
152	127	0.2352879395899827
152	27	0.2322155223207541
154	48	0.3965344084240372
154	72	0.2952336257513231
154	153	0.5330599114884207
154	17	0.39870650341812813
154	49	0.3690043352771669
154	151	0.3532742586888933
154	136	0.3447735445053093
154	138	0.3119642852656005
154	146	0.3096244631931128
154	45	0.30597627603611555
154	184	0.297359070281276
154	171	0.29697615989680826
154	168	0.29069019611742863
154	33	0.28961869810625074
154	150	0.2766492891556883
154	128	0.2675100296823307
154	35	0.26712004176718873
154	129	0.2316856509386336
49	42	0.4774993185448929
49	33	0.4681512145524323
49	17	0.4496009380155602
49	34	0.3926168199426316
49	35	0.3745111862791679
49	45	0.3548398701489451
49	7	0.3401038872360424
49	40	0.305432349133048
49	67	0.3051693796345664
49	146	0.286041804155286
49	72	0.28041275823281425
49	128	0.270728710184556
49	189	0.2620702142400064
49	150	0.2498192301482881
49	136	0.2413715480241206
49	62	0.2350517658063213
151	35	0.3710498334241665
151	30	0.33298342941849923
151	54	0.32822710558812074
151	186	0.3235973324913004
151	178	0.31808042139725506
151	45	0.2988260066299475
151	67	0.29244697194085834
151	72	0.2682340604003588
151	17	0.2584343716832101
151	50	0.25364068251806965
151	56	0.2449750624657641
151	57	0.2334923238134887
172	175	0.6659332687582135
172	193	0.4171280168985685
172	189	0.3298678840277743
172	194	0.3043529711416506
172	159	0.28459961493832714
172	187	0.2682154992910101
172	183	0.2321303737058219
175	194	0.3609171392341785
175	196	0.3346450510315723
175	189	0.28346884591157784
175	190	0.27743404982392106
175	171	0.26028118337370665
175	159	0.2390629249645597
19	121	0.6620923763526732
19	119	0.4865115973559701
19	17	0.4340369522213765
19	20	0.3259588613413947
19	124	0.3161466284904558
19	117	0.2733215146615331
121	119	0.6195904031405777
121	17	0.5614718009897098
121	20	0.4898097458760942
121	124	0.4697192142033456
121	150	0.3471767647319643
121	62	0.34549586771877383
121	117	0.31559749135910764
121	54	0.29796059334582314
121	186	0.26978320933395394
121	94	0.2571367421505548
121	45	0.2542581188945619
119	17	0.4406120107580062
119	20	0.4011091119064572
119	78	0.3029549683237047
119	94	0.2951240814181613
119	117	0.2866201533109414
119	124	0.25753826642895983
119	54	0.25364068251806965
119	64	0.24100423495319914
119	50	0.2388177690134263
17	150	0.4507411425324656
17	124	0.4036987484728101
17	20	0.4025262483185865
17	45	0.3467105607965383
17	117	0.3416240429531981
17	186	0.3181253619247588
17	153	0.2615392830413914
17	128	0.2555110640228889
17	48	0.23816701529221976
17	73	0.2309663198795751
114	141	0.4624788463060147
114	2	0.3801714063600679
114	134	0.3645644919790215
114	140	0.3529416390793478
114	39	0.3188621824789044
114	13	0.3112871182400849
114	181	0.30810473118303605
114	137	0.2908824392132092
114	32	0.29058948798451256
114	196	0.2636434454130024
114	100	0.25578211101908066
114	28	0.2402128646861803
114	190	0.2378840121382569
114	31	0.23409734137425264
137	171	0.5369428217353233
137	35	0.5151903448789483
137	140	0.4737542396491173
137	62	0.4679325522520929
137	189	0.3875722754683589
137	165	0.3728851260555276
137	67	0.37070485343221177
137	145	0.34434171729792284
137	141	0.3412883480453595
137	138	0.3356747455745792
137	31	0.3341654375555388
137	34	0.2736453370430101
137	146	0.27224783212332904
137	45	0.2633549692837985
137	180	0.2517028383909145
137	168	0.24204006858569965
137	170	0.23754435503445515
137	2	0.2344375841220961
137	134	0.2339933668694312
91	60	0.4808966378487524
91	68	0.4879453004974504
91	54	0.3904916415076977
91	50	0.35590579634889835
91	66	0.33561263154261
91	94	0.3296183285744594
91	133	0.3255655545968621
91	69	0.3056408780287564
91	183	0.2747551139633995
91	62	0.2387423302864423
91	32	0.23562798102331356
186	76	0.4798966533052933
186	150	0.4222277502453479
186	20	0.4195946856973709
186	124	0.26175353750613084
186	40	0.2492003185590993
186	163	0.2334828689780656
33	34	0.6351907115371691
33	136	0.5909274816058683
33	42	0.5199199182043236
33	146	0.4994251716611919
33	138	0.4370917161337429
33	123	0.3892196229759357
33	7	0.3827860937566591
33	24	0.34255116771190597
33	127	0.3291101626522801
33	126	0.3275755947120498
33	129	0.32716489350891553
33	2	0.3178017582265066
33	130	0.3068642604318597
33	128	0.3046795882778829
33	35	0.28406650522454874
33	27	0.27645535020552386
33	144	0.27631680859557617
33	153	0.26214471821405033
33	26	0.25706203015815143
33	30	0.2447306502269165
33	140	0.2401186326449556
33	145	0.23891206336851564
33	125	0.23540129313920985
34	136	0.624439946741896
34	42	0.5673118592471099
34	138	0.562327137006272
34	146	0.4911311686932173
34	123	0.47994283392765097
34	35	0.42929330495438
34	140	0.3771990172647612
34	134	0.3535455401332362
34	27	0.3405371363794909
34	144	0.3324854282679133
34	127	0.3317202797135165
34	126	0.2944392536322628
34	24	0.2920262569800401
34	2	0.2915779797446781
34	40	0.29155967999232985
34	130	0.2885464736867479
34	7	0.28050489251744626
34	128	0.25905018626219395
34	26	0.2364778320791372
34	62	0.2340595330828495
34	129	0.23362468687267865
136	138	0.6346117182035313
136	123	0.5223891829104822
136	127	0.5144259735410418
136	146	0.5137785586191392
136	24	0.4404750041174591
136	129	0.4276278058830786
136	126	0.4272109764383945
136	42	0.4221620101267501
136	144	0.4130391637834411
136	40	0.4067493895242841
136	130	0.3779621324822807
136	128	0.3775592029602496
136	140	0.3619169234696822
136	27	0.3379620515592757
136	134	0.3344585552633756
136	125	0.3305539237671796
136	39	0.31728923427562883
136	26	0.29272129029613786
136	133	0.2874643514424017
136	73	0.2624427028539953
136	2	0.25617459054742786
136	29	0.2312502965620654
42	69	0.38209456490151134
42	146	0.517361381356443
42	138	0.4817878768516464
42	40	0.3879800976789772
42	144	0.3670590929521173
42	7	0.35714529919917154
42	35	0.3361183323197714
42	2	0.314570668397661
42	26	0.30785128931250605
42	123	0.3062753507381432
42	130	0.2967481916861634
42	24	0.29528839500744736
42	126	0.2927578624377489
42	140	0.2891422434692581
42	134	0.2865926176075496
42	27	0.2746903970448994
42	100	0.26125978195859473
42	178	0.2360435088761089
42	68	0.2331235525305917
138	127	0.6235484254518984
138	146	0.6086725697517748
138	123	0.5121500823961496
138	24	0.470653923525341
138	144	0.44292190465526377
138	129	0.4349374072651708
138	140	0.4055803476704031
138	130	0.3913134207685409
138	39	0.3888971422231053
138	134	0.3865095264927153
138	26	0.3798805090717871
138	145	0.3789988028695047
138	126	0.3509440496520588
138	40	0.3424805530811268
138	27	0.3158045679156956
138	7	0.3003643163944737
138	2	0.29234637648064565
138	104	0.25238646400524595
138	35	0.24840293552820056
138	128	0.2413432956262753
127	24	0.6270926337610675
127	129	0.6049197102147915
127	130	0.528109621751808
127	26	0.4922382077583017
127	39	0.4264749519397012
127	27	0.4064238614772304
127	126	0.39515982162115904
127	123	0.3868497180340352
127	145	0.3781506886182912
127	144	0.3568573576857918
127	146	0.3536855331011876
127	104	0.3085300531542464
127	125	0.2872808680465311
127	73	0.27657541030709865
127	128	0.2697090303715361
127	134	0.2555110640228889
127	56	0.2508128124406203
127	40	0.2462999859179834
146	140	0.5352825042488267
146	134	0.4643477353855329
146	123	0.449760495465304
146	2	0.3940200185018949
146	130	0.37266125561878427
146	144	0.36136062436191213
146	141	0.3469920629268562
146	24	0.3430277152116078
146	126	0.3269416344698229
146	39	0.2939277182462053
146	30	0.29365361213527946
146	125	0.28037590307204685
146	128	0.2787442358813411
146	26	0.2786888968568237
146	40	0.27863355598159073
146	48	0.27545759445725315
146	72	0.2647689812898799
146	129	0.2580517143720445
146	178	0.2574542338177223
146	7	0.24423232897601466
146	145	0.2389592088565939
146	100	0.23838395699342235
35	67	0.6324746389503971
35	62	0.6247205005215134
35	45	0.5158071240997509
35	171	0.4477879508834471
35	7	0.3399977633838692
35	134	0.3196614663898503
35	50	0.30957925585869595
35	31	0.30790560196424777
35	68	0.3052691321670787
35	147	0.2839561847180018
35	54	0.26481547554365664
35	30	0.2600667521883514
35	2	0.2468071600246652
35	140	0.24095713853777986
35	153	0.2357129823714117
35	64	0.23540129313920985
67	171	0.5660151754260484
67	31	0.4982308107907272
67	62	0.5769775166295497
67	68	0.4913360148718141
67	45	0.4647947143045115
67	54	0.454867013917069
67	50	0.4227042332666081
67	30	0.3335345712269584
67	189	0.32161734038947937
67	7	0.30850290862681834
67	147	0.30554115047436425
67	94	0.2842871236723843
67	32	0.27554076347539924
67	64	0.2674914608153056
67	28	0.2661261058961867
67	178	0.2521242811837266
67	168	0.2504566832009031
62	60	0.4782478061986336
62	31	0.4617867851099217
62	171	0.4335417378948913
62	45	0.4146551875129095
62	165	0.3722995271159353
62	189	0.3664445928974929
62	68	0.3569533457283495
62	50	0.3070816446560589
62	94	0.30574966407674004
62	141	0.2844801401209838
62	54	0.2586583285902789
62	64	0.2432070743249522
62	158	0.23516513268821385
45	153	0.4080671383538732
45	171	0.4018053424857899
45	147	0.39276060518987893
45	7	0.381308605393274
45	50	0.3315511763428529
45	178	0.30324556999312896
45	94	0.30101012326902515
45	189	0.2967846688735916
45	168	0.2539400714572768
45	31	0.24580207271954085
171	189	0.5151462687820338
171	168	0.3881924449388768
171	180	0.3567526348626095
171	31	0.3328233778607829
171	158	0.29646546412823715
171	170	0.2826317528827384
171	141	0.28090101102663256
171	165	0.2657172202097704
171	68	0.25624933898170904
171	153	0.2487594543311356
31	50	0.3145166046596389
31	68	0.3106548103318349
31	60	0.2759565466724336
31	32	0.26649773707436725
31	165	0.2648898637886783
31	30	0.2558101480692815
31	28	0.2514124555811062
31	2	0.24123970000095885
24	39	0.5547312681244161
24	26	0.5454842485385443
24	129	0.4872745323905542
24	40	0.4405072428202581
24	104	0.42776670864210253
24	27	0.4120599965992856
24	2	0.3785619749203841
24	144	0.3295826740340841
24	130	0.32788800186177003
24	145	0.3158675852457533
24	134	0.27739712820028817
24	7	0.27013551566697497
129	130	0.5565078735546494
129	144	0.4513783785516717
129	126	0.4473401265006721
129	26	0.4258529799376074
129	128	0.41682234817593
129	27	0.38698576517941136
129	123	0.3748894101325665
129	125	0.36183001871069104
129	104	0.3346184103834309
129	40	0.3145976995013946
129	39	0.30258255258850264
129	7	0.3005280681693097
129	133	0.2901408008351339
129	131	0.24926597035784676
129	29	0.24445799988048636
129	153	0.2376387100607294
39	2	0.5694036915366943
39	104	0.3983784495054299
39	10	0.3361804225714604
39	13	0.32768271380835323
39	178	0.3037176774096708
39	141	0.2969943958917017
39	145	0.2947862708887187
39	134	0.2858857059515189
39	26	0.25956320426743784
39	50	0.2481777310709879
39	131	0.2464972363392575
39	140	0.24468364430632425
39	40	0.24361159763252935
131	132	0.475574768225444
131	28	0.4519833266543496
131	133	0.3091180611337441
131	79	0.29954529206080144
131	55	0.24417590711511086
131	50	0.23456988524162325
131	104	0.2321587569728429
150	20	0.6106768328168443
150	124	0.5192921100268768
150	40	0.3533967802501136
150	144	0.27148844024776336
150	135	0.2499692386073681
150	109	0.24409127122402066
150	128	0.2429153887440074
150	48	0.2344281337097496
117	192	0.30897334261347675
117	188	0.3074167158894057
117	20	0.2423695364735155
193	194	0.6244948503839473
193	191	0.5123049832156057
193	183	0.4525321960321512
193	181	0.4293177758569664
193	187	0.4249848201779892
193	13	0.3859224488509325
193	55	0.38075297532243785
193	159	0.3781421185653169
193	10	0.34686011658395594
193	196	0.34155337758100746
193	180	0.30916328273597976
193	173	0.3008464236782269
193	73	0.2699964560127989
193	162	0.26208884052643217
193	190	0.2513749835332015
194	183	0.5529218193205637
194	159	0.43853860454008187
194	196	0.4916090585751612
194	191	0.4635786921132679
194	190	0.43534273381143584
194	181	0.4252879460232886
194	180	0.3448176003059593
194	55	0.2843974216088586
194	187	0.2809931179012345
194	162	0.2498848603251407
191	87	0.5235951378785938
191	59	0.2224099020827392
191	196	0.4897413350833782
191	183	0.461007543684094
191	159	0.4135118096861639
191	181	0.4067493895242841
191	192	0.3788189529773818
191	83	0.3653792796862497
191	187	0.3368454918019285
191	190	0.3304648474126745
191	179	0.3255923745469944
191	10	0.3100945364664593
191	173	0.28850980362622586
191	13	0.26956993618949543
191	180	0.243846746653748
183	181	0.4906302048646587
183	187	0.450884560730947
183	196	0.4476840116598417
183	87	0.2836435691275891
183	162	0.2759103536358911
183	161	0.25868632124912605
183	190	0.2555577991305913
183	76	0.2366477589264825
183	55	0.2362417985711477
159	180	0.4228438478249005
159	189	0.3780135599935444
159	179	0.326343120311993
159	196	0.30777886932239995
159	184	0.30246445024967306
159	187	0.2783752741022462
159	168	0.2615299670449925
159	173	0.23841225198373314
109	0	0.3220834747795833
109	153	0.3053960802467555
109	10	0.24764276299777604
196	165	0.3654745906331716
196	181	0.3426482565098724
196	190	0.29058948798451256
196	180	0.2682340604003588
196	173	0.25020360280146325
196	87	0.2386951796186521
196	158	0.23641174550883906
190	181	0.4315501246077533
190	83	0.3978062142411569
190	32	0.2711456770426727
190	55	0.26077520964096457
2	134	0.5168045862619709
2	104	0.4697971469284167
2	140	0.4539862330108134
2	7	0.37928136628860215
2	100	0.3429041828017857
2	50	0.33524876218791144
2	69	0.32555661449706
2	141	0.3232123064903205
2	10	0.3025371297113885
2	144	0.2855642795256201
2	32	0.2797308040211691
2	40	0.27172925969058725
2	66	0.2584157073532318
2	26	0.2372329516507617
2	0	0.2312408313071739
48	153	0.3133627592623618
48	168	0.2365816779832633
72	178	0.25535215572559145
72	30	0.24784925981783276
72	56	0.2463657383264243
13	10	0.5289023711577724
13	158	0.35359803935258444
13	173	0.3418713413351922
13	170	0.29455797880550794
13	73	0.2499879888212211
13	189	0.2447776549971439
13	141	0.23398391437627064
73	58	0.395100750577204
73	56	0.3436628372697911
73	55	0.35347553770937784
73	184	0.3184309195894601
73	78	0.3021191747841345
73	128	0.2793897209839097
73	57	0.2605328741802947
76	187	0.4140588055907692
76	188	0.3609519282846656
76	78	0.3100674209728629
76	20	0.302164610297961
76	60	0.2696255752124823
76	163	0.2444203899012922
78	58	0.3341476707675934
78	135	0.3185657034129661
78	188	0.2655685107912734
78	178	0.25241455282474395
78	192	0.24807450339381704
78	20	0.2477554004174065
78	147	0.2433764199670525
78	144	0.2431506224821108
78	56	0.2413150428193153
78	94	0.2381481496729024
188	187	0.4780549633870216
188	192	0.3131372906584162
188	89	0.2812878251094136
188	180	0.2405709051429584
27	26	0.5548004916061589
27	130	0.5362877413049754
27	123	0.3918722130823088
27	126	0.3143093414298759
27	40	0.2955804649235315
27	125	0.29294985212669955
27	144	0.28130624254898795
27	29	0.2570526909430177
27	87	0.2534722548775195
27	135	0.2498192301482881
27	100	0.2423883615224164
27	128	0.2380726853986246
26	29	0.3237137146143545
26	40	0.4118607273222875
26	130	0.4019143486119516
26	144	0.3818297923873934
26	7	0.3461033592988604
26	104	0.31499409705176656
26	126	0.306755556310412
26	153	0.25684721606530386
50	94	0.6112596802720225
50	66	0.5750664710537616
50	89	0.4826627796461797
50	122	0.4007482317486534
50	54	0.36928073008682505
50	178	0.35929834018905216
50	64	0.34233931221145003
50	28	0.3155524707375529
50	147	0.3068552020608065
50	104	0.29701263166995706
50	60	0.2951332104089849
50	135	0.28916973513367106
50	69	0.28357919960683564
50	133	0.2699315576523802
50	87	0.2400243960782485
94	66	0.4626046151291493
94	64	0.3432482792887641
94	89	0.3416593741909102
94	54	0.333374585779601
94	20	0.31644361442767843
94	69	0.30563181216451096
94	60	0.2930229848433372
94	122	0.2917335190212627
94	124	0.24264248181356854
94	147	0.2344470344901321
94	0	0.2333221300220673
66	89	0.4062902816487941
66	170	0.3400508263925809
66	60	0.3379531937128227
66	122	0.32972528655420497
66	147	0.32735240288121314
66	104	0.30462515706199417
66	192	0.2940556178918171
66	28	0.2454637935174752
89	192	0.6032812505859528
89	87	0.5328093182494625
89	122	0.4480677271067404
89	178	0.3984962241815512
89	135	0.3122170131029406
89	147	0.3121448096567047
89	179	0.27134949048629564
89	104	0.2570807084443724
89	71	0.2447212491348211
20	124	0.3872408081676229
126	130	0.6098861118174146
126	144	0.5915584003357298
126	128	0.5876376557109646
126	123	0.5370851449307793
126	124	0.3580087163982605
126	125	0.3486534088137634
126	40	0.2502973402715201
130	125	0.5312104864903915
130	128	0.5651310104705672
130	144	0.5398189058698479
130	123	0.461141403439637
130	104	0.2991174037210356
130	133	0.2865191867504042
130	40	0.28140753476199426
130	29	0.2402411334158456
144	40	0.5499293298441383
144	123	0.4752961422244442
144	104	0.41696280227413796
144	128	0.40305403715620897
144	124	0.4018304987565471
144	7	0.3595160468047945
144	69	0.33484039943825805
144	125	0.3162546305497144
128	124	0.5729745129469751
128	133	0.5078438680797344
128	125	0.5150507612246962
128	123	0.3320406276401217
128	29	0.236600558476118
123	140	0.2989626059586725
123	125	0.2972770261033064
123	40	0.263662055157547
125	133	0.3748894101325665
125	122	0.3576337719046463
125	124	0.34075812617576545
125	178	0.2591621299418925
125	29	0.2460839263293388
140	134	0.485946547245999
140	141	0.44413486097497096
140	7	0.2399301549876178
140	100	0.2385820134243811
140	29	0.2366949582598721
32	68	0.6036690993658312
32	79	0.3926844859797571
32	134	0.3943663093120896
32	30	0.3693843613031326
32	100	0.28473745951159296
32	54	0.28345964943137497
32	181	0.268837187976582
68	54	0.5087783088553294
68	30	0.5027353822304852
68	133	0.3152552990125508
68	64	0.30422593403184955
68	134	0.28372632618406235
68	69	0.2638946604005745
68	60	0.2437620963074493
79	104	0.3762637173069677
79	181	0.3627508889552002
79	135	0.3393696867928806
79	132	0.26277787575056943
54	64	0.4634923272819737
54	55	0.33213849645749594
54	30	0.33028667704231635
54	133	0.2850590510519587
54	57	0.27413557855802856
54	162	0.26888357368135124
54	58	0.2339082928386691
30	100	0.3618995430210689
30	134	0.300737280766997
30	57	0.2833952726102039
30	162	0.2802100446198139
30	56	0.2341067933364732
192	87	0.4530330383833769
192	179	0.4313954966778799
192	173	0.3516453232354318
192	10	0.3156064953129256
192	170	0.3127945107726571
192	122	0.3043166759290495
192	184	0.2648898637886783
192	178	0.2468165508637453
192	153	0.2438843678373417
87	83	0.4458510998003537
87	122	0.2887573101052062
87	181	0.2797123689044886
122	173	0.31849382030975143
122	178	0.3129749314021411
122	71	0.28924304390676303
122	135	0.24596179487177397
122	170	0.2319411418251309
178	153	0.32564601287541434
178	135	0.2500911116456627
178	69	0.2413338780694104
181	55	0.3276470083788073
181	83	0.26023457008183826
181	162	0.24552017753855765
181	100	0.2371197019641203
55	64	0.32197591915484003
55	83	0.3209178464718641
55	162	0.3208640247314383
55	57	0.2692638893989344
55	158	0.2569032569720555
162	100	0.3645471499979546
162	57	0.3410762853363063
162	56	0.3331167910617764
162	134	0.23432417624989424
28	132	0.5968694683626401
28	133	0.2555764928392684
40	7	0.413694174849304
40	104	0.3613780126062245
40	69	0.28954540672750617
40	124	0.2744222575884957
124	133	0.30422593403184955
133	29	0.23740281409027025
133	134	0.2346643807216226
180	189	0.5773843025448704
180	170	0.4621171572600098
180	173	0.4602039446026791
180	158	0.4443435503704165
180	179	0.4154332614202423
180	141	0.3175140483236291
189	158	0.4894524230288679
189	165	0.4313548009038429
189	170	0.42093678927989137
189	168	0.3801542968359433
189	179	0.3168754832473546
189	173	0.30918137098542503
189	60	0.3081499840595982
189	141	0.2633363563025615
170	173	0.5022719384123315
170	179	0.4868626397437547
170	141	0.3812060482513614
170	158	0.3477307085245758
170	168	0.2796109720761084
170	165	0.2733030086533813
170	10	0.2477272416902737
158	173	0.4183744972074472
158	64	0.28833560928182433
158	165	0.27781244920323983
158	179	0.2555951863568396
158	141	0.2391477795412398
29	135	0.2846455644373872
29	7	0.2541552272082744
141	134	0.3778678426535776
58	161	0.2903422680014896
58	83	0.27926986425141376
58	56	0.26448068944675673
58	163	0.24973484511952335
56	57	0.4231722734904183
56	161	0.3500230304152871
56	163	0.2410513302335885
134	100	0.38285436965022257
134	104	0.2643690799092751
104	10	0.421635929348322
104	7	0.3866286055024433
104	100	0.32171595875167003
104	135	0.3050061337722025
104	69	0.28002573782716955
69	7	0.3107270880225131
69	60	0.2581263855753794
165	60	0.2919622252246515
165	179	0.2481589628215572
7	147	0.5143377241836047
7	135	0.3755252324961615
7	153	0.2570900475154566
153	168	0.37747345481820943
153	147	0.2853162780887417
153	10	0.281656134513168
168	179	0.4184569900338913
10	0	0.2996818268177265
10	173	0.28996678576436097
10	179	0.25893823562251145
147	135	0.4432915865944169
135	0	0.23562798102331356
173	179	0.36792404279837576
173	184	0.23140173468560976
187	184	0.3174061420332415
161	163	0.3920922640609053
163	184	0.3942987491636316
