181	185	0.8260273601363143
181	193	0.7484712903329099
181	79	0.6886323890110894
181	81	0.6490700005061629
181	198	0.6304725100685291
181	184	0.6262424311382547
181	195	0.6231999248288062
181	182	0.6142262621549455
181	183	0.6080426688555127
181	7	0.6039486818787736
181	194	0.5897547870322969
181	78	0.5897026094273551
181	197	0.5700250829258117
181	190	0.5571633108765812
181	88	0.5447884505492363
181	74	0.5405412753315066
181	147	0.5326875678036083
181	167	0.526188801363287
181	75	0.5183785978975329
181	186	0.4960023032430625
181	31	0.4930031057833487
181	93	0.487129631906382
181	95	0.4564992599104689
181	83	0.4518560036761898
181	96	0.4440866950379824
181	100	0.4382801094281328
181	90	0.4290077645224185
181	63	0.4281506287787537
181	73	0.4153256916347097
181	199	0.4117527733464675
181	135	0.4116281967051391
181	87	0.408600426980602
181	84	0.3968377588735885
181	196	0.3873683074442016
181	160	0.37845916735085583
181	77	0.373823187198178
181	28	0.3673359460629328
181	163	0.3653706146747701
181	166	0.3651539688117924
181	80	0.35946380078513485
181	98	0.3549360161490702
181	19	0.35168913974333416
181	120	0.3473174718417701
181	76	0.3429041828017857
181	188	0.3421715685815634
181	161	0.33910421130783946
181	99	0.33880327378919745
181	187	0.3356392521994216
181	85	0.3344319108717959
181	121	0.32535991757635035
181	22	0.3251363641661693
181	104	0.3219400654327983
181	129	0.31337177727191345
181	125	0.3081952355417145
181	30	0.3060034671420675
181	21	0.29122109608972624
181	189	0.2856377540903072
181	26	0.28160089339038075
181	55	0.2720719056128781
181	16	0.2690134470189223
181	162	0.2673243320728081
181	128	0.2626754685341622
181	177	0.259936216296661
181	117	0.2582383865978799
181	148	0.2560437734155169
181	159	0.2535658276869972
181	191	0.2425389553419328
181	58	0.2418423610523537
181	15	0.23559020148907475
181	101	0.2328114629075705
181	133	0.2317897436788728
181	172	0.2288447195748783
181	34	0.21758529656256667
181	132	0.21355187072943485
181	69	0.20955895612038467
181	180	0.2025018377569302
181	118	0.19976713681626584
181	106	0.19479836808041626
181	158	0.19317196362453845
181	29	0.18931826810395785
181	68	0.18798738238381246
181	27	0.18544907552311288
181	82	0.18285996376788768
181	123	0.1807423478341152
181	23	0.18026831310994804
181	94	0.1785746497029115
181	97	0.16905140487830078
181	25	0.16850735732224498
181	91	0.16784659012612088
181	2	0.16682599173374055
181	175	0.1645210439848801
181	32	0.1602078361931272
181	70	0.15957445358297676
181	119	0.15899942327489205
181	18	0.1554201313248587
181	43	0.1497160865112847
185	193	0.7978614861880029
185	74	0.7079938724561959
185	167	0.6664004949100246
185	184	0.731455261127533
185	81	0.6994536216455429
185	88	0.6786299578656946
185	79	0.6770299428312582
185	78	0.6651589718256952
185	194	0.6635445141963162
185	195	0.6290605692724633
185	198	0.6243057118576635
185	183	0.6209009810227183
185	90	0.6207411899179022
185	73	0.6047167678511491
185	75	0.5992268448144582
185	182	0.587892923170542
185	190	0.5746714509267441
185	7	0.5536711911962788
185	96	0.5342686031131619
185	31	0.52331926071165
185	186	0.5187222174592123
185	147	0.518203067992058
185	93	0.4977720941379947
185	87	0.4869160454574818
185	84	0.4777694714249024
185	161	0.4650141961794466
185	76	0.4636336469656006
185	160	0.4633274245127169
185	83	0.4472681337893859
185	80	0.4373424569085521
185	197	0.4282077951580882
185	77	0.4194628463994873
185	187	0.41799494130898496
185	63	0.410256838866214
185	162	0.4037824478256468
185	188	0.4012517511303801
185	95	0.3990428630063397
185	22	0.3943663093120896
185	28	0.38690073768749705
185	100	0.37705319536227294
185	163	0.37496675873632745
185	104	0.3734101901358525
185	85	0.3508037476513096
185	196	0.3491715822348178
185	191	0.3488554339938647
185	55	0.34493213827792946
185	120	0.3357013649804628
185	125	0.3355061435550896
185	19	0.3342009704189794
185	58	0.33315235191606124
185	159	0.3318448685585357
185	148	0.3294489611355224
185	121	0.32603929655537034
185	135	0.3174331193765801
185	21	0.3068733187473193
185	199	0.3060669111144453
185	129	0.3048428699840985
185	189	0.3010464985472603
185	26	0.2996454187492054
185	166	0.29663875492838176
185	158	0.29100143507559645
185	23	0.2844893308053366
185	34	0.2767785692716217
185	128	0.27637222661801103
185	30	0.2719422639127194
185	123	0.2611852409346816
185	177	0.2611759230876459
185	16	0.2598616200925231
185	99	0.2470043579085077
185	178	0.2352784931719019
185	69	0.23136387620572185
185	118	0.2291195140578012
185	117	0.2244430736842676
185	132	0.21721372896172225
185	15	0.2172042007590665
185	27	0.20889916214143736
185	133	0.20889916214143736
185	91	0.2088322158827916
185	130	0.20432322149228666
185	98	0.1907930024340185
185	82	0.18542010710274495
185	56	0.18072300112010836
185	180	0.17845847388260433
185	2	0.17599825645922607
185	25	0.17432133496643926
185	116	0.16571750863994356
185	20	0.16011040128754625
185	92	0.15984731146257872
185	175	0.1597596098057852
185	127	0.15928207879695486
185	59	0.15836579040920062
185	97	0.15456127084761054
185	86	0.14564682158105008
185	33	0.14444269846080493
193	182	0.7560802080538699
193	88	0.7469766130210198
193	195	0.7059932386741389
193	194	0.6949156606482315
193	160	0.5147641618118497
193	81	0.7208633632851543
193	78	0.7177506373436713
193	184	0.6721584106649228
193	147	0.62607221157818
193	198	0.6213800448516038
193	75	0.6193623910185929
193	183	0.6187949888550156
193	7	0.6017780310882104
193	76	0.5970754280057584
193	90	0.5836825263547679
193	31	0.5802304169659843
193	79	0.579141516200641
193	167	0.5705783827300551
193	186	0.5506125875743421
193	73	0.5477981497742238
193	80	0.5462985713451188
193	187	0.5453086128569299
193	74	0.5415102638766371
193	87	0.5347686059782215
193	96	0.5341471173801564
193	197	0.5115744447702407
193	84	0.503064102634745
193	85	0.4980127671352183
193	188	0.4601645330793764
193	199	0.4433799664670924
193	83	0.4408456805999443
193	77	0.438966577491133
193	93	0.4360313840150529
193	95	0.4320463902453364
193	22	0.4246160251171685
193	34	0.4160288221258266
193	190	0.41135407394385903
193	161	0.4073917954969542
193	135	0.39870650341812813
193	148	0.3898303775349479
193	125	0.3890838532283997
193	189	0.3877337232465513
193	191	0.3808897713350776
193	69	0.3807700757356505
193	26	0.3804194652182153
193	28	0.3787589966535378
193	21	0.3742188369982277
193	27	0.3736683306593885
193	129	0.3596031184953462
193	196	0.3523549608612085
193	19	0.3478449841941667
193	162	0.34590969781383885
193	120	0.3349735750344094
193	91	0.3318270708607524
193	130	0.3312129056899656
193	15	0.3289318136151942
193	94	0.3265932774940655
193	82	0.3232749924383026
193	58	0.3227823835979132
193	180	0.3221999839911726
193	16	0.3215276812775497
193	98	0.3204333762250339
193	63	0.3190867463001446
193	18	0.3185207769027709
193	104	0.3139037397522252
193	178	0.3074619899416076
193	133	0.3005280681693097
193	121	0.2891055871748007
193	118	0.2870331320169285
193	128	0.28489366912715985
193	2	0.2794634746459759
193	117	0.2794265982271175
193	123	0.27747097062809783
193	166	0.2728032699973648
193	163	0.26568933815675
193	177	0.2642481615855913
193	159	0.26072860921888985
193	23	0.2565483020650017
193	100	0.25522127970900105
193	132	0.2486468767230409
193	116	0.2394588817301939
193	43	0.2309663198795751
193	39	0.2289300045266061
193	33	0.21477316259280935
193	86	0.21437250002948613
193	175	0.212396754139432
193	30	0.21152763866265192
193	24	0.20707178546753852
193	119	0.1943172944664316
193	149	0.19254614014806276
193	68	0.1900605618662222
193	55	0.185854599542528
193	25	0.1839712761499593
193	172	0.17678305434502842
193	97	0.17582382650475348
193	106	0.1601591191304639
193	29	0.15873623780325855
193	17	0.1555957784340245
193	99	0.15479552874863794
193	126	0.1538193396200426
193	66	0.15220797175636444
193	169	0.14953034006201232
74	167	0.6095845648774201
74	184	0.6025620221304817
74	73	0.5572943151253128
74	78	0.5564250321444187
74	104	0.5169877908428169
74	81	0.5167093011682667
74	88	0.5144627408911946
74	90	0.5084595469459948
74	195	0.4765414788427608
74	79	0.4762941104991344
74	194	0.4600857045919822
74	22	0.44779594570715736
74	75	0.4409101307336735
74	183	0.4392006671046062
74	28	0.4333143386592363
74	161	0.43008421140197933
74	31	0.4139842328344989
74	182	0.41148699124668897
74	23	0.4084254723758782
74	123	0.40701641233845137
74	129	0.4038577714642853
74	84	0.39806712462428223
74	148	0.39547199998827376
74	7	0.3893808275888033
74	162	0.3877592128268442
74	19	0.3825727046389013
74	80	0.3760147467187923
74	121	0.3753620145006009
74	198	0.3686155446337195
74	125	0.36710235553919895
74	147	0.3656305374707064
74	34	0.363844587342565
74	186	0.3619864427479583
74	132	0.35908930503897285
74	187	0.35485735179821004
74	96	0.3542978159928332
74	188	0.352775295808664
74	190	0.3499791554535524
74	93	0.3482668355832475
74	26	0.3475372953934888
74	21	0.33033122184219993
74	100	0.3287266832115526
74	196	0.324000151950906
74	158	0.3204423494207945
74	77	0.31472383790521685
74	33	0.31210870658123635
74	76	0.3118830419391437
74	55	0.3013283772438373
74	160	0.2988897545076201
74	87	0.29861653054226844
74	58	0.2936810249204577
74	163	0.29234637648064565
74	130	0.2867670023973376
74	128	0.28258574626801714
74	63	0.2781169519561624
74	135	0.27025602491871115
74	120	0.2699315576523802
74	131	0.26844749884119296
74	116	0.2678256700121702
74	2	0.25463222195070445
74	189	0.2425107198908411
74	197	0.2420871388462759
74	20	0.2413715480241206
74	29	0.2405332197547543
74	118	0.23828963743640502
74	85	0.23244256789103984
74	16	0.2297542443716729
74	15	0.21751860958225774
74	166	0.21484947108061567
74	30	0.21221531817211944
74	127	0.2049172624159485
74	18	0.20446695488917185
74	134	0.20403572827210145
74	178	0.1975963500731462
74	69	0.1967409493102098
74	27	0.1939804872973994
74	143	0.19379762996175226
74	99	0.19186236933760448
74	83	0.18757254475620944
74	25	0.17755794279135897
74	115	0.17064409334751085
74	199	0.16830331299800982
74	175	0.16284712749619665
74	56	0.1626718958152616
74	133	0.1608410869023171
74	149	0.15941852384412067
74	94	0.15598607010360788
74	39	0.15166089885232487
167	78	0.5859788476381466
167	184	0.5766171720423194
167	182	0.5554162422118197
167	187	0.5266225395815144
167	31	0.5177054961407136
167	147	0.5022195959691154
167	73	0.4860382046150756
167	88	0.4765569368598098
167	75	0.4573537753854542
167	104	0.4546211194917828
167	84	0.4494413518683645
167	81	0.4475080869501156
167	125	0.4421659991840435
167	183	0.4363552781594353
167	7	0.43575598514266506
167	79	0.42591846964550695
167	194	0.4229177532893906
167	186	0.4126077838728139
167	77	0.4092083688912065
167	28	0.3965344084240372
167	63	0.38795461323904695
167	80	0.3869942675666836
167	76	0.3865520561900696
167	148	0.3840314700885582
167	90	0.3801029667025669
167	130	0.3764353895088823
167	198	0.3753104671382432
167	166	0.3748292464987231
167	161	0.3655525666172435
167	129	0.3650412973286321
167	135	0.36411351830677785
167	21	0.3640094231974908
167	58	0.35337052665031204
167	195	0.34645539552958915
167	188	0.34368047506564514
167	96	0.3401304168457264
167	189	0.3306875272572262
167	22	0.3275845216251045
167	26	0.32693270334894725
167	162	0.3242507359038005
167	34	0.3060850374644038
167	30	0.3053870128867228
167	93	0.3044799974259589
167	27	0.30207373789759323
167	23	0.2966661148483655
167	2	0.293845491486562
167	69	0.2931875209187104
167	175	0.2930412674867971
167	196	0.2878495978906015
167	134	0.27276624645834363
167	39	0.2715347543203786
167	199	0.2628709680828002
167	132	0.25501559850194633
167	19	0.25357518470698104
167	123	0.2519931758883499
167	55	0.24967858632617604
167	159	0.24873131055909675
167	128	0.24862811313511946
167	100	0.2407593212028815
167	85	0.23360577839421776
167	160	0.2313070871720469
167	143	0.2310893812765675
167	91	0.21788060019245456
167	15	0.21751860958225774
167	118	0.21728995309268145
167	158	0.21306507599887886
167	127	0.20804784267403184
167	97	0.2065644555604738
167	37	0.2041219799359536
167	163	0.20181126222532772
167	131	0.19916220211591235
167	116	0.19298904684063545
167	87	0.1907255496711471
167	33	0.18954965564850876
167	120	0.18946288778500545
167	190	0.18681022688581533
167	61	0.18332387288581764
167	29	0.1824539764733211
167	32	0.1813033416400589
167	18	0.17143039777185806
167	43	0.1713527477776006
167	177	0.17101300403332484
167	121	0.17061496678060914
167	92	0.16886682884370605
167	141	0.16826444577657795
167	180	0.1572541810890087
167	59	0.1468211601749832
167	119	0.14445248980973036
96	198	0.8180189272628857
96	78	0.6549166665756937
96	81	0.6381105575487013
96	95	0.634193444886062
96	75	0.6126670558925064
96	88	0.5941718920700497
96	191	0.581052357672516
96	87	0.5591392090335374
96	83	0.5551326574024565
96	31	0.5479521129979334
96	183	0.5417858446503416
96	182	0.540066867452803
96	7	0.5381942164858317
96	177	0.5342900394813639
96	76	0.5280519312963873
96	79	0.5238346263729713
96	11	0.517280819679904
96	90	0.5139478258803217
96	85	0.4974184666489826
96	197	0.4966579842290659
96	184	0.4844250045245988
96	199	0.4533191056995665
96	82	0.4527866278548148
96	73	0.4514420768561228
96	194	0.4504861193821769
96	98	0.4453061072323621
96	190	0.442423399308244
96	147	0.4416268317521708
96	195	0.4321683827259612
96	84	0.41420793442949133
96	93	0.4140256628296444
96	186	0.4104065318890412
96	80	0.3848666249433476
96	187	0.3800773007578624
96	176	0.3678635170067409
96	192	0.3640701464499107
96	112	0.3640094231974908
96	107	0.3181972637950286
96	77	0.314102048231353
96	159	0.3106457753678794
96	178	0.3022736499294815
96	71	0.2930321261918541
96	54	0.28516010942983
96	189	0.2833400904448005
96	188	0.2671757596871167
96	160	0.2641272349539865
96	97	0.2612038764827309
96	9	0.2473705282665279
96	86	0.2429342084948509
96	161	0.2408817819127323
96	16	0.22485137313578
96	91	0.22415816691720708
96	26	0.21679444891027286
96	129	0.21676585871932794
96	118	0.2119670136659988
96	162	0.20648786780495665
96	133	0.19975753586617614
96	72	0.18289862597442227
96	125	0.17097417358562705
96	69	0.16828387945270112
96	29	0.1663787596640141
96	135	0.16445293790282342
96	120	0.16384964422445306
96	119	0.16273030751633366
96	22	0.15482480976298044
96	66	0.15468816270302407
96	18	0.1508596602314796
96	116	0.15062511381682114
96	89	0.1482004791184501
198	95	0.6568085454789143
198	177	0.5400172826338383
198	183	0.6475105565995284
198	79	0.644059445834081
198	81	0.6269651984670332
198	78	0.5787293192822293
198	197	0.5734847828040077
198	195	0.5698157738104692
198	7	0.5530606594575079
198	88	0.5460810515745639
198	190	0.5330885447631061
198	199	0.5251032573578165
198	182	0.524335107522796
198	83	0.5094820558957677
198	87	0.4977720941379947
198	75	0.4967935716587034
198	93	0.4752651778926842
198	31	0.4717819559932554
198	191	0.4668227400078119
198	11	0.4593285821183396
198	184	0.4557231366880616
198	194	0.43798113405694
198	90	0.42966845618378796
198	147	0.426090358894726
198	98	0.4221948807411518
198	85	0.4138599325584333
198	73	0.4090335186809671
198	176	0.3841337677534022
198	76	0.3825214851757128
198	186	0.3656305374707064
198	160	0.3532480024916876
198	82	0.30942554045403153
198	84	0.3058765710436725
198	166	0.30287322644931064
198	80	0.2958998531348337
198	16	0.28791379657955657
198	196	0.2757625273549833
198	77	0.26709218213744257
198	97	0.2568285353791927
198	112	0.256641717964992
198	159	0.253631325830296
198	187	0.2503723268691606
198	192	0.2409288801437949
198	99	0.23992073062979896
198	162	0.2340406286716574
198	161	0.2339082928386691
198	100	0.2296784659400258
198	188	0.2186044015128619
198	26	0.218252054547053
198	135	0.20896610644220945
198	163	0.20814351229284295
198	71	0.20687078126192104
198	189	0.2038632154422981
198	22	0.2004487061262276
198	125	0.19359550881838725
198	91	0.19266168859576888
198	117	0.1919105283171312
198	63	0.1827053092870052
198	118	0.18194157038169045
198	133	0.17873922359130512
198	32	0.17700585726480028
198	86	0.1768896145251015
198	69	0.1743407271402707
198	15	0.16703014008729794
198	129	0.1610846096413192
198	120	0.16043192462533068
198	54	0.15972063048203014
198	178	0.1594380154966566
198	28	0.1580733004389253
198	89	0.1578587901595781
198	119	0.15532254535022358
198	180	0.1450105498823543
78	75	0.7590458195006354
78	81	0.7363275625492479
78	80	0.7227076064450283
78	77	0.5673389849217211
78	182	0.7299732040382791
78	31	0.7077643751791375
78	84	0.7004075027382061
78	88	0.6773980820008985
78	76	0.6651310927214066
78	7	0.6628555105331752
78	184	0.6606014346529998
78	147	0.611985744582104
78	73	0.5883181088763536
78	183	0.5718920780138566
78	186	0.567488154125585
78	189	0.5349613642269274
78	188	0.5341685576422922
78	79	0.5332173793878868
78	195	0.5285781759924367
78	187	0.5071459661962946
78	125	0.5029744660429842
78	90	0.5014115604915097
78	129	0.4939411472981529
78	86	0.4914725488009011
78	21	0.49029604866857596
78	22	0.4839656716233183
78	148	0.4806659830522256
78	87	0.4746224023857034
78	19	0.4740256395582799
78	194	0.4685649541099398
78	26	0.4610154183682376
78	28	0.4452179156409751
78	120	0.4324367105098628
78	69	0.4301575610439937
78	121	0.4269002795177461
78	104	0.4238534020375619
78	91	0.4216030398679207
78	123	0.4197594599274425
78	118	0.4193639553117667
78	23	0.41401737696783375
78	116	0.4102651557253549
78	197	0.4083838120934813
78	34	0.40807547313196735
78	16	0.4061483340507371
78	177	0.3999000938851041
78	85	0.39451830405949295
78	93	0.39029669525849264
78	18	0.3827860937566591
78	82	0.37839919195597177
78	27	0.3741242374756836
78	161	0.3734704280993044
78	95	0.36727539000473136
78	58	0.3595944116080645
78	132	0.3448880864272221
78	83	0.3376254113146126
78	135	0.33456512748256245
78	149	0.3337211966374068
78	191	0.33370342391552826
78	94	0.3293241505062343
78	133	0.32463547266499565
78	43	0.3221013999088186
78	2	0.320352614875549
78	25	0.31936515568281965
78	199	0.3120455240300825
78	162	0.3084848119960561
78	130	0.3026461423074398
78	160	0.2979150316928416
78	128	0.29421091044724057
78	190	0.2891972263211027
78	119	0.2883906200846491
78	15	0.2875193923477967
78	117	0.287115714961643
78	178	0.27932518382497723
78	29	0.27334002046736244
78	98	0.2622005941439313
78	115	0.2572114510692297
78	126	0.2551184419914925
78	124	0.2520587296926565
78	127	0.2446648416160284
78	159	0.22899633483725976
78	97	0.2286457076940042
78	143	0.2236167385212172
78	24	0.2090521748082659
78	33	0.20605701455715125
78	131	0.20067905191629207
78	152	0.2000743469563584
78	20	0.19275797488775476
78	68	0.1889132893172079
78	136	0.1860283761793667
78	17	0.1760563973220183
78	63	0.1687891090743992
78	112	0.16154237927179252
78	30	0.1547760079213203
78	39	0.15436604265255918
78	144	0.15336042685963805
78	180	0.1524228677582763
78	72	0.14948145766271292
78	65	0.1494130210761576
78	166	0.14762338712086528
95	197	0.6846048479313714
95	190	0.6104698567579135
95	83	0.5381302821605061
95	11	0.5327162169513555
95	75	0.4726289098650383
95	7	0.4666897764471224
95	82	0.4384739875618703
95	184	0.4151436239964553
95	191	0.4124750143381979
95	88	0.4031964104648667
95	99	0.4013608150548818
95	177	0.3781849681820272
95	81	0.3736769343470256
95	176	0.3708256080720464
95	87	0.3667821747959346
95	186	0.35533799988384696
95	79	0.3484074213820257
95	9	0.34817017375734993
95	73	0.33309901027924704
95	54	0.32908341179314354
95	90	0.3207474038514751
95	76	0.31943699431903266
95	159	0.3145166046596389
95	106	0.31169345644163365
95	16	0.3074167158894057
95	195	0.300737280766997
95	112	0.3004007072083317
95	100	0.2995817025292388
95	31	0.2959089775406035
95	5	0.2939277182462053
95	194	0.29365361213527946
95	163	0.2905162416619421
95	182	0.2832849064031268
95	183	0.2823464909178072
95	85	0.2673429027275476
95	192	0.2671757596871167
95	188	0.26346664305329986
95	98	0.25862100436936797
95	161	0.23409734137425264
95	147	0.2340595330828495
95	71	0.2335774153452441
95	26	0.22330321686382665
95	118	0.22053653203793008
95	101	0.21428663437425602
95	160	0.210046507343438
95	199	0.2083635372997112
95	109	0.1943172944664316
95	117	0.19290239736535147
95	77	0.191062795462536
95	59	0.18987741862811136
95	133	0.18145807780579867
95	107	0.17762573507104082
95	93	0.17736424127990294
95	15	0.17425346129326974
95	135	0.1708868031365578
95	84	0.16829359624170814
95	178	0.16395668915705078
95	187	0.1546491195985719
95	119	0.14936413692354522
95	80	0.14882636310447284
177	97	0.4147379901867244
177	11	0.3718773675360807
177	197	0.34337177863985274
177	31	0.3374127519072905
177	190	0.33149777085146986
177	83	0.3303935820900018
177	176	0.3237316186870557
177	75	0.31567852489734083
177	182	0.31208162868304873
177	183	0.3108806661835322
177	81	0.3039990551356995
177	184	0.2973134907244733
177	191	0.2946584314659816
177	7	0.29460363991283384
177	71	0.2909465150268665
177	87	0.2756886093221545
177	98	0.26318744539549543
177	88	0.2613436368860253
177	84	0.25863966657635873
177	112	0.2537810271380771
177	79	0.2534628973356409
177	147	0.2524520039223368
177	90	0.25207745892617234
177	82	0.2503723268691606
177	76	0.2439596080023991
177	194	0.2388932048578881
177	93	0.2294132195043277
177	73	0.22581958144017825
177	195	0.22202014769109485
177	85	0.2218585213931385
177	186	0.2145346816707948
177	16	0.20890872573285935
177	159	0.20289499222529356
177	199	0.1998055402330177
177	77	0.19865317119118145
177	161	0.19739454100868656
177	9	0.18940504089863544
177	162	0.17874890409690142
177	178	0.17777099856430725
177	189	0.17351644067385855
177	58	0.1667579391029516
177	80	0.1651242007359424
177	54	0.1555957784340245
177	187	0.14925658921795815
177	91	0.148053770365506
147	182	0.8099212233289411
147	187	0.7471842922855093
147	186	0.7464368497500441
147	135	0.6292478604111059
147	7	0.6585053297582361
147	31	0.6504913501634072
147	75	0.6304363584361731
147	188	0.6113411008100075
147	184	0.6073615149741923
147	80	0.5690792287521547
147	76	0.5574597545256303
147	189	0.5457511230420271
147	148	0.5132926130573635
147	77	0.4996052879481266
147	84	0.49950773032012297
147	15	0.4844250045245988
147	195	0.4821870746344599
147	26	0.4765337497237391
147	28	0.4721317215174673
147	130	0.4534303288904731
147	194	0.4446404483041561
147	43	0.4406442446321228
147	88	0.4354075696895608
147	197	0.4282077951580882
147	18	0.4237221374097956
147	21	0.41927329640400535
147	81	0.4131469798180356
147	125	0.4064155132468534
147	19	0.40434305909955054
147	2	0.4004292108573217
147	22	0.40037043325858257
147	39	0.3955732274115415
147	69	0.3952273273842
147	116	0.3920753386550518
147	129	0.3890583945185854
147	118	0.3883453094484979
147	199	0.3866966448635338
147	34	0.3727387541422828
147	73	0.3624382198918321
147	120	0.34747574864832226
147	24	0.34552228642310095
147	85	0.34307183105425304
147	178	0.3404840932282401
147	104	0.3346450510315723
147	27	0.3317469782974954
147	149	0.3282984850710465
147	97	0.3278612269146555
147	143	0.3198589721372882
147	128	0.3122350634009605
147	115	0.3107270880225131
147	25	0.30931702572509523
147	90	0.3030548690056954
147	16	0.3025643836025753
147	79	0.3020101239505889
147	127	0.297112924577473
147	162	0.2953979276973266
147	164	0.2950693063417064
147	23	0.2868404218877449
147	17	0.2827881656456899
147	123	0.280348261158962
147	132	0.2799888739908301
147	160	0.2792422037693923
147	161	0.2782922463737032
147	93	0.2770370994439001
147	183	0.2743667751295526
147	180	0.2720626458189034
147	58	0.2720070859970199
147	152	0.27067310692348984
147	82	0.2702282158428226
147	72	0.267417183360506
147	159	0.2642574632901024
147	98	0.252470729187504
147	87	0.2510939191605717
147	119	0.2445708254045679
147	94	0.24262365922970755
147	133	0.22997209184306824
147	126	0.22548740326860134
147	29	0.22338872735566712
147	172	0.2211072746305077
147	83	0.2038440465683563
147	131	0.20352773759265289
147	175	0.19474064419006676
147	112	0.1942306912810844
147	86	0.1822992982717415
147	117	0.18199958358421808
147	44	0.17559123605874513
147	191	0.17330305628178766
147	30	0.17203211294395634
147	91	0.166602384267519
147	121	0.16359661359435745
147	14	0.15485409050531854
147	136	0.1475353472911948
147	166	0.14497139077761895
147	65	0.14413915262345775
182	187	0.7210746528997528
182	31	0.6820354452314623
182	80	0.6434738814607714
182	75	0.6310505642590516
182	81	0.6185604384641631
182	186	0.6135033851528348
182	7	0.6048372743537908
182	184	0.5997457438636481
182	88	0.5970689929580038
182	76	0.596927402465761
182	195	0.5853678500700498
182	84	0.5637613964007266
182	135	0.5635294130934707
182	194	0.5534908687069763
182	189	0.5516500061050454
182	199	0.5335465110793592
182	183	0.5169291705285335
182	188	0.4921624338739918
182	21	0.4793037659528294
182	148	0.478741273674381
182	77	0.4762245245635915
182	125	0.4701944899187359
182	85	0.4511235393321174
182	28	0.4471241309785554
182	129	0.4383447400055456
182	79	0.4287874318749256
182	130	0.4235580315948765
182	15	0.4051625106811955
182	18	0.4032968975210125
182	69	0.39690515831716383
182	87	0.3968040575469228
182	19	0.3934285317006424
182	197	0.39139810483513016
182	27	0.3890244486477004
182	90	0.3885660760121355
182	43	0.3734101901358525
182	73	0.3732294573518625
182	118	0.37167915792494377
182	93	0.3679326890855511
182	160	0.3678808104081635
182	98	0.3652752953696659
182	22	0.3603777805441987
182	26	0.35825280425643424
182	94	0.3573110529242252
182	34	0.3513911571090939
182	116	0.3497334272946392
182	120	0.3250648193978017
182	180	0.3245639018616036
182	149	0.31817030102261296
182	178	0.31465176017813595
182	2	0.3086295787888065
182	39	0.3081318830762977
182	164	0.3008191386890965
182	128	0.30017325027723746
182	104	0.29959990743622944
182	132	0.28913307947513106
182	162	0.28882147215330345
182	97	0.2861519819832544
182	16	0.2799612255716877
182	24	0.2744222575884957
182	119	0.2740430910544684
182	123	0.27383960070489
182	83	0.27117347121723084
182	82	0.2696904851307236
182	133	0.2651316038078822
182	191	0.2617255927341318
182	25	0.2609988747479633
182	91	0.254725735812383
182	86	0.25337867732429925
182	196	0.2468635043637721
182	72	0.2410984243787535
182	60	0.2410513302335885
182	161	0.23718576506475786
182	115	0.2365722376698331
182	166	0.2358451995219979
182	117	0.2342013105243779
182	58	0.2332937630000069
182	143	0.2268537424918924
182	159	0.21798537576573648
182	17	0.21676585871932794
182	121	0.21607958268484695
182	23	0.2126736544854375
182	29	0.2114130050264505
182	175	0.21122193604184328
182	66	0.20493642251573255
182	112	0.2008422000949295
182	70	0.1951543022405217
182	44	0.19432691685562406
182	126	0.18545873159160936
182	172	0.1836717511607548
182	37	0.1799393418255728
182	33	0.16978959032790375
182	63	0.16946908578813227
182	176	0.16933310333069082
182	127	0.1675064305241264
182	131	0.16595090840239904
182	144	0.1647350814561589
182	152	0.16251612570559387
182	65	0.15535182146100476
187	186	0.7360939857775799
187	75	0.6447319130072418
187	76	0.6360489331248247
187	31	0.6170207866204607
187	135	0.6136966686017137
187	184	0.6080552743844739
187	188	0.6014334730253642
187	7	0.5345257941762735
187	80	0.48967291825975
187	88	0.4758146197352361
187	15	0.4746766319341765
187	2	0.4689940892600171
187	125	0.4688458675905288
187	28	0.4574882056112941
187	148	0.4462596274386324
187	189	0.4440385265341433
187	116	0.4419246204036883
187	130	0.4370755369756758
187	18	0.4360394827460611
187	73	0.4310210293485681
187	84	0.4289751258688273
187	43	0.42810979355265255
187	194	0.4276114630541151
187	39	0.4152925909020293
187	104	0.4143984555866184
187	77	0.40960791366712784
187	129	0.4062318350121559
187	26	0.4036736373490833
187	34	0.3969978255634613
187	118	0.3900169286337006
187	24	0.379606654735294
187	85	0.3785705417962644
187	178	0.373823187198178
187	22	0.3733929787107183
187	21	0.3708083581767465
187	72	0.3589063697238265
187	195	0.3517329547102845
187	123	0.3361449427854358
187	58	0.3310437384241188
187	128	0.3300906624460435
187	90	0.3274149002773069
187	69	0.3261733447551831
187	81	0.32206554941941096
187	115	0.32067563232175184
187	152	0.3204782416287479
187	143	0.3131282711798012
187	97	0.3130831729394727
187	27	0.3106186701392165
187	127	0.30558648201206223
187	19	0.2917243700790337
187	159	0.2880605267223215
187	199	0.28633559488120874
187	149	0.2852060429604707
187	23	0.2787073434039796
187	161	0.2717570443603646
187	197	0.270478481289037
187	82	0.27037652570297355
187	16	0.2692453393598825
187	37	0.26862379767561456
187	162	0.26496424888101605
187	132	0.2643225738450962
187	17	0.2604583028164728
187	164	0.25641751175267263
187	126	0.2509533710914469
187	120	0.2501567323072867
187	144	0.24586784228166605
187	131	0.2457456970077096
187	59	0.2444297924650401
187	119	0.2435081229872632
187	25	0.2370064458323999
187	133	0.22099313821391592
187	160	0.2176900862843259
187	54	0.21521190056122866
187	151	0.2028758154750362
187	155	0.2000743469563584
187	93	0.19783657712175384
187	64	0.19356663302732025
187	87	0.18912542908626687
187	98	0.18810313906124929
187	83	0.1811872836238141
187	33	0.17727707111532764
187	113	0.17720927017526578
187	14	0.17323515783466012
187	94	0.16383991267556738
187	29	0.16360634593991552
187	183	0.16204876679960972
187	138	0.16137681103636986
187	112	0.15791729444152516
187	142	0.15681527805479442
187	180	0.15426842403349705
187	124	0.15092806640439066
186	7	0.7166482699252861
186	75	0.74416087141222
186	188	0.6486936815044798
186	184	0.6917792975240596
186	31	0.6321145168340977
186	76	0.6245009504076712
186	135	0.6187826468470384
186	15	0.5326087763520294
186	189	0.5162766925501837
186	43	0.5112273642976671
186	28	0.5084373025400165
186	2	0.5079700132709297
186	26	0.495255494874535
186	84	0.4907137213772205
186	80	0.4872821579886972
186	104	0.4750871101386045
186	88	0.4731413204147595
186	18	0.4677060201712428
186	197	0.4655156544227566
186	16	0.4602512360365624
186	118	0.4543592847390915
186	22	0.4491939366386316
186	73	0.447404115155458
186	127	0.44308265445047457
186	159	0.4368166319809876
186	77	0.4330218871252223
186	148	0.42991304015477344
186	152	0.4263522262223999
186	129	0.4240092556602401
186	125	0.4208874192998863
186	116	0.4200148053110329
186	128	0.3953117035851095
186	115	0.39445919755574427
186	120	0.3916097859987014
186	34	0.3786819052798103
186	194	0.3780221310186291
186	21	0.3759031215846381
186	19	0.3712998798971669
186	23	0.3681920481106619
186	195	0.3680969564519984
186	59	0.3657258282118971
186	149	0.36516263540593613
186	24	0.3527140058239059
186	82	0.3461913774986958
186	58	0.3458480720680864
186	119	0.34125300667237485
186	39	0.3279415501757289
186	17	0.3260750440242321
186	161	0.3244386440125322
186	81	0.3235704736875732
186	90	0.32243297313223945
186	123	0.3183051097367146
186	25	0.31427329259116
186	178	0.3114225769635883
186	85	0.31030240515428104
186	143	0.29898081827697875
186	86	0.2971038073112843
186	69	0.2962191751981418
186	133	0.29091905428342474
186	130	0.29077258889052604
186	97	0.28961869810625074
186	72	0.2877945683837146
186	162	0.2868128899736641
186	132	0.2756978492545877
186	83	0.2662747678681867
186	160	0.2652245718659615
186	131	0.2638853567799409
186	151	0.2635410883102736
186	30	0.26284304089694704
186	27	0.2516091714654891
186	126	0.2497160923757189
186	164	0.24928472759385376
186	14	0.24418531087341264
186	29	0.23717632761324536
186	100	0.23043612480587786
186	190	0.2297163555040002
186	121	0.22360723854443146
186	87	0.21835681229611067
186	79	0.21781392221253065
186	122	0.2163464932210799
186	54	0.2116900263515492
186	93	0.21018032667246955
186	106	0.20927211258262732
186	107	0.1995174996522001
186	117	0.19940227376192352
186	124	0.17385588226113996
186	199	0.17203211294395634
186	44	0.16935252979089968
186	163	0.15583971642844532
186	33	0.15374123149018526
186	172	0.147936398671061
186	91	0.14566639726409206
186	98	0.14507907722246885
135	2	0.5716295730926854
135	7	0.6072983999420258
135	31	0.6072731517825755
135	188	0.5137270345546969
135	28	0.4976216345726268
135	104	0.4631389249080006
135	184	0.4246406158408491
135	43	0.41284838397360096
135	24	0.3924730155002509
135	75	0.39073739339182656
135	39	0.3785362739035746
135	76	0.3738748014139234
135	148	0.3656738523943108
135	125	0.36556123029878335
135	189	0.36022114737145744
135	26	0.3469480823384338
135	127	0.33737730532351023
135	195	0.3357279838501816
135	22	0.3285304424937115
135	15	0.3198589721372882
135	129	0.3103475900740617
135	18	0.3073171080755786
135	84	0.3042077849898025
135	132	0.3016829240317449
135	19	0.2966934742813478
135	142	0.2936261988671052
135	88	0.2909465150268665
135	128	0.2892613705699744
135	116	0.2873267408727164
135	197	0.2826317528827384
135	72	0.28151802820614685
135	34	0.281140478133654
135	134	0.2805601706073499
135	164	0.27938050154431376
135	178	0.27792318394025783
135	80	0.2762152041153915
135	194	0.2761135934607848
135	131	0.2687629682551897
135	143	0.2680020322235175
135	69	0.2661353976404162
135	149	0.2572768188510497
135	38	0.25524932535720873
135	25	0.2542861792647854
135	30	0.2509346305492786
135	130	0.249040868941494
135	123	0.2489189277703697
135	77	0.2482340347013499
135	73	0.24713581180049746
135	159	0.24710764387495104
135	152	0.2466569002961975
135	59	0.23989245728501615
135	10	0.2365722376698331
135	23	0.2344470344901321
135	52	0.2259049902006177
135	115	0.21728995309268145
135	118	0.21438204045334608
135	21	0.21227261532201466
135	175	0.2105148405315269
135	199	0.21014209338184328
135	58	0.2083348395812433
135	97	0.1932008439949376
135	180	0.1914866976023355
135	120	0.18441566961301764
135	151	0.1818545482031127
135	17	0.1729150429846522
135	133	0.1728665375459312
135	137	0.16823529501714696
135	139	0.16413184526265087
135	100	0.1623603474948661
135	44	0.1584047869732081
135	109	0.15808305055182956
135	90	0.15770277332394975
135	138	0.15753699680916736
135	81	0.15686404812078766
135	45	0.15633729097016866
135	162	0.1553810972989014
135	85	0.1531748901455127
135	166	0.15067397905251825
135	64	0.15006799816245978
135	161	0.1467624530450712
135	37	0.1450399189127936
135	83	0.1446581015998889
135	114	0.1443643666512665
135	54	0.14419790554955228
88	87	0.6227532377409439
88	81	0.7061436788707809
88	75	0.6829382624797125
88	90	0.627159372188324
88	73	0.6242263739099045
88	76	0.6094462968719037
88	31	0.5940683686671939
88	184	0.5938353690484804
88	194	0.5859657149084361
88	183	0.5322648510653331
88	7	0.5220546321527325
88	80	0.4952328528782906
88	83	0.4933436567806063
88	195	0.4906150190756072
88	79	0.466705420314155
88	190	0.4593049112745564
88	191	0.4324448404596196
88	84	0.4272681990817839
88	93	0.410863790192168
88	85	0.3902797417563635
88	22	0.3830933023394387
88	161	0.37863050811120463
88	197	0.3701095224901298
88	129	0.36931527484623344
88	160	0.3559145296284569
88	162	0.3411646490188942
88	125	0.33843143171540946
88	188	0.3268255253437646
88	34	0.3267451363225565
88	178	0.3233376755492769
88	77	0.3215456135612362
88	82	0.31698342993353146
88	104	0.3160026129973957
88	21	0.30045529178933805
88	159	0.29856187987309724
88	91	0.28663851018346426
88	98	0.2861978871785834
88	120	0.2802469034999009
88	118	0.2779139563275741
88	28	0.2727940141883561
88	26	0.2697275754122771
88	121	0.2682619016909763
88	58	0.2681412528623698
88	133	0.26101751224242115
88	19	0.2599455406040581
88	148	0.2542487653426902
88	123	0.2523396483608638
88	23	0.2506347563003063
88	189	0.24274600275896946
88	69	0.24192709531233103
88	86	0.2398641835332767
88	163	0.2387706201468061
88	130	0.23383266847085374
88	199	0.23293441303268814
88	149	0.22689168364276915
88	63	0.2245570256514341
88	27	0.22189655220747925
88	2	0.22175393317353034
88	16	0.2108015274679447
88	116	0.2042944737554456
88	50	0.19960391544929496
88	92	0.1983745994445371
88	128	0.1928061166418851
88	18	0.18863362359055724
88	24	0.18332387288581764
88	55	0.17720927017526578
88	54	0.17565907696502284
88	94	0.17420497908433913
88	127	0.1728956409097984
88	72	0.17167304027240787
88	64	0.16109435014311374
88	4	0.15866800084867602
88	132	0.15798554803589218
88	30	0.15193444694103506
88	117	0.14673309909236698
195	79	0.621441429721052
195	183	0.5697414850561388
195	81	0.5682808373710767
195	93	0.5579282591191655
195	199	0.5537405321780412
195	194	0.5153959973019262
195	196	0.4873584098826749
195	160	0.4566733962728273
195	85	0.4382639510755837
195	7	0.423689318471558
195	98	0.42343493398587184
195	184	0.4135366796171336
195	90	0.4026770724605306
195	22	0.4009328836539561
195	75	0.3977388720808973
195	31	0.3969388564339596
195	197	0.3931580291774421
195	125	0.3873428087740564
195	87	0.38658607876430573
195	28	0.3682698446478996
195	84	0.3445796809391886
195	83	0.3357989648812735
195	188	0.334582888687224
195	190	0.33088345506712064
195	76	0.32507376269736177
195	21	0.32507376269736177
195	73	0.32197591915484003
195	19	0.3216442369985497
195	69	0.3124696967568233
195	166	0.3091451942628441
195	94	0.30480658670870514
195	132	0.30361782096100776
195	26	0.29339773618737297
195	34	0.2850590510519587
195	80	0.2785966610367444
195	104	0.2701077046375057
195	189	0.2631409081647041
195	70	0.26029050588649744
195	130	0.2516653721864747
195	162	0.2425389553419328
195	121	0.2419741683069078
195	77	0.239317477735594
195	191	0.23734619488961295
195	180	0.2341635041803803
195	148	0.23147744954277905
195	128	0.2237402343525288
195	129	0.2205270183805689
195	18	0.21873770712841326
195	16	0.21444882227491052
195	133	0.21413397614340712
195	161	0.2120434179690298
195	63	0.2103714834804967
195	170	0.2103236957859312
195	27	0.20967368344004667
195	120	0.2076172801503515
195	178	0.2016577737162137
195	25	0.20142752238280948
195	15	0.1995078977053696
195	60	0.1979326612894126
195	118	0.19652945569979194
195	123	0.1964813864188284
195	175	0.1950196304901891
195	33	0.1909375380010116
195	117	0.1904364460085729
195	68	0.18739887191707733
195	116	0.18150643101535432
195	172	0.17565907696502284
195	39	0.17496120522276126
195	24	0.17480609870979855
195	91	0.1689542610741441
195	23	0.1615618572900534
195	131	0.1597790992808515
195	66	0.15966216056255728
195	20	0.15834629194191685
195	29	0.15806355029519634
195	11	0.1548638506923108
194	90	0.7833179783404312
194	81	0.5967600202958235
194	93	0.5729879467971785
194	184	0.5250887718743088
194	79	0.4853428694179671
194	87	0.47484704419639
194	85	0.4701399639242618
194	31	0.4651552614939192
194	7	0.4619677190715339
194	73	0.4353022090941567
194	160	0.4348644297580511
194	83	0.4309884599521713
194	75	0.4276686617324715
194	162	0.4115534433354964
194	183	0.4104397940021272
194	63	0.4034810985294868
194	76	0.3939608844952414
194	80	0.3852669350129304
194	180	0.3782620934084205
194	84	0.3702907423801985
194	197	0.36664369133639374
194	92	0.3612736793704364
194	188	0.34824926125661404
194	190	0.3371114254547807
194	189	0.3320317301203627
194	161	0.3318003738711455
194	191	0.3317202797135165
194	196	0.33018867330387885
194	175	0.3283877041521703
194	98	0.3068370851519241
194	163	0.303790296090864
194	178	0.3022918224324288
194	82	0.2961188239666641
194	94	0.2945123163531779
194	91	0.2803666891526837
194	77	0.2662840588209269
194	159	0.2604303377537943
194	148	0.2576316314282751
194	55	0.2523958269923425
194	58	0.24158813614474825
194	199	0.2288162904768817
194	56	0.19359550881838725
194	97	0.19021477749250856
194	130	0.18953037415685445
194	54	0.1888747165549874
194	64	0.17716083990246326
194	104	0.1681575582202261
194	89	0.15850227622095314
194	22	0.14758425859641172
160	85	0.4499599019140437
160	55	0.3507423605728281
160	87	0.342153910088368
160	183	0.3394581666114175
160	196	0.3357013649804628
160	158	0.334076601241198
160	81	0.3250648193978017
160	94	0.3236958103098201
160	83	0.30958829743754823
160	90	0.30323648954435045
160	170	0.2982157135104921
160	76	0.29629215380459273
160	56	0.2930595499159555
160	169	0.29241039252223217
160	190	0.28964618149774257
160	197	0.2847925940443438
160	80	0.2843698478304121
160	93	0.27128464339288483
160	79	0.2595072457794397
160	75	0.2569873150927862
160	39	0.24935037644689986
160	184	0.2489376884643173
160	69	0.2481495786269781
160	77	0.2441665033108855
160	27	0.2429247986422881
160	84	0.2320262983448896
160	15	0.23008574224658904
160	22	0.2177853453129471
160	66	0.21645134208688752
160	7	0.2156028764143531
160	148	0.2150879181942832
160	34	0.20835397143341644
160	199	0.2072057785607895
160	191	0.2064304253277282
160	119	0.20497474224409684
160	73	0.201206843963796
160	26	0.2003527221709403
160	178	0.196346787408169
160	162	0.19295053633425974
160	100	0.19289276946012848
160	16	0.19243058636061547
160	180	0.19081227432108155
160	166	0.18889400300895925
160	118	0.1848696459356031
160	21	0.17988128388883226
160	163	0.17839070235598986
160	98	0.1783035650490633
160	173	0.16965362308747464
160	144	0.16758418480967174
160	19	0.16697181344689138
160	117	0.16585366075928967
160	188	0.16352848628392944
160	99	0.1619319157042401
160	50	0.16010065762535194
160	116	0.1589799288292345
160	63	0.15859001390167926
160	1	0.15565432528459966
160	143	0.15314559388730709
160	161	0.15057624784508536
7	31	0.7885553038935462
7	82	0.5055323104474365
7	75	0.6693143428240528
7	184	0.6274808010116594
7	188	0.5895068995603101
7	197	0.584222905658397
7	84	0.5700385841999853
7	76	0.566755511612692
7	73	0.5101481355271164
7	189	0.4971776043601202
7	81	0.4937748043533776
7	2	0.4707317683497114
7	90	0.4611020351016496
7	80	0.4575277399340231
7	159	0.4370917161337429
7	28	0.4193886790169019
7	26	0.3929381957521196
7	104	0.3916521172585749
7	83	0.3662368022204969
7	127	0.3654312684253693
7	86	0.3640527972650174
7	43	0.3623079170282844
7	129	0.3612128141383037
7	79	0.3541316549284965
7	16	0.3451435660078934
7	87	0.33774058743934604
7	59	0.3308478339501155
7	22	0.32996591106012185
7	148	0.3289585674670401
7	161	0.3284144687339603
7	190	0.3271916821399521
7	69	0.32425968448938697
7	15	0.32128557287885723
7	30	0.3209088763257193
7	125	0.3184578773844097
7	18	0.3150931792773026
7	85	0.31404796681799513
7	77	0.3127223361992238
7	58	0.30825858527370026
7	19	0.30060084104995033
7	178	0.28686795332799386
7	93	0.2827329628579122
7	183	0.27932518382497723
7	21	0.2644620883490683
7	39	0.2627964946084748
7	98	0.2619211969203486
7	128	0.26185599791500275
7	100	0.25477249095683285
7	118	0.2525830768069349
7	120	0.25089714890063314
7	152	0.2508877783709163
7	54	0.2489376884643173
7	123	0.24547319096966824
7	23	0.24435457066816035
7	199	0.2429059788000104
7	116	0.23008574224658904
7	112	0.22251445824624166
7	149	0.2223338580230288
7	164	0.2211072746305077
7	162	0.21752813641807964
7	34	0.21650853027310185
7	11	0.21497346677828488
7	72	0.2139049691849805
7	24	0.20902348571270268
7	121	0.1982689259120269
7	97	0.19596217804632668
7	133	0.1877655008230754
7	91	0.18610560650529984
7	115	0.18475374457928087
7	27	0.1841065343051068
7	132	0.1830532691424776
7	143	0.17985225445047415
7	99	0.17900058509004166
7	25	0.1703916531987844
7	131	0.16725371470873404
7	126	0.1661745657298238
7	106	0.1644237491018902
7	29	0.16131837301911595
7	191	0.1602662956380707
7	163	0.159545217363212
7	107	0.15724442836244718
7	17	0.15013642101529728
7	119	0.14827872112008214
7	134	0.1463514742078086
31	84	0.6137963990320169
31	75	0.6137091359766671
31	76	0.5983352139348169
31	184	0.5783168264551317
31	80	0.5474691040027011
31	188	0.5444437878537429
31	81	0.5097411594943176
31	189	0.491737962291679
31	90	0.4907972288740751
31	73	0.4694775762289256
31	2	0.4618811902338755
31	82	0.4475320787233763
31	87	0.4416268317521708
31	104	0.42851806712800383
31	148	0.42414048134075416
31	178	0.4097160966822959
31	28	0.4021155607648072
31	125	0.3938088106450093
31	26	0.38828586467819415
31	159	0.3849262547744533
31	79	0.3804451233562964
31	183	0.3727990271770388
31	85	0.36363634105403225
31	93	0.3622036645394136
31	197	0.3480383502442703
31	129	0.3470976101124573
31	162	0.34310712263868176
31	19	0.338776717149031
31	77	0.3368809527287016
31	69	0.33034013062560985
31	83	0.32206554941941096
31	127	0.319410055260681
31	161	0.3186825056411533
31	43	0.3179905360539255
31	72	0.3147058188136814
31	21	0.3076973925706221
31	22	0.306972956547824
31	86	0.3016192935691788
31	34	0.2979970416907894
31	116	0.2915871295408163
31	199	0.2831101445630826
31	58	0.27893790788835565
31	120	0.2764830571489039
31	18	0.2671293282112154
31	98	0.26029050588649744
31	132	0.2602718608123863
31	30	0.2577623343451206
31	91	0.2512813001167817
31	164	0.24987548472614696
31	123	0.2481589628215572
31	39	0.2463939172358357
31	191	0.2428495181760729
31	59	0.2355146402845606
31	24	0.2337570412736339
31	23	0.2300952128303104
31	149	0.2270529258497101
31	97	0.22620863765902965
31	63	0.2209360677352816
31	152	0.22071728355314266
31	54	0.21969916974390968
31	118	0.21928988622568807
31	27	0.21827110178472228
31	143	0.21762340249644352
31	130	0.21596518256537886
31	190	0.21389542671792744
31	128	0.20942510028801545
31	133	0.2012260342026881
31	16	0.20018954062081265
31	60	0.19788461968092272
31	94	0.1932008439949376
31	15	0.18505314589857827
31	131	0.18358478590150973
31	126	0.1829082914376701
31	121	0.17522292776845266
31	180	0.1626816311779677
31	17	0.15667871780202422
31	25	0.15467840197220253
82	159	0.5021747280885118
82	54	0.4605191714901531
82	84	0.44066841929203293
82	189	0.4295542954148679
82	197	0.42281921141997664
82	90	0.3975199804644812
82	91	0.39684618403808536
82	76	0.39445919755574427
82	81	0.3858969166394324
82	80	0.38538614829653056
82	86	0.3680537304249335
82	75	0.3577645795992568
82	178	0.3549709764696821
82	112	0.34392737874421664
82	87	0.3435305460731061
82	85	0.31425526783191715
82	14	0.3121809118306334
82	191	0.2993814341564148
82	43	0.29269386062788244
82	9	0.2915505300361225
82	188	0.2855459103598659
82	83	0.28468232309494584
82	46	0.2830641514797632
82	151	0.2822728668182385
82	184	0.2779600938780661
82	152	0.2728865700057626
82	107	0.25905018626219395
82	27	0.25826638576902833
82	73	0.2523583747603904
82	72	0.2509158898190033
82	15	0.24850614526562645
82	77	0.24417590711511086
82	180	0.2410795868569269
82	59	0.2400432437535537
82	11	0.2386291667929881
82	168	0.2377330606026289
82	29	0.2348061156258027
82	161	0.2326601294600778
82	58	0.22386372299999308
82	116	0.2214781761416955
82	154	0.21541216511337852
82	26	0.21305552994580607
82	148	0.2042178114012341
82	18	0.1997287327857699
82	2	0.19426918195956352
82	94	0.19175641633047288
82	17	0.17036252404935665
82	16	0.1696050617931765
82	79	0.16915825926931846
82	69	0.16807010182367615
82	4	0.16767165588883648
82	192	0.15996424307951507
82	190	0.15967190562694258
82	98	0.15323348185413746
82	106	0.1509769270715662
82	179	0.14548042367207575
82	157	0.14445248980973036
90	92	0.4446885847121985
90	81	0.6148112867383674
90	73	0.5788623183613633
90	93	0.4992525196975672
90	84	0.495625218899546
90	87	0.4874117817864226
90	184	0.4756908342408373
90	75	0.4677919533684907
90	80	0.44413486097497096
90	76	0.4353508385431934
90	162	0.4250094015016598
90	85	0.3959527446486278
90	79	0.3946027362589829
90	190	0.3901864927639392
90	161	0.3736769343470256
90	83	0.3679067500331549
90	91	0.3676386796348036
90	183	0.3670850506949372
90	159	0.3666004119228435
90	191	0.3371646057322658
90	188	0.3290923288048797
90	197	0.3044799974259589
90	178	0.3022009577205567
90	189	0.2928858581876233
90	63	0.28996678576436097
90	163	0.2866568668455169
90	94	0.2835332198130508
90	180	0.2696904851307236
90	175	0.2668228493711469
90	58	0.2437338786998941
90	77	0.23774249541011785
90	54	0.22974477222003856
90	4	0.2274796833534495
90	104	0.22581958144017825
90	55	0.21897573256104014
90	69	0.20939641587398586
90	196	0.18599941421444527
90	86	0.17860369288014602
90	98	0.17519384870783433
90	148	0.1647642671825009
90	64	0.1460676736093809
92	57	0.3979745508890217
92	93	0.3738317897282666
92	55	0.3516015051867154
92	175	0.3489169134844745
92	4	0.3048519406646931
92	163	0.3018192659729192
92	158	0.25847169976433715
92	56	0.2376953209240943
92	161	0.22508872025387866
92	196	0.22434810902250052
92	99	0.20818177902535534
92	63	0.2019839249499112
92	190	0.1900123675591293
92	100	0.18299527901559087
92	162	0.18190289420964026
92	73	0.18188355591254746
92	59	0.16449185585604442
92	174	0.15560553631837865
92	180	0.14957922173037702
12	113	0.7827376775183436
12	103	0.7002597382229581
12	111	0.6610633410484468
12	108	0.6034338808999067
12	3	0.5700183321732825
12	112	0.559152956146703
12	102	0.4913966995999965
12	13	0.4687678455775148
12	9	0.4593917011791057
12	154	0.4492897184520932
12	110	0.3797093579109057
12	0	0.3582789536232311
12	8	0.3537817690765037
12	72	0.32520790521274473
12	114	0.3147148283878035
12	153	0.3129388490827533
12	14	0.3031638439716896
12	6	0.2991174037210356
12	157	0.2976416332760267
12	146	0.29548919900731796
12	109	0.2933703184129998
12	11	0.2910197413323468
12	105	0.29080005218999705
12	156	0.2887206449130977
12	155	0.2805785962237709
12	46	0.2757625273549833
12	152	0.26284304089694704
12	179	0.2601693094353322
12	136	0.2554362853668136
12	17	0.2487406918631137
12	35	0.2397887848727259
12	67	0.23774249541011785
12	176	0.2257626403377433
12	107	0.2238162282167385
12	168	0.22247643841522866
12	65	0.2206506926527562
12	49	0.22045090761123967
12	171	0.21798537576573648
12	164	0.21713750218160854
12	178	0.2096258810916181
12	131	0.20870788192432105
12	139	0.20834440552725994
12	66	0.206889925272309
12	44	0.20508011825679007
12	43	0.20261691412068145
12	118	0.201206843963796
12	119	0.20068864917621335
12	89	0.19897012758422636
12	86	0.19642370203497567
12	51	0.1930853205051182
12	143	0.18824782755907127
12	192	0.18327555282506536
12	18	0.1830532691424776
12	149	0.17818737762298215
12	151	0.17543616486855462
12	52	0.17206122494226514
12	173	0.1670981863568435
12	140	0.16641765212949147
12	10	0.1623603474948661
12	127	0.15038077660230936
12	29	0.14620468379956109
12	126	0.1455195768620671
113	112	0.5818929571717409
113	103	0.6449246978339642
113	3	0.5369570554305916
113	9	0.5276912555197463
113	108	0.5066778508239963
113	110	0.4961455462679372
113	111	0.485816681006834
113	154	0.43434531387835984
113	102	0.4184734877707671
113	13	0.3911016816071767
113	109	0.3702475973431187
113	153	0.3427188619480802
113	155	0.3385996590875785
113	114	0.3340677172832741
113	0	0.3149310411511955
113	72	0.3138586658227105
113	131	0.3136873719897828
113	152	0.2946949580917977
113	8	0.2805970216333997
113	118	0.2790946733725156
113	119	0.2790670099560037
113	136	0.27591959234516783
113	107	0.26862379767561456
113	146	0.2642388598319209
113	14	0.260393050323816
113	11	0.25926473886526497
113	178	0.2511595046367598
113	189	0.2423507112421089
113	164	0.2410795868569269
113	128	0.2324047287211373
113	17	0.23083378395658286
113	86	0.2302846153502689
113	29	0.2274417528885868
113	176	0.2258385614647873
113	127	0.22568671646822525
113	151	0.22427213422500025
113	157	0.22260950486258735
113	43	0.2190994954889142
113	139	0.21649899901190303
113	18	0.2161081817878663
113	116	0.2110499601523139
113	65	0.2049460025067266
113	51	0.20370986007514152
113	52	0.201437116633016
113	105	0.20129319882233065
113	149	0.20025673436944666
113	5	0.1879777357582377
113	156	0.18462817897715286
113	16	0.1813033416400589
113	126	0.17826483645931848
113	25	0.1770252305747438
113	46	0.1753489334977867
113	143	0.17372011057885978
113	140	0.17312845694800258
113	179	0.1665246037393667
113	124	0.16581476079871385
113	150	0.16227271869405233
113	49	0.16137681103636986
113	71	0.1563665575924395
113	26	0.15570311349140528
113	6	0.15043941921043744
113	97	0.15007777294374988
113	4	0.14920770272963862
113	115	0.1482396003512374
113	54	0.14629275881753426
113	168	0.14423707360217472
103	108	0.7442367199976538
103	102	0.6298153288926973
103	3	0.6151781378029396
103	111	0.5636112997076854
103	112	0.5227744442655721
103	9	0.4765646657578364
103	154	0.4227945743900401
103	156	0.3771475528460008
103	0	0.3766156175024323
103	6	0.37506988208727415
103	110	0.3709635980225792
103	107	0.3648766043861295
103	109	0.3433012090357437
103	14	0.3396439546767138
103	105	0.3362159014032892
103	153	0.3325476885595662
103	46	0.3162096306877483
103	152	0.2944027209809796
103	13	0.28768450366875065
103	35	0.28126940746261386
103	52	0.27927908430909376
103	49	0.2709418392818205
103	72	0.2681041284534657
103	176	0.2603650842415789
103	67	0.2598616200925231
103	11	0.24894706874123865
103	71	0.24875007312046046
103	146	0.24859058539946705
103	8	0.2428495181760729
103	140	0.2317045772861148
103	168	0.2298205482143169
103	5	0.22591447984853386
103	136	0.2258385614647873
103	47	0.2257531500040157
103	192	0.22121189435858726
103	114	0.2189471708845628
103	151	0.21575543361431695
103	143	0.20711964103580496
103	115	0.20236757493062305
103	1	0.2004103130057655
103	43	0.198067172733768
103	149	0.19617372066440686
103	155	0.1961448750185132
103	4	0.1936051340075427
103	157	0.18502417307774585
103	118	0.18363310028929947
103	18	0.17975548739376254
103	17	0.1791844910033702
103	142	0.17751920358916345
103	51	0.17600794668830833
103	145	0.1682547288894653
103	179	0.16591200973236894
103	106	0.1656397045920437
103	171	0.1587167416852302
103	44	0.15850227622095314
103	139	0.15716640544594018
103	45	0.15606412259710792
111	102	0.5315262514498236
111	8	0.5185979488676705
111	108	0.5156529793728849
111	6	0.40802546344307
111	112	0.3802911657434624
111	3	0.3571016760584549
111	154	0.3475197109146996
111	110	0.34555751051023725
111	105	0.32901207358655155
111	14	0.2965384310557938
111	155	0.2914773284658473
111	9	0.2730624121412877
111	4	0.2647131865603912
111	40	0.2577156558146115
111	144	0.2456517337936771
111	157	0.24517244962426865
111	152	0.24196475379910876
111	46	0.23981705970947725
111	118	0.23981705970947725
111	114	0.2382330435444072
111	43	0.2368082321015748
111	107	0.2366949582598721
111	13	0.23264121198677035
111	0	0.22610426380057386
111	146	0.2144965223485408
111	168	0.20797130411268774
111	72	0.20513759407819804
111	51	0.205070538815694
111	1	0.2045340274575787
111	178	0.2011588676908811
111	150	0.20107250796773665
111	86	0.19509658667688545
111	153	0.19359550881838725
111	69	0.19116877768559085
111	140	0.18709009127867385
111	11	0.1866461543471709
111	65	0.1808390793058154
111	41	0.17579475377195086
111	109	0.17284713513564925
111	94	0.17221648385627344
111	179	0.17095475816259958
111	180	0.17056642183986934
111	15	0.16939138231651418
111	16	0.16410265329679855
111	119	0.16338249393881227
111	189	0.15678601564808234
111	145	0.15635680208218886
111	27	0.15562505199598245
111	67	0.15043941921043744
111	115	0.1483569612654764
111	149	0.1472125145892373
111	17	0.146449330899935
112	11	0.6008714912909375
112	9	0.6449480601166403
112	176	0.5372843460421318
112	108	0.5351683388495789
112	109	0.4640103841398854
112	3	0.4486669521082915
112	197	0.4336554168129213
112	107	0.39507543341521983
112	154	0.3600906042100275
112	72	0.3439009270525562
112	192	0.31124196252080205
112	189	0.2700891637007892
112	178	0.2643132724847414
112	156	0.2573048328939748
112	35	0.2522272859947618
112	164	0.24656298194259585
112	149	0.2460369536163564
112	105	0.24549198573564385
112	14	0.2438091247362429
112	85	0.2399584277897262
112	118	0.2393363321882445
112	152	0.2368648666084883
112	168	0.2359207482597612
112	191	0.2341162452544384
112	102	0.22906266302143186
112	89	0.2267019710036759
112	119	0.2266545401552649
112	106	0.2235407375174313
112	122	0.22254297267536316
112	143	0.22114531875693835
112	51	0.21928988622568807
112	87	0.21832824249989125
112	110	0.20884177975387488
112	43	0.20825831057834465
112	86	0.20758857311960835
112	146	0.20562608139964095
112	97	0.20541537392988848
112	4	0.20277034056726329
112	116	0.20118765357045493
112	70	0.19557750838465035
112	159	0.19526972931263487
112	13	0.1952023975110975
112	71	0.19247873442078894
112	18	0.19212241684451872
112	29	0.1888264997826088
112	136	0.18796808909639587
112	80	0.18435770952011415
112	16	0.17914577500917128
112	54	0.1781583299899596
112	5	0.17421467559369966
112	155	0.17419528254119498
112	84	0.17275982262952175
112	94	0.1718089109773871
112	179	0.17054700363171527
112	76	0.1662231846265074
112	15	0.1625745404464567
112	6	0.16106512854358898
112	77	0.16093849834969248
112	98	0.160081170207367
112	115	0.14975518968082652
112	75	0.14920770272963862
112	44	0.14760382291639368
112	52	0.14662546572179014
112	46	0.14650804353956773
79	183	0.7791485730680021
79	93	0.6861955248106014
79	166	0.5393794295985509
79	63	0.5323221841541651
79	81	0.6771761563234164
79	199	0.5190291400236611
79	196	0.5186418108728589
79	190	0.48618330691762396
79	85	0.4452580037989231
79	98	0.4413692063159143
79	87	0.4182424943274976
79	32	0.40003449807062347
79	191	0.3896268307487428
79	83	0.3720410803391721
79	68	0.358758259031394
79	197	0.35189067583009515
79	84	0.3289942384480857
79	184	0.3132184634239052
79	61	0.3114406371706699
79	19	0.30487008185996856
79	91	0.30265522633307257
79	121	0.3007918532074909
79	77	0.2989352870728538
79	75	0.2937267118223309
79	125	0.2877945683837146
79	172	0.28396537838074715
79	94	0.2667113891348189
79	163	0.2636248354722033
79	180	0.2586676595248339
79	170	0.24701374777378576
79	76	0.24361159763252935
79	55	0.24129620738741014
79	80	0.23765758052790945
79	189	0.2339366512469788
79	60	0.2319695277268085
79	89	0.2301709759309732
79	73	0.2290152859640351
79	70	0.21679444891027286
79	148	0.21451560209152554
79	188	0.213370528209954
79	161	0.2129123342694115
79	100	0.2105339541210888
79	21	0.2104288273869528
79	28	0.2096258810916181
79	27	0.20666018669525968
79	66	0.20622936545396514
79	99	0.20009354628464374
79	133	0.199258233644732
79	175	0.19694281249690546
79	162	0.1912843895726825
79	158	0.1871962387964913
79	159	0.18089711650966572
79	120	0.17954258762557354
79	192	0.1681867097642242
79	97	0.16811868903737642
79	128	0.16088005185740026
79	69	0.1579952984261538
79	129	0.15587874474444935
79	22	0.1506935249406552
79	117	0.14737882626634113
183	81	0.7504611648521663
183	199	0.5788157721862247
183	93	0.5670133955727815
183	166	0.5288663570913169
183	196	0.4825093575097656
183	87	0.4730171290476621
183	191	0.4566654817425927
183	85	0.446339709099136
183	190	0.4428736741623985
183	98	0.4251322987171624
183	83	0.3762894697847196
183	77	0.3748808155210447
183	63	0.3710498334241665
183	60	0.3662194846815589
183	68	0.3483634900033252
183	80	0.3473878195328818
183	84	0.3329300810305716
183	76	0.33204952510079416
183	61	0.3234809405759887
183	125	0.32319439569844444
183	91	0.3065109427787433
183	94	0.2989534997178461
183	75	0.28851897122070824
183	170	0.28207958773799896
183	184	0.2801178938048733
183	32	0.27755403944088824
183	121	0.2731456994169435
183	19	0.2720163460932832
183	27	0.27103449582303096
183	89	0.26828974253347176
183	73	0.2511501354241961
183	169	0.2511313968578853
183	197	0.24295302806281696
183	21	0.2412585359782195
183	69	0.24111726171891326
183	55	0.23913835143529766
183	66	0.2365439164615503
183	165	0.2359868510660393
183	172	0.2327452559111246
183	192	0.2310515170186721
183	117	0.2272236393252828
183	163	0.2249842908111704
183	180	0.21710891645625174
183	130	0.20732062359649134
183	175	0.2058750747399624
183	86	0.1970004846270659
183	148	0.19263280198460486
183	20	0.18532354337419293
183	129	0.17583351734753472
183	70	0.17482548749856747
183	179	0.17349704276564776
183	128	0.1718574346454122
183	162	0.17122656199675726
183	174	0.16870167182507514
183	120	0.16854622127109092
183	56	0.16720511299258786
183	133	0.16253559741247964
183	189	0.16118201324682602
183	22	0.14867968222402894
183	161	0.1484254198692659
93	81	0.5387551519926839
93	85	0.4837971826962963
93	98	0.472473570800851
93	63	0.4427611263776879
93	196	0.4427048472525575
93	199	0.4149946348258596
93	94	0.3788703415813535
93	60	0.3347338493286673
93	87	0.329983733392455
93	83	0.3218952469816795
93	166	0.3064112738040705
93	190	0.301955595569465
93	191	0.2880513564845766
93	61	0.28406650522454874
93	163	0.2692453393598825
93	91	0.26599601628479635
93	84	0.2553147635326217
93	180	0.2466005498398992
93	66	0.2444203899012922
93	184	0.2356940934945684
93	197	0.2288447195748783
93	175	0.2260852861775201
93	125	0.2259334590157338
93	76	0.22127846789844396
93	172	0.2167277378863167
93	89	0.2154789159386822
93	32	0.2108301941681271
93	162	0.2038248775381154
93	55	0.20358525147784534
93	148	0.2031634503812059
93	189	0.20205106817505625
93	188	0.19827853278730934
93	75	0.19785579425948935
93	19	0.19575061718754536
93	97	0.19176604860677
93	70	0.1869163859172164
93	68	0.18262797865527614
93	80	0.1802102622820169
93	69	0.1790489825963691
93	73	0.17779036644488505
93	104	0.16829359624170814
93	56	0.16785630838503066
93	64	0.16735091570217894
93	77	0.16532846778940813
93	170	0.14709511309877873
166	32	0.6606239782870749
166	196	0.5868121456189532
166	61	0.5594553148462141
166	199	0.5359884678213773
166	172	0.4878995845960703
166	68	0.4554537073677705
166	70	0.4491141105724305
166	63	0.4276850035830068
166	36	0.4165165851556821
166	170	0.41509396341325105
166	174	0.3855053487167431
166	175	0.32636992505459345
166	141	0.2787165666004409
166	85	0.2758272029584156
166	180	0.26760287103682384
166	139	0.25968444167840343
166	56	0.25367810879450353
166	140	0.2516091714654891
166	35	0.2482434184766961
166	67	0.2477741726696168
166	77	0.24231306023182864
166	98	0.2395908496273623
166	169	0.2291953130081403
166	171	0.2290721383026913
166	66	0.220878995743556
166	142	0.21975627292759856
166	38	0.21787107489126056
166	60	0.2174995557862795
166	148	0.2151642158562597
166	176	0.20822004512055806
166	30	0.2078373555023843
166	168	0.20737804397169868
166	131	0.20729191287315926
166	153	0.20089977914564186
166	130	0.19944068300487613
166	13	0.19741376164070668
166	37	0.1955582733206497
166	145	0.187881267508085
166	27	0.1835557968430684
166	65	0.18275363978395087
166	55	0.1821929517733689
166	165	0.18184487889629591
166	134	0.17275982262952175
166	137	0.17172156627419932
166	40	0.1620390293818589
166	62	0.1612501939025524
166	99	0.15872648975971712
166	89	0.15448318101711975
166	81	0.15285261650751608
166	158	0.14827872112008214
166	41	0.14775055163335438
63	196	0.4142742067762718
63	81	0.3125509071147589
63	32	0.2780892721963933
63	98	0.24801819501331826
63	85	0.2409288801437949
63	87	0.23781797225490264
63	190	0.23474942286187836
63	36	0.2320546830612073
63	100	0.226711457044334
63	30	0.22331271819934287
63	163	0.20255937663809967
63	134	0.201091699287488
63	61	0.19177568084612434
63	60	0.18931826810395785
63	172	0.1889807902483084
63	77	0.18695498811916744
63	70	0.1861538742912757
63	158	0.16937195611951222
63	68	0.16632041999519526
63	55	0.1652214725292586
63	56	0.16501719805299694
63	99	0.1600909139319583
63	65	0.1537119404460846
63	191	0.14956944545518974
63	199	0.14459935664806492
81	80	0.6116854291313106
81	84	0.5981425808713227
81	87	0.5749727617123579
81	76	0.5593728681414976
81	75	0.5486235181523064
81	184	0.5294567472328507
81	73	0.5221491953994025
81	191	0.4535018220570506
81	77	0.43716451884446667
81	91	0.436541466106392
81	85	0.4236154717933056
81	83	0.4196935535547331
81	190	0.415689727096916
81	94	0.40206526136674986
81	199	0.3709204779223687
81	197	0.3706272188302164
81	189	0.35986429599058894
81	98	0.3536855331011876
81	129	0.3499791554535524
81	86	0.34714158551168545
81	125	0.3418271843811304
81	161	0.3379000453768559
81	19	0.3282895628407084
81	69	0.310736122481208
81	159	0.3069004933601236
81	21	0.3058040541074657
81	121	0.2999093574669549
81	162	0.2901316426254056
81	188	0.28972862880632955
81	27	0.28456285439749823
81	22	0.2722848669647192
81	133	0.27025602491871115
81	120	0.2682526213105598
81	148	0.26450859072431515
81	60	0.26231234072920395
81	196	0.2436304106086557
81	23	0.23913835143529766
81	58	0.23465493137316445
81	128	0.2320357599609045
81	130	0.21809014631443946
81	25	0.20257855595437685
81	178	0.2007750227818502
81	28	0.20058307719878835
81	163	0.19821128386039735
81	132	0.19803834948065585
81	180	0.1971831040431276
81	123	0.19513506386946888
81	117	0.18459920144359374
81	116	0.18372972640304988
81	118	0.183062934039792
81	104	0.18011350811259316
81	20	0.17916513307563633
81	26	0.17765478838916082
81	34	0.17210004047249342
81	16	0.16751614992380282
81	126	0.1653187411083501
81	55	0.1540536524720824
81	11	0.15067397905251825
199	98	0.6673500187100273
199	70	0.5829700175974645
199	196	0.5207585521791946
199	85	0.5045117254460997
199	66	0.43581269158335934
199	61	0.4299456465851551
199	170	0.4222524016448929
199	176	0.4184404920208695
199	38	0.4138847938484399
199	60	0.3549622364825994
199	41	0.29160542897301395
199	191	0.2895545683355533
199	89	0.282144016643141
199	36	0.2808088989773024
199	68	0.2758641593248174
199	180	0.26977393713873976
199	37	0.26808556595040833
199	87	0.26524316488586197
199	197	0.2630571380634092
199	32	0.2620515877583238
199	35	0.2564829080829289
199	27	0.2518901580948659
199	142	0.2504848011331201
199	168	0.23701588408947655
199	174	0.2356090913452062
199	192	0.2321966007138549
199	172	0.2293658504822774
199	45	0.2266545401552649
199	169	0.22521213020086106
199	94	0.2250602400095293
199	175	0.22491783301981966
199	69	0.22260950486258735
199	125	0.2136759387121985
199	165	0.2113270259820272
199	130	0.20653573544873485
199	83	0.2011972487864307
199	171	0.19960391544929496
199	179	0.1900509230780748
199	15	0.18739887191707733
199	21	0.1872155378755981
199	39	0.18283096674181493
199	11	0.17824547195731918
199	52	0.17523262072072388
199	77	0.1694302343156296
199	164	0.16290553577421332
199	75	0.15565432528459966
199	50	0.1549419310998175
199	184	0.15320418613447248
199	28	0.14780924129946765
199	43	0.14461893841195322
75	76	0.758464541659535
75	184	0.7448606259093206
75	73	0.6785274469869524
75	84	0.5722015487269662
75	80	0.5649404047712535
75	188	0.5427459332515422
75	16	0.4814806654870589
75	22	0.4687054227001447
75	77	0.46231374647734297
75	197	0.4617081061803851
75	26	0.443098727863262
75	118	0.4379730522962815
75	129	0.4367518944204483
75	58	0.4284935756451755
75	28	0.4107224778625045
75	23	0.40854211211439856
75	18	0.4028697603815234
75	189	0.4001772836670501
75	161	0.3982017628582115
75	120	0.39345388782107343
75	104	0.39113556265610705
75	87	0.3756970157520333
75	83	0.3661848488426431
75	125	0.3623600398735461
75	190	0.3610997705412997
75	2	0.35351928968829066
75	123	0.3528540927698254
75	159	0.3513035016037785
75	15	0.3491628014120964
75	21	0.34136786260649343
75	115	0.3395554874738685
75	86	0.3325299002005623
75	162	0.3215456135612362
75	34	0.3194639328610694
75	17	0.3161736297736357
75	119	0.3131012124050496
75	191	0.3064565787165003
75	59	0.3064112738040705
75	178	0.29945426207254394
75	148	0.2992539769091173
75	127	0.29915382443640504
75	121	0.2952427540954352
75	19	0.2862713327583791
75	43	0.2845812347725262
75	116	0.28146278241706435
75	128	0.27447773822039434
75	25	0.26819693798252514
75	91	0.2670736088029044
75	149	0.2604489811774692
75	126	0.2604396594899092
75	133	0.2570246730095411
75	69	0.2488720252182923
75	132	0.2472578679841992
75	117	0.23927034081435636
75	24	0.2360151801716557
75	85	0.22599988475012645
75	107	0.223151189725686
75	29	0.22104069579002444
75	152	0.21862344567190944
75	124	0.21826157818667408
75	130	0.20834440552725994
75	27	0.1966736578736705
75	11	0.18964606091363329
75	98	0.18239597320562695
75	72	0.17537801092736274
75	100	0.17041107246629458
75	54	0.16829359624170814
75	30	0.1587167416852302
75	1	0.15325301218428156
75	131	0.15081079779480602
75	163	0.1503416809422797
76	80	0.6190911054049126
76	84	0.5574046129768456
76	188	0.5422025275859085
76	73	0.5269332167515843
76	184	0.5211519991862482
76	77	0.4843561216042608
76	87	0.420961473334754
76	189	0.4105395737882768
76	91	0.4008153816640733
76	85	0.3935553063167454
76	159	0.38622878926803705
76	178	0.3858884057708922
76	118	0.3684513498457441
76	26	0.3677511036952447
76	129	0.3644170770799592
76	86	0.3642869899409488
76	16	0.3613693185154863
76	148	0.3609171392341785
76	125	0.35090020696907825
76	120	0.3466489738768481
76	22	0.34539018742518185
76	18	0.3298678840277743
76	191	0.32972528655420497
76	161	0.32881587415608543
76	83	0.3286018060378199
76	2	0.3282092601316328
76	15	0.3237047624910659
76	162	0.3181972637950286
76	34	0.3175590068512993
76	58	0.3171633228275491
76	116	0.3128305967048998
76	197	0.3125328607633441
76	69	0.3105283157287648
76	23	0.30846671514199114
76	19	0.30619379090332666
76	27	0.2994633653167329
76	28	0.29354395616497153
76	17	0.2922640662915359
76	43	0.2913766707325452
76	123	0.2897103075537352
76	21	0.281066799674167
76	127	0.2774248194948334
76	133	0.2740338420252799
76	25	0.2714050717485529
76	24	0.2696348482079716
76	104	0.26303852194662736
76	126	0.26101751224242115
76	128	0.2579677055830524
76	152	0.2479524997846268
76	130	0.2457926768830355
76	149	0.23687430553648015
76	59	0.2352123670007997
76	97	0.2334166838939653
76	72	0.227043441358487
76	190	0.2232367063271604
76	39	0.22291362559082434
76	94	0.22221028065669374
76	54	0.2191375749716092
76	119	0.21448698241565933
76	115	0.20455319069581773
76	117	0.1979326612894126
76	66	0.19750986252389413
76	1	0.1967121103500384
76	143	0.19228613662180166
76	98	0.1908700890996641
76	121	0.18980994147174174
76	4	0.17776131457237154
76	11	0.15965241546705353
76	107	0.1567762614513365
76	155	0.15582995927341228
76	164	0.15270611773806275
76	71	0.15089874965009467
76	64	0.1505567012503512
76	65	0.14626340073583524
184	73	0.6998977165199346
184	58	0.561005993612514
184	161	0.5860182439803812
184	22	0.5233483055816998
184	84	0.4965525105774102
184	80	0.4958364091659542
184	104	0.4729394998963661
184	188	0.4620149129129474
184	23	0.4565863324646037
184	197	0.4560162443279851
184	129	0.4437253687019931
184	28	0.4367518944204483
184	162	0.4335579785852988
184	189	0.4299374950826985
184	123	0.4231804827079482
184	16	0.4134371961910521
184	77	0.41199357788521146
184	26	0.41177768682832333
184	120	0.4047695895178017
184	159	0.3992110025438181
184	118	0.3964501290360569
184	190	0.3838694795030093
184	21	0.3816076767791979
184	100	0.3726268101618008
184	125	0.3724976305533495
184	18	0.3700836316344232
184	34	0.3563860343800188
184	148	0.35480490610603604
184	19	0.34701845054740743
184	15	0.3396970321140473
184	2	0.3307944005068331
184	59	0.3301530338155868
184	121	0.3275577407104865
184	128	0.31511119348954464
184	87	0.3139668408765365
184	30	0.3082947838931238
184	178	0.3028278123711781
184	119	0.2994815716415446
184	116	0.29679378803513023
184	83	0.28618870624461434
184	115	0.2861519819832544
184	43	0.2812233624390782
184	163	0.2782092144859809
184	25	0.2710530265286208
184	127	0.26703646153858285
184	132	0.2573982099133247
184	133	0.250147358067744
184	130	0.2369592538759676
184	69	0.2356563152066521
184	29	0.23338831819579256
184	124	0.23072964257861425
184	149	0.22541146946451665
184	191	0.21279777114238316
184	17	0.20808611099935204
184	86	0.20702392890830806
184	117	0.20695692806096289
184	152	0.20493642251573255
184	126	0.2014083337664452
184	33	0.19756752123178747
184	158	0.18790056144816944
184	54	0.18717693957287546
184	39	0.18550701139681736
184	97	0.18472476843707014
184	91	0.18067463372325032
184	106	0.17345824654538114
184	151	0.1708382628368277
184	20	0.16992555110445628
184	99	0.16659266181486593
184	24	0.16034423981571708
184	131	0.1512309906443775
184	55	0.15122121933772587
184	143	0.14720273129007988
80	84	0.7058427347381415
80	94	0.4656331404944578
80	86	0.5922340454266191
80	189	0.5682198991344494
80	77	0.5638637137107662
80	148	0.5365370329130683
80	188	0.5018755397895598
80	129	0.480104445160797
80	27	0.4737542396491173
80	116	0.4669009440097516
80	73	0.4596283563362479
80	69	0.4587681972078396
80	91	0.4557627516064912
80	21	0.4515535378180252
80	118	0.4413772582126125
80	43	0.4134786488183551
80	162	0.4022580625449477
80	19	0.3951091894978304
80	130	0.3914404443826904
80	125	0.3894995946735946
80	26	0.3625598231158723
80	123	0.3571627480192391
80	34	0.3509878907964335
80	87	0.3471152004553246
80	58	0.34632339337181395
80	22	0.3433364943223807
80	16	0.3410762853363063
80	15	0.34009504391250744
80	149	0.3393785350450089
80	120	0.3341654375555388
80	25	0.3297698498812553
80	23	0.3242775814864594
80	115	0.3157055350536045
80	132	0.3056046142392808
80	18	0.2998001470118142
80	161	0.2988260066299475
80	104	0.2945762434098482
80	128	0.29062610986879456
80	28	0.2897652706745281
80	133	0.2872808680465311
80	178	0.2826961599588476
80	126	0.2790946733725156
80	65	0.27853209290462505
80	2	0.2782553438259109
80	180	0.2689392348807297
80	121	0.2673707583373001
80	85	0.2651501978139358
80	144	0.2639690875977975
80	191	0.2598895940325863
80	155	0.2508690371704269
80	53	0.2455859567969103
80	164	0.23703476046940786
80	152	0.2363362153215755
80	159	0.22521213020086106
80	197	0.21930892438110405
80	117	0.21608911576038706
80	119	0.21399084955120146
80	136	0.20859310612791565
80	24	0.20413156325856474
80	29	0.20354690904381248
80	68	0.1892893431818852
80	72	0.18106154841103864
80	127	0.17609515721483898
80	1	0.17475762614478124
80	97	0.17336125363961202
80	143	0.16619401338546125
80	138	0.16468643793788784
80	44	0.1634019599984149
80	20	0.16206824154043353
80	33	0.15509808610696954
80	37	0.14626340073583524
77	148	0.5038255766778176
77	84	0.4623766454308703
77	189	0.4595652546741933
77	86	0.4240174577869731
77	130	0.40619008537937795
77	116	0.39161825238330106
77	19	0.3854457501147222
77	94	0.3787589966535378
77	188	0.370609965993038
77	129	0.36382723487397
77	15	0.35309045362292857
77	43	0.3523024089913635
77	27	0.35018974126313396
77	69	0.3474933337381942
77	26	0.3383074608591867
77	21	0.3246980940685465
77	65	0.31605662051425465
77	34	0.30883765600492946
77	104	0.3027551469856407
77	25	0.2994815716415446
77	22	0.2971585100957352
77	118	0.2911112694194092
77	28	0.29007669225110416
77	53	0.28677618001788224
77	23	0.2859591658203226
77	125	0.2833676817620548
77	121	0.27289582530970496
77	68	0.2696070290714908
77	91	0.2635783097616693
77	128	0.2466850748989113
77	73	0.2447212491348211
77	180	0.24453321763222294
77	143	0.24306594162949044
77	172	0.2351745796396013
77	85	0.2345604354497678
77	32	0.2336152326555347
77	58	0.23347341409849146
77	120	0.2329249555950665
77	2	0.23283983667407204
77	149	0.2327925468430407
77	197	0.2326885053399361
77	162	0.22468996185123172
77	161	0.22202014769109485
77	1	0.21952785116135431
77	133	0.21862344567190944
77	16	0.21801395005014315
77	18	0.21657524794578908
77	132	0.21400039160994516
77	123	0.21391451161121006
77	144	0.21315098864580345
77	178	0.20884177975387488
77	29	0.20769383048393306
77	127	0.20370986007514152
77	61	0.19416333115465664
77	20	0.18889400300895925
77	175	0.17845847388260433
77	196	0.17747077881276954
77	157	0.17340005120558097
77	115	0.1728665375459312
77	152	0.16375232730083436
77	136	0.16273030751633366
77	131	0.15701035372773792
77	33	0.15663969948633594
77	24	0.1565811710960613
77	14	0.1547272053243188
77	97	0.1510844179424062
77	163	0.14900237151598356
77	39	0.14794617980481034
77	87	0.14640040291202833
55	158	0.7577585991354124
55	163	0.4350752380795204
55	190	0.42033595183878975
55	56	0.3921768871082653
55	162	0.32099857519621355
55	100	0.3131463100805447
55	196	0.2473517520172017
55	59	0.2346643807216226
55	57	0.2331613783142185
55	85	0.21648946770943386
55	99	0.20948246803473405
55	159	0.1964429303140209
55	83	0.19068700442651695
55	20	0.18127432760930806
55	161	0.16788546296600054
55	30	0.16470589544134068
55	104	0.155117604938094
55	175	0.15321395140428487
55	32	0.1517390578216061
158	190	0.31135936446718665
158	100	0.3083581293288213
158	56	0.27468115156764555
158	20	0.26051423163072784
158	196	0.23392719848843366
158	104	0.22600937396920145
158	30	0.22561078985705615
158	162	0.22105020717910812
158	163	0.21623210694859615
158	57	0.2081626457387562
158	59	0.18447362842328535
158	161	0.17173127137456998
158	159	0.16905140487830078
158	32	0.16718567207857427
158	169	0.1582585473110259
158	125	0.1504687401175325
158	33	0.14674288377198566
163	100	0.5271498849097145
163	56	0.5095486913632506
163	162	0.4683307871350995
163	190	0.44553857092232
163	161	0.371118817137997
163	99	0.3607866713491515
163	57	0.3550845906549385
163	30	0.31472383790521685
163	58	0.3000094601456643
163	101	0.28473745951159296
163	134	0.25827571872966393
163	83	0.2490127293718974
163	73	0.24264248181356854
163	197	0.2343714303052377
163	106	0.2240441934780404
163	59	0.22176344140437634
163	104	0.21366639526587464
163	196	0.2064304253277282
163	180	0.20582719347444434
163	175	0.20373861496819048
163	87	0.19380725436788626
163	188	0.1753683184848318
163	85	0.1607826385296474
19	121	0.7564440654378201
19	123	0.6757496516935686
19	120	0.6485198887359397
19	28	0.5427318245613566
19	23	0.5311243431492904
19	25	0.526687576681911
19	128	0.5253856634714278
19	136	0.5208751521477839
19	22	0.5187953063937947
19	34	0.5130274130141228
19	124	0.5065960857360812
19	20	0.5020401082238365
19	21	0.5018082058635187
19	148	0.4995152352029089
19	26	0.4990573001617568
19	133	0.4970722030042005
19	33	0.4782478061986336
19	44	0.4721161795379614
19	129	0.4719762885150621
19	117	0.4647084736495061
19	132	0.4604167354860937
19	116	0.4411437243533438
19	189	0.4283139521989863
19	126	0.4250667554858517
19	125	0.42450126012320055
19	18	0.4238780121734292
19	150	0.4219647631287625
19	29	0.4148290651953524
19	149	0.41345377744764
19	118	0.4068912540521554
19	152	0.4001436888036464
19	119	0.38837078478931225
19	188	0.36550924725945255
19	115	0.35871469362437897
19	127	0.3577645795992568
19	84	0.3570406010443483
19	138	0.3442800157960545
19	43	0.3432218135976799
19	130	0.33681889547973143
19	17	0.3287712794169045
19	27	0.32267488205053585
19	86	0.30719032475431945
19	131	0.30510589726308746
19	144	0.2941743724196577
19	42	0.2934160144354826
19	104	0.2928675737230391
19	24	0.2877670529175665
19	16	0.28151802820614685
19	15	0.28119573480338783
19	143	0.2795095690101698
19	87	0.27532821223268233
19	94	0.26624689471309765
19	69	0.2584343716832101
19	53	0.2495660636829532
19	155	0.2439784175848143
19	68	0.2419835827691456
19	97	0.2385442899194804
19	164	0.23365304925905606
19	178	0.21726136935407275
19	91	0.20205106817505625
19	2	0.19779814239007248
19	72	0.1973849306357648
19	197	0.19351850596364173
19	58	0.1909375380010116
19	39	0.18212527450937427
19	40	0.180713327710658
19	172	0.1803263626821258
19	65	0.1791554540597443
19	154	0.1670884655586394
19	32	0.1661648418535285
19	161	0.16529928764975552
19	73	0.1634116929805054
19	61	0.15941852384412067
19	85	0.1515143456737021
19	162	0.15145572253665435
19	60	0.1510941896626289
19	157	0.14961832653864252
121	20	0.5363874691809201
121	123	0.6718458151835239
121	124	0.6640144074671628
121	120	0.5867793620818039
121	23	0.5344543621407492
121	21	0.5252336130178161
121	25	0.5153225568204814
121	128	0.5128726677413644
121	22	0.5080664625417828
121	28	0.4855033859382546
121	33	0.4853734465162999
121	150	0.4768351307756405
121	117	0.4721239505644032
121	132	0.4717586330095813
121	133	0.454533849967784
121	136	0.4458190505569309
121	34	0.4393701430535285
121	125	0.4359017947142138
121	129	0.4194051611413697
121	26	0.3935637574256941
121	119	0.3925153129167912
121	29	0.38893957934852463
121	44	0.3815649571850761
121	115	0.3696261317452875
121	149	0.3605778933606579
121	118	0.35563503385425105
121	18	0.3529854099168539
121	131	0.34851285044589464
121	126	0.3456015392498241
121	138	0.33334791967134825
121	116	0.32308692608502043
121	53	0.29714939310044475
121	148	0.2949049694763416
121	127	0.27795086647055584
121	104	0.2770740290524668
121	86	0.2758549203096745
121	17	0.2733122616827469
121	144	0.2707472442035093
121	16	0.27038579464325563
121	42	0.2627871852039861
121	188	0.2587143134734975
121	143	0.2466850748989113
121	84	0.2384311150857488
121	43	0.2309189866050409
121	73	0.22351223644014526
121	189	0.21744239340378654
121	15	0.21319871646990396
121	152	0.21249224087288965
121	24	0.20909998916785166
121	27	0.2084113660331993
121	68	0.2069186409908352
121	87	0.191062795462536
121	155	0.1904846322477136
121	130	0.18136136875465733
121	197	0.17432133496643926
121	69	0.1681284063821034
121	58	0.16176636887929646
121	190	0.15449294235150762
121	91	0.15313582840808124
123	22	0.7443303888147722
123	23	0.7069349459356976
123	33	0.7054310319928265
123	129	0.6735102251764016
123	124	0.6711979264755442
123	126	0.5821508448627776
123	28	0.7064543866852365
123	34	0.6763957331131375
123	26	0.6209808572312197
123	132	0.6088739761808243
123	25	0.5837616385782288
123	21	0.5827125021383947
123	136	0.5799451127552429
123	138	0.560807232321478
123	133	0.5537543994529225
123	118	0.5532411057218419
123	128	0.5504035053100951
123	120	0.5432606908127411
123	125	0.5323938436485584
123	115	0.5280014481493792
123	149	0.5173101158958572
123	18	0.5172881438475532
123	116	0.5091191555911141
123	29	0.5004452594871818
123	44	0.4993726296095662
123	152	0.4950290446376721
123	127	0.4861603978097278
123	104	0.4540021107966501
123	24	0.441634881374036
123	20	0.4361852478263151
123	119	0.4312734040894496
123	131	0.43043460843485787
123	150	0.4257219871350205
123	117	0.4240338618317688
123	148	0.4096744891939617
123	43	0.40735843367632013
123	143	0.3894741456742585
123	2	0.3782192467086576
123	144	0.3777821178252489
123	130	0.36581244950550185
123	17	0.3566828146654738
123	188	0.3430277152116078
123	16	0.3381303392648517
123	15	0.3277630476024932
123	141	0.3259231108424576
123	39	0.3255655545968621
123	27	0.32298840495181863
123	58	0.3203974828669398
123	73	0.31496707343484165
123	134	0.3115038461236244
123	37	0.30906379336584355
123	189	0.2958542302960364
123	155	0.294704089613704
123	42	0.2903056395214209
123	161	0.2719885656533657
123	154	0.26677640847325823
123	84	0.2605049102830935
123	53	0.25305111855287465
123	69	0.2436021910757193
123	86	0.2419365100023595
123	164	0.2346927285009003
123	137	0.23235742876943674
123	14	0.2244525699160204
123	45	0.2091764900635439
123	40	0.2085739762697896
123	62	0.1736231267620611
123	30	0.1626037473895627
123	162	0.16098720289771748
123	52	0.146410188566922
120	117	0.6639808610386837
120	119	0.5616498098478309
120	25	0.5282466170471466
120	118	0.5198907302661773
120	22	0.5194819716714091
120	133	0.5092524869543688
120	26	0.5064102220990264
120	28	0.506194561314136
120	18	0.4813654307101114
120	132	0.4645281237884221
120	128	0.4633981010581442
120	23	0.4515216932667621
120	17	0.4439180940455039
120	34	0.4212823093060577
120	149	0.4194381245607833
120	21	0.4098825095876917
120	16	0.4089419184860405
120	126	0.4082338209902286
120	124	0.403171287181348
120	136	0.3943663093120896
120	152	0.3929212836277271
120	129	0.3878271821416705
120	29	0.3788703415813535
120	115	0.3741930379007391
120	44	0.36001227154351345
120	87	0.34239227935114136
120	33	0.3410232642332606
120	125	0.3392723520559772
120	148	0.3334634689547211
120	189	0.3241612468563833
120	20	0.3235615206371185
120	188	0.31683050303832994
120	24	0.3117385980975386
120	127	0.3011374329099812
120	197	0.29909008761255834
120	43	0.2951514682289749
120	27	0.2943661874692613
120	73	0.2912119441603423
120	104	0.2808088989773024
120	161	0.2562306521604165
120	58	0.2557540735385941
120	84	0.25520258237159665
120	86	0.2512438254318057
120	116	0.2431976657988804
120	15	0.2387329002429318
120	150	0.233511233351876
120	106	0.22089801990889746
120	39	0.20821047865651102
120	164	0.20797130411268774
120	143	0.20673676875435806
120	130	0.2066410407847836
120	144	0.2029237570588616
120	91	0.19144816399342351
120	178	0.19099534991002934
120	155	0.17592073339877973
120	191	0.17385588226113996
120	83	0.17050816681801378
120	2	0.16924568263162673
120	190	0.1645599610417958
120	53	0.15956470820748833
120	154	0.15598607010360788
120	40	0.15307723490470224
120	162	0.14709511309877873
20	150	0.5075098491964876
20	23	0.4836133356844626
20	124	0.4790803572147203
20	25	0.4056137673114747
20	21	0.39976567249904543
20	53	0.38624580568303696
20	125	0.3690648022212269
20	28	0.3532480024916876
20	22	0.3529066212970209
20	117	0.3487588172991968
20	69	0.3433364943223807
20	133	0.3394493188998524
20	155	0.3281021824730936
20	128	0.32792370097186796
20	132	0.3222806384974641
20	34	0.3126682028991407
20	26	0.2881980739479427
20	91	0.2824477186239546
20	138	0.27011697503074433
20	44	0.26977393713873976
20	118	0.2672779045672127
20	126	0.2658287439762469
20	51	0.2647131865603912
20	42	0.2599268919407894
20	136	0.25296687977277155
20	33	0.25070972937439245
20	149	0.23689318325831224
20	68	0.2349383925289479
20	86	0.2319032933417371
20	144	0.22182048990379502
20	16	0.21774724219930072
20	131	0.2152500475863348
20	40	0.2114703225717996
20	104	0.20861223582642813
20	129	0.20347980828194406
20	43	0.20118765357045493
20	29	0.19703893195644195
20	94	0.1929216530643613
20	161	0.1860187222269754
20	116	0.18186421747476134
20	119	0.17016832211291966
20	65	0.16977016683204785
20	148	0.16917768691325533
20	115	0.15155342717294715
20	84	0.15022439114134062
114	139	0.7471091910891076
114	10	0.6590204183193811
114	110	0.6416244235363464
114	13	0.4775070384520381
114	141	0.5965346161083931
114	0	0.4677763298085541
114	134	0.4196441208707315
114	142	0.4038661404194906
114	102	0.3635582393231547
114	36	0.3564646008693116
114	145	0.3529066212970209
114	37	0.3496368780624327
114	140	0.3415357106345204
114	153	0.336446490546469
114	8	0.3145346261323833
114	168	0.3076883393196197
114	3	0.2830641514797632
114	137	0.2800533851624869
114	70	0.25503429774746234
114	150	0.2460745318792089
114	131	0.2375254834912133
114	52	0.23574131535274795
114	65	0.2331992033922909
114	154	0.21360913373155932
114	29	0.20929123660624024
114	138	0.20615276663446847
114	39	0.20053508839608414
114	101	0.20024713537782102
114	152	0.1932008439949376
114	35	0.1891061443818834
114	38	0.1877558533637941
114	146	0.18234763617939534
114	109	0.1822219557866801
114	5	0.1809067892545001
114	14	0.1683810458708147
114	108	0.16814784097353005
114	151	0.16783687183458754
114	45	0.1674772721297366
114	25	0.15918461432290792
114	47	0.15885321191135046
114	86	0.15882396880228644
114	62	0.15565432528459966
139	141	0.6605225225511578
139	142	0.6544595598518872
139	36	0.6232366207678495
139	10	0.6387029942274679
139	37	0.5311889516846413
139	38	0.5080887182566438
139	137	0.4822100991701408
139	134	0.4711053214853128
139	145	0.4497525182744588
139	13	0.42336927553331105
139	153	0.42124940790300935
139	39	0.4007062608649629
139	131	0.39090684500523204
139	70	0.3897794944082565
139	110	0.3722392280302337
139	138	0.3602994664973963
139	45	0.3530204254744514
139	52	0.3459185012481962
139	143	0.3119372046636216
139	0	0.2978421302248103
139	3	0.28898644836306103
139	171	0.2863539550146052
139	140	0.2800718164612787
139	146	0.2749492497809296
139	62	0.2715440169839989
139	168	0.2589662239347898
139	154	0.25677249216944537
139	28	0.2523209217723198
139	29	0.24012805605275045
139	14	0.23971338331935904
139	65	0.2365439164615503
139	61	0.22300865442373805
139	35	0.22226731725164847
139	152	0.21579357126887505
139	150	0.21527865742408855
139	2	0.2103236957859312
139	43	0.20870788192432105
139	164	0.18865291186490735
139	44	0.18418382154933707
139	132	0.18212527450937427
139	47	0.17570753373382295
139	5	0.17029455487618173
139	33	0.16983814849038056
139	102	0.16844906041667582
139	127	0.16383018109479336
139	151	0.1601980928430257
139	41	0.1526377493484431
139	40	0.15067397905251825
139	156	0.14910014988806494
10	0	0.6692094460066227
10	110	0.4726289098650383
10	13	0.4507730152546918
10	134	0.40224968062671984
10	142	0.38043657070867737
10	38	0.3596466519924293
10	101	0.3540092061505413
10	102	0.34431527416131474
10	36	0.3308033062280191
10	70	0.3110613255906987
10	151	0.28913307947513106
10	153	0.2700428104826701
10	140	0.26562427830456536
10	59	0.2511501354241961
10	52	0.2417858694963544
10	141	0.23541073897928574
10	3	0.2339933668694312
10	8	0.2337570412736339
10	30	0.22305616725091248
10	47	0.21482085570504109
10	45	0.2147636238474367
10	137	0.21325598851565336
10	99	0.2045819352591806
10	39	0.1937880055183144
10	9	0.1911013349683044
10	168	0.1847634032219745
10	109	0.1736522222607984
10	46	0.1721679663644039
10	5	0.17062467566937506
10	145	0.17017803252381675
10	54	0.1665246037393667
10	14	0.16024680928132354
10	106	0.1540634151317639
110	102	0.5621903639876624
110	4	0.4315582622175347
110	8	0.4987568634792701
110	0	0.4726988028640592
110	3	0.33658837150904186
110	1	0.3050514816435139
110	107	0.2954253096565905
110	9	0.28305495270686365
110	13	0.2743297858087185
110	108	0.26985738509448265
110	141	0.26978320933395394
110	86	0.25638948403528705
110	140	0.2433858276233382
110	151	0.23433362714955244
110	64	0.19216094010752874
110	150	0.18594148931500026
110	153	0.1739625553752198
110	59	0.16978959032790375
110	58	0.16978959032790375
110	159	0.16957592462124044
110	65	0.16582448583723894
110	131	0.16204876679960972
110	154	0.15654215155821882
110	47	0.14729077994538298
13	153	0.4500556010766903
13	0	0.4435486677399925
13	70	0.4061483340507371
13	109	0.3551195467557641
13	36	0.3467281565102641
13	35	0.3387678648156825
13	3	0.3311416799619588
13	14	0.33110606568273115
13	140	0.3262090887267816
13	171	0.31456165791637114
13	67	0.3047884447392178
13	168	0.30141929462484235
13	154	0.2968120261958161
13	46	0.29631039791567043
13	146	0.28499473787513113
13	32	0.2675285983506625
13	45	0.26703646153858285
13	52	0.2599268919407894
13	173	0.25825705276018474
13	47	0.2524239156700457
13	142	0.2488438831267355
13	49	0.2425295435705545
13	9	0.22336022424036267
13	176	0.22260950486258735
13	61	0.21855679038671955
13	172	0.213380072919765
13	156	0.20874613924571736
13	108	0.20378653900879012
13	145	0.19855711559156908
13	65	0.19207426193312968
13	141	0.1865013758129431
13	8	0.18635658917807
13	137	0.1821059378312552
13	51	0.17599825645922607
13	29	0.1748642646693341
13	152	0.1726725074082152
13	164	0.1668162700266377
13	37	0.16367447146705025
13	17	0.16043192462533068
13	42	0.15918461432290792
13	179	0.1554103728638646
13	62	0.1526182152544634
13	136	0.1510648744133813
13	102	0.15089874965009467
13	101	0.1494130210761576
13	131	0.14493223121872498
141	37	0.6354829216176981
141	134	0.5685786679127912
141	145	0.5467123570711391
141	137	0.5442537930694558
141	138	0.5343471997703251
141	36	0.4643477353855329
141	62	0.4555091849333887
141	142	0.4215208113137365
141	144	0.3980082150033791
141	33	0.3913218894734688
141	150	0.37833921338375376
141	140	0.3773105155138979
141	40	0.35643841259961395
141	28	0.3373684435280743
141	153	0.33324124990514875
141	53	0.3265932774940655
141	25	0.3256549523930459
141	39	0.3185297623192969
141	23	0.31728923427562883
141	132	0.309606380427302
141	146	0.2933063417293449
141	131	0.2932789223463877
141	116	0.28837228336188386
141	148	0.27560544763781136
141	143	0.2713958083305415
141	34	0.27127537932133056
141	42	0.26299198079776176
141	130	0.2616976475232977
141	29	0.2609336419851559
141	171	0.2521242811837266
141	61	0.2499692386073681
141	65	0.2464033101130674
141	21	0.23891206336851564
141	32	0.2335679609072505
141	27	0.2335301427136405
141	8	0.22681580065244197
141	133	0.21617491158606086
141	6	0.21579357126887505
141	168	0.21387634166135727
141	152	0.21319871646990396
141	125	0.20475439522824093
141	43	0.19763478799661546
141	22	0.19021477749250856
141	24	0.18892293241668165
141	3	0.1885275354805232
141	15	0.187881267508085
141	51	0.1872830835142627
141	128	0.1865689401373513
141	154	0.18622144768208804
141	196	0.1860283761793667
141	2	0.17115861347993416
141	127	0.16887654366724175
141	30	0.16730231561200531
141	45	0.1636647393444476
141	52	0.16258427612581658
141	129	0.15903841179424105
141	169	0.15582995927341228
141	26	0.14896325935116092
142	38	0.7088556443633529
142	36	0.4507889511847944
142	52	0.4358936947826527
142	39	0.4267612508836246
142	37	0.4172106138746938
142	137	0.41312210022248297
142	131	0.41225922646695096
142	138	0.3800174112773945
142	145	0.3578517769299129
142	140	0.3427188619480802
142	143	0.3397766442132465
142	134	0.3335967826026675
142	156	0.3315956792959388
142	70	0.31030240515428104
142	24	0.2864090341529582
142	153	0.28606934932149386
142	173	0.2772125077934625
142	28	0.24263307054447295
142	2	0.23392719848843366
142	45	0.2297826605654179
142	109	0.228342414748522
142	34	0.2150974555456436
142	43	0.2121962187978837
142	33	0.2100273896538334
142	106	0.20641127751908692
142	29	0.19829774642358247
142	127	0.19164082613399275
142	35	0.18399059917025015
142	62	0.18284063245251872
142	18	0.1781389647287714
142	132	0.17732549932802955
142	171	0.17191566194626404
142	41	0.16945937296938274
142	170	0.1584340340719168
142	0	0.1576930220102191
142	6	0.15359477356872953
142	15	0.15314559388730709
142	174	0.1521884350422275
142	101	0.15014619559117262
36	37	0.513277882292274
36	61	0.5053387313664693
36	62	0.5003103275163411
36	38	0.4393055844742659
36	171	0.4346535737612113
36	134	0.3977472900853117
36	70	0.3964332723564987
36	40	0.3834686644333348
36	145	0.38253002191619134
36	32	0.3385553908246112
36	45	0.32836093904302543
36	42	0.32099857519621355
36	39	0.3141561276062994
36	60	0.3057949892409404
36	41	0.3044618514768364
36	196	0.2873175664129161
36	170	0.28297216140754605
36	137	0.2773786670812041
36	153	0.2718681785087134
36	169	0.2570807084443724
36	33	0.2528732766294603
36	174	0.2495097998337364
36	68	0.24402544073773105
36	67	0.2364967135545324
36	27	0.23033196325485145
36	30	0.22813387513267186
36	65	0.2251836516235656
36	138	0.22045090761123967
36	172	0.21727089730834567
36	132	0.21206251863980174
36	173	0.18789091449625306
36	168	0.1860669916297336
36	28	0.18246364356114747
36	146	0.1797845178761447
36	35	0.17496120522276126
36	165	0.16923596905619814
36	131	0.1677299684750731
36	53	0.16188322640732927
36	66	0.15592752945503058
87	191	0.6590317320120253
87	83	0.5940036565457324
87	85	0.5020101893938449
87	190	0.4784945777159478
87	89	0.4418119550656989
87	178	0.4059395519732765
87	192	0.4036066713790736
87	98	0.3901949702758695
87	197	0.3784420318479834
87	84	0.33484039943825805
87	179	0.3099951105237719
87	73	0.3045253613318594
87	54	0.2890231074125892
87	50	0.2842227797338467
87	11	0.2697461202529348
87	162	0.2674636071422437
87	159	0.2498661090802985
87	72	0.21881387810057207
87	22	0.21091619209273896
87	66	0.2062389401287073
87	161	0.20585592235203296
87	58	0.20466816683207875
87	129	0.20297169766984827
87	91	0.19922942458783766
87	117	0.1949426719021806
87	188	0.19377838103757444
87	133	0.19202610609679985
87	26	0.17643428297301195
87	9	0.1764052166908583
87	148	0.17276952415319793
87	119	0.17260459369308498
87	189	0.1697604550346559
87	99	0.16572723400089995
87	126	0.1637231316021581
87	17	0.1579952984261538
87	149	0.15002889874394065
87	34	0.1490903721820337
87	86	0.14602852681128944
87	64	0.14564682158105008
188	148	0.5678744647256431
188	26	0.5035046584633083
188	28	0.50095478310508
188	43	0.4982308107907272
188	15	0.4968688875315241
188	2	0.4903947916462977
188	116	0.4552951805454695
188	189	0.4214467996876601
188	104	0.4089252630196742
188	127	0.4085504430137893
188	84	0.4012181907104624
188	18	0.3996984553569331
188	22	0.3986896826215166
188	69	0.3985803409051825
188	132	0.39673665168412
188	125	0.39443386519773066
188	118	0.39334400697643584
188	25	0.3854542643976411
188	73	0.366531161560976
188	197	0.36093453388498775
188	21	0.35975983175732
188	16	0.3526439564210553
188	27	0.34925060687977444
188	85	0.3492330462768438
188	115	0.3469041002240869
188	34	0.3348936712823544
188	178	0.3286196463376317
188	24	0.32803079268276564
188	23	0.3277719732870841
188	152	0.32723632868967284
188	129	0.3256281336654849
188	128	0.3222537541818418
188	126	0.3215725115543121
188	72	0.31995771458886124
188	162	0.3102481813997591
188	149	0.31007645952678153
188	39	0.30594002045166085
188	133	0.2917518167455767
188	161	0.2888856316070604
188	143	0.2700613519201382
188	58	0.26642341717354817
188	159	0.25417393521558673
188	97	0.25040981904157805
188	180	0.24542620324737036
188	131	0.2440348452306241
188	130	0.2435645643902015
188	17	0.2417293763012681
188	83	0.2285225002842425
188	30	0.22473743703888446
188	94	0.22238138587741552
188	124	0.22234336367844995
188	14	0.21988950783291056
188	33	0.21103085091337
188	86	0.19791344476011166
188	172	0.1913132917152872
188	59	0.19021477749250856
188	144	0.1872155378755981
188	106	0.1834205103496631
188	138	0.1745734226740154
188	134	0.17358433229226294
188	44	0.1709353426068053
188	117	0.15803429967907942
188	54	0.1578100357446846
188	66	0.15765401644777136
188	65	0.15033190695379592
188	1	0.1474766527724163
188	164	0.14575448642607114
188	155	0.14522591683506708
73	161	0.5870612376344666
73	58	0.5046608039855153
73	162	0.46379064117422797
73	22	0.4160701672667116
73	190	0.4098658695247178
73	104	0.40713321295173294
73	84	0.3838609530280519
73	129	0.3164976052088447
73	83	0.31637162353023623
73	197	0.3154534203696345
73	16	0.3064112738040705
73	159	0.30107377943103897
73	100	0.2966205147111876
73	23	0.2956717254446201
73	118	0.2933337606297696
73	28	0.27173852129751475
73	125	0.267593587124946
73	59	0.26261029722406914
73	26	0.26133431986664163
73	34	0.25840637511589426
73	178	0.2566323765907325
73	69	0.2553334597245813
73	191	0.2466287252765129
73	2	0.24230364736521195
73	30	0.2372801371173576
73	21	0.2357696479333317
73	91	0.21750908270499048
73	18	0.2166514942375398
73	86	0.21183329990094887
73	133	0.19795187766657096
73	128	0.19077373039987724
73	119	0.1762211230949005
73	126	0.17118773447226712
73	107	0.16817699261557498
73	189	0.16561052754241826
73	127	0.15903841179424105
73	4	0.1521884350422275
73	99	0.15212005560626327
73	24	0.1495498928170831
73	117	0.14930547497662008
58	161	0.5213923300413211
58	104	0.4183662475451321
58	22	0.35794768678579203
58	2	0.35005812927897906
58	23	0.30655624463652764
58	162	0.29980924818324706
58	148	0.2971585100957352
58	159	0.29080005218999705
58	30	0.2891972263211027
58	26	0.28473745951159296
58	59	0.28180343504531785
58	129	0.2815824792679377
58	151	0.2812233624390782
58	43	0.2518152324773233
58	152	0.2457738850714604
58	28	0.24059916870815615
58	189	0.23792174822703505
58	134	0.23718576506475786
58	127	0.23523126041476605
58	84	0.2298773783815413
58	16	0.21948026026288944
58	34	0.2155075228188518
58	178	0.21532633966578324
58	197	0.2139717653112008
58	119	0.2077703782737118
58	21	0.20532916992926104
58	116	0.20325932089439086
58	100	0.20177289102702106
58	56	0.1970293201809104
58	83	0.19619295090638134
58	54	0.19306606606958573
58	15	0.19238243737391705
58	191	0.1917082543949052
58	106	0.1916311933775952
58	115	0.18311125799554445
58	33	0.18103253175196266
58	18	0.18048115539915915
58	17	0.17269191102530695
58	190	0.17114890641602973
58	132	0.16613567003075738
58	128	0.16039295391136313
58	101	0.16012988851832946
58	118	0.1582000495016972
58	143	0.15702986062145613
58	107	0.15524447438774322
58	69	0.15264751635070936
58	126	0.15145572253665435
58	99	0.15054692790884
58	131	0.1481417963996328
22	26	0.7439287448179086
22	34	0.7404387929136589
22	28	0.7143348203454682
22	23	0.6559832864281985
22	129	0.6536813792493974
22	132	0.6275535476749775
22	21	0.5868842626291902
22	25	0.5770575627204265
22	33	0.5722889783233106
22	18	0.5598330539405261
22	125	0.559187322584451
22	104	0.5535741009213754
22	118	0.5505359320962047
22	24	0.5404775688707717
22	116	0.5143892042994327
22	115	0.507019678804942
22	124	0.5040195528085655
22	133	0.4947194538594488
22	149	0.4913360148718141
22	29	0.4765260205310535
22	16	0.471152003752285
22	127	0.4643242036223131
22	128	0.4530886698937116
22	117	0.4419004790047388
22	126	0.4374880171318095
22	143	0.4256892361457386
22	2	0.4192073574001952
22	43	0.4139345145763062
22	39	0.4079671157111674
22	161	0.40233349677438224
22	152	0.3973178864999965
22	15	0.3971325998377359
22	17	0.3949403984162246
22	148	0.3787589966535378
22	138	0.3749925404441965
22	131	0.3683303495005595
22	119	0.36830441923143103
22	130	0.3552506232887319
22	44	0.3483722764015045
22	136	0.3281378759629443
22	27	0.3187184428414559
22	69	0.2568845768617472
22	84	0.25420199686992184
22	134	0.2513281424136236
22	162	0.2405049552377003
22	144	0.23689318325831224
22	197	0.23368141124781874
22	150	0.22459500827593246
22	189	0.20859310612791565
22	155	0.20681334828032602
22	30	0.2026360929706819
22	42	0.19917180544095828
22	178	0.1886432677459253
22	37	0.16445293790282342
22	100	0.16298341170204675
22	86	0.15993501059601115
22	53	0.14681137572514866
26	127	0.7058527703171458
26	18	0.6476499101599386
26	24	0.5946633594628139
26	29	0.5863726863962495
26	34	0.7113344564840753
26	28	0.7100873352875121
26	118	0.6157186020045775
26	23	0.6087795766877536
26	129	0.597152642585029
26	43	0.584071388074263
26	152	0.5623955119802323
26	132	0.5622450768863917
26	39	0.5568667251494304
26	133	0.5522202075069532
26	149	0.5489519691866244
26	115	0.5353110425433952
26	15	0.5304635460699967
26	116	0.5178811497571226
26	21	0.5164527007486762
26	2	0.5162620232311826
26	16	0.5129905719254542
26	143	0.4958288676660075
26	104	0.4903036447291793
26	17	0.4861069406258694
26	125	0.4835137340646952
26	25	0.4723104331845967
26	148	0.4601014708697919
26	33	0.44706812362488535
26	117	0.44278524493486704
26	124	0.4426968070927813
26	131	0.4206076089840365
26	128	0.415582185019382
26	126	0.4154746313211514
26	44	0.4122177234949767
26	119	0.4106559711136867
26	27	0.38089832053233535
26	197	0.3558621290186557
26	130	0.3415798775481728
26	138	0.3367302371906834
26	14	0.3257085882760929
26	69	0.3231675290764806
26	189	0.3221013999088186
26	136	0.3050968281315028
26	84	0.30165565416254697
26	144	0.28268695910402597
26	154	0.25429553262639115
26	161	0.2358546432701436
26	106	0.2335301427136405
26	150	0.22391121672002368
26	40	0.21727089730834567
26	72	0.21235855831019235
26	30	0.21040971291233854
26	178	0.21016121010750796
26	86	0.20990312075712275
26	134	0.20702392890830806
26	155	0.2060665899424877
26	109	0.20394947344047532
26	42	0.20149468132248952
26	122	0.20009354628464374
26	164	0.19948869369677
26	162	0.1737686012237884
26	37	0.1694982240468514
26	151	0.1608703106656398
26	91	0.1601591191304639
26	83	0.157439477063732
26	85	0.15284285013181198
26	100	0.1491588155118896
26	46	0.14543148154379404
34	33	0.6968239865064392
34	28	0.6644726074689891
34	129	0.6067679309894378
34	18	0.5739476690550609
34	23	0.5465160174530921
34	24	0.5336394972848817
34	132	0.5333533446644321
34	138	0.5324440007549099
34	116	0.5321860100954652
34	125	0.5040643093124458
34	149	0.5022495063873323
34	39	0.5003478110574487
34	21	0.4955497795965962
34	118	0.4911766947621146
34	104	0.466588084193227
34	133	0.4647319947026217
34	27	0.4619677190715339
34	148	0.4573854079077128
34	115	0.4567683649971051
34	127	0.4545021134316183
34	2	0.4479238531483978
34	43	0.4433478293289376
34	15	0.4347752272693516
34	44	0.4167066651477792
34	29	0.4048866455048546
34	143	0.402132326691484
34	152	0.4012433611263932
34	130	0.3941298301456907
34	25	0.37824495492299226
34	17	0.3760576765571565
34	16	0.3733241304395923
34	126	0.3708859806905957
34	117	0.3662887533151324
34	119	0.36420893083292055
34	124	0.3618995430210689
34	136	0.3535455401332362
34	144	0.34563676114593833
34	37	0.31629062941464897
34	42	0.30278239691776004
34	131	0.3021555233050208
34	128	0.2939185821543877
34	69	0.286041804155286
34	134	0.27134022676661873
34	150	0.2693566365970647
34	40	0.267686424007594
34	162	0.257463570966858
34	189	0.2459336095799434
34	62	0.24163521733461985
34	84	0.22391121672002368
34	154	0.21915661446262594
34	161	0.2040548955823143
34	137	0.20304840062339796
34	164	0.19694281249690546
34	155	0.19174678401723466
34	14	0.1851593768223807
34	53	0.1560055834096479
34	52	0.1529795766740872
34	32	0.1517585972674722
34	85	0.15041987179200308
34	178	0.14535317265814085
28	132	0.7153617025121352
28	21	0.6340080908623207
28	133	0.5767973723951182
28	131	0.5480430738205802
28	23	0.6352682543924443
28	125	0.6075255781800527
28	25	0.5959352275539376
28	129	0.5670744570794061
28	29	0.5535255501400677
28	33	0.5507380037830665
28	18	0.5504871465030858
28	43	0.5467964842233678
28	104	0.5432113481888811
28	2	0.5369001188152617
28	128	0.5312535540428063
28	127	0.5310094682790781
28	118	0.5212175521648323
28	124	0.5172661711172858
28	39	0.5171855986051889
28	143	0.4871753928521394
28	148	0.4856103787699159
28	24	0.4849223139333823
28	116	0.4836899437934916
28	149	0.4779700979449079
28	15	0.4574012237348048
28	152	0.4347265677699482
28	115	0.43339555900796256
28	138	0.4292606761037706
28	126	0.4252961372900816
28	44	0.4125745931323739
28	134	0.4124916114885285
28	27	0.4033052710033667
28	117	0.3883198335140829
28	16	0.3883028492280405
28	130	0.3711446849746949
28	189	0.3653099578215376
28	119	0.3592112465898101
28	37	0.335381896732052
28	17	0.3285661247347186
28	136	0.3275041773022542
28	69	0.3014465687704703
28	150	0.29179756012212416
28	42	0.2723311593820055
28	84	0.2689577882146917
28	14	0.26028118337370665
28	161	0.2554923696454358
28	137	0.2515998045136729
28	30	0.2513656154034761
28	164	0.25043793767801004
28	144	0.2407875820472289
28	197	0.2145823799026268
28	45	0.19945028521986471
28	86	0.19827853278730934
28	162	0.1889132893172079
28	40	0.17814864737661498
28	53	0.1685365053330025
28	52	0.16382044948213273
28	72	0.1634019599984149
28	155	0.15834629194191685
28	59	0.15328230745501284
23	25	0.6171260540868795
23	132	0.577164273598074
23	124	0.5729140568108778
23	129	0.570693026461258
23	128	0.5677863808064595
23	21	0.5618003921270511
23	133	0.518239640323449
23	29	0.5044222638801337
23	126	0.5023242771750572
23	125	0.4997553518628314
23	127	0.486465797631161
23	118	0.4558895072124118
23	116	0.4265649408204484
23	104	0.40730004787408336
23	131	0.39106779949815507
23	33	0.3845343427897212
23	150	0.3828373010688964
23	117	0.3696174979481477
23	24	0.3539654715023563
23	152	0.3536067890059112
23	115	0.3451083304847059
23	43	0.3336678777600775
23	119	0.3306162737116202
23	16	0.32703987294486103
23	18	0.3233197663785137
23	136	0.32017312853773017
23	148	0.31269526980309065
23	138	0.3061484779415164
23	84	0.3037993731778484
23	130	0.2996272143876504
23	149	0.2954070550710073
23	27	0.2759011148756331
23	15	0.2749122732578808
23	161	0.2713031713852004
23	2	0.2670271745985015
23	144	0.26235889973031024
23	17	0.2596005089578206
23	143	0.25877962697384344
23	155	0.25519323363131924
23	91	0.25119698101636706
23	86	0.24913466446984897
23	39	0.246018164207552
23	189	0.24419471458578945
23	53	0.2441665033108855
23	162	0.22342673091512374
23	44	0.21649899901190303
23	59	0.1968851390037555
23	134	0.1964717724492911
23	69	0.19463481355448065
23	37	0.16226298200260494
23	14	0.14989204708426035
33	138	0.6209194151384929
33	42	0.5463336482805128
33	44	0.5922340454266191
33	136	0.512806338133464
33	129	0.4961078533530641
33	132	0.4869007870535991
33	62	0.4774993185448929
33	18	0.4540100495814415
33	149	0.4377871522638863
33	115	0.4340531843189497
33	21	0.4248700990467087
33	124	0.42448486401039626
33	45	0.415590457899476
33	148	0.4130225756734289
33	116	0.4111297363201383
33	24	0.4082504877570956
33	134	0.4063320272110705
33	37	0.3946871617953004
33	152	0.3894147623630874
33	143	0.3889989885512194
33	27	0.3858458504429327
33	125	0.3828970399599432
33	133	0.3736683306593885
33	118	0.3719290688158374
33	43	0.3715757307600059
33	104	0.3689611426902629
33	15	0.3688315553680542
33	2	0.3585491308262778
33	150	0.3410409381753787
33	25	0.3392546540504681
33	39	0.336446490546469
33	40	0.3299213542001698
33	117	0.3228988342100595
33	119	0.3179995248455315
33	144	0.3175500152599743
33	127	0.3138135904784893
33	131	0.3127945107726571
33	137	0.30997703235106244
33	29	0.305867506620714
33	52	0.2965019480247122
33	130	0.2958086061074482
33	128	0.2876661588106754
33	53	0.2617162777126113
33	17	0.25918078654499643
33	145	0.2589009171963994
33	51	0.25332252851599946
33	154	0.2428965688102986
33	126	0.240250556235186
33	164	0.2304266557921343
33	41	0.2148971625534904
33	14	0.21257817546349975
33	189	0.20890872573285935
33	146	0.20110129488947648
33	16	0.20068864917621335
33	60	0.19848026836530008
33	69	0.18977138229156093
33	161	0.1832368961388235
33	61	0.17120714830098768
33	30	0.16944966011771462
33	196	0.14650804353956773
129	118	0.5480640629391627
129	21	0.5477911505640113
129	133	0.542724770101404
129	29	0.5300897666183012
129	149	0.529262407056741
129	116	0.5170830385119712
129	132	0.4991474077823991
129	143	0.4801660027740779
129	130	0.4785948070627698
129	104	0.4748005716553277
129	127	0.4733353317847479
129	18	0.4719762885150621
129	126	0.4719141070966961
129	128	0.4629660967872625
129	125	0.4549145983783148
129	115	0.4465238697890347
129	43	0.4457789873952102
129	27	0.4321927793243199
129	124	0.431891843736488
129	148	0.4265976619561739
129	25	0.4257792986822889
129	138	0.424861904157902
129	24	0.42198120190480215
129	152	0.4148952963449763
129	39	0.3960117685122655
129	44	0.3848666249433476
129	2	0.35794768678579203
129	15	0.3548311292312636
129	136	0.3432747444347956
129	119	0.34097024096039896
129	189	0.33657063722429786
129	16	0.31110648693084986
129	144	0.3092175468132035
129	17	0.3083490801482769
129	84	0.2967025939841131
129	117	0.29259328105656096
129	131	0.2771201899120508
129	150	0.243837341243172
129	86	0.24359278447307986
129	155	0.2234077292202983
129	164	0.22250495335193354
129	69	0.2148017785830813
129	134	0.21105951471129186
129	162	0.21078241613305293
129	161	0.2092529883989288
129	37	0.19923902764506896
129	14	0.19866277654127554
129	197	0.18848895689488412
129	53	0.18765937677875855
129	45	0.1723426254242369
129	40	0.1679923605832939
129	52	0.16726343495442542
129	41	0.1623603474948661
129	154	0.16123071387223245
129	30	0.15714689941020893
129	94	0.14672331438403366
124	25	0.5322003455038945
124	128	0.524994608815509
124	126	0.5141170531287458
124	133	0.492919836994844
124	21	0.4797350001840924
124	150	0.4527945776615152
124	29	0.4461234722120092
124	115	0.4394266280876052
124	118	0.4370431778109579
124	149	0.4363228938313607
124	125	0.4320626568231094
124	132	0.4184817365356483
124	44	0.40514579367893694
124	136	0.39113556265610705
124	117	0.3780735558082925
124	131	0.3739694214617915
124	127	0.3703166286356107
124	119	0.36643593568216587
124	116	0.3421892268330711
124	18	0.332645520304294
124	43	0.3228898768177077
124	138	0.3217518182438634
124	24	0.2934617091171906
124	104	0.28530709211631833
124	15	0.2774617405038826
124	42	0.27375634758471695
124	53	0.25652961830976434
124	152	0.25501559850194633
124	155	0.2507753283472561
124	143	0.2403542042593285
124	17	0.23989245728501615
124	144	0.2313544114762563
124	148	0.2045915167018961
124	14	0.1997479348777292
124	16	0.19884527093989035
124	157	0.19662559142742547
124	105	0.18653033216802697
124	122	0.17933934942924165
124	51	0.17246876134003905
124	49	0.16914854539805374
124	52	0.1675064305241264
124	2	0.1589409395660257
126	128	0.5556029226676665
126	133	0.5302479292355167
126	25	0.4345237925334083
126	117	0.403623413277025
126	152	0.3932679290391133
126	118	0.39288745858152696
126	21	0.3922868871471125
126	116	0.3783649188751727
126	125	0.373573685851883
126	132	0.371118817137997
126	115	0.3547437166429113
126	149	0.34853920633411795
126	29	0.3372532347465779
126	155	0.3254582695576203
126	127	0.3127223361992238
126	130	0.30897334261347675
126	17	0.30884670217001353
126	24	0.3078241322341938
126	43	0.30616660329272205
126	18	0.29937233042159145
126	136	0.28696889788774216
126	44	0.28174819890200026
126	27	0.28033904708460616
126	138	0.2507753283472561
126	144	0.2486468767230409
126	150	0.24861873127118014
126	119	0.2449656625705494
126	164	0.2426895374739452
126	148	0.223521736841712
126	143	0.219575441015078
126	189	0.21296961363788866
126	15	0.2095015902965276
126	86	0.1983457798474846
126	2	0.18793914889328509
126	131	0.18537182568597385
126	154	0.17919416991520862
126	178	0.17891346739565786
126	107	0.1745734226740154
126	72	0.17400134458645736
126	16	0.16743839381477518
126	104	0.16211692784012205
126	40	0.1536338296745774
126	122	0.15321395140428487
126	41	0.15029281070601014
108	3	0.6734992973496713
108	6	0.6689608997523051
108	105	0.4140670911095172
108	102	0.5856832867659542
108	9	0.5282321977845784
108	153	0.39932027884685145
108	154	0.3862372975083989
108	179	0.34326592278001505
108	168	0.3410055900500518
108	8	0.3210165142793372
108	156	0.3173521858052839
108	109	0.3153633686152636
108	0	0.2935622326965858
108	171	0.28755608522974146
108	107	0.2810944294848077
108	192	0.2790393460762911
108	51	0.2779600938780661
108	46	0.2616231248159608
108	89	0.2540149110919432
108	47	0.25309791621729555
108	5	0.2524988167306842
108	157	0.2490127293718974
108	67	0.2466944663404819
108	146	0.2390252106472198
108	72	0.2385725826156525
108	35	0.2381198509069677
108	145	0.2381104178951401
108	49	0.22811491594746935
108	176	0.22141160879055455
108	14	0.2138286283056353
108	170	0.2108301941681271
108	106	0.20203188459022048
108	40	0.18931826810395785
108	140	0.1789618664612145
108	155	0.17592073339877973
108	4	0.17139157304090044
108	1	0.16599953101371018
108	41	0.16396642032313635
108	11	0.1638691072265521
108	137	0.15300887445709316
108	173	0.14653739947232786
102	0	0.498080442597283
102	3	0.4912298051177847
102	8	0.4643477353855329
102	6	0.4146883094065439
102	4	0.4028111200109771
102	9	0.35118954023939825
102	107	0.3486446243751313
102	105	0.3402895831332107
102	1	0.3300817520150857
102	72	0.2717570443603646
102	154	0.25337867732429925
102	46	0.25012860944796306
102	151	0.24252013175352344
102	14	0.2257626403377433
102	5	0.2254779116928897
102	152	0.21523097415588588
102	156	0.2130746220112733
102	50	0.20717706640935848
102	145	0.18468613308121745
102	157	0.18418382154933707
102	109	0.1827633057773571
102	140	0.16421941943514384
102	179	0.1584047869732081
102	153	0.15618119768275607
102	49	0.15077170731488548
3	9	0.5362521205769307
3	0	0.4449773492145696
3	153	0.4015034199377296
3	6	0.3832980609947154
3	154	0.37128263704114006
3	5	0.366531161560976
3	109	0.3622297285113536
3	105	0.34807350452712044
3	171	0.3279504746898581
3	168	0.3164886068877065
3	145	0.30123745438346977
3	146	0.282042770078351
3	47	0.2759380696107717
3	106	0.26745432248522233
3	157	0.25670710624219195
3	8	0.2505316634143867
3	49	0.24987548472614696
3	51	0.24013747941528896
3	107	0.23627012406476744
3	1	0.2263509572767105
3	14	0.2222863291119253
3	179	0.2171279736478674
3	35	0.21377137093204496
3	67	0.19828813962449507
3	40	0.19265205976248068
3	65	0.17969742548973033
3	89	0.17867145908326704
3	72	0.17456372741588938
3	155	0.17127509565442756
3	46	0.16941080838189138
3	170	0.1660287041930905
3	137	0.1647156241449967
3	152	0.16330462842837554
3	138	0.16227271869405233
3	151	0.1601591191304639
3	53	0.15570311349140528
3	37	0.15443437389282727
3	173	0.1486894611530102
3	29	0.1473886090467387
6	8	0.5645862627509132
6	145	0.4014279256595844
6	171	0.3704978163174735
6	174	0.34748454122381106
6	170	0.3001004568477561
6	153	0.29688497667314256
6	40	0.2818954911332385
6	67	0.27714788581379995
6	144	0.2766400544784328
6	1	0.2446554402018739
6	168	0.2401186326449556
6	105	0.2327547141855691
6	157	0.23178028092179215
6	47	0.2293279544823504
6	4	0.22813387513267186
6	173	0.2108779711959066
6	51	0.2083635372997112
6	66	0.20439988040076015
6	175	0.19877803776509453
6	41	0.19236317751985865
6	146	0.18790056144816944
6	138	0.1860283761793667
6	179	0.18214461104662594
6	154	0.17954258762557354
6	137	0.176589297946703
6	53	0.17275982262952175
6	94	0.16330462842837554
6	9	0.16319756002966648
6	5	0.1623603474948661
105	49	0.23891206336851564
105	9	0.20625808935970988
105	51	0.18502417307774585
105	0	0.15289168171175158
105	29	0.14760382291639368
105	107	0.14555872959625668
105	157	0.14541190449317076
105	176	0.14492244125805293
127	43	0.5179177387653906
127	24	0.4835367201653344
127	2	0.4781166781028064
127	143	0.4724813384513996
127	152	0.4651944421117682
127	39	0.44590718322569856
127	149	0.4379326424311205
127	131	0.43682472385794097
127	29	0.4309477466274873
127	118	0.4203688839925732
127	148	0.4057641422758208
127	116	0.3859309594567226
127	21	0.382589777270782
127	104	0.3753362411096361
127	18	0.3710412101719591
127	133	0.3697901617629743
127	15	0.3516190325910908
127	25	0.3415887107498726
127	17	0.3390865110211194
127	115	0.3341210201404204
127	128	0.3287177637945549
127	125	0.3099951105237719
127	132	0.30733521908816136
127	44	0.3000003601751256
127	106	0.2962556649337738
127	150	0.2932240821330224
127	69	0.2891605712985295
127	138	0.2888398036905547
127	119	0.2888123063052586
127	16	0.2846639438708052
127	14	0.2791038944084128
127	136	0.25915280156781323
127	30	0.25658566900027313
127	59	0.2319884514417756
127	144	0.22953637387542586
127	164	0.2259239694535731
127	122	0.21943266831988675
127	109	0.2166514942375398
127	151	0.21494485300149996
127	189	0.20952071239807607
127	197	0.205070538815694
127	134	0.19589486520534835
127	117	0.19525049184285126
127	155	0.1949522918569736
127	52	0.1936243842740428
127	178	0.18940504089863544
127	72	0.18900007590063175
127	84	0.1815741240342585
127	130	0.1802005870219677
127	156	0.17801308716819786
127	86	0.16627180271503875
127	137	0.16395668915705078
127	107	0.1631099557531146
127	161	0.15182698439384795
127	27	0.14433499175616546
18	15	0.6422064885318702
18	149	0.6761189683696268
18	17	0.6739525547907466
18	16	0.6223061443317242
18	43	0.6205997932468436
18	152	0.6120607958839159
18	115	0.599982604157942
18	118	0.5882592563981054
18	44	0.5789886389657304
18	119	0.57467814841549
18	24	0.5611498838362879
18	2	0.4992675344860734
18	154	0.4954743328164901
18	39	0.4949535462760392
18	29	0.4723725846644571
18	14	0.46930604853825203
18	116	0.467823199611339
18	132	0.4436691494100681
18	136	0.4289751258688273
18	143	0.4261312803731823
18	133	0.4093415679308167
18	21	0.4050120479084941
18	148	0.399295062245327
18	104	0.3943071944152958
18	164	0.3861181761629003
18	46	0.36655713092263903
18	117	0.3576076086813928
18	189	0.3364287543519458
18	125	0.3364198861651785
18	131	0.3327344520415053
18	25	0.32787907693792423
18	138	0.3266111441139826
18	72	0.32354361436239804
18	27	0.3149850892362046
18	197	0.2843330820606428
18	130	0.264192350326231
18	128	0.24580207271954085
18	151	0.232981699559877
18	106	0.2295932118757585
18	69	0.21988950783291056
18	107	0.20741632342802066
18	122	0.2025881455542368
18	84	0.20082300676962225
18	155	0.19978633860136652
18	178	0.19472140259349688
18	51	0.19302755675244726
18	48	0.18722518736095614
18	144	0.1860669916297336
18	5	0.17790657083539665
18	52	0.1704693294745492
18	86	0.16570778324675392
18	42	0.16562997894105186
18	40	0.16547436414485153
18	38	0.15776128056039146
18	156	0.1512309906443775
24	39	0.5398755910656571
24	43	0.5222364731564716
24	149	0.5105179156148993
24	2	0.4914953021074288
24	132	0.4902884525334863
24	152	0.4646065415076581
24	15	0.4496328518014657
24	125	0.4189105771555892
24	118	0.4051123588616812
24	143	0.4038996155643186
24	115	0.4023586403036133
24	116	0.4013859820367273
24	17	0.3909322604623278
24	130	0.3820091612642221
24	133	0.3820091612642221
24	138	0.3672407851448535
24	104	0.36673024540301535
24	21	0.365647863630206
24	27	0.3542016202078719
24	44	0.3540179528943964
24	137	0.3287445218696243
24	131	0.326530742486345
24	37	0.32476071262553496
24	148	0.3213931817992367
24	119	0.31558848734845696
24	29	0.31375048262017496
24	25	0.31125099377710025
24	16	0.3039536752172409
24	164	0.2897744310088633
24	144	0.27917766084246565
24	128	0.27357132596458394
24	40	0.2731271914873009
24	69	0.2683268629596529
24	136	0.2627871852039861
24	52	0.2603371177224549
24	117	0.2570807084443724
24	62	0.2505785245216194
24	155	0.2437056606796808
24	35	0.2352123670007997
24	14	0.23034143270490698
24	156	0.2282571056188336
24	154	0.21425801175311132
24	45	0.2095015902965276
24	72	0.20653573544873485
24	122	0.1944038946227025
24	151	0.1930564387960577
24	157	0.192767603312826
24	140	0.1896171397179508
24	150	0.18419348229474203
24	51	0.18012318368640776
24	38	0.17963936233365568
24	134	0.17602732704413787
24	109	0.16905140487830078
24	46	0.16854622127109092
24	106	0.16802151379336328
24	94	0.16237008387023336
24	30	0.15800504878560512
29	25	0.5116408879537755
29	118	0.4957685329741625
29	132	0.4879681574443671
29	43	0.4629975227010095
29	152	0.4474840945326553
29	119	0.4472921320038645
29	133	0.4414497220842993
29	115	0.4410792907023641
29	21	0.4307767315049669
29	128	0.42238386522752974
29	149	0.4101071237332232
29	131	0.4015201957030923
29	116	0.3847047563493187
29	143	0.3782363855830387
29	14	0.3556874441592135
29	154	0.3463937962296674
29	39	0.3379974823463545
29	15	0.3325121116049504
29	125	0.3320406276401217
29	117	0.32391064666107794
29	17	0.32146491646849645
29	130	0.3190238720404999
29	44	0.29837058711342057
29	16	0.287143241661521
29	189	0.27472737844597306
29	27	0.27369159232157025
29	144	0.26897634134905224
29	138	0.2622564683157556
29	150	0.2603650842415789
29	86	0.25435165179699776
29	104	0.24906900809061944
29	148	0.24875007312046046
29	136	0.2418894360966975
29	164	0.2343052743177047
29	84	0.22369273680583615
29	2	0.2232747126026822
29	106	0.2228756128712815
29	197	0.22192507487520174
29	46	0.21900429386226106
29	37	0.2123394601522275
29	45	0.21206251863980174
29	109	0.20830614150404916
29	155	0.20013194448020344
29	134	0.1937398827416278
29	40	0.18574839698428947
29	42	0.18134202652342274
29	5	0.17408861833739162
29	52	0.17302175199721656
29	41	0.17175068147530964
29	72	0.17153716303617736
29	69	0.15968165066020773
29	145	0.1594575070248845
29	53	0.1529795766740872
66	170	0.7415840824885568
66	85	0.6046216115758717
66	98	0.5056662969287371
66	171	0.5040270124138713
66	89	0.4483314357575225
66	67	0.4263113141613269
66	173	0.3705582059469465
66	174	0.360751877527933
66	68	0.3606300912462802
66	94	0.3450995214519032
66	27	0.3448087892673524
66	41	0.3335878954411541
66	169	0.32925282497893754
66	35	0.32525261647660403
66	50	0.32493066292789713
66	179	0.32405385234099754
66	172	0.3113864558745084
66	180	0.3081680848197873
66	70	0.2912485515580454
66	65	0.27604892892121186
66	168	0.27601197663365235
66	61	0.27178482857710473
66	196	0.2579957089462114
66	153	0.2566884241170458
66	192	0.2550623462580631
66	38	0.23946830830206045
66	40	0.23699700753058445
66	130	0.22815283414486576
66	176	0.2277262145452285
66	144	0.20993179879692275
66	60	0.1903497084657852
66	72	0.18586425410526253
66	69	0.18370073894165376
66	37	0.17825515422557794
66	191	0.17666680214921268
66	116	0.17006150541226403
66	146	0.16658293932981902
66	156	0.1624382376124035
66	157	0.1608410869023171
66	165	0.15765401644777136
66	145	0.15739071603937402
66	178	0.1573614590563643
66	148	0.15387791945597515
66	138	0.14807333190920174
66	51	0.1475940407708406
170	171	0.7022672383659178
170	174	0.5389254682599981
170	169	0.479919743948917
170	173	0.4962962992262291
170	67	0.4835980131734301
170	85	0.4716109054494118
170	196	0.4605349297868648
170	89	0.4339233196478409
170	68	0.41345377744764
170	172	0.4103649527119284
170	70	0.3831615594091233
170	180	0.37253207986064896
170	179	0.3695743280051049
170	41	0.3484162074741013
170	61	0.34486165458751394
170	153	0.32378532951406136
170	40	0.3164976052088447
170	50	0.3009100867374818
170	98	0.30008225794421256
170	168	0.2956443478548618
170	27	0.294740615163098
170	94	0.28924304390676303
170	32	0.2869413681851959
170	145	0.2864549319889
170	65	0.2757810063536346
170	37	0.2706360370793897
170	35	0.26506652323385793
170	175	0.2642853681086653
170	38	0.2628058039640341
170	60	0.2495660636829532
170	51	0.2463375590004708
170	165	0.24335760451710614
170	42	0.23927034081435636
170	192	0.2329060405876523
170	176	0.2218014739060296
170	146	0.211699578204656
170	138	0.1964717724492911
170	45	0.19100498509938935
170	130	0.18451226691737013
170	62	0.16816727543424168
170	56	0.1569225711901319
170	144	0.15397555011191985
170	39	0.15359477356872953
170	148	0.15283308372625345
170	156	0.14429582483365386
85	98	0.5198104571767012
85	83	0.3919907076442789
85	196	0.357206368978785
85	70	0.3454254151632077
85	89	0.3439097443437569
85	191	0.34036031744741657
85	94	0.33410325275881564
85	27	0.33243205999692765
85	197	0.326968427482052
85	148	0.32458179491092465
85	176	0.31466977995013085
85	178	0.28544487619814685
85	97	0.2756978492545877
85	180	0.2611759230876459
85	41	0.24871254781105864
85	39	0.2435645643902015
85	11	0.23948716131035036
85	84	0.2388083393301749
85	130	0.2354674130857545
85	15	0.2337570412736339
85	72	0.2331330090426386
85	50	0.2309852528832965
85	69	0.2286836161928935
85	189	0.2236357383473261
85	116	0.21870914232651145
85	192	0.1998055402330177
85	190	0.19957511052850824
85	169	0.19309494766711932
85	173	0.19117841221215676
85	144	0.18912542908626687
85	143	0.18871077581459647
85	61	0.1824443093502187
85	125	0.18234763617939534
85	37	0.17919416991520862
85	2	0.17722864204409694
85	43	0.17641490548576166
85	133	0.17280832991266007
85	54	0.17226500051259905
85	175	0.1705372944779614
85	32	0.16680654828710004
85	168	0.16385937574144852
85	179	0.16258427612581658
85	68	0.1598570559353723
85	60	0.15886295955243634
85	171	0.15616168547314005
85	71	0.15529326896660672
85	106	0.14999957387207585
171	173	0.590119892416505
171	67	0.5524425851124872
171	146	0.4859159924139659
171	174	0.4745216808068874
171	145	0.4713231494833393
171	153	0.4565942477176736
171	169	0.4389746505391332
171	37	0.4172436507354899
171	40	0.3706703498041379
171	45	0.3450114277800591
171	137	0.3416417086927604
171	179	0.3334368046245356
171	60	0.32070254707698165
171	35	0.3177747879081042
171	165	0.3120545502778255
171	168	0.31125099377710025
171	61	0.3077336050174879
171	65	0.3062028533292019
171	42	0.28628969362773365
171	51	0.2738858506652523
171	154	0.2630571380634092
171	138	0.26228440474229675
171	38	0.260495588886894
171	41	0.2602438928372623
171	196	0.2583037173223083
171	62	0.2501004861665763
171	89	0.2456047504553551
171	172	0.2410324922576488
171	50	0.22336972532124305
171	68	0.21768056015332546
171	70	0.2151737528793413
171	175	0.20852615092625207
171	180	0.1913710950051703
171	46	0.18484067107849428
171	47	0.18079071400716898
171	155	0.16458914849827108
171	94	0.15741997274609834
171	144	0.1548638506923108
171	0	0.15338972114223598
171	49	0.15293074643817042
171	140	0.15204190589628433
171	52	0.15006799816245978
171	27	0.14901214948434668
171	130	0.147936398671061
171	164	0.14597959267057328
174	196	0.4230409165613697
174	67	0.38507957386992864
174	175	0.3742704334553859
174	169	0.3579825612245855
174	172	0.3307409649424505
174	61	0.3167135478256368
174	68	0.3147058188136814
174	145	0.2768155046076293
174	173	0.2761505435040089
174	32	0.2664884472600491
174	179	0.2462530185237722
174	140	0.2460369536163564
174	165	0.237365068135696
174	180	0.233397773472654
174	62	0.2288162904768817
174	60	0.2271857042038036
174	56	0.20532916992926104
174	50	0.1768605530689619
174	153	0.17554277724744746
174	35	0.16862394759659047
174	65	0.16545491171578033
174	38	0.1606559965207129
174	37	0.16024680928132354
174	94	0.1490219274235691
174	137	0.14528465088919895
174	40	0.14460914754416762
169	65	0.3707566069557311
169	68	0.3115941398460243
169	37	0.2849028574569555
169	27	0.26933808755709465
169	168	0.2643876819907081
169	40	0.2484592324479711
169	61	0.24456142353046034
169	144	0.2257721306286197
169	94	0.22064117949904727
169	172	0.2097788450782754
169	130	0.2021373923879786
169	146	0.1985667213232144
169	42	0.18684883067489666
169	32	0.18676197133816755
169	196	0.16768137473469855
169	60	0.16740923473678515
169	175	0.16631069660384462
169	180	0.15239356460620945
169	67	0.15014619559117262
169	145	0.14522591683506708
84	189	0.6459864616866688
84	86	0.6053190234347691
84	91	0.5304276146956979
84	69	0.4481636301871821
84	148	0.4367680792347255
84	116	0.3839803177201735
84	125	0.3611084665794552
84	159	0.35735466858554393
84	65	0.3517504802655673
84	94	0.3499089523208716
84	21	0.3175320319060083
84	161	0.27781244920323983
84	25	0.26888357368135124
84	104	0.26837326237183456
84	27	0.26420165232567583
84	128	0.2590781728347176
84	16	0.25476314002323097
84	132	0.2395342930409172
84	118	0.2369214995056577
84	162	0.2316288708438448
84	197	0.23160994379484245
84	178	0.2200132186144272
84	43	0.2127213924736015
84	15	0.20396864145453225
84	97	0.20212780096384506
84	130	0.18977138229156093
84	68	0.1820672640524706
84	2	0.17706397678307048
84	115	0.17393346311251975
84	152	0.17381709102610915
84	175	0.16904169064565394
84	119	0.16596063298922065
84	53	0.161892964329775
84	30	0.16012014491853935
84	149	0.1590676528582259
84	157	0.1574004683056496
84	180	0.14556851770857124
94	157	0.4029451502838671
94	69	0.4383932099640289
94	53	0.4374718449056112
94	27	0.4160288221258266
94	148	0.40879200948161104
94	180	0.3982690755422302
94	91	0.3882009379721641
94	189	0.3554690531335101
94	175	0.3394227754047581
94	40	0.3342542679328728
94	60	0.32738811602973583
94	144	0.3144355052267318
94	86	0.3091090166455434
94	172	0.30856624507582725
94	68	0.3027642303513498
94	21	0.28944462553771355
94	196	0.28672111350508805
94	125	0.2812601985615081
94	65	0.2772586648149349
94	42	0.27352506739539106
94	146	0.26358761500188865
94	116	0.2634015008790511
94	62	0.2570246730095411
94	51	0.2512531941736688
94	130	0.24744563140584305
94	61	0.2431129870050958
94	41	0.2366288788803627
94	132	0.2248608675330314
94	43	0.22435760568045449
94	1	0.2223528692916009
94	136	0.21230126334967386
94	133	0.21152763866265192
94	145	0.20071744072484335
94	178	0.196346787408169
94	37	0.19373025807440286
94	67	0.19040753382460254
94	32	0.18521731913890785
94	149	0.16299314605025614
94	128	0.15999347528245114
94	44	0.15808305055182956
94	25	0.15250100818682927
94	70	0.14674288377198566
94	165	0.1454902120122986
15	43	0.7223108827785671
15	115	0.6711099980985604
15	116	0.5677186150964636
15	14	0.5674542553040078
15	118	0.5311817732635344
15	16	0.5251467119828213
15	152	0.512120573699926
15	148	0.5121131963369654
15	2	0.4666271980586758
15	149	0.458207447115231
15	39	0.4514261527113234
15	119	0.423951838825587
15	46	0.4206487625804897
15	17	0.4131469798180356
15	25	0.38726630920805866
15	27	0.3859735115003062
15	21	0.3797949367414637
15	189	0.364746567510457
15	125	0.362611935004669
15	154	0.3586536994291121
15	143	0.35400045934475743
15	44	0.34293065503109715
15	197	0.32458179491092465
15	132	0.3225852910679091
15	138	0.30466144476035634
15	106	0.3042168595384322
15	130	0.2802929759379335
15	104	0.27674163311777233
15	97	0.27571632896660725
15	131	0.27326599603015617
15	133	0.2670550352699472
15	40	0.2652245718659615
15	5	0.2620515877583238
15	128	0.25982432082730106
15	172	0.25829438450630543
15	164	0.25530541536503953
15	144	0.255137140187696
15	51	0.2516841053829911
15	52	0.25052229105205
15	109	0.2446648416160284
15	69	0.2291289890785745
15	122	0.2248039005091053
15	72	0.21779487098763486
15	117	0.21708985909913595
15	37	0.20966412305053664
15	140	0.19863396037650666
15	134	0.18392296797715624
15	137	0.17954258762557354
15	161	0.17512599637775714
15	54	0.17277922564335155
15	145	0.1722844069411275
15	146	0.17017803252381675
15	136	0.1655035425470388
15	30	0.15440508925643462
15	159	0.14432520006793134
43	14	0.6057560171732971
43	39	0.5585546725194385
43	149	0.61060157844577
43	115	0.6006158484807997
43	152	0.589559095627833
43	116	0.57878252260889
43	118	0.5759760051883507
43	143	0.5552917574641913
43	148	0.5273015118519156
43	2	0.509852175597611
43	44	0.4834371089131221
43	21	0.47227935568329604
43	164	0.4689784882227985
43	16	0.43823971301563536
43	189	0.4337041321240913
43	119	0.4245586443255409
43	154	0.4241896863796294
43	125	0.4160618983761484
43	27	0.4102485219388319
43	25	0.40840047641061067
43	46	0.3882943569860923
43	131	0.3864329688950665
43	132	0.3765898723912601
43	138	0.3716963948888803
43	17	0.3660116544294227
43	133	0.3659683518635555
43	69	0.3630461125418051
43	72	0.3581569184360643
43	104	0.35336177532667884
43	52	0.3447118638325889
43	40	0.3323253170682092
43	155	0.33110606568273115
43	130	0.3256817705965929
43	51	0.3247964933798899
43	5	0.3031093574796324
43	144	0.29861653054226844
43	106	0.2957447299760962
43	136	0.28720746878356296
43	128	0.27978610813352384
43	122	0.27655694008408466
43	86	0.27639993494003906
43	45	0.26859596221364523
43	37	0.2666835229608133
43	134	0.25977769565550685
43	146	0.2476239894435572
43	109	0.2405520625395093
43	150	0.2370630747037255
43	35	0.23703476046940786
43	197	0.2368459886183609
43	151	0.2318465193000877
43	107	0.2318275942685065
43	137	0.22900581042234705
43	97	0.22159228679848444
43	41	0.21448698241565933
43	117	0.21129836557369155
43	156	0.20758857311960835
43	178	0.2039782254029168
43	145	0.1945097351427697
43	30	0.18087777091501234
43	42	0.170381943515395
43	157	0.16961477411793374
43	172	0.16817699261557498
43	38	0.16731203569509495
43	140	0.1526377493484431
43	68	0.15194421608543032
43	53	0.1502439397352506
43	176	0.14824938058694778
43	180	0.14662546572179014
115	152	0.6203045744970442
115	116	0.6104510366166257
115	118	0.6253785585150823
115	14	0.5811450830710165
115	16	0.5313325040915584
115	149	0.5083557339123344
115	119	0.4876480992958743
115	46	0.44349243747366973
115	17	0.4317372718615553
115	132	0.4234267269225537
115	154	0.42339389797426796
115	25	0.4067160067838007
115	44	0.40332201776545096
115	21	0.3893214391901936
115	143	0.3832383436107932
115	125	0.3817699963685827
115	2	0.3650152946983415
115	117	0.3502599286682807
115	148	0.34146504043509057
115	39	0.3407846424216721
115	136	0.33218297991968393
115	133	0.3203885093836596
115	128	0.3202359513713781
115	144	0.3191047098584703
115	104	0.31642561704499994
115	138	0.314660770092484
115	131	0.2988260066299475
115	27	0.2550249481485482
115	40	0.25130940563614784
115	109	0.22667351262364704
115	189	0.21539309307923168
115	5	0.2080669769163157
115	164	0.204313638952496
115	106	0.2019839249499112
115	130	0.20001674804964228
115	122	0.1967890134873034
115	197	0.19504848934165087
115	51	0.19018586277736435
115	161	0.17777099856430725
115	72	0.17096446589071007
115	42	0.16354795138894834
115	52	0.1626718958152616
115	150	0.1614644659402784
115	37	0.15042964551592286
115	134	0.14433499175616546
14	46	0.6595179386976469
14	154	0.6256707435801343
14	152	0.5806083915350545
14	17	0.4525242438500498
14	116	0.3913388266844848
14	149	0.39117791247642697
14	2	0.36640996365551004
14	146	0.3606909859245592
14	118	0.35649951769096155
14	164	0.34982996909850284
14	119	0.32762915531306164
14	44	0.3237674261369189
14	51	0.3230063184059049
14	151	0.3190328542495348
14	16	0.30230090860150266
14	5	0.3002551387065356
14	148	0.2910655060418947
14	189	0.28975611028710563
14	109	0.28672111350508805
14	140	0.2807812643536416
14	39	0.2732474894151058
14	35	0.2714328617008854
14	72	0.2695421160030342
14	145	0.2573141708121773
14	45	0.2549407996125536
14	138	0.25302303938577714
14	137	0.2471921463985236
14	131	0.2443451677367462
14	168	0.2416163849951763
14	40	0.2414374686945231
14	153	0.2398830327463184
14	136	0.2388932048578881
14	52	0.2372990109905177
14	143	0.2331330090426386
14	107	0.2306160277735989
14	49	0.22818127233873775
14	156	0.2189090880656036
14	27	0.20890872573285935
14	67	0.20621979073973126
14	106	0.20544410788853254
14	25	0.20289499222529356
14	132	0.1976251785727185
14	47	0.19351850596364173
14	122	0.19075445821867154
14	37	0.18808384664449104
14	86	0.1705955489036899
14	155	0.16888625845796534
14	9	0.16683571340840675
14	59	0.15715665244340207
14	134	0.14489307120578973
14	0	0.1446483108453897
39	143	0.6310625996108584
39	2	0.5065960857360812
39	38	0.483230183996985
39	37	0.4556676727692308
39	149	0.4262213014876376
39	152	0.4229505983567007
39	134	0.4186549446489705
39	148	0.3949150774537731
39	138	0.3776792394812967
39	44	0.3607431789157245
39	104	0.3532742586888933
39	27	0.34364519923147696
39	131	0.3414120352516194
39	116	0.33357012094024896
39	17	0.33279670073645345
39	119	0.3242954782513896
39	40	0.3220476238283115
39	132	0.3211779556605915
39	118	0.3189879426312627
39	21	0.3177657976876941
39	16	0.2901865910865993
39	130	0.2815732721289386
39	137	0.2670550352699472
39	133	0.26481547554365664
39	164	0.2633363563025615
39	52	0.2611479692545122
39	154	0.2561932779432638
39	145	0.2555764928392684
39	45	0.2546976821540263
39	125	0.2501098606405985
39	41	0.21931844339618453
39	144	0.2159937831512659
39	151	0.2149543909680999
39	72	0.1955101850023996
39	25	0.19461557113379124
39	30	0.1930756933059398
39	150	0.18843108792570615
39	69	0.18458954219441487
39	51	0.17687024025527645
39	46	0.17227470374357945
39	189	0.17118773447226712
39	59	0.16689404277513534
39	70	0.16284712749619665
39	117	0.1595939442406452
11	176	0.719708513100879
11	9	0.5079922719256897
11	197	0.4370836265900676
11	192	0.4330300120104921
11	71	0.4257956727826279
11	109	0.3808470243719146
11	83	0.3427188619480802
11	156	0.3319249552749356
11	191	0.31703740019731474
11	107	0.28646411139832423
11	50	0.2720533859745436
11	98	0.2663583846614269
11	35	0.2657915701778372
11	54	0.2634480312486706
11	89	0.26029982835075705
11	72	0.2514218234753257
11	179	0.21970868704574806
11	70	0.21354232675306875
11	178	0.206889925272309
11	164	0.20493642251573255
11	5	0.1927964883653077
11	64	0.18189322507868136
11	122	0.17539739571043253
11	190	0.16501719805299694
11	17	0.15893119217275614
11	149	0.15491265117378603
11	106	0.15420008920794095
11	16	0.15138732753016124
176	35	0.4930031057833487
176	71	0.4305242240566581
176	70	0.4989671817479405
176	9	0.4148539023916493
176	156	0.4099241085515394
176	109	0.40701641233845137
176	197	0.3621776000010394
176	98	0.36001227154351345
176	192	0.3540441927543779
176	89	0.3151021864118052
176	164	0.3085119568584577
176	52	0.26133431986664163
176	179	0.24429815239043656
176	38	0.2361757041913753
176	50	0.23398391437627064
176	72	0.21888052551369927
176	67	0.1975194724034554
176	5	0.19433653920741875
176	168	0.19324897720162265
176	83	0.19169862189698728
176	191	0.19042680865061987
176	140	0.1879295020863921
176	32	0.18556494598083492
176	54	0.17877794540603814
176	97	0.17571722498542025
176	154	0.16360634593991552
176	122	0.1547272053243188
176	61	0.15318465550508462
176	107	0.15311629735990467
176	106	0.1484058604133114
35	61	0.4714631514122973
35	67	0.432778107850426
35	156	0.4228438478249005
35	140	0.4151270707435888
35	52	0.3965344084240372
35	45	0.3958937175130069
35	70	0.3490749898125237
35	168	0.3453637659828657
35	49	0.3382543268969979
35	32	0.31478690293915873
35	172	0.3044346321387973
35	146	0.29407388841023546
35	68	0.2936079230866758
35	153	0.29210857967605386
35	164	0.2863539550146052
35	37	0.2837171311642556
35	62	0.27618749273094023
35	46	0.2714606512006352
35	38	0.2706267694929542
35	154	0.2630664460483447
35	137	0.25797704008560085
35	109	0.25519323363131924
35	44	0.22810543628999394
35	47	0.2240631894769064
35	60	0.2147254684562466
35	41	0.21096396730686656
35	51	0.2060953158617108
35	145	0.2055111524145472
35	50	0.1889711473674764
35	192	0.1870514910979162
35	40	0.18613456728469516
35	71	0.18352680746535868
35	9	0.17454433679809264
35	165	0.15923334694792127
71	156	0.3050968281315028
71	192	0.2903788956307846
71	191	0.2325277034505253
71	97	0.20191677982608006
71	9	0.1992486306640343
71	17	0.19467329794641813
71	136	0.1816708253618384
71	107	0.16938166923446538
71	5	0.16841019515826208
71	89	0.16817699261557498
71	49	0.16780771676426384
71	179	0.15424889994819369
71	50	0.15347760237220207
71	83	0.1470168431356792
132	25	0.5724637984915562
132	125	0.5684839198095898
132	21	0.5110057363390348
132	116	0.4998978847988868
132	104	0.4689082799336495
132	131	0.46251815106293703
132	133	0.4616372889316337
132	128	0.4537956770920719
132	27	0.4322090433717636
132	118	0.4235087944280155
132	138	0.40015208762032206
132	148	0.39440008778779095
132	2	0.38319568637483503
132	117	0.3772676328661857
132	152	0.3729626095564473
132	149	0.37020445070857466
132	130	0.36782892944050494
132	134	0.34139436637453074
132	16	0.32168906352684284
132	37	0.31616462940282075
132	44	0.3150931792773026
132	144	0.3005553584096643
132	143	0.2844617585954052
132	150	0.2842871236723843
132	136	0.2837171311642556
132	53	0.2714977031628834
132	137	0.2697924814791385
132	42	0.24717336838483545
132	62	0.21266410676596548
132	17	0.20275116280571245
132	119	0.1982689259120269
132	40	0.19792305304377916
132	189	0.19536591440739196
132	69	0.19468291895075893
132	86	0.1836910763835188
132	155	0.1646377936185174
132	145	0.15968165066020773
132	164	0.15913588092214004
132	45	0.14826894097137194
21	125	0.6636284621418589
21	25	0.5178079660558481
21	118	0.5034897286517876
21	128	0.496469628134175
21	116	0.4691890775299282
21	133	0.4597151135446757
21	131	0.4439903554635953
21	149	0.4281832957008448
21	148	0.4272600246279967
21	130	0.4057641422758208
21	27	0.4037238589883045
21	143	0.3978735521152922
21	155	0.3795552996384106
21	117	0.37759350040418893
21	150	0.3744853937482473
21	189	0.3691598153924756
21	119	0.36525796376388014
21	104	0.3281914144408614
21	69	0.32463547266499565
21	53	0.3166505679524754
21	144	0.3077969746543007
21	138	0.29863474699682513
21	152	0.29273957647400456
21	16	0.2881980739479427
21	136	0.2834044694553348
21	86	0.2782553438259109
21	44	0.2722200554629362
21	17	0.260476945948805
21	40	0.2566043521802832
21	51	0.25641751175267263
21	37	0.2536874652449391
21	122	0.2471264225383883
21	164	0.2352123670007997
21	42	0.2233412219512736
21	91	0.22061263978604756
21	2	0.21584124241120894
21	65	0.18470545083050535
21	161	0.17436011917886896
21	172	0.16483236608850918
21	157	0.16283739267221345
21	162	0.1624577098255195
21	62	0.1587167416852302
21	60	0.15061534068134974
21	197	0.15032213293592522
21	68	0.1466058956449473
133	128	0.5834385272291143
133	118	0.5497618890922912
133	25	0.4921927443228164
133	117	0.4810887993482207
133	149	0.4596993401593649
133	125	0.4141416576904802
133	44	0.3951176283517711
133	116	0.3740382311527721
133	152	0.37376296768674494
133	119	0.3552943123623997
133	136	0.3432571010646707
133	16	0.3427100364800173
133	138	0.3253062680736488
133	150	0.3182511877955346
133	130	0.3137685137197204
133	144	0.3045616514619617
133	143	0.2999548595034579
133	27	0.28277896531113894
133	148	0.2690319995544087
133	17	0.26260098684130145
133	42	0.2584810316640207
133	104	0.2502785931528464
133	86	0.24877821661246485
133	131	0.24155988688484184
133	122	0.2259334590157338
133	2	0.22439559188612535
133	155	0.22284710288682905
133	197	0.20903304878453752
133	53	0.20851658573786275
133	164	0.20439988040076015
133	161	0.19286388552160733
133	189	0.1838360110272202
133	83	0.17522292776845266
133	69	0.1716439242714463
133	40	0.16695237097369678
133	37	0.15380957620891733
131	143	0.5265285862188046
131	104	0.4179866884721984
131	128	0.3766499434123732
131	134	0.3325565826503371
131	116	0.32525261647660403
131	138	0.3229794481379868
131	148	0.3183320699349729
131	2	0.31503913527833144
131	125	0.29707645518766945
131	155	0.2943022517535926
131	37	0.2935896470916087
131	150	0.2922274825952493
131	25	0.2868037125636809
131	149	0.2852152295094004
131	119	0.2677792559201405
131	16	0.26590308920135064
131	118	0.2621074666175893
131	38	0.2619211969203486
131	137	0.2586023419693188
131	109	0.2511313968578853
131	136	0.2492190764496319
131	44	0.2370913885353104
131	69	0.2264742931285195
131	52	0.2255158777389028
131	45	0.22182048990379502
131	144	0.21994660599578555
131	152	0.21290278756570652
131	8	0.21165181853473128
131	164	0.21126015113069768
131	130	0.21065818852920706
131	145	0.20189759515632796
131	140	0.18841179797851013
131	27	0.1651436553516579
131	157	0.1488752552762922
38	52	0.4777849060040602
38	70	0.4345724626088749
38	156	0.4163512685996108
38	45	0.3917113782371333
38	37	0.3552506232887319
38	98	0.3278076754403195
38	41	0.3214828495593464
38	50	0.31274038018117506
38	143	0.2981883812443265
38	173	0.29701263166995706
38	137	0.2821900357315957
38	134	0.2364872728391609
38	164	0.2324331081645254
38	145	0.22181098192600213
38	109	0.2057984642420624
38	138	0.1982304980299645
38	5	0.1866654575393723
38	67	0.1811485964967199
38	2	0.1797845178761447
38	153	0.17210974427155354
38	44	0.15397555011191985
38	9	0.1503416809422797
38	61	0.1458915094172918
52	156	0.6498332408770529
52	45	0.4916924693229101
52	122	0.32738811602973583
52	164	0.3705668327811388
52	137	0.3654052743407639
52	44	0.3651713019367861
52	143	0.33843143171540946
52	173	0.3287801984820392
52	37	0.3224419334731264
52	138	0.3197781776902369
52	50	0.3160206157305867
52	149	0.3127042919915608
52	72	0.2894354632931068
52	46	0.2827421634526159
52	67	0.2824661229857117
52	41	0.26177216711031315
52	51	0.26139022125243305
52	140	0.2610268309166805
52	152	0.2609988747479633
52	146	0.2415975524737239
52	153	0.23076751278236435
52	116	0.22605681942115
52	154	0.22604733041655575
52	109	0.22495580915687452
52	97	0.2164036841303204
52	136	0.21355187072943485
52	145	0.2083731031261424
52	134	0.19765400673045852
52	155	0.19062918545708624
52	89	0.17598856619603448
52	60	0.16211692784012205
52	179	0.1620390293818589
52	49	0.15681527805479442
52	62	0.15378028579534375
52	70	0.14784836716524766
52	118	0.14744730512347567
25	125	0.5408597146600399
25	128	0.5405837428619082
25	150	0.4812117584532345
25	116	0.4729394998963661
25	118	0.4700075287103783
25	117	0.39056791529191903
25	152	0.378433463999274
25	138	0.3718515160309753
25	144	0.35780817904458273
25	53	0.3449145177199742
25	130	0.34115581292192626
25	86	0.334591769200417
25	189	0.30846671514199114
25	27	0.30778792201621336
25	44	0.2978330172970139
25	148	0.2964016152273113
25	149	0.27743404982392106
25	69	0.2768432055728716
25	16	0.275402146154081
25	17	0.2731549533059355
25	42	0.2657451018182699
25	119	0.2590781728347176
25	40	0.2572861569134095
25	37	0.24645966640434305
25	155	0.2455671629538463
25	143	0.23650615422525
25	136	0.2356940934945684
25	65	0.21399084955120146
25	2	0.2024442974775362
25	104	0.19716388159085368
25	154	0.19218983216615526
25	146	0.18456056423292536
25	172	0.17384618450295816
25	97	0.16751614992380282
25	178	0.1659898065560109
25	137	0.16252586157486004
25	157	0.15602509659392086
189	148	0.5695253193679118
189	86	0.5084521322194031
189	116	0.4127820172848442
189	164	0.4003872271944279
189	152	0.39220227272826463
189	149	0.3859054274422865
189	91	0.3585927021711573
189	69	0.3539392299703568
189	146	0.34343352386315656
189	154	0.3318626660200777
189	159	0.3296718086221631
189	44	0.3285661247347186
189	180	0.3279950963824432
189	27	0.3275398864749929
189	118	0.3256370732995603
189	178	0.3224150522771196
189	136	0.3218056057514725
189	2	0.31703740019731474
189	107	0.2922091904263739
189	65	0.2892705338220633
189	72	0.27759095758120506
189	130	0.268707301369571
189	128	0.2651687916227823
189	143	0.2525830768069349
189	97	0.2490596284209659
189	125	0.2454449984746862
189	119	0.2449750624657641
189	197	0.2346265830617153
189	16	0.22078387239587416
189	157	0.2196135121457064
189	104	0.21563148169131355
189	161	0.2111741662726952
189	175	0.19650061424456344
189	46	0.17810023379244272
189	60	0.17522292776845266
189	172	0.1720030006451541
189	17	0.16987699442659168
189	4	0.1644334787341994
189	144	0.1628860664750545
189	45	0.1626232185266652
189	150	0.1551371236481103
189	155	0.1540536524720824
86	69	0.5101259427210798
86	91	0.4810349987868094
86	65	0.4483314357575225
86	68	0.3703597711164837
86	116	0.3165245998305014
86	118	0.3052691321670787
86	149	0.28719829363851285
86	49	0.2828709663149153
86	27	0.2724052246273959
86	125	0.2643876819907081
86	152	0.25477249095683285
86	148	0.24234129855797
86	1	0.2419741683069078
86	16	0.23992073062979896
86	164	0.2359774079416939
86	53	0.2311272448344671
86	155	0.23035090211133846
86	117	0.22732795735342515
86	128	0.21153719120302614
86	119	0.20644957297826244
86	42	0.20137955055204573
86	150	0.19921021835858368
86	146	0.1970293201809104
86	138	0.18590287199729635
86	136	0.18396161458648969
86	154	0.18376837585449254
86	44	0.1802102622820169
86	144	0.1723911399071139
86	107	0.1624674458846274
91	69	0.4176152394222129
91	180	0.38703677851591706
91	65	0.3478537742022605
91	68	0.3442006809236967
91	175	0.3033272915537404
91	27	0.2519369850724769
91	172	0.2418517761523077
91	125	0.2390723534311985
91	159	0.2288447195748783
91	53	0.20861223582642813
91	161	0.19377838103757444
91	117	0.19200684350333244
91	1	0.1802102622820169
91	191	0.17825515422557794
91	32	0.17600794668830833
91	148	0.17527139219008758
91	157	0.1670884655586394
91	162	0.15872648975971712
138	37	0.5302838701392842
138	137	0.5299027995958699
138	144	0.4934117488403401
138	116	0.4531840299873302
138	150	0.43819931483276775
138	42	0.4304509028155397
138	44	0.430165710653664
138	145	0.4253862366261559
138	40	0.4218168016591837
138	152	0.4034810985294868
138	143	0.39672822565039895
138	154	0.38098380892275335
138	130	0.3772075944414217
138	134	0.377121819763152
138	136	0.3748722208450837
138	27	0.3746745255150088
138	148	0.3735822902467512
138	62	0.3502599286682807
138	146	0.3356481256325624
138	125	0.3205589957320337
138	149	0.3087110038273497
138	53	0.30780602723666084
138	118	0.3030003785501625
138	2	0.3027460635649308
138	173	0.2907268156600067
138	155	0.2851968563591397
138	45	0.2801731849134594
138	51	0.2762152041153915
138	128	0.235297385963611
138	69	0.21742333894481314
138	153	0.21666102483819172
138	140	0.19650061424456344
138	156	0.19572176656725213
138	119	0.19529858523557
138	41	0.18969426217511312
138	164	0.18349781776842755
138	117	0.17743203837287164
138	17	0.169187400685924
138	157	0.16899311898982156
138	104	0.1598862891668194
138	67	0.1526572833231575
138	72	0.14607746023743273
42	62	0.5083483181301582
42	40	0.4236482932344237
42	146	0.3982859030430598
42	68	0.3904238380874757
42	44	0.3735306629132449
42	53	0.3614997232782116
42	69	0.3461297653986157
42	150	0.3451435660078934
42	49	0.3424011069961863
42	51	0.3340854851397637
42	136	0.3313375416313614
42	144	0.3257175273861324
42	65	0.3226838408308328
42	117	0.30187379929314256
42	153	0.2980790472898826
42	41	0.2976325191543182
42	27	0.29077258889052604
42	145	0.28469151262853376
42	67	0.2762706255064921
42	37	0.2738581008410279
42	148	0.2696997577761381
42	172	0.2633456628176883
42	45	0.25958185670946543
42	116	0.24854367468038546
42	17	0.2306633680400749
42	61	0.21855679038671955
42	173	0.2063634073058536
42	32	0.19821128386039735
42	154	0.1980191337883068
42	137	0.18793914889328509
42	118	0.18731203110301106
42	60	0.1871383406921716
42	152	0.18371040146428844
42	157	0.17459281308871372
42	128	0.1630807537559593
42	196	0.1597985886313577
42	149	0.15963292518269798
42	165	0.155117604938094
42	143	0.1474375225161297
173	50	0.5815423067520495
173	67	0.4311268721307052
173	89	0.388404750986976
173	145	0.3789559840627553
173	41	0.33761655119388245
173	45	0.3301975830288599
173	179	0.32584266881173857
173	51	0.3250648193978017
173	165	0.3107903280542563
173	156	0.2819139017280804
173	146	0.2725903736165361
173	164	0.2670550352699472
173	72	0.2627313277496182
173	40	0.26229371678678265
173	37	0.2604862674421306
173	137	0.25628671204966696
173	60	0.25554845220459177
173	153	0.2445990307509541
173	155	0.23532572481776556
173	44	0.23223444375189845
173	154	0.2254304531723199
173	178	0.1925846568907488
173	196	0.18937611696237944
173	144	0.17837133875176042
173	64	0.17074117974980565
173	192	0.16641765212949147
173	130	0.15933080986978362
173	136	0.15565432528459966
173	157	0.15343854434741874
173	180	0.15291121413469536
173	8	0.15002889874394065
67	153	0.4785948070627698
67	89	0.4173757871508168
67	146	0.4121762188121411
67	40	0.40772535389356745
67	172	0.4048197579941052
67	145	0.3800858561377996
67	41	0.3726095870482402
67	50	0.3631589728922348
67	45	0.3622557919168309
67	61	0.3561939617448868
67	179	0.3555214705206175
67	62	0.34730867810549065
67	60	0.347027246298834
67	68	0.3372266466699088
67	165	0.32531520980288003
67	51	0.3217069937344096
67	137	0.2959910947623827
67	168	0.28365276456476346
67	47	0.2793897209839097
67	140	0.27896557346614426
67	32	0.2606260840137086
67	154	0.25040981904157805
67	46	0.2461872622288309
67	144	0.23427692108726106
67	37	0.22824762661026002
67	44	0.2279158340606752
67	175	0.22279958539897515
67	70	0.218956691485081
67	164	0.21829014885609369
67	49	0.2147063905148548
67	156	0.2136854821177384
67	72	0.19848026836530008
67	192	0.19763478799661546
67	27	0.197375320224904
67	180	0.1867426688667495
67	155	0.170896511096973
67	65	0.1685365053330025
67	130	0.1681381236941552
67	97	0.15470768407407334
161	162	0.4864810645031775
161	30	0.3456191503196148
161	100	0.33898030425947034
161	104	0.3263609901987129
161	59	0.3087110038273497
161	190	0.3069457832694698
161	159	0.298543662548242
161	148	0.2819875420312662
161	2	0.2669993134806788
161	197	0.2512719315161583
161	118	0.2464408811590928
161	16	0.213933596341192
161	178	0.20607616528836087
161	151	0.20033352491828407
161	125	0.20030472875086375
161	116	0.18295661822350756
161	99	0.1800748054688112
161	134	0.17263369977198806
161	83	0.16587311054603496
161	180	0.1582000495016972
161	56	0.1560348531403902
161	69	0.15554698855680352
161	128	0.14765273321095865
161	130	0.1453042286797136
68	172	0.6961752274623698
68	69	0.5113012251796499
68	65	0.4718674679516404
68	32	0.4828545156665111
68	180	0.4143073413024471
68	61	0.3981260309622793
68	175	0.34343352386315656
68	196	0.31756799838551725
68	62	0.3017374622892846
68	153	0.2979059191993555
68	27	0.28319292883166725
68	47	0.2792053224057932
68	49	0.2740523400329644
68	140	0.2645829919662097
68	40	0.2469949679968428
68	117	0.2464314884670247
68	168	0.23362468687267865
68	70	0.22163983111459373
68	53	0.21129836557369155
68	51	0.20586549856571174
68	148	0.20546326366419185
68	98	0.1921705708307529
68	30	0.1837393888191732
68	89	0.16594118378330122
68	179	0.1630515514730655
68	56	0.15741997274609834
68	150	0.1477701149710317
172	180	0.4879148235272741
172	175	0.480119835007455
172	65	0.4370108175148322
172	140	0.4301168119439672
172	32	0.40085734817448826
172	153	0.3522586140693162
172	61	0.32844123278836296
172	40	0.3266022108332005
172	196	0.3258158537529665
172	69	0.3168754832473546
172	106	0.26520597864880685
172	62	0.26467598908939016
172	47	0.2555764928392684
172	27	0.2404295811983142
172	30	0.2379972182497349
172	146	0.2279347950616941
172	168	0.2272236393252828
172	145	0.2256962071018659
172	148	0.2196325474602013
172	70	0.21349460625985706
172	53	0.20531959151027426
172	150	0.1895785776118769
172	117	0.18169983507505946
172	100	0.15966216056255728
172	51	0.15768327066573418
172	130	0.15475648697314792
172	97	0.14619489754334905
69	175	0.4371159843404633
69	65	0.4109302832821306
69	125	0.3790501832955012
69	180	0.35779945928031304
69	148	0.3340854851397637
69	144	0.3339788744395907
69	27	0.31391275436834937
69	116	0.305196585534978
69	40	0.3007008980458325
69	150	0.29937233042159145
69	53	0.2752080626640643
69	155	0.2678071045245168
69	149	0.2634387252728061
69	51	0.2611106967956608
69	130	0.25677249216944537
69	37	0.2481495786269781
69	118	0.2202320741980461
69	2	0.2136854821177384
69	1	0.2070526429627504
69	143	0.2070430716509026
69	104	0.2049172624159485
69	16	0.19699087270004007
69	157	0.1955582733206497
69	44	0.1897617424050429
69	128	0.18647241913383336
69	4	0.1807713676428642
69	60	0.1803166878406506
69	196	0.17439890285030885
69	30	0.1619903418197874
69	178	0.16131837301911595
69	136	0.15280378433046915
69	162	0.14900237151598356
69	134	0.14634168838102726
69	62	0.14607746023743273
69	32	0.14524549496686098
65	146	0.3330812292598055
65	153	0.3257354054315133
65	168	0.3090818828454577
65	175	0.3054776839946787
65	27	0.2855275409843008
65	180	0.2729606110228135
65	150	0.25779967630324635
65	53	0.24398782230718605
65	40	0.22915741388036856
65	157	0.22631300632335574
65	47	0.22447156225163747
65	148	0.21047661286957106
65	116	0.19439427253273955
65	62	0.18939539962306984
65	128	0.17943613143301154
65	49	0.1774029826820653
65	196	0.17687992740732356
65	4	0.1636258105354937
65	32	0.1634506245907533
65	145	0.16149368367552802
65	154	0.14625361465134604
180	175	0.5749259013837655
180	148	0.3380771981143772
180	196	0.31460670975592303
180	178	0.2864732907551571
180	40	0.2715162288422309
180	51	0.2671107552735501
180	89	0.2521242811837266
180	179	0.2484404669945284
180	168	0.2294321668088843
180	41	0.2242816312237989
180	27	0.22192507487520174
180	146	0.22045090761123967
180	157	0.2163941524152388
180	98	0.20509927702110786
180	145	0.2042082284308092
180	4	0.19023405378594171
180	153	0.18256031249884644
180	155	0.17172156627419932
180	162	0.16734119574920267
180	197	0.15185629271734966
180	192	0.14911970521265444
180	191	0.14888503362331798
180	54	0.148151576925225
180	144	0.1470168431356792
44	149	0.6955614646184918
44	136	0.5968759057925942
44	164	0.5252191302726466
44	143	0.4787875207534752
44	152	0.4743434506478709
44	45	0.4611571502665254
44	118	0.4158137996672496
44	154	0.3949657187786669
44	119	0.36856369613223655
44	148	0.3674656985579557
44	17	0.3662800949579262
44	116	0.36016022898472155
44	117	0.3461033592988604
44	51	0.3241880941798705
44	46	0.29011332604652473
44	150	0.28393779723587625
44	2	0.2784582976705774
44	146	0.2774248194948334
44	16	0.26259167640963543
44	40	0.25006298780158914
44	27	0.2490127293718974
44	53	0.24302830450565766
44	156	0.23918549151405194
44	72	0.23422966481753546
44	122	0.23334104114948995
44	155	0.22766932532171424
44	41	0.2192518094138821
44	104	0.21693739428577444
44	145	0.2137236553320248
44	50	0.21100218675250906
44	49	0.20608574059476914
44	128	0.198413025040342
44	125	0.1805005038603668
44	144	0.17823578965454398
44	157	0.1674578330373607
44	130	0.16391776417362786
44	62	0.1617955836867654
149	118	0.6508834421495964
149	164	0.5828841921189537
149	143	0.5460950873309711
149	152	0.5314544996518643
149	119	0.5240957921332449
149	116	0.5032433433526802
149	136	0.497614110808099
149	148	0.47949630985205
149	2	0.4464598181864292
149	154	0.4380861905030991
149	72	0.4153918898006541
149	16	0.4110549460423824
149	17	0.4097244179754031
149	117	0.40335551047909857
149	155	0.3788103879829276
149	104	0.3698074267400088
149	107	0.30447092447902224
149	125	0.2989170742100839
149	51	0.27863355598159073
149	45	0.2732567427479163
149	27	0.26547556098652153
149	130	0.2651780884532492
149	156	0.24703252736517506
149	122	0.2434893088197569
149	178	0.24190826579561497
149	50	0.2339555566313871
149	146	0.2316004802045848
149	150	0.22210570961604315
149	197	0.2192803670853559
149	128	0.20989356133025847
149	144	0.20753115798549512
149	46	0.20086139326604416
149	137	0.16249665387212905
149	40	0.14627318679169754
136	154	0.4235252070950159
136	45	0.4054717263483016
136	119	0.40292839744474257
136	152	0.4011846292133232
136	143	0.3796152136906802
136	164	0.3761864563854796
136	17	0.3663493600395077
136	148	0.3396262617168489
136	118	0.31402993922727623
136	128	0.2895362450664049
136	146	0.2812786163119161
136	53	0.2751988200334057
136	150	0.2744407513354821
136	116	0.27423730895524945
136	117	0.27334927329440256
136	72	0.2607472495335328
136	144	0.2596005089578206
136	155	0.2577623343451206
136	107	0.2287499543971108
136	156	0.22003225041435234
136	51	0.21312235146300956
136	49	0.1982689259120269
136	16	0.19760595961098215
136	137	0.19467329794641813
136	145	0.18884578660082854
136	2	0.1887686384539543
136	104	0.18262797865527614
136	157	0.1793490277858617
136	37	0.17850688107928522
136	62	0.17379769520630792
136	40	0.17351644067385855
136	60	0.1676522180993395
136	50	0.166184289573802
136	46	0.16192217790792504
136	130	0.14450144613000582
118	16	0.6273049513424597
118	119	0.6124358870410347
118	117	0.5535949072472776
118	116	0.5064250929221488
118	152	0.4904251715682883
118	125	0.4004208142592287
118	143	0.3971325998377359
118	144	0.3903560304315901
118	155	0.3868497180340352
118	27	0.3852924817993164
118	128	0.38495180943269736
118	17	0.3796323314065057
118	148	0.3687365155513182
118	154	0.3667562103851565
118	122	0.31861961333602684
118	164	0.3008191386890965
118	130	0.2999093574669549
118	2	0.2981519374620897
118	104	0.2967025939841131
118	197	0.2815364430544581
118	72	0.28093785439751945
118	178	0.25827571872966393
118	51	0.22522162297444595
118	46	0.22032722188562115
118	150	0.21602238336650254
118	40	0.1916119277540454
118	97	0.1832465603635137
118	151	0.17909737923615188
118	5	0.15482480976298044
118	107	0.1540438897823213
164	72	0.41966059870866906
164	45	0.4427209273585448
164	154	0.4263276791950609
164	155	0.387606266450634
164	146	0.38557345746618377
164	152	0.3662454608948324
164	46	0.34715917524395273
164	148	0.3115399642877213
164	143	0.3076340186437037
164	119	0.3026007213545266
164	51	0.2871615925313073
164	2	0.272729222111412
164	178	0.2482434184766961
164	60	0.2458208642539793
164	50	0.2444391949828228
164	17	0.2431600312369809
164	156	0.2347399739126126
164	116	0.2347116267986557
164	107	0.21871866396879708
164	16	0.21723278524285297
164	122	0.2019647408225348
164	151	0.1947695063038843
164	109	0.19273871792625627
164	49	0.1864627668354658
164	64	0.18127432760930806
164	70	0.17174097644160735
164	137	0.16881825423390864
164	165	0.15277448466606014
89	179	0.6848863433542147
89	192	0.6386556271284751
89	50	0.530255117568736
89	98	0.4344021062419242
89	191	0.4230655473402549
89	41	0.3044527784194028
89	83	0.2998001470118142
89	168	0.2966843545244671
89	72	0.28169296089112894
89	178	0.26844749884119296
89	156	0.25203063548831955
89	70	0.23831793377557545
89	9	0.2357035379552509
89	54	0.2164704049806914
89	165	0.21077286040518092
89	153	0.2092816746144453
89	60	0.19003164539186976
89	190	0.18906757453550596
89	109	0.1885854022679868
89	154	0.18566150075387727
89	61	0.1820189210368588
89	51	0.17909737923615188
89	106	0.16516310983886154
89	45	0.1467918067392931
179	192	0.536736398800495
179	191	0.4745526733855826
179	50	0.41685539799007865
179	168	0.3832383436107932
179	153	0.32638779459138995
179	9	0.3174151345381084
179	83	0.306972956547824
179	165	0.284866103823654
179	54	0.2793436232707963
179	156	0.2740523400329644
179	178	0.25240518993217576
179	72	0.2272520902138648
179	98	0.2201654683229978
179	51	0.206315536104744
179	41	0.18967498178023012
179	190	0.17468976313067422
179	155	0.1714595159706586
179	154	0.16779799834225395
179	46	0.16427780077876958
179	60	0.15610314811305334
179	47	0.15005822335183192
179	0	0.1483569612654764
192	191	0.5343972110145144
192	50	0.4277421978582737
192	83	0.3923291918672065
192	9	0.35988170581905243
192	54	0.3237584743613986
192	98	0.3139307834308088
192	168	0.29057117672310434
192	178	0.2780431382371293
192	190	0.2722663496448576
192	156	0.2691618617120198
192	72	0.2309852528832965
192	165	0.18757254475620944
192	197	0.17989096029866294
192	106	0.1757850627928695
192	41	0.17345824654538114
192	151	0.16974103134095286
192	154	0.16278871807677442
192	46	0.16181506006752094
50	156	0.3913811685520852
50	45	0.35808717854824496
50	72	0.35485735179821004
50	41	0.3459713205752915
50	178	0.2656614556592482
50	165	0.2579116975564513
50	98	0.22660710823180005
50	60	0.2259619274449291
50	51	0.21128881202349825
50	191	0.20991268014385592
50	64	0.19642370203497567
50	83	0.18804526137555566
50	17	0.17412740579339134
50	122	0.17199329647878528
50	154	0.15250100818682927
197	106	0.5352325592926368
197	109	0.5112125912149812
197	190	0.5083409022725854
197	9	0.4847540289060821
197	83	0.4821793996412017
197	99	0.4467480143605632
197	16	0.434848211758446
197	98	0.3992614391701931
197	100	0.3669292956632573
197	101	0.3580697429519269
197	54	0.3459008943185773
197	159	0.3402365298700893
197	191	0.3312663225090274
197	5	0.28957289139247944
197	70	0.2820979962562669
197	178	0.2782368922439557
197	2	0.25343482442539583
197	122	0.2461496861855445
197	72	0.2398453341393842
197	119	0.22781154546551904
197	17	0.21563148169131355
197	104	0.19659675110600788
197	117	0.18981958117530548
197	97	0.18800667552615385
197	148	0.15744922917648865
197	30	0.15506880763323672
197	59	0.14936413692354522
197	151	0.14720273129007988
190	83	0.6697336633597831
190	99	0.5359243202545259
190	191	0.4916242248367122
190	100	0.4313873576635144
190	101	0.3556000924083058
190	159	0.3482580484505328
190	54	0.3282181828891628
190	106	0.28968282527675554
190	98	0.26420165232567583
190	56	0.2525643526765632
190	16	0.22591447984853386
190	30	0.222647522324379
190	162	0.20095735680825674
190	5	0.18399059917025015
190	59	0.17755794279135897
190	9	0.1645210439848801
106	109	0.5677389456174191
106	5	0.5186929797621336
106	9	0.4519514976360221
106	99	0.4512987492017028
106	101	0.4450655643637576
106	100	0.2925292725036409
106	30	0.2676957074225273
106	54	0.2600294571890275
106	17	0.253603255482202
106	151	0.2493691328411544
106	152	0.2484498497445612
106	16	0.24111726171891326
106	153	0.24071221888844205
106	83	0.2319411418251309
106	140	0.2286646620301322
106	2	0.20621979073973126
106	159	0.20466816683207875
106	32	0.19752908224505397
106	70	0.18709974123359688
106	148	0.17618236497709022
106	119	0.17104212652047993
106	0	0.17073147125873422
106	98	0.1653187411083501
106	156	0.16068522206936986
106	122	0.15649337644875214
106	47	0.15236426118620466
17	152	0.4775765142986226
17	46	0.4753348459834839
17	119	0.4719218800307694
17	16	0.4458190505569309
17	154	0.4452419687499295
17	117	0.4150774093357925
17	48	0.33776716510891514
17	151	0.3190957281079679
17	2	0.3180983977798044
17	49	0.27038579464325563
17	116	0.2621540309911042
17	109	0.25854635361093903
17	178	0.25418328914791777
17	51	0.2437056606796808
17	72	0.23938346753015
17	143	0.2393363321882445
17	156	0.231619407341263
17	40	0.20797130411268774
17	148	0.2074928804350255
17	5	0.20585592235203296
17	27	0.20515675237094366
17	59	0.2014467108445698
17	128	0.19007020061773064
17	104	0.18809349287101398
17	9	0.17511630305192796
17	122	0.16414157585405326
17	191	0.16049037975843
17	107	0.14433499175616546
152	154	0.6035038216877662
152	116	0.5772842997795402
152	46	0.5041090631091892
152	2	0.4639789957827848
152	143	0.4229998638739097
152	148	0.41956996717723344
152	151	0.4090751524084825
152	119	0.40335551047909857
152	72	0.3969557050910848
152	16	0.37496675873632745
152	144	0.34272768735565023
152	37	0.29463103593155715
152	27	0.28982023188418576
152	125	0.2861152568811873
152	178	0.28297216140754605
152	40	0.27955566208600025
152	104	0.26718504583344044
152	155	0.25309791621729555
152	45	0.2510751800295933
152	128	0.2497817261594495
152	130	0.24361159763252935
152	146	0.2395342930409172
152	117	0.22335072311703896
152	122	0.21496392889369545
152	156	0.2103236957859312
152	134	0.20972148478619626
152	150	0.20854528118335405
152	107	0.20762684908113427
152	51	0.19224761528387094
152	145	0.188180307276564
152	5	0.17844879233959615
152	137	0.17695742338986195
152	157	0.16302234890448164
152	97	0.15841453603699945
152	41	0.15441485083204598
152	59	0.15289168171175158
152	153	0.1507619346212286
152	109	0.14911970521265444
116	148	0.6200338028283825
116	125	0.4761317340370775
116	144	0.4670573301059999
116	143	0.4205252965982629
116	27	0.4131303934895245
116	130	0.40713321295173294
116	2	0.3982270056173344
116	37	0.3895335257475608
116	128	0.3620646471233179
116	154	0.33001046644987364
116	104	0.32763808187518123
116	16	0.3044074123035629
116	150	0.2911295743974074
116	40	0.2860142585163299
116	72	0.27267368407638354
116	119	0.2587143134734975
116	146	0.24759582876357225
116	117	0.24464603874171725
116	155	0.23191275552841906
116	178	0.2191280551635156
116	53	0.19792305304377916
116	97	0.19417295414198035
116	157	0.19147706425544286
116	145	0.18430940846317376
116	51	0.18361377464063586
116	137	0.1828213009957673
116	134	0.1724784638685685
83	191	0.5095709018276587
83	98	0.4006474988023408
83	54	0.3174241269858884
83	99	0.2913400663205077
83	159	0.25498754927602946
83	9	0.2402976696527069
83	178	0.21359958999979348
83	101	0.205501574743202
83	72	0.15941852384412067
83	117	0.15501024986858405
83	5	0.14451123730917775
99	100	0.5413618260057224
99	101	0.5178665136232347
99	30	0.3801885156240121
99	5	0.3419949727751743
99	57	0.31247872035551305
99	109	0.24850614526562645
99	59	0.21845204224663475
99	56	0.2096067598716551
99	54	0.20531959151027426
99	9	0.2013987394002908
99	159	0.1973849306357648
99	134	0.1809358072790127
99	0	0.17901026466062026
99	16	0.15453198738743004
99	191	0.15296981068665638
99	48	0.1470168431356792
99	104	0.1464591164115387
0	9	0.3623774136516627
0	101	0.3509791226906537
0	47	0.3392812009686663
0	5	0.3176489196234553
0	153	0.30382660410788376
0	109	0.2730624121412877
0	168	0.2641365372974537
0	8	0.2471921463985236
0	46	0.2402976696527069
0	156	0.21040015561470224
0	140	0.21038104089877965
0	64	0.1998247417112058
0	49	0.19189126483621405
0	54	0.17629863769122042
0	59	0.16304181731527845
0	151	0.1539950758823868
8	1	0.416657082574842
8	4	0.3332945858548222
8	145	0.20959719920155345
8	157	0.2070047860071927
8	144	0.19134219352613188
8	140	0.15338972114223598
98	70	0.5020401082238365
98	191	0.3953623261037689
98	196	0.2667392548628945
98	60	0.2537436029505845
98	109	0.20948246803473405
98	9	0.20515675237094366
98	61	0.19909497776961632
98	54	0.19685630174617413
98	41	0.1669134856378045
98	72	0.16250638980468293
70	61	0.40648229718979584
70	109	0.3905509660254535
70	32	0.35109310326459403
70	168	0.3209716661396469
70	41	0.3130561133175187
70	153	0.2998274503623951
70	196	0.28851897122070824
70	45	0.2586023419693188
70	60	0.2556512657627973
70	37	0.23538240132564545
70	5	0.18903864676786766
70	62	0.1887011319139668
70	9	0.17762573507104082
70	101	0.15441485083204598
70	40	0.14492244125805293
72	178	0.6644893614196254
72	2	0.3520921792969087
72	155	0.32603035954246146
72	9	0.32437601082055145
72	148	0.30287322644931064
72	154	0.3025734681230263
72	143	0.27604892892121186
72	151	0.2744869848147264
72	157	0.2705618949834713
72	107	0.23652503543271725
72	51	0.2277641398305933
72	64	0.22105020717910812
72	156	0.22090753192853327
72	97	0.2202035290744533
72	54	0.2053674832118462
72	109	0.2040069770134739
72	5	0.19575061718754536
72	46	0.19527934799118032
72	104	0.18975210248193916
72	122	0.1874857098018963
72	119	0.17650210310136094
72	146	0.17006150541226403
72	45	0.16756474643370306
72	144	0.165484090311105
178	148	0.373823187198178
178	155	0.3217069937344096
178	151	0.3064293959356374
178	191	0.2871524171227616
178	9	0.2673521879804474
178	54	0.26494565290353683
178	2	0.2562213086779469
178	157	0.24456142353046034
178	162	0.24378090781654424
178	159	0.22754606000594355
178	64	0.1921705708307529
178	107	0.1765408567080406
178	97	0.1765311683576779
178	122	0.17337095308155395
178	104	0.1726531036571042
178	59	0.16841019515826208
178	154	0.16700097691320376
178	109	0.14982361910019992
117	119	0.4967860396598137
117	16	0.4035731867723144
117	128	0.3545076716782851
117	27	0.34618257595292434
117	125	0.2786151086119624
117	53	0.2756146880287164
117	144	0.2120147666591119
117	48	0.21108817814623004
117	49	0.21001783074880148
117	150	0.2066984780413968
117	40	0.20081341004915065
117	191	0.1823283011220923
117	51	0.18214461104662594
117	122	0.1754943175854828
117	148	0.17112949218854115
117	154	0.15497121075364895
117	143	0.1499115976731326
125	128	0.4700776441073261
125	130	0.4606058385296977
125	104	0.42107665734699257
125	27	0.4172932039590396
125	144	0.3796580074928624
125	37	0.33916616042060493
125	148	0.3011556191253778
125	150	0.29514233934592315
125	53	0.2859132537961385
125	155	0.28088258903069985
125	2	0.2757717668797889
125	143	0.2713587541556985
125	162	0.24854367468038546
125	40	0.2435363438949153
125	60	0.1915252306209582
125	16	0.1865592881990384
125	134	0.17040136284908486
125	137	0.1685656530490112
125	119	0.16753558862546455
125	196	0.15139709833413986
125	97	0.15013642101529728
32	61	0.5939454090629189
32	140	0.30246445024967306
32	196	0.3022645635956106
32	62	0.2629826724211014
32	97	0.23445648481385603
32	168	0.2326885053399361
32	30	0.23155316159579514
32	109	0.2119670136659988
32	148	0.2043711336038268
32	56	0.19068700442651695
32	40	0.17725769958984652
32	27	0.17594011436849805
32	153	0.17356493485533206
32	37	0.1684393441511687
32	47	0.14973563815460694
61	62	0.4909414478589314
61	37	0.4393701430535285
61	60	0.42431268801879823
61	196	0.32070254707698165
61	45	0.31446253888110504
61	168	0.287996333948722
61	40	0.27926986425141376
61	165	0.2431600312369809
61	153	0.2267304289966132
61	137	0.21919469294393312
61	140	0.21914709473797986
61	41	0.21421030656687026
61	27	0.2063921295523521
61	148	0.19053281756898907
61	146	0.1554103728638646
61	53	0.15496145089928592
196	175	0.4279954456192608
196	60	0.27337703147200754
196	56	0.2560624621515336
196	145	0.2352218137300036
196	165	0.22958373898443904
196	41	0.2142389298012567
196	130	0.2090139226008897
196	62	0.201437116633016
196	27	0.19989194567614693
196	134	0.19939267135544425
196	45	0.17845847388260433
196	37	0.17446677297323265
196	148	0.15396578718158802
37	137	0.5240305099300895
37	62	0.4458430875966634
37	145	0.4396363992183501
37	144	0.4339152025070923
37	40	0.4223017025703461
37	134	0.4090584991218423
37	60	0.3829055738258349
37	130	0.3567788164091171
37	45	0.35065465951742303
37	27	0.3314799685488854
37	146	0.32626270293517673
37	148	0.3111787421526735
37	143	0.2880146750053091
37	41	0.2775448097777193
37	140	0.26997791387440034
37	51	0.2675471668202894
37	154	0.25863033549699643
37	53	0.24175762310367616
37	150	0.21364730825088132
37	2	0.2136186774225527
37	153	0.20283746150767315
37	168	0.17730612814598626
37	155	0.17140127927355134
37	165	0.16449185585604442
37	128	0.16127941371244162
134	30	0.5313037960506294
134	104	0.4035480726077723
134	137	0.3872408081676229
134	2	0.3816162205024041
134	143	0.3690734401010648
134	100	0.3644864510728403
134	145	0.2903147967211933
134	45	0.27951878772841066
134	62	0.2555764928392684
134	148	0.2498473576480434
134	56	0.21835681229611067
134	140	0.18827676427830686
134	57	0.18470545083050535
134	175	0.1697507432042903
134	150	0.1663787596640141
134	101	0.16551326861671553
145	40	0.5485745854167178
145	146	0.5006176371877726
145	137	0.4867100319319768
145	144	0.4504382943541889
145	154	0.4269493436300392
145	153	0.4199406796284847
145	41	0.41702889143118105
145	62	0.4028278747400269
145	51	0.4019730395005926
145	53	0.3577558595230039
145	157	0.3366947722031226
145	168	0.3240359524429737
145	150	0.32030774544677737
145	45	0.307154098945035
145	130	0.3020828253847107
145	27	0.2969488054982948
145	175	0.2946492996749867
145	140	0.2873083919003961
145	143	0.2782737952024972
145	165	0.2698852001790424
145	148	0.21920421245993235
145	46	0.163265694910142
145	47	0.15994475478835035
145	156	0.15687380204219095
137	140	0.4761471998612368
137	146	0.4109801502306973
137	62	0.3894317293537983
137	153	0.3773791243847942
137	165	0.3709894693149206
137	45	0.3481262341159577
137	40	0.3128486393323669
137	144	0.28700560342045445
137	51	0.27537442131528805
137	154	0.271895960912916
137	156	0.25665105929130394
137	130	0.2530698377607618
137	155	0.2354485218948444
137	2	0.23304789884708024
137	150	0.22739433883697746
137	143	0.21986095818645573
137	27	0.216832568586364
137	148	0.2167753888242945
137	175	0.1581220506951634
9	109	0.6602687776476438
9	54	0.4405153023184454
9	5	0.4305079309385185
9	159	0.2855642795256201
9	154	0.2814259508543308
9	151	0.2753559378349313
9	101	0.2680113139477492
9	191	0.2631595232039832
9	107	0.2565389602113486
9	156	0.2426518930369929
9	153	0.22434810902250052
9	47	0.22342673091512374
9	168	0.18919292440264607
9	46	0.17197388804590613
9	51	0.1646669803062591
9	97	0.1551371236481103
9	4	0.14475600758663731
109	5	0.4543116699826741
109	101	0.3586798401735566
109	156	0.29551657934859005
109	154	0.2547911926810936
109	54	0.24062743186534544
109	140	0.22104069579002444
109	153	0.21031413812639954
109	46	0.1959044814385282
109	122	0.19413446196848008
109	47	0.19412483883169174
109	16	0.18273430769115034
109	100	0.16110409061352565
109	51	0.15850227622095314
109	97	0.1476820790410713
46	49	0.3717222498542675
46	154	0.550061855764478
46	45	0.33110606568273115
46	16	0.32235232746419784
46	47	0.3178467076143428
46	153	0.31418316652928263
46	151	0.3048610112899835
46	146	0.3046795882778829
46	48	0.29386376447571355
46	168	0.29344343140541124
46	119	0.2798045424250421
46	156	0.27352506739539106
46	51	0.2564735658937895
46	5	0.24083468254714546
46	54	0.21232036183205025
46	140	0.17938774086516426
46	40	0.17873922359130512
46	122	0.17160510247039554
46	143	0.16499774260230296
154	146	0.5578593836708716
154	51	0.4205829159952843
154	153	0.4117527733464675
154	119	0.3742446355164522
154	168	0.3637578224743353
154	40	0.36262062009902135
154	155	0.3500405799699933
154	49	0.34098791562576153
154	144	0.3032183284815828
154	157	0.3004279997448159
154	45	0.2954253096565905
154	151	0.2912760065465869
154	143	0.28357919960683564
154	148	0.2566697418000791
154	5	0.24791495862999585
154	41	0.2424071863887993
154	150	0.23975108445759455
154	156	0.2378745780038472
154	2	0.2163083651233502
154	107	0.21354232675306875
154	16	0.20963544164147616
154	47	0.18390364445924104
154	27	0.16823529501714696
154	64	0.1664273751649609
154	53	0.16636903646675372
49	48	0.41204339233126464
49	47	0.3519081991658121
49	51	0.32735240288121314
49	153	0.3179276129120722
49	146	0.2623495880278031
49	168	0.2518807925577928
49	45	0.17041107246629458
49	53	0.1682450119696544
49	119	0.15149480474642898
49	156	0.15148503423838616
49	155	0.14749621772744395
191	54	0.3026461423074398
191	159	0.21523097415588588
191	168	0.20189759515632796
2	104	0.6517011039299732
2	148	0.4481476470567116
2	143	0.412242625483471
2	30	0.3367391032883019
2	16	0.3003461206596205
2	59	0.2881980739479427
2	151	0.284149240668967
2	27	0.2611759230876459
2	130	0.2415693033503057
2	4	0.22714776839285256
2	162	0.1834881544651872
2	1	0.1814387362762878
2	107	0.17926192132671467
2	119	0.1746703733931999
2	159	0.17233292242732018
2	100	0.17181861577769414
2	45	0.15326277730445848
104	148	0.4221209202975959
104	143	0.3777478260802168
104	30	0.35689226330057083
104	16	0.3042713056707034
104	128	0.29889886112954744
104	100	0.28650082851009445
104	162	0.24176703861342985
104	59	0.21146076974857173
104	119	0.18464749715452736
104	159	0.15730294426168395
104	27	0.14420769760507235
16	119	0.5376399132579008
16	48	0.332770023079435
16	122	0.2698202976145008
16	143	0.2290721383026913
16	148	0.2147445462337783
16	27	0.16715651046378932
16	128	0.15704936739264805
16	5	0.14933480608148672
119	143	0.3709291020703703
119	128	0.2916877737763358
119	151	0.23269796387852165
119	122	0.22427213422500025
119	51	0.22143062824431933
119	148	0.21257817546349975
119	107	0.20312510108508214
119	155	0.1914674308716588
119	144	0.19026296795106276
119	97	0.18482135432856012
119	27	0.17351644067385855
119	130	0.15940877797124176
119	40	0.1564836213352551
119	48	0.14712446386008046
156	45	0.3146247300948977
156	122	0.3141290881736448
156	140	0.3037721417514442
156	143	0.2119479121853213
156	146	0.19752908224505397
156	153	0.1909375380010116
156	5	0.16383991267556738
156	51	0.15484433028809827
156	107	0.15417080240249428
156	168	0.14602852681128944
45	60	0.5598948436527404
45	41	0.3922276577508931
45	62	0.3674137992761227
45	143	0.3654139390989569
45	146	0.3202628745807801
45	165	0.3012920087571397
45	153	0.25905018626219395
45	51	0.2450784582731785
45	40	0.19544285977738654
45	148	0.16883768417624426
122	155	0.2560063953692764
122	97	0.2089947962573356
122	107	0.2042944737554456
122	51	0.17603701717088166
122	5	0.1556445675521015
148	27	0.4871372589164454
148	143	0.4220633916228004
148	130	0.3803595939518455
148	144	0.3553904228604619
148	40	0.31654259596012874
148	157	0.2782553438259109
148	128	0.27113641221733353
148	146	0.25384651763787136
148	150	0.25020360280146325
148	162	0.2465723739863976
148	53	0.24548258837572495
148	155	0.2443357647593808
148	51	0.2337192266142501
148	97	0.22696756387839126
148	41	0.198413025040342
148	175	0.18249264461295306
148	30	0.1606267706903391
148	159	0.15254984498653062
148	62	0.15230565354257755
4	107	0.592714286410038
4	1	0.4776922941046454
4	64	0.2556138796832928
4	159	0.2946492996749867
4	175	0.28288016612905553
4	59	0.2058176171030696
143	130	0.3617170331218396
143	144	0.2893713260958797
143	41	0.2768801394774369
143	27	0.27454246331468235
143	107	0.26018795557691515
143	157	0.2379972182497349
143	40	0.2278020644249229
143	150	0.22490833887878206
143	155	0.2248798561994377
143	128	0.19157339606397494
143	51	0.1575467486147507
146	153	0.41205169449948414
146	40	0.4066492380442838
146	51	0.3902288796620074
146	62	0.3507248208538621
146	144	0.32048721453695783
146	168	0.30918137098542503
146	150	0.3051149663393314
146	157	0.29290414243799834
146	53	0.2423601238806247
146	165	0.23864802782538475
146	41	0.226711457044334
146	140	0.2224099020827392
146	155	0.22054604565332908
146	60	0.22035576537440424
146	27	0.19605833604415054
146	130	0.18610560650529984
146	64	0.1679243352837889
146	47	0.153916972079017
40	144	0.6212265493000684
40	51	0.5412204252231416
40	41	0.5184736583627487
40	53	0.5118106594009266
40	62	0.5070419663972872
40	27	0.45426405263035297
40	150	0.4446404483041561
40	153	0.3940707021971119
40	130	0.3671369644654021
40	157	0.30083732873657176
40	155	0.26203296108139623
40	175	0.21848061042056008
40	168	0.20936773109956924
40	140	0.18906757453550596
40	165	0.1807423478341152
40	5	0.1702071635582016
40	128	0.1614839444618988
144	130	0.4513783785516717
144	150	0.4513385647751821
144	27	0.4332574802268251
144	53	0.42521422148694654
144	51	0.3747089097596716
144	41	0.3418360158927018
144	155	0.3266558096425595
144	128	0.2968758580529648
144	157	0.27905778871423104
144	62	0.2461402920591013
144	153	0.2144583623714779
144	175	0.187418169478004
144	97	0.1661453940039935
144	162	0.15456127084761054
144	5	0.15202236817169887
144	140	0.14924681197865955
51	155	0.4506534866202381
51	53	0.4111629746671061
51	153	0.3540354461963157
51	150	0.3267808653602015
51	41	0.3254314469882963
51	62	0.3145256154243521
51	157	0.2743852694855195
51	168	0.2255443518239201
51	5	0.2071100700014388
51	27	0.19852829816776515
41	27	0.4091667406139676
41	62	0.3622384163761211
41	130	0.3142192176337121
41	60	0.2916603259888796
41	153	0.2862346103889345
41	53	0.250381699982672
41	168	0.2421247942343087
41	165	0.23474942286187836
41	175	0.17437951108221966
41	157	0.1670981863568435
41	150	0.1667968265151293
53	150	0.4513624532567196
53	27	0.4112876087306739
53	157	0.4023418780182351
53	62	0.3365529027007987
53	128	0.24880635968438305
53	130	0.2474080802078079
53	153	0.21091619209273896
53	155	0.19725038143204374
27	130	0.5254942503988042
27	62	0.3384402863271026
27	128	0.2633549692837985
27	175	0.2299436782619377
27	150	0.21008474224076346
27	157	0.20696649972945255
27	165	0.18869148797694074
27	162	0.17721895612684666
27	155	0.16429726097091285
107	159	0.2548192449101054
107	59	0.21529773044395886
107	1	0.20621979073973126
107	155	0.17969742548973033
107	151	0.17810991657826458
64	151	0.1554396481558455
64	60	0.15250100818682927
162	56	0.31092583314198763
162	100	0.2557540735385941
162	130	0.2460839263293388
162	57	0.1789618664612145
128	130	0.3632110586908712
128	150	0.339812025805636
128	155	0.15410246546965867
175	130	0.22197261181073727
175	140	0.20535790495020748
175	157	0.1961256443993159
175	60	0.1881224313328494
175	165	0.17875858456789026
175	56	0.15797579761482214
47	153	0.5724503526336243
47	140	0.4408053969577397
47	168	0.3839717920962811
47	5	0.3002278430551235
47	48	0.2841032770555276
153	168	0.5057704917752224
153	140	0.4242224883474405
153	5	0.36626277805323104
153	62	0.27692630570769106
153	48	0.2345509856135813
153	165	0.22616119563986706
153	157	0.20908086354398026
153	150	0.1893279096716379
168	5	0.2294700608963325
168	140	0.2274702008019423
168	62	0.17282773259122086
168	54	0.15431723371963396
54	159	0.5683079190310578
54	151	0.4409745763208884
54	59	0.3614910300672852
54	101	0.26072860921888985
54	5	0.23655335690897505
159	59	0.44456823887624425
159	151	0.30006405882222104
159	100	0.246168474299688
159	101	0.2385725826156525
159	30	0.224661476226596
59	151	0.5276335297278499
59	101	0.28704230811040105
59	100	0.21353278273594167
59	30	0.19294090861477808
59	5	0.19026296795106276
59	48	0.17710272244255645
5	101	0.3081771351162118
5	151	0.2926847172980813
5	100	0.1889518614964802
5	48	0.17131392198207188
5	140	0.16054883376576182
5	30	0.15183675386468304
60	165	0.37845916735085583
60	62	0.3405017745194789
165	62	0.3390422592539953
165	56	0.15433675738320216
30	100	0.5467474113928095
30	101	0.2807075697479066
30	57	0.23583575572930685
30	56	0.1971831040431276
30	140	0.18576770686321167
100	101	0.4652492919147429
100	57	0.3694102676718513
100	56	0.2685681263030828
62	140	0.22295163763248907
62	150	0.21013253495875145
140	151	0.21334189383613986
140	97	0.15459055403622693
101	151	0.15781978668922253
155	150	0.4129893986312527
155	157	0.2964016152273113
155	130	0.23432417624989424
155	97	0.18056822237439785
97	151	0.15524447438774322
150	157	0.338759012422356
150	130	0.1750193679267185
151	48	0.16252586157486004
56	57	0.291367519709524
130	157	0.15165112884779033
