28	132	0.894259971044318
28	131	0.8013236650435529
28	29	0.620851820023153
28	125	0.5731088375937671
28	133	0.7552222263539023
28	129	0.6384542629548524
28	21	0.5484487411254182
28	128	0.5449290763339303
28	126	0.4651787700833388
28	143	0.4475960536358549
28	26	0.43214398549498795
28	127	0.4029367738980564
28	130	0.3956997481766218
28	39	0.3650239623050495
28	94	0.29122109608972624
28	90	0.29012248436253546
28	36	0.2753559378349313
28	123	0.2528264732824352
28	141	0.2415316372154993
28	93	0.2375537907388348
28	40	0.22563926265747955
28	63	0.2222863291119253
28	41	0.22132601916428304
28	53	0.2164608735544213
28	56	0.2145823799026268
28	10	0.2134087068047938
28	24	0.19708699026589865
28	73	0.1970004846270659
28	32	0.19626025556476348
28	158	0.19570253263216286
28	142	0.19304681148535752
28	163	0.1805778963081001
28	157	0.17665711424368746
28	55	0.17078972170783652
28	7	0.1634798229643694
28	104	0.16158133518243845
28	144	0.16134759216917546
28	27	0.15973037535966725
28	194	0.15803429967907942
28	161	0.15596655667581538
28	57	0.15127984673428246
28	156	0.14810267400750082
28	100	0.14594044484366192
28	54	0.1433165051334142
28	122	0.14250345649092086
28	13	0.14034745996520126
28	52	0.1369343537359937
28	145	0.1274333914636981
28	107	0.1273251762668279
28	74	0.12598699328179486
28	138	0.1241757812671168
28	162	0.11697208806316575
28	37	0.11432793450857764
28	25	0.1126300842184987
28	64	0.11183028671164892
28	77	0.1116920353898799
28	85	0.1091336115405726
28	20	0.10757216162673623
28	193	0.10719654356310176
28	190	0.10706803561586042
28	113	0.1025185594243372
28	96	0.09907292921110772
28	117	0.09830943875132607
28	160	0.09344458348457584
132	133	0.810608164899907
132	128	0.6038279712906213
132	131	0.7838583634993375
132	129	0.6547967224076688
132	29	0.5966441099002794
132	125	0.5611841384155551
132	21	0.5183200927810945
132	143	0.4705371425490627
132	130	0.4484113320676245
132	126	0.4407489968753887
132	127	0.4185642203871934
132	26	0.361803946056556
132	39	0.34321299157953444
132	36	0.2713309629966693
132	141	0.26662778927517
132	94	0.2619025688770374
132	90	0.2578743579090074
132	10	0.2506722432132228
132	158	0.23660999865553944
132	63	0.2359018613426365
132	93	0.2132750788718954
132	56	0.2103523685232956
132	107	0.20086139326604416
132	104	0.20061187001839334
132	123	0.20029512995148085
132	7	0.19368213417893496
132	32	0.1910917001470947
132	73	0.1851014332184117
132	41	0.1751453829275606
132	24	0.17107124870876622
132	142	0.16904169064565394
132	40	0.16757446563797426
132	163	0.1665246037393667
132	55	0.16088979301781747
132	100	0.16088005185740026
132	117	0.1589116972932688
132	144	0.15612266068827418
132	190	0.15167066882722496
132	85	0.1499115976731326
132	160	0.14374744049805513
132	194	0.14297367681810372
132	193	0.14206256650372506
132	161	0.13880804696023144
132	77	0.13261428319994392
132	13	0.13127796071624925
132	74	0.12728582453445073
132	53	0.1264593457737999
132	57	0.1263117417699411
132	27	0.12277743150353425
132	76	0.12225538695968614
132	54	0.12007783366287796
132	157	0.1131138415692459
132	96	0.11196853370449394
132	195	0.11116861626287096
132	134	0.11048709143200686
132	88	0.10306274815500567
132	138	0.10098460748732646
132	37	0.09858375413965967
132	64	0.09811136780866793
132	196	0.0940908508262008
131	143	0.6108586520159427
131	133	0.7165996249135907
131	129	0.6172684396239836
131	29	0.5646271359073936
131	125	0.5567494311400765
131	21	0.534032757710431
131	128	0.5168119153542897
131	26	0.5034300063989003
131	127	0.5015388093395874
131	39	0.4736689239421612
131	130	0.4571876856558556
131	126	0.4331356291154289
131	142	0.3762980538147677
131	36	0.3168035142288414
131	40	0.31629062941464897
131	141	0.3025643836025753
131	24	0.30184653287994123
131	52	0.2898751911824123
131	145	0.2844801401209838
131	123	0.2841952029763723
131	156	0.284167625748663
131	41	0.2819599273068801
131	144	0.2806983576894451
131	94	0.2781169519561624
131	53	0.27191448226392473
131	157	0.2658752101125503
131	56	0.26125978195859473
131	138	0.2343808809834143
131	27	0.21050528367638946
131	32	0.20439988040076015
131	73	0.19231502723638494
131	163	0.1914674308716588
131	10	0.18799702897311846
131	93	0.18562287927479149
131	140	0.17479640426457385
131	158	0.1741758893535627
131	34	0.1668551566604222
131	113	0.1641707674365902
131	194	0.1584632808926027
131	20	0.15676650722400606
131	38	0.15141663985333892
131	37	0.15003867364257056
131	63	0.14790705509618188
131	90	0.14641997419316138
131	122	0.1461557522323789
131	139	0.14440353278226348
131	161	0.14437415822642705
131	124	0.13897476751989582
131	162	0.13706191383227806
131	13	0.13257498645343685
131	195	0.1271677669335056
131	25	0.12481570676985733
131	137	0.12403793761911085
131	57	0.11325204811595102
131	104	0.09970759711868456
131	19	0.09911055608251156
131	134	0.0946101861553425
29	133	0.5981104686383173
29	129	0.5729073390775561
29	26	0.5070568244154986
29	125	0.488607880220804
29	128	0.4735525700134741
29	130	0.4593443623184445
29	21	0.4474281097201249
29	143	0.41630993515812703
29	25	0.4064572537201494
29	27	0.3878611652175415
29	53	0.3823934262318717
29	39	0.3751644036713416
29	126	0.3395908750760445
29	24	0.3037630644990113
29	127	0.2917335190212627
29	157	0.2770832613267105
29	94	0.26756573509119963
29	23	0.24926597035784676
29	40	0.2465817659838831
29	41	0.24321648280525976
29	20	0.18986777914414954
29	73	0.18246364356114747
29	142	0.1771898981691191
29	141	0.16979930202636412
29	36	0.16734119574920267
29	145	0.1564836213352551
29	100	0.15361430168164925
29	93	0.15154365684255308
29	10	0.15036122883107925
29	123	0.13802337413162674
29	158	0.1337537070125767
29	104	0.13097329083703296
29	22	0.13090449098658322
29	90	0.12956755873728826
29	163	0.12831867434919733
29	144	0.12149682441339132
29	16	0.1188555314636224
29	63	0.11278805168470908
29	56	0.11116861626287096
29	77	0.11010183573586013
29	117	0.10691975277015718
29	107	0.10168731648309147
125	21	0.7812225051284882
125	133	0.5538306639742747
125	128	0.5409092357389162
125	127	0.5234209124366946
125	129	0.4837895232563802
125	126	0.4771055055314567
125	155	0.4663142360375178
125	26	0.4381750750733053
125	143	0.4330868842370916
125	130	0.4305405168942168
125	123	0.4288935243344579
125	144	0.4069246310891996
125	23	0.3865605619322688
125	145	0.3825812409875
125	51	0.381411153150195
125	25	0.3770703518506498
125	53	0.3767958169900328
125	138	0.37316920679379945
125	40	0.3642436244016618
125	122	0.36143886948190185
125	156	0.35402669957632144
125	52	0.3497685342646905
125	20	0.3412088285993448
125	93	0.3184309195894601
125	39	0.3148679824704066
125	27	0.2938546280079858
125	90	0.2903880524051647
125	194	0.28884896937975824
125	142	0.28150882070422845
125	22	0.2786058848500514
125	34	0.2606820075817929
125	195	0.2599268919407894
125	36	0.2598709447876756
125	24	0.25283583404651244
125	140	0.2462154437756417
125	124	0.24417590711511086
125	19	0.24009036215004814
125	196	0.2309852528832965
125	157	0.22821918932491786
125	56	0.2171279736478674
125	139	0.2141244346565733
125	41	0.19939267135544425
125	33	0.19921021835858368
125	180	0.19282537308365505
125	136	0.18709974123359688
125	137	0.18349781776842755
125	163	0.17711240877165835
125	141	0.15787829171005308
125	69	0.15053715453790184
125	32	0.14431540835143353
125	73	0.12333879980674242
125	63	0.12326001602630575
125	91	0.12063957650281094
125	16	0.12038335248771667
125	175	0.11973286571906099
125	57	0.11714962147879715
125	158	0.1150779353309605
125	166	0.1019248290075685
125	161	0.09698617783998503
125	121	0.09608961210936376
133	129	0.655236356424469
133	128	0.5681792701805538
133	127	0.4833604763525026
133	130	0.4695867117678349
133	126	0.4640025371598408
133	143	0.4628796695229382
133	21	0.4488905594418901
133	26	0.3989671914574733
133	39	0.3584445532247408
133	36	0.26445278772643377
133	94	0.24637513134251265
133	93	0.2439502031423587
133	163	0.2410513302335885
133	117	0.240250556235186
133	90	0.23655335690897505
133	40	0.2307580452969664
133	56	0.22224830522234235
133	27	0.2206792318619867
133	10	0.20212780096384506
133	53	0.20125481927140507
133	41	0.1977020529002738
133	194	0.19395161598227748
133	123	0.19238243737391705
133	104	0.18970390231769502
133	63	0.1886046909061541
133	77	0.18424178548789907
133	24	0.18352680746535868
133	157	0.1823863058709049
133	20	0.1814774191949231
133	144	0.17450555515636895
133	142	0.17390437054621108
133	141	0.1695856370448281
133	73	0.16816727543424168
133	7	0.1679923605832939
133	158	0.15107464619265645
133	138	0.14784836716524766
133	124	0.14413915262345775
133	76	0.1434144497673151
133	145	0.13627685669318845
133	85	0.1328402313981843
133	99	0.13053098409953331
133	57	0.12949873325583158
133	122	0.12895791824824482
133	96	0.1274137161989402
133	107	0.12668566103507212
133	32	0.1255145836564797
133	19	0.11957515645259092
133	161	0.11762300728686632
133	190	0.11377521887038698
133	193	0.11166240954394273
133	196	0.10709769161366772
133	195	0.10641555555556544
133	37	0.1058124242840019
133	147	0.10474439461824248
133	52	0.10216232991228673
133	25	0.10170710963662792
133	64	0.09514334328107524
128	126	0.5756417831435399
128	129	0.5658520428315699
128	127	0.5505010856276485
128	130	0.5415880035754234
128	21	0.4290077645224185
128	143	0.4011594573835757
128	123	0.35729360622332035
128	26	0.3479504602549787
128	93	0.3178467076143428
128	39	0.3005735516298311
128	90	0.2858857059515189
128	144	0.27772016461545995
128	40	0.2638481418064021
128	25	0.2487031663670405
128	41	0.2322155223207541
128	36	0.2275839885723265
128	10	0.2271572524102227
128	145	0.21206251863980174
128	24	0.20557819501161392
128	138	0.20511843562824827
128	56	0.1980095258850551
128	53	0.19272908938983255
128	27	0.1914192633994281
128	194	0.19071591341512156
128	157	0.1828696293725493
128	94	0.17566876838688547
128	23	0.1751744624976025
128	141	0.17182832054465194
128	163	0.15895068692831016
128	142	0.1572346756052143
128	32	0.15321395140428487
128	37	0.15067397905251825
128	20	0.14903170533364904
128	196	0.1484156401558033
128	158	0.1390434148729457
128	92	0.1385530473582325
128	124	0.13470622977997074
128	7	0.1330563428429158
128	122	0.13219182135114402
128	54	0.12418562705864385
128	96	0.12163475545937645
128	101	0.11816536280124737
128	73	0.10509054192829012
128	99	0.1038245086662809
128	13	0.10240971430337814
128	161	0.09869070337483984
128	64	0.09845402562213852
128	69	0.09524739175438736
51	155	0.8602225636303643
51	150	0.5591667029524023
51	50	0.5411709277163956
51	53	0.5266442193000213
51	52	0.5771309285657596
51	122	0.5427177155648782
51	91	0.5253856634714278
51	156	0.5121943431735929
51	180	0.4893079266911686
51	179	0.4690408906156418
51	157	0.4626674925596289
51	21	0.42997010067195934
51	20	0.42183324293219415
51	44	0.4160618983761484
51	124	0.401956271012275
51	19	0.3921938109213048
51	18	0.3802141790320741
51	89	0.3759718152661727
51	145	0.34997038027693395
51	174	0.3269952199686579
51	43	0.326343120311993
51	178	0.32578009952583603
51	38	0.3242865298979429
51	138	0.3211062062395342
51	123	0.3206487170486627
51	23	0.3143814363879437
51	45	0.3119462315872665
51	149	0.3113954862311398
51	144	0.3104560281599216
51	173	0.31014876594012564
51	72	0.3077064457659113
51	164	0.3065018822405525
51	70	0.30584937760844705
51	35	0.305250995841213
51	33	0.2931143959175132
51	175	0.2881063771185461
51	195	0.2879504803828957
51	22	0.2852427888417676
51	199	0.2812786163119161
51	98	0.2680670032482964
51	40	0.2529200787929688
51	34	0.243414050317427
51	137	0.2407310599502876
51	165	0.2392043472298621
51	17	0.2386291667929881
51	27	0.2337759483381513
51	69	0.222390891321469
51	26	0.2212689575190034
51	140	0.21589844642380565
51	25	0.21391451161121006
51	183	0.21253998271798968
51	16	0.2063346847037196
51	46	0.2038248775381154
51	116	0.20162899351784086
51	148	0.19266168859576888
51	177	0.18764972892107076
51	126	0.1860669916297336
51	182	0.18475374457928087
51	71	0.1820479269518329
51	194	0.18000707450064654
51	196	0.17878762577319385
51	118	0.17689930160860842
51	97	0.17475762614478124
51	47	0.17390437054621108
51	142	0.17372011057885978
51	93	0.17095475816259958
51	115	0.1643361809715156
51	103	0.1622240349208521
51	166	0.15622997767346405
51	66	0.15476624746234002
51	121	0.15209074968787106
51	127	0.1417490104274584
51	151	0.13984746989951372
51	154	0.13944546537120306
51	139	0.1350400449170989
51	152	0.13476514055766065
51	198	0.1341563499872719
51	42	0.12934141318504042
51	176	0.12808261884777544
51	119	0.11967372545181792
51	60	0.11804703669032553
51	80	0.11797801157726455
51	136	0.11740604541383635
51	6	0.1150779353309605
51	62	0.11398249550683155
51	14	0.11164265886971134
51	90	0.10946954961314476
51	105	0.10929170315549927
51	41	0.10864942165817484
51	82	0.10645510241638972
51	61	0.10541688607160757
51	147	0.1020930600169414
51	106	0.10010360466161068
51	129	0.099012527588312
51	192	0.09428808536600848
155	122	0.6297549918276282
155	156	0.5893633349881374
155	52	0.5652875343192477
155	150	0.5384356902652137
155	21	0.4835673672621684
155	91	0.4477879508834471
155	180	0.4461074525921259
155	124	0.4412162067746849
155	179	0.4225810272859019
155	50	0.41656617475238655
155	19	0.4113873049100876
155	53	0.403171287181348
155	138	0.3981849340170672
155	123	0.39799979907527533
155	20	0.39692200750931694
155	44	0.3861522121473672
155	43	0.3715412529885278
155	149	0.3684599922499288
155	157	0.3678894570134473
155	144	0.3645644919790215
155	164	0.3538954928453045
155	145	0.34465899231527003
155	33	0.3408288349600028
155	18	0.3385553908246112
155	140	0.3358699420988108
155	178	0.33110606568273115
155	174	0.3302777679057812
155	137	0.300810043583279
155	165	0.298862434315217
155	89	0.2929224264741533
155	72	0.2914498769968014
155	35	0.2843055071844843
155	173	0.2816377210130072
155	175	0.2801363243809275
155	22	0.2769078393689931
155	45	0.27642764280255616
155	199	0.2682804623024337
155	23	0.2656428670806658
155	38	0.2610641051272196
155	195	0.2578463526678948
155	183	0.2419929971858207
155	34	0.2402411334158456
155	70	0.23326539558087284
155	98	0.2271951880488153
155	182	0.2171279736478674
155	194	0.21535494851799086
155	127	0.2139622231299471
155	148	0.21228216470511144
155	136	0.2092816746144453
155	116	0.20797130411268774
155	121	0.20668890526421854
155	142	0.20666018669525968
155	126	0.20504180025667634
155	69	0.2012740091241159
155	118	0.1989413150856003
155	25	0.19557750838465035
155	177	0.1873602763612752
155	166	0.1827923035455784
155	40	0.18268597684096574
155	97	0.18242497499819268
155	27	0.178613373870064
155	16	0.17751920358916345
155	176	0.1759788758987353
155	139	0.17525200652335354
155	17	0.16043192462533068
155	71	0.15312606289894656
155	47	0.15294051254510269
155	42	0.1526572833231575
155	154	0.14557830579238906
155	26	0.14483433033531656
155	115	0.14425665745900973
155	119	0.14324794221913745
155	46	0.14253284714821055
155	198	0.14182740211577904
155	62	0.1344214809371138
155	152	0.12748257918678618
155	151	0.1148312389715731
155	196	0.11408119518057085
155	113	0.11112911042566934
155	90	0.11092169902096352
155	60	0.1071570030375366
155	143	0.10414104868964842
155	103	0.0954307101899418
155	6	0.0941889734561358
150	124	0.5102368999583073
150	50	0.5317916667821689
150	43	0.5118623210393985
150	44	0.4760079968402056
150	45	0.4597860901891648
150	157	0.4501592635053771
150	52	0.4185229793244554
150	179	0.4105645171988122
150	149	0.3997740743395285
150	122	0.38924507792125385
150	91	0.3856330491753207
150	68	0.38436390301616136
150	164	0.36411351830677785
150	156	0.35759888748222324
150	180	0.3541578923728728
150	173	0.3493998620989767
150	116	0.348908130883956
150	154	0.3400331389635814
150	89	0.33275223767883355
150	188	0.3302510401430809
150	20	0.3220386609461672
150	144	0.3194639328610694
150	12	0.3132996316130576
150	148	0.3132725760585459
150	178	0.3106819148868864
150	19	0.3082314357232978
150	47	0.2926024249215252
150	153	0.2922549204476507
150	72	0.2878495978906015
150	171	0.2865375447803157
150	46	0.2769724706594984
150	67	0.2666742341370561
150	69	0.2652617577084969
150	70	0.2639783907764476
150	6	0.25958185670946543
150	152	0.257575613005866
150	42	0.2559596717349613
150	35	0.2528639160547306
150	18	0.24701374777378576
150	105	0.2469292373164849
150	174	0.2465817659838831
150	17	0.24323529962857585
150	119	0.2429059788000104
150	186	0.2421530352966849
150	175	0.23856315176192516
150	172	0.2297731885443641
150	53	0.2277925833411307
150	121	0.2273374405518649
150	123	0.2269485940777843
150	33	0.22573416920801356
150	14	0.22473743703888446
150	111	0.22424364297302066
150	38	0.22046993555528926
150	113	0.2174900288261264
150	49	0.2161272476505333
150	182	0.2158507765162108
150	187	0.21346597347488427
150	103	0.20216616642771867
150	147	0.19522163535646955
150	84	0.1911013349683044
150	145	0.18823818191335964
150	151	0.18558425722217906
150	59	0.1837973625701997
150	82	0.1761629857133217
150	165	0.16165924549293376
150	13	0.1605780603471436
150	168	0.15484433028809827
150	118	0.1537509951115116
150	183	0.15183675386468304
150	64	0.15104533076626234
150	120	0.1496574308788472
150	115	0.14852321540687924
150	189	0.14543148154379404
150	66	0.14242508017638536
150	126	0.13968079068199835
150	11	0.13599223115336834
150	184	0.13560942348572216
150	1	0.13508913279492998
150	15	0.12975436446335492
150	98	0.12662662354179344
150	106	0.1251700824053196
150	62	0.12130962477513835
150	137	0.12013696811559454
150	102	0.1157291454414689
150	80	0.11542328638113865
150	138	0.11413054417308542
150	71	0.11274856035234825
150	136	0.11149452600262218
150	97	0.10767100338614884
150	195	0.10395310559114188
150	110	0.09633036281225618
50	91	0.6581767092602484
50	89	0.6588563362596976
50	179	0.5959352275539376
50	173	0.5085633452009836
50	180	0.4848228771200272
50	66	0.4621092927463371
50	70	0.4338096732672761
50	45	0.4323960597063815
50	156	0.40713321295173294
50	52	0.3996144278841696
50	72	0.3951176283517711
50	178	0.3921853490479715
50	192	0.3697901617629743
50	35	0.3499352789562585
50	124	0.33910421130783946
50	60	0.3375722496928553
50	44	0.3264771387757611
50	71	0.32401805231293984
50	122	0.3228450889882959
50	12	0.32103445313211265
50	82	0.3115219053181889
50	157	0.30655624463652764
50	174	0.3050877589445786
50	177	0.30362689909563256
50	116	0.2942474476148427
50	98	0.2868863073582348
50	43	0.2828617664487277
50	80	0.2792883043152746
50	38	0.2788272409473571
50	59	0.2748475623857588
50	105	0.2681783764749157
50	183	0.2577716699068467
50	11	0.2560904948966455
50	68	0.2513562472266541
50	69	0.24543560088409336
50	97	0.24539801006043566
50	164	0.2344186832530941
50	153	0.23334104114948995
50	53	0.22205817563551652
50	18	0.21399084955120146
50	20	0.213933596341192
50	149	0.2077703782737118
50	47	0.20277992938970948
50	67	0.2022045312711013
50	188	0.19929664518481188
50	111	0.19306606606958573
50	189	0.18517869107095736
50	151	0.18481169590003976
50	93	0.1838360110272202
50	144	0.18151610155195635
50	186	0.1805778963081001
50	17	0.17859401185564674
50	6	0.17063438452500956
50	92	0.16950793673390865
50	94	0.16571750863994356
50	103	0.16503665337527207
50	182	0.16448212641574705
50	199	0.16191244008007466
50	83	0.16074367232133868
50	175	0.1598765447874944
50	165	0.15776128056039146
50	46	0.15734195424755676
50	187	0.1521102869965168
50	49	0.14767229712659022
50	145	0.14442311567809854
50	19	0.13619834154790578
50	14	0.13612963939219644
50	3	0.13560942348572216
50	168	0.1330661657899417
50	154	0.13258481067914168
50	102	0.12671517944517516
50	90	0.12312214067239105
50	40	0.12238344189440875
50	112	0.121703719221115
50	118	0.12044248253145598
50	119	0.10546633017496072
50	88	0.10365633821952652
50	195	0.10305285436410977
50	81	0.09846095776499476
50	171	0.09668502849111783
50	148	0.09472712862094954
50	147	0.09470929010865538
50	42	0.09424249411947982
53	157	0.6842114747277059
53	27	0.5221710158641222
53	20	0.4551604100447494
53	26	0.4532317061450062
53	25	0.44292190465526377
53	129	0.4125579973513341
53	40	0.4080921424840826
53	145	0.4068578759286275
53	52	0.3708169831563791
53	23	0.35062834800135045
53	21	0.3504704672816296
53	41	0.3289228955472401
53	180	0.3249932709082674
53	130	0.3200205470757581
53	124	0.3091723268886644
53	24	0.3047975157516096
53	94	0.3032818912375105
53	22	0.300118655532841
53	143	0.2555951863568396
53	44	0.25383716199466794
53	19	0.2515623362350776
53	91	0.24894706874123865
53	127	0.2423601238806247
53	122	0.2390252106472198
53	16	0.2372235144231073
53	18	0.2317992063920861
53	34	0.23016150569595745
53	156	0.21039059827684872
53	43	0.2060953158617108
53	126	0.2012836039925361
53	17	0.1908604533951819
53	39	0.19084118187587445
53	148	0.1903786213103246
53	38	0.1867233662511472
53	118	0.1790489825963691
53	142	0.17221648385627344
53	93	0.1674967110918887
53	147	0.16412211463930645
53	46	0.1573614590563643
53	149	0.15683478617297975
53	35	0.1556445675521015
53	123	0.14937391381248774
53	119	0.14926636642807042
53	144	0.14785814855938895
53	45	0.13749362194327466
53	116	0.13685585295758354
53	33	0.12502242976660247
53	138	0.12373269536887717
53	102	0.118441444004696
53	154	0.11551208643028192
53	14	0.11451544696656225
53	179	0.1123536274573098
53	1	0.11194878439932136
53	70	0.09889865369246684
53	12	0.09613716869573126
53	173	0.09448531250440197
122	21	0.5490707288976455
122	156	0.6043931660869782
122	52	0.5480290806914205
122	124	0.4632017627665527
122	97	0.4629032414679482
122	180	0.4388858431130482
122	177	0.4241158778821392
122	183	0.4131552728795034
122	45	0.4018053424857899
122	91	0.3860926484845859
122	178	0.38150514701482974
122	43	0.36382723487397
122	19	0.3606300912462802
122	126	0.3545076716782851
122	198	0.3496983193423276
122	71	0.34186251006514123
122	165	0.33093688497466195
122	179	0.3236420960053156
122	98	0.3118198495318716
122	80	0.2898568716287363
122	72	0.28719829363851285
122	157	0.28341366624833725
122	199	0.2818770803308009
122	60	0.28002573782716955
122	164	0.2742743003053885
122	194	0.2710993524135841
122	195	0.2696719396898508
122	123	0.2648712670229577
122	44	0.2608404481902789
122	89	0.25834104810416586
122	70	0.25492209941343336
122	173	0.2530417588778762
122	81	0.25025984584649164
122	193	0.24552957471390965
122	20	0.24228482149513345
122	68	0.2323952688187317
122	129	0.2254779116928897
122	182	0.2232747126026822
122	116	0.21735664703347785
122	11	0.2165657169735279
122	112	0.2049172624159485
122	96	0.19968072688473704
122	175	0.1989893357255534
122	69	0.19804795726974972
122	0	0.19731765696311696
122	190	0.19617372066440686
122	121	0.1946636769046182
122	12	0.18042310917750112
122	144	0.1768605530689619
122	35	0.17181861577769414
122	88	0.1697507432042903
122	185	0.16551326861671553
122	118	0.16540628007989427
122	196	0.1623992928066208
122	127	0.15476624746234002
122	16	0.15351665991742566
122	90	0.14666460553112565
122	6	0.1464786873487536
122	138	0.14377682047154794
122	151	0.1423564994360066
122	145	0.14176860851625644
122	18	0.1407591627607898
122	188	0.1402396250159035
122	15	0.13813127694325072
122	187	0.12500274232953654
122	103	0.12376223596581708
122	161	0.1235652945118703
122	93	0.12040306259722755
122	192	0.11349883461693985
122	79	0.11234375367959262
122	174	0.1121561476899498
122	167	0.11064513545318663
122	115	0.10946954961314476
122	5	0.10284508004776588
122	33	0.1020930600169414
122	78	0.09903530205638968
122	148	0.09704957544198596
122	92	0.09660379438283012
122	83	0.0951027142650958
122	149	0.09486190652465976
122	162	0.09470532598655217
71	177	0.8238549755237552
71	70	0.6474757114410682
71	198	0.6474118216186036
71	97	0.6078157169059617
71	81	0.5753207489258552
71	178	0.5150287192027191
71	96	0.5121500823961496
71	11	0.4786718980740423
71	98	0.4718985610084592
71	72	0.4586418628570114
71	80	0.4568158454554381
71	60	0.4478758900061184
71	112	0.4007398377064672
71	89	0.382120184720132
71	66	0.3768472973208546
71	199	0.3593593019849011
71	83	0.35822665432754625
71	183	0.3497422041292417
71	192	0.3367568353044047
71	91	0.3251989627854797
71	181	0.3226300872818412
71	173	0.31551645321742705
71	197	0.3109167998626382
71	88	0.3061394151826767
71	190	0.3037267549378247
71	45	0.2801823999175057
71	167	0.2764091709452701
71	179	0.2600481047856744
71	180	0.24308475991696665
71	185	0.24272718118003184
71	61	0.24155988688484184
71	116	0.24108900564054786
71	12	0.2340878893677784
71	68	0.2333032187181485
71	160	0.2237307349281998
71	18	0.2196325474602013
71	118	0.2171946725150193
71	189	0.21686115790949853
71	170	0.21129836557369155
71	193	0.21095441234466436
71	55	0.21067730091123305
71	44	0.20532916992926104
71	35	0.20475439522824093
71	95	0.20043910790382624
71	79	0.19874922297451966
71	109	0.19767322531235584
71	176	0.19651022810075786
71	87	0.18890364618129987
71	6	0.187562896572708
71	156	0.17259489159979666
71	115	0.17215826276578414
71	196	0.17095475816259958
71	194	0.1694982240468514
71	85	0.16892511729270387
71	78	0.16662182907563652
71	191	0.15933080986978362
71	52	0.1578587901595781
71	105	0.1506055675164387
71	43	0.14927614360899466
71	92	0.14775055163335438
71	76	0.14688965051924785
71	147	0.14677223763853456
71	82	0.13369477994299292
71	59	0.13163173977627518
71	69	0.13123864986596304
71	90	0.12176283008168705
71	161	0.11958501345862366
71	8	0.11955544236980804
71	15	0.1150976704269124
71	31	0.11342973580705044
71	86	0.11059574729729983
71	0	0.10946954961314476
71	187	0.1068011230686875
71	195	0.10031149593466493
71	188	0.09869367415439544
71	102	0.09607276904648226
71	135	0.09532567447199752
177	198	0.7268657720236229
177	97	0.698748085886839
177	178	0.6172436798257211
177	81	0.6019119654327777
177	70	0.5772842997795402
177	96	0.5115744447702407
177	72	0.5026008637746626
177	11	0.4758842407939317
177	80	0.4716031295812016
177	60	0.4527548279081026
177	183	0.4521901872191624
177	98	0.43001900695295797
177	181	0.4137853449843819
177	112	0.4105063149517977
177	167	0.4068495312279888
177	199	0.39395243651374495
177	190	0.3918637486874533
177	192	0.39039841071286013
177	89	0.3821543435645796
177	197	0.376486886129563
177	83	0.3749495706088334
177	91	0.3485216358032069
177	173	0.3472735025495539
177	194	0.3300728415253042
177	193	0.32287196185947004
177	179	0.3168934749318921
177	88	0.3043438974213453
177	185	0.29432965309719444
177	79	0.2941743724196577
177	45	0.28612443823551553
177	180	0.27636299040856144
177	196	0.2719052216136006
177	61	0.2545854632338524
177	160	0.2532663780008226
177	189	0.2513000371767779
177	195	0.2330289849853892
177	87	0.2324331081645254
177	12	0.2316856509386336
177	95	0.2248039005091053
177	68	0.22415816691720708
177	55	0.2223338580230288
177	109	0.21967061758748727
177	90	0.21943266831988675
177	66	0.2165657169735279
177	78	0.2151165301252756
177	156	0.21078241613305293
177	92	0.20373861496819048
177	18	0.19929664518481188
177	165	0.1982208909642242
177	115	0.19509658667688545
177	116	0.19399011099443644
177	191	0.1931912172420001
177	59	0.1923920672453684
177	35	0.18711904103511115
177	170	0.1839422913529104
177	176	0.1806843072725396
177	166	0.1685753688888394
177	15	0.1680409491034677
177	54	0.16797292494666005
177	93	0.16143524792196987
177	187	0.15154365684255308
177	31	0.1474277398799372
177	76	0.14509865620688325
177	105	0.1440803986811228
177	118	0.1418078043604315
177	7	0.14071995506573307
177	69	0.13861189505213434
177	74	0.1350793152724059
177	135	0.13451967270342444
177	6	0.13255533792388202
177	161	0.13000997842344278
177	186	0.12774818205004385
177	106	0.12567205986693247
177	52	0.11816536280124737
177	44	0.11372586582969192
177	82	0.10921265803866016
177	126	0.107325047928735
177	43	0.1041608317412808
177	175	0.10018280236867033
177	164	0.09877289429343887
177	85	0.09661865437689966
177	63	0.09640961983819447
177	103	0.0942196983479693
70	11	0.5295215149461756
70	98	0.5386912720356891
70	199	0.52387816084168
70	35	0.5184151611312847
70	176	0.4742581963878457
70	80	0.4452900730401447
70	198	0.4159626663226173
70	183	0.41574762955551453
70	38	0.4081504830736308
70	45	0.3986980930533545
70	60	0.3629940195559282
70	66	0.3570231504795553
70	89	0.3537117800189953
70	91	0.3444298571407793
70	179	0.3386439258516493
70	44	0.33686322238477
70	112	0.3351688750336703
70	178	0.3333301419695384
70	173	0.31080839612938593
70	81	0.30805947691218993
70	72	0.2996545208481613
70	180	0.291431575750742
70	97	0.2700613519201382
70	61	0.2638574456234346
70	18	0.2636713599562202
70	47	0.2407216394420421
70	170	0.2392043472298621
70	52	0.23269796387852165
70	43	0.23069177167583546
70	192	0.2270244722468385
70	12	0.22071728355314266
70	156	0.216746798385448
70	105	0.20616234162509725
70	164	0.19570253263216286
70	59	0.1928446293769004
70	116	0.189559296339515
70	189	0.18668476058744474
70	153	0.1852849168805068
70	118	0.18358478590150973
70	115	0.18353647062673328
70	46	0.18079071400716898
70	17	0.17533924095327608
70	109	0.17107124870876622
70	82	0.16915825926931846
70	68	0.16729259549639172
70	175	0.16648571269808088
70	166	0.15642509001319851
70	96	0.15622997767346405
70	182	0.15502000957167955
70	171	0.14059252700908173
70	14	0.1399945332162202
70	69	0.13851381501870033
70	174	0.13709135013218465
70	149	0.13563887166843766
70	83	0.12886941393430498
70	0	0.12650854586436167
70	37	0.126390464601795
70	165	0.11890482483877385
70	154	0.10739424110217684
70	151	0.10696918091419713
70	8	0.1058816400323775
70	184	0.105426774933984
70	92	0.10470483330803873
70	181	0.1037552627301362
70	197	0.0959251422008856
70	140	0.09335933374225484
198	96	0.779344960294766
198	197	0.6793683330103502
198	181	0.6664282895029039
198	97	0.6712803421788631
198	81	0.6231693427832107
198	199	0.5269693328692693
198	78	0.5176103322040491
198	112	0.5168852021109134
198	98	0.5065514827560381
198	160	0.5060011564271786
198	190	0.5031313229768885
198	80	0.4829465325163833
198	11	0.4601014708697919
198	195	0.4491141105724305
198	79	0.4386678248948535
198	185	0.4262376680561629
198	167	0.42431268801879823
198	196	0.4131884444401051
198	72	0.3712050410201357
198	135	0.3662368022204969
198	178	0.3640701464499107
198	183	0.3562026929724025
198	193	0.3539829655474078
198	95	0.3536242881269281
198	83	0.3229077915445647
198	7	0.321402148834644
198	158	0.30986855860792895
198	170	0.3074891537047869
198	194	0.2939916693850613
198	61	0.28040354452012795
198	93	0.27985062725116844
198	166	0.2770740290524668
198	55	0.2678349526814134
198	88	0.2434987159264162
198	63	0.2362606822781749
198	60	0.2265786485617788
198	191	0.2108206386416892
198	161	0.20485020083002325
198	192	0.20288540386961826
198	176	0.1985859326720608
198	156	0.1958467834743509
198	85	0.19365325939424075
198	57	0.189559296339515
198	90	0.18759184101462706
198	87	0.1847440859008978
198	115	0.17695742338986195
198	74	0.16671905117198765
198	173	0.165240926502272
198	109	0.16447239694344318
198	92	0.1637231316021581
198	106	0.1621850873336437
198	19	0.1606754802511224
198	31	0.15384862967319524
198	162	0.1491588155118896
198	15	0.1392199305004194
198	18	0.1376015408160739
198	118	0.13438220349132693
198	89	0.12431362012249016
198	187	0.12297441180442342
198	114	0.12181208847241445
198	54	0.12155593829369092
198	175	0.12036364228329482
198	99	0.1168438648350982
198	126	0.11453518464560235
198	12	0.1111883690497257
198	21	0.10922253875382207
198	180	0.1022612851868414
198	179	0.09922442515039492
198	68	0.0966919630504613
198	52	0.0935853416874848
97	81	0.5636522388613805
97	178	0.5496990874172465
97	96	0.5485606039448372
97	79	0.465781932626893
97	72	0.4490662114908177
97	190	0.4317209996624895
97	195	0.421866124645959
97	80	0.4212329567856842
97	83	0.4175657023303176
97	88	0.41030673899741177
97	98	0.3891008253714289
97	78	0.3826751365109729
97	11	0.3747432929736232
97	197	0.3648939415608801
97	90	0.3644864510728403
97	112	0.3561590362128302
97	93	0.3534580364847703
97	181	0.3510843358974842
97	194	0.33950240426819506
97	193	0.3261912168575761
97	60	0.32322126179942484
97	167	0.3217428534573448
97	55	0.309235634391516
97	156	0.2868495990871444
97	95	0.28610607547432043
97	91	0.27938050154431376
97	196	0.2635410883102736
97	183	0.26041169413590604
97	160	0.2594326317514174
97	185	0.2562680256114633
97	54	0.2521991943403197
97	173	0.24858120334893594
97	89	0.2460839263293388
97	7	0.2433952352338302
97	161	0.24231306023182864
97	63	0.24224716920763945
97	87	0.2340311763996943
97	52	0.22812439556169584
97	199	0.2271098318925326
97	68	0.2267399149082311
97	126	0.22371173595202426
97	158	0.2140099336278488
97	92	0.21067730091123305
97	192	0.20559734968497045
97	85	0.1768024292315567
97	21	0.17621143361666822
97	69	0.17410801213292354
97	106	0.1726822092335144
97	180	0.16318782634821768
97	12	0.161211233716281
97	191	0.1604514097947584
97	31	0.14352218561979976
97	57	0.14125902213159133
97	165	0.13989649169095233
97	45	0.13771926676951188
97	61	0.13223112215620794
97	135	0.12987234228240052
97	179	0.12628222029776595
97	6	0.12410686004187085
97	166	0.12323047170801213
97	103	0.12026508983804858
97	162	0.1179878723775185
97	109	0.11722852281646287
97	124	0.11470295126495675
97	58	0.11248198454791834
97	19	0.10636612150610228
97	99	0.10538721935939137
97	101	0.09396695600570112
178	72	0.6953755881530416
178	179	0.4701165945422329
178	89	0.4698439030488514
178	173	0.40769200294823255
178	91	0.3674051491733402
178	45	0.3654226037938258
178	192	0.3509615862944492
178	164	0.327986172161005
178	165	0.3180714331202102
178	183	0.31151287574903497
178	67	0.30969679201672
178	68	0.30619379090332666
178	69	0.2616324403249945
178	59	0.25680051399019793
178	80	0.2560624621515336
178	180	0.25277030770402936
178	82	0.2510095915891883
178	42	0.24609332073323234
178	194	0.24539801006043566
178	60	0.2432447079715813
178	172	0.2409948157609114
178	18	0.2358546432701436
178	35	0.2337948552258688
178	156	0.22679682947453375
178	81	0.2245190423445884
178	43	0.22441458473325146
178	116	0.21854726803661434
178	44	0.21818538790580472
178	11	0.2169088059547178
178	195	0.20801914101204613
178	174	0.20509927702110786
178	105	0.20222371346007487
178	90	0.2013123883660357
178	79	0.1980959956443457
178	199	0.19245947530791624
178	12	0.1847827204002864
178	166	0.1835944488500336
178	112	0.18265697790702756
178	98	0.18214461104662594
178	83	0.18117761189460788
178	175	0.1734776447228172
178	66	0.1703916531987844
178	52	0.1694302343156296
178	88	0.1694302343156296
178	171	0.16802151379336328
178	189	0.16788546296600054
178	61	0.16718567207857427
178	106	0.16144498729285406
178	33	0.1598570559353723
178	96	0.15797579761482214
178	151	0.1544538968330076
178	103	0.14911970521265444
178	161	0.14762338712086528
178	19	0.1460187400403047
178	92	0.14409998344145886
178	181	0.14311081226614467
178	6	0.1311108867527316
178	196	0.1259181037649379
178	149	0.121703719221115
178	115	0.11476216145136894
178	153	0.11474242481314526
178	17	0.11377521887038698
178	49	0.11124762688312298
178	197	0.10832330552729708
178	64	0.10682089489685404
178	15	0.10534766345130513
178	152	0.10495208605521868
178	46	0.1026669806325808
178	182	0.10250866451474368
178	54	0.0988055722361197
178	191	0.09868872285415878
178	14	0.09836291657110552
129	126	0.5609169017197078
129	127	0.5322218480443455
129	21	0.4546369857402723
129	143	0.4375284464591517
129	26	0.4194134020999144
129	130	0.41266586503235547
129	157	0.3478625641492018
129	94	0.3167675283515076
129	93	0.30955213078625304
129	123	0.284167625748663
129	20	0.2726088874053642
129	124	0.2679184944668319
129	90	0.26580086370154765
129	40	0.2634387252728061
129	52	0.2554643277210377
129	39	0.249594194975722
129	27	0.2359207482597612
129	144	0.22602835227867096
129	196	0.21580310557964627
129	145	0.2111072869011758
129	24	0.19955590705635493
129	41	0.19923902764506896
129	56	0.19480798859763326
129	156	0.1912362185978896
129	10	0.18722518736095614
129	19	0.18627936632922226
129	161	0.18514006243075495
129	25	0.18161280498679871
129	180	0.17909737923615188
129	194	0.17848751830429194
129	163	0.1774029826820653
129	142	0.15753699680916736
129	117	0.1561129044158946
129	195	0.14992137292360688
129	147	0.140180804550182
129	85	0.13943565980790806
129	23	0.13762116207839228
129	190	0.1376015408160739
129	63	0.13254551362003586
129	7	0.1258688962236157
129	138	0.11847102304831587
129	158	0.11818508349357935
129	0	0.11763286892354795
129	193	0.11653808604060907
129	9	0.1091928965435922
129	92	0.10866918552128904
129	12	0.10197430932182523
129	81	0.0985887055434361
129	55	0.09837777142023656
129	96	0.0966652154127026
129	16	0.09504028369628184
143	39	0.7598330671024109
143	130	0.6774034932826274
143	127	0.6204399049183922
143	142	0.616382517296626
143	24	0.5331243346392895
143	26	0.5176762162936251
143	138	0.4983135005250602
143	40	0.4585234075623711
143	141	0.4097660234180959
143	36	0.3859309594567226
143	27	0.3734618228687734
143	144	0.3708773562227157
143	140	0.3595334616438157
143	21	0.34748454122381106
143	139	0.34021000242621685
143	41	0.3397589530563871
143	123	0.3224060917628892
143	34	0.3217518182438634
143	137	0.3074348256773141
143	37	0.2872992173351577
143	22	0.27028383354366925
143	145	0.26260098684130145
143	136	0.2603184731336771
143	10	0.2582290534444216
143	25	0.23728957407633056
143	32	0.2328209208737784
143	126	0.20351815180854316
143	52	0.19645254439688567
143	73	0.1939708635630261
143	38	0.1908700890996641
143	23	0.18717693957287546
143	114	0.16807981933175234
143	157	0.13724833964121544
143	107	0.13230972251899384
143	158	0.13052115447008106
143	33	0.12926275070735613
143	104	0.12742355384385462
143	134	0.1230925953351151
143	94	0.11535421840066043
143	113	0.11532461749610272
143	156	0.11217589606561984
143	56	0.10745354870856663
143	16	0.1010241994117404
143	149	0.09837381013142142
143	63	0.097004999085245
21	52	0.486397093030831
21	156	0.4699296157563749
21	126	0.4452018798780373
21	123	0.4288363990953711
21	26	0.40854211211439856
21	127	0.3869517549722689
21	23	0.3790929985319365
21	20	0.35835739835078595
21	144	0.3359941430513272
21	195	0.33486703562789105
21	25	0.3184129474400157
21	145	0.3122982376686547
21	93	0.3108806661835322
21	124	0.30677367421982765
21	40	0.2894629498678085
21	138	0.28314693809223995
21	180	0.28292616441899754
21	194	0.282070383400974
21	130	0.28150882070422845
21	90	0.272729222111412
21	19	0.2583317154810276
21	196	0.2571834355849778
21	69	0.2569966546439833
21	157	0.25292943908363186
21	142	0.23762927475987294
21	39	0.231060983148765
21	27	0.2150783808018952
21	140	0.21139389885484106
21	91	0.18517869107095736
21	33	0.1818738867112401
21	22	0.18010383250392445
21	36	0.1715662801363796
21	92	0.17029455487618173
21	175	0.16772024979219555
21	41	0.164365370636188
21	158	0.16402480664944286
21	57	0.16216561335052956
21	24	0.1582877957991185
21	73	0.15826829683791815
21	34	0.15537133871659273
21	16	0.15209074968787106
21	190	0.15182698439384795
21	162	0.1485818913351937
21	165	0.1483569612654764
21	56	0.1367086593657151
21	32	0.13365549470469196
21	166	0.13340013042215676
21	139	0.13263393141686647
21	163	0.13198548530853307
21	137	0.12852521098737546
21	54	0.12454990413808086
21	161	0.1231418374426558
21	141	0.12093519962256224
21	199	0.12025523446311465
21	74	0.11631120362217247
21	81	0.10537733041363004
21	96	0.10506087315542187
21	55	0.10289455093780826
21	94	0.10037089183333517
21	193	0.09787961493897698
21	62	0.09569329018295496
96	81	0.6261816452900454
96	78	0.5912007517458319
96	190	0.5828181636686219
96	197	0.6627265476825942
96	55	0.5196425837789409
96	63	0.5032060051063316
96	85	0.5016211352678939
96	181	0.5015462938902765
96	160	0.4843561216042608
96	158	0.4780163892924279
96	193	0.4646457476349338
96	88	0.463248888104402
96	98	0.4291709409870446
96	95	0.3915674530810619
96	185	0.38780169414282617
96	167	0.3862798377243332
96	112	0.38270074300919305
96	83	0.3675348940404816
96	7	0.3466401755014598
96	80	0.3448792758747574
96	79	0.3436099224275058
96	74	0.3401215737026531
96	87	0.3384225770437825
96	11	0.3383251717005888
96	195	0.3354528963456093
96	93	0.30850290862681834
96	57	0.2745886940018213
96	73	0.26465739005852235
96	199	0.26253581279285443
96	135	0.2569032569720555
96	90	0.2530604781805037
96	191	0.24943477874763376
96	196	0.22119287296847875
96	56	0.20893741626736906
96	76	0.2057218512215092
96	161	0.2003719192697483
96	31	0.18688743388693652
96	126	0.18388432079917869
96	72	0.17700585726480028
96	118	0.1623603474948661
96	194	0.1473299119318566
96	54	0.14489307120578973
96	115	0.1350400449170989
96	58	0.12717760520458468
96	6	0.1271677669335056
96	170	0.12517992571750314
96	192	0.11256097166123184
96	123	0.11093157597377436
96	162	0.106860438299727
96	117	0.1030330667211448
96	109	0.10234044794941384
96	106	0.094345569417484
81	60	0.6012866488289759
81	181	0.5722419024647475
81	190	0.5355107763852156
81	63	0.4922988214950063
81	88	0.4595968060852471
81	167	0.4582785483171067
81	85	0.4571481357807986
81	98	0.449225865057224
81	83	0.4463877546642447
81	55	0.43051607753266063
81	160	0.4232954044576953
81	92	0.4168801846274129
81	61	0.4153670660039767
81	74	0.4072082920297056
81	79	0.3992110025438181
81	196	0.39526107866499227
81	183	0.3860075519526765
81	80	0.3791871863387345
81	197	0.3753104671382432
81	90	0.3722047699989022
81	185	0.3688920312364403
81	11	0.3657431529775442
81	93	0.34354818568718704
81	112	0.3402453722310416
81	194	0.3383163163098471
81	87	0.3346983307231104
81	170	0.3312663225090274
81	193	0.3252973262862414
81	78	0.3205589957320337
81	199	0.30869290976531305
81	31	0.3024099383450836
81	195	0.300118655532841
81	91	0.2854816166275386
81	191	0.2844709493843396
81	158	0.2643132724847414
81	95	0.24438277918667925
81	7	0.24256719038213564
81	161	0.24079700223794925
81	86	0.2284182421425215
81	189	0.2239207153364252
81	192	0.2176519815114916
81	76	0.21623210694859615
81	72	0.2108015274679447
81	66	0.20375778470161104
81	180	0.19602948904062234
81	173	0.19162156058427884
81	187	0.18704184096246898
81	115	0.18662685101085427
81	126	0.18302427423823828
81	89	0.1823283011220923
81	54	0.1803263626821258
81	8	0.17747077881276954
81	166	0.17529077772091206
81	118	0.16255506899277206
81	169	0.1534873668034712
81	105	0.14333609428484975
81	6	0.1359431555140607
81	135	0.1334983495521052
81	12	0.13211321849426988
81	65	0.12462866233887708
81	184	0.12458928343472753
81	15	0.12013696811559454
81	156	0.1139331448260811
81	116	0.10929170315549927
81	82	0.09769440308946988
81	162	0.09430295199133552
78	7	0.6108774572225352
78	135	0.5687748838602065
78	79	0.5444860013324322
78	197	0.5445844887234974
78	80	0.5033254808805917
78	112	0.4940016266796039
78	181	0.4918744250912557
78	195	0.4582232478891364
78	185	0.4342479475061545
78	98	0.4309803174276043
78	93	0.4137936327669707
78	11	0.40335551047909857
78	160	0.3895504908880353
78	57	0.38825189478711947
78	167	0.3672234823336553
78	95	0.3660289750120061
78	158	0.356988248602342
78	190	0.3546388133503005
78	56	0.3486094860080821
78	162	0.3420214636865315
78	99	0.3246086340493241
78	106	0.3236241907735464
78	193	0.3020919128169249
78	73	0.3019010652124874
78	63	0.2882897654921217
78	199	0.28073520561297904
78	85	0.2780892721963933
78	55	0.2652524613218384
78	31	0.26435977879479033
78	161	0.26276856624822625
78	196	0.2625171911961401
78	88	0.24760521570338603
78	163	0.2319032933417371
78	74	0.2271857042038036
78	9	0.22460450382542813
78	68	0.2244525699160204
78	64	0.2143247972966566
78	30	0.2119288105427024
78	90	0.2110499601523139
78	87	0.2058750747399624
78	101	0.2055111524145472
78	77	0.1958083174115371
78	114	0.1942595593460207
78	109	0.18840215295039428
78	126	0.18438668972687192
78	194	0.1832562245527852
78	191	0.17427285394030698
78	110	0.17409831525203973
78	15	0.16633986668086287
78	115	0.16234087464928507
78	75	0.1583267933511323
78	103	0.1563080240733687
78	54	0.15380957620891733
78	108	0.15031235888866953
78	72	0.14999957387207585
78	117	0.1488068060319904
78	0	0.1354327293594134
78	187	0.12641998525336598
78	12	0.1260657226703185
78	83	0.12423485564943025
78	58	0.1166169988146934
78	120	0.11465360882036313
78	16	0.11167228484797836
78	182	0.10881741175525143
78	118	0.10869883115487668
78	76	0.10862965770916716
78	100	0.10550588508219916
78	61	0.09739428610627794
190	83	0.7278923758801835
190	55	0.6823455225739637
190	193	0.6572631885188455
190	185	0.5386131881205829
190	191	0.6250861979801469
190	160	0.5760962780131452
190	87	0.5754745999532405
190	158	0.5725915187860119
190	63	0.5399251865955289
190	88	0.53563201414237
190	167	0.5129095148777734
190	181	0.5111682701543904
190	85	0.4809273867942018
190	197	0.4660402984777151
190	74	0.433249357312074
190	76	0.3834004261974305
190	73	0.3266558096425595
190	196	0.3239285481829653
190	7	0.3173431929008433
190	195	0.3108987331354244
190	79	0.2927030039041599
190	192	0.29167862456722266
190	187	0.2706267694929542
190	161	0.26313160057158785
190	57	0.25198381087035804
190	95	0.2414845535235173
190	54	0.2405426411697943
190	93	0.23742168679873624
190	170	0.23574131535274795
190	58	0.21647993636569607
190	135	0.21573636454017708
190	80	0.21410535156032304
190	112	0.2103619260220014
190	162	0.20508969765859536
190	90	0.2048693614794238
190	31	0.2034510502273736
190	194	0.2017057399396506
190	11	0.1789425069389177
190	106	0.17255608289175428
190	15	0.17101300403332484
190	126	0.16862394759659047
190	109	0.16735091570217894
190	75	0.16654404906572862
190	117	0.1624479737347776
190	173	0.1618734884533554
190	77	0.15285261650751608
190	115	0.15047851369440846
190	188	0.1450105498823543
190	8	0.13645350950931567
190	107	0.13447057715036673
190	110	0.1302557447816805
190	60	0.1296265510134717
190	56	0.12180223684226328
190	16	0.11925971982324785
190	183	0.11768217675890325
190	72	0.11544301988488108
190	6	0.10831342285597736
190	98	0.10807623232612808
190	103	0.10609916855899396
190	101	0.10256803366794323
190	147	0.10207326843639043
190	184	0.09636206576927714
190	189	0.0938271991551649
190	3	0.09346044375061867
197	95	0.5851114271961442
197	181	0.5522063062965761
197	112	0.4862749366663706
197	160	0.4858014012153235
197	79	0.4337528448999636
197	7	0.4183744972074472
197	135	0.40462743226871456
197	185	0.3800345228826807
197	158	0.3768901958182348
197	106	0.36176049037523933
197	167	0.35835739835078595
197	109	0.3525739030656934
197	11	0.3457600301123611
197	195	0.3423657960533077
197	57	0.3251363641661693
197	85	0.32277342545366977
197	9	0.31838598878665725
197	55	0.3115670523200625
197	196	0.29474974641588186
197	63	0.2830641514797632
197	99	0.2804772527747039
197	199	0.27216450078113275
197	117	0.2673057612194922
197	83	0.2443075555515919
197	80	0.2405332197547543
197	162	0.2342485674582641
197	191	0.2273848558972674
197	56	0.22380672913251845
197	108	0.22357873835916844
197	93	0.22271405125305144
197	120	0.2224099020827392
197	31	0.22223879914430728
197	193	0.21878531429847345
197	163	0.21617491158606086
197	98	0.20879395999902514
197	115	0.20610489108918414
197	30	0.1879295020863921
197	161	0.18675232012048246
197	87	0.1864338097243943
197	103	0.16425834045875076
197	101	0.1638691072265521
197	187	0.15484433028809827
197	73	0.15248147325839992
197	194	0.15006799816245978
197	72	0.14787771126089433
197	74	0.14725164749780414
197	15	0.1460676736093809
197	90	0.14446228113036808
197	5	0.14309122182416698
197	110	0.1407493608784121
197	114	0.14037686891908271
197	88	0.14031805076367046
197	166	0.13198548530853307
197	58	0.13030489613357482
197	19	0.12998048538625465
197	118	0.12792524044908854
197	121	0.11461413445734965
197	77	0.11252147828233004
197	54	0.11095132981365427
197	170	0.10861977570245808
197	61	0.10446745849207492
197	0	0.10088562627719347
181	160	0.6135345648761859
181	196	0.5841636210176818
181	135	0.540704052571261
181	79	0.5044073525661096
181	112	0.4959042793000285
181	167	0.4936764938057701
181	170	0.4936235521299698
181	166	0.4916469736698357
181	195	0.4781475336903719
181	185	0.4618261218498844
181	183	0.4582943477877365
181	199	0.4579783033517265
181	61	0.4559053503630996
181	7	0.4369137298384494
181	158	0.39633212666601386
181	114	0.3910593288052671
181	11	0.3452933061267417
181	194	0.33887408885698983
181	98	0.3377051497087907
181	95	0.3346450510315723
181	92	0.3320139349035896
181	31	0.32243297313223945
181	80	0.3126050448152745
181	191	0.3048156576105031
181	74	0.2980790472898826
181	175	0.2971585100957352
181	193	0.29269386062788244
181	63	0.2825305366142353
181	93	0.2819783371750485
181	169	0.271192000415706
181	182	0.2648433715049472
181	57	0.24120202750116904
181	85	0.239317477735594
181	162	0.23297224234256705
181	72	0.22920478768150934
181	60	0.2273374405518649
181	55	0.21607004956810866
181	83	0.21586984460273664
181	65	0.2004487061262276
181	172	0.19958471220709792
181	15	0.1902533299326952
181	161	0.18126465619559515
181	99	0.179484521132565
181	90	0.17873922359130512
181	165	0.1698478600239195
181	118	0.16498801482880332
181	115	0.1590676528582259
181	16	0.15778078272642224
181	117	0.15407317776136412
181	87	0.14729077994538298
181	187	0.14367888624121766
181	30	0.1424936595493113
181	106	0.1424446744224992
181	9	0.14162162014236238
181	110	0.1360609359271387
181	108	0.12574095371809352
181	54	0.12018624617499228
181	189	0.11969343896862025
181	174	0.11354819023753547
181	109	0.10493230631251016
181	88	0.09973729878168353
52	156	0.7673291628971807
52	124	0.4965148378619056
52	38	0.4741574298845885
52	43	0.4154911788002626
52	20	0.3873428087740564
52	35	0.3854287213519768
52	144	0.3673878487770903
52	45	0.3658817419776531
52	145	0.3622557919168309
52	180	0.3587408330561305
52	19	0.3571540236403649
52	91	0.34988262513276336
52	157	0.33635780718714425
52	142	0.3216352715198649
52	123	0.3172622541925678
52	165	0.3099589539541988
52	40	0.3009464644243939
52	113	0.3007281851687639
52	175	0.2870147796719539
52	44	0.28167454780587897
52	98	0.2799796579027221
52	182	0.2786058848500514
52	195	0.26237752298874284
52	62	0.26092432282449457
52	12	0.25969376729409344
52	127	0.25882627802542063
52	33	0.2553801993690499
52	199	0.2541084563579364
52	69	0.2515998045136729
52	126	0.24764276299777604
52	0	0.24631877255177664
52	174	0.2418235307158288
52	183	0.2381104178951401
52	80	0.22644583165331764
52	140	0.2208314345948707
52	137	0.21492577694529308
52	138	0.21473500736549572
52	34	0.21157540096036392
52	164	0.20495558245845316
52	139	0.1948560906214391
52	93	0.19277723170077646
52	41	0.1903111574927396
52	179	0.1829469529370661
52	194	0.1810228594622286
52	16	0.18043278363506254
52	121	0.17787752020279485
52	5	0.17773226238999834
52	26	0.17548462555102926
52	89	0.17295384673175784
52	148	0.1724978688252172
52	118	0.16711762785579046
52	79	0.16688432129512626
52	60	0.16664127375415727
52	173	0.1589604342596076
52	103	0.15778078272642224
52	161	0.14824938058694778
52	149	0.14535317265814085
52	116	0.14315978788042746
52	23	0.14057292227913182
52	112	0.1394160485992852
52	196	0.13881785426987878
52	68	0.13778793844563006
52	61	0.1349320492528336
52	11	0.1344607579605243
52	106	0.13308581160556568
52	166	0.13293846544020574
52	162	0.12822031965566946
52	72	0.12715792863740422
52	32	0.12634126301838255
52	151	0.1120870276775088
52	3	0.10874824011450596
52	18	0.10043028701661537
52	92	0.099652153539042
52	176	0.09706047182553212
52	27	0.09607475058614763
52	49	0.0954812454859016
156	124	0.4912980844939932
156	165	0.4521742765945802
156	145	0.42778304881516427
156	38	0.4272191513112863
156	180	0.42165237367251096
156	144	0.4175079059191495
156	175	0.3890753670578302
156	91	0.3858969166394324
156	35	0.3848069918992209
156	183	0.3797007996703744
156	182	0.3687365155513182
156	142	0.3664445928974929
156	199	0.3569533457283495
156	174	0.34275416321539165
156	113	0.3353463954964782
156	43	0.33491142808799795
156	179	0.3310259301053496
156	164	0.3180175022572369
156	45	0.3179186236631638
156	140	0.3045525790123262
156	194	0.3019283306379401
156	195	0.3015283882474272
156	20	0.2987804707987328
156	173	0.29646546412823715
156	0	0.28242931405426563
156	62	0.27454246331468235
156	98	0.2733862840966993
156	19	0.2635224772902853
156	123	0.2583597132057814
156	12	0.2580423802548309
156	60	0.2493222415047516
156	137	0.2459523998207114
156	139	0.2391194950881371
156	69	0.2363173323284567
156	112	0.2339461039612971
156	196	0.2335963240887293
156	166	0.2335490518987696
156	157	0.2256582443102799
156	80	0.2249653030843564
156	126	0.22371173595202426
156	89	0.20367151967103286
156	11	0.18603803009583994
156	176	0.183178910046988
156	138	0.18259897908575845
156	103	0.18179653183475208
156	61	0.17655054502419554
156	93	0.1735940309602231
156	161	0.17118773447226712
156	72	0.16972160751536944
156	33	0.1635576838937067
156	127	0.16329489509649756
156	172	0.1613573318230054
156	5	0.1549419310998175
156	121	0.1535654811743976
156	68	0.1534971312047661
156	44	0.14822982008653066
156	40	0.1455097886072961
156	111	0.1438355796581386
156	79	0.136522205483819
156	92	0.13261428319994392
156	106	0.12820064841423448
156	114	0.12661678387235206
156	148	0.12376223596581708
156	162	0.12350621017681525
156	90	0.12324031983838435
156	118	0.12160519920194535
156	149	0.11861891511157276
156	34	0.11331127815182042
156	6	0.11287690587950268
156	13	0.11009195694912603
156	151	0.10622770337103916
156	16	0.10473450432176533
156	168	0.09810344480917334
156	32	0.09622930833263348
11	112	0.7655551347882272
11	80	0.5222219276232273
11	12	0.4989146076891276
11	109	0.4831228683350443
11	98	0.4796426123463826
11	79	0.4057390813069376
11	9	0.4041924769372429
11	199	0.36024725431107113
11	106	0.3107451568837563
11	108	0.3097600767974711
11	135	0.30029153214349075
11	0	0.2942565817723611
11	95	0.2894079762410656
11	183	0.2744499981328449
11	38	0.2709418392818205
11	192	0.25962848696719143
11	89	0.2568378757462378
11	103	0.25566995851582464
11	45	0.2519557155332076
11	68	0.247267256596452
11	182	0.24512545452471535
11	118	0.243414050317427
11	72	0.2393363321882445
11	115	0.2378368410173949
11	60	0.2371291396842107
11	6	0.2365439164615503
11	185	0.2208314345948707
11	7	0.2185663126952013
11	3	0.21415305899448409
11	187	0.20861223582642813
11	179	0.20672719613548385
11	170	0.20544410788853254
11	83	0.19651984191916788
11	176	0.1952408730516165
11	18	0.19359550881838725
11	167	0.19341262314547408
11	5	0.19176604860677
11	189	0.1897617424050429
11	66	0.1886818440035201
11	93	0.1852752601676189
11	116	0.18492759468559636
11	43	0.1842128036787836
11	110	0.17720927017526578
11	153	0.1765989860917929
11	168	0.17040136284908486
11	195	0.1687793939556349
11	193	0.16777856140039188
11	91	0.1608995341468897
11	173	0.15724442836244718
11	61	0.15672749000887465
11	82	0.15649337644875214
11	105	0.15249124073750914
11	196	0.1501950680302288
11	111	0.14922725741251075
11	101	0.14497139077761895
11	188	0.14184699975994694
11	85	0.14068074692928945
11	44	0.12510117853016994
11	87	0.12067899415628
11	164	0.11800759390821725
11	35	0.11707071866219568
11	149	0.11089206803107024
11	46	0.10946954961314476
11	59	0.09520279980624406
11	99	0.09436836464302677
11	160	0.0940482313365856
11	88	0.0937984543797145
112	12	0.555077308725891
112	109	0.5148376598139623
112	9	0.4911463443476533
112	79	0.4881129025674242
112	80	0.4665724381360299
112	135	0.4419246204036883
112	98	0.4350509164759596
112	199	0.42120005371946295
112	108	0.4165744394441789
112	95	0.3897879750946576
112	106	0.3883283255581753
112	0	0.3666177238786694
112	7	0.310013188472317
112	182	0.29150477945480857
112	103	0.28646411139832423
112	195	0.2775171204808201
112	118	0.2675007452736541
112	185	0.2616138092581839
112	196	0.2608963650507243
112	115	0.2595072457794397
112	101	0.2581357192589771
112	68	0.2490877672897545
112	38	0.2488438831267355
112	170	0.2469292373164849
112	61	0.24567052680585755
112	72	0.2442887491833376
112	183	0.23764814531674205
112	110	0.23388938701201614
112	6	0.2291005638860011
112	187	0.22632249412611505
112	93	0.22039382277240388
112	5	0.21842347369826048
112	3	0.2120434179690298
112	114	0.21178554306251154
112	160	0.20531959151027426
112	167	0.20356608033888116
112	176	0.20240593651466166
112	116	0.18598010605826354
112	45	0.18598010605826354
112	193	0.18520766217557494
112	43	0.17886506746416897
112	168	0.17856496857467893
112	18	0.1778581529421413
112	189	0.17678305434502842
112	99	0.17437951108221966
112	192	0.17254638063103014
112	117	0.17132362848084431
112	111	0.1690319763801649
112	60	0.16771053107671752
112	85	0.16538682720029413
112	188	0.15186606209917752
112	153	0.1471440308903447
112	166	0.14569576057478706
112	121	0.14527486195127529
112	16	0.1423858913492859
112	175	0.13815089528405658
112	147	0.13393048254493348
112	66	0.13311528013290402
112	89	0.13035404684500712
112	179	0.1300787946154407
112	120	0.12952823004357136
112	15	0.12834818026513808
112	163	0.11662686280794585
112	172	0.11651835761713945
112	67	0.11192903500571216
112	92	0.11158340631787243
112	83	0.10969678766381173
112	191	0.1086593036004696
112	65	0.10863953969440672
112	17	0.10802681608273287
112	148	0.10584208830175436
112	113	0.09992540518432133
112	165	0.09719221716626866
112	105	0.09656713954667427
112	194	0.09614410399457753
112	87	0.09457748143912748
112	64	0.0933484296066744
12	111	0.4931317761475849
12	9	0.5243423582117279
12	103	0.4648887849620612
12	3	0.4607161293335065
12	6	0.4542323062867015
12	0	0.4480197716988463
12	109	0.4310373136256339
12	108	0.3933862701698107
12	188	0.38045367593883933
12	45	0.3439450129020798
12	124	0.34079348104982604
12	116	0.339812025805636
12	147	0.3332323603728318
12	106	0.32385694070380777
12	105	0.3230600573794549
12	153	0.319410055260681
12	187	0.3140659941822544
12	43	0.3076973925706221
12	1	0.3027278965585135
12	82	0.2785966610367444
12	80	0.2746719060396004
12	91	0.2712105294131834
12	84	0.2654569704332869
12	115	0.2638574456234346
12	68	0.2570900475154566
12	46	0.2531821490283773
12	14	0.2521711022607929
12	189	0.25178713459240665
12	89	0.2505316634143867
12	66	0.2498192301482881
12	113	0.2368554276357813
12	13	0.23663831892576126
12	157	0.22991526428879294
12	102	0.22724260662743856
12	192	0.22424364297302066
12	168	0.22124993663386255
12	101	0.21733759182888504
12	5	0.2103236957859312
12	60	0.20930079855801034
12	17	0.2075407272738202
12	47	0.20520464741495206
12	121	0.2030771635885912
12	173	0.2014850873042244
12	44	0.1973849306357648
12	118	0.1958083174115371
12	64	0.19044608332981988
12	179	0.18941468213767892
12	120	0.188749351053117
12	15	0.1873602763612752
12	19	0.18591252638057004
12	72	0.18567115603402215
12	20	0.18493725268558292
12	18	0.18443498935897384
12	110	0.18307259890172065
12	186	0.1796780712434693
12	154	0.17878762577319385
12	119	0.17380739313306426
12	67	0.17127509565442756
12	185	0.17052758529109202
12	79	0.16848792515134772
12	148	0.16250638980468293
12	8	0.161259933870596
12	161	0.1603637255477211
12	182	0.1541805647010802
12	180	0.1520809809889755
12	193	0.14761360503306914
12	163	0.14736904345710794
12	65	0.1450301292643758
12	75	0.14429582483365386
12	38	0.14328712119570622
12	126	0.13972001003391846
12	49	0.13866093404935154
12	151	0.1385530473582325
12	86	0.13631611362390825
12	98	0.1355308938271998
12	35	0.13084551868261526
12	85	0.1308356898752526
12	183	0.1293119149466239
12	87	0.1273251762668279
12	88	0.1272169580386411
12	90	0.11918085690146428
12	95	0.11907241792870984
12	16	0.11163278349951933
12	7	0.10987461814121308
12	164	0.1077797268630634
12	56	0.10267687521733287
12	76	0.09786673946804178
12	135	0.09530486525701236
12	117	0.0951631621982444
12	191	0.09435151600759893
39	24	0.651850652861186
39	36	0.6149170168905422
39	130	0.5783367925981702
39	40	0.5616703459865341
39	141	0.5284556621157125
39	26	0.507019678804942
39	142	0.5033030806385511
39	37	0.4853122911323811
39	41	0.4545179818439493
39	34	0.4390392323715072
39	27	0.4118607273222875
39	139	0.39396933241017457
39	127	0.3923207310559605
39	138	0.38828586467819415
39	32	0.3762122106073211
39	140	0.3639226703259113
39	22	0.3449057073498316
39	10	0.3423039995761001
39	137	0.3408288349600028
39	144	0.28212560864419184
39	136	0.2429153887440074
39	25	0.23996785196664114
39	23	0.2222578112581233
39	145	0.2087365749752592
39	33	0.2086218006158252
39	123	0.20733019375824044
39	134	0.2033647739575222
39	73	0.19729843557242008
39	94	0.19588524893449305
39	38	0.19198758076192246
39	2	0.17121685516549226
39	107	0.15968165066020773
39	104	0.15282331729084225
39	114	0.14590129655968773
39	63	0.1429051070350169
39	13	0.1280629469005304
39	146	0.12506180434535547
39	20	0.10451691256122246
39	48	0.10353762609983908
39	113	0.1022612851868414
24	26	0.6161468345199868
24	34	0.6059965244661096
24	40	0.6038025550055088
24	22	0.5772709647688355
24	37	0.5540663319308641
24	130	0.5350684280856879
24	27	0.5251756802115386
24	41	0.500610143330444
24	127	0.4622193893231046
24	36	0.4230573371500941
24	137	0.3977304540095192
24	25	0.3940031234042568
24	139	0.3906780790693224
24	138	0.390008449732678
24	23	0.3759804016858311
24	140	0.3726268101618008
24	142	0.3603429749282789
24	141	0.3530817003207061
24	33	0.32104342247211665
24	145	0.2916877737763358
24	2	0.2691247592368888
24	38	0.2683639825890099
24	144	0.23822361107176654
24	104	0.23611905012641946
24	32	0.2358546432701436
24	62	0.2273848558972674
24	123	0.20997003562141148
24	10	0.20592295501973476
24	136	0.20485978117434975
24	134	0.17664742630393354
24	48	0.1756203109371122
24	20	0.1643069910190267
24	94	0.1604416672256757
24	149	0.13970040041274798
24	35	0.1277285083917413
24	157	0.12724647240135806
24	18	0.11696222487632275
24	107	0.10332987279413727
24	146	0.0954148558780625
36	32	0.7551534757447596
36	141	0.7382444743096179
36	37	0.5731827030254765
36	2	0.5617456392408001
36	139	0.5922275527998132
36	41	0.5607523902412742
36	140	0.5251322274120748
36	34	0.5017259005829914
36	40	0.4831611970238437
36	134	0.4803506472384813
36	10	0.4789647766080278
36	146	0.46581325393097
36	137	0.4545735190151662
36	42	0.4193062642472033
36	114	0.3902543110069229
36	130	0.3781592586064504
36	113	0.36422627774365424
36	142	0.3560105916004217
36	33	0.34368929387264685
36	62	0.3253420346415043
36	30	0.32440285396543345
36	144	0.3209178464718641
36	13	0.3051693796345664
36	136	0.27905778871423104
36	138	0.27885490837700705
36	172	0.2725626025547943
36	38	0.2704414072323009
36	166	0.24685411375648825
36	127	0.23583575572930685
36	145	0.2248039005091053
36	175	0.21065818852920706
36	22	0.20199351695547715
36	176	0.1999111464635838
36	69	0.190908631549743
36	104	0.1832562245527852
36	107	0.1808390793058154
36	123	0.1719544794795168
36	99	0.1718089109773871
36	174	0.1703042648572916
36	26	0.1635576838937067
36	100	0.1402004114820498
36	171	0.13944546537120306
36	92	0.1209450533574202
36	35	0.10889646376857584
36	67	0.108036699374126
36	64	0.1076611193059566
36	126	0.1056641013713232
36	73	0.102211807802424
36	65	0.1001333039504616
36	194	0.09861544303946997
36	162	0.0946111772041614
130	127	0.5761497245960779
130	40	0.504452085605596
130	26	0.4880595785399367
130	138	0.4816573264852225
130	27	0.4703736214860211
130	41	0.4416912267362673
130	144	0.3940960431459707
130	142	0.3767614954762712
130	141	0.353571790021344
130	123	0.3308300230380485
130	145	0.3235794266800893
130	34	0.3113142109969686
130	22	0.2931143959175132
130	37	0.2828709663149153
130	25	0.28169296089112894
130	10	0.2754853179215553
130	94	0.253958781651051
130	140	0.2515998045136729
130	157	0.2385725826156525
130	137	0.2344092327521313
130	139	0.22721415560955655
130	136	0.22555384309996634
130	104	0.22529756362364944
130	126	0.224784911159604
130	23	0.2206316663033585
130	93	0.21304598385205628
130	107	0.18842144297028132
130	32	0.1824539764733211
130	134	0.16723427411980812
130	149	0.13888650467490699
130	114	0.13481423214467256
130	33	0.12179238518811307
130	73	0.10889646376857584
130	38	0.10637600835806764
130	20	0.10499164529150994
127	138	0.5842558388761778
127	123	0.5403218158740036
127	26	0.5009472926245035
127	40	0.4191331707341967
127	126	0.4127986093679878
127	142	0.3887698209449124
127	144	0.3858203164579841
127	34	0.3708169831563791
127	22	0.3661069144953165
127	23	0.313552125592136
127	140	0.31228018815970554
127	145	0.31081743008271634
127	27	0.2998729548551828
127	137	0.2816837543744374
127	41	0.2786796735061319
127	25	0.2571740969941562
127	37	0.2342674699218769
127	141	0.21842347369826048
127	38	0.2151642158562597
127	139	0.2122917140476651
127	93	0.20892785279582685
127	136	0.20360442246069188
127	56	0.1964429303140209
127	33	0.1866751090814255
127	149	0.17081884648473014
127	157	0.16905140487830078
127	20	0.14762338712086528
127	124	0.14607746023743273
127	32	0.14279735174724348
127	10	0.13429382769460882
127	163	0.13304651986974975
127	90	0.1262920608133472
127	16	0.12218643261627082
127	73	0.12146726715001704
127	104	0.1198807126687613
127	113	0.1185400399990164
127	43	0.11802731534582467
127	18	0.11778079068859168
127	19	0.10885693793402083
127	196	0.1019842053241359
127	62	0.09804996423734508
142	38	0.6680427454259084
142	139	0.5997329376091854
142	145	0.4998378742307004
142	140	0.4766419506863873
142	40	0.4686429951413284
142	137	0.4509323616245022
142	144	0.4191331707341967
142	199	0.4176730295585618
142	41	0.4160453603885997
142	34	0.38312743139730415
142	138	0.379358416766318
142	114	0.3677078649439393
142	32	0.3653706146747701
142	141	0.3525301177117073
142	176	0.35228489120768225
142	113	0.3329211894253576
142	174	0.31817030102261296
142	26	0.3152012611446855
142	27	0.25321958460121313
142	182	0.252480091749175
142	62	0.2303603714741444
142	98	0.22813387513267186
142	136	0.22330321686382665
142	175	0.2230466647702544
142	10	0.2220106405994473
142	166	0.20876526766684214
142	22	0.20848788993336068
142	33	0.20698564294756971
142	23	0.1823863058709049
142	123	0.1794941989682612
142	37	0.15835604119099725
142	149	0.14990182239334984
142	16	0.144070606258627
142	25	0.1371305981554099
142	146	0.13712078618996454
142	13	0.13431346694521445
142	195	0.12657742494543134
142	164	0.12176283008168705
142	35	0.1214475621880893
142	134	0.0943862043157334
32	113	0.5062391859827224
32	141	0.6727774097177309
32	139	0.5516569628893757
32	140	0.5326589174349514
32	114	0.4536765585621264
32	41	0.450733174172325
32	10	0.4449613091686488
32	146	0.43767397739081104
32	42	0.4312082815826662
32	34	0.42312301672621455
32	137	0.42170170498095855
32	2	0.4119188515983453
32	40	0.3858628727711645
32	37	0.3754822826497717
32	13	0.3721789258020543
32	33	0.36557855747183615
32	134	0.3562812712208465
32	62	0.3532917625111809
32	176	0.3351067372481415
32	38	0.3148769910235774
32	172	0.3119552584545933
32	136	0.3083671784535581
32	144	0.3083038334084865
32	138	0.2591248161554835
32	166	0.2459336095799434
32	30	0.2337475876750792
32	69	0.22493682117376945
32	175	0.19478874752571795
32	174	0.1921705708307529
32	145	0.17719958418935594
32	35	0.1685753688888394
32	123	0.1469874914247971
32	107	0.1372287163294874
32	101	0.13339030836500246
32	171	0.11443649534644378
32	104	0.11391340439633175
32	22	0.11047721349506706
32	99	0.1035771971343336
32	79	0.10162793653949152
113	137	0.4432594463217633
113	139	0.4361204661715429
113	13	0.4290240834291572
113	111	0.39254069056982377
113	140	0.3801115218873952
113	141	0.3757141926580119
113	114	0.3336767643878989
113	10	0.32291674882122223
113	38	0.3143634129883726
113	144	0.3039718273501568
113	42	0.30101921717070823
113	146	0.29984565232324395
113	62	0.2993996414625315
113	174	0.28532546400874703
113	2	0.28119573480338783
113	134	0.2759935001838853
113	34	0.275651649082966
113	41	0.27134022676661873
113	172	0.2545574074323256
113	175	0.24095713853777986
113	101	0.2298489634938644
113	40	0.2294416403959569
113	138	0.2230181570739465
113	165	0.21958495886043589
113	123	0.2093868543225544
113	124	0.20755029652242502
113	136	0.20162899351784086
113	176	0.1906388220438523
113	33	0.16965362308747464
113	30	0.16042218199372507
113	108	0.1590481588465749
113	182	0.1565616613882297
113	9	0.15152411609292873
113	0	0.1440803986811228
113	35	0.14293449425293211
113	67	0.14239568859791513
113	102	0.14004355294958815
113	145	0.13148433590416395
113	171	0.12972486943440342
113	43	0.12833834498506874
113	161	0.12760062716337278
113	104	0.11700167748524118
113	1	0.1148805793775688
113	56	0.11312371361066738
113	5	0.11306448102717673
113	166	0.1127288145525819
113	3	0.10160814306401246
113	164	0.10006400533233699
113	149	0.09741310584415756
113	69	0.09507992223934936
141	140	0.6743071615685418
141	107	0.4206405319996828
141	37	0.5287438950182874
141	139	0.5214432986836837
141	134	0.5134767221014201
141	137	0.4782323804703719
141	146	0.4744131975162998
141	10	0.4144729974591145
141	138	0.3963827007140284
141	2	0.3857266867895216
141	34	0.3842445795814259
141	41	0.3591589874267287
141	136	0.3541404008052341
141	40	0.34809986959686645
141	114	0.3445884935572566
141	144	0.3357368566876013
141	13	0.32947570477265464
141	42	0.32472493094155325
141	104	0.2959819708426588
141	33	0.2496879629087997
141	176	0.24842170135460084
141	123	0.2318465193000877
141	62	0.2103714834804967
141	22	0.20479271793985607
141	4	0.1480244278327542
141	166	0.14344383260975652
141	94	0.12869239914874686
141	73	0.10567398971185124
141	172	0.10227118060301743
141	38	0.10063816451841263
141	26	0.10005410545048274
141	145	0.09642150828666242
141	69	0.09365373692880527
37	140	0.5039151104388542
37	34	0.4211260177667804
37	40	0.4018221134003498
37	35	0.37855340797964177
37	2	0.3726095870482402
37	41	0.3639920731283848
37	139	0.3422333714043965
37	61	0.3372886846785609
37	166	0.33149777085146986
37	22	0.3184578773844097
37	134	0.3051331043257919
37	137	0.30447092447902224
37	65	0.2955804649235315
37	92	0.29014995899171897
37	138	0.28695972137289216
37	104	0.2673057612194922
37	42	0.2600481047856744
37	107	0.25070972937439245
37	10	0.2404484249800293
37	146	0.2402034416857489
37	175	0.2176424552146083
37	26	0.2164036841303204
37	33	0.20986488280889667
37	62	0.20527169882538174
37	176	0.2021182095009376
37	169	0.19533705927349665
37	174	0.19456746442674205
37	69	0.18878792570915787
37	4	0.18790056144816944
37	38	0.1877269107685927
37	170	0.16439456001299566
37	144	0.16332409499676
37	114	0.1592625861504734
37	60	0.15432699556648324
37	199	0.1504687401175325
37	171	0.15014619559117262
37	13	0.14514760317073389
37	145	0.12953806225521178
37	196	0.12918408660275452
37	194	0.11742576968392875
37	31	0.1070878063022366
37	27	0.10150917448021464
37	94	0.10071735363747528
37	123	0.09666224344433236
37	136	0.09611735350473846
2	30	0.6400095970386975
2	134	0.5759492745068578
2	42	0.4943266214528766
2	146	0.4018724245266729
2	34	0.366080935238174
2	10	0.3647552370782496
2	33	0.3636710512935961
2	62	0.3439626468173376
2	172	0.33681002991955433
2	67	0.31513821438217104
2	41	0.3082314357232978
2	104	0.3081590344675823
2	171	0.2946584314659816
2	64	0.2907268156600067
2	137	0.27439451658738545
2	57	0.27392284972152403
2	100	0.2731271914873009
2	31	0.2690319995544087
2	65	0.2603650842415789
2	49	0.25937666919779884
2	140	0.23593963499865395
2	69	0.2327357975926526
2	139	0.23199791323340901
2	99	0.2123394601522275
2	13	0.1991814087277501
2	175	0.19619295090638134
2	136	0.19458670722189472
2	48	0.1780324533260626
2	92	0.1753198557622873
2	40	0.17031397480532856
2	56	0.1578587901595781
2	4	0.15757600384712994
2	35	0.157429724920268
2	107	0.15396578718158802
2	162	0.15200283032830614
2	84	0.15056647456243355
2	1	0.14343403835703872
2	159	0.12734485198271078
2	22	0.1261247686696411
2	169	0.12390993565910499
2	77	0.11963429813512495
2	58	0.11317307348270858
2	20	0.10902492035217463
2	114	0.10486307655933616
2	7	0.10095491333410428
2	163	0.09765181331102744
2	5	0.09520775448602006
2	90	0.0942444763558108
2	102	0.09417014198212914
91	180	0.7481192470305309
91	89	0.6565241508389059
91	179	0.533854031599332
91	60	0.5288303411201484
91	45	0.4259839548906343
91	173	0.4058476744321913
91	66	0.3926675698690161
91	69	0.382120184720132
91	90	0.3651799684043408
91	35	0.3626293051303862
91	82	0.362611935004669
91	94	0.3486182706917202
91	192	0.3440684452136575
91	157	0.3372798222852374
91	93	0.3328945142544948
91	88	0.3261197270489771
91	92	0.3152102675979465
91	194	0.30237359597632363
91	124	0.2942748499261299
91	80	0.2926664304779131
91	20	0.29073597041257765
91	68	0.2871340661475867
91	183	0.2823556936964139
91	44	0.2777293933049313
91	72	0.27541138766520834
91	144	0.2628244225283583
91	165	0.2590688440255454
91	43	0.243818530284418
91	98	0.2412867896032827
91	59	0.2395437192515625
91	126	0.2385820134243811
91	189	0.23120296984987204
91	116	0.2311272448344671
91	105	0.22232435232533898
91	196	0.22030819268346472
91	145	0.21928988622568807
91	87	0.21791870098213972
91	103	0.20843049724750368
91	83	0.20630596174599533
91	86	0.20158102574684747
91	123	0.1971831040431276
91	17	0.19149633091233512
91	18	0.19138072875777376
91	164	0.19015694773226804
91	153	0.18839250788593545
91	175	0.18571943189690107
91	195	0.18522697606646815
91	188	0.17227470374357945
91	174	0.16826444577657795
91	84	0.1656688813516979
91	3	0.16427780077876958
91	61	0.16200007939530467
91	47	0.1586485042974989
91	111	0.15508832664599628
91	6	0.15319442083473847
91	147	0.1509573828932046
91	76	0.14767229712659022
91	38	0.1475255649435497
91	1	0.14702662698177335
91	102	0.14051410742792453
91	187	0.1360903804295939
91	193	0.13453931073974093
91	19	0.12729566250511676
91	151	0.12717760520458468
91	46	0.12377208278271964
91	67	0.12180223684226328
91	149	0.1211618294906577
91	42	0.12004826611695875
91	118	0.11983143094266945
91	138	0.11632106832773748
91	14	0.1158080732517523
91	199	0.10714711785317728
91	15	0.10651442207609588
91	40	0.10591130361049288
91	168	0.0982668541554014
91	115	0.0958577674725478
180	94	0.4985464864596959
180	157	0.4948478360135121
180	60	0.453724207919838
180	89	0.4462676359263426
180	179	0.4350590237476893
180	45	0.4092749705916129
180	194	0.4076836650419325
180	35	0.3907967044697341
180	69	0.3893977951080867
180	173	0.3802997194972255
180	183	0.370471934088759
180	196	0.3696088640871836
180	145	0.3604038840976354
180	144	0.35078620879364525
180	165	0.3504529237496308
180	175	0.32222686934640016
180	93	0.321841462935976
180	90	0.3194010754598329
180	20	0.3133357048946017
180	92	0.2905803323804129
180	124	0.2759935001838853
180	44	0.27536517960055823
180	126	0.2724607714430705
180	43	0.2532383021032573
180	192	0.2530698377607618
180	189	0.24987548472614696
180	68	0.24017517241284805
180	82	0.2337192266142501
180	80	0.2335679609072505
180	66	0.22215324254082466
180	98	0.22062215306569136
180	195	0.21415305899448409
180	76	0.2022620773725193
180	188	0.2005734795152459
180	116	0.1950869672849
180	187	0.1861924878731359
180	174	0.17631801599869742
180	105	0.17520354176200612
180	102	0.17402073898960338
180	151	0.17143039777185806
180	61	0.16819642688018754
180	199	0.16551326861671553
180	88	0.1639469579590553
180	72	0.1615618572900534
180	17	0.15554698855680352
180	164	0.15475648697314792
180	167	0.1540438897823213
180	38	0.1524228677582763
180	59	0.1512309906443775
180	185	0.14786792992460515
180	84	0.14776033331664645
180	193	0.13918070556956658
180	153	0.13694416621238434
180	168	0.13550144476616635
180	46	0.12595746935188906
180	40	0.12338803888007008
180	1	0.1229448653766074
180	103	0.12287592286418565
180	147	0.1174159075604623
180	15	0.1134198644589034
180	182	0.1087284765951182
180	62	0.10014320367376273
180	19	0.09974719929652097
180	18	0.0989917334181715
180	161	0.0946062219581916
180	0	0.09410869144039563
94	157	0.4893763756744061
94	76	0.3793070503657052
94	90	0.3218056057514725
94	60	0.2767508672329024
94	26	0.2652524613218384
94	102	0.25108454961860804
94	84	0.2496317027107469
94	69	0.22073630914676934
94	126	0.2200703135116788
94	88	0.2170231570461058
94	86	0.20686120919732096
94	89	0.2059421068555881
94	41	0.1932200973892171
94	93	0.1915444969088768
94	31	0.1864338097243943
94	63	0.1860187222269754
94	111	0.16383018109479336
94	1	0.1593697941690279
94	194	0.15467840197220253
94	40	0.1517195182571438
94	92	0.14402164372294407
94	147	0.1427875556440919
94	107	0.14171961308591466
94	104	0.14101400201170364
94	163	0.13656145973693132
94	8	0.12831867434919733
94	105	0.12058044930934228
94	192	0.1198511437039858
94	68	0.1163013388936599
94	145	0.1163013388936599
94	73	0.11371599515419233
94	55	0.11230425834689116
94	6	0.10855060105450674
94	77	0.1076215827723802
94	144	0.10661328649050672
94	74	0.10535755245958503
94	64	0.10333976601328816
94	66	0.10146958648399412
94	13	0.10016300306087976
94	10	0.09516217125417753
9	108	0.7413319480995417
9	3	0.5895395226794738
9	95	0.5256679538784972
9	103	0.5194089540304071
9	109	0.4575514596594586
9	5	0.43958799475139737
9	6	0.4143901728130949
9	106	0.4123422272779084
9	7	0.3568049973951695
9	0	0.3562987323695382
9	117	0.34972465039864536
9	99	0.31683050303832994
9	79	0.296565792761139
9	147	0.2954709451767788
9	101	0.2685310110579223
9	111	0.255230628306125
9	75	0.2460463482514163
9	77	0.244805857307025
9	163	0.2433764199670525
9	110	0.2409100409875252
9	47	0.23693093816532595
9	14	0.2322628255690469
9	48	0.22482288968785227
9	84	0.2240631894769064
9	188	0.2140481012910304
9	187	0.21299825277321213
9	56	0.2094346616792649
9	87	0.2082774430681736
9	85	0.20821047865651102
9	120	0.19304681148535752
9	105	0.18846002257388492
9	1	0.18747606129272087
9	135	0.18337219206075595
9	16	0.17889410752696194
9	46	0.17627925924708818
9	154	0.1754943175854828
9	115	0.1739237656241488
9	118	0.17333215511201194
9	153	0.16693292837066304
9	191	0.16358688121695575
9	17	0.15251077560635856
9	30	0.15191490856318993
9	15	0.14876769153781202
9	83	0.14512802447043466
9	148	0.14306183595096286
9	119	0.13918070556956658
9	18	0.13647313706454295
9	66	0.12462866233887708
9	116	0.12072826568795547
9	49	0.11905270144657296
9	38	0.11747507995380355
9	10	0.10813553111320988
9	121	0.10580253623623076
9	93	0.10107368886727416
9	102	0.09807868535560088
108	110	0.38478995329651183
108	103	0.47339740572716704
108	3	0.4675106845657288
108	109	0.4070247556808931
108	95	0.3873683074442016
108	5	0.36282035988240574
108	6	0.3606387906742801
108	117	0.35579225805804
108	106	0.3526877377610575
108	147	0.3241433483506249
108	0	0.314768884641608
108	101	0.2799151438410625
108	135	0.2794819125462458
108	99	0.2685310110579223
108	79	0.2587702966186521
108	187	0.2581730535114828
108	7	0.2566790829825392
108	188	0.2560904948966455
108	118	0.24995986343013585
108	75	0.2382424759721053
108	14	0.2280295974734213
108	47	0.2253924855855469
108	77	0.22495580915687452
108	30	0.22017498357371376
108	48	0.21806157302685897
108	148	0.21332280404996276
108	114	0.2107441929798806
108	154	0.20957807774111814
108	120	0.20876526766684214
108	111	0.19334524082429816
108	182	0.19286388552160733
108	49	0.19082191020945447
108	84	0.18490827857846284
108	105	0.18488896232846044
108	116	0.18044245805771228
108	115	0.18003610226747555
108	163	0.1789618664612145
108	16	0.17516476934154598
108	1	0.16428753089082654
108	46	0.1631683588900166
108	15	0.16024680928132354
108	38	0.15924309337981354
108	119	0.15329207248538668
108	172	0.12664630280591666
108	67	0.12560316480363629
108	17	0.11943715589381684
108	153	0.11402197564643743
108	164	0.11305460885178385
108	43	0.11124762688312298
108	18	0.1052784398100534
108	121	0.10524877222285824
108	186	0.102765925565522
108	124	0.10200399726820124
108	64	0.09722094314180904
108	45	0.09704363195024572
108	85	0.09640565701592547
108	139	0.0956100587194026
108	86	0.09518496291999544
108	149	0.09496496963424866
3	103	0.7145404434632671
3	6	0.4979450856062978
3	106	0.4344913444064972
3	109	0.4208874192998863
3	0	0.41424107115193615
3	5	0.3890668808212252
3	46	0.326298444574658
3	14	0.3232570824569227
3	188	0.30661966490431364
3	105	0.300118655532841
3	147	0.2988260066299475
3	101	0.29004921634663045
3	163	0.2869780743499246
3	82	0.28030219027058245
3	75	0.2747088878470273
3	1	0.2696626668943956
3	111	0.25644553903885353
3	84	0.2379311821370066
3	16	0.2290910887349775
3	95	0.2258385614647873
3	117	0.21853774564488745
3	47	0.2103714834804967
3	83	0.2083348395812433
3	66	0.20484062044644588
3	152	0.19755791154205665
3	56	0.19571214961852906
3	115	0.1927483464255642
3	59	0.19211278593624648
3	99	0.1913614612156944
3	116	0.18824782755907127
3	154	0.18566150075387727
3	87	0.16899311898982156
3	18	0.16306128559910912
3	102	0.16297367732210655
3	161	0.1606365126650959
3	192	0.15955496280089942
3	187	0.1565226416060431
3	85	0.15637631307218156
3	13	0.14709511309877873
3	76	0.14597959267057328
3	73	0.14509865620688325
3	118	0.1440412288218507
3	45	0.13919051184322978
3	191	0.1373366432106143
3	77	0.13685585295758354
3	186	0.12918408660275452
3	15	0.12625269860190774
3	54	0.12556379565206202
3	43	0.1228365266102694
3	126	0.12069870284031628
3	44	0.11942729853438587
3	124	0.11935829635922103
3	58	0.1121561476899498
3	55	0.1042894195671075
3	79	0.10118256390838687
3	48	0.10058867067141326
3	89	0.0951017233095278
3	162	0.09488271750879168
95	7	0.4812194427686916
95	79	0.4475160842794477
95	85	0.34760763086406765
95	160	0.34034263422995953
95	31	0.3136693398720032
95	5	0.3013647448538369
95	106	0.3007554717993393
95	109	0.2840756982606401
95	99	0.2771017257217104
95	103	0.2566230351685268
95	77	0.2554082425828041
95	83	0.25397749165476163
95	117	0.2463845243123169
95	90	0.2237212354613644
95	87	0.22342673091512374
95	158	0.2188424415276638
95	110	0.21815681586469807
95	55	0.21487808608731288
95	15	0.21433433792502102
95	93	0.2090521748082659
95	30	0.20737804397169868
95	75	0.2060474391323532
95	191	0.20187841033164167
95	56	0.19978633860136652
95	57	0.19192016000213788
95	195	0.18987741862811136
95	163	0.18533319990813948
95	101	0.18446396871066195
95	148	0.18151610155195635
95	159	0.18033603748870844
95	167	0.17780005033352372
95	54	0.1742243720692747
95	6	0.17406922440680964
95	135	0.1729344449253101
95	187	0.170381943515395
95	114	0.16633014335420193
95	196	0.16256480473544122
95	126	0.15880447324142313
95	147	0.15470768407407334
95	185	0.15355571698297354
95	61	0.14810267400750082
95	48	0.1404258832917513
95	64	0.13776831810188336
95	118	0.13180861673880792
95	84	0.1284957064355177
95	115	0.12787605837790533
95	120	0.12503227344821588
95	72	0.1185696183415885
95	0	0.11408119518057085
95	166	0.11289665101100704
95	161	0.112412869657618
95	116	0.10086582979544427
95	80	0.09847977353314888
110	135	0.362855093833758
110	148	0.35988170581905243
110	187	0.3325210059323318
110	117	0.3014102031333508
110	147	0.2817389926965381
110	109	0.2479524997846268
110	188	0.2477084689729915
110	106	0.2463375590004708
110	0	0.23391774568566315
110	118	0.2209170439061436
110	7	0.20369068995118306
110	104	0.19884527093989035
110	101	0.19863396037650666
110	111	0.1943846504053669
110	182	0.1907930024340185
110	115	0.19039789635654186
110	30	0.1889711473674764
110	77	0.18313058733009746
110	64	0.18010383250392445
110	10	0.17756762750593216
110	160	0.1750678359135788
110	6	0.17428255021313244
110	154	0.1691388314939272
110	100	0.1624382376124035
110	68	0.15561529417236525
110	172	0.15332136739687294
110	103	0.14988227174586602
110	152	0.1492859207607288
110	185	0.14921748008566418
110	75	0.14627318679169754
110	105	0.1428267398888282
110	116	0.13672828552690025
110	84	0.13443130023256886
110	99	0.1292529177832334
110	124	0.128456366679202
110	5	0.1263806243348536
110	43	0.12452036940809193
110	191	0.1242840836286298
110	85	0.1134198644589034
110	158	0.11319281727512542
110	119	0.11068464558446142
110	114	0.10818494618133803
110	186	0.10242950450784967
110	80	0.09585479503782776
110	120	0.0955188989158729
110	79	0.09358236796129847
140	137	0.7014960482524837
140	139	0.6778848037901691
140	138	0.6067679309894378
140	34	0.5447040603673681
140	166	0.4965600448960406
140	144	0.4780935356376058
140	114	0.461188643048894
140	33	0.4287629473198249
140	62	0.41656617475238655
140	146	0.4104065318890412
140	175	0.40307916327568
140	42	0.3931242115750699
140	174	0.3865095264927153
140	134	0.37524173371041947
140	22	0.3742704334553859
140	176	0.3737113484545663
140	38	0.3723253686191674
140	40	0.36242953347498186
140	136	0.3536767840048069
140	35	0.34219805586818924
140	165	0.3354706456536125
140	41	0.3295381045366058
140	145	0.32902099106776594
140	199	0.3250290456181413
140	123	0.30957021422386183
140	172	0.25988026943436376
140	149	0.2097310449351344
140	182	0.18459920144359374
140	10	0.18145807780579867
140	23	0.1812839989879576
140	171	0.17615329603022772
140	61	0.17226500051259905
140	164	0.165484090311105
140	69	0.15795629668026387
140	194	0.14297367681810372
140	98	0.1423662967683298
140	183	0.13452949173479214
140	26	0.12924308483369187
140	196	0.09460919510633607
107	104	0.5460880694910913
107	4	0.4950139455632853
107	8	0.3698419559279096
107	10	0.3447030520649047
107	111	0.3222895998204836
107	13	0.2998638540657829
107	83	0.2925109838641495
107	102	0.2720441260798003
107	87	0.2550716956662112
107	88	0.24429815239043656
107	76	0.2420588968266573
107	105	0.20771296766989256
107	191	0.20508011825679007
107	136	0.1908508176539181
107	84	0.1698672829920268
107	193	0.16298341170204675
107	86	0.1540536524720824
107	59	0.15140686910853302
107	184	0.13637499821725246
107	100	0.13395012374483664
107	75	0.13288934874555147
107	77	0.11801745463865836
107	134	0.11742576968392875
107	146	0.11569954713576933
107	55	0.10730527825962027
107	63	0.0952295550209905
166	175	0.7341775636693124
166	61	0.6854964328681842
166	199	0.6300324794025541
166	114	0.5393014272894512
166	165	0.6195041405759699
166	183	0.5442467551530646
166	174	0.5062094365048612
166	196	0.5012543407852762
166	139	0.4832608429479264
166	172	0.4593206919095613
166	194	0.4534700480367889
166	170	0.4263031315398095
166	35	0.40701641233845137
166	62	0.40370711871222414
166	92	0.4014614793456111
166	169	0.3991101220425359
166	135	0.35751167206013296
166	195	0.3551894559781253
166	69	0.3539742185558443
166	160	0.3529066212970209
166	182	0.34643779603446445
166	137	0.3454078014158741
166	65	0.3298678840277743
166	146	0.3225584126459001
166	171	0.3117837383462259
166	38	0.3065200032613912
166	176	0.30477937367153096
166	79	0.28942630099546224
166	145	0.2801455395915097
166	42	0.27905778871423104
166	98	0.2693473621020604
166	134	0.25752892966450114
166	31	0.24804634941307396
166	30	0.24186119120672064
166	162	0.2405049552377003
166	60	0.22831397876148746
166	72	0.2165657169735279
166	67	0.2120147666591119
166	34	0.19554865573222466
166	41	0.1845315859505427
166	33	0.1743310310702583
166	164	0.16862394759659047
166	93	0.14684072898845682
166	167	0.14218994052018294
166	7	0.13215252013045822
166	179	0.13137623603548632
166	144	0.12781703906232508
166	90	0.12420531856833385
166	138	0.11980186162353355
166	99	0.11823438481650625
166	22	0.09875110887996484
175	174	0.6464232760911107
175	165	0.6210115754161715
175	196	0.5858737771815735
175	172	0.5644159281243359
175	183	0.5895460470725217
175	61	0.5832538092021052
175	194	0.5369570554305916
175	92	0.48771669422498504
175	199	0.4860840292904872
175	35	0.4813500648157388
175	62	0.45707694144944305
175	69	0.44043470414139857
175	170	0.4399670947246075
175	145	0.42833028300225695
175	171	0.427431673487332
175	195	0.4198253618739288
175	65	0.39391019560784657
175	169	0.3839547406520803
175	38	0.37928992771258185
175	67	0.3616474982467961
175	42	0.3562376172604397
175	182	0.35387799756187394
175	144	0.3413766972561583
175	139	0.3358433260891734
175	114	0.3151832480678336
175	30	0.3033908496829064
175	146	0.30250079042024264
175	68	0.3004189022873152
175	135	0.29924487241129905
175	137	0.2943570539568989
175	179	0.2822452569235813
175	162	0.2655963947700941
175	93	0.2473705282665279
175	79	0.2467883782074428
175	41	0.2429247986422881
175	72	0.23244256789103984
175	60	0.23208306738231946
175	98	0.2296405756798516
175	134	0.22137356937770045
175	160	0.20909998916785166
175	164	0.20908086354398026
175	90	0.20752158865745146
175	173	0.2064687204706764
175	34	0.20188800276335075
175	33	0.20023753634775174
175	176	0.19993034709748325
175	45	0.18448328810026968
175	31	0.1799006366736797
175	40	0.1654257328307897
175	49	0.15876548174819186
175	184	0.14080817175873064
175	161	0.13781736875848752
175	20	0.1290365870249057
175	124	0.11019074383733407
175	185	0.1076907714826778
175	64	0.10422018040156908
175	167	0.10177638503977816
61	92	0.6901122262487851
61	65	0.5566597207383535
61	35	0.5371136059012094
61	199	0.5266153128564491
61	69	0.5170903647254012
61	183	0.5117589940605853
61	60	0.4873660346633178
61	196	0.4683151736633798
61	170	0.4365981245833209
61	169	0.4212082795899627
61	165	0.4207310645800459
61	194	0.4055803476704031
61	98	0.387121795478372
61	67	0.38194937483554253
61	79	0.3789559840627553
61	90	0.37728478611942
61	31	0.3698505880652603
61	62	0.3598207703230349
61	160	0.3157415477994138
61	174	0.30520565405774264
61	93	0.3051331043257919
61	68	0.29077258889052604
61	135	0.25043793767801004
61	172	0.2477084689729915
61	114	0.23199791323340901
61	171	0.23093792004602906
61	64	0.2282571056188336
61	195	0.2259524380114135
61	30	0.21490670072508813
61	38	0.20711964103580496
61	72	0.20430405637354845
61	145	0.1903593461173245
61	66	0.1890868595316252
61	182	0.1873313293147728
61	176	0.18518834814159796
61	167	0.1781970600983135
61	45	0.17446677297323265
61	49	0.1622240349208521
61	189	0.15829754523342304
61	80	0.15569335591080824
61	42	0.15247170574950347
61	7	0.13816070441380618
61	162	0.12885957999489084
61	185	0.12461881764964285
61	0	0.11792870722702498
61	139	0.11622242023967493
61	82	0.106573740977599
61	74	0.10625736474675557
61	41	0.10413115713292784
61	161	0.1010538931450719
61	168	0.09855305532730496
61	179	0.09390153836614994
199	98	0.6974253864284881
199	176	0.4776151094106339
199	38	0.5322863515458577
199	183	0.5023093236184175
199	35	0.4160122835878354
199	80	0.3933524597481088
199	174	0.3875552795819928
199	170	0.3839717920962811
199	165	0.3819322924115513
199	135	0.3648419292775198
199	182	0.3471152004553246
199	196	0.3395377933122893
199	139	0.33398775899103217
199	114	0.302800563264151
199	195	0.28634477497419364
199	160	0.2789563516583307
199	145	0.26828974253347176
199	60	0.26757501915213244
199	72	0.2649735467958477
199	194	0.25381845056577346
199	79	0.2456893196333633
199	179	0.2274038217335602
199	92	0.21908997551394555
199	62	0.20854528118335405
199	137	0.20721534919861154
199	93	0.20049669666101613
199	167	0.19705815539386992
199	18	0.1967794007275452
199	66	0.17962968501927676
199	164	0.16864337885034233
199	185	0.1584827786185788
199	173	0.1553615801039599
199	172	0.15021461680033438
199	138	0.14314999281365387
199	118	0.13643388184695818
199	169	0.13585481768223387
199	162	0.13173000579096333
199	69	0.1296953741758767
199	115	0.11882595515729286
199	89	0.1160152517931234
199	19	0.10745354870856663
199	74	0.10525866143940908
199	44	0.09826883484226284
199	16	0.09389955600077544
114	139	0.6197690422798492
114	172	0.4104647398702214
114	146	0.3984878121404367
114	137	0.3622210405836458
114	134	0.3368543571232124
114	79	0.3309635991327778
114	135	0.30957021422386183
114	182	0.29474974641588186
114	38	0.294347920390766
114	174	0.2877395369763317
114	195	0.2876661588106754
114	41	0.28391940954491346
114	196	0.27696323777142123
114	136	0.2616231248159608
114	176	0.25518388484332705
114	42	0.24364922340144635
114	138	0.23964740458777786
114	34	0.22488935046858946
114	145	0.20755029652242502
114	165	0.2056165042008016
114	160	0.19600064169780032
114	30	0.19290239736535147
114	7	0.1912362185978896
114	99	0.1886818440035201
114	62	0.18104220400667687
114	170	0.17166333497207442
114	101	0.14565660943682768
114	169	0.14189599338385914
114	194	0.14137662564415993
114	40	0.13680678909811506
114	144	0.13572721477843508
114	22	0.1308356898752526
114	33	0.11816536280124737
114	65	0.11563048362350345
114	10	0.11185991143186104
114	162	0.11008207814064044
114	158	0.10559488240262137
114	164	0.10217222553076023
174	165	0.4992149814144656
174	137	0.4335417378948913
174	172	0.4270474643134176
174	139	0.4229259646604025
174	179	0.414663468089328
174	38	0.40752523190606577
174	145	0.4072833656047717
174	183	0.3971410226612673
174	171	0.3849347730594477
174	62	0.38165893814029406
174	173	0.3716102075066111
174	42	0.3482844096650604
174	35	0.3362425099009245
174	196	0.3282895628407084
174	182	0.31989487928737786
174	195	0.31513821438217104
174	67	0.3027914801184586
174	164	0.30051897131316896
174	144	0.2905803323804129
174	41	0.2808918000545392
174	146	0.2701911363735911
174	170	0.2625078803244545
174	72	0.2615392830413914
174	34	0.2573888724276751
174	40	0.2481589628215572
174	92	0.2400055482219864
174	194	0.2380632521622023
174	65	0.19985354364071495
174	33	0.1897231824931308
174	138	0.1831692455744159
174	169	0.1802296126974988
174	98	0.17787752020279485
174	89	0.1769089886578427
174	176	0.1743698151474511
174	69	0.1732739571489868
174	66	0.15917486770480752
174	49	0.15033190695379592
174	136	0.1440510213289891
174	22	0.1408865847199698
174	134	0.1322998975646215
174	60	0.12811212657966622
174	68	0.12347666768088225
174	47	0.1099437725389984
174	93	0.10808611551072643
174	18	0.10130133391637362
174	124	0.1012914365259503
174	149	0.09662162637054512
174	45	0.0964363688085593
165	183	0.6710275480936575
165	62	0.5164453679447271
165	35	0.4871525127136491
165	164	0.4488266773666901
165	60	0.4428093628512941
165	182	0.4344345574704353
165	194	0.4181352289778492
165	169	0.4031796616767162
165	172	0.3892365930055338
165	137	0.3773791243847942
165	179	0.3717136315965421
165	171	0.3559669280002896
165	196	0.34701845054740743
165	69	0.3219042107873248
165	92	0.3179815472051523
165	45	0.3008191386890965
165	173	0.2880330158505976
165	65	0.2809654863822841
165	139	0.28022847416314645
165	67	0.274967737737463
165	145	0.26445278772643377
165	144	0.2402411334158456
165	38	0.2356563152066521
165	42	0.2350895554776957
165	72	0.21931844339618453
165	195	0.20958763849137396
165	170	0.2092816746144453
165	146	0.20166736703829072
165	162	0.1964429303140209
165	33	0.17951355453542509
165	68	0.1704693294745492
165	49	0.16313915746448318
165	34	0.1610261659716146
165	159	0.15933080986978362
165	189	0.1545515097243884
165	90	0.142336904687679
165	135	0.136002046201151
165	43	0.13465713673777185
165	80	0.13449021545082626
165	59	0.1323490220764774
165	0	0.12960688702334938
165	167	0.12788589484246346
165	151	0.1266069441779932
165	176	0.12581968806291965
165	168	0.1250814914870125
165	64	0.11972300906685099
165	1	0.11689318192249964
165	79	0.1123536274573098
165	98	0.10885693793402083
165	31	0.10170710963662792
165	89	0.10036099256655877
165	82	0.1001531033772361
165	153	0.09865109281269048
165	134	0.0975567278640917
196	195	0.6752004810350866
196	194	0.644059445834081
196	93	0.5322433498981602
196	92	0.5058449076322047
196	160	0.4530171430180338
196	183	0.42705564058313294
196	90	0.4046525202633999
196	79	0.3999588978329525
196	170	0.3762637173069677
196	167	0.3691684525708973
196	145	0.36639264865385385
196	135	0.3526527128125761
196	169	0.3382100469476239
196	185	0.3375102250789749
196	7	0.2985892054524544
196	69	0.2833768787635625
196	60	0.2599641890734222
196	31	0.25276094660865217
196	144	0.23971338331935904
196	172	0.2378368410173949
196	162	0.22503175938059108
196	126	0.21038104089877965
196	65	0.20863136536531374
196	98	0.19776931594218056
196	72	0.19348000364211185
196	161	0.19113987388488127
196	158	0.17929095712546245
196	63	0.17727707111532764
196	57	0.17262399777918244
196	106	0.16722455377657708
196	173	0.1538193396200426
196	30	0.14137662564415993
196	74	0.13398940582891605
196	99	0.13131727115368572
196	26	0.12853504578743633
196	68	0.1266069441779932
196	80	0.12078739074075248
196	83	0.11920057277293353
196	182	0.11653808604060907
196	54	0.11448584027848625
196	40	0.10768088744505656
196	23	0.10499164529150994
196	20	0.10201389320995206
196	187	0.10199410130626184
196	67	0.10118256390838687
196	191	0.09957195726657528
196	41	0.09425141417708446
196	163	0.09363886847325573
172	146	0.5941913005169654
172	67	0.5105105218625748
172	171	0.4956025878937861
172	42	0.4862749366663706
172	30	0.4566971394298082
172	182	0.39345388782107343
172	62	0.38226535259651867
172	135	0.3323342126374829
172	164	0.3283163293559732
172	68	0.3265396762339153
172	69	0.3138316207859325
172	49	0.30900952358524136
172	65	0.2900034221099346
172	134	0.2861152568811873
172	72	0.2792422037693923
172	64	0.267686424007594
172	139	0.2667299663364195
172	195	0.2621633437193305
172	169	0.25868632124912605
172	183	0.255137140187696
172	33	0.2511688738022602
172	194	0.2397039579218269
172	137	0.2316856509386336
172	162	0.22707189470294614
172	100	0.22033673642381066
172	99	0.20787562732953765
172	79	0.20471607188888108
172	170	0.20070784358049065
172	106	0.19916220211591235
172	92	0.19600064169780032
172	136	0.19380725436788626
172	101	0.18328521690807048
172	7	0.1801909117270488
172	31	0.1739625553752198
172	179	0.1724202481954113
172	57	0.15859976237829373
172	144	0.1533799564113237
172	38	0.1500875476957005
172	41	0.14695813945505382
172	159	0.14657654031450532
172	35	0.14518676023030266
172	145	0.14022001830396189
172	160	0.13694416621238434
172	173	0.1354719954657085
172	34	0.13301705079342935
172	121	0.12423485564943025
172	45	0.12320092717127212
172	10	0.11990042519379022
172	161	0.11406145542591666
172	13	0.11377521887038698
172	176	0.11076366479733432
172	43	0.10085593152461683
14	46	0.7321241175710816
14	116	0.5831218308096746
14	15	0.5602036988088316
14	115	0.5587472870601802
14	154	0.5383433724928315
14	47	0.5241465629225958
14	18	0.5136607838836903
14	17	0.5091858243278112
14	188	0.4957760750723879
14	153	0.4580494234487321
14	147	0.4472281353340927
14	44	0.4459552519466264
14	82	0.4445120719927664
14	189	0.438910064170634
14	84	0.4314768829591857
14	152	0.4302472028940134
14	16	0.4233856905634471
14	45	0.3949235178412563
14	186	0.3815136915204598
14	43	0.3588889458744027
14	119	0.3462529866127072
14	48	0.33491142808799795
14	75	0.3281378759629443
14	151	0.3106457753678794
14	118	0.3058312483743888
14	148	0.2944118542244696
14	49	0.2794819125462458
14	103	0.2726274009923125
14	102	0.2633177431252645
14	59	0.26145543731970394
14	187	0.26125978195859473
14	117	0.2546135186068266
14	168	0.2515998045136729
14	105	0.23703476046940786
14	171	0.2307012394670585
14	86	0.2232747126026822
14	164	0.2187567501214119
14	191	0.218385381718028
14	6	0.2093772927310817
14	179	0.2056548127598343
14	66	0.2029237570588616
14	1	0.2004103130057655
14	120	0.19705815539386992
14	149	0.1838553350425896
14	5	0.18058757020686453
14	192	0.17339035186454024
14	87	0.16995468471514366
14	27	0.1586485042974989
14	184	0.157429724920268
14	109	0.1483080613921831
14	80	0.14669396008676314
14	183	0.13854323931411286
14	89	0.13438220349132693
14	173	0.1314450272226694
14	77	0.1207184114292003
14	104	0.11531475048239795
14	76	0.1131138415692459
14	157	0.11110935737535288
14	4	0.11056611414156928
14	111	0.10885693793402083
14	25	0.10532788537224017
14	67	0.1019842053241359
14	65	0.10132112863706128
14	35	0.10100440348952301
46	152	0.6344026279816908
46	115	0.5864776632780851
46	154	0.5634202137123799
46	47	0.5474480953302545
46	82	0.5396700839360262
46	18	0.5233991311782255
46	116	0.5017259005829914
46	44	0.4913056707186438
46	45	0.4494253916754787
46	43	0.44590718322569856
46	188	0.4409826316995963
46	17	0.4387566533675482
46	84	0.4269902284701159
46	147	0.4205006015324757
46	15	0.4167066651477792
46	189	0.4161693885861809
46	16	0.4077003407865469
46	153	0.3970820614916824
46	151	0.3708256080720464
46	49	0.3454342219456121
46	75	0.32954701855360696
46	186	0.3221641360423708
46	59	0.32161734038947937
46	48	0.3190957281079679
46	103	0.3130561133175187
46	148	0.3086386262387141
46	118	0.2816653411854555
46	119	0.2760581668655987
46	187	0.24837478643899094
46	168	0.2477084689729915
46	117	0.2441665033108855
46	102	0.2385442899194804
46	171	0.2334072287053788
46	109	0.2317613552760353
46	164	0.2265976217181183
46	192	0.2176329288762584
46	120	0.21243494931966364
46	157	0.2030771635885912
46	179	0.19352813145089287
46	6	0.19272908938983255
46	80	0.19248836392162189
46	64	0.1922379848568128
46	149	0.1834881544651872
46	5	0.18144840705859067
46	35	0.17259489159979666
46	77	0.16686487823776788
46	68	0.1618053218929001
46	105	0.16133785248391594
46	184	0.1610066844973992
46	66	0.15802454941206973
46	0	0.15700060023493606
46	33	0.15350689557608485
46	89	0.1487774702050037
46	67	0.1460676736093809
46	65	0.1455195768620671
46	106	0.13304651986974975
46	182	0.12895791824824482
46	27	0.12783671226812154
46	20	0.1271087367816293
46	38	0.1262625391920444
46	1	0.1253964723473689
46	135	0.12009754524181412
46	86	0.11432793450857764
46	19	0.1112179980652824
46	72	0.11058586960056904
46	163	0.10694940972001488
46	159	0.09679598031377708
46	191	0.09526919212325843
46	76	0.095009563618104
152	186	0.5303413716211586
152	154	0.5625937559156902
152	151	0.4808274483962379
152	82	0.4604718948583406
152	115	0.4581126363902794
152	116	0.4074334962437405
152	47	0.4006642882994392
152	44	0.3898049362691196
152	168	0.3823678126800185
152	43	0.3658037876612982
152	189	0.3554603166849323
152	59	0.3376076910133257
152	188	0.3355860103497392
152	45	0.3288337116411961
152	18	0.32784337665729196
152	148	0.32161734038947937
152	153	0.31388571035019425
152	15	0.3077336050174879
152	187	0.2902506952063084
152	147	0.2874643514424017
152	171	0.282714561512427
152	17	0.27711095784246376
152	49	0.2732474894151058
152	84	0.2575102559913157
152	75	0.2563240843513752
152	159	0.23043612480587786
152	102	0.2244525699160204
152	16	0.2231891975282672
152	103	0.21877579294778
152	119	0.2173280641644664
152	184	0.2155265938668023
152	164	0.21421030656687026
152	48	0.210046507343438
152	149	0.20666975959114836
152	120	0.2038632154422981
152	33	0.20199351695547715
152	64	0.20166736703829072
152	5	0.20012234498894413
152	118	0.1955582733206497
152	109	0.1691388314939272
152	0	0.15870699357979956
152	192	0.15556650459877472
152	77	0.15282331729084225
152	6	0.15189537006661766
152	35	0.15184652330585088
152	106	0.15147526370074155
152	169	0.15122121933772587
152	117	0.14901214948434668
152	182	0.1419351877824596
152	101	0.13889631176667416
152	105	0.13783698883186254
152	62	0.1358744484982627
152	67	0.12439238302892615
152	100	0.12367361351712085
152	20	0.1213884467280162
152	68	0.11961458433526445
152	80	0.11958501345862366
152	104	0.10961774964118086
152	179	0.1092719420058349
152	191	0.1057135428649565
115	18	0.558822940571656
115	116	0.5916753984350674
115	118	0.4926018185609489
115	17	0.479026421665253
115	188	0.4696568627516799
115	154	0.4669087640083247
115	16	0.4548432207124043
115	117	0.4492418288362383
115	120	0.4270392879738689
115	15	0.4228684836047912
115	153	0.4160784360884664
115	109	0.3991941897980749
115	148	0.3954635639359396
115	147	0.3896777210149545
115	44	0.38444060415775605
115	189	0.3565780768986305
115	119	0.33930774734645786
115	43	0.32993917712056503
115	47	0.3196614663898503
115	187	0.2976051764636779
115	45	0.2974319947530059
115	80	0.29582685594484764
115	186	0.28988435087959563
115	103	0.28526116146798025
115	19	0.28516010942983
115	149	0.27745251032844714
115	82	0.2639783907764476
115	192	0.2635503937466973
115	135	0.2500067388475818
115	106	0.24120202750116904
115	48	0.2361662619587078
115	168	0.2354296305260173
115	87	0.2295932118757585
115	84	0.2245570256514341
115	191	0.2153358759909232
115	121	0.19411521565754167
115	6	0.1889422185063195
115	185	0.18865291186490735
115	49	0.18259897908575845
115	20	0.17494181738338813
115	83	0.16935252979089968
115	85	0.16560080179478004
115	167	0.16228245535389973
115	86	0.15622022173628194
115	98	0.1560836354159931
115	105	0.15537133871659273
115	88	0.15285261650751608
115	151	0.14734947775214238
115	89	0.14400205851120998
115	0	0.14334588881845106
115	5	0.1430716312700601
115	183	0.13695397866189987
115	79	0.13186757386178696
115	179	0.13069808387250725
115	164	0.12655774533250416
115	170	0.12344712496607985
115	193	0.11611390469440555
115	182	0.11485097520197488
115	101	0.113577803340906
115	64	0.11125750311179072
115	124	0.10857036534693583
115	160	0.10663305912048647
115	102	0.10284508004776588
115	60	0.09699905554160483
115	72	0.09640466630988068
154	153	0.6967519583937253
154	119	0.645625042055605
154	47	0.5508146347819919
154	171	0.485327580423579
154	17	0.4847081267591746
154	189	0.4688848758536753
154	49	0.452889969726349
154	149	0.4476520279260864
154	116	0.44620356602332345
154	48	0.4442151318321215
154	18	0.4397573992135147
154	148	0.4168636602714084
154	168	0.40881699584796616
154	82	0.3863819275380509
154	44	0.3779535610036199
154	188	0.3774648796479316
154	43	0.364746567510457
154	164	0.3634801324810951
154	120	0.3605778933606579
154	147	0.3328500544523917
154	16	0.322119324807107
154	186	0.307154098945035
154	151	0.2973043746504879
154	118	0.2917701142563561
154	45	0.27926986425141376
154	146	0.2757532877792192
154	117	0.2664698674828761
154	84	0.2656614556592482
154	179	0.25441712199782496
154	182	0.2536593957512219
154	105	0.23913835143529766
154	62	0.2265407017332407
154	187	0.2237592330736614
154	15	0.2232747126026822
154	192	0.20793303387687714
154	103	0.20301963730778605
154	35	0.20009354628464374
154	6	0.1955678908714588
154	102	0.18884578660082854
154	27	0.17606608734640766
154	67	0.1726725074082152
154	89	0.1708285546773633
154	104	0.16738007536590374
154	65	0.1647642671825009
154	137	0.15717615841782145
154	109	0.15178790621387153
154	33	0.15002889874394065
154	159	0.14443290708359371
154	38	0.14211155706705791
154	34	0.14187639601770474
154	1	0.13676753752724244
154	111	0.1299313298131614
154	66	0.1298133538323306
154	157	0.12935124588031072
154	169	0.12902675351662515
154	20	0.12554411092796644
154	86	0.11752438964440895
154	173	0.11391340439633175
154	64	0.11352844805653445
154	22	0.11198828292121467
154	19	0.1093806272597051
154	75	0.1078983313521722
154	25	0.10611894337635812
154	5	0.10589152791269077
154	59	0.101538865266414
154	13	0.09527612858509972
83	87	0.6730072403956927
83	191	0.6414066941604277
83	55	0.5719660966968027
83	88	0.4918516829691762
83	192	0.4630839379618923
83	193	0.4083754798328337
83	85	0.40709984270642907
83	76	0.36020374243156744
83	63	0.3560455213613353
83	89	0.30971487366266137
83	167	0.30207373789759323
83	158	0.26208884052643217
83	160	0.2601320165700365
83	58	0.2588729278695617
83	185	0.2385725826156525
83	173	0.22639839500199924
83	8	0.21922325136672646
83	66	0.21673726815653796
83	7	0.2127691294462872
83	79	0.2030100494580525
83	74	0.20102452899308704
83	77	0.19756752123178747
83	80	0.19023405378594171
83	15	0.1755137015523346
83	105	0.17543616486855462
83	59	0.1685365053330025
83	86	0.1676910935479672
83	54	0.16657321681238008
83	189	0.1631099557531146
83	72	0.15485409050531854
83	4	0.15202236817169887
83	93	0.15127984673428246
83	31	0.1496085503804523
83	187	0.1495401164541673
83	60	0.14737882626634113
83	82	0.1394062429539609
83	90	0.12717760520458468
83	6	0.12697099625974112
83	75	0.11729756027296966
83	109	0.11639012062400254
83	188	0.11103034429633776
83	73	0.10961774964118086
83	103	0.1011924615192595
83	161	0.09524243711235597
87	191	0.680728293037141
87	86	0.4783789129742079
87	88	0.5842426658199562
87	193	0.5563145597208455
87	55	0.5221128264390446
87	85	0.4708718705655047
87	192	0.4446885847121985
87	76	0.388404750986976
87	89	0.3474405777353355
87	167	0.3301084831314836
87	63	0.31815232555503914
87	77	0.2979059191993555
87	15	0.2768524391257041
87	120	0.2598056709039433
87	189	0.25915280156781323
87	117	0.255239976855528
87	7	0.2521898303610404
87	80	0.2518245983446252
87	153	0.2434893088197569
87	160	0.2387329002429318
87	47	0.2366855184825616
87	48	0.22347423440920228
87	158	0.2200988603949139
87	74	0.2192803670853559
87	17	0.2153740208807647
87	84	0.2008709897937751
87	119	0.19077373039987724
87	66	0.18778479563294884
87	16	0.1868198778871773
87	54	0.17451525061756173
87	8	0.1703236847202907
87	82	0.16807981933175234
87	116	0.16578558548963868
87	185	0.16093849834969248
87	187	0.15791729444152516
87	31	0.15412199045808178
87	73	0.15307723490470224
87	147	0.14125902213159133
87	4	0.1396219608324221
87	118	0.13734645458360367
87	188	0.1363357419287359
87	173	0.12979369081141945
87	58	0.1274137161989402
87	109	0.11736659659577622
87	179	0.11313358562975365
87	111	0.1091336115405726
87	59	0.1048729665863166
87	60	0.10476417514903777
87	168	0.10426963705150867
87	90	0.10329029971309958
87	161	0.09739626713459812
87	93	0.09590631699760267
55	63	0.6283530379754442
55	158	0.5930903971399833
55	74	0.5875328967445139
55	85	0.5905563979689055
55	88	0.5650833646999476
55	193	0.4994401830012072
55	73	0.4348806474755533
55	76	0.3821628831125219
55	191	0.3695138874044674
55	160	0.3425335144170153
55	54	0.3373507197578217
55	167	0.3266647425731995
55	7	0.3010010293125949
55	185	0.3004370971476541
55	90	0.293845491486562
55	58	0.24868440333901376
55	57	0.23822361107176654
55	31	0.23084325109237105
55	93	0.2196325474602013
55	161	0.20780865121440856
55	8	0.18255064576387614
55	86	0.17251727364797378
55	162	0.15581044487212048
55	79	0.15271588453156404
55	192	0.1526572833231575
55	123	0.14423707360217472
55	126	0.14086698164533126
55	56	0.13901399474237086
55	77	0.13696379108453832
55	60	0.13248656725011282
55	6	0.11886539018553086
55	195	0.11612376985856178
55	101	0.1071570030375366
193	88	0.7065345251782077
193	76	0.4690252904564431
193	167	0.4454263545700585
193	185	0.4391603110797194
193	74	0.4319894550093556
193	63	0.4182754967039977
193	191	0.39279443422267296
193	158	0.3404222068125892
193	73	0.3374216134037389
193	85	0.33663270617628643
193	160	0.2815364430544581
193	80	0.26029982835075705
193	187	0.2550716956662112
193	86	0.25203063548831955
193	192	0.2392043472298621
193	7	0.2310041857120889
193	173	0.21139389885484106
193	57	0.209138239935683
193	89	0.20058307719878835
193	194	0.19908537413859806
193	188	0.19637563067643404
193	195	0.1847730618289769
193	109	0.17634708320365358
193	135	0.1759691855673303
193	58	0.1646183356665115
193	8	0.16302234890448164
193	189	0.16177610717996174
193	90	0.1550785671547514
193	126	0.15296004466934746
193	118	0.15228611742331294
193	161	0.15026348821167862
193	93	0.13905322152859767
193	162	0.13512840261976006
193	147	0.13264375548623844
193	77	0.13162191303248955
193	98	0.13116002692731882
193	117	0.13043268665055568
193	121	0.12923325185873352
193	56	0.12215688039368272
193	170	0.121220948249475
193	54	0.11564034990800726
193	79	0.10365633821952652
193	31	0.0946409085815193
193	111	0.0934079064377203
185	187	0.5327448648781796
185	167	0.6186468645969837
185	160	0.4604640151657166
185	158	0.4238616054857268
185	162	0.4178133629637831
185	135	0.41424107115193615
185	188	0.4101403956732855
185	74	0.3853776334885489
185	76	0.3814538786119737
185	7	0.378467735005017
185	57	0.3777821178252489
185	75	0.37715613041088425
185	63	0.3307676829897632
185	31	0.3211062062395342
185	147	0.31758598128262705
185	161	0.3170823738487047
185	170	0.31198233871865183
185	186	0.2874460040519867
185	73	0.2826317528827384
185	15	0.2757625273549833
185	80	0.26909693185630706
185	195	0.2689670648068229
185	184	0.26719433193014186
185	191	0.2648061767913933
185	79	0.26087772629173706
185	85	0.25528671888667803
185	183	0.23948716131035036
185	100	0.2390440678960436
185	54	0.2337948552258688
185	88	0.23360577839421776
185	58	0.228503544648272
185	77	0.22645531885468725
185	60	0.2223528692916009
185	189	0.22214373604033766
185	56	0.21849013306198328
185	6	0.21551705836337773
185	169	0.1980095258850551
185	0	0.1955294204425337
185	194	0.19233428746090772
185	106	0.18180620131738304
185	68	0.1795716204029631
185	93	0.1783035650490633
185	116	0.17350674173658145
185	109	0.17170215597346505
185	159	0.17016832211291966
185	163	0.1634992883876724
185	101	0.16299314605025614
185	99	0.16274004268896144
185	98	0.15835604119099725
185	168	0.15548843970238688
185	90	0.15320418613447248
185	30	0.15209074968787106
185	103	0.14550000032403934
185	173	0.12410686004187085
185	126	0.12217658189947808
185	86	0.1209450533574202
185	120	0.12043262758350275
185	92	0.11915128291803312
185	84	0.11851046144607046
185	72	0.1150779353309605
185	8	0.11161303269299223
185	118	0.11138589208395687
185	148	0.10376515506832663
185	117	0.10376515506832663
185	182	0.09502244625356827
23	25	0.7169594329309836
23	22	0.6380097680803736
23	27	0.4283466135257309
23	26	0.4010251973928149
23	34	0.34445629790976695
23	40	0.3331079007001263
23	123	0.321142081410898
23	138	0.3156154992099096
23	20	0.26933808755709465
23	33	0.2577903408859111
23	18	0.2293374285475163
23	16	0.22368323716899155
23	145	0.22271405125305144
23	157	0.18818995314013148
23	139	0.18349781776842755
23	41	0.1783035650490633
23	126	0.15875573379749772
23	137	0.15053715453790184
23	144	0.1422193338554155
23	38	0.13890611883119794
23	93	0.13526584366282846
23	164	0.13516767202007485
23	62	0.12157564272886175
23	44	0.11462400308204032
23	48	0.101538865266414
23	148	0.10093511713202696
23	149	0.10047978245590458
23	119	0.10016300306087976
25	27	0.6239821763754657
25	22	0.5289239786833713
25	26	0.4411034538544004
25	40	0.2983614773363125
25	20	0.2968302641399709
25	16	0.2661632725763563
25	18	0.2418988509689307
25	34	0.23717632761324536
25	157	0.21865201159821548
25	123	0.21369502548249256
25	19	0.1991333919112664
25	138	0.1875339518050528
25	41	0.16592173444828442
25	33	0.15925283978066487
25	48	0.1533506620388683
25	17	0.1294397389928363
25	145	0.1285448805622149
25	119	0.11222526661708647
25	126	0.10624747764252572
25	136	0.09709117969033523
22	34	0.681189506649154
22	138	0.5573908268212096
22	33	0.4876785866744237
22	40	0.4834754224150681
22	26	0.4750096772363472
22	27	0.4708718705655047
22	137	0.4560083238000175
22	123	0.4226878067051151
22	139	0.3755681807297063
22	18	0.3467369542756143
22	41	0.3359852719421628
22	149	0.28706983607474273
22	136	0.2825673432580908
22	62	0.2567444699169755
22	38	0.22443357740988745
22	48	0.2191185353137009
22	42	0.2070047860071927
22	20	0.19055209144044905
22	145	0.18862397939880485
22	164	0.16230192857878753
22	35	0.1446972643346054
22	16	0.14256223755415334
22	47	0.13563887166843766
22	144	0.1328991721367068
22	44	0.12441207351063745
22	119	0.11743563178423395
22	134	0.11134638818064906
27	26	0.5781970150477311
27	40	0.500610143330444
27	41	0.3961803900906312
27	34	0.3658817419776531
27	20	0.3227196753738392
27	16	0.29583598078256657
27	18	0.2873450896341516
27	157	0.2790209032325011
27	48	0.24515365172269765
27	138	0.24022228764134124
27	119	0.22926163480958134
27	145	0.2172804252212158
27	17	0.18079071400716898
27	139	0.1774126679467004
27	123	0.1636355427855101
27	38	0.16103590666166795
27	19	0.1563860685214131
27	137	0.15132870208509885
27	33	0.1383568813143539
27	149	0.13312510292305002
27	47	0.1242939291510586
27	44	0.12298426056525208
27	144	0.10598051789294333
27	148	0.10423007177279993
33	34	0.7145649141867134
33	42	0.5879452712612955
33	62	0.5672779504225764
33	137	0.5551395756413776
33	138	0.4326724505023994
33	20	0.4167314555045191
33	139	0.3998580890495068
33	41	0.3887443549071176
33	35	0.3760920192655007
33	40	0.3603255717440504
33	49	0.3307320588088535
33	136	0.3266379436062004
33	164	0.3256817705965929
33	44	0.323454079512893
33	38	0.3194729122603392
33	149	0.3034634842392049
33	123	0.2939733978996638
33	145	0.2787995730548374
33	144	0.26989447177380665
33	69	0.2684011014214497
33	19	0.24441098729158064
33	43	0.2385065656946747
33	30	0.2293753243736135
33	171	0.20231962207722698
33	146	0.19351850596364173
33	18	0.19182384148869394
33	48	0.18574839698428947
33	5	0.16994497354458798
33	99	0.16680654828710004
33	47	0.1649004634230491
33	134	0.16228245535389973
33	124	0.15254984498653062
33	45	0.1374641889567603
33	67	0.12703986713313406
33	176	0.11737645883502093
33	126	0.11470295126495675
33	151	0.10214253861468392
33	17	0.1019842053241359
34	137	0.7013893728474531
34	40	0.6571097999247953
34	62	0.5757955491861968
34	139	0.6352443964164101
34	41	0.5798787425397367
34	138	0.5494827229711018
34	38	0.4846928254502062
34	42	0.462557454001985
34	145	0.3900593221467248
34	35	0.36830441923143103
34	144	0.35905446234368565
34	26	0.3328055931704192
34	123	0.3283520172227929
34	149	0.3201462036040862
34	20	0.3030003785501625
34	49	0.28906893003253026
34	136	0.2757625273549833
34	134	0.2757070891360724
34	146	0.259190114774018
34	164	0.25580080243369324
34	48	0.2272615737571879
34	171	0.1846668151892201
34	18	0.18420314300455806
34	47	0.14923703471017646
34	44	0.14425665745900973
34	182	0.13516767202007485
34	5	0.12661678387235206
34	43	0.12471726343752368
34	10	0.11003268377200626
34	157	0.10725585371562288
34	176	0.10320125908534833
42	62	0.533238849421224
42	146	0.5023915644617227
42	69	0.4436932438199383
42	137	0.44053142110180027
42	49	0.4020401107576238
42	67	0.3979072194449216
42	30	0.3920922640609053
42	68	0.3741328377540569
42	41	0.3626814139957752
42	139	0.35797384270851645
42	171	0.3533880291120306
42	134	0.33961741514678045
42	35	0.334058833265993
42	72	0.2846088049427639
42	64	0.2627499470967664
42	138	0.2516841053829911
42	136	0.2467226403871703
42	65	0.231855981750064
42	20	0.21880435687487115
42	164	0.2110786237082516
42	38	0.20241552681361852
42	40	0.20062146754791532
42	92	0.19441351667525408
42	144	0.17643428297301195
42	10	0.17613391656162922
42	99	0.16359661359435745
42	179	0.16264268953710978
42	149	0.1428267398888282
42	44	0.13833726411260516
42	19	0.130894662333575
42	43	0.13084551868261526
42	82	0.12325016794448285
42	159	0.12298426056525208
42	13	0.12139829936450595
42	101	0.11898369301979142
42	195	0.1182738254551655
42	106	0.1157390114976996
42	5	0.1137456071133362
42	47	0.11298550299912605
42	182	0.10644521573275348
42	145	0.1061486054450137
42	84	0.1045564754444013
42	123	0.10439822192737212
42	59	0.09941750154228178
42	169	0.09489560045740908
137	139	0.7124343372855082
137	138	0.6430869959092946
137	62	0.5450837292973465
137	146	0.4523174618552349
137	40	0.451187256036634
137	41	0.4388939168697805
137	38	0.4348806474755533
137	134	0.4305323705105104
137	136	0.4174583634492368
137	164	0.3930058415914701
137	144	0.3903645066201976
137	149	0.3851732584105872
137	145	0.34124417117836936
137	35	0.29839791611856964
137	123	0.28610607547432043
137	182	0.2323101277186739
137	176	0.22309417674961213
137	171	0.21354232675306875
137	49	0.19716388159085368
137	26	0.16047089483912969
137	179	0.13820974965594682
137	48	0.135000774137544
137	10	0.105545439655577
137	43	0.096759326852608
40	41	0.6819391644351966
40	145	0.477360347609717
40	26	0.4620149129129474
40	144	0.4529217647773585
40	138	0.43998322316179694
40	38	0.43175354377961095
40	139	0.4289343259766851
40	20	0.4065490767894411
40	123	0.30306395055563673
40	62	0.2911387268064708
40	93	0.2828985656011884
40	157	0.2505316634143867
40	10	0.22501277208099327
40	35	0.2109066369289868
40	136	0.20039111621469452
40	149	0.16902226208183538
40	134	0.14336547780141162
40	92	0.11662686280794585
40	69	0.11637039151128327
40	126	0.1145055780931371
40	104	0.11057599188199156
40	124	0.10858024746096412
40	13	0.0986025694480396
62	35	0.6428406249512475
62	49	0.5218145293398632
62	139	0.461566465798099
62	38	0.4543275418565868
62	41	0.4352535771048328
62	171	0.4168801846274129
62	145	0.3833663055096456
62	69	0.3824105016066308
62	164	0.3788703415813535
62	67	0.3649026100533631
62	146	0.3439450129020798
62	65	0.3302154023023031
62	182	0.3192394292366436
62	45	0.28982939189996976
62	134	0.27714788581379995
62	144	0.2648433715049472
62	92	0.2463093792580166
62	30	0.2385820134243811
62	64	0.2355996464393927
62	169	0.22223879914430728
62	183	0.209348607716432
62	138	0.2083348395812433
62	43	0.1921320477157848
62	20	0.1836524257960104
62	151	0.17888442754066242
62	44	0.16969247152974976
62	5	0.1488752552762922
62	68	0.14126882257663365
62	47	0.13928857307812484
62	179	0.13907283475808105
62	159	0.1377585078894631
62	176	0.12441207351063745
62	82	0.12410686004187085
62	60	0.12019610171580924
62	1	0.1094201485219048
62	153	0.09648095011626724
62	0	0.09638188001813328
103	106	0.6185913066586436
103	6	0.5436130289885481
103	109	0.5100297660456002
103	0	0.3955310504862859
103	188	0.3744338069478069
103	1	0.36202989025231497
103	101	0.3609954131851048
103	163	0.35691844185764715
103	105	0.3445708682603873
103	5	0.3394493188998524
103	187	0.31151287574903497
103	102	0.30551395088689354
103	99	0.3026915618857263
103	82	0.2883906200846491
103	147	0.2863539550146052
103	116	0.2741448270295205
103	84	0.264192350326231
103	111	0.2577903408859111
103	118	0.2392232027652584
103	79	0.2377141908530742
103	30	0.22355973802325446
103	186	0.2163941524152388
103	75	0.2085739762697896
103	64	0.2080956779811483
103	56	0.20424656007766087
103	124	0.19643331619338367
103	16	0.19551980274127115
103	45	0.1928061166418851
103	85	0.18411619533516008
103	192	0.18189322507868136
103	189	0.1809938423829241
103	161	0.17250757125333288
103	68	0.16797292494666005
103	20	0.16659266181486593
103	153	0.1654257328307897
103	76	0.1649393754798502
103	135	0.16298341170204675
103	148	0.15703961402236874
103	65	0.1568933097931879
103	117	0.15139709833413986
103	67	0.14431540835143353
103	13	0.14387475188578427
103	162	0.1436103306053944
103	179	0.13938663158129608
103	66	0.1370521016785119
103	43	0.13452949173479214
103	18	0.13273217093757328
103	164	0.13225077240284452
103	93	0.12921358583257378
103	168	0.1290070864239386
103	157	0.12547521361526856
103	54	0.12202881826017255
103	15	0.11968358222201599
103	44	0.11937801138409715
103	59	0.11794842903690722
103	7	0.1124326168801532
103	47	0.11010183573586013
103	80	0.10964738906217067
103	72	0.1091533732945332
103	38	0.10863953969440672
103	49	0.10718665846349512
103	90	0.10717677334269746
103	120	0.10515976833738397
103	126	0.09782117984631036
103	73	0.09639079640519746
103	89	0.0957666120303787
103	17	0.09480442813779463
106	109	0.5711715921931931
106	5	0.502780216306178
106	101	0.4983210173241547
106	163	0.4216770396387629
106	99	0.3977557080227616
106	0	0.3445444298595959
106	135	0.33035794801585344
106	30	0.3101397278346645
106	79	0.3021191747841345
106	56	0.2961370701314429
106	6	0.2641830482776357
106	188	0.25090651938332936
106	195	0.2461402920591013
106	117	0.22465198093305305
106	187	0.22014643769587144
106	7	0.21994660599578555
106	68	0.2179282260757801
106	192	0.19778853361211807
106	64	0.19632755837387889
106	162	0.19522163535646955
106	93	0.18987741862811136
106	54	0.18626971331126416
106	72	0.17657960976739653
106	147	0.17381709102610915
106	105	0.16658293932981902
106	80	0.1662231846265074
106	118	0.16064625460855447
106	161	0.15220797175636444
106	16	0.1491881479300578
106	116	0.1439628877493183
106	67	0.14324794221913745
106	57	0.13930818499735612
106	126	0.13889631176667416
106	43	0.13596278584985524
106	73	0.13508913279492998
106	84	0.1343232865309511
106	90	0.1281514698693521
106	100	0.127974421891113
106	20	0.12792524044908854
106	148	0.1258688962236157
106	186	0.1115340285852551
106	1	0.1096869079868266
106	65	0.1092719420058349
106	120	0.10186545196476617
106	85	0.0999848057229166
106	179	0.09943433348855912
106	75	0.09414239021339947
6	105	0.520576325826425
6	147	0.3981344458854117
6	188	0.3585404163698247
6	111	0.3504967821184913
6	0	0.33279670073645345
6	1	0.3195986178253511
6	187	0.3142642802398613
6	116	0.3069820141960586
6	66	0.2908092065166724
6	118	0.2873817865243238
6	102	0.28379068986166844
6	109	0.2600667521883514
6	8	0.2469855780387925
6	45	0.24691045670470266
6	186	0.24227540849167475
6	124	0.2272710572574061
6	148	0.2247184470918441
6	85	0.21352323867805534
6	84	0.20896610644220945
6	75	0.20750244988221492
6	67	0.19708699026589865
6	189	0.1967217233745845
6	173	0.18945324672859803
6	43	0.1860476839763933
6	153	0.18154511295111286
6	68	0.18149676044364693
6	7	0.17648272609280985
6	117	0.17495151132003442
6	157	0.1703236847202907
6	82	0.16850735732224498
6	72	0.16056831818463474
6	168	0.15595679991626646
6	101	0.15283308372625345
6	13	0.14962810266757898
6	64	0.1441783213537942
6	119	0.14377682047154794
6	73	0.1424936595493113
6	89	0.14206256650372506
6	76	0.13925915499440328
6	44	0.13866093404935154
6	18	0.13850400686588452
6	88	0.13771926676951188
6	120	0.13703247729029475
6	47	0.13549162835928066
6	5	0.13368495867280455
6	179	0.13343941838870313
6	60	0.13065876694654746
6	164	0.1276989977158252
6	90	0.12491414764476677
6	56	0.12266908821348455
6	59	0.11931886602710495
6	16	0.11453518464560235
6	31	0.10718665846349512
6	161	0.10696918091419713
6	65	0.10349805473757592
6	15	0.10330019301402027
6	149	0.10258782322331446
6	126	0.1020534767750317
6	86	0.09850750190524024
6	182	0.09842233570455447
6	79	0.09414437248744696
139	38	0.5620125130766859
139	41	0.4870838682855649
139	138	0.4428897512781684
139	146	0.4161941923676964
139	145	0.3715153939873851
139	134	0.36673024540301535
139	176	0.3518819140697409
139	144	0.3131102320531166
139	136	0.30834003091192624
139	182	0.26978320933395394
139	35	0.2530698377607618
139	164	0.20617191657624587
139	149	0.19480798859763326
139	26	0.17262399777918244
139	48	0.14614596583311493
139	10	0.14430561660667374
139	123	0.14257203430027074
139	171	0.1351971237916514
139	49	0.13282058427652993
138	123	0.601012042468177
138	136	0.4872592809713221
138	144	0.4460033180952434
138	149	0.41576417249612896
138	41	0.30056445504708884
138	26	0.2958998531348337
138	145	0.2665070268391713
138	38	0.2295174275273895
138	134	0.19094717341117948
138	176	0.18994489399077047
138	164	0.18569046648674808
138	126	0.16412211463930645
138	18	0.16153264021546312
138	19	0.1283678507495345
138	98	0.12350621017681525
138	146	0.12268878721104873
138	93	0.11445623338703675
138	20	0.10798728270364708
138	35	0.10685055248069604
138	56	0.10161803981180886
138	44	0.10132112863706128
89	179	0.7108549425802598
89	192	0.5979241798098444
89	66	0.4831152023750676
89	173	0.5287222817786533
89	72	0.4745061840763299
89	82	0.4110050827827698
89	45	0.3577296989198892
89	153	0.32552085351575977
89	18	0.31478690293915873
89	60	0.3142462553673289
89	189	0.3131643487553371
89	80	0.2781630838626724
89	88	0.27792318394025783
89	17	0.2776555623539593
89	44	0.26971830291691634
89	59	0.2696904851307236
89	68	0.26958848273049124
89	43	0.2560904948966455
89	116	0.2545948150724628
89	47	0.2535190418753205
89	149	0.2496317027107469
89	86	0.2370536366703656
89	98	0.2366288788803627
89	118	0.2341256971281468
89	105	0.22448105835549845
89	168	0.22119287296847875
89	151	0.21296961363788866
89	164	0.2117377852126428
89	157	0.20757900402990126
89	35	0.2065261619990628
89	119	0.1971062133244892
89	183	0.18371040146428844
89	49	0.17513568966963527
89	188	0.16086056944253793
89	76	0.1497942923818989
89	84	0.1497160865112847
89	191	0.146449330899935
89	182	0.13829802938346675
89	187	0.13369477994299292
89	124	0.12879074170946514
89	38	0.1258688962236157
89	120	0.12154608604017658
89	109	0.11045745755571212
89	16	0.10792798199468842
89	69	0.10592119142797793
89	102	0.09367058779459367
179	173	0.6109526711564653
179	72	0.484095843041197
179	45	0.4528422749898588
179	192	0.4492418288362383
179	164	0.4247717557853351
179	18	0.4217181481957141
179	183	0.4204265125968061
179	153	0.3966271080311419
179	43	0.3609171392341785
179	44	0.3417212015331788
179	182	0.33896260229239394
179	66	0.3381126257875914
179	47	0.3375545286736905
179	171	0.32254945305629623
179	82	0.31489500795972303
179	35	0.310871632623335
179	189	0.28843646096611925
179	149	0.2725163164426553
179	116	0.2724607714430705
179	60	0.2712383225325036
179	68	0.26586591698411605
179	17	0.26325259546092256
179	151	0.25403362052539
179	59	0.243846746653748
179	105	0.2320168366849675
179	168	0.2287973375280451
179	49	0.2248798561994377
179	118	0.220707770693339
179	38	0.2177091384219008
179	80	0.21673726815653796
179	67	0.21268320216429867
179	15	0.20531001305195476
179	16	0.17508722287075215
179	188	0.1737686012237884
179	119	0.16416103694102474
179	157	0.1508010252190356
179	98	0.14101400201170364
179	145	0.14091598912478778
179	186	0.1393376026712914
179	124	0.13233919722611107
179	170	0.1308062032988569
179	69	0.1295773908470259
179	148	0.12796458565305205
179	146	0.12604604047202475
179	176	0.1251700824053196
179	48	0.10786868051770013
179	20	0.10277581994699904
179	5	0.09685244594285122
179	109	0.095250364537341
192	82	0.4159461266838175
192	189	0.3845258214235617
192	173	0.379846280919748
192	191	0.3623600398735461
192	153	0.33269888005670634
192	109	0.2968485018675841
192	59	0.28525197518107803
192	116	0.2851784829992792
192	76	0.28181264088761515
192	168	0.28161010037382195
192	80	0.2785874371720427
192	66	0.2732845024429185
192	72	0.2714421249177575
192	88	0.2709789025009107
192	18	0.26387605311020546
192	17	0.2585370220489825
192	118	0.2476146025967149
192	151	0.2108588605056834
192	45	0.20992223949045646
192	60	0.20172492615813814
192	105	0.1931527098583059
192	16	0.19251725220168614
192	187	0.19228613662180166
192	86	0.18231863354055974
192	188	0.18133235535519104
192	15	0.17970710256069325
192	43	0.17743203837287164
192	149	0.1695856370448281
192	119	0.16131837301911595
192	47	0.15675675296609287
192	186	0.15292098030136736
192	148	0.15077170731488548
192	167	0.1329875814819146
192	183	0.1302262536632192
192	120	0.12608540476936247
192	44	0.12211747709330548
192	84	0.1194568705420368
192	5	0.11794842903690722
192	164	0.10990425587055982
192	111	0.10550588508219916
192	98	0.10326061968771916
192	102	0.09473406580374716
192	85	0.09392334433612293
66	173	0.3954129462207767
66	60	0.3429218310151788
66	147	0.342462898818789
66	105	0.3293598118606053
66	47	0.30680990937168096
66	82	0.3040625847039041
66	170	0.2834780423396425
66	85	0.26603318573407225
66	118	0.2652338684005693
66	116	0.26456439195097986
66	35	0.24965983302046196
66	86	0.2449750624657641
66	72	0.2427648241551535
66	188	0.2381198509069677
66	8	0.21880435687487115
66	102	0.20876526766684214
66	189	0.20872701066487254
66	111	0.2069282128177891
66	148	0.20176329813066107
66	183	0.20121643910254894
66	18	0.19933505611247335
66	45	0.18971354242370145
66	153	0.18892293241668165
66	168	0.18889400300895925
66	44	0.18629867225724733
66	119	0.17995869419259045
66	98	0.17877794540603814
66	1	0.17317695785498766
66	182	0.1673217557456589
66	67	0.16172741536158644
66	59	0.15649337644875214
66	80	0.15385839296416576
66	171	0.1475353472911948
66	191	0.1470168431356792
66	187	0.14205276830753386
66	157	0.13880804696023144
66	43	0.13405814846278766
66	0	0.12906608739747433
66	38	0.12517992571750314
66	151	0.11533448448704932
66	16	0.11470295126495675
66	186	0.11459439714010515
66	92	0.11065501301879728
66	65	0.11052660296147032
66	75	0.1068999813645514
66	88	0.1028648684648506
66	109	0.10270655884966816
66	149	0.09812028116823272
66	15	0.09532765629765123
66	184	0.09484208646268526
173	183	0.4161941923676964
173	72	0.3474405777353355
173	105	0.33309901027924704
173	60	0.3149400493072189
173	45	0.3029368038479034
173	164	0.2803666891526837
173	170	0.2691804126499973
173	153	0.2566884241170458
173	171	0.2481871151258365
173	182	0.2458584467685245
173	116	0.2282665845841341
173	189	0.2187472286457406
173	18	0.20968324378946554
173	124	0.20324014710347896
173	188	0.19742337189980155
173	151	0.1936147591594284
173	168	0.1914192633994281
173	82	0.18179653183475208
173	186	0.17522292776845266
173	43	0.1704693294745492
173	44	0.1702654247344319
173	47	0.16158133518243845
173	157	0.1608508281880964
173	88	0.15809280063390727
173	187	0.15714689941020893
173	8	0.15207121226036727
173	149	0.1512016766357666
173	111	0.15006799816245978
173	59	0.14942279781904086
173	15	0.14921748008566418
173	35	0.14881658458278374
173	80	0.1476918609266602
173	118	0.13215252013045822
173	67	0.1317791378275929
173	191	0.13137623603548632
173	121	0.13069808387250725
173	119	0.1246877299589065
173	98	0.12273803428197914
173	167	0.12024537906447752
173	17	0.10981534209641096
173	102	0.10952883020877087
173	148	0.10907432576114956
173	147	0.10866918552128904
173	184	0.1000937048590176
173	194	0.0966454022576778
173	144	0.09534251996596553
88	63	0.5300610058149112
88	85	0.4745449253512125
88	76	0.44835540540283625
88	86	0.4103566366717467
88	74	0.3782021075749846
88	90	0.3447999781679828
88	191	0.31356114241450866
88	73	0.2960002186280947
88	80	0.2843422735814925
88	60	0.27702786691386755
88	167	0.23531627857750406
88	93	0.2104574987972036
88	8	0.20981708447082872
88	158	0.20408364625429196
88	126	0.19782696849585732
88	31	0.1929697916617613
88	68	0.1873602763612752
88	111	0.18029733805302967
88	189	0.1789812258449272
88	161	0.17749983378174866
88	7	0.1736134281951239
88	58	0.1661648418535285
88	194	0.16324622796032154
88	102	0.1488068060319904
88	84	0.1419449863125764
88	54	0.14125902213159133
88	160	0.13474550373759828
88	109	0.13300722771572132
88	118	0.12862355785005655
88	79	0.1275907899700213
88	4	0.12647902588469995
88	98	0.12093519962256224
88	72	0.11991028142085262
88	188	0.11587713388610685
88	116	0.115551552526224
88	195	0.11472268808433612
88	15	0.10723608374957973
88	105	0.097291271570499
76	84	0.4555329599499625
76	63	0.4288527209422371
76	73	0.4250175951369221
76	77	0.3815735012343091
76	86	0.3741844380728555
76	85	0.3535455401332362
76	167	0.3340232966033218
76	74	0.3258605452263418
76	187	0.3230063184059049
76	102	0.31634462600413205
76	188	0.2987440411541629
76	191	0.2564548813717503
76	189	0.2498192301482881
76	147	0.2369498153504825
76	75	0.23385157482809585
76	8	0.23384212167158036
76	31	0.23140173468560976
76	58	0.22266653080134868
76	59	0.2175948231082252
76	163	0.21121238216872634
76	7	0.1988932934903088
76	111	0.1811872836238141
76	1	0.17523262072072388
76	54	0.15669822677647655
76	105	0.15620070977047484
76	158	0.14831784142486748
76	82	0.13990629596695228
76	109	0.13643388184695818
76	56	0.1334983495521052
76	60	0.12642982542079906
76	57	0.1262133359928995
76	104	0.11871750689705685
76	117	0.11702140365122796
76	4	0.10730527825962027
76	161	0.10550588508219916
76	100	0.10404213219565364
76	162	0.10246908467352574
98	80	0.532759188383741
98	38	0.4428897512781684
98	176	0.362611935004669
98	60	0.3301084831314836
98	93	0.31955372427181844
98	183	0.3137955599447185
98	35	0.309380326962813
98	79	0.3017647306775552
98	170	0.2892705338220633
98	135	0.2632805161825375
98	195	0.22387322182906355
98	72	0.2154026291168459
98	92	0.20591337904264995
98	118	0.2017824838846694
98	194	0.1934511265098604
98	182	0.1866075475304362
98	68	0.18475374457928087
98	167	0.18257964586289974
98	18	0.1631683588900166
98	45	0.15683478617297975
98	44	0.15643484530985058
98	19	0.1534873668034712
98	123	0.13402868749192706
98	160	0.13006896380758132
98	69	0.12461881764964285
98	149	0.10711746217300648
98	145	0.1050312041955314
98	126	0.10107368886727416
98	74	0.10068765786731752
98	43	0.09968779591129903
98	17	0.0946101861553425
80	45	0.40774202895830425
80	60	0.4035983003287397
80	183	0.3726181986371087
80	79	0.3380949120707635
80	135	0.3130831729394727
80	68	0.300091357423291
80	43	0.28944462553771355
80	182	0.2847558378985133
80	189	0.2743575278754544
80	15	0.2643225738450962
80	167	0.2523021949947704
80	109	0.25096274129198715
80	18	0.2468071600246652
80	93	0.24346108722492096
80	116	0.22691065395996035
80	38	0.22401569916054828
80	82	0.22336022424036267
80	72	0.22263801802241015
80	170	0.20909042637591085
80	44	0.1992678365871603
80	86	0.19862435491192945
80	187	0.19659675110600788
80	160	0.19385537583893936
80	118	0.1907930024340185
80	7	0.18334320066210286
80	17	0.17942645338889854
80	35	0.17272101619962735
80	188	0.1674675525998257
80	164	0.15691281742175986
80	176	0.15292098030136736
80	0	0.15042964551592286
80	168	0.15000934885869147
80	195	0.1474766527724163
80	74	0.13818032259198945
80	92	0.1278957312818627
80	153	0.12023552364213905
80	162	0.11975257895266925
80	16	0.1190034098304851
80	194	0.11339025028011683
80	47	0.11204753004051393
80	147	0.10830354016324913
80	85	0.10760181437793427
80	186	0.10430920200018223
80	191	0.10285497426648492
80	148	0.0955842963287332
176	38	0.3888122630211833
176	35	0.3414473722819086
176	182	0.20628681290998446
176	183	0.1904364460085729
176	170	0.18357512291750647
176	149	0.17675399175835305
176	136	0.17642459424648016
176	146	0.16424861025079254
176	145	0.1419253892245276
176	69	0.14039647475072947
176	8	0.13434292562328265
176	164	0.1314646816150937
176	13	0.12517992571750314
176	10	0.12321077537445416
176	171	0.11650849337092267
176	44	0.1036266604663404
153	189	0.6078283279537419
153	17	0.5398897615995719
153	47	0.5334320488097024
153	119	0.508051625021623
153	168	0.5036390132357746
153	82	0.4182837471255765
153	116	0.410007301363511
153	18	0.4052293759809428
153	49	0.4005635472809536
153	171	0.3959274477054234
153	48	0.3568049973951695
153	120	0.3364198861651785
153	45	0.3339788744395907
153	15	0.323454079512893
153	44	0.29012248436253546
153	188	0.2881889045028151
153	164	0.2840021525095796
153	186	0.2833492876026724
153	151	0.28090101102663256
153	43	0.27579024577651906
153	149	0.2654941513423437
153	118	0.25863966657635873
153	84	0.2500254886864382
153	148	0.24537921437185645
153	183	0.23456988524162325
153	187	0.2323952688187317
153	111	0.23173296647843505
153	182	0.2265786485617788
153	105	0.22656916191912416
153	65	0.21845204224663475
153	86	0.21623210694859615
153	191	0.20829657539860855
153	16	0.20527169882538174
153	170	0.1975771308835472
153	35	0.1940382289195181
153	109	0.1875436000971278
153	169	0.1792715999609999
153	147	0.1762405019489142
153	102	0.14783858574218306
153	117	0.14171961308591466
153	19	0.13343941838870313
153	146	0.12785638537331998
153	60	0.11975257895266925
153	59	0.11557128543739215
153	72	0.10787856415051607
153	67	0.10570365460803506
153	38	0.10020260159711904
153	1	0.09668007522869702
153	64	0.09633333497278083
189	82	0.5567356303849885
189	168	0.5540178193144114
189	17	0.4583733407963469
189	187	0.4393459341181136
189	169	0.4103150554470878
189	116	0.4066575843743153
189	84	0.3933693650919597
189	188	0.3911270924932612
189	60	0.3822738912958799
189	15	0.36382723487397
189	45	0.3508212862628676
189	86	0.3444034158253667
189	183	0.3381657655006321
189	171	0.33023322134038
189	65	0.3271381043520157
189	18	0.3268969782814793
189	151	0.32600354815408994
189	119	0.3191406362872453
189	167	0.3162816297838069
189	47	0.3159305997891541
189	186	0.2986620712706541
189	170	0.27955566208600025
189	49	0.2756886093221545
189	147	0.26892995813890186
189	118	0.24171054487205576
189	44	0.2318370568062348
189	109	0.2295932118757585
189	68	0.2256012988379288
189	191	0.2254019775464268
189	102	0.21857583496205807
189	64	0.21424847079762546
189	148	0.2088704711274384
189	43	0.20312510108508214
189	59	0.2004199113435935
189	105	0.19249799338538348
189	111	0.19155412999748184
189	160	0.1817868623169633
189	48	0.17198359227903534
189	120	0.16912911755694068
189	35	0.16457941937813636
189	85	0.16317809263500044
189	16	0.16283739267221345
189	72	0.16207797886350298
189	184	0.144070606258627
189	8	0.14186659729292053
189	1	0.14069054900477396
189	182	0.135020409580345
189	67	0.13437238406389784
189	164	0.12975436446335492
189	75	0.1214475621880893
189	31	0.11269919568599272
189	4	0.10831342285597736
189	194	0.09936007447390688
119	17	0.465781932626893
119	149	0.461920522613804
119	120	0.4479638204643379
119	148	0.4208051304586992
119	116	0.4168388732207688
119	47	0.4013188687383295
119	18	0.37934985586192543
119	118	0.3682266249860346
119	48	0.3267808653602015
119	49	0.31796356933610936
119	147	0.3107632255204086
119	16	0.29420177602096464
119	44	0.291431575750742
119	188	0.275402146154081
119	117	0.2691989633882338
119	171	0.2669714519165185
119	168	0.25044731046293034
119	43	0.22090753192853327
119	121	0.19768283454632066
119	105	0.19211278593624648
119	15	0.19182384148869394
119	146	0.18826711874154656
119	86	0.18814172345927774
119	187	0.1863083251673109
119	82	0.1768605530689619
119	19	0.1746218984568506
119	111	0.1550297692445161
119	104	0.15339948584319207
119	182	0.14339486106521968
119	84	0.14273857470874166
119	186	0.1376407832326989
119	164	0.13486332306986445
119	109	0.12872190218282553
119	136	0.12644950568101784
119	102	0.1245991281975662
119	191	0.1243037746490127
119	157	0.11847102304831587
119	45	0.10976594479569103
119	20	0.10780937827309417
47	48	0.6703067790578539
47	17	0.4845244914727718
47	44	0.4698127325947874
47	18	0.4569978297667345
47	49	0.4495450861281197
47	15	0.4378114022176687
47	82	0.39895037481968704
47	77	0.3984878121404367
47	171	0.38427867330151705
47	116	0.379478262607329
47	43	0.3613693185154863
47	84	0.36093453388498775
47	86	0.33200503720657804
47	45	0.3266379436062004
47	120	0.31879929819180663
47	149	0.29448491823624817
47	164	0.27255334543328624
47	151	0.2578650228767797
47	147	0.25457611134762503
47	16	0.2488345023361739
47	188	0.2432070743249522
47	146	0.2387706201468061
47	182	0.23822361107176654
47	168	0.22755554221227264
47	148	0.22663556751487424
47	75	0.2199085407212923
47	117	0.21068685704184892
47	186	0.20959719920155345
47	35	0.20325932089439086
47	59	0.19436540603839955
47	67	0.17775163054600693
47	191	0.17621143361666822
47	184	0.16434591089172176
47	118	0.15550795610859516
47	5	0.155117604938094
47	38	0.14715381436229033
47	104	0.13166121985240342
47	159	0.11878651975418066
47	183	0.10530810720984768
47	72	0.1020534767750317
47	111	0.09833122607979433
47	102	0.09688216444460447
47	187	0.09603908275567624
72	68	0.3418095211768572
72	45	0.3206038571094733
72	67	0.2928767159821066
72	164	0.2496129489368586
72	183	0.2459899797476573
72	18	0.2390534964528409
72	60	0.2384216835572278
72	195	0.23209252873485925
72	43	0.2318465193000877
72	79	0.2255443518239201
72	64	0.20712921203052415
72	44	0.2030771635885912
72	35	0.2001991398430739
72	69	0.1902533299326952
72	135	0.18700324005970104
72	194	0.18670406349137428
72	90	0.17992966558982912
72	59	0.1756203109371122
72	82	0.17358433229226294
72	49	0.16713706922477714
72	182	0.16049037975843
72	31	0.14812223526151574
72	171	0.14544127002639998
72	160	0.13795470699992854
72	54	0.13522657532432122
72	161	0.13339030836500246
72	105	0.13240797063248094
72	167	0.1311698548849015
72	5	0.12933158046433466
72	30	0.1281809770719246
72	116	0.1245695938354588
72	151	0.12130962477513835
72	38	0.11946672783082207
72	169	0.11783009678245225
72	93	0.11478189799899215
72	92	0.11401210564529307
72	7	0.11135626418947056
72	99	0.10745354870856663
72	17	0.1014003067174107
72	149	0.10022240074621053
72	147	0.09677517703019088
72	19	0.09665927147423847
92	69	0.6015547319450919
92	90	0.5743833860900636
92	93	0.5499153781360474
92	194	0.4964545576263691
92	60	0.4752264708223762
92	65	0.4552159063065586
92	67	0.4450575451616328
92	183	0.42379597595328816
92	79	0.3984036880421168
92	68	0.39540450970139823
92	35	0.3825727046389013
92	31	0.3631242477654073
92	30	0.3150121125126454
92	64	0.2876936760186264
92	169	0.2767785692716217
92	195	0.26569863222381224
92	170	0.25020360280146325
92	41	0.23053081254285315
92	54	0.2097310449351344
92	145	0.2052621201704232
92	162	0.18420314300455806
92	7	0.18158379432507424
92	167	0.16038321115473345
92	144	0.15232518954282406
92	63	0.14427624120284102
92	124	0.1355210775001278
92	126	0.12857438473483818
92	57	0.12594762799233433
92	45	0.12014682377484287
92	100	0.11904284317029395
92	160	0.11502859719367507
92	161	0.1138837935830596
92	74	0.10526855063514146
92	159	0.10253834918265768
92	20	0.09807571421301227
92	82	0.09517307162853957
92	135	0.09384603185426653
65	67	0.5632290674170045
65	169	0.5232611673235533
65	171	0.4030875385138021
65	64	0.40048798516107575
65	49	0.39044926486645104
65	170	0.3676905689982233
65	35	0.33208511435259463
65	183	0.3307231526163454
65	60	0.3280843353768253
65	69	0.3044164856372161
65	68	0.2578090116724485
65	30	0.2480088101202929
65	90	0.2473235872948891
65	82	0.2417952848695221
65	146	0.2332843072377461
65	31	0.22581958144017825
65	1	0.21157540096036392
65	84	0.2104861698454099
65	134	0.1876690246002363
65	168	0.18670406349137428
65	111	0.16757446563797426
65	135	0.1589799288292345
65	194	0.15379981276775787
65	45	0.1531748901455127
65	182	0.15041009803868002
65	0	0.14352218561979976
65	187	0.14237609407275684
65	188	0.13797432631577072
65	79	0.13523639244877886
65	13	0.12649870589603535
65	105	0.12536694396455342
65	102	0.12381146980655898
65	184	0.12093519962256224
65	86	0.1193977263148319
65	160	0.11470295126495675
65	147	0.10694940972001488
65	116	0.09903332167197956
69	68	0.5768707712648639
69	35	0.4971776043601202
69	67	0.4566892251164358
69	90	0.3991437499500877
69	194	0.3863734204151204
69	20	0.3602298497473592
69	30	0.3417476980601508
69	60	0.3100493436968728
69	45	0.30200103602429235
69	93	0.2981246040549471
69	64	0.2727477343858609
69	31	0.2616324403249945
69	183	0.25345353974632645
69	195	0.2341635041803803
69	41	0.2309284533473963
69	124	0.2293753243736135
69	49	0.22920478768150934
69	126	0.220412851219784
69	171	0.213933596341192
69	145	0.2091860524955013
69	44	0.1964910003505864
69	79	0.1864048522894059
69	144	0.1839519529874728
69	43	0.16881825423390864
69	169	0.16289580114049124
69	84	0.14412936037029678
69	1	0.1408865847199698
69	54	0.13947488189699978
69	157	0.1290169199829688
69	59	0.11324217636503542
69	0	0.10914349242833724
69	57	0.1088272933322072
69	146	0.10481362611334236
69	13	0.10310232311463413
69	151	0.1018456594558514
69	170	0.09892836017600892
157	20	0.4848152276151626
157	124	0.4501433162290533
157	126	0.3289942384480857
157	145	0.3064384569181246
157	26	0.3056590095909926
157	44	0.2940830235888526
157	43	0.2809470651108625
157	188	0.2699501002913565
157	147	0.25338803529304665
157	19	0.2521242811837266
157	41	0.22120238368457087
157	187	0.21589844642380565
157	45	0.21575543361431695
157	105	0.20553030763913704
157	144	0.19339337123986125
157	102	0.19193942326123886
157	163	0.17810023379244272
157	84	0.17532954837477568
157	111	0.15937954016618247
157	148	0.15741997274609834
157	17	0.14930547497662008
157	151	0.1473886090467387
157	116	0.14684072898845682
157	1	0.14456998378987315
157	0	0.14112181299459045
157	123	0.14049450225711882
157	118	0.13658108670267727
157	35	0.13638481222246687
157	149	0.122481942917906
157	77	0.12060015846891373
157	38	0.11423910997375095
157	93	0.10637600835806764
157	64	0.10309242940532412
157	68	0.09669889760041757
63	85	0.594197769845509
63	74	0.5584652238567717
63	158	0.4885850420158614
63	73	0.4419809478452142
63	90	0.390305171910305
63	31	0.3788018229235829
63	160	0.3709722218506771
63	167	0.3673186446497719
63	7	0.334076601241198
63	93	0.3323520035986519
63	57	0.32286300429358644
63	162	0.31003126619668736
63	161	0.3057405988775943
63	58	0.2732937555734381
63	54	0.2720719056128781
63	56	0.26867946725361674
63	86	0.2641737461798914
63	191	0.2359679647727811
63	195	0.20910955191980088
63	60	0.2057793112233894
63	194	0.1972696032019517
63	79	0.17758699683189555
63	163	0.17521323478221282
63	126	0.16951764938803845
63	134	0.1609774620508313
63	135	0.1440803986811228
63	100	0.13708153805911627
63	64	0.1340777889783822
63	184	0.11570941326050185
63	101	0.10739424110217684
63	147	0.10685055248069604
63	8	0.10424985445340104
158	58	0.2883997883667108
158	160	0.5331959086676469
158	57	0.4939411472981529
158	74	0.4745371772433064
158	73	0.4500316772550078
158	7	0.4119437609763096
158	167	0.3935806594440282
158	162	0.3350268415260152
158	31	0.33278780824329995
158	85	0.32209243737306864
158	54	0.3157325446982377
158	191	0.3140659941822544
158	161	0.3023645102467665
158	195	0.27508790449794485
158	135	0.2371291396842107
158	56	0.2312597617731802
158	77	0.22701498762641645
158	99	0.20544410788853254
158	100	0.18524628981426375
158	30	0.16963419866860532
158	75	0.16002270720477094
158	90	0.15980833325989635
158	159	0.15808305055182956
158	79	0.15189537006661766
158	117	0.15013642101529728
158	134	0.14986272098117004
158	194	0.14648847277436125
158	93	0.11780051319583727
158	170	0.11532461749610272
158	136	0.10930158369793656
158	126	0.0988392401966054
74	73	0.3996480396792423
74	167	0.3615518812238481
74	85	0.3554603166849323
74	160	0.3075344255297371
74	60	0.2743482805706151
74	31	0.25969376729409344
74	162	0.2253545173141589
74	170	0.21924229010657045
74	7	0.21791870098213972
74	86	0.21483039420454966
74	54	0.20411239657421915
74	58	0.1757850627928695
74	57	0.16623290830887294
74	75	0.1642680706347437
74	191	0.15463935874697907
74	93	0.14739839179829894
74	8	0.14143542590429367
74	161	0.1366007135611966
74	90	0.1282596618358549
74	135	0.11682413783877625
74	100	0.11495952284807323
74	194	0.1138936638766342
74	79	0.09982640270402517
74	183	0.0982034717648471
74	184	0.0956477112138196
41	145	0.5541356291410899
41	38	0.4671746005068795
41	26	0.34286006120927764
41	144	0.3414738744211869
41	93	0.3302599494561623
41	20	0.2848844807450101
41	134	0.2698017535742922
41	35	0.21512606735354373
41	30	0.20261691412068145
41	10	0.188749351053117
41	146	0.18190289420964026
41	123	0.17606608734640766
41	67	0.17027513481475007
41	136	0.15994475478835035
41	49	0.13332155323133152
41	99	0.12843669664943258
41	64	0.12775801884149698
145	144	0.5269621097979839
145	38	0.5343900667801275
145	20	0.35712785012983145
145	93	0.31710935735506257
145	35	0.29742287938380924
145	164	0.2792329835057294
145	26	0.2741818204083916
145	182	0.2609336419851559
145	194	0.2322817465607487
145	124	0.22904371232868825
145	195	0.2257056976926667
145	123	0.1835557968430684
145	183	0.16235061108788273
145	44	0.1420037769090557
145	43	0.14121001949109555
145	149	0.137307208929958
145	45	0.13668903309720706
145	126	0.12103373589833258
145	49	0.11105997436551313
145	19	0.10020260159711904
191	167	0.3553816858529383
191	160	0.3383517375132901
191	85	0.3177028645450895
191	15	0.28526116146798025
191	117	0.2817942291511356
191	86	0.2761690182195169
191	7	0.26548485618910994
191	77	0.2507659572064089
191	31	0.24994111293506746
191	120	0.24398782230718605
191	184	0.18347849112648468
191	79	0.18116794013035567
191	161	0.17603701717088166
191	16	0.17552339348472928
191	187	0.16784659012612088
191	48	0.16489073532863613
191	188	0.16204876679960972
191	54	0.15575190093856914
191	8	0.1545515097243884
191	170	0.15153388648254634
191	82	0.15124076192147465
191	84	0.14773098818005692
191	116	0.14318917291247002
191	75	0.14301285893511184
191	58	0.12312214067239105
191	147	0.12258044152851348
191	57	0.1081454141695916
191	105	0.1033694455480498
191	186	0.10316168494200044
191	168	0.09996500562255256
191	135	0.09803213725420296
191	4	0.09685442718167488
191	73	0.09499073509364374
86	84	0.42847724764013617
86	31	0.3845087784946418
86	85	0.3694102676718513
86	60	0.35689226330057083
86	77	0.3169294576167876
86	82	0.2928584314104219
86	48	0.279048567420993
86	49	0.25574472761615313
86	147	0.2355240855908573
86	117	0.23360577839421776
86	111	0.2310893812765675
86	7	0.22360723854443146
86	17	0.2152405108916372
86	104	0.21437250002948613
86	167	0.21426755266771288
86	15	0.20005514747442066
86	102	0.1948945715656467
86	120	0.19129402365707676
86	146	0.17349704276564776
86	168	0.16751614992380282
86	8	0.1592041074660164
86	169	0.1521688982091597
86	116	0.14412936037029678
86	187	0.13939643728129725
86	1	0.13534437906493132
86	64	0.13429382769460882
86	54	0.12587873778143752
86	160	0.12515039570702913
86	68	0.12454990413808086
86	10	0.12291531873083572
86	188	0.11967372545181792
86	159	0.11511740543200595
86	45	0.11434767304590948
86	75	0.10659351377620582
86	161	0.1038838615247568
86	118	0.10267687521733287
86	184	0.09682966164121536
195	194	0.5234499530505976
195	93	0.5150728025655179
195	79	0.4426646457418098
195	90	0.3941298301456907
195	135	0.3664965348570197
195	160	0.3609258365909739
195	7	0.3185657034129661
195	167	0.2843055071844843
195	57	0.2811773161206306
195	99	0.248825121498927
195	161	0.2473235872948891
195	126	0.2347872182152993
195	144	0.23283983667407204
195	19	0.2214781761416955
195	162	0.21109773254387196
195	56	0.2022716682536409
195	30	0.18758219290351646
195	183	0.17717052602567096
195	31	0.17440859868362588
195	170	0.1624674458846274
195	68	0.16012988851832946
195	54	0.15027326240583236
195	124	0.13447057715036673
195	121	0.12791540408517715
195	163	0.12630190130407284
195	101	0.12419547282571684
195	20	0.12073811992291693
195	123	0.11739618324405293
195	73	0.10040058951442496
195	38	0.09826982518540164
194	90	0.5849469919918996
194	93	0.4623216091009911
194	183	0.3931326660753757
194	167	0.37924711994325294
194	31	0.3208999061220025
194	60	0.3187543791254622
194	161	0.2956443478548618
194	160	0.29069019611742863
194	79	0.2817758172071222
194	169	0.28161010037382195
194	162	0.2677142741032849
194	144	0.2672129039746722
194	126	0.2642760665516408
194	7	0.25581949365705564
194	57	0.23588297424729274
194	135	0.21945170522241925
194	30	0.21016121010750796
194	68	0.18105187622636948
194	35	0.17789688732564884
194	170	0.1690805473791699
194	64	0.16384964422445306
194	54	0.16158133518243845
194	67	0.14924681197865955
194	99	0.12065928537710655
194	163	0.09750720348831876
194	20	0.09489163647660437
183	60	0.58834426353296
183	170	0.5067819023002033
183	35	0.4800274914943001
183	182	0.45535066821785
183	45	0.4214796944369084
183	169	0.3757914855402895
183	164	0.3499089523208716
183	167	0.31413810137449105
183	171	0.305432349133048
183	15	0.2883814517497064
183	67	0.25814505289438777
183	18	0.253603255482202
183	160	0.24065569461448424
183	68	0.24013747941528896
183	184	0.2377047559110116
183	44	0.22639839500199924
183	135	0.2001607427234353
183	82	0.1971254362315209
183	116	0.19352813145089287
183	151	0.1895882181932292
183	79	0.17991031301388088
183	43	0.17850688107928522
183	168	0.1674967110918887
183	38	0.1667093291081997
183	186	0.14349280345183174
183	162	0.13834707272704946
183	0	0.1274727416923254
183	187	0.1263806243348536
183	59	0.12070855714665328
183	49	0.11544301988488108
183	17	0.10116276862655554
60	35	0.4401606172357773
60	45	0.4202700842090004
60	90	0.35997745539558884
60	169	0.3488290847215247
60	167	0.33167578089269417
60	82	0.32714703412940954
60	68	0.3144445165015273
60	31	0.3060850374644038
60	170	0.2558568755299818
60	168	0.22522162297444595
60	151	0.22259049587779145
60	59	0.2043711336038268
60	15	0.1945193567836837
60	187	0.19235354753725512
60	93	0.19034007077755533
60	116	0.18502417307774585
60	67	0.18431906874578816
60	147	0.1685656530490112
60	64	0.1673703555105312
60	54	0.15565432528459966
60	111	0.14790705509618188
60	186	0.14646890189447884
60	105	0.14309122182416698
60	0	0.14259162770869946
60	1	0.13961215576165187
60	79	0.13390102054779118
60	8	0.13227042254553095
60	160	0.1301771012870708
60	182	0.1260952457816611
60	84	0.12405762986205715
60	184	0.12310244380512175
60	43	0.12250164283311887
60	18	0.11740604541383635
60	188	0.1161533652135534
60	85	0.1110500976977235
60	102	0.10941026823878316
60	44	0.1030330667211448
60	126	0.10253834918265768
60	161	0.10007390519437884
60	159	0.0958567766611644
170	160	0.4516013024880186
170	169	0.3024462798346306
170	171	0.2848752923105077
170	182	0.2829353639208243
170	184	0.24456142353046034
170	135	0.2310893812765675
170	167	0.2022812590959632
170	79	0.18431906874578816
170	35	0.18084875226059646
170	118	0.1363651841852703
170	168	0.1300787946154407
170	146	0.11712003309583235
170	67	0.10605961867250943
48	17	0.4862520302316336
48	49	0.4052126600624126
48	18	0.37365972690745264
48	16	0.373289704761788
48	120	0.3419773118656059
48	117	0.3392281065918944
48	146	0.31659658298180904
48	171	0.2933063417293449
48	77	0.2807444174645611
48	15	0.26081248910368376
48	149	0.18663650269702609
48	84	0.18638554715281624
48	44	0.16224350852491765
48	168	0.15296981068665638
48	116	0.14944235121715366
48	82	0.1360314911843077
48	5	0.12053117599455118
48	164	0.1163309330103531
48	118	0.1108426826098264
48	136	0.11009195694912603
48	159	0.10946954961314476
48	148	0.1087778852323896
48	104	0.1042894195671075
48	160	0.10073715071788797
38	35	0.5162253486083589
38	182	0.3597337142895439
38	164	0.3175050564467878
38	144	0.30766117923234715
38	43	0.2702189460506597
38	49	0.261362270778695
38	45	0.2265596752334819
38	149	0.21063907598613324
38	26	0.1912362185978896
38	44	0.18522697606646815
38	18	0.17942645338889854
38	93	0.17908769997752946
38	171	0.17079942999996506
38	79	0.15706887404129935
38	0	0.15150457522486827
38	20	0.15146549313349705
38	135	0.14270918581192388
38	99	0.11016110799937594
38	123	0.10834307080570324
38	5	0.10463560021786733
187	188	0.6666283558960778
187	147	0.5026531794000271
187	186	0.4399267723898381
187	168	0.3817956236251597
187	167	0.3816760247389653
187	116	0.3790416200534571
187	75	0.3422422001373763
187	109	0.3410762853363063
187	84	0.3257354054315133
187	105	0.3167225447224284
187	148	0.30916328273597976
187	135	0.2848477266928981
187	0	0.2795095690101698
187	77	0.2535471135046735
187	118	0.2511595046367598
187	15	0.23036984079332304
187	45	0.2272331229979107
187	64	0.2265122411605111
187	68	0.2256012988379288
187	169	0.22532604066140136
187	102	0.2196325474602013
187	124	0.21858535718728814
187	82	0.21296961363788866
187	1	0.20825831057834465
187	85	0.20699521449719385
187	43	0.19050390648637955
187	17	0.19023405378594171
187	111	0.1898485000664137
187	5	0.18680057584839524
187	151	0.17852624371602355
187	4	0.17366192069301362
187	44	0.17351644067385855
187	120	0.17281803126870612
187	160	0.1715177514695499
187	30	0.15372170415746994
187	8	0.1437572338507106
187	163	0.13395994430532518
187	184	0.1308651762201754
187	31	0.12030451110071412
187	20	0.1198511437039858
187	54	0.11469308282130798
187	57	0.11456479099460876
187	101	0.11433780378852786
187	79	0.11217589606561984
187	7	0.1120870276775088
187	161	0.11182041176073633
187	117	0.11143527146805962
187	159	0.10763146693769156
187	16	0.10668249032643036
187	104	0.10213264293555847
188	147	0.6223735405748319
188	116	0.6143632433842459
188	84	0.40719995018166827
188	148	0.4065908118334473
188	186	0.4019730395005926
188	118	0.3976462696129347
188	44	0.37914437467320267
188	75	0.3601863372409028
188	43	0.3568835369903036
188	15	0.33954664042311883
188	105	0.3290031560466577
188	109	0.3237584743613986
188	45	0.31732520692073285
188	168	0.2962647872325581
188	0	0.2929132844828541
188	117	0.29114787916224194
188	111	0.28690466117785624
188	124	0.2631036774983496
188	120	0.25108454961860804
188	68	0.24228482149513345
188	17	0.23611905012641946
188	16	0.2320736059858631
188	82	0.2301141538670037
188	5	0.22563926265747955
188	18	0.2242151513376996
188	77	0.21119327430142013
188	20	0.1964717724492911
188	1	0.17985225445047415
188	102	0.17493212341282433
188	8	0.1685753688888394
188	135	0.15996424307951507
188	85	0.14974541393235544
188	59	0.14687008199315074
188	167	0.13627685669318845
188	171	0.13327244163581853
188	101	0.1258688962236157
188	49	0.12473695230049425
188	151	0.12246224290617752
188	19	0.11783995793151544
188	149	0.10978570378105837
188	4	0.10936086649891122
188	121	0.10862965770916716
188	104	0.10651442207609588
188	184	0.0982420955039483
188	67	0.09332463868768212
147	148	0.5715891773293792
147	116	0.4951347297868663
147	118	0.4329975120472232
147	117	0.3655525666172435
147	77	0.32145594983659737
147	43	0.3177298362347077
147	75	0.3159305997891541
147	104	0.31014876594012564
147	135	0.3078603415604749
147	84	0.3056862065186905
147	44	0.28523360245005025
147	109	0.2702652945104692
147	15	0.26981102561941345
147	102	0.2696626668943956
147	85	0.26341080705103154
147	120	0.2509440008438769
147	0	0.2494535342998886
147	18	0.24083468254714546
147	5	0.2395625715373724
147	64	0.22443357740988745
147	186	0.22226731725164847
147	45	0.22163032233566607
147	167	0.2095302733887543
147	1	0.2082774430681736
147	16	0.2033360144990096
147	105	0.20322097315669108
147	163	0.1948753311685328
147	182	0.1894821697882214
147	31	0.18925077610811006
147	111	0.17648272609280985
147	7	0.17641490548576166
147	17	0.17610484710273133
147	168	0.16024680928132354
147	68	0.15720541714950614
147	82	0.15467840197220253
147	101	0.1499115976731326
147	56	0.14725164749780414
147	124	0.14543148154379404
147	30	0.14376702717520887
147	149	0.14368867979092256
147	169	0.13638481222246687
147	49	0.12887924784837326
147	20	0.12878090756735153
147	67	0.11471281968596678
147	100	0.11290652354332288
147	160	0.10608928111883947
147	161	0.10071735363747528
147	99	0.0993422521456731
147	126	0.0960806952005746
116	118	0.6099112327617889
116	15	0.5674067937220564
116	148	0.5365156687288251
116	18	0.5345186513163398
116	186	0.4974711450555042
116	43	0.4862596657841362
116	44	0.4814576198631225
116	45	0.4414980281333323
116	17	0.440692593312771
116	16	0.4175987273340651
116	120	0.3966608149738475
116	149	0.37189460155236986
116	82	0.3281735685158165
116	117	0.30242810919976404
116	168	0.29210857967605386
116	109	0.2785136444043931
116	84	0.2562306521604165
116	151	0.2542861792647854
116	105	0.2459899797476573
116	102	0.23368141124781874
116	124	0.22035576537440424
116	164	0.21735664703347785
116	68	0.2120434179690298
116	111	0.20679420363636172
116	59	0.1998055402330177
116	19	0.19698126073514494
116	171	0.19613525972777351
116	49	0.19246910488288652
116	182	0.17871986247629687
116	75	0.17661836227931624
116	20	0.15876548174819186
116	1	0.1517488275593646
116	121	0.15104533076626234
116	67	0.1403278538583609
116	184	0.12682341169508785
116	8	0.12426439251035545
116	35	0.11604484790394705
116	85	0.11407132531450248
116	167	0.09977690072252003
116	5	0.09696438473249992
116	0	0.09493920404761884
160	167	0.4871753928521394
160	7	0.4195122882103172
160	135	0.4140505200034072
160	85	0.39884946935760696
160	31	0.38838776802006464
160	79	0.3308745498762635
160	57	0.3057587292204522
160	162	0.295461818180606
160	169	0.2858857059515189
160	161	0.24944415654715346
160	15	0.187881267508085
160	73	0.1877558533637941
160	75	0.18108089267529973
160	184	0.16855593717642775
160	54	0.16154237927179252
160	90	0.1606267706903391
160	93	0.15096715499713806
160	30	0.14629275881753426
160	56	0.13653201908729504
160	117	0.1328402313981843
160	77	0.12298426056525208
160	126	0.09647401527159992
160	99	0.09367653514617696
19	121	0.6637739323273616
19	20	0.5861889294506949
19	124	0.4051123588616812
19	17	0.3898727783222943
19	120	0.3537467750429176
19	126	0.3022736499294815
19	16	0.28889479703150106
19	44	0.2760766426013589
19	18	0.2732289825977789
19	123	0.2523771009708873
19	43	0.23911006684692204
19	56	0.19321047071067712
19	118	0.15808305055182956
19	149	0.1523544933200031
19	57	0.14216054693418315
19	148	0.14025923161785994
19	49	0.13802337413162674
19	45	0.12883007802459204
19	164	0.11551208643028192
19	136	0.11308422531098915
19	15	0.10675169312876448
19	163	0.10079654148043324
19	99	0.0999155050252949
19	117	0.09867981050141923
121	124	0.43903115989054176
121	120	0.4329487599914369
121	20	0.319867949010954
121	136	0.25457611134762503
121	123	0.22167786580878385
121	117	0.20347980828194406
121	16	0.19306606606958573
121	118	0.17908769997752946
121	149	0.1703916531987844
121	17	0.16996439585269024
121	43	0.11654795021785826
121	126	0.1163309330103531
121	18	0.10267687521733287
20	124	0.5185175281019127
20	44	0.3671110078660412
20	126	0.34005967001686244
20	43	0.2764461144555981
20	144	0.2708121116890978
20	123	0.26201433420923553
20	93	0.25311663495143577
20	17	0.20370027503268706
20	148	0.18563253469833546
20	35	0.18427076697663675
20	16	0.18171917470817545
20	26	0.16494910341382885
20	163	0.1641804979002065
20	120	0.16376205913665096
20	45	0.14021021490675115
20	30	0.13370460118692026
20	18	0.1332920863525799
20	49	0.1291742534753343
20	5	0.12819081275568794
20	149	0.1270595443005789
20	10	0.12654790548868045
20	1	0.12109285651901275
20	164	0.11682413783877625
20	56	0.11296575826898908
20	151	0.11236350121283993
20	90	0.11019074383733407
20	77	0.10896563315041433
20	99	0.1005193784492723
20	57	0.1004698834078252
20	68	0.1003510932799124
20	102	0.09890855587323637
20	84	0.09416122178671
26	123	0.2962374201740541
26	93	0.1977308801462373
26	126	0.18873006350665986
26	16	0.1809358072790127
26	144	0.14844497920909594
26	18	0.13912186735441667
26	90	0.09498974411678936
90	93	0.6160475666421299
90	31	0.4628953842256866
90	64	0.399009231877808
90	79	0.3923376526120643
90	126	0.3735822902467512
90	7	0.3702907423801985
90	57	0.3677597512547002
90	54	0.3287177637945549
90	30	0.3197063564996763
90	67	0.2688464652173045
90	85	0.2684011014214497
90	161	0.2615299670449925
90	167	0.2522741044740879
90	68	0.2427554134799065
90	56	0.2343052743177047
90	163	0.19577946746898905
90	162	0.19010875525734008
90	123	0.17625019132469194
90	99	0.1466743904117092
90	159	0.12978385926268074
90	124	0.12892841703846156
90	169	0.1257507955978435
90	144	0.12151652913594065
90	101	0.11906255969937887
90	73	0.10510043147767677
123	126	0.42960322314021976
123	124	0.4286813275870447
123	144	0.3799232927990576
123	136	0.3701267827411912
123	149	0.22503175938059108
123	56	0.2093868543225544
123	93	0.20757900402990126
123	73	0.15372170415746994
123	161	0.12562284923108494
123	57	0.12135888867503487
123	16	0.09922541530481012
123	43	0.09763299445776974
123	163	0.09379448957082713
136	149	0.4545735190151662
136	146	0.3091723268886644
136	144	0.259852295348908
136	134	0.18307259890172065
136	10	0.1641999587315843
136	164	0.16216561335052956
136	4	0.1470559783474303
136	13	0.12369330756515196
136	104	0.12151652913594065
136	73	0.10326061968771916
17	18	0.6430048870411937
17	120	0.5056886256378886
17	49	0.4935252221680441
17	44	0.4908503653140522
17	15	0.477398953043176
17	16	0.448187604345662
17	45	0.3766499434123732
17	43	0.3241880941798705
17	168	0.31923044834610514
17	118	0.3127674457308704
17	82	0.3080323236804931
17	149	0.3001095562176065
17	151	0.2810207489543329
17	148	0.2709974338091644
17	84	0.2702282158428226
17	186	0.2587702966186521
17	164	0.2290342369172073
17	171	0.2237307349281998
17	117	0.20849745524141536
17	109	0.16056831818463474
17	35	0.12873173647688532
17	102	0.12395916767043948
17	167	0.1179188462871963
17	169	0.10870871298977597
17	77	0.10499164529150994
18	44	0.5769241464105658
18	16	0.5584308170663633
18	43	0.4878995845960703
18	15	0.458207447115231
18	45	0.4444157777746132
18	118	0.4390150147159663
18	149	0.4369380027120681
18	164	0.4131303934895245
18	82	0.3554253702695379
18	148	0.3399623868419345
18	49	0.3111426149913952
18	120	0.3097239144016309
18	168	0.2569406166167853
18	151	0.2531353534960559
18	186	0.23683654955622835
18	182	0.2265312149186449
18	109	0.19536591440739196
18	117	0.19040753382460254
18	171	0.1739916473342635
18	35	0.1726822092335144
18	59	0.1252980435409622
18	84	0.09909471322382704
120	117	0.4693762232390079
120	118	0.40109232954222135
120	15	0.2886839788740995
120	148	0.2792053224057932
120	16	0.2714791772823477
120	149	0.2596751160142789
120	49	0.2357696479333317
120	186	0.2300573302339452
120	109	0.21970868704574806
120	77	0.20867918851407274
120	44	0.20731105339506034
120	168	0.20184963280414026
120	171	0.15341901515522866
120	43	0.15282331729084225
120	7	0.1496085503804523
120	84	0.11803717602971435
120	167	0.10537733041363004
120	124	0.09661766371196837
120	182	0.09521270916107884
44	43	0.5829172034577658
44	45	0.5774842879896929
44	149	0.44333979486629504
44	164	0.3707566069557311
44	35	0.3496544330207431
44	148	0.3353463954964782
44	49	0.3350978601836477
44	151	0.3302510401430809
44	15	0.32263904635120405
44	118	0.2942291791385447
44	84	0.2909373614989811
44	82	0.2882897654921217
44	186	0.2762983355130644
44	68	0.2756886093221545
44	182	0.2624427028539953
44	171	0.2515529690476038
44	16	0.2493597546674125
44	59	0.2387517602849259
44	124	0.1863179780414062
44	67	0.17218737346140287
44	77	0.16277898306259456
44	1	0.15307723490470224
44	75	0.14936413692354522
44	102	0.144070606258627
44	168	0.13785660879706302
44	184	0.11248198454791834
44	0	0.10723608374957973
44	105	0.10377504738598743
44	5	0.09451405352888728
16	118	0.477074610128395
16	15	0.4163843341137638
16	117	0.3873343090856488
16	148	0.3669898695097549
16	43	0.3166415705998074
16	149	0.22236237486247976
16	82	0.18793914889328509
16	186	0.18458954219441487
16	49	0.17428255021313244
16	182	0.16088005185740026
16	45	0.1521298241862898
16	5	0.1488948119412268
16	168	0.14761360503306914
16	109	0.1451573924782575
16	151	0.14486370089819445
16	164	0.14406081380791513
16	124	0.13486332306986445
16	75	0.11766245369437932
16	105	0.1092324194474001
16	84	0.10463560021786733
35	45	0.4490502445566617
35	49	0.4046608827929389
35	171	0.3982185914313072
35	43	0.34531972902900665
35	67	0.29317838048113626
35	82	0.2918341538623424
35	164	0.287996333948722
35	151	0.2775355800633174
35	68	0.2611852409346816
35	169	0.2461778682873853
35	182	0.24194592464683304
35	168	0.19933505611247335
35	144	0.1587167416852302
35	0	0.15529326896660672
35	64	0.12050161172058915
35	124	0.11829354563455947
35	59	0.11096120670071953
35	1	0.11058586960056904
35	5	0.10772042346780368
35	186	0.0950858679948077
49	171	0.4569424472862968
49	45	0.4380053789141553
49	67	0.4071498976668112
49	43	0.33803291217540504
49	164	0.3332768074419347
49	82	0.3131282711798012
49	146	0.3085119568584577
49	64	0.2979423688475257
49	182	0.276806270850305
49	151	0.267389328495547
49	84	0.2572581425821832
49	149	0.2483091035995387
49	168	0.2329533277757522
49	68	0.2069090691242694
49	5	0.1975963500731462
49	169	0.19421144571755405
49	30	0.1710227115622479
49	59	0.13889631176667416
49	15	0.13514803737298925
49	1	0.12305320121265215
49	148	0.11897383457925385
49	109	0.11629147414220165
49	135	0.10578276007791952
49	102	0.09875804061270256
30	57	0.6003536870905455
30	99	0.5973906512139375
30	64	0.4910780515549206
30	100	0.47459141245437303
30	162	0.4559845617826955
30	134	0.43149315937271504
30	56	0.431135013391807
30	31	0.4192403274549861
30	101	0.40155374642552055
30	135	0.3942565219063386
30	7	0.3822738912958799
30	163	0.3672407851448535
30	79	0.3433894204351292
30	67	0.3341210201404204
30	54	0.30463422906949505
30	161	0.2908458232909293
30	73	0.2685495687801753
30	68	0.2471264225383883
30	58	0.22669248492000765
30	1	0.22460450382542813
30	159	0.2191375749716092
30	0	0.21505930589404348
30	146	0.20679420363636172
30	5	0.1832079032522584
30	169	0.1814677485179101
30	93	0.15781978668922253
30	126	0.1373366432106143
30	10	0.13701285279451011
30	75	0.1351774893038091
30	102	0.12760062716337278
30	184	0.12401824527846092
30	77	0.12321077537445416
30	84	0.11878651975418066
30	171	0.10945966943815223
30	167	0.10921265803866016
30	109	0.09430096977705517
134	146	0.5015238400129809
134	100	0.3761692865813003
134	104	0.2691340349305649
134	57	0.2375726620131035
134	31	0.22459500827593246
134	162	0.2127500347790835
134	99	0.1996999293601934
134	73	0.1980095258850551
134	169	0.1901955010524094
134	64	0.16776884288054325
134	159	0.15721516999874202
134	171	0.14980406798395493
134	56	0.1485623328086441
134	10	0.14739839179829894
134	101	0.14241528301146664
134	163	0.13057030236070988
134	67	0.11092169902096352
134	161	0.095347474512623
57	162	0.5315836473966266
57	56	0.5051972375570841
57	54	0.4269248118880929
57	99	0.4663690128217336
57	73	0.4371887851417123
57	7	0.411594973669028
57	161	0.3988242414827271
57	31	0.3982185914313072
57	100	0.3783135073088045
57	167	0.33137314977675003
57	64	0.32441180156429017
57	135	0.3232123064903205
57	163	0.31427329259116
57	58	0.28806969690723505
57	159	0.24382793578672826
57	79	0.24280246639921102
57	77	0.22940374578684694
57	126	0.22516466569160087
57	93	0.2045244457796652
57	101	0.19321047071067712
57	85	0.19145779745098515
57	75	0.13424472910657573
57	184	0.10058867067141326
99	101	0.4977720941379947
99	56	0.4510199898781394
99	163	0.4348401026528567
99	135	0.3842957197685278
99	7	0.3459977294165426
99	73	0.3366770393511064
99	100	0.324787548278458
99	162	0.3070182442328789
99	79	0.3069820141960586
99	5	0.2879504803828957
99	0	0.27155327959731484
99	54	0.2711827358415924
99	64	0.25407103882193555
99	161	0.22468996185123172
99	58	0.22446206610514424
99	93	0.1977500981202158
99	75	0.1940863459109371
99	1	0.19130365770461225
99	159	0.1705372944779614
99	126	0.15146549313349705
99	102	0.1474668702516208
99	31	0.14695813945505382
99	109	0.13674791158074764
99	77	0.13423490930986642
99	167	0.10677146516806817
64	169	0.3868667248483644
64	31	0.3853606036757008
64	84	0.3756454834853227
64	67	0.3538692498272896
64	56	0.3512772037511377
64	54	0.3271202446219526
64	135	0.3226659232124233
64	163	0.31944597389041485
64	7	0.3189160810621816
64	79	0.2887023119994543
64	82	0.2879596512016964
64	162	0.2838734394039168
64	159	0.2732382360317261
64	68	0.2578370174912406
64	1	0.25231155840717
64	126	0.2417293763012681
64	93	0.2318181316869045
64	102	0.2103236957859312
64	100	0.2084687591975977
64	168	0.2015714320766082
64	161	0.18678127366538733
64	85	0.1771802121145568
64	13	0.15366312143895386
64	0	0.14953034006201232
64	148	0.14927614360899466
64	167	0.1482396003512374
64	182	0.1415530234302704
64	45	0.1353149284883894
64	111	0.1337438858999823
64	5	0.12597715199662124
64	101	0.1258688962236157
64	77	0.11563048362350345
64	109	0.1142884571631285
64	146	0.10521910444831388
64	171	0.10126174423438536
100	101	0.4313629401990906
100	162	0.3365617699923921
100	31	0.29160542897301395
100	58	0.27537442131528805
100	73	0.2753374541509919
100	184	0.2446084324410989
100	7	0.2387989096018855
100	135	0.22493682117376945
100	163	0.2115849532986503
100	56	0.20832527359536812
100	161	0.1858352903093998
100	75	0.17789688732564884
100	104	0.17488365305130366
100	159	0.1661745657298238
100	68	0.15992526637250326
100	146	0.13938663158129608
100	0	0.13868054945785852
100	102	0.13054081370332418
100	117	0.12799409429170594
100	67	0.1243234655714891
100	84	0.11917099893048227
100	54	0.11899355143686913
100	77	0.11608430906448645
100	1	0.1077797268630634
100	79	0.09717933995225106
100	10	0.0951790172776629
7	31	0.6361977698935246
7	77	0.441634881374036
7	79	0.4887068380386626
7	135	0.4648966237097956
7	162	0.3845599064949862
7	167	0.3610041099768261
7	73	0.358941216672247
7	56	0.35723254080661365
7	85	0.34719435397571097
7	93	0.34565437172878555
7	54	0.30191015374251695
7	161	0.29092820791783336
7	101	0.25957253051265994
7	159	0.23816701529221976
7	163	0.2301804461223937
7	75	0.218280625341196
7	117	0.21809967066054825
7	10	0.21586984460273664
7	84	0.1977789247961536
7	58	0.19734648876470512
7	126	0.1763373941695051
7	109	0.17012948013886747
7	15	0.16276924801672152
7	5	0.1582877957991185
7	68	0.1524228677582763
7	169	0.12085636888585816
7	182	0.1059014157720632
31	167	0.41633473542951815
31	169	0.35664790307260885
31	54	0.3509878907964335
31	77	0.33871474955609554
31	162	0.3347338493286673
31	79	0.3085119568584577
31	135	0.3003097285341184
31	84	0.29954529206080144
31	85	0.29395512619941183
31	161	0.2578556877964084
31	159	0.24190826579561497
31	68	0.22190605980558306
31	73	0.22141160879055455
31	67	0.21191925966066905
31	58	0.20769383048393306
31	56	0.18386499699698308
31	75	0.180713327710658
31	184	0.17617267536227646
31	8	0.16214613924109464
31	93	0.16191244008007466
31	163	0.1423075123560125
31	102	0.13856285537517354
31	146	0.10453669404416964
31	126	0.10389375359591337
31	104	0.1003807910802396
31	1	0.09783603628976173
31	15	0.09334644703416288
77	75	0.4439421818264799
77	84	0.40954133377697294
77	73	0.3554253702695379
77	117	0.2972132109295731
77	15	0.244871661085733
77	58	0.2416728814674303
77	10	0.2309947193195596
77	104	0.2271098318925326
77	5	0.19334524082429816
77	56	0.1845315859505427
77	162	0.18311125799554445
77	159	0.17683149130443118
77	135	0.17366192069301362
77	148	0.14962810266757898
77	163	0.14608724683689248
77	102	0.14284633184330794
77	54	0.12983301675114114
77	59	0.12914475394065858
77	161	0.12697099625974112
77	167	0.12653806561995246
77	126	0.11328166323453087
77	8	0.10553555104353864
77	43	0.10132112863706128
77	184	0.10120235911010088
77	85	0.10057877184226316
186	151	0.5077473894120499
186	15	0.4462996691623947
186	168	0.4104730550230637
186	45	0.3215456135612362
186	59	0.3121809118306334
186	75	0.30506055105178265
186	159	0.30128291649849115
186	43	0.2913583686331765
186	82	0.2860509859298847
186	105	0.2511126581033397
186	184	0.2241961567012062
186	148	0.2136186774225527
186	124	0.20737804397169868
186	102	0.19651984191916788
186	169	0.18429974814494976
186	118	0.1837780381285764
186	1	0.1832079032522584
186	5	0.17077030502409654
186	109	0.16786602661131494
186	84	0.16390803284801087
186	68	0.1604416672256757
186	171	0.15320418613447248
186	101	0.1500973224183098
186	111	0.14658632545334058
186	54	0.142650407263403
186	164	0.13064893765083874
186	0	0.1235652945118703
186	4	0.11024013646516102
186	167	0.10723608374957973
186	8	0.09392929140320376
43	45	0.6342412663536722
43	148	0.4274071541079935
43	149	0.4115866677390651
43	164	0.3887358660958528
43	15	0.3547437166429113
43	182	0.3473878195328818
43	118	0.3465961827095766
43	68	0.3430982998333864
43	124	0.31915859915767464
43	151	0.2929224264741533
43	82	0.2505504079981745
43	171	0.2264268571216796
43	5	0.20722491979677007
43	84	0.1977500981202158
43	0	0.18931826810395785
43	67	0.17619205455776127
43	168	0.1751744624976025
43	59	0.15339948584319207
43	109	0.15129938896331238
43	117	0.13981805649556595
43	144	0.13276164228533452
43	111	0.12946923623890308
43	75	0.1176525921273064
43	126	0.10912373063124124
43	13	0.0948767715217872
45	164	0.4823789254097359
45	68	0.480904325196021
45	151	0.3847643949007259
45	82	0.3614040945014142
45	67	0.3530291792093407
45	15	0.34114697676466843
45	59	0.3120996806715132
45	182	0.275651649082966
45	171	0.2554175902252254
45	84	0.2465160210288971
45	124	0.2462718056202595
45	168	0.2446366372355599
45	0	0.22137356937770045
45	149	0.20741632342802066
45	118	0.18081006023156868
45	109	0.17938774086516426
45	148	0.16562025325784274
45	1	0.16344089173591206
45	5	0.14892414672023346
45	111	0.11938786886123315
45	184	0.11453518464560235
45	105	0.11335076439499965
45	102	0.11182041176073633
45	169	0.10961774964118086
164	182	0.5101259427210798
164	149	0.4543910264678036
164	171	0.3361538128213937
164	67	0.2898019116933332
164	59	0.23819531338420594
164	151	0.2238542241283936
164	146	0.20709092781377247
164	82	0.20080381329013589
164	148	0.1895014516452941
164	15	0.1605585759908402
164	168	0.1573322017971181
164	144	0.14232710727167835
164	1	0.1387786248679366
164	0	0.11949629955585632
164	118	0.10601018084251837
164	5	0.09989570464789313
164	68	0.09811830042302318
118	148	0.6289336531203211
118	117	0.5270271146989831
118	149	0.4760930681880157
118	109	0.3425246876788661
118	15	0.3079146538777789
118	182	0.2713309629966693
118	168	0.2166991468278021
118	85	0.1949907713010428
118	124	0.19387462416617413
118	105	0.17938774086516426
118	135	0.14126882257663365
118	111	0.13105191769279076
118	82	0.12829900361236124
118	84	0.09583299713098184
148	149	0.4436450543587927
148	117	0.3814538786119737
148	182	0.3254850916031719
148	15	0.2976507473434805
148	168	0.2469667979835421
148	109	0.2469198470337803
148	104	0.22449055441672566
148	124	0.19104352548873926
148	171	0.17826483645931848
148	75	0.17454433679809264
148	135	0.17183802527825875
148	111	0.1601980928430257
148	105	0.14715381436229033
148	84	0.12661678387235206
148	5	0.1242250099801924
148	82	0.11740604541383635
148	85	0.11423910997375095
148	102	0.10431909318576826
148	151	0.0951552346404288
117	109	0.3208999061220025
117	5	0.2452852331619508
117	85	0.2400715149271899
117	15	0.2171851442295825
117	135	0.2126545590058842
117	84	0.1971734928359414
117	149	0.1944038946227025
117	104	0.14007296446011086
117	182	0.13006896380758132
117	10	0.12235389111712736
117	101	0.12084651493656838
117	75	0.11550221984930628
117	146	0.1133408928677684
149	182	0.29395512619941183
149	146	0.2215827778088293
149	144	0.19652945569979194
149	124	0.1481417963996328
149	171	0.11622242023967493
149	168	0.11209690203142286
85	167	0.2993814341564148
85	73	0.28474664873121897
85	54	0.24489986201464414
85	56	0.2376764508157019
85	93	0.22754606000594355
85	79	0.22014643769587144
85	8	0.19689475134725035
85	84	0.18381668686975236
85	109	0.17773226238999834
85	163	0.1669426496884089
85	102	0.1586485042974989
85	104	0.15035145490137472
85	161	0.13266340354679462
85	111	0.1308848336548364
85	101	0.12988217360137913
85	75	0.12234404080982215
85	126	0.11468321435502232
85	135	0.10649464894041824
167	135	0.4103400043866308
167	169	0.30629347453531386
167	79	0.2666649452637569
167	162	0.26622831236232913
167	54	0.2447306502269165
167	15	0.2230276596817698
167	93	0.21692786488343227
167	161	0.21513560454077787
167	159	0.1255145836564797
167	184	0.12099432167414463
167	168	0.10718665846349512
167	126	0.10412126555560676
167	73	0.10267687521733287
167	56	0.09514334328107524
109	0	0.3815222359608931
109	101	0.33932544463141073
109	5	0.3233466300477991
109	163	0.31953576644870496
109	135	0.3023826816509351
109	79	0.20756943490046725
109	82	0.17532954837477568
109	182	0.17330305628178766
109	168	0.17329335660447126
109	105	0.1683518962888746
109	111	0.15138732753016124
109	1	0.1509182941824542
109	68	0.1471635978054425
109	84	0.13230972251899384
109	15	0.1275219289137892
109	102	0.10684066664053894
5	0	0.4237057280797325
5	159	0.26211677958993845
5	163	0.2564081692281203
5	101	0.24744563140584305
5	1	0.21352323867805534
5	84	0.1866654575393723
5	59	0.1664370981680668
5	79	0.16594118378330122
5	54	0.16513392805986324
5	15	0.16445293790282342
5	151	0.16151316200841553
5	75	0.1605780603471436
5	82	0.15039055044383134
5	105	0.1369834158491767
5	135	0.1312583053427049
5	56	0.12913492071163452
5	102	0.10755239301960694
5	168	0.10653419512752876
5	182	0.10219201670704203
101	0	0.4526912245592361
101	163	0.3472031485059822
101	79	0.2866017962279593
101	162	0.26107342355822233
101	56	0.2352690467093702
101	73	0.21827110178472228
101	135	0.21131747255295766
101	93	0.17724801377559865
101	161	0.17385588226113996
101	58	0.17190595747952914
101	1	0.17011976956274735
101	68	0.16794377124686324
101	75	0.16079238000341595
101	54	0.16043192462533068
101	111	0.15033190695379592
101	13	0.145862147818768
101	126	0.14523570591518126
101	10	0.14458956572364706
101	102	0.13413670989310247
101	67	0.12279712996920733
101	159	0.10220191226484646
93	79	0.5332817874271679
93	126	0.3612910688713585
93	163	0.2593580146261605
93	144	0.24916280221710674
93	54	0.2336152326555347
93	135	0.20789476300444956
93	162	0.20532916992926104
93	56	0.18817066137669305
93	161	0.15885321191135046
93	68	0.1573322017971181
93	67	0.129420074034851
93	124	0.12654790548868045
15	75	0.3748206514361469
15	151	0.2591248161554835
15	82	0.2568285353791927
15	59	0.2434799016672869
15	84	0.2330951827299125
15	168	0.22394921093039133
15	171	0.1785165624149372
15	184	0.1585705168556913
15	159	0.15084011534525318
15	68	0.14884592006053135
15	169	0.13311528013290402
15	67	0.11296575826898908
15	182	0.11089206803107024
15	111	0.093914423722934
135	182	0.4395960623398817
135	162	0.4149449668220181
135	79	0.3561328414107249
135	163	0.2882530895087643
135	0	0.2392232027652584
135	169	0.2322722860868719
135	56	0.22479440585569813
135	161	0.18680057584839524
135	75	0.16630097318015194
135	73	0.15328230745501284
135	68	0.14314019771883696
135	67	0.1035475188891958
79	162	0.24464603874171725
79	68	0.2421247942343087
79	67	0.19036898373217154
79	54	0.18498554214964516
79	126	0.18303393924169906
79	161	0.17602732704413787
79	56	0.1563080240733687
79	163	0.12647902588469995
79	169	0.12249179288757785
79	0	0.11624215004079205
79	182	0.11621255530471965
82	59	0.4245340515135898
82	151	0.4739170903982515
82	168	0.4684869057647501
82	84	0.4063069800772445
82	169	0.2611293331224159
82	159	0.2565389602113486
82	184	0.24136213060363196
82	102	0.22630351847765215
82	75	0.21034281098438087
82	105	0.20275116280571245
82	68	0.19247873442078894
82	1	0.18237663850091893
82	13	0.17911673764938352
82	171	0.17225529724818808
82	54	0.17012948013886747
82	111	0.15806355029519634
82	0	0.12805311088911814
82	67	0.11891468344347746
82	182	0.1077500752612827
82	163	0.09446152670985143
168	151	0.3811975013992928
168	169	0.3130110128181113
168	159	0.3118830419391437
168	171	0.1885564690379223
168	182	0.1805005038603668
168	105	0.16705930296912588
168	111	0.1482004791184501
168	84	0.13688529095097718
168	102	0.1271087367816293
168	0	0.11417989260238047
168	59	0.11175128648609008
168	54	0.1063463477390758
168	8	0.1007470492281808
126	124	0.3392546540504681
126	56	0.2961553160800883
126	161	0.2425013079825092
126	144	0.2323479686472028
126	163	0.21986095818645573
126	54	0.17515507615153147
126	73	0.1684976412531677
126	0	0.16711762785579046
126	10	0.14047489697613605
126	68	0.13479459558927318
126	162	0.12915458714428446
126	84	0.12860388867985345
126	13	0.12347666768088225
126	111	0.11949629955585632
126	75	0.09500163582661586
68	67	0.5018156877112192
68	84	0.3477482900693876
68	59	0.2428495181760729
68	124	0.2318843688367158
68	0	0.2040932297333866
68	13	0.18626971331126416
68	171	0.18542976327867894
68	75	0.15436604265255918
68	54	0.14657654031450532
68	151	0.14432520006793134
68	146	0.14425665745900973
68	111	0.13902380147983046
68	159	0.13757210872010672
68	1	0.11594619340011372
68	182	0.11550221984930628
68	169	0.11098096040909114
68	184	0.10280550296939428
68	163	0.10264719140212768
162	161	0.471152003752285
162	73	0.37017856196111815
162	56	0.36739649900699584
162	163	0.3640441225778291
162	54	0.27326599603015617
162	184	0.2509440008438769
162	75	0.2407499008307089
162	58	0.2245855126837836
162	0	0.20001674804964228
162	169	0.1945963285633063
162	182	0.1240871680432494
56	163	0.5558171904276069
56	73	0.5280447196467276
56	161	0.3854031777156042
56	54	0.31083549782090164
56	75	0.21067730091123305
56	0	0.17638583899850388
56	159	0.173826788885441
56	102	0.15849252743521713
56	1	0.139808251972747
56	124	0.11902312654732433
56	84	0.1181259211369615
56	13	0.09577652030844976
56	58	0.09484803248917338
54	159	0.4382073946109667
54	163	0.35938542753000186
54	73	0.33761655119388245
54	161	0.3137324512943376
54	151	0.22295163763248907
54	58	0.19824010505761666
54	59	0.19609679818765186
54	169	0.17446677297323265
54	84	0.12617397298644234
54	75	0.1194470132297011
146	171	0.5134104482898664
146	67	0.3083671784535581
146	182	0.2965840336275555
146	10	0.28265015516455977
146	13	0.21164226647943732
146	169	0.18469579197370092
146	104	0.12574095371809352
146	159	0.11563048362350345
146	144	0.11438714984971195
171	67	0.481849304919229
171	169	0.3897370899845861
171	182	0.2933154814164363
171	151	0.23996785196664114
171	13	0.14507907722246885
171	10	0.14438394977331462
171	105	0.13311528013290402
171	184	0.12666598197034787
171	102	0.11117849266727878
171	59	0.10446745849207492
171	1	0.10195451725665744
171	84	0.09984620335827643
58	73	0.2781169519561624
58	161	0.2291195140578012
58	75	0.2253640094461829
58	184	0.21685162817645065
58	59	0.20396864145453225
124	144	0.314165140637259
124	111	0.27821844045664285
124	105	0.2074737414215125
124	13	0.17005179460490624
124	0	0.1498333946143852
124	1	0.11568968098820663
124	8	0.1028648684648506
13	111	0.5765303888947256
13	10	0.547237970651976
13	8	0.3661935078974994
13	0	0.3003825119107144
13	102	0.2866568668455169
13	1	0.2617814818392547
13	84	0.22089801990889746
13	75	0.19118804670188436
13	105	0.16867252548519507
13	144	0.16775912432808535
13	104	0.15873623780325855
13	4	0.1458327859632783
13	67	0.11699181436762685
13	169	0.10737447173017757
13	184	0.10214253861468392
111	8	0.41844874106189817
111	105	0.4313954966778799
111	102	0.4219401044444567
111	10	0.411910548335546
111	1	0.3827092783779408
111	0	0.3129839518408322
111	104	0.2503067137604727
111	84	0.2341067933364732
111	75	0.17351644067385855
111	59	0.14410977577929554
111	4	0.1338224540650125
111	67	0.12063957650281094
10	104	0.31429131712381625
10	144	0.2237212354613644
10	102	0.21833776580688408
10	8	0.18925077610811006
10	84	0.17189625297942898
10	1	0.16541600647143098
10	75	0.16391776417362786
10	73	0.15334089718814964
10	4	0.1427483709517512
8	4	0.3879885923604573
8	105	0.3634280584138867
8	102	0.2269960182563845
8	104	0.1859704519263076
8	84	0.16693292837066304
8	1	0.15727368645011072
8	75	0.1436201243520587
8	184	0.10952883020877087
8	73	0.10088562627719347
67	169	0.24655358985247944
67	1	0.2043902981742856
67	182	0.19882606165233493
67	84	0.16695237097369678
67	105	0.15582995927341228
67	59	0.13814108612720413
67	102	0.1360609359271387
67	0	0.11646903615622085
67	159	0.1073151631047856
169	159	0.27038579464325563
169	1	0.2280580373539389
169	151	0.2232937154858767
169	102	0.17891346739565786
169	182	0.15780028476937072
169	0	0.1498138435567226
169	84	0.1494619044983825
169	163	0.13878843225925852
169	75	0.13771926676951188
169	161	0.1268135725243873
169	184	0.12111256320168536
59	151	0.3722219991428283
59	84	0.24237894902077994
59	75	0.2271288002288573
59	159	0.2024634777260034
59	105	0.1841644999517675
59	102	0.1619903418197874
59	1	0.13909244787845804
59	4	0.13013777892544492
163	73	0.3207115185469726
163	161	0.29761429074814244
163	0	0.2516653721864747
163	102	0.2027319848886285
163	84	0.188016322042917
163	75	0.15313582840808124
163	159	0.14072975703088186
163	1	0.09657209291822036
73	75	0.40086574127470775
73	161	0.3365440353495188
73	159	0.1626134829739453
73	102	0.15444413537799345
73	84	0.14339486106521968
73	0	0.13308581160556568
73	1	0.13004930211514332
73	184	0.12878090756735153
144	104	0.13516767202007485
144	182	0.12181208847241445
144	161	0.09990560484648484
1	102	0.5521159409446568
1	0	0.4369946369425051
1	105	0.40566389473977815
1	84	0.2462811990991033
1	104	0.1796877483839884
1	75	0.16220456119042265
1	4	0.1413472251399808
1	151	0.1126004646845022
102	105	0.4641202342140247
102	104	0.31918554303334296
102	0	0.28186787485173725
102	84	0.26019727857493524
102	151	0.15351665991742566
102	75	0.1464591164115387
102	161	0.14093559192321836
105	4	0.2613529538567103
105	0	0.2552586738111656
105	75	0.1687308178699345
105	104	0.16160081294893344
105	84	0.14688965051924785
104	4	0.3150661575332286
104	75	0.21594611530222568
104	84	0.17456372741588938
104	159	0.12927258360605834
104	184	0.12229478891179547
4	84	0.15708838056739555
4	184	0.11434767304590948
4	75	0.11066489056254787
161	184	0.3221730981161923
161	0	0.1580733004389253
161	75	0.12169386732707793
151	159	0.3275041773022542
151	84	0.15741022054122494
151	75	0.15383886635218344
151	0	0.13912186735441667
151	184	0.12105344286732128
151	182	0.11236350121283993
182	0	0.11381470089866573
0	75	0.2262276141662191
0	84	0.11093157597377436
184	75	0.2774986606934076
184	84	0.1254555284464558
84	75	0.3306429942329718
84	159	0.14906103888901548
75	159	0.3128035323403781
