19	121	0.9093749023044853
19	20	0.5994639352971036
19	119	0.666728353090345
19	17	0.5574942154961756
19	117	0.4500635755403598
19	48	0.4495770019228206
19	115	0.4084587993767373
19	16	0.40790042850821495
19	124	0.4070664713743055
19	150	0.4059980152275129
19	33	0.3922953482239023
19	154	0.39048316631182384
19	28	0.3887443549071176
19	132	0.3832724682225402
19	120	0.368840194969026
19	133	0.3278076754403195
19	15	0.3235257078559375
121	119	0.6848066955678569
121	20	0.5427388789447359
121	17	0.5125483314555389
121	117	0.5079403340092737
121	16	0.466869663285229
121	48	0.4654999883733931
121	33	0.4435727653567116
121	115	0.4100904873538301
121	124	0.4096412019759864
121	150	0.4078170633839835
121	120	0.3920922640609053
121	154	0.3673618977060177
121	132	0.3452933061267417
121	118	0.3417035368800449
121	136	0.3404664116961916
121	15	0.3393431416761597
121	42	0.32103445313211265
121	44	0.3173881568522517
20	124	0.6906146885198612
20	150	0.630605042654688
20	40	0.6220180746177043
20	144	0.5696536772497991
20	53	0.5280158722864731
20	157	0.4925033576079522
20	69	0.486694769516515
20	125	0.4550018298107493
20	119	0.4399670947246075
20	21	0.3864329688950665
20	154	0.3823080454404935
20	42	0.3762808856900695
20	23	0.37544792161149504
20	17	0.3742188369982277
20	37	0.3608910467871117
20	33	0.3418978347830429
20	115	0.3365972385618777
20	129	0.32036158858882263
20	43	0.31723527359591625
20	51	0.3164976052088447
119	17	0.6762600879754587
119	154	0.5857292731366698
119	120	0.5848548872674895
119	115	0.6118356089059492
119	117	0.568199585003782
119	16	0.5548420220085146
119	15	0.5471048559982926
119	118	0.5002728420998462
119	152	0.4825707299182068
119	14	0.4788954202716341
119	124	0.4681199805899476
119	48	0.4519674122890426
119	21	0.4340369522213765
119	116	0.4196194035952104
119	28	0.41955348781809787
119	44	0.4112793002714736
119	132	0.3758430112240165
119	33	0.37451978366068295
119	43	0.3722392280302337
119	125	0.33478712545361083
119	23	0.3290031560466577
119	18	0.3287980364363632
119	149	0.3280397166114826
119	122	0.3203436411047802
87	191	0.8836758833492901
87	89	0.837039088779638
87	179	0.7657206542279364
87	192	0.6605957985583225
87	47	0.5750263117549217
87	168	0.5094228192387152
87	88	0.5087931315971465
87	180	0.5015612627664245
87	82	0.4852511309995645
87	83	0.4781861015150855
87	159	0.4750096772363472
87	177	0.4717819559932554
87	50	0.4705994277881268
87	194	0.4583654418213359
87	71	0.4392652330577969
87	94	0.42776670864210253
87	51	0.4038577714642853
87	176	0.4024005448367745
87	153	0.4002360720900632
87	70	0.3872238071448256
87	52	0.3865605619322688
87	96	0.38447469185042493
87	98	0.37934985586192543
87	54	0.3780821263797531
87	66	0.3780135599935444
87	90	0.3768129773589575
87	86	0.3678981035551115
87	157	0.36163880610449134
87	190	0.35123337276502675
87	46	0.3466137800093138
87	144	0.3404752524923164
87	156	0.32705773372646496
87	178	0.32491277441036315
87	97	0.32169802865946673
191	83	0.5684906880314426
191	89	0.7739083398558421
191	179	0.7126263344823417
191	192	0.6763252033661629
191	168	0.5228398448075577
191	177	0.5210718705277465
191	194	0.4838890901944262
191	159	0.4811425962861554
191	47	0.4724580352795526
191	180	0.4609996689273444
191	190	0.4473161295742989
191	71	0.4434442373236694
191	88	0.4392490919948944
191	82	0.4258447934103503
191	50	0.40673269828982095
191	178	0.3670763981775198
191	90	0.3645558210200987
191	153	0.36015152610728296
191	96	0.35274902904296385
191	176	0.3489169134844745
191	97	0.3437333869983573
191	66	0.3350978601836477
191	94	0.3344052659455667
191	98	0.33246763908082305
191	193	0.3221013999088186
191	72	0.3120184449488655
191	52	0.3117927662270832
89	179	0.8732958732852089
89	192	0.6888426452572933
89	50	0.5906280300607996
89	47	0.6413537173316566
89	180	0.5978792038601994
89	168	0.539152488089975
89	71	0.4540735572646462
89	153	0.4521583656822206
89	70	0.4475320787233763
89	91	0.4420533637201961
89	51	0.4410470721715717
89	177	0.4377952356525909
89	173	0.4294564323979653
89	176	0.4171197568219386
89	94	0.4062151353625552
89	159	0.390864484585392
89	82	0.3637578224743353
89	93	0.3555738856715117
89	157	0.3540529392505069
89	194	0.34467661639736197
89	66	0.33491142808799795
89	97	0.3346095300485216
89	108	0.3139488122668745
89	52	0.3128757028502214
83	190	0.7510807715656753
83	88	0.6533892045364971
83	96	0.5905303476279189
83	85	0.5769241464105658
83	84	0.557735388497825
83	198	0.5158364812144599
83	193	0.5149552408767796
83	90	0.5089117026715092
83	55	0.5076063592164577
83	74	0.4554061523530544
83	159	0.44717213449137583
83	97	0.4290730384690752
83	58	0.4154911788002626
83	54	0.4126243788322013
83	194	0.4010000217262084
83	130	0.3978735521152922
83	86	0.3799831872864993
83	73	0.3794868225373277
83	82	0.3728506872745671
83	199	0.3662194846815589
83	99	0.34832834379844435
83	189	0.34399791391999984
83	163	0.34185367873470834
83	158	0.3341121364792995
83	94	0.3324854282679133
83	59	0.33111496934098306
83	78	0.3169294576167876
83	98	0.3152913231221177
83	72	0.3145075938382447
179	47	0.6805726457075704
179	180	0.6704334179606786
179	168	0.6106956446863752
179	192	0.664098261844458
179	153	0.6222019683510743
179	50	0.5590842175062273
179	51	0.5589123372764935
179	173	0.5125188390825869
179	176	0.4958137844417557
179	157	0.4818876950566514
179	177	0.4708563048252872
179	70	0.4685103210362244
179	71	0.4671980526149648
179	52	0.405480082241212
179	156	0.39879901300415055
179	159	0.3925914440827685
179	155	0.3849177364238803
179	108	0.366046295340998
179	178	0.3628985098550795
179	91	0.3488729998690268
179	175	0.34524045867996833
179	194	0.33774944672238016
179	46	0.3356569990061364
179	109	0.3347072104636639
179	5	0.32680766152548024
192	47	0.3896862024946413
192	168	0.3801115218873952
192	180	0.3576424928543088
192	153	0.3266826082593945
192	177	0.3199666908307495
192	50	0.3166415705998074
50	173	0.6795244552610145
50	47	0.5330312769926493
50	194	0.5006700920881911
50	70	0.4679403626068109
50	180	0.4387808778266555
50	94	0.4036150423618358
50	52	0.38448321360977394
50	168	0.3737113484545663
50	156	0.37354787228155545
50	195	0.3728937355902513
50	175	0.3587843975254114
50	153	0.35352803989847503
50	82	0.35019851490386056
50	38	0.3467809421871929
50	90	0.3322630464278686
50	51	0.3259499238040552
50	45	0.3238121841450109
50	176	0.323507801117747
50	157	0.3152282803341321
47	51	0.5754545347372918
47	153	0.7105778085477141
47	168	0.5283980009090699
47	176	0.5151168832036643
47	46	0.5041538141987192
47	70	0.4969441959202938
47	52	0.4825093575097656
47	157	0.4551366248499403
47	180	0.4393055844742659
47	71	0.41892706729599605
47	156	0.4012601410670372
47	155	0.39850463615562265
47	98	0.3905594406917848
47	159	0.381291513187979
47	82	0.3730745209857192
47	109	0.3655265751925832
47	177	0.3527665402818703
47	108	0.35102296260404425
47	106	0.35035642992789445
47	9	0.3378911871113309
47	5	0.3315333747484632
47	94	0.32740597225324475
47	72	0.32115105005973105
180	91	0.5752203893603884
180	168	0.5301904198254165
180	173	0.4846239658887297
180	175	0.4436530861138174
180	51	0.4313629401990906
180	153	0.42872213832823947
180	157	0.4147131501056833
180	174	0.3957503522776769
180	94	0.3896098667978976
180	93	0.3514437474555261
180	196	0.3444739247855076
180	92	0.3369873297746656
180	70	0.325037989150267
180	159	0.3219131745352606
168	159	0.4922457847364729
168	153	0.5838407397186226
168	157	0.4227699367351114
168	52	0.40284462919910796
168	82	0.4008489550069798
168	173	0.3795809774792536
168	51	0.3724717928991664
168	156	0.35322174573797904
168	0	0.3368898178110734
168	176	0.3316935805981445
168	109	0.3298857076537649
168	21	0.3271202446219526
168	125	0.32483227320453995
168	106	0.321608374737781
168	178	0.31559749135910764
35	62	0.8505947582601514
35	34	0.8008579356469372
35	61	0.7960371382618491
35	137	0.7535589779420528
35	32	0.7033502055269522
35	33	0.6847217198915231
35	165	0.6752820884158346
35	166	0.6712473778890737
35	140	0.668081503935701
35	36	0.6277293068815315
35	138	0.6122921346691932
35	24	0.6035864670111577
35	67	0.5677253920137302
35	41	0.4859847391156678
35	22	0.4815267547376645
35	167	0.4805121762257871
35	123	0.4745991600475156
35	26	0.47098860427186295
35	141	0.4671276943185745
35	42	0.4550097595080175
35	114	0.4516490645696117
35	30	0.4477399804376068
35	37	0.4211013378686725
35	126	0.3964332723564987
35	60	0.3828202322261887
35	134	0.3799232927990576
35	65	0.3771046640510972
35	145	0.3768043972068257
35	183	0.35632492362597223
35	95	0.3503652024008793
35	116	0.3475812555209785
35	104	0.3325032172184195
35	79	0.325967798820469
35	49	0.3258158537529665
35	117	0.31991283251783664
62	165	0.8024303415894809
62	67	0.6690713832319268
62	61	0.7926050073122877
62	34	0.779344960294766
62	137	0.7598499727369891
62	166	0.6907349712228299
62	33	0.6693750603676585
62	32	0.6258411038444167
62	140	0.6157993113222823
62	36	0.5985341954618172
62	167	0.5952125009249772
62	24	0.5914998919415767
62	60	0.5612868906197671
62	138	0.5388687010654835
62	65	0.5341685576422922
62	183	0.4965901814223133
62	41	0.4642143800591568
62	63	0.453740090462573
62	134	0.4423751423351564
62	141	0.4392894441203881
62	30	0.4380861905030991
62	123	0.4353994654517919
62	22	0.4148125067210425
62	42	0.4082088203296306
62	26	0.3976041749038165
62	49	0.39676192938413096
62	104	0.3918891416730018
62	117	0.37934985586192543
62	169	0.3791871863387345
62	185	0.3780992673282513
62	164	0.37655554467145896
62	31	0.3755595912120309
62	126	0.367993211314226
62	158	0.3457160068512448
62	114	0.33950240426819506
62	2	0.3386350726187538
62	145	0.3354883947234423
62	37	0.3156425105598452
62	135	0.313552125592136
62	79	0.31347998897763985
62	1	0.3120545502778255
34	33	0.8328598341411332
34	138	0.7393979963567116
34	137	0.7630183753269552
34	61	0.6929195249341614
34	140	0.6926022747334086
34	24	0.6838070549670364
34	123	0.6554189310382994
34	165	0.6543680810440761
34	22	0.6501681903162014
34	166	0.6398974097318839
34	26	0.5760160989012085
34	167	0.5639660137143638
34	32	0.5501385686375493
34	30	0.5365014255572492
34	136	0.5321286654100917
34	134	0.5233047378206225
34	36	0.5196936799311946
34	42	0.5058002590213766
34	67	0.5027054913439947
34	2	0.4648574292422962
34	37	0.462533872456705
34	63	0.4556993668704144
34	114	0.4352697880501856
34	104	0.4133957418499081
34	183	0.4048113967506221
34	60	0.4021910053110563
34	141	0.40016888505202464
34	185	0.3947800221882119
34	126	0.3891008253714289
34	31	0.3747175056597912
34	41	0.3739350150722599
34	1	0.3574244504017136
34	130	0.3525739030656934
34	158	0.34561034481515224
34	17	0.33938738323707923
34	65	0.3347604876586602
34	188	0.3260839807457481
34	44	0.3217249237112468
34	116	0.3201192781532423
34	4	0.3164346157648142
61	166	0.7618879813039355
61	137	0.7106619618415946
61	165	0.6987736725485097
61	32	0.6825004692392117
61	36	0.6680759672276705
61	140	0.6421829850950769
61	167	0.6361501472780277
61	33	0.6333737490262106
61	183	0.6158055191961357
61	60	0.6027594301424216
61	138	0.5458845187934771
61	63	0.5366224827724941
61	67	0.5363803462578849
61	65	0.5189560753564547
61	41	0.5084373025400165
61	79	0.4921245441346938
61	81	0.4506933312941477
61	95	0.4470441194001617
61	141	0.435148199080755
61	114	0.4346941266933945
61	24	0.4344507826617629
61	30	0.4273989808418145
61	37	0.41124606575125777
61	123	0.405521860689306
61	145	0.3930058415914701
61	42	0.3915505194498573
61	31	0.3857777585028629
61	164	0.3848666249433476
61	134	0.38412524330817255
61	181	0.3808641233525509
61	169	0.3733843729017505
61	185	0.3663839910578632
61	126	0.35365928562638466
61	22	0.3411646490188942
61	197	0.3308567393177597
165	137	0.800929649472846
165	166	0.7655965241530651
165	183	0.6387621962945333
165	169	0.5590979658492506
165	167	0.5884750183509609
165	164	0.5708615797770832
165	33	0.5559553885133549
165	60	0.5517682609999328
165	140	0.5492872336527659
165	32	0.5474550982977459
165	36	0.5376967862774971
165	67	0.530513846791966
165	24	0.4836669621388705
165	65	0.4829311971153273
165	30	0.464504597051898
165	138	0.4581442411236168
165	41	0.4438377968086538
165	185	0.4361771503666996
165	171	0.4351319860187589
165	134	0.4136029964162067
165	63	0.4099241085515394
165	141	0.3901101921796363
165	158	0.38065036737412256
165	195	0.3758515986120503
165	22	0.3728076373537933
165	26	0.3716963948888803
165	42	0.3626987831136226
165	160	0.36262062009902135
165	49	0.3620646471233179
165	174	0.3555651499683319
165	2	0.3549360161490702
165	123	0.3491803629962192
165	45	0.3478361941249216
165	146	0.3257622220628209
165	104	0.3194818916022356
165	31	0.31859265863212605
67	49	0.5161813365618365
67	65	0.5494757422453727
67	60	0.5166579885075234
67	41	0.4983661165454889
67	42	0.4947723197149368
67	137	0.4896501113117246
67	32	0.4814576198631225
67	33	0.4669869599776349
67	167	0.44308265445047457
67	91	0.4345724626088749
67	171	0.4296603022985759
67	45	0.4239928511981072
67	64	0.3974020970035886
67	24	0.39684618403808536
67	36	0.3961466679123063
67	140	0.3923291918672065
67	69	0.3706876017460755
67	166	0.3688315553680542
67	104	0.3681747592910379
67	183	0.3486621931911413
67	93	0.3486007012631953
67	145	0.3444474843808203
67	164	0.333383474363824
67	138	0.3208640247314383
70	176	0.8489552669942766
70	98	0.6601503117436589
70	139	0.6431163169222568
70	71	0.6937970641494807
70	177	0.5951479248736709
70	52	0.5351112488175512
70	156	0.5048843653738836
70	38	0.4965374417156779
70	197	0.4564121786112127
70	97	0.4477639659827184
70	45	0.44075705424309297
70	109	0.4042928674804993
70	11	0.40391635273112464
70	81	0.39972366228901385
70	198	0.396542835995248
70	153	0.3889565537365545
70	66	0.3884387161292453
70	93	0.3707824828540656
70	142	0.3650499647455046
70	195	0.36354956103753816
70	9	0.35551273444471915
70	174	0.3555039983067048
70	173	0.3478361941249216
70	96	0.3413413582955984
70	79	0.34091721551796994
70	199	0.3382277591070958
70	196	0.3351333680846479
70	112	0.3308567393177597
70	175	0.3292974038738762
70	159	0.32396435053087697
70	108	0.3233824474627958
70	7	0.31616462940282075
176	71	0.6983948073469352
176	177	0.6854911318854411
176	98	0.6529419723111953
176	197	0.5557204334840393
176	52	0.5358672949999131
176	139	0.5168339021767161
176	109	0.4993426039307503
176	156	0.4874117817864226
176	198	0.4756366721613021
176	153	0.4661498842286338
176	174	0.41626859999585497
176	97	0.411453763561555
176	112	0.3850114346732099
176	9	0.3825727046389013
176	175	0.3797264741969894
176	106	0.3771732853465461
176	11	0.3722909131532448
176	96	0.3669466027940847
176	159	0.3596988901222732
176	108	0.3499352789562585
176	149	0.3294935335703684
176	38	0.3288604674289446
176	81	0.327673787538713
176	122	0.3192124863930105
98	198	0.7044752546842029
98	199	0.6897296996726768
98	96	0.6302133629308477
98	97	0.6232488521376778
98	177	0.5939518813129877
98	71	0.54618631227441
98	52	0.5347543253747258
98	78	0.4929046962448966
98	66	0.4641829992761034
98	156	0.4581205376822062
98	122	0.4396363992183501
98	38	0.432916257213724
98	84	0.42705564058313294
98	190	0.4170701949150949
98	142	0.4046357950012869
98	85	0.37817639838831946
98	182	0.3694879833327073
98	193	0.3615953444499607
98	197	0.35779945928031304
98	139	0.3491452395826978
98	88	0.3477219176604641
98	58	0.3462617876709256
98	81	0.34185367873470834
98	194	0.3280575642932718
139	141	0.6329543767753146
139	38	0.7327961953366553
139	142	0.5738604866210776
139	36	0.5723965661230289
139	156	0.5626347638273417
139	11	0.4658837225976298
139	79	0.4658054237143714
139	52	0.4654529884750929
139	166	0.4575988971568018
139	195	0.4256401075705335
139	31	0.4172353916236703
139	71	0.3992278150210903
139	196	0.3865010203559792
139	140	0.38415081644738974
139	181	0.3618474001656573
139	173	0.3609084418146021
139	170	0.35501467547434495
139	32	0.3439009270525562
139	160	0.33938738323707923
139	145	0.33605623914625954
139	177	0.3357989648812735
139	7	0.3354085220336551
139	197	0.3346006496541832
139	13	0.3272006115667669
71	177	0.7596977850264104
71	97	0.5594072222803497
71	197	0.4496009380155602
71	198	0.4473561240937671
71	174	0.41117128408302334
71	52	0.4013440367302781
71	156	0.3809667117657341
71	66	0.3649459515668142
71	96	0.35851427262552993
71	93	0.3422157137571481
71	170	0.3365263004679043
71	81	0.3270041506807157
71	190	0.31974226755424195
71	159	0.3183500431144067
52	156	0.839181571755034
52	122	0.6358643097836523
52	142	0.6224409275905307
52	38	0.6077967997593949
52	21	0.5422166477611684
52	125	0.5381515942904213
52	109	0.5026083376608158
52	131	0.5003253211578332
52	128	0.4955497795965962
52	28	0.4921700115980836
52	39	0.4909186782287384
52	129	0.4809120124693525
52	153	0.4459953072491124
52	157	0.4291219909884236
52	159	0.4240666690866567
52	106	0.4164669930803288
52	82	0.4115617495389444
52	11	0.4089585736799643
52	177	0.40752523190606577
52	9	0.4028111200109771
52	43	0.3912371994417628
52	29	0.3866371106527739
52	46	0.3835539563407129
52	44	0.381308605393274
52	149	0.3755424119831277
52	51	0.3754049688622969
52	143	0.3722650708803477
52	126	0.3708083581767465
52	0	0.3625077089597853
52	97	0.3588366728253805
52	72	0.35756400206181543
52	40	0.35740700532176484
52	112	0.3509177442268944
52	178	0.344870465261521
52	155	0.3371114254547807
52	115	0.33602075602114023
52	124	0.3354972691690394
52	31	0.333374585779601
52	133	0.3294311317504071
52	127	0.3287712794169045
52	173	0.32855720426239243
52	144	0.3274327561500404
52	194	0.3193202546709993
52	132	0.3168754832473546
52	53	0.3163626244118076
156	142	0.6945121100566664
156	38	0.6718074097533663
156	122	0.5855453050287303
156	131	0.5776975323830024
156	128	0.5200804301632976
156	125	0.4994852152219154
156	157	0.4945003991661381
156	129	0.4561192046177399
156	28	0.4518480453787106
156	109	0.4515614987761018
156	39	0.4256564840410982
156	11	0.4254763275306809
156	21	0.4196111643650761
156	173	0.40673269828982095
156	143	0.4043765188259867
156	153	0.3923630344482996
156	159	0.3860841391270644
156	31	0.3712740155170957
156	126	0.37066172373724615
156	40	0.3699541687327396
156	0	0.36972109930113095
156	177	0.367993211314226
156	101	0.3655698939169812
156	106	0.3598468859115165
156	44	0.35645587150831143
156	178	0.34899595413105905
156	9	0.34880273489769553
156	127	0.3477746619280593
156	141	0.34188900369414416
156	155	0.33409436897897
156	51	0.332449849657158
156	133	0.33238758481144154
156	43	0.3302243118507629
156	132	0.32542250601546674
156	46	0.3227375922984165
156	149	0.3220476238283115
156	112	0.3212586693521341
156	124	0.31711835174309494
156	194	0.3143363774640741
122	178	0.5060309143380489
122	21	0.493812612742034
122	125	0.4400235430129272
122	72	0.42099438443808296
122	142	0.4181187255812326
122	28	0.3874023047491798
122	157	0.3735908945773309
122	152	0.3656998405882173
122	14	0.3630982032582728
122	97	0.3610910744403413
122	0	0.3605430935154415
122	124	0.35950733929136897
122	15	0.35765121374159203
122	131	0.3560018590047465
122	132	0.3549010548357501
122	128	0.3528628476788252
122	106	0.3523549608612085
122	38	0.3450995214519032
122	46	0.3408288349600028
122	39	0.3394139274529312
122	120	0.33765199131783097
122	109	0.3279058515338785
122	177	0.3231675290764806
122	16	0.3143273655093285
122	143	0.3143093414298759
122	18	0.3138676807217951
142	38	0.7472858694231178
142	131	0.619996867969374
142	39	0.6133724094251638
142	143	0.6037834919859686
142	141	0.5802768483664708
142	129	0.4907137213772205
142	11	0.4522379173661938
142	128	0.4408053969577397
142	199	0.43517251814462105
142	28	0.4078337369528422
142	127	0.3979661346929592
142	194	0.3818297923873934
142	133	0.3717739580550779
142	31	0.3614214821173423
142	126	0.3580087163982605
142	7	0.3535105394162389
142	77	0.3501107757315243
142	59	0.3457336163383369
142	2	0.3405990173164091
142	44	0.33818347825913364
142	4	0.3354085220336551
142	184	0.31548043478816
33	22	0.6840412439713763
33	42	0.5956062483824929
33	44	0.5942495217061562
33	24	0.6749065575691111
33	138	0.6594840351907771
33	140	0.6554588590281035
33	123	0.6450298186138734
33	137	0.6342472436959217
33	136	0.6024155104559381
33	26	0.5897221766061577
33	32	0.5451188725259198
33	167	0.5445985571249597
33	30	0.5434721166951324
33	2	0.5401022828853725
33	166	0.5212394017910731
33	17	0.5058821127376443
33	37	0.5038778060208988
33	36	0.4754741642830226
33	134	0.4698516954793066
33	31	0.4591628725133261
33	116	0.4509960921257337
33	114	0.4412162067746849
33	16	0.4411839930758187
33	126	0.4337853186753043
33	104	0.4319406506377901
33	117	0.43068713980515066
33	63	0.4251814532149889
33	60	0.4047194186046382
33	141	0.3997068577347965
33	185	0.3956154026684241
33	183	0.3895250430781951
33	15	0.3879036425795659
33	76	0.38514770886853467
33	48	0.3732294573518625
33	41	0.35592326284584985
33	171	0.3544202361478479
33	1	0.3527577846933032
33	75	0.34518760904374035
33	43	0.3444651113779965
33	129	0.3382631827071459
33	130	0.33512449119864285
33	164	0.3276023752757544
33	135	0.32693270334894725
33	188	0.3219669558109056
33	77	0.317334199939326
33	158	0.31699242512006937
33	95	0.31616462940282075
33	146	0.3157505508437371
33	115	0.3157055350536045
33	127	0.3149220329384329
22	26	0.8301441691091156
22	24	0.6631357289237495
22	123	0.640056825637712
22	138	0.5726116826082154
22	23	0.5366438435179374
22	136	0.5097263560643949
22	104	0.4636257964907894
22	16	0.4530330383833769
22	137	0.4445040478669198
22	2	0.4416187820592067
22	140	0.4315175734662747
22	126	0.42997010067195934
22	30	0.4266058420656256
22	134	0.41346206797310137
22	17	0.3942565219063386
22	166	0.3919907076442789
22	117	0.3759031215846381
22	188	0.36192561359963593
22	184	0.3532392503022836
22	127	0.3529328847264563
22	129	0.3508914382478615
22	42	0.35039151945100244
22	44	0.3498738492805722
22	186	0.3426659082323496
22	185	0.33888294047051265
22	141	0.3388121258826226
22	27	0.33758111011270714
22	4	0.33616268279771805
22	167	0.3359231725089569
22	158	0.3262090887267816
22	32	0.31969737859251746
22	116	0.3190687825125402
22	56	0.31796356933610936
22	37	0.31585858294063235
22	75	0.3129839518408322
42	49	0.5131526585781614
42	137	0.4843867369769933
42	69	0.4686117796064633
42	32	0.44799579302804104
42	146	0.4403944023903484
42	75	0.427145574940786
42	188	0.4115700556740224
42	138	0.4102817892389096
42	40	0.39676192938413096
42	30	0.3806332651379691
42	24	0.37095497413049866
42	73	0.3642176043198777
42	116	0.3556874441592135
42	68	0.35353679004679045
42	140	0.35085636274763005
42	186	0.3456983971206356
42	2	0.3407492873066521
42	136	0.3349380628504414
42	37	0.32728097377842025
42	184	0.3179006449938765
44	149	0.6378970951514993
44	43	0.5806349066750711
44	18	0.5676033957299107
44	17	0.5510235812199296
44	31	0.5351612028628989
44	48	0.4930560903103927
44	15	0.4884403845041014
44	116	0.4747463503441138
44	115	0.4673856458121125
44	127	0.4634609197052017
44	76	0.4634138061565865
44	129	0.4604324956695602
44	24	0.4565705017416239
44	154	0.4540418039997468
44	46	0.4530091952273479
44	120	0.4483793744033434
44	16	0.4404830638996649
44	77	0.42199764040337
44	26	0.4150443003563283
44	39	0.4148042273808564
44	117	0.408592096489653
44	21	0.3948644337289396
44	148	0.3814282435304685
44	2	0.3786904712475185
44	171	0.3766327805866854
44	136	0.37486362610468427
44	75	0.3745541725427578
44	187	0.36858097922087374
44	118	0.3683389927962597
44	14	0.36825255697414094
44	37	0.3678981035551115
44	30	0.36525796376388014
44	45	0.36027336068639354
44	28	0.3598555909823783
44	147	0.35802615286858963
44	82	0.34219805586818924
44	79	0.3331079007001263
44	38	0.3296718086221631
44	29	0.321402148834644
44	114	0.3173881568522517
138	123	0.8171901214558717
138	140	0.7196410235492635
138	137	0.6783007501843332
138	136	0.6484967112565531
138	166	0.5422237077339566
138	2	0.5388687010654835
138	134	0.5304635460699967
138	141	0.5245743401089137
138	24	0.5186052593914324
138	26	0.4957006507249422
138	36	0.4844173511633743
138	30	0.4840269314296713
138	130	0.4664237860295988
138	126	0.4607555154585911
138	32	0.44962487346260704
138	114	0.4403057322904885
138	104	0.4231886918559991
138	158	0.4150277454543353
138	4	0.40826715425179627
138	185	0.4017550281248505
138	63	0.4013775931101213
138	37	0.3962731205699134
138	167	0.3947209301439376
138	107	0.3606387906742801
138	145	0.356988248602342
138	160	0.3401215737026531
138	127	0.3138316207859325
138	65	0.3132635574273624
138	8	0.3117024848853843
9	112	0.8307648590742067
9	3	0.8060680344328388
9	108	0.8012878741372781
9	109	0.7954502714950429
9	106	0.7854724176883172
9	103	0.6824043026664707
9	0	0.6732861458814832
9	12	0.6610126684604615
9	5	0.6274989887046121
9	6	0.5940036565457324
9	11	0.5460108681937053
9	113	0.4955573238633698
9	1	0.447404115155458
9	102	0.3687019537062841
9	7	0.35207465855158715
9	120	0.3456807871465186
9	28	0.33817462190983283
9	131	0.3347604876586602
9	132	0.33030449513883164
9	51	0.3267540686695291
9	29	0.3163806225917237
9	153	0.3150211201579596
112	12	0.8197976161547494
112	11	0.6465804256353032
112	103	0.7410390294805672
112	3	0.7394841094725878
112	108	0.7245226130694039
112	106	0.6919148479054733
112	113	0.6857666866298463
112	109	0.6773385530631767
112	0	0.5711850672995048
112	5	0.4760698677949434
112	1	0.4568712360339509
112	111	0.442342969596539
112	13	0.4074751952915332
112	102	0.40523773383860257
112	6	0.3841337677534022
112	37	0.3574680620103972
112	114	0.3359941430513272
112	131	0.31153093483108474
3	103	0.8022878536436613
3	12	0.7095018293100253
3	0	0.6985586890178093
3	106	0.6806853619799971
3	108	0.653635560801088
3	113	0.609490295259592
3	109	0.5874346673240117
3	5	0.5728065638409563
3	1	0.5074133264409331
3	11	0.4780395339704619
3	111	0.4716342326139803
3	102	0.4547004478488549
3	6	0.4482515322830937
3	120	0.4043095982907601
3	13	0.3546737821067133
3	10	0.34409489344779964
3	132	0.3242507359038005
3	104	0.32261216896968825
3	131	0.317136340348022
3	28	0.3127584239374045
108	6	0.6954530479916186
108	103	0.7242612220940078
108	12	0.6369115275188088
108	106	0.5923249341271527
108	109	0.5680641397672821
108	5	0.5584514613711812
108	113	0.5132263222327451
108	105	0.4726056108772851
108	0	0.4252879460232886
108	111	0.3806845710652312
108	102	0.3511983068676786
108	51	0.3491188963787273
108	1	0.3490749898125237
108	153	0.31627263009603623
109	106	0.8099900177068188
109	0	0.7124638822614449
109	11	0.5903870487534405
109	5	0.5867334618979329
109	103	0.5276696089189058
109	101	0.5127915973890916
109	197	0.4961003145456855
109	153	0.4289261657882435
109	12	0.3724201158585243
109	99	0.36904752627027504
109	95	0.36782892944050494
109	37	0.3541141629891904
109	51	0.3497070964224885
109	7	0.3449145177199742
109	6	0.326968427482052
109	113	0.3255476743390474
109	72	0.3173521858052839
12	113	0.8139758814713579
12	103	0.7179735873679783
12	111	0.6661057583373415
12	13	0.6229796915612225
12	1	0.5631198138895562
12	102	0.5382439389015021
12	11	0.5124082319142401
12	106	0.4983886651447746
12	114	0.44970465362254297
12	0	0.4481716216449729
12	6	0.4313629401990906
12	5	0.3719204520961119
12	8	0.3703338858196871
12	10	0.3629853371709942
12	110	0.36143886948190185
12	131	0.3509791226906537
12	129	0.3236331434184046
11	106	0.5437750402504461
11	0	0.4899465493675457
11	114	0.4637592446621422
11	113	0.454867013917069
11	141	0.4430344325028744
11	197	0.432534265266012
11	37	0.4323635377980031
11	103	0.4175409328535113
11	101	0.4051039999880516
11	32	0.4030959136844056
11	95	0.3762293797655857
11	13	0.3746831216728001
11	7	0.37167053934687505
11	39	0.35061957737298266
11	36	0.35011954992525185
11	126	0.34211859237695064
11	77	0.3382808941477055
11	38	0.3347516082747768
11	131	0.32996591106012185
11	24	0.3275309592695254
11	129	0.3204782416287479
11	145	0.3196345316351511
26	24	0.7534984707176945
26	123	0.5615745047516535
26	23	0.5226436247184679
26	39	0.5087190148714615
26	127	0.4787643975460498
26	30	0.4751877619125621
26	126	0.4687912529495375
26	17	0.4592733491347682
26	16	0.452222007604974
26	129	0.4512828224691712
26	27	0.44809170384379504
26	140	0.4451617892213413
26	134	0.4368004480150008
26	136	0.4350995590481859
26	2	0.4292443612582673
26	188	0.4225810272859019
26	137	0.4084587993767373
26	117	0.4056137673114747
26	28	0.4031294136916139
26	186	0.40305403715620897
26	166	0.3970399443636975
26	76	0.3952948288785562
26	29	0.3934369838072935
26	32	0.38159058913716415
26	75	0.37981205172757815
26	141	0.3786476407602299
26	15	0.3691511781502836
26	130	0.3673532472218783
26	133	0.3652059674272236
26	158	0.3642783169594648
26	56	0.3625685085881287
26	116	0.36117803262366505
26	31	0.3491715822348178
26	1	0.3491628014120964
26	167	0.3459449111858325
26	184	0.3425423410946956
26	77	0.3395554874738685
26	36	0.3342809158881801
26	104	0.33101702585753856
26	143	0.3281021824730936
26	25	0.32620015282132786
24	140	0.6079733329658691
24	134	0.6000146042416761
24	30	0.5757220139855478
24	166	0.5710705190825971
24	32	0.5618277667246504
24	123	0.5444860013324322
24	2	0.5380379216458427
24	137	0.5341685576422922
24	37	0.5310310088042627
24	167	0.5148082615212026
24	126	0.5008199429727994
24	17	0.4974636197934702
24	129	0.4711753438960562
24	188	0.4696256852687371
24	116	0.4636257964907894
24	127	0.4469320911717318
24	1	0.44366111779757594
24	148	0.4408940186264636
24	186	0.4366385928037504
24	135	0.4224002969261259
24	31	0.42032771862730695
24	114	0.4181022219085986
24	76	0.41626859999585497
24	39	0.4120766005936306
24	136	0.4032466552085717
24	104	0.3998328853419183
24	187	0.3954298190593789
24	141	0.39540450970139823
24	36	0.3754135595411402
24	15	0.3602298497473592
24	77	0.3515489214945752
24	130	0.3484337794745789
24	185	0.3464729947808178
24	16	0.3404575708398666
24	63	0.3385022669307114
24	23	0.33563037870671514
24	27	0.32638779459138995
24	133	0.3230690136725136
24	158	0.3149130246689325
24	117	0.3148769910235774
96	198	0.8297396138900696
96	78	0.5852232156606069
96	190	0.6265280226541464
96	84	0.5858737771815735
96	199	0.5787027157713941
96	88	0.57574206996402
96	90	0.5311602375426471
96	189	0.4907440887828823
96	97	0.4898021449747361
96	193	0.4872821579886972
96	85	0.4588945130134106
96	68	0.4401122404403597
96	86	0.4158882357809685
96	147	0.3913642320038965
96	58	0.38243611417903534
96	95	0.37189460155236986
96	99	0.3702562264783358
96	172	0.3567962704620933
96	177	0.3441125253005428
96	73	0.3420038031393605
96	76	0.34155337758100746
96	80	0.3399181648115034
96	77	0.33959972182637704
96	194	0.33616268279771805
96	197	0.3316935805981445
96	72	0.3315333747484632
96	182	0.32771841830190723
96	159	0.32723632868967284
96	148	0.3127313582184141
198	199	0.7628930057452539
198	190	0.6695350910364978
198	97	0.6596930640750015
198	193	0.5907322055800905
198	177	0.5780438863978582
198	78	0.5467964842233678
198	84	0.5360882406246663
198	182	0.5326589174349514
198	189	0.4899617482661859
198	85	0.4893991906623336
198	88	0.4599989848776096
198	194	0.4074418361892218
198	172	0.4048782848029607
198	147	0.3887613323316483
198	148	0.38718980430924815
198	197	0.3752073654489302
198	90	0.3626640446259477
198	187	0.34868854595573817
198	74	0.3459977294165426
198	72	0.3424805530811268
198	159	0.33188046324536863
198	58	0.32802186869550204
198	162	0.3221999839911726
78	84	0.5590154711791843
78	182	0.5422943032509423
78	147	0.5272365329879766
78	81	0.4896273036936442
78	77	0.4743202003682945
78	88	0.4544307020061133
78	90	0.4531840299873302
78	80	0.4489304834090645
78	43	0.4442472381782853
78	172	0.4426968070927813
78	199	0.4340126035466138
78	181	0.4312164221417422
78	68	0.4197265072943408
78	148	0.4138350706510737
78	97	0.4008321684700994
78	74	0.3969557050910848
78	149	0.3958431202213326
78	86	0.3898982180012412
78	92	0.38924507792125385
78	76	0.3875212870188403
78	189	0.38499439921813183
78	7	0.3822311971462709
78	135	0.35003180522335475
78	187	0.34899595413105905
78	190	0.33529314185733555
78	79	0.33301899382621536
78	57	0.3160656215679322
199	193	0.5616977264282658
199	97	0.5027727441480688
199	194	0.4774684381790637
199	85	0.4652257852937656
199	182	0.4376254696276633
199	190	0.4304997842742328
199	38	0.4193227477541036
199	177	0.3973431503537673
199	84	0.3886509743534482
199	66	0.35819178688138176
199	148	0.3507160509021036
199	189	0.347044837618545
199	74	0.3424717259801884
199	147	0.3395731813951233
199	77	0.336437622479043
199	186	0.3341210201404204
199	58	0.3259409862084517
199	184	0.31888014890249744
190	85	0.6306110659895061
190	193	0.6284014493385601
190	88	0.5667487236923208
190	84	0.5155575397150035
190	55	0.5091487868950801
190	97	0.5022121181767863
190	159	0.4622901581701996
190	58	0.4587366153586572
190	74	0.4545417839215135
190	90	0.4133542857950239
190	177	0.4080921424840826
190	158	0.392041487047022
190	194	0.3906865527426027
190	185	0.3901441042119594
190	189	0.3808812220726937
190	99	0.36981605913275656
190	162	0.3523987523887417
190	80	0.3357191109531846
190	163	0.3266379436062004
190	72	0.3227465506739693
190	54	0.3220386609461672
190	59	0.31938311568604794
190	73	0.31153093483108474
1	102	0.8288026879677619
1	13	0.6554075223682551
1	134	0.6477079613594465
1	110	0.6397024932485407
1	10	0.5836165910356156
1	114	0.5465931580420319
1	111	0.5419624377523861
1	2	0.5366438435179374
1	104	0.5198031591678793
1	103	0.5111165588141799
1	8	0.4874880210456749
1	113	0.4730404163610649
1	30	0.4547956323550726
1	6	0.4461715293564388
1	129	0.4445361439422866
1	0	0.4408698499328657
1	140	0.4343290868544332
1	17	0.4285099033703595
1	4	0.4271701010262268
1	135	0.4085087878361363
1	28	0.4015872960701724
1	123	0.3962731205699134
1	37	0.3956238375195859
1	107	0.3949235178412563
1	126	0.3791015613844597
1	133	0.3743134287328891
1	32	0.3692289110341973
1	100	0.35589706300717483
1	7	0.33857309830965643
1	120	0.33326791814661283
1	125	0.3292349930099705
1	136	0.32693270334894725
1	117	0.31808042139725506
1	29	0.31549844411643113
1	166	0.3138135904784893
102	110	0.7059230114368314
102	111	0.643573480596466
102	13	0.5931746623340214
102	103	0.580084465151579
102	114	0.5740348384800944
102	134	0.5663073438312988
102	113	0.5534631221783629
102	104	0.5190291400236611
102	10	0.4996202956892906
102	8	0.4777771887513528
102	100	0.4625653143716433
102	2	0.4431308738341859
102	107	0.44186024191740014
102	0	0.3899660542355263
102	30	0.384253103109705
102	105	0.363037430535084
102	4	0.36094323111621857
102	101	0.3593767190775605
102	131	0.35603678901437724
102	135	0.34700085886141746
102	6	0.34484403305719263
102	140	0.3407139312278407
102	129	0.3396793398753223
102	123	0.3382543268969979
102	136	0.3207832882351799
102	28	0.3126050448152745
110	13	0.6567403077968005
110	10	0.6621766130389478
110	8	0.6117855538810064
110	114	0.5957352836493077
110	107	0.5944500136924762
110	134	0.5502361897759318
110	2	0.5434086961679939
110	111	0.5186856701482919
110	104	0.5028325193090949
110	30	0.4635237336941938
110	4	0.4482914849158092
110	100	0.3992698450396633
110	32	0.3937750135278169
110	141	0.3616909580152545
110	135	0.3596118253200077
110	140	0.3572674357044429
110	113	0.3522936501303799
110	37	0.3115399642877213
111	113	0.7650579678937452
111	103	0.5383433724928315
111	13	0.5070419663972872
111	8	0.4754354671471255
111	131	0.4278402372189951
111	114	0.4259102836760695
111	104	0.38170165414785795
111	129	0.3810180024551415
111	2	0.3618126370041576
111	10	0.3476164225228565
111	134	0.34531972902900665
111	127	0.3364021496126385
113	103	0.7165315101836369
113	13	0.4865879242888858
113	106	0.4584286315938199
113	0	0.4222195329733833
113	114	0.4086337482636234
113	129	0.37353926762954204
113	131	0.3642696439147932
113	8	0.3468689134340381
113	127	0.3330456665102245
113	75	0.32313170610350084
113	143	0.3219131745352606
113	5	0.3196704445266194
123	136	0.6728704520700654
123	140	0.6545795967164241
123	134	0.568165726580313
123	126	0.5602380064386321
123	130	0.5255521564277617
123	137	0.5107766493836984
123	30	0.4756598849227529
123	167	0.4733353317847479
123	2	0.4666975984171434
123	104	0.44933760548606017
123	127	0.4403944023903484
123	114	0.43272121690938253
123	63	0.4313710794241189
123	166	0.43001900695295797
123	129	0.42296702047361057
123	141	0.3897794944082565
123	117	0.3730745209857192
123	17	0.34750212619147075
123	185	0.34585687592874864
123	4	0.3413413582955984
123	37	0.3397501073877953
123	56	0.33616268279771805
123	16	0.3320584225023789
123	158	0.3317380788285481
123	100	0.326343120311993
123	74	0.3245728484153021
123	36	0.31890709810820145
136	140	0.5619098831352871
136	2	0.5123418594511897
136	134	0.4480757194240485
136	4	0.4456908421529194
136	137	0.4168967087078728
136	37	0.3971662907304536
136	30	0.3862372975083989
136	114	0.3788617769762622
136	141	0.3786904712475185
136	104	0.3580087163982605
136	129	0.3428777100278225
136	76	0.34250703402116545
136	127	0.3350978601836477
136	130	0.3298767958701676
136	75	0.3263788598521528
136	8	0.32380323265933136
136	17	0.3193382152477925
136	167	0.31728923427562883
106	0	0.7461400038784203
106	5	0.7181721796078331
106	103	0.6440360377338359
106	101	0.4171775759112131
106	99	0.39388485026560666
106	197	0.3582353710329617
106	72	0.3431865251617616
106	76	0.3353020176126657
106	120	0.3319071586403137
106	7	0.33156897770115873
106	39	0.32714703412940954
106	37	0.3178197381530725
106	153	0.3144895720254188
0	103	0.6357034494940489
0	5	0.5737934143580996
0	101	0.5581210694894571
0	99	0.4161032421408716
0	37	0.390305171910305
0	120	0.3632631422193805
0	115	0.3626727293423584
0	14	0.35748550621737285
0	28	0.34631459274026355
0	154	0.34531972902900665
0	7	0.34424475645968106
0	197	0.335834453966774
0	131	0.334076601241198
0	46	0.3334368046245356
0	152	0.3283163293559732
0	17	0.32507376269736177
0	76	0.3237942811156811
0	29	0.3192484100698411
5	103	0.5267887332498628
5	51	0.3748206514361469
5	6	0.3557835239082737
5	120	0.34354818568718704
5	46	0.3197692002423585
103	6	0.4120184854161051
103	13	0.3666350355806223
103	120	0.3435746446538046
95	197	0.8052961072689242
95	99	0.6543223344562042
95	79	0.5674813745151623
95	181	0.5303413716211586
95	101	0.5124819719158825
95	32	0.5103478402124918
95	36	0.4900985249492896
95	81	0.4808582000033676
95	162	0.4473801199466662
95	163	0.3906950263496722
95	185	0.3754135595411402
95	158	0.3662454608948324
95	145	0.3626379900987622
95	100	0.3611954235066136
95	97	0.3567613621070497
95	183	0.3523987523887417
95	56	0.3393431416761597
95	31	0.3376874304844783
95	141	0.33653516793855365
95	166	0.32638779459138995
95	167	0.3242954782513896
95	93	0.31831409652668
95	182	0.31785569732047364
95	57	0.3151562280267496
95	41	0.3148499651938754
197	99	0.5533451857257019
197	101	0.5454491252338832
197	181	0.5426753867377
197	81	0.4978397911698263
197	79	0.4656488040641555
197	182	0.4174335912835602
197	183	0.4126160813867444
197	97	0.3919568533820698
197	174	0.3851902911105941
197	32	0.36614155261713416
197	177	0.36435637151793293
197	69	0.35908930503897285
197	162	0.3588976578303814
197	196	0.3437245684944588
197	185	0.3377583059455703
197	147	0.33398775899103217
197	159	0.3307498710171353
197	164	0.3270934545886869
197	187	0.32070254707698165
197	167	0.31904183640125755
197	36	0.31591259591827464
197	135	0.3132996316130576
99	101	0.6353100029330166
99	163	0.5366296030973943
99	56	0.5365940007087052
99	57	0.4859389086493475
99	162	0.4520628941650081
99	79	0.4012098004371649
99	185	0.3873683074442016
99	73	0.3768129773589575
99	58	0.3651713019367861
99	76	0.35485735179821004
99	75	0.3476603798999441
99	97	0.3387324548825207
99	117	0.3320584225023789
99	161	0.3286196463376317
99	81	0.32852152178692096
99	159	0.3196075963638904
99	158	0.31629062941464897
99	16	0.3124245779175169
79	181	0.7312506070663862
79	81	0.6190787707281245
79	36	0.6147366403817109
79	31	0.5586097113941678
79	183	0.5409375318146245
79	32	0.5406474389922838
79	167	0.4513863410913239
79	45	0.4481476470567116
79	166	0.4366871523358706
79	38	0.4183002477616732
79	60	0.41677277138830304
79	145	0.4031629126184526
79	141	0.39174524019439694
79	86	0.37079973313314935
79	140	0.360255956498879
79	182	0.3564209534419935
79	93	0.3560455213613353
79	164	0.3523286852040189
79	158	0.3248143834084329
79	162	0.32461758031263044
137	166	0.7307057722912971
137	140	0.6801053349713205
137	32	0.6454442236971586
137	36	0.555125739086724
137	167	0.5530328938870025
137	30	0.5209188721259249
137	134	0.4974109408628578
137	2	0.44708412608365616
137	183	0.4423590561081667
137	141	0.4309803174276043
137	158	0.4302064576503009
137	41	0.40016888505202464
137	185	0.39647541355418336
137	63	0.3940791492466409
137	104	0.3763238055172914
137	114	0.3664532500493724
137	31	0.3645644919790215
137	145	0.3445444298595959
137	65	0.3396439546767138
137	60	0.3321207026589149
137	37	0.3291101626522801
137	171	0.32601248534182004
137	146	0.3146157199537577
166	140	0.7560887747787057
166	32	0.7038803772037429
166	36	0.6778253474156989
166	167	0.6373095678862907
166	30	0.6089746499693218
166	141	0.6049514128630968
166	183	0.6004176407958876
166	134	0.5961350975969729
166	114	0.5394645124708196
166	2	0.4926245385286358
166	169	0.4458430875966634
166	63	0.4347671175290753
166	37	0.4202289146911029
166	31	0.4078504102497015
166	41	0.39967324782033453
166	185	0.38893957934852463
166	181	0.379127249552484
166	13	0.37578289770042334
166	60	0.37237704989376336
166	145	0.3648679357038641
166	65	0.3613171526515422
166	100	0.3530291792093407
166	158	0.3496281004912083
166	104	0.3416240429531981
166	160	0.3404222068125892
166	126	0.3376342713755148
166	164	0.33462729065890995
166	135	0.3129839518408322
183	164	0.7271533608256646
183	81	0.7189412244577348
183	182	0.6836686042980246
183	167	0.6621653824475536
183	174	0.6123921406057757
183	60	0.6997803646982471
183	63	0.6144877396464361
183	169	0.5477631529563379
183	185	0.5309879270675889
183	45	0.5083557339123344
183	181	0.4927381282938238
183	195	0.48986295010071
183	65	0.4772290753513224
183	160	0.4609917940979892
183	31	0.4578597568278062
183	196	0.44560268826738897
183	170	0.4417314712904616
183	36	0.4391925960414181
183	93	0.42761963450353946
183	175	0.4146137836007531
183	74	0.4032047847576475
183	140	0.35783433796298897
183	80	0.34971587344126154
183	97	0.3455751221886566
183	30	0.33214739326813764
183	41	0.31815232555503914
183	171	0.3169654393893768
169	65	0.607569740188942
169	174	0.4924276098333269
169	185	0.46722932106979104
169	164	0.4555805080336663
169	170	0.4518878361469026
169	60	0.4229423871940584
169	160	0.4166322903586877
169	196	0.37276458582805577
169	63	0.3552593612276367
169	195	0.3533792779120964
169	64	0.35118954023939825
169	182	0.34775708075008543
169	167	0.32697735836932473
6	105	0.6062432457466386
6	7	0.3221462117214927
51	155	0.7924190449792547
51	157	0.7038652403116729
51	53	0.5688425295256143
51	46	0.5351826105938033
51	153	0.5172148987612923
51	21	0.4677763298085541
51	154	0.4544068968994752
51	25	0.4521504101181257
51	125	0.4155656390529101
51	94	0.37205831191964345
51	144	0.34686011658395594
51	14	0.3327255591340716
51	27	0.3305806455252865
51	40	0.3276470083788073
51	124	0.3259052352434222
51	152	0.3235257078559375
51	149	0.32124073337954745
51	69	0.3140659941822544
155	157	0.6724378983982716
155	53	0.56147864844543
155	125	0.5319996220162806
155	46	0.4887753399318977
155	21	0.4808351364089204
155	154	0.4504940899688327
155	144	0.39070349989053016
155	124	0.3863393912660204
155	153	0.34817017375734993
155	25	0.3357723474414827
155	14	0.3271202446219526
155	94	0.3153183406080052
155	18	0.3129839518408322
157	53	0.6163143046867836
157	125	0.568876349472505
157	150	0.5617114161877562
157	124	0.5546620369621614
157	144	0.5514551849818621
157	40	0.5110943956784489
157	153	0.4763636904691262
157	21	0.4649201395156938
157	94	0.4455866593596563
157	154	0.4304509028155397
157	46	0.3847558753043416
157	132	0.3561241096856359
157	118	0.3390068567600389
157	149	0.33616268279771805
157	14	0.3357368566876013
157	128	0.33355234620218066
157	120	0.3276470083788073
157	25	0.3208102009186373
157	173	0.3141921793903441
186	188	0.7769385593613359
186	184	0.6973175150869326
186	116	0.6144068205564824
186	75	0.6859679293176312
186	187	0.5974292372954239
186	77	0.5674067937220564
186	148	0.5543919620440819
186	73	0.4990272618896939
186	158	0.4698750723313176
186	76	0.4622036621129957
186	161	0.458539202543216
186	56	0.4529217647773585
186	15	0.4341911457692187
186	30	0.4279382665133892
186	147	0.4208709620857502
186	193	0.41735101291705023
186	14	0.3871132940783069
186	185	0.3807102231499835
186	43	0.3784420318479834
186	135	0.3733671610910189
186	2	0.369772896530561
186	189	0.3589063697238265
186	172	0.33204952510079416
186	16	0.32246881414908074
186	39	0.3169114663883731
186	101	0.3164166182682371
186	17	0.3138045752398943
186	130	0.31286668173405113
186	84	0.3128396180468556
188	187	0.6668838565811689
188	148	0.6656103550004893
188	184	0.6646401169185084
188	116	0.5780971531557344
188	75	0.5697009599924463
188	77	0.5297589437472685
188	172	0.5234063916737187
188	147	0.5176322942493289
188	76	0.4499279998964087
188	73	0.3977725436967644
188	2	0.38301650813495175
188	30	0.3780821263797531
188	56	0.373556476869284
188	161	0.3712481505608519
188	189	0.3684599922499288
188	158	0.3517767681361453
188	43	0.34971587344126154
188	185	0.3357102379966112
188	135	0.3302154023023031
184	73	0.6975845673355925
184	161	0.7119316861304085
184	75	0.6821691293472127
184	56	0.5662529976898993
184	77	0.4735137816969194
184	193	0.45339060794312996
184	158	0.4360313840150529
184	185	0.4251159133272737
184	76	0.41312210022248297
184	187	0.3972336693044706
184	148	0.3967450776509829
184	85	0.3817358257799938
184	143	0.3807016725201707
184	2	0.3650499647455046
184	116	0.34583046416407465
184	30	0.3428688856488062
184	58	0.3405724972761539
184	39	0.3383871577579601
184	55	0.33512449119864285
184	8	0.3281378759629443
184	130	0.3155524707375529
116	148	0.6092514017414499
116	187	0.5759626400015632
116	15	0.5510723254506105
116	147	0.5360526091997033
116	135	0.5350898387953137
116	189	0.5297157810476796
116	115	0.5176030113707161
116	14	0.5059788372034878
116	17	0.4985840580931462
116	77	0.4965374417156779
116	43	0.4765182912647041
116	152	0.4535812520643597
116	149	0.4177308163157761
116	16	0.4143984555866184
116	86	0.4090834789496173
116	76	0.40841714045551375
116	172	0.3969388564339596
116	75	0.39515138310066
116	30	0.3911101519687951
116	117	0.3830079751187243
116	118	0.3726095870482402
116	49	0.3577732996131152
116	21	0.3480031949826036
116	7	0.33389891080622325
116	159	0.3266468766535594
116	48	0.325216847581847
116	146	0.32465336478502266
116	46	0.32242401273357
116	2	0.32236128832508176
187	148	0.7624746924946535
187	189	0.5956062483824929
187	147	0.6797127967395454
187	172	0.5873822712208505
187	182	0.548294897690109
187	77	0.4922533616400498
187	43	0.4865802919298285
187	76	0.4659228693035576
187	149	0.43462113014632653
187	185	0.4256564840410982
187	75	0.40224968062671984
187	167	0.3847729144315497
187	135	0.374545575418839
187	158	0.3702389681440029
187	17	0.3675348940404816
187	30	0.3428159381039905
187	15	0.3274952498628782
187	193	0.3239195974510149
73	75	0.7769385593613359
73	58	0.5150654555275952
73	161	0.5773709698435671
73	56	0.5765504169296368
73	84	0.5310956262619317
73	88	0.5211374310225309
73	77	0.5079551737908591
73	76	0.4927229839618436
73	85	0.4647711950003624
73	193	0.4542878616309934
73	90	0.432534265266012
73	143	0.4310535976219367
73	82	0.4268757465190187
73	74	0.4253207106724135
73	55	0.4132879525428815
73	57	0.4094497793043026
73	158	0.3344052659455667
73	14	0.3332056914204111
73	43	0.3243044265467981
75	76	0.6141888972120259
75	77	0.6062369210170256
75	56	0.5901589965426449
75	161	0.5294063680770854
75	43	0.4546290526520938
75	143	0.4272845477797971
75	57	0.4227863619078397
75	84	0.4208627333747856
75	15	0.4089669011747581
75	158	0.3962056810229858
75	2	0.3942142929841757
75	14	0.3914489120933292
75	74	0.3905594406917848
75	193	0.3905085917008753
75	148	0.3885406052230934
75	129	0.3868922345764071
75	130	0.38666262570915416
75	85	0.38112912423702827
75	88	0.3793669776057576
75	82	0.3618647813690479
75	39	0.35434153887112985
75	185	0.3536417870004221
75	37	0.347027246298834
75	127	0.3468689134340381
75	30	0.34552228642310095
75	10	0.33940507944104154
75	163	0.3284947593148759
75	126	0.32056796812257426
75	147	0.3168574913347708
75	133	0.3168125105556741
75	55	0.3124516493902684
58	59	0.4502389955796462
58	90	0.4416107322951444
58	161	0.4303775758931863
58	193	0.3946871617953004
58	88	0.3891687113019419
58	84	0.37827066255389336
58	194	0.3771818627173225
58	56	0.3740640337252789
58	85	0.3720496961614628
58	162	0.3392192573189586
58	82	0.3386616321375541
76	77	0.6646233689791234
76	43	0.5451399575435426
76	56	0.4834371089131221
76	147	0.4659855002393178
76	148	0.4652649626308524
76	57	0.45628549929370205
76	84	0.4434040685726536
76	31	0.43396390429490905
76	129	0.4130723391812811
76	74	0.4066575843743153
76	39	0.4062568839777645
76	149	0.3995051821293081
76	2	0.3779278461788856
76	15	0.3771389752164171
76	17	0.3741500381177445
76	126	0.3655958843915132
76	143	0.3564209534419935
76	185	0.3563423841525136
76	90	0.3546300710061764
76	88	0.35414914662002656
76	133	0.3529066212970209
76	30	0.35183810434305746
76	82	0.3479768278940481
76	55	0.3453021138216565
76	127	0.3418095211768572
76	162	0.3408111581254045
76	7	0.3266558096425595
76	63	0.3254493287593743
76	18	0.3244923273414272
76	130	0.32235232746419784
76	135	0.3126050448152745
36	141	0.7761445937449973
36	32	0.7527843874755509
36	41	0.5947861569298303
36	140	0.6270016119755839
36	145	0.5575631316738777
36	114	0.5195768832637867
36	38	0.5150654555275952
36	31	0.5016136514679873
36	158	0.4856409454785605
36	13	0.4844479641633749
36	30	0.4419809478452142
36	167	0.4400316067702605
36	195	0.43567496994050803
36	2	0.4280689565783177
36	134	0.4159709360388201
36	160	0.4050622046040528
36	181	0.4009664532284845
36	37	0.3890499081499123
36	100	0.3681228913045139
36	60	0.3338189423667529
36	10	0.3322986300056444
36	65	0.3307053400546007
36	126	0.33056283107877066
36	185	0.3206397451758923
36	104	0.3159576051688748
141	140	0.6680316709001389
141	32	0.629374693546586
141	38	0.5720939252126885
141	114	0.5563352747984356
141	2	0.5552848409151436
141	145	0.5197812646861898
141	37	0.4715875776247532
141	13	0.460495533500807
141	160	0.4578913708265214
141	126	0.45581028712539395
141	30	0.4543672202794393
141	134	0.4534303288904731
141	31	0.4399348369987088
141	158	0.4290322427775097
141	10	0.4204759058436232
141	41	0.3869092407327903
141	8	0.3831188992309023
141	4	0.3736167071833271
141	129	0.3728248575147055
141	127	0.3696520327537511
141	107	0.3622818547558174
141	131	0.3540179528943964
141	195	0.3447999781679828
141	133	0.3388475336564746
141	104	0.330482663154615
141	100	0.329698547852658
141	39	0.32150974876323263
141	143	0.32104342247211665
32	114	0.6625919358290556
32	37	0.5778773960252916
32	140	0.6672612662017421
32	13	0.5640410227176744
32	30	0.5318562114788875
32	145	0.5211010092846252
32	2	0.4912449788342782
32	134	0.4731025126321679
32	41	0.4694775762289256
32	31	0.4564121786112127
32	167	0.4547559734066303
32	100	0.4025597666836645
32	181	0.3979493020998727
32	126	0.3941298301456907
32	104	0.3767185921293141
32	10	0.3622731672057671
32	101	0.3415268770707674
32	158	0.3410321012344566
32	7	0.3375545286736905
32	135	0.32025390023512723
41	145	0.6824256750577831
41	93	0.4897489365803974
41	40	0.4624002313388289
41	140	0.4567446237919632
41	195	0.4286976520934699
41	167	0.37004910959917614
41	60	0.3575291156434918
41	196	0.35206589808639593
41	69	0.3476603798999441
41	65	0.32894964957509537
41	45	0.3224598539815483
41	38	0.3194010754598329
41	91	0.3180714331202102
41	100	0.31490401634269544
28	132	0.7749889571035072
28	29	0.7310039170302757
28	131	0.6421771090472055
28	133	0.6490873614121377
28	129	0.5862283110178848
28	15	0.5337181678441387
28	125	0.5135061751627003
28	17	0.5017857598698819
28	39	0.5016959691374846
28	21	0.499042281175629
28	117	0.4735215395071702
28	126	0.4665411451456299
28	115	0.44813965538403294
28	128	0.43994290153662174
28	14	0.4338259093097545
28	16	0.4284935756451755
28	143	0.4279137601335785
28	130	0.4207639834408808
28	4	0.4065741180194638
28	27	0.3948222287917645
28	53	0.3908051772159804
28	23	0.3828970399599432
28	72	0.3726526443508082
28	38	0.36431300850626297
28	127	0.3609954131851048
28	104	0.3555738856715117
28	152	0.3549185356164944
28	40	0.3279415501757289
28	25	0.3259767362412769
28	43	0.3255029726758719
28	107	0.3254850916031719
28	2	0.3238658918416381
132	133	0.6543051782509598
132	131	0.6411299699564456
132	29	0.5560797405169391
132	125	0.5041911047052621
132	129	0.4932755586739027
132	53	0.4206487625804897
132	115	0.404619069468466
132	128	0.3907204467736072
132	143	0.3902458339581136
132	15	0.3758000733156109
132	117	0.3704287957624153
132	14	0.3382897497781148
132	152	0.3381126257875914
132	17	0.3271738231110253
132	124	0.3185387476785808
132	4	0.3139938833664999
132	178	0.3129388490827533
29	133	0.5195549817265358
29	39	0.4921397002541791
29	129	0.4913587722039771
29	131	0.4502230497391223
29	25	0.4381104325991787
29	23	0.4282322939858881
29	115	0.40255138719358974
29	27	0.3838268464736336
29	117	0.37165330199854135
29	21	0.3567788164091171
29	17	0.3479680387421917
29	125	0.3335079083194825
29	143	0.3270934545886869
29	15	0.3263252501920031
29	128	0.3243581151003829
29	126	0.3193741357131136
29	43	0.3138045752398943
131	143	0.6420536946079656
131	133	0.600046602405416
131	129	0.5461231579240113
131	39	0.5268104077162359
131	128	0.4537003835652602
131	38	0.44786789589844345
131	126	0.42542718808259694
131	117	0.3858969166394324
131	125	0.37544792161149504
131	151	0.3624555925366347
131	4	0.35118954023939825
131	127	0.3424275895686063
131	104	0.3184578773844097
133	129	0.7074098576808091
133	128	0.5950575054878016
133	143	0.5905108090645254
133	126	0.5782502676413215
133	125	0.5042805942500449
133	4	0.471533143466945
133	117	0.4540894334645567
133	39	0.4516570246648844
133	17	0.4464277906692566
133	107	0.4418843843831633
133	15	0.4416268317521708
133	127	0.4242470890927588
133	2	0.41030673899741177
133	130	0.3988578785150748
133	8	0.3925576086731256
133	124	0.3699886935783382
133	115	0.3665225049801713
133	16	0.3650933008806376
133	37	0.35901961864754994
133	104	0.3561066460488838
133	30	0.342286342895786
133	21	0.3421362513534939
133	10	0.33778488325606404
133	160	0.31808042139725506
140	114	0.6469120056346206
140	134	0.6176335046365206
140	2	0.5906931420678955
140	37	0.5688222366340185
140	30	0.5479451154747719
140	167	0.5422731253997498
140	145	0.5036315497207422
140	13	0.4562617448622509
140	31	0.45258785929161
140	104	0.4337122510961364
140	126	0.3948897558913367
140	181	0.375928882199421
140	130	0.3451435660078934
140	129	0.3442183113201515
140	135	0.3433805995677802
140	127	0.33865277902458313
140	146	0.33478712545361083
140	63	0.32845907519828904
140	38	0.3244744331307089
140	4	0.3165785875357926
140	171	0.3160026129973957
148	147	0.7306545005722269
148	172	0.6107019151563771
148	149	0.5401943540583561
148	77	0.5222946522509763
148	189	0.5185467730782578
148	182	0.5101333403985678
148	43	0.4802660238093149
148	135	0.41922384256580897
148	193	0.3849006995260028
148	17	0.34606815031285393
148	30	0.3453109214557451
148	118	0.3317914747564996
148	15	0.3305806455252865
148	39	0.3287266832115526
148	86	0.32108826830825066
147	172	0.6093960084032629
147	149	0.5773309698921353
147	189	0.5435566677475948
147	182	0.5051525496574958
147	43	0.4719529710334178
147	135	0.4614405434761058
147	77	0.4502071036114285
147	181	0.39417206239725533
147	68	0.3830250410858139
147	86	0.36546592631827
147	17	0.3229973617077917
147	118	0.31466977995013085
147	167	0.3126411354874084
172	189	0.497614110808099
172	149	0.4802044738809089
172	146	0.4363552781594353
172	182	0.38624580568303696
172	135	0.3797949367414637
172	175	0.37588594751866106
172	68	0.3568660841829131
172	150	0.3515313931042198
172	43	0.32947570477265464
172	18	0.32751310468315475
172	69	0.32451916822201426
172	86	0.3199666908307495
172	84	0.31647061007455896
189	86	0.5810854756182076
189	82	0.4501991304398945
189	193	0.42290954184892376
189	84	0.3947800221882119
189	159	0.3814282435304685
189	77	0.3759374689418961
189	72	0.3751901809313191
189	149	0.3721789258020543
189	152	0.3639573722323413
189	43	0.3619864427479583
189	88	0.3580958962527533
189	90	0.3562638098233099
189	14	0.35078620879364525
189	182	0.3411646490188942
189	194	0.3293598118606053
189	68	0.32242401273357
177	97	0.6666394678806274
177	170	0.4673934612821648
177	174	0.4207146047341188
177	178	0.4131469798180356
177	159	0.3783820555452554
177	66	0.36757813915082427
177	196	0.3591067260112769
177	173	0.34640259631256354
177	195	0.3410321012344566
177	175	0.32115105005973105
177	194	0.31864656752463466
97	182	0.5016136514679873
97	81	0.4585549972343587
97	85	0.4528502242926006
97	84	0.4255418428920992
97	55	0.4152015582167909
97	57	0.3902627879895681
97	74	0.3822738912958799
97	160	0.3820860248314457
97	196	0.3768730366132885
97	174	0.37667568716607774
97	88	0.3743134287328891
97	66	0.3741242374756836
97	93	0.37233398232529497
97	170	0.3620994029875968
97	195	0.3606213917555346
97	72	0.3591502773472285
97	159	0.3493208468382042
97	63	0.3445356169378731
97	162	0.3437245684944588
97	193	0.3363755443363322
97	54	0.3241701960222336
97	80	0.3193561755951673
195	196	0.7587319946959534
195	170	0.6004815868219043
195	93	0.5598536512031406
195	160	0.5442608309092392
195	174	0.5391241148943073
195	164	0.4990122423039544
195	145	0.4543989617196969
195	45	0.41963588184803896
195	175	0.4137439050426405
195	60	0.4073667742334092
195	173	0.3951429445134707
195	66	0.39225304217612617
195	38	0.3592896311107334
195	81	0.35062834800135045
195	65	0.3147328473659202
196	174	0.57878252260889
196	93	0.5741488096377321
196	170	0.5322075130936705
196	175	0.4814729836863853
196	164	0.451744580967063
196	160	0.43063826802704624
196	173	0.3934792433429237
196	145	0.3779021307710438
196	81	0.3662974116089097
196	66	0.3618126370041576
196	60	0.32401805231293984
196	92	0.3207384326116711
196	91	0.3150751648380131
170	160	0.603230363991532
170	66	0.5668437475758339
170	174	0.5554992182168214
170	164	0.4469961090191352
170	173	0.44478484982229227
170	175	0.4347833369391101
170	93	0.4006978664864015
170	65	0.3635929518346003
170	45	0.3583399666263516
170	64	0.3489169134844745
174	175	0.5820186093895771
174	164	0.5694712656323816
174	60	0.525508727362507
174	81	0.5111830441433403
174	93	0.4730171290476621
174	92	0.4611728968029459
174	91	0.4391280249837389
174	45	0.4115119112927343
174	69	0.3708083581767465
174	182	0.3696865665381005
2	30	0.7570892944347143
2	4	0.6717415634688557
2	104	0.6485778271737149
2	134	0.7383672985005385
2	10	0.5964766398152512
2	8	0.5833923533794715
2	13	0.5610334038884115
2	107	0.5088227761757819
2	31	0.5031014480207897
2	37	0.4755438144910346
2	114	0.4648887849620612
2	135	0.4629110986374672
2	77	0.448531163098278
2	129	0.4139925189707449
2	17	0.3877677092218271
2	7	0.3871813034357795
2	167	0.3862032641526185
2	158	0.3785791086072813
2	160	0.3489608255677287
2	126	0.3463585952884334
2	127	0.3394493188998524
2	185	0.3141561276062994
30	134	0.7485416484229556
30	167	0.6080615770339832
30	4	0.5651446228555299
30	31	0.4952630420571048
30	158	0.4821563742173402
30	104	0.4745371772433064
30	100	0.4707239841970465
30	17	0.4627225064932109
30	135	0.4616608953351028
30	185	0.43913609661407055
30	63	0.4297336847429373
30	114	0.4235662375460581
30	37	0.4029451502838671
30	126	0.39733472913609796
30	10	0.3942903038453681
30	107	0.3937834629069323
30	13	0.3883198335140829
30	57	0.3875722754683589
30	181	0.3622557919168309
30	15	0.3605865931651162
30	8	0.3553117875572526
30	77	0.3403161089523972
30	56	0.3258605452263418
30	74	0.31888014890249744
4	107	0.7367164675108963
4	8	0.6423474837958865
4	10	0.559283538386807
4	104	0.5457792086573697
4	134	0.47795466690568894
4	160	0.4339395537180053
4	55	0.39170291258201095
4	158	0.3839803177201735
4	74	0.3439890972353188
4	143	0.3356392521994216
4	85	0.3332856966780049
4	31	0.3285393631418877
104	135	0.6026448151158202
104	10	0.6186345189230947
104	134	0.6183690130387248
104	7	0.5504313869354879
104	107	0.5351469306604031
104	13	0.4464037692807177
104	8	0.4400396704566278
104	77	0.3743822178294134
104	126	0.36859826205470414
104	114	0.3659077256089637
104	65	0.3538255102257197
104	100	0.3459008943185773
134	167	0.6057433558269518
134	135	0.5392163233057927
134	13	0.5273015118519156
134	114	0.5175956904615967
134	100	0.5002503499497829
134	31	0.4728773912882545
134	10	0.4080421336114545
134	37	0.3941298301456907
134	158	0.37524173371041947
134	126	0.37377157066702976
134	107	0.3688920312364403
134	63	0.3664705641627843
134	17	0.3532917625111809
134	8	0.3363312010159101
134	181	0.31251481418632465
134	129	0.31169345644163365
114	13	0.7279910970531892
114	37	0.5687613538036672
114	10	0.4354156738567568
114	100	0.4176647740316771
114	126	0.38892260469641227
114	129	0.3714722943712109
114	145	0.3616822661873085
114	127	0.3607431789157245
114	8	0.3531167131587077
114	101	0.3430453617302725
114	181	0.3338900256613825
37	129	0.4619755848934614
37	13	0.4237877719488125
37	150	0.41493668858092303
37	126	0.41218451988557225
37	40	0.3969894016027537
37	125	0.3854883208729367
37	145	0.3802826119246408
37	10	0.35622888628173643
37	31	0.342153910088368
37	146	0.3360296268918472
88	84	0.6725584025693971
88	90	0.6512406354210288
88	85	0.6075571228554094
88	193	0.6068753314652322
88	54	0.4896425088468146
88	94	0.450167237035858
88	194	0.4461875478328248
88	55	0.43552102160788
88	74	0.4309314608063292
88	86	0.4270719929130607
88	82	0.42170170498095855
88	68	0.3795724182639494
88	66	0.35824408767592464
88	77	0.33878556942240035
88	80	0.32927957249204604
88	57	0.3119462315872665
85	55	0.6927375289173974
85	193	0.5428446855065346
85	74	0.5227017697785356
85	158	0.5123492344715946
85	54	0.4971851324669891
85	84	0.4963641282948514
85	160	0.4819644697816512
85	161	0.4583970372868979
85	66	0.404568891245825
85	56	0.3732983112776235
85	80	0.3657518152653226
85	163	0.3452756905544385
85	82	0.3322185656255404
85	57	0.31865555213965524
85	77	0.31414711451870964
193	194	0.7091590025950648
193	84	0.5214651412485753
193	90	0.4292443612582673
193	77	0.3546038436017713
193	161	0.35261768687594924
193	158	0.32904774315932106
193	55	0.3197153343494294
38	31	0.4285425579811376
38	145	0.4187951384361847
38	128	0.4147545498973534
38	39	0.3900932357665821
38	129	0.38520732354816994
38	181	0.3648852730051352
38	173	0.35571364847285125
38	126	0.33797976707256405
38	159	0.3351688750336703
38	66	0.3154083952025261
107	8	0.6879798582100881
107	10	0.5718180500175708
107	105	0.3968798840273675
107	160	0.360682286873056
107	13	0.3491628014120964
107	130	0.3425688207649121
107	7	0.33294786406338195
107	100	0.3231675290764806
8	10	0.7042888316927189
8	13	0.5995151842784632
8	160	0.3363844128214322
181	81	0.5557135216976313
181	31	0.5500897524288607
181	167	0.5316482120018421
181	182	0.4484592664145451
181	74	0.3536155385973596
181	145	0.3534230332932448
181	63	0.3414473722819086
181	162	0.33495581906137545
81	60	0.7072799452531436
81	93	0.6098861118174146
81	80	0.5310740877956958
81	45	0.6498447950620665
81	182	0.6317841648355624
81	164	0.5507519373826132
81	63	0.4657349484824132
81	175	0.45426405263035297
81	92	0.4503904667410642
81	167	0.4270965208841832
81	66	0.4065156875325576
81	74	0.39576721977734175
81	69	0.3534580364847703
81	31	0.3266111441139826
81	57	0.324787548278458
81	91	0.3175590068512993
81	64	0.31145869715276564
13	10	0.6153397164786648
13	7	0.3484425653829788
13	100	0.333383474363824
164	45	0.6476673263093623
164	60	0.6054393914768929
164	182	0.5239942393785426
164	171	0.4596362437177355
164	175	0.4498960967304642
164	167	0.3849432912788627
164	93	0.3674916473407008
164	80	0.3626466750041485
164	31	0.3543590275886646
164	160	0.35018974126313396
164	117	0.32927957249204604
164	43	0.3278076754403195
164	185	0.3251810777564661
182	185	0.5943142046127571
182	63	0.5119287377063491
182	74	0.4977495271127354
182	167	0.4921700115980836
182	60	0.4838967486708514
182	80	0.4595258137791081
182	175	0.3768387174273767
182	57	0.3749409764484149
182	162	0.3680191484577701
182	45	0.3550059357975161
182	31	0.34431527416131474
182	43	0.33396998982880394
167	63	0.6904943675990818
167	31	0.5649199791549104
167	60	0.5064102220990264
167	185	0.4867634480461557
167	74	0.3966102541587067
167	158	0.3839462148317741
167	135	0.3552943123623997
167	45	0.353449285779676
167	65	0.3341299037421772
167	145	0.3272541869004971
167	69	0.3252705005749741
167	57	0.3191675805068954
25	27	0.7253529266755853
25	23	0.6782575551931058
25	21	0.4811425962861554
25	53	0.4810964848469178
25	40	0.3467457519799545
25	43	0.3239285481829653
27	21	0.5791680993889782
27	23	0.5803498043750789
27	53	0.5273520467046278
27	130	0.4416429309248016
27	125	0.4233036126329559
27	40	0.4205911470607733
27	115	0.33963510822682713
27	82	0.32406280220300265
27	17	0.32165320241956064
27	152	0.3192484100698411
27	154	0.3165066034730241
27	86	0.3113864558745084
23	53	0.5080812997604078
23	120	0.39873173411005536
23	21	0.37522454970863295
23	17	0.3452756905544385
23	115	0.3439009270525562
23	16	0.3399712310676225
23	154	0.3322096692877389
23	72	0.3291012457579256
23	39	0.32816464546544444
23	14	0.3213573130812297
21	125	0.6826767132643572
21	115	0.5221491953994025
21	43	0.5200950203384577
21	15	0.5059044348975064
21	17	0.4870533577189227
21	124	0.4834677598628625
21	46	0.4669322235658962
21	14	0.4546449187563175
21	152	0.4485231748644912
21	16	0.4462275927730217
21	53	0.44142556810013744
21	154	0.4355858450643625
21	129	0.4031796616767162
21	118	0.3949150774537731
21	117	0.3935215012157616
21	72	0.35808717854824496
21	128	0.3577296989198892
21	144	0.35260893023740314
21	86	0.340528296004799
21	159	0.3403072670728473
21	40	0.3384225770437825
21	48	0.3361005917111814
21	120	0.33466281116649954
21	126	0.33351679601459194
21	82	0.3290031560466577
21	149	0.32671833893141033
21	178	0.3204244029717669
21	127	0.3148319476904333
60	45	0.6821958606993738
60	65	0.5315406008941599
60	63	0.5269693328692693
60	93	0.5216544148500983
60	80	0.4678388222942418
60	92	0.4403863418271469
60	91	0.4057390813069376
60	64	0.3745971571963096
60	185	0.3361538128213937
60	74	0.3301084831314836
60	69	0.314588689190174
93	91	0.5544542973933919
93	92	0.5188245398443345
93	45	0.5158364812144599
93	66	0.4873202848646634
93	175	0.4186137073839295
93	65	0.4165744394441789
93	64	0.41626859999585497
93	80	0.3904746910497613
93	160	0.34630579204775724
93	145	0.3396439546767138
93	69	0.32040645629271863
80	45	0.5037584192518466
80	74	0.4500715499322495
80	86	0.3553642116515932
80	92	0.3444122296578829
80	90	0.3162636303513383
80	43	0.3125509071147589
80	162	0.31155802303221153
161	56	0.5104735519685762
161	163	0.402727342316438
161	158	0.3129568903553693
153	46	0.3890838532283997
153	154	0.3853606036757008
153	173	0.34972465039864536
153	159	0.3114316070952517
194	90	0.5515178126195288
194	173	0.4068745651261986
194	84	0.3907797587785745
194	82	0.3754736924869633
194	159	0.3691857267364259
194	86	0.3284947593148759
129	127	0.6943619604700649
129	126	0.597795667108348
129	143	0.5790152292361356
129	39	0.5444437878537429
129	128	0.5372203236486291
129	125	0.5347900263107092
129	130	0.4469480960627853
129	17	0.4305649556244529
129	120	0.412757128646458
129	144	0.3989840078268902
129	15	0.3894911117398964
129	18	0.3885575858151
129	117	0.3882773723043469
129	124	0.373823187198178
129	40	0.3713860903358058
129	16	0.3652666295984264
129	53	0.3351422449111544
129	115	0.329734199337171
129	150	0.32169802865946673
127	143	0.5896634729927244
127	39	0.4751722778335887
127	130	0.4715020366204608
127	126	0.461566465798099
127	17	0.373823187198178
127	125	0.3698074267400088
127	18	0.3689784199162718
127	128	0.3466929648387858
127	15	0.3260214224712776
127	16	0.3161556289750938
126	128	0.6443870326089675
126	130	0.5273231701027642
126	125	0.4508208221829532
126	16	0.41420793442949133
126	117	0.4058810853963892
126	15	0.3909746182327281
126	145	0.3762122106073211
126	143	0.3726354216223154
126	39	0.3637664992452384
126	17	0.3598207703230349
126	31	0.3397501073877953
126	124	0.3354085220336551
126	100	0.33195164978383235
126	40	0.3176938738676276
126	63	0.3141561276062994
126	10	0.3121718863716751
45	175	0.4117278592491124
45	43	0.3803253803681538
45	54	0.36700717575144176
45	64	0.3555651499683319
45	171	0.35078620879364525
45	91	0.34771312673521665
45	66	0.3291547462436393
10	7	0.5886384185965102
10	135	0.421348108785574
10	77	0.3728506872745671
15	17	0.7042485112417012
15	14	0.6977385478380708
15	16	0.6883851898680852
15	118	0.5564319360178397
15	115	0.6126857947204395
15	117	0.5759091761752378
15	43	0.5365299115947371
15	18	0.4947949753891974
15	48	0.47810124986643604
15	152	0.4769510167247063
15	149	0.4664316104816217
15	120	0.4356182550985144
15	125	0.423689318471558
15	46	0.3949066369996247
15	154	0.3768901958182348
15	77	0.36695525626423786
15	130	0.361151945828151
15	143	0.3591241467333433
15	39	0.3573459455779637
15	128	0.3300728415253042
15	7	0.32328394734214594
15	124	0.3190148897741538
17	16	0.6221284190946585
17	117	0.5938871553525242
17	48	0.5422731253997498
17	120	0.5360312294278842
17	115	0.5266514457206263
17	18	0.5207439758167745
17	149	0.5025933898133814
17	154	0.501868058542588
17	43	0.4943039518809585
17	14	0.4854804570104319
17	118	0.4793268736575526
17	125	0.42591846964550695
17	152	0.41633473542951815
17	49	0.4027776097429988
17	46	0.39540450970139823
17	124	0.38520732354816994
17	130	0.3812231417600115
17	146	0.3719290688158374
17	31	0.3613084581209756
17	86	0.3547611996567793
17	77	0.353449285779676
17	171	0.3416593741909102
17	135	0.3228092576836559
17	53	0.3205231055946464
14	152	0.7036734510083283
14	115	0.6088425115988957
14	46	0.5480850513675538
14	16	0.5299459504052529
14	84	0.425451758120236
14	117	0.4239354333897198
14	154	0.4033973748513607
14	118	0.40174664216218603
14	125	0.39833638393701576
14	151	0.3897625328371185
14	120	0.3714722943712109
14	43	0.3690216118656728
14	143	0.3666956245380889
14	86	0.35724126462456696
14	39	0.3348936712823544
14	48	0.329350896610099
14	59	0.32144698314705056
14	72	0.31938311568604794
16	117	0.6853532808235626
16	48	0.5668165994336648
16	115	0.6171632020373389
16	152	0.5301257159074201
16	118	0.5119656332103004
16	18	0.4404830638996649
16	46	0.4276931744034382
16	120	0.421635929348322
16	154	0.4064572537201494
16	43	0.404869924033365
16	151	0.3942311847528181
16	125	0.38789514723897184
16	124	0.3458040518513554
16	130	0.333383474363824
16	143	0.3292349930099705
16	56	0.3267719331883528
118	149	0.5146980071399693
118	115	0.5096819439636511
118	18	0.4959872234591689
118	120	0.4892546844249237
118	117	0.4285833746703191
118	48	0.4202453827058791
118	154	0.3787333001128879
118	152	0.3711791745275647
118	124	0.3376608511992428
118	135	0.3359054292773085
118	125	0.31584958057864204
118	43	0.31577755963557697
118	46	0.3148499651938754
53	125	0.5316338648457177
53	40	0.5093857938761059
53	144	0.4925563766110153
53	124	0.45426405263035297
53	120	0.4435165365867666
53	150	0.4339720210129829
53	154	0.4010839382591329
53	18	0.3304470314352333
53	46	0.32072048995941865
152	115	0.6682365017264741
152	46	0.6377903271801167
152	151	0.635250361024088
152	154	0.5283259175451762
152	117	0.4455786447986548
152	125	0.4279546037503617
152	120	0.4020233433478157
152	59	0.36557855747183615
152	43	0.3392104079859856
152	48	0.3296094150275044
152	18	0.3288693859075445
115	154	0.5494547996078942
115	46	0.5054876428676501
115	124	0.5039897136353848
115	117	0.5037584192518466
115	125	0.4974861953549573
115	120	0.4790957667072973
115	43	0.4544068968994752
115	48	0.4462756443425747
115	18	0.4116198910486741
115	151	0.38436390301616136
115	128	0.3704201679053829
115	149	0.3586275581221331
115	49	0.33410325275881564
46	154	0.5166506578244201
46	151	0.4942963952075742
46	18	0.4844479641633749
46	149	0.4277912187968457
46	48	0.4197759358290379
46	125	0.4136278640844796
46	43	0.4028697603815234
46	120	0.3617257246982799
46	59	0.32628057387153536
46	82	0.3219131745352606
151	59	0.4625495935596086
151	143	0.33746591998894243
151	125	0.3192753522253759
55	158	0.6221345486188266
55	54	0.5017857598698819
55	74	0.5379313357653247
55	160	0.528080777133402
55	56	0.4516411044024353
55	84	0.4286241896102027
55	57	0.4045187105870591
55	185	0.3950501156530973
55	82	0.37245456747557903
55	63	0.3664272784033925
55	163	0.3648939415608801
55	159	0.35881053545674985
55	130	0.32475176729168903
55	77	0.3213662803471857
158	185	0.6122421243522803
158	160	0.5734847828040077
158	74	0.5599566271380353
158	56	0.5436271185328553
158	162	0.4631703444193693
158	57	0.4445040478669198
158	159	0.3801029667025669
158	163	0.3686846724014668
158	145	0.35708422636597176
158	100	0.35526809910445684
158	77	0.3548748331993371
158	63	0.3519520064259369
158	31	0.32845907519828904
158	65	0.3165066034730241
54	84	0.4097493814455908
54	82	0.3985551065920976
54	94	0.341049775056026
54	86	0.3410055900500518
54	64	0.3379266198142429
54	159	0.323095882204466
124	144	0.6896248306195369
124	125	0.6135096212505401
124	150	0.5405129621141567
124	40	0.5116704162935144
124	128	0.4808120721490761
124	43	0.4075419102338339
124	69	0.3847303161218354
124	18	0.3792043105504209
124	154	0.3700232174020479
124	120	0.34561034481515224
150	40	0.58991129030752
150	144	0.5123123586138627
150	125	0.402584904749097
150	146	0.3861351942865587
150	69	0.3824190391960645
150	175	0.33498245293171075
150	154	0.3312930301223065
150	149	0.3279772478810261
150	94	0.31710935735506257
144	40	0.6423592314391648
144	125	0.5336180400747677
144	128	0.4878310057253098
144	145	0.341270677479477
144	18	0.3254672102976694
144	69	0.3207384326116711
125	128	0.5630993266612033
125	40	0.4714398194073931
125	154	0.4349455155244225
125	82	0.43361481878370384
125	117	0.3685464127888008
125	130	0.36248165103157853
125	43	0.35745061755399005
125	18	0.3256013144139429
63	74	0.5746513579986404
63	185	0.5597712580014517
63	31	0.5134251763328656
63	65	0.5043700729648014
63	57	0.4066408916463716
63	64	0.34289535860431325
63	160	0.3248054384232153
31	77	0.4967107155549884
31	74	0.41886110507648505
31	43	0.4012014100965419
31	149	0.3639400214054204
31	185	0.3488993482221509
31	135	0.3480822929448846
31	57	0.3344052659455667
31	145	0.32897640307491205
31	162	0.3277094922662723
31	86	0.32270175821797475
31	39	0.31334472307370465
40	69	0.5696199015534048
40	128	0.48025063677059204
40	145	0.4471401324356904
40	175	0.4159461266838175
40	146	0.3708083581767465
40	94	0.3125328607633441
117	48	0.4727609249820644
117	154	0.4148704601790592
117	120	0.3671975276403072
117	43	0.3648852730051352
48	154	0.4654608219737867
48	120	0.4096495238827526
48	18	0.3941636160801105
48	149	0.39070349989053016
48	43	0.3861351942865587
154	120	0.527395359323246
154	149	0.4138599325584333
154	18	0.4052628070051494
154	43	0.3863478986519003
120	18	0.499470204781572
120	149	0.4746843787183549
120	39	0.37377157066702976
120	143	0.3120906547054502
145	128	0.401536971199025
145	130	0.3778764147801209
145	100	0.33011739338596346
39	143	0.6803256307916589
39	149	0.4069162869317994
39	18	0.3960707891036137
39	77	0.3885066432473635
39	43	0.3394227754047581
39	128	0.3371291524529954
143	128	0.3781678285297936
143	77	0.35876697192525125
143	18	0.34204795405426663
143	59	0.34161520999288997
143	56	0.3359143009229338
143	130	0.32151871504921936
173	171	0.36274220480577296
173	175	0.35322174573797904
84	90	0.5367506369284147
84	77	0.4883946976057895
84	68	0.4815497983643081
84	74	0.471960743600666
84	86	0.4656957930227545
84	57	0.3894741456742585
84	82	0.3476340056570663
84	43	0.33444967385892305
84	94	0.3218952469816795
90	94	0.5149111502485567
90	82	0.4299211918675069
90	68	0.41915790024479627
90	86	0.3943071944152958
90	92	0.3740640337252789
90	57	0.3509440496520588
90	74	0.33740389035104223
90	162	0.3333123640306932
90	77	0.3120184449488655
91	92	0.6367391360074076
91	69	0.4827164703969553
91	68	0.4725201756031166
91	64	0.3760319188478557
91	65	0.37043742355552783
91	66	0.34000660736900856
91	175	0.3122711633206822
49	146	0.4617789175439396
49	86	0.4882195396908022
49	171	0.3812231417600115
77	43	0.6271229705512774
77	7	0.5103922115586688
77	135	0.4634609197052017
77	86	0.4105063149517977
77	149	0.39104238722073903
77	162	0.38177853885266855
77	56	0.34995282973943426
77	82	0.34498499849307385
77	74	0.3114406371706699
43	149	0.608181312811786
43	18	0.4494892307254566
43	86	0.4461555105941708
43	82	0.4312815440868532
43	57	0.33889179202404257
43	56	0.3318715646622551
43	128	0.3229525773493511
101	100	0.5245670918532743
101	162	0.4259921402324676
101	56	0.3645991751824799
101	159	0.3361538128213937
101	163	0.3331167910617764
94	82	0.4419729012812327
94	86	0.3346006496541832
135	7	0.6180168456830013
135	100	0.3332323603728318
128	130	0.4859389086493475
128	82	0.33630459430776144
130	56	0.31566952139822985
69	92	0.5825341536249732
69	68	0.6158489721723409
69	175	0.4764332644732069
69	146	0.3502774749050109
56	57	0.6407705685023765
56	163	0.5839461906655766
56	162	0.5086152387861909
56	185	0.4735137816969194
56	74	0.4644104835488931
56	159	0.3560105916004217
56	100	0.3272006115667669
56	160	0.31145869715276564
57	74	0.5903219005941283
57	163	0.502802632329684
57	185	0.4655078214345382
57	162	0.3795210616076392
57	159	0.3273434744479427
163	185	0.3912964831598503
163	159	0.3500405799699933
163	162	0.33137314977675003
74	185	0.6375767176841594
74	160	0.4108554782485583
74	162	0.4089918832504577
149	18	0.6344922494484461
149	86	0.4109635281877505
149	171	0.3962309713541227
149	146	0.3380949120707635
185	160	0.5078141836925226
185	162	0.4665802612011292
185	65	0.36582977300379216
92	68	0.5311171640418395
92	175	0.4448730838130812
92	65	0.3353108933084749
178	72	0.6075192690150046
178	159	0.36782892944050494
100	162	0.5346543525972473
100	159	0.3356037578712137
175	66	0.3300550203692752
159	82	0.5092821128270523
159	86	0.39440008778779095
159	162	0.3174600962061135
159	72	0.314588689190174
65	64	0.4954064243217541
65	160	0.4331193811041436
64	66	0.3256549523930459
72	86	0.3405106150747918
86	82	0.4678153881602564
146	171	0.4788337651755428
