9	108	0.8953562132731067
9	3	0.856910625469828
9	5	0.8059278875235897
9	11	0.7733462389685888
9	109	0.7295197581595096
9	12	0.7455987158019854
9	106	0.7337393240029513
9	103	0.7104837308036103
9	111	0.6785436346725445
9	13	0.6305146835161997
9	102	0.574182326332745
9	95	0.568199585003782
9	1	0.5555683564378242
9	0	0.5458634581458186
9	112	0.5208532911339082
9	113	0.5083038218537879
9	70	0.4724114269540859
9	199	0.4367923559259686
9	105	0.4115534433354964
9	96	0.3931073023750384
9	197	0.3683735653423201
9	198	0.3644864510728403
9	193	0.3456191503196148
9	142	0.32684338892851633
9	176	0.3221999839911726
9	101	0.3122079878693953
9	81	0.3008009484227434
9	183	0.2983614773363125
9	6	0.29085497735137555
9	8	0.28560101722765185
9	160	0.2820611790120233
9	98	0.2770832613267105
9	182	0.2668785768129419
9	196	0.2528826371568493
9	139	0.2473235872948891
9	38	0.24046726858050704
9	194	0.2404484249800293
9	175	0.24009036215004814
9	170	0.23138280553326385
9	60	0.22803907747683044
9	110	0.2189090880656036
9	191	0.2141912242062288
9	115	0.2137236553320248
9	82	0.21217711926153476
9	181	0.20906173776015607
9	78	0.20435196887670004
9	88	0.20332642793486488
9	91	0.1998439430359172
9	114	0.1989317108429623
9	52	0.19386500002121465
9	92	0.1924498456958798
9	68	0.19186236933760448
9	99	0.1873023819429073
9	66	0.1862021411787364
9	79	0.1851014332184117
9	80	0.18485032939990464
9	164	0.17768384139759474
9	195	0.17388497533335728
9	190	0.17062467566937506
9	187	0.16800207835263636
9	147	0.1661453940039935
9	77	0.15625924530210314
9	145	0.15618119768275607
9	93	0.15408294036088122
9	87	0.1511235046461159
9	94	0.15053715453790184
9	185	0.14974541393235544
9	41	0.14884592006053135
9	85	0.14715381436229033
9	36	0.14441332424432116
9	179	0.1376407832326989
9	43	0.13672828552690025
9	168	0.13424472910657573
9	89	0.1323490220764774
9	49	0.13003947123056847
9	159	0.1262625391920444
9	166	0.12524882821265973
9	156	0.12515039570702913
9	157	0.12404778375279793
9	83	0.12292516763697378
9	14	0.12263953953590825
108	12	0.8128932467573772
108	103	0.7934955770400535
108	3	0.8196335829971496
108	11	0.7630183753269552
108	111	0.7393481303347923
108	5	0.7381033935471815
108	106	0.7157569620793197
108	109	0.7056017958292237
108	112	0.6259262615903132
108	113	0.5936605539439466
108	13	0.5904196199485661
108	102	0.5286502326946229
108	95	0.5277634059060778
108	0	0.5113086108524578
108	70	0.495330963336146
108	1	0.4328593746440428
108	199	0.4271619257342567
108	176	0.408600426980602
108	105	0.3997152600454904
108	142	0.3641308666073562
108	96	0.35899348521868263
108	139	0.34083767328693154
108	197	0.33886523718347505
108	198	0.335461771029382
108	38	0.31623663077569336
108	101	0.29045214833670296
108	98	0.28700560342045445
108	52	0.2553615036544867
108	6	0.24704191709128334
108	193	0.2322628255690469
108	81	0.2305024066800748
108	8	0.2255728255236099
108	66	0.2231891975282672
108	160	0.2197372387003332
108	183	0.2196325474602013
108	170	0.20000714809743608
108	36	0.19896052345623397
108	114	0.1770155439369189
108	196	0.1765989860917929
108	156	0.1764730375372376
108	68	0.17475762614478124
108	175	0.1738946729566478
108	194	0.17245905877804185
108	181	0.17013919068194655
108	182	0.16987699442659168
108	177	0.16335329461088105
108	60	0.16328516173283142
108	164	0.15506880763323672
108	79	0.15058602109830468
108	41	0.1477407699211572
108	110	0.14430561660667374
108	157	0.14186659729292053
108	88	0.14044548884811214
108	92	0.13994551279659806
108	173	0.13486332306986445
108	50	0.13435274512987386
108	143	0.1278957312818627
108	195	0.1244908344574416
108	67	0.12292516763697378
108	47	0.122905469800486
108	78	0.12277743150353425
3	103	0.7478769726916851
3	12	0.7419573966527804
3	5	0.7031530850550335
3	11	0.6987634380983887
3	13	0.6942272921792381
3	111	0.6657829778612426
3	106	0.6399505544885448
3	1	0.6227838457081022
3	0	0.6174726613091385
3	102	0.6166676698180106
3	109	0.5686531022699176
3	95	0.533238849421224
3	113	0.4710741985077987
3	199	0.4568395847085973
3	70	0.4528581735233458
3	105	0.4439582399906837
3	112	0.4380700287517026
3	96	0.4050705638162966
3	142	0.3821287245291437
3	198	0.3803852534564214
3	197	0.37932417275904107
3	193	0.3449497585927705
3	81	0.3442271264273495
3	38	0.3424099345807795
3	98	0.3415092097622477
3	176	0.3413590278965111
3	139	0.33700505844596795
3	101	0.3306340874514187
3	160	0.33023322134038
3	6	0.32683445716533266
3	8	0.3160116143924365
3	183	0.2981610484891466
3	170	0.29600934243979365
3	66	0.2864824700593974
3	196	0.2827237622111821
3	79	0.26807628462423344
3	36	0.2615020187634314
3	92	0.2543422987208361
3	52	0.2522741044740879
3	60	0.2511126581033397
3	181	0.2481964991341051
3	195	0.2399490035675829
3	99	0.2354863040987352
3	93	0.22634146960279394
3	88	0.22367373748964856
3	182	0.2214401379080305
3	156	0.22128797823579574
3	41	0.22122140499052625
3	78	0.2063442589439432
3	145	0.20564523567915896
3	194	0.20387279982065265
3	91	0.20370027503268706
3	68	0.20247306779198854
3	164	0.19103389044661875
3	174	0.18974246252225135
3	82	0.1836524257960104
3	173	0.1799877224819165
3	94	0.1759691855673303
3	80	0.17276952415319793
3	175	0.17154686876954506
3	119	0.16980901369184376
3	177	0.1685365053330025
3	85	0.16785630838503066
3	191	0.1596134347738904
3	179	0.1572346756052143
3	47	0.1559372863058722
3	49	0.15321395140428487
3	43	0.1528135508255802
3	110	0.1515631974737267
3	31	0.14968675882676552
3	65	0.14573491125641666
3	190	0.14423707360217472
3	114	0.14378661373972612
3	50	0.13893553986129084
3	157	0.13847458224442805
3	185	0.138435349035534
3	107	0.13631611362390825
3	67	0.1358744484982627
3	169	0.13484368677922093
3	89	0.13399922628414862
3	97	0.12973470113623142
3	87	0.12802360270374485
3	115	0.12782687567779716
3	63	0.12504211710521376
3	165	0.1243628471226624
3	77	0.12237359165942252
5	106	0.8099212233289411
5	109	0.6737614839442471
5	11	0.6594953366578594
5	95	0.6406998334943016
5	12	0.6241042903831577
5	103	0.6028167283301786
5	0	0.5386841738803179
5	112	0.5194235581654641
5	111	0.5170170991816839
5	102	0.4778003402882446
5	197	0.4718830146267727
5	113	0.4611492768893893
5	13	0.4591786557575125
5	70	0.4540576807763746
5	1	0.43407753193689297
5	199	0.42536166491609856
5	96	0.4185064824160555
5	198	0.39387640168508187
5	101	0.3778678426535776
5	176	0.35773841918331906
5	142	0.3446413679902044
5	193	0.3352842660424856
5	98	0.3235346611381347
5	139	0.3201372285112698
5	81	0.3062300402738305
5	181	0.2887481438865798
5	99	0.2879504803828957
5	79	0.28527953388455424
5	88	0.27031164171765765
5	182	0.2688464652173045
5	194	0.26390396397210464
5	175	0.26069132800640515
5	38	0.26029982835075705
5	183	0.2589475651082549
5	195	0.2539868465853392
5	52	0.2463939172358357
5	91	0.2461121094023044
5	78	0.23629844915684206
5	191	0.2327452559111246
5	160	0.23072964257861425
5	68	0.22241940739995267
5	114	0.21946122361102144
5	115	0.21745192057112567
5	82	0.20790433078223344
5	179	0.2063634073058536
5	196	0.20299087364180105
5	105	0.1998055402330177
5	93	0.19870119755999066
5	166	0.1967121103500384
5	66	0.1953947692030506
5	36	0.1953466776890408
5	87	0.19367250928798455
5	31	0.18584494494390646
5	156	0.18196090825661992
5	85	0.180887443729836
5	180	0.17619205455776127
5	89	0.16916797310771953
5	170	0.1685656530490112
5	8	0.16472535281660333
5	164	0.1639956136299161
5	100	0.16163002936260046
5	80	0.16037346836685212
5	92	0.15838528875296914
5	60	0.15407317776136412
5	94	0.15400483872251822
5	40	0.1495498928170831
5	41	0.1485623328086441
5	67	0.14611660646370098
5	190	0.1401415903566384
5	192	0.13470622977997074
5	47	0.1338715583139484
5	168	0.13383227496737748
5	43	0.1331938617216792
5	145	0.13309563447415998
5	32	0.13232937234974046
5	49	0.13105191769279076
5	65	0.1296953741758767
5	83	0.1290169199829688
5	173	0.1284662016561866
5	154	0.12800393045423414
5	143	0.12554411092796644
5	148	0.12424470129420465
5	6	0.12220613397763712
11	12	0.7316458429743926
11	111	0.6408295060334903
11	109	0.6067110629430646
11	112	0.6065593844553084
11	103	0.5946633594628139
11	13	0.5933042757196109
11	70	0.5874346673240117
11	106	0.5749192067431974
11	113	0.5521646008231075
11	0	0.5237838327006353
11	102	0.4834064567779343
11	95	0.4784328919196462
11	176	0.4564755113324688
11	96	0.3742704334553859
11	1	0.3680450850285989
11	199	0.3641308666073562
11	197	0.35439400428005635
11	198	0.3349380628504414
11	101	0.3047884447392178
11	139	0.2984161351835097
11	114	0.2930595499159555
11	142	0.2608497677885752
11	98	0.25389329514139125
11	193	0.2372990109905177
11	105	0.2349006000157429
11	170	0.232981699559877
11	183	0.2313260170251007
11	52	0.228342414748522
11	81	0.22405369149875404
11	38	0.21843299658932128
11	160	0.205635658559094
11	110	0.20549199703249224
11	47	0.20055428403266007
11	8	0.19945028521986471
11	83	0.184087212138282
11	156	0.17995869419259045
11	66	0.17770320989781296
11	88	0.1743116388288153
11	79	0.17306055426758385
11	175	0.17254638063103014
11	181	0.1724784638685685
11	15	0.17207092887491685
11	115	0.17160510247039554
11	87	0.16872110255443107
11	166	0.16668988488337982
11	78	0.16411238398402175
11	99	0.15994475478835035
11	157	0.1596036895228216
11	179	0.15883371653627373
11	195	0.15468816270302407
11	182	0.15278425125070727
11	191	0.15188560077381336
11	177	0.15117236236121492
11	171	0.1497942923818989
11	154	0.1485036565316932
11	89	0.14778967819307434
11	14	0.13338048628164467
11	36	0.1319953110938808
11	91	0.12414624374582993
11	80	0.1231418374426558
11	60	0.1214377096712276
11	173	0.12128006614832673
109	106	0.7136779594613428
109	95	0.6299239164585726
109	103	0.5685651333929161
109	112	0.5396842589070382
109	12	0.5209334448446721
109	70	0.5171416460979498
109	197	0.4772599648580366
109	113	0.4659855002393178
109	111	0.4491699895717137
109	0	0.3896862024946413
109	13	0.3664445928974929
109	199	0.35691844185764715
109	142	0.33704937907864624
109	176	0.33645535855422265
109	102	0.3194729122603392
109	96	0.3124606731017413
109	139	0.3068280266140977
109	198	0.3052872682714874
109	181	0.2994815716415446
109	101	0.23699700753058445
109	38	0.23682711044938554
109	81	0.2188995672566504
109	1	0.21214846965307765
109	114	0.21123148987460053
109	193	0.20867918851407274
109	115	0.20432322149228666
109	98	0.197375320224904
109	160	0.19547171367085614
109	36	0.19295053633425974
109	183	0.18879756928214272
109	166	0.18712869088169892
109	105	0.18451226691737013
109	79	0.17747077881276954
109	15	0.17174097644160735
109	52	0.1598862891668194
109	167	0.15457103194065885
109	175	0.14688965051924785
109	191	0.1463514742078086
109	135	0.14620468379956109
109	196	0.14497139077761895
109	182	0.14050430485629475
109	99	0.13738569980603155
109	77	0.13613945406604824
109	187	0.13525602661803424
109	119	0.1341072495542682
109	14	0.1337438858999823
109	185	0.1329581119352558
109	78	0.12605588158357692
109	170	0.12411670600452387
109	157	0.12330925607122073
109	85	0.12285622478562827
109	116	0.1228069791657612
12	111	0.8104366381922272
12	112	0.6894307465962765
12	103	0.7172411778590619
12	13	0.6851092701083296
12	113	0.680218184766217
12	70	0.5484207723527212
12	106	0.5462003457313563
12	102	0.499365123302314
12	0	0.4850752691669515
12	95	0.4501114208149758
12	176	0.4383205040701748
12	199	0.4038242949674962
12	96	0.3723942764721197
12	198	0.3207115185469726
12	1	0.3191496177511241
12	98	0.3074348256773141
12	142	0.3066649634288597
12	139	0.3021010001942345
12	105	0.3002278430551235
12	38	0.28571122529713344
12	170	0.2775078906127276
12	197	0.26179079651942794
12	193	0.2418517761523077
12	101	0.2359868510660393
12	81	0.2314301280856083
12	52	0.23082431677708784
12	160	0.22774517727428395
12	47	0.21353278273594167
12	183	0.2130268915425328
12	8	0.20949202918566054
12	66	0.19947909163500446
12	177	0.1898003017315837
12	60	0.18605733782102515
12	156	0.17868113983106707
12	36	0.17774194648521532
12	92	0.17231351633315967
12	191	0.17062467566937506
12	68	0.16423888001087075
12	88	0.16291527037621895
12	78	0.16221429807143198
12	87	0.1618442744022827
12	114	0.15480528911697186
12	179	0.1547369659041355
12	115	0.15325301218428156
12	82	0.15249124073750914
12	15	0.15147526370074155
12	173	0.15139709833413986
12	50	0.1504003242559555
12	43	0.14778967819307434
12	91	0.14573491125641666
12	80	0.14378661373972612
12	97	0.14312060744508048
12	164	0.14061213162878086
12	110	0.13981805649556595
12	119	0.13862170290596465
12	6	0.13854323931411286
12	157	0.13743475572748606
12	154	0.13593334030613322
12	169	0.13173000579096333
12	99	0.12498305479403107
12	67	0.12357514181588206
12	94	0.1228365266102694
12	182	0.12217658189947808
12	165	0.12117168267682983
103	111	0.7139477186210992
103	106	0.6713847115794117
103	113	0.6427702088079132
103	102	0.6333917138156737
103	13	0.5876311088526371
103	0	0.5600801754276283
103	95	0.5493849858298566
103	70	0.5253711839211905
103	112	0.5069528119597927
103	176	0.475404508113718
103	199	0.4736844365502121
103	139	0.4438618867281899
103	197	0.4404266439331851
103	1	0.4274725377221894
103	142	0.4058142623831947
103	101	0.4043179635944255
103	96	0.39396933241017457
103	198	0.3865180325636974
103	105	0.3681228913045139
103	98	0.35645587150831143
103	38	0.3401038872360424
103	36	0.2911112694194092
103	81	0.28053253179500764
103	52	0.2802376888573466
103	99	0.2775263502976838
103	8	0.2557914567502925
103	181	0.2536593957512219
103	79	0.24521004487435355
103	170	0.2372046398334758
103	156	0.2328209208737784
103	160	0.229545846984212
103	193	0.2280295974734213
103	177	0.22122140499052625
103	66	0.2154503086886594
103	157	0.1983457798474846
103	183	0.19312382893004146
103	114	0.19193942326123886
103	195	0.18798738238381246
103	173	0.18524628981426375
103	43	0.18186421747476134
103	164	0.1762211230949005
103	185	0.1707217627345118
103	182	0.16700097691320376
103	75	0.16625235557661872
103	41	0.16517283703426694
103	50	0.16041243933086075
103	78	0.16038321115473345
103	92	0.1579367956224934
103	17	0.15547868145376306
103	14	0.15440508925643462
103	31	0.15315535933662214
103	6	0.15308700056335448
103	152	0.14968675882676552
103	47	0.14948145766271292
103	46	0.14894370309395302
103	60	0.14843519955369747
103	93	0.148053770365506
103	83	0.14782880429019693
103	186	0.1476918609266602
103	119	0.14569576057478706
103	87	0.14402164372294407
103	82	0.14188619471468494
103	179	0.14151382469868104
103	187	0.1409845984357859
103	194	0.14077876644276124
103	165	0.1395533247621533
103	97	0.135020409580345
103	110	0.13436256461007953
103	49	0.13287952532828765
103	68	0.13278128972009012
103	88	0.13077671649103867
103	147	0.13032455649501626
103	196	0.13002964032042552
103	116	0.1296953741758767
103	76	0.1254456858250042
103	169	0.12517992571750314
103	191	0.1240970140547787
103	85	0.12344712496607985
19	121	0.8695667016119145
19	20	0.5654984368552122
19	124	0.5383078622163605
19	17	0.5044819061275923
19	120	0.46218793461211705
19	119	0.4135200997317157
19	48	0.3779535610036199
19	16	0.3687537960915186
19	136	0.3671456165381301
19	23	0.3588628096312744
19	25	0.31141354677568106
19	117	0.3080956804404043
19	146	0.28249372913845017
19	125	0.28049567932155034
19	18	0.27678780318229984
19	128	0.2669714519165185
19	46	0.2628151132706623
19	42	0.20672719613548385
19	39	0.20451486406255773
19	154	0.1940863459109371
19	28	0.1832079032522584
19	122	0.17749983378174866
19	21	0.17736424127990294
19	27	0.17725769958984652
19	195	0.17344854740619045
19	155	0.1689542610741441
19	44	0.166184289573802
19	132	0.16123071387223245
19	174	0.14657654031450532
19	67	0.14610681995002847
19	149	0.14574469885550875
19	156	0.13953371421003058
19	133	0.129960823233675
19	171	0.12826949731783108
19	172	0.12538662957777952
19	178	0.12378192957524692
121	124	0.6182516514962105
121	20	0.5129832034809241
121	120	0.4964018084922721
121	23	0.4230080745503299
121	17	0.4009412761485355
121	136	0.3769330926988432
121	128	0.3748292464987231
121	25	0.3474405777353355
121	119	0.3447118638325889
121	117	0.3146968091828518
121	16	0.2882347511999175
121	125	0.2847007021097982
121	146	0.2841860106193823
121	48	0.2469949679968428
121	42	0.2447682541351369
121	123	0.224708952054312
121	122	0.21968965240025232
121	22	0.2141244346565733
121	69	0.20040071462946527
121	34	0.2003719192697483
121	67	0.19888368905662845
121	27	0.1864048522894059
121	138	0.18241530776927264
121	46	0.18195123933674792
121	150	0.17992966558982912
121	28	0.17584320815623644
121	18	0.1736328252953204
121	44	0.16956621216471293
121	132	0.16657321681238008
121	21	0.16498801482880332
121	39	0.15955496280089942
121	178	0.1557226285614405
121	36	0.15374123149018526
121	61	0.15177813659472747
121	155	0.14343403835703872
121	154	0.13991610021551867
121	33	0.13866093404935154
121	171	0.1360903804295939
121	133	0.13280093705049356
121	126	0.1296265510134717
121	62	0.12392962853685642
121	195	0.12333879980674242
20	124	0.4343534272846026
20	136	0.4320301233864443
20	150	0.3633325833923593
20	42	0.3404752524923164
20	23	0.3219848824410549
20	48	0.31360622567815144
20	69	0.3119372046636216
20	25	0.2927761481873601
20	119	0.24701374777378576
20	120	0.2314585210913443
20	17	0.2265501885048536
20	46	0.21526912085256208
20	172	0.21441066147948445
20	146	0.21247314385078145
20	128	0.20020873902690012
20	16	0.1814677485179101
20	156	0.1803070129642846
20	37	0.1763567722036294
20	125	0.17450555515636895
20	171	0.16850735732224498
20	138	0.157224922817312
20	117	0.1567762614513365
20	144	0.15378028579534375
20	157	0.15355571698297354
20	67	0.1528135508255802
20	133	0.1486894611530102
20	154	0.14852321540687924
20	40	0.14215074901646574
20	132	0.13786641873909314
20	35	0.13197565949724807
20	30	0.1314450272226694
20	155	0.1275219289137892
20	18	0.12593778660798965
20	49	0.12231448974329875
124	128	0.6273716604738064
124	120	0.6526033785113737
124	125	0.5214068928902235
124	25	0.5108209944574862
124	23	0.4996202956892906
124	126	0.4958967384731758
124	17	0.4682136789681006
124	123	0.4628089497599636
124	117	0.4598334046889112
124	22	0.4362986048434633
124	16	0.4321033220376084
124	136	0.4053045942612365
124	119	0.382589777270782
124	138	0.3631155663260763
124	154	0.35981206500157925
124	155	0.35189067583009515
124	132	0.3176669014924917
124	127	0.2976689753156189
124	150	0.2966843545244671
124	48	0.2790301246801267
124	118	0.2771201899120508
124	144	0.2666649452637569
124	34	0.2626940884683042
124	21	0.2570526909430177
124	133	0.2547537890419836
124	18	0.25456675941378226
124	122	0.2519744458051693
124	46	0.24974422142117844
124	146	0.2335679609072505
124	137	0.22969741080904435
124	33	0.2200988603949139
124	14	0.2118906067716931
124	149	0.1963948593331442
124	29	0.18765937677875855
124	51	0.17877794540603814
124	129	0.17691867567280248
124	156	0.1729732484039814
124	69	0.1725366783368242
124	178	0.16821586101404964
124	42	0.1662134609118157
124	28	0.16472535281660333
124	52	0.16177610717996174
124	44	0.15584947355306733
124	157	0.15379004929656606
124	70	0.15378028579534375
124	15	0.1498431700992765
124	130	0.1427679633538647
124	153	0.14190579202522555
124	72	0.1354327293594134
124	171	0.13229007258425232
124	49	0.12485508341481713
124	24	0.12368346055331556
89	179	0.8270728465010837
89	87	0.7894612209549805
89	51	0.6349938144613502
89	192	0.6324446392101641
89	191	0.6557952493735838
89	50	0.5360882406246663
89	47	0.5222655633114228
89	88	0.4967634432141285
89	91	0.4389827235162565
89	173	0.4341586860835301
89	178	0.4339720210129829
89	155	0.4256974239976258
89	153	0.4125248049676476
89	72	0.3930734831773207
89	82	0.3718256639490883
89	156	0.36681679312147103
89	97	0.3434688055150492
89	149	0.34326592278001505
89	177	0.3394139274529312
89	52	0.3312485171385919
89	96	0.3305450163967014
89	122	0.3251363641661693
89	157	0.3192753522253759
89	193	0.3191496177511241
89	154	0.31232531150931564
89	168	0.3045525790123262
89	171	0.30137383661934275
89	49	0.2952153689014003
89	93	0.28140753476199426
89	98	0.2763260450602668
89	94	0.2663212221370678
89	43	0.26486196856621
89	198	0.25937666919779884
89	66	0.2490033494219344
89	195	0.24427934593029665
89	60	0.2372046398334758
89	46	0.2351178972648286
89	41	0.2267778581245206
89	18	0.2261232412519914
89	71	0.2232747126026822
89	176	0.2211358077884256
89	190	0.2188710045797046
89	174	0.2175948231082252
89	165	0.2111455039269764
89	95	0.20919561488745214
89	68	0.20270321772140729
89	48	0.19866277654127554
89	199	0.19543324173770352
89	164	0.19464443470864773
89	125	0.1940767225873566
89	21	0.19344150072462293
89	70	0.1933548669818646
89	33	0.19313345594331607
89	132	0.18724448622327336
89	83	0.18683917978171968
89	90	0.18158379432507424
89	146	0.1793780626474187
89	137	0.17736424127990294
89	14	0.17602732704413787
89	136	0.17455403212391454
89	80	0.16533819443830428
89	54	0.15783928848596313
89	117	0.1534873668034712
89	170	0.15145572253665435
89	32	0.14662546572179014
89	102	0.1414452258506358
89	197	0.13890611883119794
89	114	0.1371305981554099
89	106	0.13620815603465586
89	1	0.1350302272619788
89	45	0.13497132077453658
89	189	0.13486332306986445
89	180	0.129842848172254
89	113	0.1296953741758767
89	126	0.12935124588031072
89	118	0.12852521098737546
89	144	0.12790556769610126
89	79	0.12481570676985733
89	38	0.12258044152851348
179	87	0.6272139695074355
179	51	0.6171136708253729
179	192	0.5585202707248127
179	191	0.5504522973488375
179	50	0.5385634935386823
179	173	0.530700645337135
179	91	0.5134399040733977
179	155	0.5075246977208295
179	47	0.4755051206670117
179	153	0.4505498820646041
179	156	0.4475080869501156
179	149	0.3993623051734633
179	52	0.3959527446486278
179	88	0.3956069677505229
179	122	0.38758927109124175
179	154	0.3785105723030325
179	168	0.3777221065913633
179	195	0.37105845661238107
179	174	0.3707307304817707
179	178	0.3700663707445541
179	72	0.3680018570923741
179	157	0.356246348176937
179	193	0.3331701319877977
179	177	0.32145594983659737
179	165	0.3170194103375105
179	171	0.30416241141851297
179	46	0.302237304264425
179	49	0.3010283110176426
179	82	0.2985345538042332
179	43	0.2919073387796887
179	180	0.27541138766520834
179	66	0.2704228699031332
179	97	0.2661261058961867
179	164	0.26581015717585377
179	18	0.2617162777126113
179	125	0.2566604005696668
179	48	0.2496223258472096
179	21	0.23728957407633056
179	93	0.23564687052338434
179	176	0.23229120699067565
179	96	0.22755554221227264
179	137	0.2230466647702544
179	41	0.2226760349763464
179	70	0.220812409841298
179	98	0.2069090691242694
179	132	0.20325932089439086
179	199	0.2031634503812059
179	14	0.19989194567614693
179	95	0.1972119374372596
179	136	0.1950292501448658
179	170	0.1901376708522534
179	71	0.18818995314013148
179	198	0.1808003871368579
179	15	0.1807036542662452
179	94	0.17652147997310924
179	60	0.17428255021313244
179	197	0.17321575797584615
179	146	0.17269191102530695
179	113	0.16991583983488387
179	102	0.16817699261557498
179	45	0.16688432129512626
179	117	0.16526038034670218
179	118	0.16165924549293376
179	142	0.15995449894951894
179	0	0.15948674408411725
179	152	0.15838528875296914
179	106	0.1564641110166717
179	189	0.15482480976298044
179	68	0.1534873668034712
179	79	0.14867968222402894
179	32	0.14837652101167814
179	1	0.14734947775214238
179	139	0.14213115309746582
179	129	0.13551126114644935
179	196	0.12902675351662515
179	190	0.1285448805622149
179	33	0.12723663430548712
179	160	0.12686276812830394
179	80	0.1239394749391252
179	111	0.12167416346707068
87	191	0.7708828415345883
87	88	0.6190417648650581
87	83	0.4373909795297568
87	192	0.6210422916935476
87	96	0.5202409053956579
87	82	0.4677060201712428
87	198	0.4523651850948364
87	193	0.4509881260645585
87	190	0.418597211994548
87	177	0.4126326762091839
87	98	0.40802546344307
87	97	0.3906696053298323
87	91	0.3757227810141983
87	47	0.3540616856847017
87	51	0.3525563891093389
87	178	0.3462881904798811
87	50	0.31873641109800105
87	81	0.3180085135799691
87	95	0.3166055806193589
87	54	0.3129478697472912
87	93	0.31233433601012744
87	153	0.2985800969803939
87	76	0.2949871400905008
87	80	0.2923738122478997
87	199	0.28667522329708817
87	168	0.2854816166275386
87	66	0.2770924935497921
87	78	0.2721089442848981
87	70	0.26940300832261554
87	173	0.26694358990606026
87	72	0.2632246742982918
87	176	0.26028118337370665
87	114	0.2524894542635689
87	197	0.2522741044740879
87	71	0.24368684843697125
87	122	0.23611905012641946
87	154	0.2330951827299125
87	113	0.23004785947590925
87	156	0.22925216039683244
87	94	0.22620863765902965
87	195	0.22320820117507864
87	60	0.22154474142881814
87	99	0.2206316663033585
87	171	0.21878531429847345
87	90	0.21844251943877996
87	155	0.205635658559094
87	104	0.20520464741495206
87	43	0.19586601627976272
87	85	0.19021477749250856
87	7	0.18998345053529506
87	14	0.18949181073502655
87	63	0.18770761552401105
87	149	0.18534285640629264
87	49	0.1843963497245464
87	13	0.18127432760930806
87	52	0.178797306105735
87	111	0.17847783686495394
87	139	0.1724008427033356
87	102	0.17221648385627344
87	73	0.16731203569509495
87	68	0.16562997894105186
87	106	0.1641707674365902
87	18	0.16369393561667972
87	157	0.16226298200260494
87	182	0.16143524792196987
87	110	0.16137681103636986
87	117	0.16082160423675218
87	160	0.1605585759908402
87	64	0.15805380012064452
87	140	0.1553420627877291
87	0	0.15081079779480602
87	84	0.1487090189237298
87	36	0.1469972753571893
87	165	0.1458523605621541
87	74	0.1387197799484254
87	135	0.1363062994313586
87	141	0.13624741371427548
87	32	0.13525602661803424
87	38	0.1328304078504058
87	132	0.13076688750368073
87	170	0.1304523463455528
87	79	0.12829900361236124
87	148	0.12809245478360448
51	155	0.7596132003206901
51	50	0.6079418135864281
51	47	0.5910185867277677
51	178	0.458539202543216
51	156	0.5497339780039159
51	53	0.5379668663035456
51	122	0.5130863548247756
51	52	0.5091858243278112
51	21	0.5005202111902353
51	157	0.4988244721874618
51	125	0.4777849060040602
51	149	0.4656957930227545
51	153	0.4455866593596563
51	136	0.4438217365058901
51	72	0.4425681548553312
51	33	0.4269411664525472
51	44	0.4176152394222129
51	144	0.4145392522328582
51	42	0.41404223434743176
51	49	0.40752523190606577
51	192	0.4030456616480202
51	173	0.3978314664462621
51	46	0.3829823756778584
51	48	0.3277719732870841
51	130	0.3245012743596895
51	27	0.3222806384974641
51	18	0.31125099377710025
51	40	0.2971585100957352
51	28	0.2804403990608313
51	88	0.27076577802174234
51	132	0.2705155545435629
51	154	0.26744503777853645
51	34	0.2650293332500345
51	67	0.2606633665867895
51	91	0.2606354047298593
51	146	0.2476709229804172
51	41	0.23567520443964424
51	171	0.23555242124279016
51	174	0.23488170349280715
51	62	0.2340028193183553
51	97	0.2317992063920861
51	191	0.2210882523149287
51	138	0.2157649680896742
51	32	0.20888959851005875
51	195	0.20564523567915896
51	43	0.20104372069869925
51	17	0.19676017509453456
51	64	0.19572176656725213
51	66	0.18962678015307385
51	129	0.18847931215757396
51	79	0.18148708983683595
51	177	0.16126967380722634
51	137	0.15568359829982736
51	142	0.15318465550508462
51	69	0.15230565354257755
51	141	0.1485329948008991
51	123	0.14346342103089485
51	36	0.1425818310184534
51	70	0.13996512104678266
51	139	0.1373366432106143
51	120	0.13194618190778815
51	22	0.12986251093788553
51	14	0.1294594038490048
51	71	0.12820064841423448
51	151	0.1273055004507362
51	150	0.12363422512879693
51	176	0.12286607383700808
192	191	0.591883333529668
192	193	0.42336927553331105
192	88	0.37009226198353934
192	91	0.3658990644619089
192	155	0.3209268165604353
192	122	0.3172532607174146
192	72	0.29516059705813874
192	190	0.2933063417293449
192	93	0.27963862637525555
192	82	0.2766585237818485
192	198	0.2754945589744934
192	195	0.2750232003869623
192	178	0.2744037636385043
192	50	0.26227509264896265
192	156	0.2565576438707222
192	96	0.25554845220459177
192	199	0.24065569461448424
192	60	0.23082431677708784
192	80	0.2294511139395569
192	47	0.22925216039683244
192	149	0.2197467558348795
192	154	0.21939459401355416
192	97	0.20929123660624024
192	98	0.20585592235203296
192	177	0.2055111524145472
192	157	0.1999783480104168
192	117	0.19479836808041626
192	173	0.19115914312218849
192	49	0.1898388604726432
192	125	0.18800667552615385
192	52	0.17730612814598626
192	126	0.176589297946703
192	21	0.17612422677612816
192	41	0.17488365305130366
192	69	0.17205152097622
192	182	0.1689639756023073
192	94	0.16678710471072733
192	43	0.1639858825595708
192	46	0.16016886260542415
192	165	0.15917486770480752
192	68	0.15492241117937128
192	151	0.15331160245631853
192	44	0.15025371398815074
192	180	0.1484938770505307
192	171	0.14495181105493446
192	170	0.14489307120578973
192	160	0.1446581015998889
192	48	0.14310101705917286
192	159	0.13232937234974046
192	54	0.13036387691041762
192	148	0.12953806225521178
192	18	0.1292529177832334
192	76	0.12852521098737546
192	33	0.1281219624398952
192	132	0.12410686004187085
192	38	0.1226592386784546
192	81	0.12220613397763712
111	113	0.7412598712400598
111	13	0.7357501717994174
111	102	0.6507047373664979
111	112	0.5540108886334556
111	0	0.5195695828272316
111	70	0.4832455136206137
111	106	0.4569899182007433
111	95	0.4168471356398653
111	110	0.4145475337706112
111	1	0.4001772836670501
111	176	0.3911186222641569
111	96	0.3794354619828589
111	199	0.3549185356164944
111	105	0.33635780718714425
111	139	0.3257622220628209
111	114	0.3218862831183257
111	8	0.32144698314705056
111	198	0.2861428007865505
111	98	0.2803666891526837
111	101	0.2745332170249392
111	197	0.244871661085733
111	142	0.2321966007138549
111	160	0.21846156501288413
111	38	0.2123776563059316
111	193	0.20881308802079168
111	77	0.20562608139964095
111	81	0.20238675580028107
111	170	0.1977789247961536
111	66	0.1905617283210899
111	188	0.17821642494545115
111	52	0.17304115319954413
111	177	0.1729441458453111
111	92	0.1676910935479672
111	191	0.1663593132371406
111	76	0.1643069910190267
111	143	0.16204876679960972
111	78	0.15929182507362422
111	88	0.15923334694792127
111	190	0.15726393378489714
111	115	0.1572346756052143
111	68	0.1547760079213203
111	85	0.1491588155118896
111	173	0.14384537275731255
111	6	0.14297367681810372
111	94	0.14070035105267722
111	147	0.13889631176667416
111	116	0.1387786248679366
111	107	0.1338224540650125
111	187	0.1319363559927728
111	83	0.13191670408496006
111	60	0.13076688750368073
111	100	0.13062927898237187
111	194	0.13062927898237187
111	99	0.12800393045423414
111	183	0.1271972816716686
111	156	0.12498305479403107
111	185	0.12440222828202947
112	70	0.6971736374794646
112	113	0.6079733329658691
112	176	0.578835721008874
112	106	0.4657349484824132
112	95	0.3971999805527175
112	13	0.3516102689197172
112	0	0.2713031713852004
112	139	0.2672129039746722
112	96	0.26719433193014186
112	199	0.2459336095799434
112	197	0.2419741683069078
112	52	0.2373839412025859
112	15	0.22768828856893086
112	114	0.2177853453129471
112	142	0.212425400585456
112	102	0.20864093007489232
112	198	0.20670805077900156
112	170	0.19481760907736725
112	101	0.1901955010524094
112	157	0.17965871685810644
112	115	0.17355523608636486
112	47	0.16910968958439468
112	152	0.15889220228986242
112	153	0.15323348185413746
112	177	0.15240333235333833
112	18	0.14992137292360688
112	156	0.14641997419316138
112	71	0.14613617940524606
112	14	0.14435457504783486
112	38	0.14093559192321836
112	173	0.12516023906849433
96	198	0.8111903165994314
96	98	0.7741889339192027
96	199	0.6855759388885027
96	81	0.6709835679704256
96	95	0.6260053232775424
96	88	0.6160909987468164
96	197	0.5724100132125076
96	78	0.5618551400918924
96	193	0.5266008591779751
96	177	0.5235298084683725
96	191	0.4784945777159478
96	93	0.4783403543711779
96	80	0.4460914326863813
96	176	0.4417556171696927
96	85	0.4365657487348245
96	182	0.4263604084253065
96	190	0.42391082471430297
96	99	0.4217839182809373
96	38	0.4178051086093583
96	82	0.4112626831480468
96	194	0.3992530332335998
96	73	0.3949235178412563
96	106	0.3947884636422273
96	83	0.3946280646195521
96	97	0.39306502821171857
96	90	0.392109189201308
96	70	0.3756197164808305
96	185	0.3752503256145915
96	13	0.3658817419776531
96	102	0.3567788164091171
96	135	0.34715038040835056
96	0	0.3460945571437493
96	113	0.341049775056026
96	76	0.33480488368631645
96	91	0.32282717345164896
96	1	0.3188442158261573
96	183	0.3176938738676276
96	94	0.3120364977260072
96	36	0.3063750288746043
96	195	0.30480658670870514
96	66	0.3017738200305996
96	142	0.2974593405352473
96	181	0.2948684478031851
96	160	0.2905986435354019
96	139	0.2904887734131512
96	148	0.2858489747569762
96	184	0.28541732032550504
96	68	0.2772402021599031
96	63	0.2720070859970199
96	147	0.2669900263422165
96	101	0.26554992122521826
96	114	0.2611572872475597
96	71	0.25435165179699776
96	92	0.2501004861665763
96	173	0.24227540849167475
96	79	0.2406462737434461
96	54	0.2367893535749413
96	60	0.2330951827299125
96	8	0.2275839885723265
96	75	0.22423414580383835
96	31	0.22247643841522866
96	178	0.2192803670853559
96	7	0.2149543909680999
96	6	0.21371411208963745
96	74	0.2117377852126428
96	105	0.20508969765859536
96	156	0.2049651623709104
96	196	0.20477355666252328
96	43	0.19724077049021624
96	164	0.18722518736095614
96	84	0.18704184096246898
96	170	0.18225095948288292
96	159	0.178797306105735
96	50	0.17541678035750113
96	187	0.1706538021368771
96	52	0.17055671275235185
96	116	0.16939138231651418
96	77	0.1661745657298238
96	65	0.1634992883876724
96	61	0.16295420846704095
96	110	0.1624771819120994
96	41	0.16133785248391594
96	175	0.16131837301911595
96	143	0.15899942327489205
96	166	0.1578100357446846
96	122	0.15662994483101114
96	104	0.14352218561979976
96	18	0.12359483635089083
96	163	0.12263953953590825
198	98	0.7843206077557949
198	197	0.6275838555512014
198	199	0.7458029237245838
198	81	0.7454876744674811
198	193	0.6475279781634765
198	95	0.5847298638715311
198	177	0.5655936589283873
198	182	0.5517265265111476
198	78	0.5488960745932259
198	88	0.5310669081544338
198	93	0.5191971599759458
198	181	0.5033628131140621
198	195	0.4802429431403846
198	183	0.478980188315248
198	97	0.4788800069404799
198	191	0.4767887717538759
198	99	0.4667132421381563
198	80	0.441876336965695
198	38	0.4373181946429703
198	190	0.4317860867726689
198	185	0.41922384256580897
198	194	0.4170949761785971
198	106	0.41621899552982816
198	176	0.3891687113019419
198	36	0.3890244486477004
198	85	0.3824958745624207
198	135	0.37804784370507627
198	142	0.3626814139957752
198	196	0.3564471420850786
198	82	0.3531167131587077
198	160	0.353064193530824
198	63	0.3460241377095557
198	184	0.3444474843808203
198	83	0.3340055279158745
198	73	0.3286731658299966
198	0	0.3093893697729689
198	68	0.3069186094906677
198	147	0.30527820024696584
198	91	0.3051331043257919
198	61	0.2989170742100839
198	70	0.29004921634663045
198	79	0.2895362450664049
198	139	0.2873542639357841
198	71	0.2856102015220107
198	76	0.2795464435739117
198	166	0.2765384696567468
198	60	0.2764184068994429
198	175	0.27625215191359065
198	13	0.2732474894151058
198	148	0.26940300832261554
198	101	0.2661353976404162
198	90	0.26608893842472675
198	31	0.2625451235178801
198	113	0.2601693094353322
198	178	0.25930204975011645
198	102	0.25753826642895983
198	1	0.2513562472266541
198	92	0.2499223622525373
198	6	0.24094771911850954
198	74	0.2326033765120475
198	156	0.23004785947590925
198	170	0.2297731885443641
198	52	0.20865049474455916
198	94	0.20625808935970988
198	165	0.2038823841599274
198	164	0.20332642793486488
198	105	0.20005514747442066
198	54	0.1986723818532052
198	66	0.19848026836530008
198	187	0.19337411918532013
198	41	0.1905617283210899
198	8	0.17576568073249654
198	75	0.16936224297165636
198	159	0.16785630838503066
198	167	0.16371339963886314
198	77	0.16223377173868125
198	122	0.16030526797679115
198	163	0.16014937562429354
198	43	0.15574214350991858
198	117	0.15215912974803128
198	17	0.15212005560626327
198	72	0.1504003242559555
198	67	0.13378317019271935
198	7	0.12861372327760365
198	65	0.1264691858416946
98	199	0.7942351319253553
98	81	0.7562129631767124
98	177	0.6275959781691257
98	78	0.6203660929043101
98	182	0.5284484547314932
98	38	0.5201314944484181
98	88	0.5096893461690831
98	193	0.5014115604915097
98	95	0.4953460561313607
98	80	0.4911691072703017
98	197	0.4784868672496629
98	93	0.4664394348606535
98	183	0.46003052033469793
98	97	0.4480597347178101
98	68	0.4369299118248983
98	92	0.4320789231197576
98	191	0.4207639834408808
98	76	0.4194463652428151
98	147	0.418605459723764
98	90	0.4167149286688965
98	176	0.4140670911095172
98	194	0.4094997191300653
98	148	0.3964248439164801
98	85	0.3916521172585749
98	185	0.3911694426448871
98	82	0.3880480532851027
98	142	0.3879970869760208
98	73	0.3796580074928624
98	94	0.3795552996384106
98	106	0.3683735653423201
98	184	0.3636189855555833
98	91	0.3599600469456261
98	36	0.34868854595573817
98	99	0.3455751221886566
98	63	0.3450378565199457
98	164	0.3439890972353188
98	135	0.3321207026589149
98	181	0.3309725037342669
98	66	0.3245639018616036
98	71	0.3173611786526463
98	195	0.3169384531454667
98	77	0.3030457874007097
98	139	0.29629215380459273
98	173	0.2777570790657714
98	175	0.2767139304657313
98	187	0.27426505254394257
98	60	0.26985738509448265
98	190	0.2646480904692517
98	102	0.2641830482776357
98	0	0.2619305108688191
98	61	0.2603464399440367
98	13	0.260150663099702
98	196	0.25775299873526725
98	156	0.2568098545011712
98	113	0.2544732374568357
98	75	0.25433294559709657
98	1	0.25006298780158914
98	70	0.2485530569174839
98	79	0.2442699426313151
98	178	0.24231306023182864
98	6	0.2419741683069078
98	160	0.24175762310367616
98	43	0.2335206880548369
98	101	0.23087165223747885
98	52	0.2280201174267775
98	166	0.2279063534953419
98	83	0.22248594343642544
98	8	0.21338961758884306
98	65	0.20825831057834465
98	74	0.19912378843322076
98	84	0.19557750838465035
98	165	0.19531782232968
98	31	0.19357625832827435
98	45	0.1851014332184117
98	170	0.18144840705859067
98	7	0.17225529724818808
98	105	0.17090621902420713
98	50	0.1634116929805054
98	107	0.161396290123995
98	41	0.15805380012064452
98	54	0.1579952984261538
98	122	0.15640557932833762
98	159	0.14658632545334058
98	186	0.13264375548623844
98	114	0.1313565811781532
98	163	0.1271677669335056
197	95	0.7926050073122877
197	181	0.6513212520592545
197	99	0.5128800373198344
197	106	0.5958900853865655
197	79	0.5236677188912043
197	81	0.5223455549705939
197	139	0.518422473550583
197	199	0.51124213707826
197	101	0.5111313338604087
197	0	0.5031163856491448
197	195	0.4913056707186438
197	142	0.4661498842286338
197	176	0.4249274613185344
197	36	0.4061817352493156
197	38	0.3515051000565529
197	156	0.3486007012631953
197	135	0.34807350452712044
197	70	0.3406343765270338
197	93	0.3306964336853666
197	166	0.3278076754403195
197	31	0.326343120311993
197	102	0.3166775596685936
197	193	0.3098143187109766
197	52	0.2951971118358881
197	182	0.2912119441603423
197	83	0.2908732853125169
197	78	0.2861978871785834
197	113	0.2853162780887417
197	183	0.27310868335545657
197	114	0.27083064480471875
197	177	0.26888357368135124
197	85	0.2647131865603912
197	1	0.2551745360076214
197	13	0.24709825447362604
197	97	0.22460450382542813
197	41	0.2137236553320248
197	196	0.21293142755486336
197	17	0.20801914101204613
197	88	0.2069186409908352
197	191	0.20556861761586787
197	43	0.20024713537782102
197	100	0.19981514099129544
197	194	0.1979710938915732
197	160	0.1961448750185132
197	66	0.1960775671913168
197	148	0.1954043873930985
197	175	0.19306606606958573
197	61	0.1929120252334297
197	185	0.18795844239828866
197	172	0.18716728990688086
197	7	0.1862600602573448
197	75	0.17986193096473613
197	32	0.17096446589071007
197	165	0.1696439108945162
197	14	0.16882796922147802
197	82	0.1636355427855101
197	173	0.16177610717996174
197	119	0.15548843970238688
197	39	0.15257914670876646
197	164	0.14685051335209212
197	15	0.14286592368584244
197	67	0.1411708168804686
197	145	0.13965137588044527
197	170	0.1382587942202391
197	171	0.13495168506668268
197	63	0.1338715583139484
197	190	0.1311796828167016
197	163	0.13037370695019845
197	147	0.13019676231432584
197	46	0.12961671903115446
197	91	0.12826949731783108
197	143	0.1275809527515671
197	117	0.12475664106522792
197	18	0.12395916767043948
197	65	0.1235160576268132
113	70	0.6388095525030106
113	13	0.5639660137143638
113	102	0.5276840400622828
113	176	0.512806338133464
113	106	0.5066481191192168
113	139	0.4771595696493298
113	95	0.4538433199638142
113	114	0.4435888300782287
113	0	0.41189394160473497
113	199	0.3505494101320147
113	110	0.3292884882123194
113	101	0.2731179374466532
113	1	0.22835189332429426
113	142	0.21657524794578908
113	105	0.2116136100709676
113	170	0.2088609073762
113	8	0.20166736703829072
113	83	0.19948869369677
113	166	0.1980959956443457
113	104	0.1925942859837036
113	115	0.18985813962358306
113	193	0.18770761552401105
113	76	0.18708044128764256
113	140	0.18149676044364693
113	81	0.18106154841103864
113	157	0.1789425069389177
113	75	0.17816801256880352
113	66	0.17318665793560165
113	100	0.17224559395034825
113	52	0.17006150541226403
113	10	0.1684393441511687
113	191	0.1681867097642242
113	160	0.16232140167725415
113	177	0.1617468921834475
113	154	0.1608410869023171
113	38	0.1560348531403902
113	36	0.15383886635218344
113	143	0.15132870208509885
113	186	0.14936413692354522
113	77	0.1484058604133114
113	183	0.1476429512098118
113	173	0.14409998344145886
113	152	0.14363971176099075
113	78	0.14314999281365387
113	141	0.1422193338554155
113	188	0.1380822306170335
113	15	0.13797432631577072
113	181	0.1377486976500139
113	135	0.1354327293594134
113	190	0.13460804303449558
113	185	0.1312583053427049
113	119	0.13060962021118486
113	156	0.12880057582624788
113	88	0.12464835164372788
113	79	0.12445145418007783
13	102	0.6731002301689664
13	0	0.5640273854093424
13	1	0.5498246845529692
13	110	0.4748780244193235
13	114	0.4231476454209596
13	70	0.4059395519732765
13	8	0.4052628070051494
13	95	0.382487337560708
13	106	0.3704978163174735
13	105	0.3458040518513554
13	176	0.30224639076308113
13	81	0.29898081827697875
13	78	0.2952336257513231
13	101	0.2942291791385447
13	76	0.2838458566929131
13	199	0.2828525665304941
13	170	0.2822452569235813
13	160	0.27974923893157605
13	10	0.27715711767870765
13	193	0.2715903295475073
13	139	0.26982956955955284
13	77	0.2657915701778372
13	104	0.2579490364334766
13	92	0.2454449984746862
13	82	0.2433387888840037
13	83	0.2412114456942712
13	80	0.2294132195043277
13	6	0.22886367209001854
13	65	0.21926132867945125
13	107	0.2163083651233502
13	183	0.21400039160994516
13	115	0.20632511042398602
13	190	0.2049843220780107
13	15	0.2039015527212308
13	191	0.1938361273624484
13	169	0.1932682302238637
13	166	0.18931826810395785
13	175	0.18265697790702756
13	63	0.18169983507505946
13	90	0.17941677531005565
13	188	0.1759691855673303
13	187	0.1746122033679954
13	88	0.17372980877524358
13	75	0.1718671392789553
13	94	0.16997410695722592
13	148	0.16744811344234325
13	168	0.16677738287389585
13	99	0.16309048778676216
13	186	0.16068522206936986
13	116	0.15704936739264805
13	194	0.15693232492789225
13	182	0.1563860685214131
13	85	0.1505957943220897
13	91	0.14677223763853456
13	68	0.14433499175616546
13	79	0.14079837001434167
13	181	0.1395239088929232
13	66	0.13791546804346888
13	158	0.13474550373759828
13	60	0.13251604055224445
13	100	0.12895791824824482
13	143	0.1267545369761982
106	95	0.6967262306620308
106	0	0.5132705167963134
106	199	0.503355346817696
106	102	0.4676982076239165
106	70	0.4572272337227824
106	142	0.4450174480803161
106	139	0.4410712361762444
106	101	0.43218464719515853
106	1	0.4240912737974333
106	176	0.3915166513918044
106	181	0.38513067551248265
106	81	0.35000548061486914
106	79	0.32332872099284804
106	193	0.32150078241959074
106	182	0.3035815078712633
106	183	0.29970913229630985
106	52	0.2892613705699744
106	195	0.28046803942375603
106	38	0.2723867086186494
106	175	0.2648712670229577
106	114	0.25938599641104065
106	160	0.2526205245001412
106	156	0.2437338786998941
106	194	0.2362890075041026
106	78	0.2337759483381513
106	166	0.23345450420689665
106	99	0.22698653350677786
106	36	0.22581958144017825
106	196	0.21513560454077787
106	68	0.2120243171362504
106	147	0.2114416639809148
106	105	0.20959719920155345
106	82	0.209262550510788
106	119	0.1969524246132608
106	164	0.18951109251902246
106	92	0.18842144297028132
106	191	0.18457988290957605
106	170	0.18001675045776008
106	157	0.1780227702643683
106	43	0.17593042390068736
106	135	0.1703431044509838
106	154	0.17009063763615848
106	17	0.1685656530490112
106	14	0.166602384267519
106	115	0.1640053446683444
106	180	0.16255506899277206
106	66	0.1584632808926027
106	173	0.1576930220102191
106	148	0.15531278658599731
106	187	0.15504928849940516
106	91	0.15388768265681044
106	93	0.15183675386468304
106	143	0.14862100803955414
106	8	0.14675266842288764
106	185	0.14328712119570622
106	88	0.139798447422513
106	100	0.13687547831337424
106	85	0.13383227496737748
106	6	0.13240797063248094
106	31	0.13226059748718244
106	77	0.12851537616203412
106	165	0.12687260717420218
106	83	0.12485508341481713
106	145	0.1242939291510586
106	46	0.1235652945118703
106	80	0.12244254279794853
106	184	0.12165445951116514
95	0	0.5414113090465994
95	199	0.537753654404433
95	70	0.4898173467029928
95	139	0.4855568841723739
95	142	0.4677919533684907
95	81	0.4616451578054424
95	101	0.44763603562967097
95	181	0.4445842859151817
95	176	0.43340368065565776
95	79	0.4290404020558501
95	99	0.42364008797842617
95	102	0.3918722130823088
95	38	0.3736511230912191
95	36	0.3691339034745931
95	83	0.31434538936216416
95	195	0.3120996806715132
95	114	0.3109619656976379
95	156	0.3081499840595982
95	1	0.3074619899416076
95	193	0.3016829240317449
95	52	0.3003643163944737
95	191	0.2954435640264603
95	78	0.2946492996749867
95	93	0.2923738122478997
95	31	0.28313773978808104
95	135	0.2811128490996864
95	88	0.2758641593248174
95	85	0.2721089442848981
95	177	0.27012624537390123
95	97	0.2505316634143867
95	182	0.24540740783554
95	66	0.2448904617510474
95	43	0.2398641835332767
95	166	0.2388271986516384
95	15	0.2262845426574183
95	190	0.22512669331468665
95	183	0.22474693194838946
95	41	0.2142389298012567
95	160	0.2098744423561439
95	82	0.204811879060226
95	7	0.2038344620727724
95	148	0.19676978792995495
95	17	0.19294090861477808
95	194	0.1908700890996641
95	173	0.18789091449625306
95	100	0.1821059378312552
95	185	0.17817769511314496
95	115	0.17337095308155395
95	143	0.17063438452500956
95	14	0.16301261465147535
95	119	0.16168846133988504
95	175	0.15289168171175158
95	8	0.15225681302128896
95	61	0.15212005560626327
95	91	0.15140686910853302
95	75	0.1464786873487536
95	152	0.1442174896323507
95	32	0.14384537275731255
95	46	0.14245447150369075
95	170	0.1396219608324221
95	67	0.1334492403148127
95	154	0.13243744455927406
95	54	0.13076688750368073
95	116	0.1302557447816805
95	77	0.1297052059542242
95	117	0.12814163408474002
95	50	0.12770883463292304
95	196	0.1268135725243873
95	168	0.12560316480363629
52	156	0.8004271699949022
52	122	0.5761296827048245
52	155	0.5134030841549424
52	149	0.48070443013882
52	142	0.4373828926030753
52	50	0.4260166958395392
52	176	0.41522638613750745
52	21	0.3967956320480913
52	173	0.3797350322425399
52	46	0.36851184533756604
52	72	0.3678808104081635
52	157	0.3594899240766935
52	18	0.35319548842779713
52	47	0.342515860880249
52	53	0.332770023079435
52	153	0.330429215222301
52	125	0.3281200293351364
52	139	0.326861252279726
52	70	0.3214828495593464
52	195	0.3175140483236291
52	177	0.2986985028740925
52	28	0.28882147215330345
52	14	0.2828985656011884
52	97	0.279048567420993
52	0	0.2786981201561068
52	38	0.2778585895744363
52	199	0.2743482805706151
52	43	0.2696997577761381
52	178	0.26371788321353584
52	67	0.26180942573346344
52	174	0.2610268309166805
52	79	0.2608218088478317
52	49	0.25524932535720873
52	136	0.2479900401945912
52	119	0.24737991632152176
52	15	0.2407593212028815
52	131	0.23831793377557545
52	71	0.2376104040236352
52	36	0.227043441358487
52	33	0.22548740326860134
52	17	0.2233412219512736
52	132	0.20823917792913504
52	48	0.203556494710859
52	39	0.19697164873238227
52	66	0.1964717724492911
52	129	0.1959044814385282
52	152	0.19022441565755926
52	44	0.1889615044501997
52	27	0.18892293241668165
52	130	0.1885854022679868
52	171	0.18814172345927774
52	101	0.18723483681018188
52	154	0.18577736174886653
52	144	0.183082263728262
52	164	0.17511630305192796
52	137	0.1725269760091382
52	40	0.17014890119198278
52	143	0.16995468471514366
52	99	0.1664370981680668
52	118	0.1654257328307897
52	31	0.1563958239401324
52	62	0.155517714266176
52	35	0.15489313107190028
52	133	0.1508694326303658
52	16	0.14726143065292108
52	165	0.14362991807059144
52	181	0.14219973832645927
52	42	0.13078654545268856
52	64	0.12890874943848435
52	61	0.12753176628282056
52	116	0.12271833552612725
52	102	0.12137859406760655
52	93	0.12115197628060895
156	122	0.5865367041171166
156	155	0.5705783827300551
156	149	0.5606769743464654
156	50	0.512776856342359
156	142	0.4812040740638213
156	173	0.4561112850289057
156	21	0.4527707280254396
156	46	0.42238386522752974
156	174	0.3982185914313072
156	195	0.3981596902527745
156	125	0.3946111791124723
156	97	0.3929466517146357
156	47	0.3901017140061829
156	18	0.3831444955339732
156	28	0.3736167071833271
156	157	0.3698333237267079
156	177	0.3690043352771669
156	131	0.3580174346646379
156	53	0.3574331728481597
156	176	0.3548223882515508
156	38	0.346939286037634
156	132	0.34161520999288997
156	79	0.3379354778403052
156	48	0.3347516082747768
156	136	0.3242149409811477
156	139	0.3189699775828033
156	67	0.3080775787878321
156	153	0.30680085066709306
156	178	0.3039536752172409
156	72	0.3035361152688795
156	43	0.2991811394009353
156	33	0.2853713928224552
156	199	0.2836711552826125
156	49	0.28131545119106216
156	44	0.2731271914873009
156	171	0.2606260840137086
156	119	0.2581823869541304
156	71	0.2564642236567295
156	0	0.24510665616232785
156	36	0.24294361830169445
156	133	0.2409288801437949
156	70	0.2396285531149967
156	17	0.2385442899194804
156	129	0.2369214995056577
156	42	0.2321209125289639
156	164	0.2320168366849675
156	41	0.23069177167583546
156	154	0.2278589500205019
156	14	0.2272331229979107
156	39	0.2246994569741073
156	27	0.21730900871139275
156	165	0.21166137054959105
156	66	0.2103045804266657
156	137	0.20542495195545493
156	99	0.20260732463739067
156	31	0.19211278593624648
156	93	0.19028224387777076
156	16	0.18658824390593065
156	62	0.1848696459356031
156	64	0.18227029510415704
156	15	0.17712209506644902
156	91	0.1657953106249119
156	144	0.1620877161550083
156	146	0.1590773998175395
156	143	0.1541805647010802
156	101	0.1521688982091597
156	40	0.15072284355194884
156	191	0.14926636642807042
156	88	0.14893392492165627
156	152	0.1475744763931089
156	130	0.14277775951296498
156	151	0.1384451573784968
156	29	0.13619834154790578
156	145	0.1337537070125767
156	32	0.13340013042215676
156	117	0.13296793514359942
156	92	0.12781703906232508
156	45	0.12522914190872803
122	155	0.6240249197454685
122	21	0.6012930333342458
122	125	0.467479426630816
122	28	0.4478119351397753
122	132	0.4157310863397903
122	149	0.3946533923804117
122	50	0.33430756330901856
122	136	0.32811110593339377
122	72	0.3271827526547045
122	178	0.31890709810820145
122	29	0.298489009268431
122	133	0.2935805090135893
122	33	0.28666604509761345
122	173	0.28559183288083195
122	157	0.2833033012921405
122	195	0.2791592195428264
122	97	0.27905778871423104
122	177	0.2702745640521224
122	174	0.26023457008183826
122	153	0.25652961830976434
122	88	0.2550716956662112
122	53	0.25074721478371803
122	130	0.2392420581202283
122	44	0.2368459886183609
122	117	0.2248039005091053
122	18	0.22331271819934287
122	27	0.22115482968338493
122	47	0.22004176625150187
122	146	0.21319871646990396
122	131	0.2127882239509813
122	42	0.21060085041689494
122	138	0.20994135806325304
122	144	0.20966412305053664
122	137	0.20721534919861154
122	34	0.20439988040076015
122	128	0.20396864145453225
122	46	0.1995078977053696
122	91	0.1992486306640343
122	118	0.1946925399176389
122	49	0.1898485000664137
122	126	0.18227996286193046
122	71	0.18013285922536654
122	164	0.17926192132671467
122	62	0.17571722498542025
122	48	0.16926510968384348
122	40	0.1691388314939272
122	165	0.16795348917943925
122	176	0.16791461725329407
122	26	0.1538291030011319
122	17	0.15275495140724238
122	25	0.15270611773806275
122	43	0.1509769270715662
122	154	0.15064465999943735
122	191	0.14874813411614524
122	69	0.14848409754032424
122	67	0.14712446386008046
122	14	0.1462438285382318
122	66	0.14456998378987315
122	199	0.14160202122051818
122	23	0.13966118084168433
122	148	0.13899438118565696
122	120	0.13893553986129084
122	123	0.1332920863525799
122	39	0.1315826057986824
122	119	0.13071774218133606
122	150	0.12593778660798965
122	193	0.1239690139994812
122	99	0.12359483635089083
199	142	0.6291270357809552
199	81	0.6445799641417412
199	182	0.6433449561115775
199	38	0.618338131095743
199	193	0.5896504268990976
199	78	0.55944157449746
199	183	0.5465510825070157
199	194	0.5369855219039903
199	147	0.5316482120018421
199	80	0.4840499026339935
199	177	0.4663298869122166
199	195	0.4393217245445242
199	176	0.4328349953446124
199	148	0.4250257887025359
199	185	0.4208874192998863
199	187	0.4145144072076377
199	88	0.3998244839716892
199	68	0.39272677509413145
199	184	0.3776020746032976
199	181	0.3742618342067753
199	191	0.3725062429764205
199	164	0.368071021026684
199	160	0.3680277940450161
199	93	0.3632284201192886
199	135	0.35818306986372034
199	82	0.3554952621065756
199	196	0.3554428436014495
199	92	0.35530304999087114
199	175	0.34227751446497306
199	91	0.3420038031393605
199	76	0.3345029613944785
199	43	0.3323608989905446
199	170	0.3269416344698229
199	94	0.31404796681799513
199	173	0.3116212268655719
199	70	0.30969679201672
199	36	0.3074167158894057
199	139	0.3073895507899999
199	85	0.3024462798346306
199	99	0.3001459531508351
199	73	0.30008225794421256
199	90	0.2925749931661076
199	66	0.28889479703150106
199	1	0.287473525058497
199	0	0.2746626604607653
199	102	0.2691525861681319
199	6	0.2676678570286259
199	63	0.2651780884532492
199	190	0.2650107379624208
199	60	0.2599268919407894
199	77	0.25918078654499643
199	165	0.2449750624657641
199	101	0.23053081254285315
199	74	0.22464248559684724
199	97	0.22396820778032067
199	8	0.219166134145546
199	79	0.2165657169735279
199	7	0.207866059432413
199	105	0.20554946270624846
199	159	0.19325860373134726
199	50	0.18066496013900565
199	174	0.17958129792591612
199	75	0.17947484326212831
199	45	0.16985757152446887
199	188	0.16696209222652486
199	41	0.15322371664417378
199	31	0.14904148321458455
199	166	0.13856285537517354
199	17	0.13846477398294574
199	71	0.13617871249420432
199	83	0.13524620954668376
199	14	0.1345982242145315
199	186	0.13418580993090867
199	145	0.12537678678350705
199	18	0.12367361351712085
199	40	0.12344712496607985
81	182	0.7090098428134275
81	63	0.5688154721829098
81	78	0.7010539026558598
81	183	0.645625042055605
81	193	0.6233589207447606
81	80	0.5953997280049934
81	93	0.5756284102588318
81	181	0.5438595517800812
81	185	0.5224691603640039
81	88	0.4929955362666541
81	85	0.4886002675602144
81	99	0.486114577589168
81	76	0.4816573264852225
81	92	0.47827094423773103
81	68	0.4774066739087128
81	175	0.471999605336398
81	147	0.4635786921132679
81	196	0.4517923352826545
81	194	0.4399348369987088
81	73	0.4393055844742659
81	184	0.4366143120835224
81	82	0.42482092866937016
81	60	0.4169545408194759
81	195	0.4167810343584353
81	90	0.4153753406716111
81	187	0.4110050827827698
81	135	0.3876402563789157
81	65	0.38691774371228543
81	36	0.38478995329651183
81	77	0.3783820555452554
81	38	0.3755767701828629
81	166	0.37353926762954204
81	177	0.3729970449983786
81	101	0.37214446597517614
81	164	0.3617083414825213
81	94	0.35387799756187394
81	148	0.34889056549906017
81	190	0.3478537742022605
81	1	0.3465257910710384
81	160	0.3429130069387412
81	6	0.3411734850555711
81	191	0.33151557291799905
81	91	0.32913691298318304
81	0	0.32293466320098946
81	66	0.3150751648380131
81	97	0.3058946997232331
81	170	0.30584937760844705
81	61	0.295461818180606
81	74	0.2883447778811519
81	83	0.2853989494815752
81	165	0.2803666891526837
81	102	0.2647317850005009
81	79	0.2622099066279978
81	75	0.26057015869657996
81	54	0.24548258837572495
81	105	0.24123970000095885
81	163	0.23834622971013736
81	8	0.2360907224919421
81	31	0.22766932532171424
81	139	0.21968965240025232
81	159	0.21805204851458634
81	176	0.21394313864494094
81	167	0.20758857311960835
81	84	0.20257855595437685
81	142	0.19120731557081824
81	114	0.19008947801082365
81	107	0.18818995314013148
81	41	0.18429008779111766
81	180	0.17980387135709566
81	186	0.17579475377195086
81	69	0.1620877161550083
81	117	0.157429724920268
81	116	0.1549419310998175
81	7	0.14695813945505382
81	110	0.14399226586303726
81	188	0.14080817175873064
81	104	0.12304335262143674
177	71	0.6652816178555968
177	97	0.6519081581851423
177	176	0.5109318452496612
177	173	0.3878696608217552
177	191	0.3517066659150363
177	88	0.3330278847801039
177	50	0.3238927449072493
177	38	0.3046433010217233
177	178	0.2968302641399709
177	70	0.2960002186280947
177	139	0.2745886940018213
177	193	0.2650572258118313
177	93	0.26405281443732603
177	164	0.22439559188612535
177	66	0.22133552929116676
177	171	0.21915661446262594
177	142	0.21679444891027286
177	78	0.21248269238212444
177	36	0.20947290684374945
177	183	0.2053674832118462
177	83	0.19277723170077646
177	73	0.18960749924626788
177	132	0.1849565685783872
177	72	0.1842514460197448
177	195	0.18135169765657874
177	91	0.1729926499419666
177	90	0.17158569137000115
177	85	0.1714595159706586
177	82	0.16990612853230944
177	149	0.16674821716884236
177	165	0.1661745657298238
177	80	0.16536737419200348
177	184	0.16297367732210655
177	148	0.16230192857878753
177	18	0.15377052226409266
177	153	0.1458229986210201
177	63	0.14516718175736146
177	137	0.13997492513070894
177	43	0.13827841185610668
177	61	0.137778128287273
177	185	0.1321721707927464
177	194	0.13163173977627518
177	147	0.13033438663730454
177	99	0.12958722293128322
142	38	0.746560816805616
142	139	0.4435326023058917
142	79	0.4191331707341967
142	36	0.4124584169140288
142	43	0.4020233433478157
142	195	0.3939186439221455
142	181	0.3861181761629003
142	173	0.3643910607897256
142	174	0.3473966127193633
142	145	0.3426747340028597
142	41	0.3349291846557648
142	50	0.3340854851397637
142	31	0.28571122529713344
142	40	0.27917766084246565
142	176	0.2669900263422165
142	66	0.24898458938187104
142	148	0.2379594835975611
142	164	0.2351084500468729
142	0	0.2317992063920861
142	93	0.22156375970309847
142	131	0.22004176625150187
142	194	0.21937555660978034
142	147	0.21847108773752646
142	182	0.21559334123979848
142	196	0.2116136100709676
142	39	0.21067730091123305
142	46	0.20821047865651102
142	160	0.1944327606681164
142	92	0.185854599542528
142	99	0.18471510965162904
142	70	0.1829469529370661
142	149	0.18120662697708115
142	183	0.16663155143109734
142	135	0.16619401338546125
142	44	0.1618734884533554
142	53	0.1615618572900534
142	193	0.16113331183644675
142	170	0.1610066844973992
142	185	0.15741997274609834
142	101	0.15553723049028198
142	143	0.14844497920909594
142	165	0.1453042286797136
142	49	0.13640444015258513
142	45	0.1338813790848596
142	67	0.13253568929014628
142	157	0.13131727115368572
142	7	0.13040319691574415
142	68	0.1296953741758767
142	18	0.12961671903115446
142	27	0.12808261884777544
181	166	0.5193651398047011
181	79	0.5065366144935028
181	99	0.501269315516868
181	195	0.4860305669093171
181	36	0.4801967798073293
181	101	0.4676591437911154
181	139	0.4596125813557564
181	31	0.4209450173674503
181	182	0.41702889143118105
181	183	0.4118192079302472
181	135	0.4069413192002737
181	196	0.3785962420347225
181	167	0.3778249810491378
181	61	0.3700750012214277
181	145	0.3695915961737868
181	0	0.36903025006429546
181	78	0.3553991598058847
181	38	0.3415092097622477
181	85	0.3317914747564996
181	185	0.3262269603627901
181	175	0.3262090887267816
181	193	0.3215814774366781
181	172	0.32051413291649944
181	93	0.305858442142305
181	65	0.27589187606439536
181	32	0.2468353324028353
181	63	0.2305592180127286
181	83	0.22739433883697746
181	147	0.22360723854443146
181	190	0.219166134145546
181	160	0.20521422630582206
181	184	0.20291416881991692
181	77	0.19883566631521007
181	39	0.19828813962449507
181	7	0.19617372066440686
181	41	0.1948657109137326
181	67	0.18562287927479149
181	114	0.1849662264712014
181	163	0.1821929517733689
181	35	0.18127432760930806
181	68	0.17951355453542509
181	100	0.17005179460490624
181	148	0.15394626123073651
181	54	0.15031235888866953
181	169	0.14974541393235544
181	170	0.14357115533745865
181	194	0.14231730982778892
181	165	0.13376352809889888
181	75	0.13276164228533452
181	73	0.12980352233463666
181	1	0.12853504578743633
181	56	0.12808261884777544
99	101	0.5032657453985843
99	31	0.502802632329684
99	79	0.4488985443787027
99	88	0.4365576545960182
99	0	0.4288445600538017
99	36	0.3932679290391133
99	195	0.38717280249648295
99	78	0.3849262547744533
99	93	0.3827263489194423
99	85	0.3723942764721197
99	61	0.34896960780050396
99	54	0.32836986080466674
99	30	0.31974226755424195
99	193	0.31500310481058064
99	73	0.3130110128181113
99	163	0.30963350449203625
99	182	0.307742657989912
99	32	0.3060397211734177
99	185	0.27779399269583194
99	82	0.2733677787967266
99	166	0.26312229292948897
99	97	0.26107342355822233
99	65	0.2602438928372623
99	83	0.2554175902252254
99	178	0.25084092501707544
99	75	0.24537921437185645
99	38	0.23947773482877974
99	135	0.23741225046690625
99	139	0.2361945885229073
99	172	0.23016150569595745
99	7	0.2237592330736614
99	64	0.2188424415276638
99	102	0.21650853027310185
99	91	0.2119670136659988
99	190	0.2063346847037196
99	184	0.20630596174599533
99	194	0.2057026975723067
99	80	0.2046298420806855
99	74	0.20319221194427114
99	183	0.2025114276675672
99	66	0.20151386924302964
99	41	0.20031432751179304
99	100	0.20018954062081265
99	67	0.1933548669818646
99	196	0.18160313480134607
99	68	0.1810905647548882
99	69	0.18081006023156868
99	167	0.18055854840575936
99	133	0.17954258762557354
99	39	0.1725754873127498
99	114	0.17160510247039554
99	129	0.16907083324506053
99	63	0.16890568794096944
99	191	0.16776884288054325
99	59	0.16771053107671752
99	160	0.16751614992380282
99	169	0.16427780077876958
99	92	0.16161055178496758
99	1	0.16115279249478082
99	90	0.15582995927341228
99	148	0.1534678379109604
99	94	0.15251077560635856
99	2	0.14886547690015126
99	145	0.14710489671466426
99	171	0.14687986627057045
99	159	0.14531401753230094
99	175	0.14485391073893078
99	86	0.14381599337527665
99	116	0.1431793779298374
99	58	0.13605112103956762
99	60	0.13564868767608793
99	35	0.13331173096460222
99	76	0.12919391970476907
99	84	0.1271284135989854
99	28	0.1254555284464558
99	26	0.1250814914870125
191	193	0.6184307711959572
191	190	0.5836363724395068
191	82	0.5409941202925712
191	88	0.4901745015690176
191	91	0.4265894817769296
191	80	0.3792214345023664
191	83	0.3704201679053829
191	76	0.3623339787342035
191	160	0.3525213604556746
191	182	0.3097600767974711
191	78	0.3065109427787433
191	47	0.3023826816509351
191	94	0.2892155535143825
191	159	0.2877028483157257
191	97	0.2821164045668157
191	63	0.2800810320332445
191	178	0.2758549203096745
191	90	0.2632246742982918
191	194	0.26261029722406914
191	74	0.2605328741802947
191	154	0.25534280774895585
191	115	0.2541645812357051
191	187	0.24970671593357266
191	170	0.2478774167307964
191	60	0.2461496861855445
191	173	0.24216244889296415
191	14	0.23650615422525
191	43	0.23558075649425395
191	72	0.23545796751253986
191	54	0.2314301280856083
191	93	0.2305118753446541
191	195	0.2279632362390795
191	68	0.22627505468289125
191	168	0.21443928213742589
191	117	0.20684206494931687
191	185	0.1949138118127672
191	15	0.1935088804391364
191	50	0.1889711473674764
191	135	0.18299527901559087
191	38	0.17882634689565371
191	70	0.17836165689783604
191	7	0.1674578330373607
191	147	0.16523119953183732
191	183	0.16408319182654396
191	92	0.16306128559910912
191	0	0.16229219198214542
191	176	0.15942826968592627
191	184	0.157439477063732
191	46	0.1527451847330754
191	126	0.15166089885232487
191	18	0.14972586234758276
191	148	0.1487090189237298
191	110	0.14855255350178334
191	49	0.14550000032403934
191	165	0.14459935664806492
191	189	0.1438062001915923
191	36	0.14220953610487072
191	171	0.1402004114820498
191	152	0.13887669755589838
191	1	0.13679697624566614
191	164	0.13413670989310247
191	102	0.1340777889783822
191	6	0.13038353696434773
191	16	0.1245991281975662
191	104	0.12452036940809193
191	116	0.12126036027761965
88	93	0.5910446139936556
88	193	0.5732229893352802
88	90	0.5637818612472397
88	85	0.5219527804547502
88	91	0.5215379448625241
88	78	0.5110870078155033
88	66	0.5037733436505796
88	94	0.5036837927472191
88	80	0.48771669422498504
88	190	0.4216194847467897
88	97	0.3937750135278169
88	82	0.39292973972314976
88	178	0.3756540723577661
88	73	0.3736855379703628
88	194	0.3591328570005347
88	50	0.3524425423730942
88	68	0.3522060581264533
88	182	0.3408995398884105
88	31	0.33616268279771805
88	84	0.33418320410600394
88	38	0.3247964933798899
88	60	0.2984707910734479
88	74	0.2857479596411269
88	36	0.2811036393181362
88	196	0.27982297651024163
88	195	0.2759750235301419
88	160	0.2719237428638868
88	92	0.2703950635334141
88	76	0.2703209110087649
88	79	0.2656056893309587
88	6	0.2607472495335328
88	185	0.2588169479116941
88	135	0.2530791972936475
88	1	0.2498098542213431
88	8	0.2458584467685245
88	61	0.24436397355362155
88	148	0.2418423610523537
88	83	0.2399490035675829
88	41	0.23927976828883896
88	65	0.2382424759721053
88	107	0.2377707995634126
88	72	0.2355146402845606
88	54	0.2274038217335602
88	63	0.22391121672002368
88	173	0.2232462079596784
88	64	0.21486854779273631
88	32	0.21259727159269515
88	189	0.20724406087408964
88	102	0.20643999917275954
88	133	0.2056548127598343
88	67	0.19961351701289892
88	49	0.1987972474345568
88	147	0.19864356580292453
88	184	0.19827853278730934
88	183	0.196798626209228
88	110	0.1961641054868315
88	4	0.19603910474616665
88	105	0.19046535786218904
88	164	0.18825747316846747
88	7	0.17900058509004166
88	114	0.1699352623410249
88	86	0.1698187253243409
88	0	0.1585705168556913
88	180	0.1579952984261538
88	30	0.1579075438048464
88	70	0.15003867364257056
88	171	0.14528465088919895
88	47	0.13848439047874653
88	104	0.13813127694325072
88	101	0.13268305150308785
88	132	0.13210339302031446
88	126	0.13082586104217075
88	62	0.1288399120400325
88	71	0.12674469763085314
88	175	0.12477632973170967
83	54	0.4293585592938464
83	190	0.38483254931154265
83	76	0.37889603500723945
83	114	0.3307944005068331
83	75	0.30732616360969994
83	169	0.29629215380459273
83	78	0.28381827351215105
83	82	0.2696626668943956
83	73	0.2678256700121702
83	135	0.2662190211127365
83	64	0.25968444167840343
83	7	0.2577623343451206
83	168	0.24927534899922885
83	193	0.2433764199670525
83	176	0.2431976657988804
83	80	0.21931844339618453
83	141	0.21885196258668524
83	140	0.2187567501214119
83	14	0.21805204851458634
83	70	0.20910955191980088
83	2	0.20865049474455916
83	139	0.2056548127598343
83	159	0.20257855595437685
83	104	0.2020606599093341
83	110	0.2004103130057655
83	166	0.197586740497334
83	84	0.19701009651622067
83	101	0.19514468307376656
83	116	0.18967498178023012
83	71	0.18676197133816755
83	163	0.1843963497245464
83	97	0.1843673696246541
83	0	0.18354613375263715
83	10	0.18315958106643904
83	115	0.1815547833472761
83	184	0.1803263626821258
83	65	0.1799006366736797
83	74	0.1783035650490633
83	186	0.1763277051011858
83	85	0.17384618450295816
83	63	0.16822557803194474
83	170	0.16739951497903244
83	15	0.1599155221178283
83	182	0.15908714674584268
83	77	0.15699084671150804
83	152	0.15138732753016124
83	8	0.14476579802944742
83	185	0.13591370981022718
83	188	0.1334787059358467
83	183	0.1312583053427049
83	31	0.1290070864239386
83	153	0.12796458565305205
23	25	0.7839354646242316
23	22	0.7226311666122031
23	29	0.466384662674637
23	123	0.4616923695225787
23	125	0.43623383110055297
23	28	0.4075085533064218
23	128	0.4025597666836645
23	26	0.402442447683729
23	120	0.4013188687383295
23	34	0.3984625756148436
23	136	0.3945520777388121
23	27	0.3839121108958645
23	138	0.37095497413049866
23	16	0.3620820251813021
23	21	0.3612041188538665
23	17	0.3291101626522801
23	137	0.2902506952063084
23	33	0.27221079647531765
23	132	0.25908750159555216
23	126	0.2482715695231938
23	39	0.2264648060130884
23	48	0.21734711945188945
23	130	0.20914780252764967
23	155	0.2076842618313321
23	144	0.20274157386661126
23	24	0.19816324777002514
23	150	0.19641408783879866
23	53	0.1918431054870623
23	37	0.1905713651650024
23	127	0.1900123675591293
23	18	0.19000272858781272
23	117	0.17590135229268036
23	149	0.17455403212391454
23	42	0.1719350707796314
23	69	0.17123626879478096
23	133	0.16847820901678676
23	44	0.15824879775327472
23	118	0.1517488275593646
23	46	0.1512309906443775
23	178	0.1418078043604315
23	161	0.13006896380758132
23	154	0.12916442032251038
23	62	0.12201896715847654
25	29	0.5551188206941804
25	22	0.674754068437846
25	128	0.5215306648428356
25	26	0.5151315761442236
25	125	0.4881433718042846
25	28	0.43133038259678935
25	120	0.4306056854385269
25	123	0.4298641284064899
25	27	0.4065741180194638
25	16	0.4034643543343071
25	34	0.3940031234042568
25	17	0.3876572509477906
25	138	0.33456512748256245
25	21	0.32683445716533266
25	126	0.3222537541818418
25	136	0.3071450423536225
25	24	0.3055592832556629
25	132	0.2969123322088097
25	127	0.288922292987077
25	130	0.2569779754935861
25	48	0.2528077516122828
25	117	0.2521523739716371
25	155	0.2449750624657641
25	69	0.2378368410173949
25	46	0.2148971625534904
25	154	0.20981708447082872
25	144	0.20849745524141536
25	53	0.2070526429627504
25	18	0.20132198307994292
25	129	0.201091699287488
25	39	0.1967505622212856
25	150	0.1950196304901891
25	133	0.18913507138375124
25	119	0.1821639474429963
25	33	0.17980387135709566
25	118	0.17798403767284696
25	137	0.1766086742026646
25	44	0.1613573318230054
25	61	0.15444413537799345
25	2	0.14816135742183728
25	146	0.14715381436229033
25	178	0.14061213162878086
25	195	0.1371404100939449
25	157	0.12131947760293495
22	123	0.6552820072567824
22	34	0.6417185447689258
22	138	0.4551604100447494
22	26	0.4529774033445227
22	120	0.451290785871375
22	27	0.4431308738341859
22	128	0.41922384256580897
22	33	0.4161115106873845
22	125	0.4127986093679878
22	126	0.3925237722008781
22	136	0.3780649851720254
22	29	0.3369518717151449
22	44	0.3332323603728318
22	127	0.3303668566226847
22	24	0.31446253888110504
22	16	0.3081499840595982
22	37	0.2975322602350984
22	17	0.2925109838641495
22	130	0.2845169025446321
22	144	0.26405281443732603
22	39	0.2608404481902789
22	28	0.2387329002429318
22	137	0.22101216137049087
22	61	0.2206506926527562
22	21	0.20552073004652616
22	53	0.2017057399396506
22	150	0.19352813145089287
22	42	0.18435770952011415
22	155	0.16661210668777646
22	118	0.16560080179478004
22	129	0.15866800084867602
22	46	0.15741022054122494
22	18	0.15045896651124413
22	132	0.14557830579238906
22	178	0.14251325340460844
22	62	0.13954351949977456
22	30	0.13900418797764574
22	149	0.13848439047874653
22	161	0.13659090014534114
22	69	0.13480441388020833
22	2	0.13307598871082565
22	117	0.1290070864239386
22	48	0.1274629041727843
29	28	0.6353875260859421
29	133	0.5444719304793193
29	26	0.5347471849584273
29	132	0.4786718980740423
29	21	0.4212576333577229
29	128	0.3851562254481565
29	125	0.30730805248579873
29	180	0.3051603108903943
29	126	0.28628969362773365
29	131	0.2799427930342387
29	69	0.2737933494780034
29	130	0.2644620883490683
29	27	0.2565483020650017
29	123	0.2552773705759018
29	34	0.2491815604815868
29	194	0.23964740458777786
29	24	0.23741225046690625
29	138	0.20733976388030595
29	39	0.2005734795152459
29	40	0.20011274545926327
29	117	0.1939419921359056
29	150	0.19177568084612434
29	175	0.19140962979433185
29	196	0.19080263839593567
29	37	0.1860476839763933
29	172	0.18339151948265472
29	61	0.18237663850091893
29	195	0.17752888844129422
29	91	0.1769089886578427
29	107	0.17598856619603448
29	165	0.17356493485533206
29	178	0.17101300403332484
29	56	0.16850735732224498
29	90	0.16645654407718086
29	2	0.15995449894951894
29	155	0.1573712114147296
29	129	0.15447341965257252
29	127	0.1481417963996328
29	16	0.14567618506284125
29	182	0.1385824713275123
29	73	0.13567813553924812
29	62	0.13480441388020833
29	162	0.13137623603548632
29	6	0.12401824527846092
29	157	0.12128991904783235
182	183	0.7814172747317991
182	80	0.7251728090476226
182	193	0.7078591856502896
182	147	0.6956337247762775
182	194	0.672678871085518
182	78	0.6884377988294238
182	187	0.6638019016074125
182	175	0.6058636262309405
182	196	0.5637886827089105
182	185	0.5550496325441555
182	184	0.5405766651314781
182	148	0.4999953917353015
182	164	0.4887829508813677
182	73	0.4684791005279926
182	68	0.4629660967872625
182	76	0.4600778213442685
182	63	0.4544148320071377
182	92	0.42563191923069255
182	135	0.4046692452547984
182	195	0.39742735884960656
182	77	0.39084753995383936
182	159	0.3894317293537983
182	82	0.38754678154000577
182	90	0.3759117085207911
182	85	0.3754393311906611
182	60	0.3641829099929766
182	91	0.35821793755967946
182	74	0.3547611996567793
182	65	0.3511106378141233
182	180	0.33364121752079506
182	170	0.330375765170654
182	160	0.32507376269736177
182	165	0.32104342247211665
182	93	0.31262309026416923
182	190	0.30402628242461355
182	94	0.28474664873121897
182	1	0.2832021268232694
182	84	0.2754483532006612
182	38	0.2640156029998669
182	6	0.2602066015244391
182	101	0.2565389602113486
182	188	0.2477084689729915
182	163	0.24491866240370916
182	8	0.2443451677367462
182	117	0.22664505385656986
182	189	0.22332221949242387
182	166	0.21779487098763486
182	58	0.2164704049806914
182	161	0.2146682341405436
182	45	0.20683249276591625
182	56	0.1967794007275452
182	186	0.1951927785320812
182	145	0.19317196362453845
182	43	0.18384567305266808
182	54	0.18149676044364693
182	75	0.17217766992961075
182	0	0.16852678936216414
182	102	0.16527010722069405
182	7	0.1551078455376694
182	105	0.1540927029303133
182	116	0.15204190589628433
182	66	0.14897303743606846
182	31	0.1290169199829688
182	107	0.1280432748525152
182	4	0.124874771589814
182	167	0.1220780734079798
183	196	0.6414361230892418
183	175	0.6120983174008723
183	165	0.4831535314342298
183	193	0.602020363677477
183	147	0.5460950873309711
183	80	0.5451469857294959
183	187	0.5450907580963138
183	194	0.5244148609190007
183	78	0.5130789873630495
183	63	0.4915711416165005
183	164	0.4821103213712671
183	185	0.4481316636397264
183	184	0.4194134020999144
183	148	0.3857522229417076
183	195	0.3810094541697531
183	68	0.37641822345169584
183	65	0.3749925404441965
183	73	0.36787216373926096
183	170	0.3662021668889382
183	85	0.3616040369065975
183	77	0.35744189523225217
183	60	0.3533880291120306
183	76	0.3444915514183697
183	92	0.3405459766939736
183	166	0.3148499651938754
183	159	0.29839791611856964
183	180	0.2898385518626572
183	91	0.2894629498678085
183	1	0.28425954801227105
183	82	0.2756701293044486
183	145	0.2712661151995138
183	93	0.2616883323555076
183	74	0.2574262220818538
183	90	0.2504285648461434
183	160	0.24746440672611306
183	167	0.24372447273900524
183	188	0.2415975524737239
183	135	0.2391666356178403
183	8	0.22763139830920945
183	101	0.21970868704574806
183	45	0.2154693802297672
183	163	0.19577946746898905
183	176	0.19205499970957865
183	66	0.19140962979433185
183	6	0.1863083251673109
183	102	0.18089711650966572
183	75	0.1738655799856016
183	161	0.16249665387212905
183	117	0.16114305218130964
183	174	0.15918461432290792
183	186	0.15757600384712994
183	38	0.1565226416060431
183	43	0.15476624746234002
183	56	0.1520614435020481
183	84	0.15155342717294715
183	0	0.15047851369440846
183	105	0.14531401753230094
183	58	0.13833726411260516
183	54	0.135952970695302
183	16	0.1259181037649379
183	94	0.1238803961594714
80	78	0.7347486627575206
80	147	0.6314836455444094
80	193	0.5939777695444266
80	194	0.569910309666077
80	90	0.5644022992772894
80	187	0.5624843879493373
80	76	0.5454421003430485
80	73	0.5355393049024422
80	184	0.5139257498109817
80	148	0.5131968576781949
80	63	0.4494892307254566
80	82	0.4432915865944169
80	94	0.4402815480451786
80	60	0.4270883449636457
80	185	0.4204347449776696
80	77	0.4163843341137638
80	164	0.4117693824027617
80	68	0.4089669011747581
80	84	0.379135812145307
80	92	0.37759350040418893
80	74	0.3769502509983629
80	91	0.3734101901358525
80	65	0.35898477395063433
80	196	0.3561590362128302
80	175	0.3472735025495539
80	135	0.3410409381753787
80	189	0.33662383936222684
80	45	0.32756666774051
80	85	0.31926637156420856
80	159	0.31683050303832994
80	188	0.3025371297113885
80	93	0.30191015374251695
80	43	0.3010828729494539
80	6	0.29273957647400456
80	190	0.28354241587610923
80	170	0.2817666111572937
80	160	0.2773602057572901
80	1	0.27158106713542285
80	8	0.25979634586958306
80	116	0.2481495786269781
80	186	0.2369026220521493
80	54	0.23368141124781874
80	126	0.20906173776015607
80	110	0.20515675237094366
80	117	0.2042753084017808
80	180	0.1990757704693408
80	163	0.1877944429835376
80	7	0.18598010605826354
80	58	0.1855359788500604
80	105	0.18067463372325032
80	107	0.17975548739376254
80	4	0.17581413562789466
80	161	0.16932339005124214
80	165	0.16821586101404964
80	86	0.16080212144585745
80	168	0.15739071603937402
80	102	0.15498097057776208
80	66	0.1529795766740872
80	195	0.1512700755754213
80	114	0.1496085503804523
80	38	0.14259162770869946
80	115	0.13579592459413922
80	75	0.13479459558927318
80	101	0.13002964032042552
80	49	0.1276793238062614
80	56	0.12664630280591666
193	190	0.5837484539773108
193	160	0.5467474113928095
193	196	0.6073804479889149
193	194	0.6060471434689931
193	91	0.5847430255373349
193	195	0.5361523723761119
193	78	0.5188537720815372
193	185	0.5073464955346797
193	82	0.5028101041872444
193	187	0.4993200838844835
193	63	0.4888286150157375
193	93	0.4528104770589386
193	175	0.4466279438835269
193	90	0.4383124252834069
193	147	0.43149315937271504
193	76	0.4281342948981071
193	170	0.4172849452607576
193	74	0.4149284102711289
193	159	0.4025597666836645
193	1	0.4007314435970042
193	85	0.3947040461029041
193	68	0.3827519542416949
193	184	0.3649026100533631
193	6	0.3319160569871596
193	180	0.33056283107877066
193	94	0.33035794801585344
193	73	0.32355256752872635
193	92	0.3174331193765801
193	135	0.3134619542586416
193	60	0.31192817768366
193	102	0.2966205147111876
193	164	0.2948136636780948
193	8	0.2890506011434927
193	165	0.2841216626576163
193	148	0.2770555643504989
193	105	0.2725903736165361
193	0	0.25044731046293034
193	65	0.2314869137027749
193	38	0.21539309307923168
193	117	0.21126015113069768
193	107	0.19921021835858368
193	101	0.19656791044439348
193	54	0.1936051340075427
193	145	0.1917082543949052
193	110	0.18785232632608892
193	77	0.18352680746535868
193	166	0.18145807780579867
193	66	0.18119695531797236
193	69	0.17920384879235898
193	79	0.1753683184848318
193	36	0.1705372944779614
193	4	0.16988670582816154
193	31	0.16633014335420193
193	169	0.16599953101371018
193	116	0.1643361809715156
193	167	0.16098720289771748
193	97	0.1603247539587356
193	84	0.15500049013523146
193	158	0.15164135881362312
193	115	0.14394330219919005
193	14	0.1397396195454949
193	189	0.1372189046332291
193	173	0.13527566068106442
193	72	0.12402809146099793
193	126	0.12289562084592648
193	43	0.12262968992839562
193	75	0.12124065431133076
147	148	0.7091192328581812
147	187	0.6877427771563318
147	77	0.6597608353170354
147	184	0.6042662089621099
147	185	0.5771842796937023
147	78	0.6821370493174729
147	188	0.585374423476372
147	76	0.5786694596508134
147	194	0.5395495843279956
147	73	0.5113012251796499
147	135	0.4841647486482159
147	63	0.4289751258688273
147	189	0.4160122835878354
147	175	0.3846791959868174
147	186	0.3784248960857173
147	84	0.3730400878558209
147	43	0.3586624130730989
147	164	0.35848812831885485
147	7	0.35818306986372034
147	90	0.3579128113483264
147	45	0.3563598444301797
147	161	0.34968954220078
147	82	0.3391130613611669
147	85	0.33495581906137545
147	159	0.32913691298318304
147	92	0.32366000100529085
147	74	0.3208102009186373
147	68	0.3198140869075813
147	196	0.26891140450555945
147	160	0.2668785768129419
147	75	0.2638109260473271
147	65	0.258079716434638
147	8	0.2543703578065817
147	163	0.24839355254507714
147	56	0.24453321763222294
147	116	0.2393646135287763
147	58	0.22505074650927984
147	94	0.22284710288682905
147	86	0.2064304253277282
147	170	0.19729843557242008
147	167	0.19055209144044905
147	101	0.1885371800360239
147	180	0.18838286278513536
147	6	0.18566150075387727
147	38	0.1830436042097794
147	110	0.17636646116943094
147	166	0.1675550271968598
147	1	0.1656688813516979
147	190	0.15428794799832268
147	126	0.14539232732867768
147	54	0.14410977577929554
147	114	0.13414652995336046
147	10	0.13173983225007432
147	60	0.13078654545268856
147	102	0.1307079130397691
147	107	0.12633142262709784
147	49	0.12516023906849433
147	66	0.12440222828202947
147	91	0.12274788362363932
194	90	0.6048372743537908
194	159	0.4833144932599792
194	78	0.5258488484026814
194	196	0.5241828254912493
194	187	0.4998528773227058
194	175	0.4985915721950519
194	92	0.4958288676660075
194	91	0.4935479148177078
194	164	0.4476120466481401
194	148	0.4454263545700585
194	68	0.438377053594505
194	185	0.4369218208670252
194	94	0.43141177449594303
194	180	0.4174418487410592
194	184	0.3999588978329525
194	82	0.3887528436523831
194	1	0.3699110112388089
194	73	0.34244524431461243
194	195	0.3224419334731264
194	6	0.3161376279489083
194	93	0.3089100237609628
194	8	0.3074167158894057
194	74	0.2933063417293449
194	160	0.28396537838074715
194	189	0.282797365928206
194	76	0.2757070891360724
194	190	0.26703646153858285
194	135	0.26670210045969617
194	85	0.2574729080679143
194	102	0.2564548813717503
194	77	0.2537248905719448
194	84	0.2514405591224457
194	173	0.24813081009809995
194	63	0.2441194836009597
194	105	0.23865745827406706
194	38	0.2346738300257324
194	43	0.22784946919591034
194	60	0.22157326877703346
194	107	0.21682303872932845
194	45	0.2150974555456436
194	4	0.20267445020431213
194	40	0.20097654905393264
194	133	0.19172751927994186
194	170	0.1869163859172164
194	161	0.16359661359435745
194	101	0.15903841179424105
194	0	0.15393649821022048
194	165	0.14807333190920174
194	188	0.14283653588006034
194	65	0.142650407263403
194	132	0.13538364612828954
194	162	0.1328991721367068
194	110	0.13131727115368572
194	174	0.13071774218133606
194	21	0.130108286885558
194	143	0.12742355384385462
194	24	0.1213687413832788
196	145	0.5772509616754283
196	195	0.5664024377302704
196	93	0.5575079993464793
196	175	0.4748702794739255
196	180	0.4576226149286776
196	165	0.442753086716242
196	91	0.4118275119454491
196	60	0.3859479804712324
196	92	0.37872473446957344
196	185	0.3762379642478261
196	174	0.3690388881991632
196	1	0.3483459170233151
196	164	0.3337389691220416
196	170	0.31409303480400896
196	159	0.3072718295701191
196	187	0.3054867508008272
196	90	0.30286414374371484
196	160	0.2973317227098231
196	68	0.2887114784827405
196	63	0.2886198112682892
196	94	0.2775263502976838
196	78	0.2728402927283833
196	41	0.26767714054295977
196	74	0.2632619024171313
196	85	0.2625637448212613
196	6	0.2624054575099157
196	66	0.2506066406223437
196	105	0.2432070743249522
196	65	0.23786514382455465
196	38	0.2227520668524218
196	4	0.19824010505761666
196	190	0.18409687323948012
196	167	0.1830436042097794
196	82	0.17780005033352372
196	107	0.17161480797062814
196	0	0.1618442744022827
196	101	0.1608995341468897
196	102	0.16033449690284765
196	8	0.1583267933511323
196	133	0.14878724884309855
196	131	0.1485623328086441
196	28	0.14518676023030266
196	135	0.13960235066350346
196	184	0.1384059238437141
196	73	0.1266069441779932
196	45	0.1213884467280162
175	180	0.6244155431422492
175	166	0.5019353870619665
175	68	0.5015837155175656
175	172	0.4818646611961857
175	92	0.4280526212990993
175	91	0.4178381256132025
175	69	0.4071415553432373
175	187	0.3936229133257032
175	65	0.39220227272826463
175	78	0.38685822147409604
175	63	0.37324667121880895
175	1	0.3569097157342436
175	77	0.35394797720961146
175	195	0.3487061141591777
175	165	0.3344585552633756
175	164	0.3283966257380302
175	185	0.3036995221879434
175	102	0.2997455388372763
175	82	0.29495062035611896
175	6	0.2919896677260493
175	90	0.2913034610553137
175	184	0.290763434350892
175	76	0.28474664873121897
175	148	0.28262255166381045
175	84	0.2821348126696341
175	8	0.27724943351301284
175	85	0.2769909362822165
175	159	0.271877439360471
175	73	0.2682526213105598
175	150	0.2491252851272925
175	110	0.24646905895752225
175	114	0.2454168055645187
175	4	0.24187060621559095
175	146	0.2393080504415847
175	93	0.23749717584016736
175	107	0.2310325846272578
175	170	0.2230656696891789
175	105	0.2147827012972088
175	140	0.21280731829315264
175	145	0.20822961154476666
175	101	0.19676017509453456
175	94	0.18785232632608892
175	0	0.18447362842328535
175	10	0.18386499699698308
175	189	0.17735455584346566
175	117	0.17698648381768872
175	168	0.1752423136390248
175	86	0.17494181738338813
175	167	0.17227470374357945
175	75	0.17168274553941867
175	188	0.1705955489036899
175	135	0.16980901369184376
175	157	0.16270110180835234
175	133	0.1626718958152616
175	2	0.15693232492789225
175	104	0.1554201313248587
175	163	0.14684072898845682
175	40	0.143913923662561
175	56	0.1371600338902764
175	54	0.13554071012766356
175	74	0.13316439382208373
175	160	0.13027540539927876
165	174	0.4752032456972244
165	60	0.4649279779718898
165	164	0.4589813443708046
165	195	0.4341668011106507
165	137	0.4312652640218348
165	145	0.34686011658395594
165	180	0.3374836422043841
165	168	0.2880330158505976
165	45	0.2818402581031835
165	93	0.2515529690476038
165	92	0.23563742579560434
165	63	0.2132464432764643
165	91	0.21255907917192687
165	68	0.20952071239807607
165	170	0.2074928804350255
165	66	0.19309494766711932
165	187	0.19144816399342351
165	171	0.1914385304989756
165	97	0.1866461543471709
165	62	0.1765989860917929
165	173	0.17043049160143495
165	41	0.17022658408251826
165	65	0.1597790992808515
165	43	0.14517697100804378
165	133	0.14427624120284102
165	82	0.14159222171796634
165	67	0.13889631176667416
165	1	0.13303669687044542
165	28	0.13293846544020574
165	17	0.13093397679120686
165	172	0.128987419229764
165	14	0.12881040991769788
165	16	0.12803343879072346
55	158	0.7622652965108815
55	160	0.4025681461062744
55	190	0.3797692637747767
55	159	0.3495403214033628
55	63	0.3111877738024729
55	74	0.22401569916054828
55	82	0.21651806149302885
55	105	0.2132941690652783
55	1	0.2106104068695867
55	169	0.21029502268673111
55	167	0.1982208909642242
55	0	0.1957890841541624
55	131	0.19166972418165548
55	107	0.17920384879235898
55	10	0.17418558596426892
55	4	0.1725269760091382
55	2	0.16657321681238008
55	6	0.1636258105354937
55	92	0.16342142593078626
55	102	0.16223377173868125
55	143	0.15748823732040498
55	185	0.13221147180563614
55	134	0.1241757812671168
158	190	0.4140670911095172
158	160	0.3953960731153029
158	159	0.2864365730122833
158	169	0.27029310298510834
158	105	0.2327736306023693
158	63	0.23074857776787425
158	92	0.21706127275317805
158	167	0.2108588605056834
158	82	0.19976713681626584
158	74	0.19420182287972215
158	6	0.17767415709586262
158	0	0.1690319763801649
158	143	0.1614839444618988
158	107	0.15389744582759707
158	1	0.14385516582831268
158	187	0.13634555604101012
158	31	0.13185774773940018
158	90	0.1302557447816805
158	94	0.12864322691906313
158	91	0.12798425810399824
158	57	0.12208792436539355
190	160	0.4598334046889112
190	82	0.4403057322904885
190	76	0.4070330989554163
190	185	0.3989419664001576
190	74	0.3977557080227616
190	135	0.35432404990571426
190	63	0.3467369542756143
190	54	0.3425688207649121
190	78	0.3418360158927018
190	159	0.3387058968029259
190	90	0.31955372427181844
190	91	0.3170913684078661
190	93	0.2957903560541091
190	94	0.2865375447803157
190	6	0.28035747518165505
190	105	0.2674357530221875
190	195	0.2404107372353741
190	187	0.2310325846272578
190	107	0.2266640264109579
190	169	0.21946122361102144
190	85	0.21309371391401985
190	36	0.20628681290998446
190	31	0.20519506848476912
190	110	0.20255937663809967
190	68	0.19015694773226804
190	1	0.18954001492095468
190	115	0.1873023819429073
190	7	0.18542976327867894
190	32	0.18499519993527128
190	8	0.18252164534721155
190	170	0.18000707450064654
190	84	0.17625988066631473
190	184	0.17438920698317278
190	2	0.1643167210351663
190	102	0.1626134829739453
190	0	0.1624479737347776
190	92	0.16181506006752094
190	116	0.15194421608543032
190	41	0.15124076192147465
190	73	0.1505176077077519
190	61	0.14632211664154182
190	38	0.1397396195454949
190	75	0.1394552709071512
190	117	0.1341072495542682
190	79	0.13147450877254904
190	69	0.13105191769279076
190	167	0.12662662354179344
190	186	0.12649870589603535
190	141	0.12635110338480238
190	37	0.12521929871978166
123	138	0.7618879813039355
123	34	0.5912657960673033
123	150	0.5149405443034221
123	126	0.4819107282511427
123	136	0.4816650065104294
123	128	0.4723337405399817
123	127	0.4407489968753887
123	144	0.4361366620090537
123	24	0.4304997842742328
123	130	0.4226138837415189
123	120	0.379640890166943
123	2	0.363714437672964
123	125	0.3596292387814654
123	37	0.3283877041521703
123	134	0.3211779556605915
123	44	0.3182242260526805
123	141	0.3168035142288414
123	26	0.3016465640964635
123	30	0.2887481438865798
123	27	0.287023955870779
123	155	0.2550716956662112
123	33	0.25244264121884363
123	118	0.2485155276892679
123	137	0.2469574078863451
123	140	0.24510665616232785
123	56	0.22429112817999766
123	28	0.2042657256662221
123	42	0.20265527166522995
123	69	0.18399059917025015
123	178	0.18258931249197927
123	21	0.1803166878406506
123	35	0.17707366324940016
123	132	0.17177009144270178
123	72	0.1633143617284636
123	172	0.161892964329775
123	73	0.1618442744022827
123	153	0.1552737512259776
123	117	0.1503710027313914
123	16	0.13975922894746268
123	17	0.137778128287273
123	104	0.13122882208889775
138	150	0.6086536838758361
138	136	0.5779906147132702
138	144	0.5496572161815045
138	34	0.5414325149159932
138	130	0.477669139470664
138	127	0.4117693824027617
138	24	0.4105312591815589
138	137	0.4066492380442838
138	140	0.3664792211243148
138	2	0.3535017890823206
138	172	0.3482580484505328
138	128	0.34169470446293576
138	141	0.33204952510079416
138	44	0.3316045797094798
138	134	0.32989461937856496
138	155	0.32913691298318304
138	37	0.322477774258826
138	125	0.2956625996353303
138	126	0.2844709493843396
138	26	0.27692630570769106
138	153	0.27249780164460063
138	27	0.2710622918060747
138	42	0.269903743318524
138	69	0.2651501978139358
138	30	0.2648061767913933
138	120	0.2599455406040581
138	118	0.25477249095683285
138	28	0.2441100795212256
138	72	0.2418517761523077
138	146	0.23610016508135614
138	35	0.2300952128303104
138	178	0.2169850406772685
138	132	0.209348607716432
138	21	0.2014083337664452
138	149	0.17219707695977854
138	33	0.16603842852163886
138	171	0.15714689941020893
138	56	0.1549321711547157
138	32	0.15093783859682908
138	40	0.1487090189237298
138	163	0.14710489671466426
138	104	0.135000774137544
138	73	0.1344607579605243
150	172	0.5400031148541341
150	140	0.5264852187899314
150	69	0.476665134728391
150	134	0.4520947191551041
150	141	0.4450976404584384
150	2	0.4300434591471132
150	136	0.4264994951991425
150	35	0.4166653465091649
150	30	0.4086170877582691
150	42	0.3981344458854117
150	144	0.3975789172749448
150	166	0.3580784607813025
150	32	0.3484162074741013
150	24	0.3402365298700893
150	34	0.3175500152599743
150	146	0.31344391931351395
150	37	0.31019395562646096
150	114	0.28906893003253026
150	104	0.25207745892617234
150	130	0.2481871151258365
150	171	0.22636044490767626
150	155	0.20807654397774064
150	128	0.2067654863734932
150	44	0.1913614612156944
150	72	0.18827676427830686
150	110	0.18522697606646815
150	157	0.17878762577319385
150	10	0.16972160751536944
150	54	0.1666801627223515
150	61	0.1639372267291518
150	127	0.15526399231020305
150	153	0.15166089885232487
150	67	0.14767229712659022
150	125	0.1411708168804686
150	100	0.13029506591442544
150	21	0.1295773908470259
150	40	0.12527835748362662
136	44	0.5534492484533451
136	155	0.5285133184471386
136	149	0.4796118140369349
136	144	0.4645594917504417
136	42	0.4526594211571599
136	34	0.4517286622865702
136	120	0.4293504027465502
136	125	0.4096911323938517
136	48	0.3891941674361568
136	153	0.3812316884165914
136	130	0.3686155446337195
136	27	0.3659250477129225
136	18	0.3636884060346945
136	46	0.352792806676927
136	137	0.3502423821857191
136	146	0.34939108287093873
136	17	0.3372266466699088
136	21	0.3314354617597445
136	33	0.3293687270523851
136	154	0.3156965317250294
136	72	0.3065109427787433
136	37	0.2915779797446781
136	178	0.2770832613267105
136	50	0.2759288310034618
136	157	0.2606820075817929
136	47	0.2599828373488701
136	28	0.2544638849993224
136	16	0.2532008669095824
136	53	0.24547319096966824
136	171	0.2414468857512736
136	172	0.23384212167158036
136	132	0.2235027359961093
136	128	0.21558380602412935
136	141	0.20815307903571306
136	119	0.20752158865745146
136	49	0.20471607188888108
136	151	0.2046490045348133
136	62	0.19034007077755533
136	24	0.18296628347458244
136	67	0.18079071400716898
136	40	0.1801909117270488
136	30	0.17405952739087932
136	35	0.1726434017312959
136	118	0.16972160751536944
136	127	0.16862394759659047
136	69	0.16068522206936986
136	39	0.15820979921371622
136	117	0.15286238285336395
136	26	0.15137755669659916
136	173	0.142885515416417
136	134	0.13241779530076514
136	32	0.1253964723473689
136	140	0.12274788362363932
144	130	0.601580256607078
144	34	0.4883109313377886
144	155	0.44717213449137583
144	44	0.4461555105941708
144	42	0.4274807103595483
144	125	0.38139406250918095
144	40	0.3736941415293994
144	53	0.3548486110045942
144	27	0.35032133942126553
144	24	0.3399623868419345
144	127	0.327245257824305
144	157	0.3237405706364657
144	33	0.3197961324137453
144	149	0.3032183284815828
144	37	0.3023463386228209
144	141	0.296018466197478
144	153	0.29568085119994525
144	21	0.28924304390676303
144	72	0.2841860106193823
144	140	0.2757625273549833
144	47	0.2611013785592901
144	118	0.24474005127299736
144	178	0.23396500925724706
144	49	0.2287120471119449
144	134	0.2272900241285219
144	146	0.2262276141662191
144	30	0.22402519730893594
144	137	0.2097310449351344
144	132	0.20231962207722698
144	28	0.19635640186868167
144	128	0.19474064419006676
144	2	0.1855359788500604
144	62	0.1748642646693341
144	35	0.17081884648473014
144	172	0.16710790712256113
144	7	0.14970631064571455
144	69	0.1491588155118896
144	129	0.14629275881753426
144	126	0.14311081226614467
144	171	0.1427875556440919
144	50	0.14264061074081547
144	120	0.14216054693418315
144	26	0.13488295925457958
144	48	0.1341956298594155
144	46	0.130894662333575
144	71	0.130108286885558
144	18	0.12259029125679285
155	125	0.7041527319603559
155	21	0.6598229495293471
155	149	0.5626552667449419
155	157	0.5321716743818685
155	47	0.4498482398285549
155	53	0.44972858627139256
155	153	0.4342398331837177
155	18	0.4245422491871786
155	44	0.4232871962129448
155	46	0.4210848842568372
155	154	0.4133459943784071
155	28	0.4047612278681625
155	48	0.4040000345088015
155	130	0.3975957557611409
155	50	0.3757914855402895
155	132	0.3740812351185617
155	72	0.3724287288590205
155	42	0.3647812454021525
155	49	0.3618995430210689
155	27	0.3510755684688126
155	17	0.3437422054416317
155	120	0.3305361089673373
155	146	0.3284858383736403
155	178	0.3227465506739693
155	33	0.3222358310159697
155	118	0.3031002762049325
155	16	0.2981337152449887
155	119	0.2935348178186888
155	129	0.2901865910865993
155	173	0.276806270850305
155	117	0.2756701293044486
155	137	0.27393209935891083
155	14	0.26586591698411605
155	34	0.2630199056339742
155	152	0.22664505385656986
155	171	0.21199566558334587
155	128	0.2020606599093341
155	26	0.20089018273357565
155	126	0.19838420590066294
155	195	0.19457708584303945
155	174	0.19432691685562406
155	127	0.1928157448813348
155	69	0.18190289420964026
155	40	0.1807036542662452
155	43	0.1803070129642846
155	70	0.18009415686040334
155	62	0.1751744624976025
155	91	0.173952857988057
155	172	0.1586485042974989
155	176	0.15757600384712994
155	67	0.15553723049028198
155	131	0.15243263541608165
155	133	0.15098669911648727
155	32	0.1372090929100438
155	71	0.12630190130407284
155	39	0.12601651698852362
155	15	0.1231615341159009
50	173	0.6769324374676102
50	38	0.4483394257109378
50	33	0.4269329892052315
50	66	0.42450126012320055
50	41	0.41895180198849613
50	47	0.3835283694554247
50	149	0.374794865861828
50	153	0.3711446849746949
50	174	0.3587931102317123
50	178	0.3108625990069721
50	97	0.30680085066709306
50	43	0.3065924851228733
50	53	0.30442555891562795
50	157	0.2682526213105598
50	36	0.2672779045672127
50	94	0.26166970187366834
50	67	0.2612038764827309
50	164	0.2599641890734222
50	44	0.23433362714955244
50	49	0.23002891782911505
50	46	0.22203916174774266
50	93	0.2213830792940755
50	21	0.21845204224663475
50	91	0.2183091957611544
50	18	0.2172804252212158
50	125	0.2120529683246676
50	71	0.2059421068555881
50	72	0.1917082543949052
50	62	0.1888650732733595
50	176	0.1814774191949231
50	60	0.17996837032386093
50	171	0.1769283626534861
50	48	0.17599825645922607
50	79	0.17591104286277678
50	195	0.17066351089310658
50	42	0.16449185585604442
50	132	0.1512700755754213
50	139	0.14923703471017646
50	64	0.148396080641792
50	45	0.12637078404303978
50	154	0.12512086547481271
47	153	0.6049323915042504
47	46	0.5104735519685762
47	48	0.4846928254502062
47	157	0.4843484675757136
47	171	0.470934130594573
47	49	0.4673074870935378
47	154	0.4648966237097956
47	42	0.3872238071448256
47	149	0.3811975013992928
47	18	0.3742360360747417
47	67	0.338759012422356
47	53	0.3385199751351294
47	168	0.3030094604303501
47	178	0.3019192422176683
47	15	0.3007008980458325
47	146	0.29839791611856964
47	44	0.29244697194085834
47	43	0.28924304390676303
47	14	0.2810115386550638
47	82	0.2759380696107717
47	16	0.26554992122521826
47	72	0.2562399955950043
47	21	0.2558101480692815
47	125	0.25556714600881725
47	33	0.24717336838483545
47	62	0.2466850748989113
47	17	0.2377330606026289
47	173	0.2112410436669964
47	137	0.20898523302559785
47	97	0.20274157386661126
47	189	0.1846185198349645
47	70	0.17277922564335155
47	176	0.17121685516549226
47	69	0.16194165346901795
47	130	0.1594380154966566
47	71	0.1579075438048464
47	118	0.15683478617297975
47	115	0.15640557932833762
47	91	0.15634704654143125
47	41	0.15487361084907295
47	79	0.1508010252190356
47	170	0.1437572338507106
47	119	0.14225852457889054
47	152	0.1420037769090557
47	169	0.1380920399364641
47	54	0.13471604830906084
47	68	0.13466695539910525
47	0	0.13425454887691993
47	174	0.13358674452697408
47	132	0.1334295964363809
47	151	0.12911525417739936
47	27	0.1288202439838132
47	172	0.1271677669335056
47	45	0.12410686004187085
178	72	0.4845321437958657
178	97	0.3968124829788893
178	42	0.3961972507790017
178	62	0.3521710195971361
178	33	0.3235257078559375
178	67	0.30409888610015223
178	61	0.2793067441731329
178	171	0.2654941513423437
178	125	0.2581263855753794
178	34	0.2536968216479025
178	32	0.24194592464683304
178	137	0.24048611199973485
178	149	0.2373933776688296
178	44	0.2356940934945684
178	35	0.21946122361102144
178	21	0.2132178073146445
178	71	0.211699578204656
178	46	0.19936386390625474
178	93	0.19732726760157565
178	69	0.18946288778500545
178	28	0.1885371800360239
178	64	0.18542010710274495
178	126	0.18096482498850308
178	146	0.17642459424648016
178	172	0.17351644067385855
178	36	0.17211944803721135
178	31	0.1706926369629566
178	37	0.1685753688888394
178	153	0.1681575582202261
178	53	0.16736063562262238
178	133	0.16465725144238322
178	41	0.16441401943758535
178	30	0.16416103694102474
178	128	0.16269136650899854
178	79	0.1624674458846274
178	173	0.15702986062145613
178	91	0.15556650459877472
178	40	0.15300887445709316
178	195	0.14866012427883227
178	163	0.14092579053781576
178	18	0.13920031808959424
178	174	0.13737588854085778
178	151	0.12146726715001704
125	21	0.6096348349584647
125	28	0.4912601522526143
125	120	0.4837512249451366
125	132	0.4675028701915978
125	128	0.4478279242859856
125	157	0.4397815972971639
125	17	0.4381508346765589
125	149	0.4242634892417503
125	53	0.41825899565378294
125	126	0.4110217041425768
125	129	0.3994127345499797
125	48	0.3977725436967644
125	16	0.3901017140061829
125	154	0.38407409526155134
125	18	0.3818981267806507
125	119	0.3696520327537511
125	130	0.3631329291416897
125	46	0.3596988901222732
125	117	0.35571364847285125
125	33	0.3551282856258055
125	127	0.3451259483679065
125	49	0.3342187364944557
125	26	0.32687018386774924
125	27	0.32322126179942484
125	146	0.3113864558745084
125	44	0.2970308672315633
125	153	0.2870331320169285
125	133	0.2846455644373872
125	34	0.2780892721963933
125	118	0.2572768188510497
125	137	0.2561372151812967
125	42	0.2415316372154993
125	14	0.23608127985794164
125	24	0.22245742824595788
125	69	0.21953736921568487
125	70	0.2165943097664597
125	173	0.21067730091123305
125	72	0.20366193447239014
125	176	0.1807810408425039
125	45	0.17174097644160735
125	39	0.15488337097560342
125	195	0.14976496540001816
125	91	0.1473299119318566
125	131	0.1433067105155837
125	40	0.13485350493778278
125	171	0.12964621490163528
125	164	0.12664630280591666
125	43	0.12384100981842668
125	152	0.12344712496607985
21	28	0.6128294361831753
21	132	0.5609717290376544
21	53	0.3952526409448447
21	149	0.3833577751741854
21	27	0.3539742185558443
21	26	0.3402188449676759
21	48	0.3320317301203627
21	157	0.3314710673090753
21	42	0.325288384440659
21	131	0.3174870725218078
21	130	0.3040444336746339
21	49	0.3013647448538369
21	18	0.2951149523734539
21	16	0.2944757854230244
21	39	0.2902781676031017
21	129	0.28093785439751945
21	133	0.27560544763781136
21	33	0.27197930540597776
21	46	0.2696070290714908
21	44	0.2628244225283583
21	146	0.2596751160142789
21	117	0.25473508693655805
21	137	0.24462723568340336
21	72	0.2405237982943909
21	17	0.2239587093766285
21	128	0.2194231498059596
21	154	0.2137809139296542
21	174	0.21040971291233854
21	173	0.20979796485477756
21	69	0.2025497869216858
21	195	0.19228613662180166
21	34	0.18901936140715614
21	40	0.1889904330926941
21	126	0.1789812258449272
21	91	0.17836165689783604
21	153	0.1689445465131546
21	180	0.16545491171578033
21	45	0.16440428974128654
21	120	0.1626232185266652
21	71	0.16165924549293376
21	119	0.15745898125853602
21	118	0.145862147818768
21	14	0.1447853788300266
21	43	0.14340465543031294
21	143	0.14218994052018294
21	62	0.13687547831337424
21	164	0.1356585036571077
21	172	0.1261542913342079
21	57	0.12156579052325325
149	18	0.5902371964872777
149	137	0.4554378559849723
149	46	0.5454982973239666
149	153	0.5327735115840667
149	14	0.4495131691855909
149	43	0.4469080832986659
149	44	0.4352211543674209
149	173	0.4339801376606084
149	152	0.4324123202387105
149	118	0.40693297517869137
149	33	0.4047110565488735
149	17	0.401528583484738
149	157	0.39915215675920107
149	49	0.3973094650815663
149	120	0.3945605209920783
149	16	0.3941551696963806
149	154	0.3715067741922412
149	48	0.3494261994149921
149	119	0.3367125048163181
149	15	0.3292884882123194
149	53	0.3026007213545266
149	129	0.3007736626128408
149	151	0.2857387761338499
149	176	0.2666835229608133
149	164	0.26465739005852235
149	72	0.2605608376403685
149	146	0.26015998629177217
149	45	0.25522127970900105
149	42	0.2461496861855445
149	132	0.2421436216548148
149	174	0.2288257668862499
149	71	0.22326521109744096
149	171	0.21762340249644352
149	127	0.2085357160747498
149	148	0.20741632342802066
149	189	0.2053674832118462
149	28	0.19896052345623397
149	64	0.1913614612156944
149	117	0.18104220400667687
149	7	0.17917481205684552
149	131	0.17133333494635775
149	130	0.17013919068194655
149	168	0.15081079779480602
149	34	0.14790705509618188
149	27	0.14491265126900515
149	70	0.1315039900898652
157	153	0.4551604100447494
157	53	0.4518162114696084
157	49	0.411337458050644
157	154	0.37504410211969663
157	18	0.35114570617439017
157	180	0.3218593911820273
157	48	0.3124155539804931
157	146	0.3091361499423957
157	46	0.3072446617990081
157	14	0.3022100444389079
157	119	0.29294071029607743
157	173	0.28851897122070824
157	43	0.27636299040856144
157	171	0.2746441691507314
157	130	0.274339033215036
157	91	0.26961630216698823
157	189	0.2657172202097704
157	176	0.2634480312486706
157	132	0.25872364411839743
157	168	0.2565483020650017
157	70	0.2455013830494233
157	17	0.24542620324737036
157	28	0.2158793785842572
157	139	0.21126970480199972
157	40	0.20644957297826244
157	82	0.19399011099443644
157	16	0.1910724303942088
157	69	0.1885371800360239
157	114	0.187061141197262
157	118	0.18534285640629264
157	42	0.18485998768560813
157	188	0.1816514853773465
157	140	0.17162451343754864
157	172	0.170896511096973
157	102	0.1675939039487937
157	15	0.15774177827129282
157	129	0.15529326896660672
157	72	0.15306746921615197
157	120	0.1517195182571438
157	44	0.14935436000539634
157	134	0.1480342087059634
157	105	0.14795596090961805
157	7	0.14779945976072806
157	133	0.14669396008676314
157	152	0.14377682047154794
157	45	0.13644369569152728
157	117	0.13477495892799748
157	27	0.13210339302031446
157	170	0.13128778836431768
157	0	0.1264396655633503
157	131	0.1243234655714891
157	101	0.1239788603041102
157	127	0.1230925953351151
157	67	0.12155593829369092
63	187	0.5640001098696505
63	76	0.5511628404736343
63	82	0.4657506101556827
63	160	0.4436209586661295
63	74	0.4407973400162044
63	185	0.4350509164759596
63	78	0.4275297447163512
63	77	0.4222524016448929
63	65	0.3938426066974503
63	167	0.3912964831598503
63	159	0.3698419559279096
63	85	0.3518731522477244
63	75	0.33843143171540946
63	92	0.3307320588088535
63	170	0.3175140483236291
63	135	0.3100674209728629
63	73	0.30662872472034514
63	188	0.3052872682714874
63	91	0.3023099947156416
63	54	0.2990263481198285
63	184	0.2955622121718557
63	90	0.2942474476148427
63	148	0.2712383225325036
63	166	0.2573795348939581
63	104	0.25677249216944537
63	186	0.246872894924692
63	93	0.2468259416564691
63	84	0.2466193335106317
63	68	0.245924214390241
63	163	0.223521736841712
63	169	0.2234077292202983
63	4	0.21975627292759856
63	107	0.2141721416820957
63	1	0.21383817105840694
63	116	0.2112792584329338
63	102	0.2111455039269764
63	60	0.2105148405315269
63	180	0.20840180036623854
63	94	0.20419864542124572
63	7	0.1964813864188284
63	10	0.19357625832827435
63	0	0.19354738231362534
63	164	0.1872927327466573
63	189	0.18440600968659554
63	6	0.18406788982917832
63	101	0.17629863769122042
63	8	0.17585289893085704
63	161	0.17096446589071007
63	110	0.1705372944779614
63	105	0.17025571462104785
63	115	0.1608508281880964
63	66	0.15567384065846446
63	15	0.14423707360217472
63	14	0.13651239185354738
63	114	0.1312681330423777
63	117	0.12166431150110428
63	195	0.12111256320168536
2	134	0.750893283625167
2	30	0.552907933617777
2	104	0.6357213255868558
2	10	0.5718651598200547
2	114	0.5002203593661919
2	140	0.4788106432966438
2	110	0.4764796438280213
2	141	0.4714864827571999
2	127	0.4044350707426711
2	24	0.3787932577993489
2	32	0.3746659292928019
2	100	0.33498245293171075
2	166	0.3289585674670401
2	7	0.30063722617780936
2	37	0.27297912077185904
2	102	0.2676678570286259
2	172	0.2428401079121053
2	4	0.2205270183805689
2	54	0.21952785116135431
2	107	0.21334189383613986
2	1	0.2085357160747498
2	135	0.202568966315664
2	26	0.1983745994445371
2	163	0.18902900410573945
2	116	0.17476732072555992
2	84	0.17339035186454024
2	69	0.17325455755904506
2	101	0.16527983406253474
2	74	0.15309676619210685
2	35	0.1516902086881142
2	128	0.14730056298523458
2	73	0.14665482062184013
2	59	0.1433067105155837
2	90	0.14111201213442065
2	0	0.13529529463785442
2	85	0.13358674452697408
2	159	0.1284071914153062
2	34	0.12755144094560678
134	104	0.6599810177511217
134	100	0.4513704159401367
134	140	0.555485389650817
134	30	0.5485116663772857
134	10	0.5468245241542611
134	114	0.5372630059322221
134	127	0.4910628745589152
134	141	0.4811425962861554
134	110	0.4270883449636457
134	7	0.3982270056173344
134	32	0.3396085685166228
134	24	0.3268880468686272
134	102	0.2624520140678355
134	135	0.2374783038486996
134	84	0.2240726874124959
134	166	0.22402519730893594
134	37	0.2220106405994473
134	86	0.2063442589439432
134	172	0.19478874752571795
134	54	0.19153486378336831
134	4	0.17976516425601508
134	107	0.17792593775152513
134	130	0.15936004814080895
134	26	0.1560055834096479
134	35	0.1547272053243188
134	163	0.13928857307812484
134	153	0.13337066417208546
134	79	0.12911525417739936
134	75	0.12492399159702715
134	139	0.12141800456571801
30	42	0.3598381807780046
30	35	0.35137362650079995
30	32	0.3410762853363063
30	172	0.33024213077115305
30	69	0.324205992105414
30	61	0.3219131745352606
30	57	0.2858397918270909
30	141	0.2787903503211441
30	37	0.2767601012969215
30	31	0.2693195383172849
30	140	0.2473611401650873
30	10	0.24586784228166605
30	104	0.24030709220036398
30	100	0.2333221300220673
30	67	0.2291195140578012
30	24	0.22400620096960586
30	114	0.21394313864494094
30	34	0.2027895181732674
30	166	0.2000263479634455
30	7	0.18089711650966572
30	171	0.17877794540603814
30	74	0.17005179460490624
30	167	0.1680117960893267
30	28	0.1610846096413192
30	59	0.1589116972932688
30	79	0.15595679991626646
30	130	0.1519930613620617
30	127	0.14863078714297973
30	62	0.14388454487225202
30	73	0.14110221124659045
30	146	0.14082777516469694
30	54	0.1371305981554099
30	161	0.1360314911843077
30	135	0.12414624374582993
30	90	0.12298426056525208
30	162	0.12259029125679285
104	110	0.649058426193225
104	10	0.6367926436354681
104	114	0.5883638787175667
104	102	0.5297013928714224
104	140	0.4662672816618485
104	1	0.4323391456284864
104	107	0.3769502509983629
104	7	0.33887408885698983
104	127	0.3346095300485216
104	141	0.3213124758869626
104	100	0.3197512451743598
104	135	0.2964563430189107
104	76	0.2946219039791252
104	4	0.2921908980436917
104	166	0.2760304528794317
104	84	0.2672686189171772
104	0	0.2615765465396738
104	8	0.2545387033265762
104	85	0.24347049446900776
104	70	0.2383556615984043
104	75	0.2304645315852624
104	77	0.22600937396920145
104	65	0.21098307711032435
104	90	0.2085357160747498
104	32	0.2043711336038268
104	73	0.19799030996440575
104	101	0.18492759468559636
104	116	0.17317695785498766
104	188	0.16597035754376438
104	163	0.16593145913192908
104	82	0.15999347528245114
104	24	0.15901891759656564
104	54	0.15675675296609287
104	78	0.15304793774936462
104	139	0.15226658118504482
104	74	0.15054692790884
104	14	0.14064153835157694
104	86	0.12941024151768174
104	91	0.12773834523345798
104	180	0.12473695230049425
104	92	0.12442191871474816
104	94	0.1243530017715962
104	189	0.12163475545937645
100	101	0.4284282619459443
100	0	0.3573459455779637
100	114	0.3375102250789749
100	140	0.3232570824569227
100	141	0.32118692407899463
100	102	0.3187633630532831
100	56	0.30717221196095285
100	65	0.296656994929147
100	139	0.26599601628479635
100	86	0.2619398247684976
100	163	0.2610641051272196
100	127	0.2485155276892679
100	10	0.24689167590743424
100	24	0.21234900925148728
100	64	0.2100369485187128
100	166	0.20865049474455916
100	32	0.2078851951868837
100	79	0.20094776062756545
100	26	0.19966152425590547
100	129	0.19265205976248068
100	84	0.19096644412112249
100	37	0.17676367932149356
100	143	0.17612422677612816
100	185	0.1727501210723248
100	135	0.16925539617417576
100	7	0.16657321681238008
100	85	0.1634700902049838
100	110	0.1560055834096479
100	54	0.15230565354257755
100	1	0.14590129655968773
100	39	0.14527486195127529
100	130	0.14157262262961245
100	148	0.13516767202007485
100	73	0.1322409472925191
100	116	0.12579016286930012
100	27	0.12293501651889832
100	31	0.12126036027761965
38	36	0.6489310889173611
38	41	0.5613485336380308
38	93	0.4292117307268927
38	31	0.3793755383802436
38	79	0.3744853937482473
38	94	0.3671975276403072
38	139	0.3522936501303799
38	195	0.34274533798930706
38	66	0.3402365298700893
38	61	0.32828064055178835
38	174	0.3080413748134881
38	97	0.30270064563641386
38	92	0.28406650522454874
38	173	0.28186787485173725
38	145	0.2760212147820412
38	43	0.2725811166464207
38	40	0.2601413398591229
38	67	0.2600481047856744
38	60	0.24464603874171725
38	78	0.24409127122402066
38	6	0.2255728255236099
38	68	0.2217063913867849
38	160	0.21697551148167069
38	39	0.2148971625534904
38	105	0.19490419170795695
38	164	0.19135182738934767
38	148	0.17183802527825875
38	170	0.1703236847202907
38	185	0.1702654247344319
38	0	0.16082160423675218
38	135	0.155517714266176
38	85	0.15149480474642898
38	176	0.13286970188491715
38	45	0.1321721707927464
38	91	0.13036387691041762
38	90	0.12720711986766975
38	33	0.12413639785650532
36	61	0.6393538010591578
36	79	0.5396771714597817
36	139	0.5378389474208888
36	31	0.5311530588164961
36	41	0.5146465492687836
36	32	0.4391441681735116
36	67	0.3929466517146357
36	93	0.3676732727981232
36	97	0.35920253688572096
36	35	0.35369428213568
36	195	0.3039355228636274
36	0	0.2715718046730283
36	101	0.2396285531149967
36	145	0.2394400284510255
36	62	0.2271951880488153
36	37	0.22149719500579754
36	66	0.2044190447361917
36	85	0.19783657712175384
36	135	0.1857966714125552
36	141	0.18522697606646815
36	39	0.1783326111288447
36	105	0.1680117960893267
36	160	0.16695237097369678
36	64	0.1618053218929001
36	167	0.15139709833413986
36	185	0.1475255649435497
36	94	0.1466058956449473
36	40	0.1337537070125767
36	166	0.13365549470469196
36	27	0.12784654883329644
36	78	0.12562284923108494
36	60	0.12521929871978166
1	102	0.7409713927893423
1	105	0.5590429706323842
1	6	0.558499628725734
1	107	0.5541356291410899
1	0	0.524204582120073
1	8	0.4648966237097956
1	4	0.4488985443787027
1	92	0.4347833369391101
1	110	0.41124606575125777
1	90	0.3620038219384407
1	10	0.3363489385230587
1	91	0.330429215222301
1	180	0.3063840901902592
1	93	0.2953157789077679
1	94	0.29117533590978834
1	101	0.28951792158504525
1	114	0.27840294908732005
1	68	0.261250464500989
1	164	0.26112001498336995
1	160	0.2585276904387749
1	78	0.2333504966470112
1	195	0.2332181156667126
1	82	0.2275839885723265
1	60	0.21040971291233854
1	139	0.19979593943637414
1	85	0.19824010505761666
1	79	0.1920838929894096
1	185	0.18614422080595489
1	70	0.1682547288894653
1	49	0.1663884828289198
1	159	0.16545491171578033
1	133	0.1579075438048464
1	187	0.15685429416878344
1	66	0.15579093034920632
1	76	0.15461007601107815
1	65	0.1437572338507106
1	189	0.13627685669318845
1	166	0.1334787059358467
1	170	0.1302262536632192
1	77	0.13002964032042552
1	143	0.12918408660275452
1	148	0.1257704792830842
102	0	0.6821370493174729
102	110	0.5414466517795441
102	114	0.4876785866744237
102	105	0.4816496463860325
102	101	0.4330056371435872
102	107	0.4140919472540681
102	70	0.4015453588459527
102	8	0.36671293509751135
102	10	0.3626987831136226
102	139	0.3623426658436053
102	92	0.30408981083388004
102	176	0.2891514074103915
102	166	0.2550997436044777
102	79	0.24926597035784676
102	91	0.249022109275146
102	85	0.23999612422600036
102	90	0.22963110300603884
102	180	0.229545846984212
102	82	0.2237497337343499
102	68	0.2222863291119253
102	6	0.21945170522241925
102	94	0.21886148360403268
102	140	0.21530726689229945
102	65	0.19746181255670675
102	76	0.19543324173770352
102	77	0.18914471364476176
102	78	0.18879756928214272
102	159	0.17950387676921514
102	84	0.17751920358916345
102	66	0.17372011057885978
102	160	0.1726142957528808
102	185	0.1723620313177343
102	4	0.17192536637963207
102	32	0.1670690238647788
102	141	0.1668162700266377
102	189	0.1649393754798502
102	75	0.16435564077994647
102	49	0.16383991267556738
102	93	0.16007142645157996
102	195	0.1413668255038079
102	115	0.14091598912478778
102	143	0.13247674276400204
102	164	0.13198548530853307
102	116	0.1266069441779932
102	168	0.12163475545937645
105	6	0.7207144196422839
105	107	0.5931228083678579
105	4	0.3859139381794534
105	8	0.3797179160864443
105	94	0.32574434436685223
105	90	0.31489500795972303
105	92	0.29324236241856866
105	160	0.27668622735374393
105	110	0.2441476955646704
105	68	0.23026567588312344
105	93	0.20442862684514526
105	91	0.18546838762428988
105	0	0.17244935618257876
105	159	0.1670884655586394
105	76	0.1631586251132679
105	180	0.161259933870596
105	185	0.16080212144585745
105	60	0.15365335754749956
105	78	0.15268658406157504
105	40	0.1501950680302288
105	49	0.14917837048650612
105	170	0.14587193504683016
105	85	0.14352218561979976
105	41	0.13862170290596465
0	101	0.6119294488712018
0	139	0.4592023300802459
0	79	0.4443515759228477
0	114	0.3940369133332551
0	70	0.3853946630388826
0	176	0.31155802303221153
0	32	0.2897194682065725
0	166	0.28456285439749823
0	92	0.28277896531113894
0	195	0.2569779754935861
0	110	0.24807450339381704
0	93	0.2463375590004708
0	82	0.23333158560784145
0	10	0.2191375749716092
0	65	0.21569822589824114
0	31	0.21388588421005247
0	91	0.20627723843272572
0	160	0.2041028131733629
0	143	0.19992074679972652
0	78	0.18653033216802697
0	129	0.18448328810026968
0	68	0.18188355591254746
0	159	0.17756762750593216
0	15	0.16797292494666005
0	115	0.16575640989035131
0	169	0.15869724544342706
0	180	0.15847302977104005
0	168	0.15362406569311318
0	171	0.15164135881362312
0	135	0.14298347238937567
0	152	0.13851381501870033
0	14	0.13736607724872724
0	85	0.1360314911843077
0	94	0.13523639244877886
0	46	0.13420544976156654
0	141	0.13120916645738762
0	60	0.1254653710432112
78	135	0.5307293790001623
78	76	0.6018609468173197
78	73	0.5945405342438635
78	77	0.5916299021352067
78	148	0.5848877835435268
78	184	0.5770975816089448
78	90	0.5565699973517676
78	185	0.4954290611595567
78	82	0.4798350750051552
78	187	0.4589892376958307
78	85	0.4513226387614249
78	84	0.4464998509742815
78	68	0.4455465858404284
78	92	0.4139842328344989
78	7	0.4064405577344096
78	65	0.4012517511303801
78	94	0.3893129548689927
78	188	0.3402630567724309
78	164	0.31710036290998583
78	54	0.3111968053960617
78	189	0.3097871980062756
78	75	0.3003370227102174
78	116	0.2977509985042813
78	74	0.2945671111345789
78	186	0.2943661874692613
78	163	0.2911661837139021
78	166	0.28929802326024645
78	43	0.28001652194550153
78	8	0.2775171204808201
78	58	0.2749122732578808
78	160	0.27028383354366925
78	101	0.2680020322235175
78	114	0.267751406868324
78	93	0.26434117641829125
78	56	0.26057015869657996
78	91	0.26018795557691515
78	6	0.25926473886526497
78	86	0.2558755661795216
78	31	0.2509533710914469
78	159	0.2504191919673323
78	110	0.2467508140167913
78	161	0.1967794007275452
78	45	0.19294090861477808
78	60	0.18740852071562333
78	117	0.1857580519416854
78	107	0.16910968958439468
78	66	0.16462806465853108
78	79	0.16407346104351608
78	167	0.15873623780325855
78	170	0.15331160245631853
78	168	0.14285612777856924
78	195	0.1354032795004934
78	49	0.13486332306986445
78	126	0.13277146601575546
78	115	0.12426439251035545
78	180	0.12304335262143674
78	14	0.12233419047841446
78	61	0.1218711977492362
135	7	0.582368966081603
135	76	0.4224413749579808
135	77	0.3721789258020543
135	85	0.36626277805323104
135	148	0.3549185356164944
135	10	0.347458163314033
135	185	0.3448087892673524
135	73	0.3441213411359055
135	114	0.3126862475581964
135	187	0.3051512420908737
135	184	0.30323648954435045
135	31	0.2895637298905449
135	84	0.2840297325579086
135	79	0.28341366624833725
135	160	0.28167454780587897
135	74	0.27776630755018866
135	65	0.2759011148756331
135	166	0.2651037124290641
135	110	0.2607658896537603
135	189	0.2562026215693691
135	90	0.24549198573564385
135	82	0.24305653241714
135	101	0.2425295435705545
135	116	0.2328492945081547
135	75	0.22077435983005536
135	54	0.21654665490516198
135	140	0.21535494851799086
135	186	0.20455319069581773
135	163	0.20133157775521776
135	188	0.20005514747442066
135	159	0.1971062133244892
135	56	0.19632755837387889
135	167	0.1906677315836911
135	170	0.1705372944779614
135	94	0.16875024840258332
135	169	0.16462806465853108
135	70	0.16413184526265087
135	93	0.15842428506990291
135	86	0.15028303657061012
135	143	0.14824938058694778
135	139	0.13554071012766356
135	92	0.13405814846278766
135	127	0.13064893765083874
84	86	0.7306451775559741
84	65	0.5954384565712418
84	76	0.5447392242839734
84	189	0.4660872655507575
84	77	0.5187149081486864
84	73	0.4881357546066165
84	90	0.4160784360884664
84	56	0.40089931300267856
84	94	0.383511311204784
84	85	0.3783563504428714
84	82	0.3682957756810489
84	75	0.35608045012733625
84	188	0.3389714533059345
84	68	0.3331879118225841
84	110	0.3314265602248951
84	148	0.3298678840277743
84	54	0.3223792098735309
84	49	0.31634462600413205
84	114	0.2746071859212479
84	186	0.2702374855848864
84	107	0.26834542287394025
84	64	0.26390396397210464
84	8	0.2626475382661257
84	185	0.2624333915912817
84	140	0.2546696280669542
84	180	0.25367810879450353
84	187	0.24140921725144154
84	116	0.2345226358390513
84	168	0.23213983483875544
84	66	0.22581958144017825
84	159	0.22379723000577914
84	7	0.21940411265279167
84	91	0.21662290218781172
84	45	0.2066984780413968
84	163	0.20622936545396514
84	92	0.2027128068160248
84	40	0.1990565630161164
84	166	0.18917364020893288
84	184	0.18700324005970104
84	127	0.18458954219441487
84	24	0.17912641680398916
84	126	0.1653187411083501
84	169	0.1532432470341739
84	74	0.14956944545518974
84	141	0.1484743180010757
84	101	0.13549162835928066
84	10	0.12501258606037546
86	64	0.37492378793424
86	65	0.5078067624072881
86	189	0.4265240378305303
86	77	0.3958684191676177
86	49	0.3527227617213233
86	56	0.343080654041171
86	75	0.3343519744892876
86	148	0.29460363991283384
86	45	0.2743575278754544
86	73	0.26195845242147264
86	188	0.2574729080679143
86	66	0.2545574074323256
86	127	0.216556185959985
86	85	0.21568869113492167
86	43	0.2107537488285932
86	180	0.2099891537928069
86	163	0.20212780096384506
86	114	0.2020606599093341
86	140	0.20176329813066107
86	76	0.19399011099443644
86	168	0.18833463673607712
86	162	0.1836524257960104
86	101	0.16767165588883648
86	7	0.1662134609118157
86	94	0.15917486770480752
86	169	0.15863875597551286
86	153	0.15504928849940516
86	110	0.15478576835008687
86	40	0.15185629271734966
86	116	0.1506055675164387
86	54	0.15000934885869147
86	186	0.14975518968082652
86	24	0.1477407699211572
86	90	0.1363651841852703
86	129	0.13058013186183656
86	172	0.12277743150353425
86	31	0.12147711959507936
65	85	0.5250525568344507
65	73	0.442342969596539
65	77	0.40302053471836985
65	56	0.3728076373537933
65	76	0.3599165247241191
65	64	0.3500493546552019
65	66	0.3302154023023031
65	54	0.31623663077569336
65	166	0.3124606731017413
65	101	0.3057677943087297
65	163	0.2941835070071719
65	75	0.2776924782394913
65	169	0.27693553880033395
65	116	0.2661261058961867
65	167	0.2467977691392306
65	82	0.24609332073323234
65	148	0.24522884222284302
65	187	0.24502206125098702
65	68	0.2323101277186739
65	185	0.22591447984853386
65	92	0.22564875350529565
65	180	0.2182044357254132
65	114	0.21296961363788866
65	93	0.20290458054206031
65	189	0.20173451920932792
65	90	0.19971913168226108
65	140	0.1993158507252017
65	184	0.19909497776961632
65	31	0.19436540603839955
65	188	0.19289276946012848
65	168	0.18803561496761967
65	110	0.18378770036714606
65	172	0.17550400958591852
65	91	0.17541678035750113
65	170	0.17325455755904506
65	8	0.1723232193969605
65	24	0.16776884288054325
65	94	0.16359661359435745
65	186	0.15248147325839992
65	60	0.13491241333300424
65	159	0.13021642323918914
65	7	0.1261149277318023
65	58	0.12540631509227332
76	77	0.6906094579702182
76	82	0.5448447045409262
76	75	0.5162400186846848
76	187	0.5587128960259539
76	188	0.5493849858298566
76	73	0.537860268954855
76	186	0.5177786904530866
76	184	0.5143156601419957
76	54	0.4361204661715429
76	185	0.435715478424076
76	148	0.4227452984552113
76	90	0.41905073454077796
76	110	0.38287997203210455
76	74	0.3762723015308185
76	68	0.3693411827460133
76	116	0.35320424092635294
76	7	0.3488466509643632
76	94	0.3158045679156956
76	159	0.3117656824156273
76	8	0.30934415516266706
76	189	0.3064837609975473
76	85	0.3042531571808136
76	170	0.30121017645708165
76	114	0.2971038073112843
76	160	0.29180670863726776
76	92	0.2607006483824225
76	166	0.25524932535720873
76	115	0.235750759590806
76	91	0.22517415867895896
76	14	0.22409168315597994
76	168	0.21946122361102144
76	107	0.21788060019245456
76	56	0.20829657539860855
76	169	0.20828700925331614
76	10	0.2038440465683563
76	126	0.19620256597077707
76	163	0.18456056423292536
76	6	0.1824539764733211
76	161	0.15487361084907295
76	117	0.14744730512347567
76	167	0.14505949812443406
76	101	0.139808251972747
76	140	0.13898457436640638
76	58	0.1374543779073064
76	15	0.12874157074562534
76	43	0.12685292905744155
76	118	0.12368346055331556
189	49	0.41884461383084337
189	169	0.40613163304446265
189	148	0.4032299072308014
189	188	0.38406557035791616
189	82	0.38192375110168936
189	180	0.3554952621065756
189	164	0.3287534411106959
189	160	0.3128576605614326
189	159	0.30884670217001353
189	187	0.3076702326504809
189	45	0.30559554815337714
189	43	0.3022100444389079
189	77	0.2982339347495768
189	170	0.29024153763438953
189	90	0.2777017070827385
189	7	0.27618749273094023
189	14	0.2746349234195353
189	168	0.2526766946209264
189	94	0.25080344148778594
189	173	0.25016610649992904
189	186	0.2489564489714561
189	154	0.2432447079715813
189	146	0.2321587569728429
189	153	0.2173280641644664
189	8	0.2122917140476651
189	92	0.20672719613548385
189	74	0.20559734968497045
189	75	0.19230539706856206
189	68	0.18893257547971945
189	91	0.17643428297301195
189	18	0.1709159269182584
189	73	0.16699125579023258
189	46	0.1649296475137811
189	114	0.1607339306909619
189	171	0.15615192932262512
189	10	0.15419032696956306
189	66	0.148396080641792
189	110	0.1437278537082797
189	17	0.12884974603013272
189	176	0.1274629041727843
189	6	0.12567205986693247
189	101	0.12421516428649301
189	107	0.12237359165942252
189	16	0.12218643261627082
64	31	0.3584358380184792
64	67	0.31653359792379704
64	85	0.295461818180606
64	97	0.2851968563591397
64	153	0.27984141038911103
64	66	0.2705062863051437
64	171	0.2582103869929005
64	56	0.2455859567969103
64	62	0.2144583623714779
64	71	0.20697607135832213
64	79	0.20248265781913924
64	101	0.19042680865061987
64	133	0.18563253469833546
64	33	0.17643428297301195
64	163	0.1763083268620417
64	119	0.17337095308155395
64	152	0.17303145261516548
64	70	0.17139157304090044
64	32	0.1704499106041912
64	141	0.16066573840156947
64	44	0.15094761075976765
64	139	0.14427624120284102
64	42	0.14164121895318166
64	116	0.1358450022342143
64	61	0.13128778836431768
64	54	0.12773834523345798
64	132	0.1256326914077181
64	17	0.12469757447633124
64	46	0.12457943864735775
64	59	0.12442191871474816
64	176	0.12208792436539355
34	44	0.6071847735647149
34	37	0.5482179620526749
34	33	0.523050538019635
34	27	0.5145068592146018
34	62	0.4624552625793109
34	130	0.4578518531471879
34	24	0.4252797546868225
34	42	0.4055719925907011
34	61	0.3949066369996247
34	40	0.3817101971537211
34	35	0.3354085220336551
34	26	0.3240449024209875
34	128	0.29086413135857186
34	72	0.2833216959727021
34	126	0.2801271091187149
34	141	0.24987548472614696
34	53	0.2372140771506781
34	137	0.23001944694035995
34	120	0.2272520902138648
34	69	0.2093868543225544
34	39	0.20870788192432105
34	127	0.19601987329737866
34	32	0.19573138347833036
34	67	0.18906757453550596
34	28	0.1714498099376732
34	56	0.15610314811305334
34	172	0.13755248718782376
34	46	0.13069808387250725
6	107	0.5883181088763536
6	4	0.5449712580928215
6	8	0.4555012597834647
6	90	0.4350833451396205
6	92	0.3928113483404441
6	94	0.3664186210611735
6	160	0.3191226731875072
6	93	0.2862437910601341
6	68	0.27743404982392106
6	91	0.2461966561240231
6	180	0.19386500002121465
6	170	0.18387465891584664
6	60	0.17811959932959445
6	110	0.176812116623439
6	133	0.17503875522326984
6	187	0.1709838812473488
6	185	0.16378152271266022
6	164	0.16127941371244162
6	82	0.1591553743755233
6	85	0.14763316917978006
6	69	0.1447853788300266
6	41	0.14333609428484975
6	77	0.13968079068199835
6	159	0.1275809527515671
107	4	0.6412889595683091
107	8	0.5902241639323955
107	110	0.4905922398332471
107	90	0.4577728123604974
107	94	0.3719463020629996
107	92	0.3665225049801713
107	10	0.3005280681693097
107	91	0.2438937730185548
107	85	0.2302277964255097
107	68	0.22403469541476714
107	180	0.2133037141008934
107	93	0.21236810732834105
107	185	0.1980191337883068
107	114	0.1753586260083059
107	132	0.17318665793560165
107	133	0.15766376788450845
107	77	0.15625924530210314
107	74	0.14922725741251075
107	160	0.14824938058694778
107	159	0.13301705079342935
107	66	0.13003947123056847
107	45	0.12662662354179344
70	176	0.7130984884858006
70	114	0.40107554690873215
70	139	0.37754205384979056
70	15	0.3048972932380779
70	140	0.29464016783017805
70	14	0.2934525702881192
70	115	0.2742743003053885
70	71	0.2583597132057814
70	153	0.2563521130747471
70	154	0.2558101480692815
70	173	0.2403824709511944
70	119	0.238930921698923
70	7	0.23801608530640836
70	152	0.23532572481776556
70	127	0.2198704747771228
70	75	0.21553612932912392
70	170	0.21254953096525295
70	10	0.2072344903552633
70	110	0.19617372066440686
70	101	0.19566406431030064
70	18	0.17223589061908134
70	66	0.16503665337527207
70	46	0.14903170533364904
70	120	0.14535317265814085
70	166	0.1424936595493113
70	97	0.14178820649391904
70	17	0.1412492216588609
70	126	0.14046509429433285
70	141	0.13853343124281636
70	16	0.1372090929100438
70	116	0.13486332306986445
70	128	0.12851537616203412
70	48	0.12421516428649301
70	188	0.12171357109117185
176	139	0.4957987009183623
176	71	0.4618261218498844
176	173	0.34714158551168545
176	114	0.31616462940282075
176	14	0.3052872682714874
176	153	0.2997182340133911
176	119	0.2871615925313073
176	18	0.2863723149377029
176	15	0.27536517960055823
176	170	0.2710159649165416
176	101	0.259852295348908
176	75	0.23800665180052405
176	17	0.2319506038362516
176	43	0.22880681402414615
176	171	0.22465198093305305
176	152	0.22463299021798036
176	97	0.22246693335173892
176	154	0.21263546336390055
176	46	0.2084209316602882
176	140	0.20133157775521776
176	148	0.1890097186721197
176	115	0.18783303202353208
176	7	0.18712869088169892
176	164	0.1774126679467004
176	166	0.16658293932981902
176	66	0.16604815281789498
176	16	0.1594672527423784
176	188	0.1582585473110259
176	137	0.14673309909236698
176	116	0.1366203403124745
176	49	0.13266340354679462
176	186	0.12632158221095005
176	120	0.12181208847241445
126	128	0.7101071657632969
126	117	0.4257711115275418
126	120	0.4043179635944255
126	132	0.339812025805636
126	127	0.3246712566727017
126	133	0.3237942811156811
126	16	0.2788641307506904
126	118	0.2686145192381376
126	73	0.2461215036674797
126	154	0.190908631549743
126	137	0.1847827204002864
126	72	0.1805972440706893
126	56	0.17573660738643807
126	24	0.15962317999384978
126	17	0.1561324169301904
126	26	0.15537133871659273
126	115	0.15350689557608485
126	77	0.15316512475602462
126	110	0.14905126106637406
126	69	0.148669903265969
126	85	0.14256223755415334
126	14	0.14072975703088186
126	130	0.13981805649556595
126	33	0.13898457436640638
126	188	0.1384941986858993
126	184	0.13451967270342444
126	163	0.1320640908649154
126	148	0.12853504578743633
126	116	0.12697099625974112
128	120	0.5310597284369143
128	133	0.4807582529551905
128	132	0.4490582280595901
128	117	0.4365657487348245
128	127	0.3881669654433852
128	16	0.33351679601459194
128	17	0.2964928271317207
128	24	0.27045994436093945
128	26	0.2685124531363352
128	118	0.2384594094014537
128	28	0.22707189470294614
128	119	0.2231226834284624
128	69	0.2135709585598776
128	130	0.2078373555023843
128	154	0.19860514386830366
128	129	0.1916311933775952
128	163	0.18087777091501234
128	73	0.16599953101371018
128	61	0.15759550718172244
128	116	0.15362406569311318
128	56	0.1468994347391812
128	115	0.14672331438403366
128	48	0.13515785470980093
128	110	0.12633142262709784
128	14	0.12470741896920425
128	140	0.12302365536629956
148	43	0.4754741642830226
148	188	0.5588504486335997
148	77	0.5463406634376341
148	187	0.4613460895313933
148	184	0.4576542376115026
148	164	0.41765651843583135
148	73	0.4037405989940491
148	7	0.3787333001128879
148	185	0.3739350150722599
148	45	0.3257085882760929
148	163	0.31402092534699755
148	90	0.29538880026972153
148	186	0.2911021168504771
148	161	0.2848752923105077
148	85	0.28140753476199426
148	75	0.2690783800196393
148	82	0.2628988948281821
148	56	0.2599641890734222
148	92	0.2557540735385941
148	8	0.2531353534960559
148	173	0.2394306017437268
148	116	0.2374499955253737
148	118	0.2327736306023693
148	58	0.23250878474520284
148	16	0.2309189866050409
148	101	0.22468046668568692
148	49	0.22347423440920228
148	14	0.22336022424036267
148	117	0.21383817105840694
148	66	0.2057793112233894
148	159	0.20508969765859536
148	18	0.18985813962358306
148	74	0.1877655008230754
148	68	0.18179653183475208
148	15	0.17473823688157333
148	114	0.17210004047249342
148	152	0.1582585473110259
148	162	0.1562494894563765
148	10	0.13946507641575073
148	17	0.13465713673777185
148	154	0.1311403709348131
148	54	0.12665614240059472
148	170	0.12441207351063745
148	166	0.12386070303773325
187	188	0.512009905321724
187	185	0.4792190320167151
187	77	0.4501433162290533
187	159	0.4468440591565633
187	184	0.4403137935636151
187	164	0.4187868922953303
187	82	0.3864244621665885
187	170	0.38098380892275335
187	73	0.3690388881991632
187	160	0.3686673908417934
187	186	0.364165562450464
187	92	0.3523724776573947
187	74	0.3473702329766402
187	90	0.30426223145336795
187	68	0.2796017538732906
187	180	0.2760858803927293
187	91	0.26374579657903197
187	116	0.2601320165700365
187	94	0.2473611401650873
187	85	0.2382519083548595
187	8	0.2345509856135813
187	60	0.23200737498114016
187	75	0.2261422185317601
187	43	0.22393971244161065
187	45	0.21405764310470934
187	7	0.18202858971038352
187	161	0.17111007782815826
187	110	0.16211692784012205
187	168	0.155117604938094
187	56	0.1495401164541673
187	115	0.14061213162878086
187	4	0.1341072495542682
77	188	0.6112784707755388
77	184	0.5214141742007783
77	73	0.480904325196021
77	75	0.4402896095312695
77	186	0.4397573992135147
77	185	0.4031210387910944
77	166	0.3820347830406032
77	85	0.35269649384377205
77	110	0.3415975438912261
77	68	0.3104198830288988
77	7	0.29769631686688275
77	114	0.2968393830308459
77	116	0.2955439592043857
77	90	0.29371757454930497
77	56	0.2924561166618006
77	8	0.2912393997885792
77	167	0.27857821325594784
77	161	0.2743760223329081
77	54	0.26802987724695515
77	163	0.2558568755299818
77	82	0.25266733305239225
77	115	0.23919491939450802
77	74	0.2344470344901321
77	92	0.23314246551059306
77	10	0.21886148360403268
77	43	0.20910955191980088
77	101	0.20116846302267846
77	58	0.19752908224505397
77	159	0.16928453660452775
77	45	0.1628665970490442
77	15	0.16023706605610952
77	168	0.1536045376401874
77	140	0.14797552303240147
77	160	0.13778793844563006
77	94	0.1356585036571077
77	117	0.13368495867280455
77	164	0.13322332938577894
77	170	0.1273251762668279
77	66	0.12425454691451365
184	73	0.6303218602230092
184	58	0.5736122807987627
184	161	0.5588504486335997
184	185	0.5385918909014529
184	186	0.4363714698995506
184	188	0.3420214636865315
184	163	0.3410144271717919
184	54	0.33726209731924484
184	82	0.32761130201334704
184	90	0.29960900980791305
184	159	0.2945031837013263
184	85	0.2938820372500756
184	74	0.285334649876333
184	68	0.27255334543328624
184	166	0.2463281657992619
184	56	0.24456142353046034
184	162	0.24117377264926584
184	101	0.1984706622904036
184	7	0.1940767225873566
184	167	0.18625040716746571
184	75	0.18485998768560813
184	8	0.17055671275235185
184	116	0.16154237927179252
184	114	0.15243263541608165
184	92	0.1474668702516208
184	117	0.142650407263403
184	45	0.1277285083917413
184	57	0.12474679669514165
184	110	0.124343156396044
184	170	0.1220386693378262
185	74	0.4777463190030983
185	186	0.4479558271443754
185	73	0.4221373564374058
185	75	0.3921853490479715
185	85	0.3888122630211833
185	159	0.3813171513981615
185	90	0.3724287288590205
185	188	0.3610041099768261
185	82	0.2905803323804129
185	161	0.2790946733725156
185	167	0.2671386146056285
185	160	0.26599601628479635
185	54	0.2548379461578425
185	68	0.25108454961860804
185	163	0.2420588968266573
185	92	0.2392137750201128
185	56	0.2352596002023892
185	93	0.23456988524162325
185	195	0.2259619274449291
185	7	0.22177294959305094
185	101	0.21960399442575165
185	31	0.21783297327144216
185	8	0.21739475694563945
185	166	0.19804795726974972
185	116	0.19747142262605608
185	94	0.17682180398106442
185	91	0.16058780247836485
185	145	0.1418078043604315
185	60	0.13676753752724244
185	61	0.1330563428429158
185	45	0.1284662016561866
185	164	0.12682341169508785
43	45	0.4842413033910666
43	164	0.4410792907023641
43	18	0.4284282619459443
43	173	0.3800174112773945
43	49	0.37016993225085054
43	46	0.3684427073778732
43	16	0.3371291524529954
43	15	0.3241970431716545
43	153	0.3047975157516096
43	82	0.2898385518626572
43	188	0.2893530007051128
43	118	0.289316349287285
43	14	0.28044961256681833
43	152	0.27639993494003906
43	17	0.27104376120093904
43	154	0.2674636071422437
43	7	0.2420588968266573
43	174	0.23728957407633056
43	168	0.2279821968078892
43	48	0.22427213422500025
43	119	0.2204223653805634
43	92	0.21777581959676812
43	146	0.21103085091337
43	117	0.1948753311685328
43	151	0.18839250788593545
43	75	0.180887443729836
43	159	0.17689930160860842
43	60	0.17687992740732356
43	129	0.16496855918550768
43	115	0.1634700902049838
43	116	0.16070470561194106
43	79	0.15478576835008687
43	44	0.15207121226036727
43	137	0.15014619559117262
43	66	0.14300306344788158
43	91	0.1414844253587549
43	120	0.13682641472246315
43	33	0.13302687384500467
43	170	0.13276164228533452
43	53	0.12465819625934073
43	186	0.12403793761911085
160	170	0.6259019323285913
160	169	0.4898553497205777
160	74	0.4155242729334458
160	82	0.3914912496521053
160	91	0.27584568124355896
160	94	0.26398769390598104
160	8	0.23868574935003056
160	159	0.2320736059858631
160	90	0.22656916191912416
160	195	0.2209360677352816
160	93	0.21529773044395886
160	116	0.19391312037282024
160	92	0.18795844239828866
160	7	0.18449294774161304
160	79	0.16370366764370312
160	173	0.15053715453790184
160	31	0.14348300933962466
160	4	0.13837649840753596
160	85	0.1376015408160739
160	115	0.13743475572748606
160	66	0.13535419587063507
160	14	0.12358498909555618
160	188	0.12168401540906253
82	54	0.4372292275559375
82	91	0.4958062427174516
82	159	0.4601093538998866
82	68	0.4283547786825422
82	94	0.4186714390716052
82	90	0.41590477638289214
82	92	0.3928536324721553
82	168	0.3514612770781578
82	14	0.3175320319060083
82	74	0.2958816041613005
82	180	0.2873726123808715
82	7	0.28553672569830896
82	170	0.27604892892121186
82	75	0.2751433631812055
82	73	0.27141433511628155
82	169	0.2657636893102939
82	49	0.25283583404651244
82	186	0.2325655403332653
82	164	0.21832824249989125
82	146	0.21288369403634685
82	116	0.2038632154422981
82	45	0.20105331649363087
82	154	0.1968178515395695
82	101	0.19535629606700644
82	188	0.18438668972687192
82	69	0.17590135229268036
82	93	0.1675939039487937
82	152	0.16459887758637973
82	114	0.1589604342596076
82	173	0.1584047869732081
82	117	0.15561529417236525
82	85	0.15047851369440846
82	60	0.14934458305804288
82	16	0.14653739947232786
82	171	0.13653201908729504
82	115	0.13542291276636062
82	195	0.13538364612828954
82	15	0.1308062032988569
82	46	0.12418562705864385
75	116	0.3942734130090465
75	186	0.4827241402080237
75	188	0.4790418321913568
75	14	0.4506853625030219
75	15	0.34555751051023725
75	54	0.339688186024734
75	74	0.3248680520994066
75	7	0.3235973324913004
75	152	0.319885902586
75	115	0.3185657034129661
75	59	0.27896557346614426
75	73	0.2705062863051437
75	163	0.2293469025692272
75	166	0.22644583165331764
75	159	0.21304598385205628
75	169	0.20367151967103286
75	114	0.2022045312711013
75	168	0.20065985728089306
75	101	0.1903786213103246
75	118	0.1853042301989264
75	140	0.18257964586289974
75	16	0.17087709514296331
75	110	0.1672731551676
75	117	0.15271588453156404
75	85	0.14666460553112565
75	10	0.14625361465134604
75	8	0.1435907430276786
75	56	0.13198548530853307
75	127	0.1317791378275929
188	186	0.5346400695500545
188	7	0.3700663707445541
188	116	0.3497509809024518
188	118	0.3250111583794761
188	73	0.29603671355079786
188	110	0.29473148385648684
188	14	0.2849028574569555
188	15	0.28291696486511503
188	8	0.2773786670812041
188	152	0.2504848011331201
188	115	0.25012860944796306
188	168	0.2367421564760905
188	10	0.23264121198677035
188	74	0.20334560102416846
188	161	0.2030579883174
188	45	0.1899352547630891
188	163	0.1852849168805068
188	114	0.17638583899850388
188	170	0.1747285421991476
188	16	0.1741758893535627
188	154	0.17354553728373212
188	159	0.1696050617931765
188	56	0.16764249915570814
188	54	0.16432645101932986
188	90	0.15011687177549712
188	59	0.14613617940524606
188	120	0.1435907430276786
188	127	0.12714809031628252
101	139	0.4384012880425495
101	79	0.36023855206056404
101	166	0.35765993456649464
101	114	0.3522148176045279
101	163	0.25112202750414103
101	195	0.24983798186163986
101	32	0.2395342930409172
101	85	0.2337475876750792
101	31	0.23200737498114016
101	54	0.22782102646291744
101	129	0.21821395957287365
101	10	0.2044094625880628
101	7	0.2030771635885912
101	152	0.2019647408225348
101	172	0.19908537413859806
101	186	0.1741371025729718
101	92	0.17127509565442756
101	167	0.16789518109439813
101	93	0.16704958204099352
101	143	0.1575857555297934
101	141	0.150185293601133
101	140	0.14837652101167814
101	159	0.14386495887113726
101	115	0.14178820649391904
101	73	0.1403572629773475
101	14	0.13830783810645186
101	169	0.12838752113292884
101	68	0.1273251762668279
101	61	0.12463850700357272
17	120	0.6769757761185391
17	16	0.6647573337944537
17	18	0.6298213621812134
17	119	0.6096285514664783
17	48	0.5636658846306218
17	46	0.5525259564479602
17	154	0.5259718295157534
17	14	0.4050204075270468
17	49	0.4028697603815234
17	117	0.3960286318722855
17	15	0.3662887533151324
17	129	0.3299035310445666
17	118	0.3146157199537577
17	152	0.30447092447902224
17	153	0.26430397107521697
17	44	0.2480932724815072
17	127	0.2348911517764681
17	53	0.22752709546382846
17	146	0.22215324254082466
17	27	0.21006562487241912
17	137	0.18903864676786766
17	171	0.18802596852340614
17	173	0.1871962387964913
17	26	0.18531388680445468
17	164	0.17561061934502825
17	39	0.15618119768275607
17	33	0.15591777257376166
17	195	0.14670374488122984
17	170	0.14432520006793134
17	115	0.14082777516469694
17	28	0.1405533174389458
17	169	0.12649870589603535
17	151	0.12135888867503487
120	16	0.6375114285532739
120	119	0.5560797405169391
120	117	0.5350113294994965
120	154	0.520211730812547
120	18	0.4723026639193548
120	46	0.4243946804137623
120	118	0.4240994752285664
120	48	0.401528583484738
120	127	0.3708514824352441
120	152	0.3687278751856374
120	15	0.3626987831136226
120	14	0.35932446704850635
120	129	0.3146968091828518
120	153	0.2622564683157556
120	44	0.2529855998332128
120	137	0.2526486097734033
120	115	0.24268012643322195
120	146	0.2413998000128095
120	132	0.19998794807782164
120	33	0.18532354337419293
120	49	0.1853042301989264
120	27	0.17221648385627344
120	26	0.14824938058694778
120	151	0.14185679854033395
120	133	0.12311229225088105
120	130	0.12275773294111984
16	117	0.6089117311503656
16	48	0.5742694607335164
16	18	0.5895460470725217
16	154	0.5297661372637752
16	46	0.5279581739102545
16	119	0.5130863548247756
16	15	0.4909566272397812
16	14	0.48494525911006
16	118	0.4774375566336599
16	152	0.4471001282562518
16	49	0.3548486110045942
16	129	0.3542715815222692
16	115	0.3346983307231104
16	132	0.29289500033958765
16	153	0.28898644836306103
16	127	0.25863966657635873
16	26	0.2389403507965402
16	137	0.2349006000157429
16	28	0.22711931608223535
16	146	0.2217063913867849
16	164	0.21438204045334608
16	133	0.21214846965307765
16	168	0.20732062359649134
16	44	0.18458954219441487
16	39	0.1841258563296385
16	7	0.1557323860508751
16	186	0.15150457522486827
16	27	0.140406277625265
16	171	0.13392066190552251
16	131	0.1263117417699411
16	45	0.12235389111712736
18	49	0.4933814864492392
18	46	0.5471679137580826
18	48	0.519445463799125
18	119	0.4757682023832697
18	154	0.4277013451539779
18	14	0.41905073454077796
18	15	0.4040586077303032
18	118	0.39980768102968656
18	153	0.36945344367703936
18	44	0.35986429599058894
18	152	0.34832834379844435
18	129	0.3074076609119416
18	53	0.3051331043257919
18	173	0.2911112694194092
18	117	0.2785228686802007
18	164	0.25503429774746234
18	7	0.24994111293506746
18	137	0.243837341243172
18	33	0.2428495181760729
18	146	0.21102129623340735
18	42	0.21028546490659752
18	171	0.20108210364690748
18	27	0.1977789247961536
18	127	0.18945324672859803
18	168	0.1624479737347776
18	28	0.1619319157042401
18	39	0.15230565354257755
18	71	0.1452063385895427
18	132	0.14286592368584244
18	151	0.14204297008350533
18	45	0.1380528024962097
18	72	0.13647313706454295
18	26	0.13098311928413084
18	115	0.1296953741758767
18	131	0.12260014096092263
119	154	0.5642046464187438
119	48	0.4746843787183549
119	46	0.44520989779520254
119	14	0.4319569190427347
119	152	0.4201301007895313
119	117	0.40183888404535495
119	15	0.36792404279837576
119	153	0.33867048519056114
119	118	0.2731549533059355
119	49	0.2704043323734475
119	115	0.26659063249402914
119	146	0.2515436018130029
119	129	0.2288162904768817
119	171	0.22488935046858946
119	170	0.16658293932981902
119	168	0.1662037371647997
119	173	0.16446266743913476
119	127	0.15509808610696954
119	7	0.14765273321095865
119	164	0.14504970853281365
119	139	0.1446972643346054
119	133	0.14387475188578427
119	116	0.1354327293594134
119	169	0.13420544976156654
119	132	0.12194015747961033
173	164	0.5012094147890185
173	66	0.38075297532243785
173	174	0.3608301622134579
173	153	0.32144698314705056
173	91	0.3114225769635883
173	49	0.2770740290524668
173	170	0.24943477874763376
173	46	0.23264121198677035
173	94	0.21065818852920706
173	33	0.20098614511891372
173	71	0.19903735540995648
173	79	0.1906580951071564
173	154	0.18804526137555566
173	53	0.1864338097243943
173	139	0.18160313480134607
173	48	0.1815354425198374
173	132	0.17997804642030354
173	195	0.1765408567080406
173	92	0.1734388482333537
173	90	0.17014890119198278
173	45	0.16383018109479336
173	14	0.15781978668922253
173	131	0.15420008920794095
173	15	0.14538253870373458
173	129	0.14295408559153094
173	168	0.1273251762668279
173	72	0.12695131864245185
164	92	0.4317454078557098
164	174	0.3795809774792536
164	45	0.3790330567464962
164	60	0.3735048483786612
164	180	0.3570493262332877
164	68	0.33847570417451434
164	91	0.31547143003879946
164	66	0.2790024601828725
164	49	0.26138090447655793
164	90	0.24880635968438305
164	159	0.2319411418251309
164	170	0.2299815629496568
164	94	0.2296216302887215
164	8	0.20414114654205068
164	195	0.1935377569008879
164	168	0.1891639980573543
164	137	0.18849860159583592
164	162	0.14966720689075014
164	117	0.14951078718999192
164	129	0.14462872925142006
164	146	0.14026903487758913
164	14	0.13845496569430135
164	73	0.1351774893038091
164	33	0.13431346694521445
164	93	0.13174965868329466
164	154	0.12485508341481713
164	133	0.12185149475299105
90	94	0.6527985322044684
90	92	0.5522827591537968
90	91	0.5065366144935028
90	68	0.4165165851556821
90	93	0.4085087878361363
90	73	0.3983111437916443
90	4	0.3827860937566591
90	74	0.3565169757283614
90	110	0.3350268415260152
90	159	0.30858434070159885
90	180	0.2969032137510664
90	8	0.2955987174594024
90	85	0.2811681067015671
90	133	0.21761387607516525
90	54	0.21428663437425602
90	45	0.19888368905662845
90	114	0.19248836392162189
90	132	0.18376837585449254
90	7	0.1691388314939272
90	60	0.16136707144540416
90	186	0.15655190648849573
90	10	0.14974541393235544
90	40	0.14565660943682768
90	66	0.13795470699992854
90	116	0.1328991721367068
90	146	0.12541615781249096
159	54	0.3612215093599242
159	91	0.3239016958131557
159	92	0.32254945305629623
159	74	0.2997364372838756
159	180	0.2733955366708005
159	168	0.246872894924692
159	94	0.2364306276092893
159	170	0.2234077292202983
159	161	0.2182330071430992
159	186	0.21743286619501515
159	151	0.19850908636118944
159	68	0.1867233662511472
159	59	0.18268597684096574
159	7	0.15286238285336395
159	73	0.14897303743606846
159	14	0.14829828133048956
159	45	0.1450301292643758
159	8	0.13998472918718874
159	169	0.12245239286412465
27	130	0.6673278323596957
27	39	0.5790085817840029
27	53	0.5520811815857382
27	44	0.5003777965400247
27	26	0.4498721686024519
27	40	0.4328349953446124
27	28	0.4129064512302275
27	37	0.4098492291889339
27	33	0.3392723520559772
27	24	0.3182062512714436
27	129	0.3085571971791848
27	143	0.29746845568754043
27	145	0.2462999859179834
27	42	0.2405709051429584
27	48	0.23809155173672025
27	46	0.2373933776688296
27	132	0.19708699026589865
27	57	0.19627948512752266
27	62	0.19449049174865304
27	195	0.18551666725039198
27	61	0.18170950490918844
27	127	0.16041243933086075
27	41	0.15693232492789225
27	31	0.15105510260458266
27	67	0.1257507955978435
27	141	0.12106329631603273
130	53	0.4490262936176777
130	44	0.4141996500773065
130	24	0.41258289092019
130	28	0.40370711871222414
130	40	0.3948222287917645
130	132	0.358941216672247
130	26	0.35472623338096204
130	127	0.3493120670580752
130	37	0.3440772613523737
130	39	0.3237584743613986
130	129	0.3008464236782269
130	143	0.26997791387440034
130	141	0.2513281424136236
130	42	0.22449055441672566
130	33	0.21067730091123305
130	131	0.17527139219008758
130	172	0.1720030006451541
130	35	0.15314559388730709
130	153	0.15226658118504482
130	72	0.14393350938183674
130	48	0.1427483709517512
130	69	0.1423075123560125
130	118	0.13932779680730362
130	145	0.13416616999483502
130	56	0.12501258606037546
130	57	0.12256074199951345
39	143	0.618418420175569
39	26	0.4669478629058158
39	28	0.4194793272796326
39	129	0.35590579634889835
39	53	0.3080051699469475
39	131	0.2975504896177017
39	37	0.2883814517497064
39	57	0.2877578809899405
39	24	0.2745886940018213
39	40	0.2586023419693188
39	195	0.2224954484153276
39	132	0.1980575650207877
39	44	0.1978077511300149
39	31	0.19533705927349665
39	174	0.17866177830087346
39	127	0.16263295404772066
39	48	0.15232518954282406
39	162	0.14445248980973036
39	46	0.13365549470469196
39	79	0.12974453281254925
39	145	0.12910542087219198
53	33	0.43209518913527534
53	44	0.3884896618636551
53	40	0.37863050811120463
53	28	0.3741930379007391
53	49	0.3648852730051352
53	46	0.3281289526783203
53	42	0.3012010837053977
53	129	0.27137728134367656
53	26	0.26041169413590604
53	145	0.25569799728692544
53	48	0.2493409981796177
53	153	0.21343734032318173
53	143	0.19985354364071495
53	67	0.188016322042917
53	41	0.18783303202353208
53	62	0.18758219290351646
53	174	0.17953290996360602
53	79	0.15154365684255308
53	72	0.14724186431387554
53	131	0.13269287544213124
53	57	0.1295773908470259
53	132	0.12879074170946514
71	97	0.5091191555911141
71	171	0.2747088878470273
71	153	0.2482058830957924
71	139	0.24745501908920825
71	137	0.2433387888840037
71	132	0.22150670437466027
71	66	0.16093849834969248
71	168	0.15414151532613607
71	131	0.1497942923818989
71	35	0.13972981480340682
71	72	0.13242761994303007
71	154	0.12148697201620473
97	93	0.4631860537384864
97	67	0.37969224136485136
97	171	0.3380151973806379
97	61	0.3240986010709495
97	41	0.30957925585869595
97	72	0.2500067388475818
97	62	0.2254304531723199
97	195	0.21870914232651145
97	60	0.21615584613548205
97	174	0.20670805077900156
97	31	0.2053866396170984
97	66	0.2005734795152459
97	132	0.17561061934502825
97	79	0.16909026148042988
97	133	0.16298341170204675
97	48	0.15748823732040498
97	139	0.15413175290715594
97	131	0.14789727384668458
97	35	0.1462438285382318
97	33	0.1429442899362339
97	151	0.13712078618996454
97	42	0.13551126114644935
97	28	0.12753176628282056
97	91	0.12686276812830394
117	154	0.5014789302313613
117	118	0.4746921254289882
117	48	0.3469128967690234
117	132	0.340722770337895
117	133	0.33931659601895925
117	14	0.3069820141960586
117	152	0.2997819445052373
117	129	0.2949414902878746
117	46	0.2850866130563689
117	115	0.28507742577394696
117	15	0.2496692096967296
117	28	0.242218929513148
117	146	0.23000050503214176
117	127	0.22357873835916844
117	49	0.18915435586929666
117	161	0.18696463857944925
117	195	0.18509177582594186
117	163	0.17627925924708818
117	56	0.1761629857133217
117	26	0.17510660969214958
117	168	0.16911940358709593
117	58	0.15079125261379078
117	73	0.13939643728129725
117	172	0.13536401264976392
117	162	0.13389119982947448
117	74	0.1311108867527316
117	54	0.12878090756735153
117	69	0.12820064841423448
48	46	0.5990922331676501
48	154	0.548868125455622
48	49	0.3978062142411569
48	153	0.3121267582316579
48	44	0.31092583314198763
48	171	0.2978694686824897
48	152	0.2875744313541853
48	14	0.2755869667032002
48	42	0.274283548016106
48	146	0.2725718596258396
48	15	0.27136801777482594
48	132	0.24704191709128334
48	174	0.2350612132907885
48	28	0.21870914232651145
48	151	0.21444882227491052
48	129	0.21315098864580345
48	67	0.20828700925331614
48	131	0.1781970600983135
48	137	0.1589799288292345
48	195	0.1542196135943749
48	139	0.14908059444684713
48	118	0.14471684553196976
48	79	0.13487314117546395
48	172	0.12761046433161966
114	140	0.6616821855789039
114	110	0.6136467960413744
114	166	0.5770975816089448
114	141	0.5481410171356317
114	10	0.5834319311957813
114	139	0.4088669667420035
114	32	0.3596640649528909
114	127	0.33325902879204045
114	7	0.31466977995013085
114	54	0.2510189615075179
114	85	0.24955668649175264
114	73	0.249247212934817
114	168	0.2136759387121985
114	115	0.21241585181068048
114	116	0.20076542586868
114	24	0.19783657712175384
114	79	0.1933259883974964
114	8	0.19039789635654186
114	163	0.17650210310136094
114	35	0.16941080838189138
114	153	0.1643069910190267
114	172	0.15488337097560342
114	169	0.14008276824202434
114	15	0.1298231853044994
114	56	0.12540631509227332
114	14	0.12522914190872803
114	186	0.12318123069211134
140	166	0.5000553897039365
140	141	0.4966504508831841
140	10	0.4484193213045724
140	24	0.4181517320984421
140	127	0.4164421961132125
140	110	0.3834771939184606
140	172	0.32220894583400045
140	7	0.3126591804849818
140	35	0.30771549890548633
140	32	0.2961553160800883
140	54	0.22326521109744096
140	139	0.2081339455101478
140	26	0.17485457042749325
140	69	0.17312845694800258
140	163	0.16786602661131494
140	85	0.16211692784012205
140	153	0.1619027022206907
140	37	0.1472222978595902
140	73	0.12724647240135806
110	10	0.6043614296829021
110	8	0.4311594367539136
110	166	0.2856377540903072
110	4	0.25638948403528705
110	127	0.23890263413572854
110	73	0.23815758250502606
110	141	0.2335017786047594
110	94	0.22787791154006626
110	7	0.2259239694535731
110	85	0.22241940739995267
110	116	0.1970004846270659
110	91	0.15855101968603666
110	92	0.14795596090961805
110	68	0.14669396008676314
110	24	0.14305204060383886
110	56	0.13814108612720413
110	54	0.13599223115336834
110	180	0.13169069969564962
110	74	0.13104208942596224
110	186	0.12905625396533218
110	115	0.12813179827492044
110	168	0.12481570676985733
166	172	0.5882200179503739
166	167	0.4195122882103172
166	35	0.4349049735228518
166	32	0.3998832921524278
166	139	0.3843809481729293
166	141	0.329974822255693
166	69	0.32360628530999297
166	85	0.32245089375622976
166	61	0.3097600767974711
166	10	0.2896553425221031
166	73	0.274283548016106
166	163	0.2566977652035972
166	54	0.2356563152066521
166	79	0.2337664948279917
166	68	0.22899633483725976
166	56	0.22096460316375707
166	180	0.22033673642381066
166	7	0.1585412710548389
166	171	0.15111373301448555
166	168	0.13659090014534114
141	37	0.5766772450619566
141	32	0.5738873133709466
141	139	0.4368085400333407
141	35	0.4031294136916139
141	24	0.3562376172604397
141	10	0.2892063899442444
141	40	0.26452719133002084
141	61	0.25403362052539
141	127	0.2341256971281468
141	7	0.20072703783066986
141	79	0.20063106503892794
141	42	0.1983457798474846
141	143	0.17205152097622
141	153	0.16916797310771953
141	72	0.16850735732224498
141	54	0.16775912432808535
141	116	0.14512802447043466
141	73	0.13575666200221762
141	31	0.12951839780645996
141	56	0.12790556769610126
10	7	0.4489065292438269
10	8	0.32155457961658995
10	127	0.319562703097299
10	4	0.2627871852039861
10	116	0.19684668925128698
10	139	0.18239597320562695
10	115	0.17558154436454948
10	14	0.1690805473791699
10	32	0.157429724920268
10	54	0.15191490856318993
10	15	0.148151576925225
10	163	0.13992590443664968
10	118	0.12941024151768174
10	85	0.12526851441796424
10	79	0.12454990413808086
28	132	0.6045010555137752
28	26	0.5512881475548422
28	131	0.4708952186261247
28	133	0.451043886983852
28	129	0.3284679963153457
28	143	0.27386735083310176
28	195	0.2573141708121773
28	69	0.2458490512091835
28	24	0.23559020148907475
28	180	0.22782102646291744
28	40	0.2264268571216796
28	57	0.20660274848908308
28	172	0.20267445020431213
28	91	0.1859704519263076
28	127	0.1788360270897192
28	42	0.16507556363450826
28	137	0.16220456119042265
28	44	0.15081079779480602
28	67	0.1497160865112847
28	174	0.14775055163335438
28	46	0.14342424407622428
28	118	0.13416616999483502
28	145	0.12805311088911814
94	92	0.6006605948416294
94	68	0.5598742477738794
94	91	0.5227017697785356
94	93	0.4831918586415548
94	180	0.3282092601316328
94	4	0.327968323542508
94	41	0.32137524755550634
94	60	0.3117115132728515
94	40	0.2903147967211933
94	45	0.2767046961461721
94	66	0.2403824709511944
94	85	0.20896610644220945
94	79	0.17986193096473613
94	74	0.17602732704413787
94	8	0.16220456119042265
94	49	0.15277448466606014
94	170	0.13697360348029786
94	54	0.12975436446335492
94	73	0.12515039570702913
92	68	0.5690386584370557
92	91	0.4563646760350316
92	93	0.4559053503630996
92	60	0.39540450970139823
92	180	0.3613693185154863
92	45	0.3587756847565907
92	4	0.31358819254234344
92	174	0.2754853179215553
92	195	0.2505878966021651
92	69	0.243921988286925
92	41	0.22425314009960956
92	40	0.21212936971150329
92	79	0.2070526429627504
92	8	0.18638554715281624
92	145	0.17312845694800258
92	74	0.15949648970835856
92	66	0.1569225711901319
92	85	0.13621797049466974
92	133	0.13574684628760522
92	49	0.13331173096460222
92	170	0.1290464205078087
92	131	0.12507164792849554
92	146	0.12271833552612725
61	35	0.6107959630160141
61	67	0.5018456143511195
61	32	0.5380592367576322
61	69	0.4517923352826545
61	62	0.4359260940852033
61	37	0.43499416359871984
61	31	0.4286731652288608
61	42	0.347291090449684
61	172	0.3105734936355328
61	79	0.3050968281315028
61	93	0.274967737737463
61	41	0.2722848669647192
61	40	0.2608963650507243
61	44	0.2345320858082215
61	167	0.2331992033922909
61	85	0.22600937396920145
61	72	0.2135614146650384
61	195	0.20829657539860855
61	33	0.19763478799661546
61	68	0.1927964883653077
61	139	0.1878716204836672
61	73	0.14334588881845106
61	24	0.14168041624168634
61	171	0.13601186122223632
61	56	0.12880057582624788
79	31	0.5543365476223014
79	139	0.5113086108524578
79	32	0.4886611667619384
79	41	0.330170853677404
79	195	0.2934617091171906
79	93	0.2923006491324646
79	35	0.2743575278754544
79	67	0.27161811648188605
79	66	0.21410535156032304
79	7	0.21227261532201466
79	85	0.20932948417315575
79	172	0.20784692351883466
79	46	0.16987699442659168
79	145	0.16687459978266975
79	42	0.15669822677647655
79	91	0.15601534001700615
79	167	0.1454608469061911
79	174	0.13310545731660672
79	44	0.1292922493271935
79	40	0.12891858325115058
79	72	0.12147711959507936
79	131	0.12108300314188032
139	32	0.33290340603731805
139	35	0.3107270880225131
139	7	0.2508128124406203
139	31	0.222580991321924
139	66	0.17350674173658145
139	195	0.1651144733798972
139	67	0.15581044487212048
139	153	0.1468994347391812
139	46	0.13605112103956762
139	171	0.12907592080423325
139	143	0.1261542913342079
14	152	0.6427878138621879
14	15	0.5616018894995204
14	46	0.4998078671467899
14	115	0.4914877177464722
14	154	0.3899660542355263
14	118	0.36354956103753816
14	153	0.3305539237671796
14	7	0.3221282871696431
14	116	0.31566952139822985
14	168	0.29091905428342474
14	49	0.2521336454935849
14	186	0.2465254133042571
14	127	0.2016769603216746
14	169	0.1906677315836911
14	170	0.19028224387777076
14	132	0.16080212144585745
14	163	0.15957445358297676
14	129	0.1490219274235691
14	137	0.14761360503306914
14	54	0.14499097038676378
152	46	0.499815369030254
152	115	0.5537405321780412
152	15	0.4921018093960592
152	154	0.3558795961372382
152	116	0.3496544330207431
152	186	0.3180175022572369
152	151	0.3086386262387141
152	118	0.2843606564663785
152	153	0.2752265477727617
152	59	0.2579677055830524
152	168	0.22491783301981966
152	7	0.21218666904997255
152	44	0.1811582683310591
152	129	0.17456372741588938
152	137	0.1633338282332629
152	163	0.1606754802511224
152	127	0.15012664641007148
152	49	0.13993570863034346
152	45	0.13911206088971387
152	54	0.13852362314434488
15	115	0.6030585854732123
15	118	0.4926396848006861
15	46	0.44043470414139857
15	153	0.3884811710728433
15	154	0.3838353732104246
15	168	0.3287801984820392
15	116	0.29663875492838176
15	7	0.2710993524135841
15	127	0.1975194724034554
15	186	0.19192016000213788
15	171	0.1582877957991185
15	170	0.14939346750274635
15	129	0.1430716312700601
15	137	0.14162162014236238
15	54	0.14013178673955326
15	49	0.1281022906942354
15	169	0.12176283008168705
46	154	0.5722486278183126
46	49	0.4166736103746221
46	44	0.40954133377697294
46	153	0.395100750577204
46	151	0.3237137146143545
46	115	0.2942565817723611
46	129	0.29044299193461304
46	174	0.2832665113056721
46	137	0.2468259416564691
46	33	0.24264248181356854
46	42	0.23180866906143055
46	72	0.2300668009484048
46	118	0.21635602514240632
46	171	0.21525958423997696
46	67	0.1951927785320812
46	195	0.18417416076834492
46	146	0.1597108855732639
46	45	0.15662994483101114
46	131	0.14127862299398605
46	62	0.14121982007455974
46	132	0.130894662333575
46	127	0.12813179827492044
46	26	0.1254456858250042
44	42	0.5203867600978674
44	33	0.5203211292384436
44	62	0.3901780151858526
44	37	0.3845684275990003
44	40	0.3478537742022605
44	49	0.2995634974040925
44	72	0.2844801401209838
44	67	0.2825489400401598
44	153	0.22524060839333576
44	137	0.21050528367638946
44	24	0.20586549856571174
44	31	0.2025497869216858
44	32	0.19099534991002934
44	154	0.1879487956639178
44	146	0.17954258762557354
44	151	0.17206122494226514
44	26	0.15010709711157594
44	35	0.14092579053781576
44	41	0.13369477994299292
44	172	0.12478617402810135
37	40	0.4377871522638863
37	32	0.4615900741631164
37	24	0.41407537655965015
37	35	0.3950247972908605
37	42	0.347651588546778
37	62	0.25421135065959183
37	72	0.21885196258668524
37	69	0.2132178073146445
37	31	0.2090139226008897
37	67	0.19018586277736435
37	33	0.18569046648674808
37	26	0.1527940178055109
33	62	0.4560796059511285
33	42	0.40413391128940185
33	137	0.3285126010215175
33	49	0.29551657934859005
33	67	0.2681783764749157
33	45	0.2482058830957924
33	60	0.22774517727428395
33	72	0.22338872735566712
33	41	0.2176424552146083
33	174	0.21430571591724165
33	151	0.20863136536531374
33	40	0.20282787291858206
33	153	0.20070784358049065
145	41	0.5464949775008584
145	195	0.5370709139869747
145	174	0.4895360665209994
145	93	0.39868127212261534
145	62	0.2847925940443438
145	31	0.2723589342272674
145	40	0.2358735306327926
145	60	0.2337381340323293
145	180	0.22724260662743856
145	67	0.17177979637638816
145	167	0.16251612570559387
145	91	0.15796604716294546
145	68	0.15412199045808178
145	66	0.1435809491966307
4	8	0.4040418728622376
4	91	0.30843956944222345
4	180	0.287023955870779
4	93	0.18742781820421767
4	74	0.1726822092335144
4	68	0.16158133518243845
4	133	0.1550395288870919
4	85	0.15389744582759707
4	69	0.13939643728129725
4	132	0.1387295875030466
4	146	0.12709889833543372
8	85	0.3302777679057812
8	73	0.26657205380628024
8	66	0.21218666904997255
8	186	0.19711582479695075
8	91	0.18784267919293196
8	116	0.15830729463686136
8	163	0.15664945411110145
8	68	0.15651288658414794
8	56	0.14933480608148672
8	170	0.14923703471017646
8	180	0.12585905464101887
35	32	0.5118180398616416
35	67	0.4848764215772167
35	69	0.4829311971153273
35	172	0.4534621043516115
35	62	0.432989386880496
35	42	0.4272028014956544
35	72	0.2320357599609045
35	31	0.20199351695547715
35	40	0.19628909985228774
35	171	0.1841644999517675
35	24	0.16093849834969248
35	68	0.13861189505213434
35	167	0.1316415664941906
67	62	0.5455755601643505
67	171	0.49751629505539097
67	42	0.4958364091659542
67	69	0.3691511781502836
67	172	0.36146495005740703
67	41	0.34795924952916824
67	32	0.3333390308500733
67	31	0.27066383953771395
67	93	0.26029050588649744
67	66	0.24745501908920825
67	72	0.23456988524162325
67	174	0.2298679067958596
67	195	0.22336022424036267
67	68	0.19970953054040164
67	40	0.12594762799233433
67	133	0.1237031545526282
132	133	0.5976735515751179
132	131	0.5359884678213773
132	129	0.3282003373155319
132	26	0.27784936160275386
132	127	0.2626661584937249
132	91	0.2399772760983261
132	143	0.19357625832827435
132	195	0.1904364460085729
132	174	0.18946288778500545
132	154	0.1803070129642846
132	153	0.16532846778940813
132	118	0.16402480664944286
132	69	0.16149368367552802
132	137	0.13492223130616554
132	180	0.13367513737635706
132	49	0.12510117853016994
132	171	0.12156579052325325
26	129	0.5010072143677657
26	24	0.4895664801030245
26	127	0.4987418384975731
26	143	0.3286285663995988
26	180	0.2265217280610679
26	133	0.20999871281828653
26	118	0.1941825770919336
26	40	0.1918720012074366
26	131	0.18329488095565
26	57	0.13651239185354738
26	172	0.13461786182802588
73	85	0.5411921413927926
73	56	0.469126686259435
73	163	0.4250585622684915
73	58	0.38667963541788897
73	116	0.3150661575332286
73	54	0.3141110616020745
73	74	0.3097871980062756
73	161	0.3057949892409404
73	186	0.28253973835319607
73	68	0.25952589880241306
73	66	0.21312235146300956
73	24	0.20112048597767074
73	162	0.19351850596364173
73	7	0.18936647557725805
73	31	0.15859001390167926
73	91	0.1437376471172442
73	167	0.12808261884777544
85	66	0.5943077366680555
85	31	0.4535256518157601
85	56	0.3723598230588139
85	163	0.33401441228927314
85	93	0.3316223803594763
85	116	0.3052147225251522
85	91	0.22073630914676934
85	167	0.21553612932912392
85	68	0.18624075404162874
85	195	0.1592625861504734
85	7	0.14961832653864252
85	133	0.14932502907572967
85	32	0.14908059444684713
85	74	0.14022982167367992
85	172	0.13037370695019845
56	163	0.5753274389477242
56	58	0.27645535020552386
56	162	0.2577903408859111
56	116	0.2532663780008226
56	161	0.24648784392498105
56	31	0.244081867006553
56	167	0.17871986247629687
56	127	0.17011976956274735
56	24	0.16459887758637973
56	186	0.15851202497578515
58	162	0.4507570790372473
58	161	0.5457721873684952
58	163	0.3891687113019419
58	57	0.2890139427296676
58	54	0.2715903295475073
58	186	0.2222768232029164
58	151	0.21845204224663475
58	59	0.15209074968787106
58	167	0.13026557510328513
161	151	0.33774944672238016
161	163	0.38407409526155134
161	162	0.3175050564467878
161	167	0.26247063634889023
161	74	0.22328421406549467
161	54	0.21994660599578555
161	57	0.1921031549909697
161	186	0.17725769958984652
161	59	0.17554277724744746
161	146	0.12158549491051455
49	154	0.4645438079151499
49	146	0.3588976578303814
49	42	0.3232570824569227
49	153	0.3161466284904558
49	45	0.30557741581533737
49	40	0.29913561418766765
49	118	0.23147744954277905
49	129	0.21349460625985706
49	7	0.2087843959282336
49	180	0.1844446491785044
49	68	0.18275363978395087
49	171	0.17220678042473606
49	91	0.16992555110445628
49	72	0.16870167182507514
49	168	0.15475648697314792
49	66	0.13786641873909314
49	127	0.12560316480363629
170	169	0.5150360666190615
170	74	0.267417183360506
170	154	0.2253735015354233
170	66	0.22400620096960586
170	171	0.21387634166135727
170	195	0.2020222927396661
170	91	0.19314308291940474
170	186	0.17381709102610915
170	115	0.17210974427155354
170	68	0.14910014988806494
170	60	0.13492223130616554
170	168	0.12841702651860884
170	93	0.12201896715847654
169	171	0.2865191867504042
169	168	0.2511688738022602
169	74	0.22040333701706366
169	116	0.20534832664922928
169	186	0.19246910488288652
169	54	0.1847634032219745
169	115	0.15584947355306733
169	180	0.12838752113292884
169	167	0.12500274232953654
180	91	0.6096474017126003
180	172	0.4411678858000104
180	68	0.4000764958505781
180	69	0.3253867415422401
180	168	0.3216442369985497
180	195	0.29532490676671885
180	133	0.2709974338091644
180	146	0.2603744063175363
180	93	0.2457456970077096
180	40	0.21615584613548205
180	45	0.191245852866552
180	129	0.1704693294745492
180	171	0.16006168266459894
180	131	0.14584257327699027
180	154	0.13932779680730362
91	93	0.4656253086002055
91	68	0.4402493013909535
91	195	0.3977977967055127
91	69	0.3097600767974711
91	60	0.26316883065014285
91	74	0.2377141908530742
91	168	0.2361662619587078
91	66	0.20942510028801545
91	45	0.20718663716616129
91	174	0.19923902764506896
91	133	0.18411619533516008
91	40	0.17806150230427095
91	41	0.16885711398736006
91	172	0.16330462842837554
91	146	0.1561324169301904
91	54	0.15150457522486827
91	171	0.12518976900504292
91	154	0.12258044152851348
93	195	0.5940360135674962
93	41	0.5900025634226375
93	60	0.5183639720733161
93	66	0.3634454166886419
93	174	0.3418713413351922
93	68	0.3239195974510149
93	31	0.2785597652695841
93	133	0.2277925833411307
93	62	0.1977500981202158
93	74	0.1768896145251015
93	69	0.14157262262961245
93	131	0.13773888738353776
143	127	0.4484273104698699
143	129	0.4464117764817207
143	131	0.29909008761255834
143	24	0.21171868178954076
143	7	0.208956543090562
143	40	0.20205106817505625
143	57	0.16176636887929646
127	129	0.6140767858591405
127	24	0.4525799076133257
127	118	0.3997404665745464
127	7	0.3987149137158369
127	153	0.2411455173884999
127	133	0.18966534152793246
127	168	0.17661836227931624
127	154	0.17320605799603267
127	163	0.16805066670953206
127	115	0.14247406558233386
127	54	0.1403572629773475
129	131	0.30621191569957845
129	133	0.2544451799415049
129	118	0.2479524997846268
129	7	0.2065548822294421
129	154	0.18447362842328535
129	24	0.14566639726409206
129	195	0.12978385926268074
186	116	0.3192484100698411
186	54	0.26863307606324355
186	59	0.25522127970900105
186	115	0.20615276663446847
186	163	0.2044957005107681
186	7	0.20380570835158893
186	74	0.17991998931926456
186	151	0.15818054998511658
186	168	0.12541615781249096
42	62	0.4599043715433498
42	69	0.43367165553166814
42	32	0.3874447998987222
42	172	0.38536911861493867
42	146	0.38112912423702827
42	40	0.33887408885698983
42	72	0.32319439569844444
42	171	0.3115399642877213
42	153	0.15336042685963805
42	31	0.13939643728129725
42	68	0.13390102054779118
153	168	0.45258785929161
153	154	0.4594863710715703
153	171	0.3946618348340917
153	118	0.3836818819341846
153	137	0.3405194555698989
153	146	0.2662190211127365
153	151	0.22731847411186934
153	72	0.1784391107620347
153	7	0.12699067377709114
168	118	0.34297477420286154
168	154	0.32017312853773017
168	171	0.2851325486827019
168	54	0.2431976657988804
168	115	0.21437250002948613
168	137	0.20262650356511244
168	116	0.1366595934932468
168	172	0.12857438473483818
168	146	0.1234865152038479
133	131	0.4427370071797749
133	45	0.18223162372065094
133	195	0.17646334894746998
133	69	0.14078856824235125
133	41	0.13965137588044527
133	171	0.13013777892544492
133	174	0.12580000462526908
131	174	0.20991268014385592
131	195	0.18970390231769502
131	41	0.12268878721104873
115	154	0.3371734689026685
115	116	0.33375674136942324
115	118	0.31210870658123635
115	7	0.15488337097560342
115	54	0.15094761075976765
118	154	0.3630027018778293
118	137	0.2866476885408001
118	7	0.27170147456781185
118	116	0.23244256789103984
118	146	0.15994475478835035
68	69	0.3831615594091233
68	40	0.3688488345062653
68	60	0.31095293264298995
68	195	0.24840293552820056
68	172	0.23838395699342235
68	146	0.2332843072377461
68	66	0.18774620586828544
68	45	0.1828696293725493
68	32	0.166184289573802
68	54	0.15555674659296834
68	41	0.15532254535022358
68	174	0.1311501989439554
154	146	0.3794269016630764
154	171	0.3070363589175999
154	137	0.2139717653112008
154	72	0.1619027022206907
154	151	0.1510844179424062
66	174	0.22925216039683244
66	60	0.2290910887349775
66	31	0.21685162817645065
66	41	0.20810524492312765
66	171	0.18469579197370092
66	195	0.18043278363506254
66	162	0.16648571269808088
195	174	0.5034374719436029
195	41	0.4344507826617629
195	60	0.3260214224712776
195	69	0.2414374686945231
195	172	0.22422464859206406
195	31	0.21723278524285297
195	72	0.16498801482880332
195	40	0.1374543779073064
195	32	0.1358450022342143
195	62	0.12461881764964285
41	174	0.4610784132274973
41	60	0.4402251156549494
41	62	0.4294645880346668
41	31	0.3251810777564661
41	40	0.1925557693893608
41	32	0.14187639601770474
60	174	0.4218579043215517
60	45	0.3734962434052391
60	62	0.2622657805067817
174	45	0.2576783121240393
174	137	0.25309791621729555
174	62	0.18105187622636948
174	162	0.1547272053243188
137	171	0.263922570967849
137	62	0.24484345974248226
137	45	0.232338508481008
137	151	0.1904846322477136
137	72	0.1876111371282523
137	172	0.138435349035534
172	69	0.5245380980702766
172	171	0.3952779539051813
172	146	0.3669985226623552
172	167	0.34146504043509057
172	32	0.31674053834503946
172	62	0.22828554238491025
172	54	0.1715565744696131
172	72	0.16165924549293376
172	40	0.1306882546795523
167	31	0.28553672569830896
167	54	0.21388588421005247
167	74	0.14846453843278698
167	69	0.1281809770719246
69	32	0.3538167621196839
69	171	0.2697090303715361
69	40	0.2695792094849921
69	146	0.2502785931528464
69	62	0.23553353085266215
69	24	0.12105344286732128
7	54	0.2962191751981418
7	116	0.255660612163206
7	31	0.2327357975926526
7	74	0.20834440552725994
7	24	0.1805778963081001
7	163	0.1583950378785307
74	54	0.2362606822781749
74	116	0.16150342285770086
74	57	0.15978884397167553
74	59	0.1376407832326989
40	24	0.2335868697390709
40	62	0.1887397072980901
40	32	0.18176752317592013
40	45	0.17924256395404525
40	72	0.17902962369781125
40	31	0.14517697100804378
32	31	0.3142372428460978
32	72	0.30091918124131223
32	171	0.22351223644014526
32	62	0.1903497084657852
163	162	0.2248608675330314
163	54	0.218385381718028
163	31	0.194018981861513
163	59	0.15285261650751608
163	116	0.13524620954668376
162	57	0.5260007630523912
162	45	0.13569776731484418
59	151	0.5634884656329793
59	54	0.231657261088542
59	116	0.16734119574920267
151	54	0.2016961467723562
151	45	0.1761436063129963
31	62	0.18298561387062587
31	116	0.17168274553941867
24	54	0.16605787708185715
62	72	0.2579677055830524
62	171	0.18790056144816944
62	45	0.17914577500917128
171	146	0.4015705213825719
171	72	0.2622099066279978
146	72	0.20724406087408964
