23	25	0.9110556354302196
23	22	0.770273527960563
23	34	0.7638527069116797
23	26	0.6943464243024023
23	21	0.6234750774805952
23	33	0.5494757422453727
23	27	0.5214942636053663
23	24	0.5126073125735929
23	18	0.498493883025955
23	39	0.4214714708535761
23	8	0.3676213826716005
23	118	0.36615887129757896
23	44	0.34767796242289184
23	138	0.3428424121486884
23	53	0.3362691178617508
23	130	0.3305806455252865
23	29	0.3259499238040552
23	129	0.3203795358428791
23	6	0.31413810137449105
23	15	0.30766117923234715
23	128	0.29597284686892433
23	20	0.2943387867708641
23	127	0.291934782242519
23	133	0.2876569863024788
23	28	0.2805970216333997
23	4	0.25260180074813154
23	132	0.2380726853986246
23	116	0.23283983667407204
23	37	0.2325466219798837
23	7	0.22543994496203
23	152	0.2167753888242945
23	144	0.21607958268484695
23	126	0.21543123698319214
23	40	0.21500208018599998
23	123	0.2082774430681736
23	104	0.20610489108918414
23	107	0.2001415439330395
23	131	0.19729843557242008
23	143	0.19432691685562406
23	136	0.1923920672453684
23	115	0.1774126679467004
23	94	0.1609482393220127
23	41	0.1601980928430257
23	16	0.15969139566235085
23	96	0.15596655667581538
23	149	0.1548638506923108
23	42	0.1546491195985719
23	124	0.15407317776136412
23	120	0.15187583145133268
23	157	0.15084988780310812
25	34	0.766299174302856
25	21	0.6734009336607516
25	22	0.7507056745718067
25	26	0.7041577736141557
25	27	0.599822574938912
25	33	0.5682672960793759
25	18	0.5457651660029798
25	24	0.5144039122230487
25	44	0.4386839761639385
25	29	0.433720369997756
25	130	0.4249110724462027
25	39	0.4222606186392893
25	138	0.40500368822222615
25	118	0.3966608149738475
25	129	0.3950838725358978
25	53	0.38098380892275335
25	128	0.3663407021263258
25	15	0.35270524986472185
25	4	0.3304915709372696
25	127	0.33016194377591257
25	20	0.3147328473659202
25	133	0.31122389983955184
25	6	0.30203738740011643
25	28	0.29167862456722266
25	126	0.2861152568811873
25	8	0.2816377210130072
25	132	0.26828974253347176
25	136	0.2668878645464069
25	7	0.2593673419361716
25	94	0.2562026215693691
25	123	0.2481589628215572
25	152	0.2439596080023991
25	40	0.2403636265352463
25	144	0.23975108445759455
25	107	0.23236688884770826
25	157	0.21996563838187105
25	41	0.21214846965307765
25	42	0.20892785279582685
25	37	0.2056069269625775
25	143	0.2046490045348133
25	116	0.20129319882233065
25	104	0.201005337133154
25	120	0.19173715166705707
25	124	0.1831499165230592
25	62	0.1828116352143775
25	43	0.1809067892545001
25	52	0.1795909754141112
25	115	0.17071205417714025
25	131	0.16486155085291532
25	149	0.16227271869405233
25	125	0.14792661750837197
22	34	0.7245606162252431
22	26	0.6262910543355535
22	21	0.5605672618924121
22	27	0.5306790942892757
22	33	0.5194600671756128
22	24	0.4541608727955551
22	44	0.4283466135257309
22	39	0.42602488090241786
22	18	0.4168884467020863
22	138	0.3855308899901299
22	130	0.3631155663260763
22	20	0.344482738132299
22	28	0.3417565301150758
22	53	0.3401304168457264
22	4	0.3312663225090274
22	29	0.3296272420626533
22	104	0.3203974828669398
22	129	0.3191945242105672
22	118	0.2993268109298766
22	128	0.2960002186280947
22	127	0.2914041234816368
22	123	0.2835700037523829
22	8	0.27982297651024163
22	6	0.2614274878688573
22	136	0.2603091507664841
22	37	0.25202127065913
22	143	0.2514124555811062
22	107	0.2505129186427535
22	132	0.24909714681923276
22	110	0.2397605096291723
22	116	0.2389874956086991
22	124	0.2350328707041495
22	7	0.23456988524162325
22	94	0.2299057928773046
22	15	0.2139622231299471
22	126	0.20863136536531374
22	131	0.19310457479194135
22	144	0.18763043309707145
22	88	0.18485032939990464
22	157	0.1735940309602231
22	120	0.1719544794795168
22	115	0.16937195611951222
22	149	0.16677738287389585
22	152	0.16314889130475616
22	158	0.16280818801004746
22	43	0.15992526637250326
22	96	0.15555674659296834
22	133	0.15250100818682927
22	41	0.15153388648254634
34	26	0.8299575597888287
34	33	0.7387581899996347
34	24	0.6483112481308143
34	18	0.6263579032766041
34	44	0.6054013835076522
34	27	0.5065068770646677
34	21	0.4789878940581306
34	138	0.47612400101454
34	128	0.4276850035830068
34	129	0.4182177418204504
34	130	0.41799494130898496
34	118	0.3962141112001679
34	15	0.39467027722113385
34	39	0.3822141190294788
34	136	0.3799660749009056
34	62	0.3597772430893089
34	7	0.35325675461925793
34	41	0.3450907123583005
34	144	0.34498499849307385
34	20	0.3297163737124632
34	115	0.3158765874940037
34	40	0.31337177727191345
34	123	0.3098504788663568
34	53	0.30955213078625304
34	8	0.3092898957840229
34	124	0.3070182442328789
34	143	0.3009464644243939
34	126	0.2985254450058387
34	127	0.29439358768371243
34	146	0.2851784829992792
34	37	0.2792329835057294
34	94	0.2782461180606036
34	152	0.2775355800633174
34	2	0.2773786670812041
34	42	0.2667578317671865
34	48	0.25774366307728824
34	149	0.2560344289757304
34	116	0.2482903366545597
34	120	0.24707008599124394
34	4	0.2403165147027351
34	104	0.23001944694035995
34	134	0.22813387513267186
34	150	0.21342779585779306
34	6	0.21183329990094887
34	29	0.20731105339506034
34	49	0.1769671102334231
34	107	0.1747091527326615
34	157	0.1724881663636285
34	133	0.16928453660452775
34	30	0.166553771680333
34	35	0.16525065344056092
34	43	0.1510648744133813
34	28	0.1510648744133813
21	27	0.6241958558857165
21	29	0.4946439248569364
21	53	0.5160566209584171
21	28	0.4978172261665504
21	24	0.4683620132010707
21	125	0.4473241286213199
21	130	0.4447126519529974
21	132	0.4419729012812327
21	26	0.42669581866306977
21	20	0.4254026174177843
21	39	0.4138765068203671
21	33	0.4065908118334473
21	18	0.4004544002481297
21	52	0.3975957557611409
21	127	0.38813299185962896
21	118	0.37833921338375376
21	155	0.33658837150904186
21	138	0.33245874439856177
21	157	0.3264860728733716
21	40	0.3236420960053156
21	129	0.3200654257000891
21	126	0.31794559123841265
21	116	0.3152102675979465
21	94	0.3094617102397346
21	133	0.30825858527370026
21	43	0.30531447201284545
21	117	0.2992266632521948
21	111	0.2975140306355405
21	78	0.2887114784827405
21	128	0.28406650522454874
21	3	0.27779399269583194
21	124	0.2777017070827385
21	7	0.27261814422407404
21	44	0.2603557621170786
21	15	0.2564922502241463
21	80	0.25548302238506404
21	48	0.253621969095059
21	104	0.24703252736517506
21	6	0.24359278447307986
21	42	0.2379783510134483
21	4	0.2355996464393927
21	156	0.23413514895759674
21	16	0.23230066737665125
21	122	0.2321966007138549
21	113	0.2255728255236099
21	71	0.2255633343331969
21	110	0.2240631894769064
21	144	0.22202014769109485
21	152	0.22075533457241125
21	81	0.21580310557964627
21	8	0.21121238216872634
21	188	0.20694735635285455
21	115	0.2022620773725193
21	96	0.19828813962449507
21	136	0.19232465736716745
21	180	0.18658824390593065
21	197	0.18293728761525985
21	12	0.18275363978395087
21	37	0.1808294063160492
21	11	0.17755794279135897
21	63	0.1774029826820653
21	109	0.1681381236941552
21	88	0.16530901439513196
21	108	0.16435564077994647
21	103	0.1629347394850736
21	112	0.15984731146257872
21	194	0.1583365426619613
21	149	0.15669822677647655
26	33	0.6393005875927644
26	24	0.6310866694030787
26	18	0.5741555131306877
26	44	0.5057109536695681
26	130	0.4733586100640985
26	129	0.4708485218452387
26	27	0.4683932380970553
26	128	0.4609130418112585
26	144	0.4265976619561739
26	138	0.4162437980725549
26	143	0.4129728096991014
26	149	0.4042928674804993
26	39	0.3977388720808973
26	118	0.3822995070022667
26	41	0.3791871863387345
26	7	0.3744252089223711
26	115	0.3384048675207319
26	126	0.3256638918524536
26	53	0.3120635764692351
26	136	0.3117115132728515
26	15	0.3106186701392165
26	127	0.3099137569814329
26	40	0.30757064198728995
26	133	0.2836159825030835
26	124	0.260476945948805
26	2	0.2589568945456815
26	37	0.2580143776141635
26	62	0.24759582876357225
26	123	0.2424260110726517
26	104	0.2415787197702749
26	94	0.2378745780038472
26	120	0.23519347340907396
26	4	0.23398391437627064
26	152	0.23327485143136756
26	42	0.2294700608963325
26	150	0.2259239694535731
26	29	0.2246994569741073
26	116	0.21929940532427133
26	142	0.21305552994580607
26	131	0.20910955191980088
26	157	0.2082009121526271
26	20	0.20289499222529356
26	30	0.19557750838465035
26	146	0.19288314151776226
26	105	0.18995453318183345
26	48	0.1811099088089722
26	122	0.17944580944239272
26	43	0.17537801092736274
26	134	0.17175068147530964
26	6	0.1626718958152616
26	132	0.16152290112767026
26	8	0.15881422103733564
33	44	0.7225642672569561
33	18	0.6836686042980246
33	136	0.5759559572927002
33	7	0.5410436311928596
33	24	0.5894090186635191
33	138	0.5453999493887345
33	41	0.5435003016047438
33	27	0.5316051696181688
33	149	0.4709496948688688
33	40	0.4652649626308524
33	130	0.4620385088524974
33	53	0.4486429908467973
33	39	0.4480837116697336
33	129	0.44179585887954415
33	118	0.441127616366938
33	42	0.4142327870742705
33	146	0.4063487249610449
33	62	0.4059479040701733
33	144	0.402760854204084
33	37	0.3964248439164801
33	143	0.3823678126800185
33	127	0.3738317897282666
33	157	0.3737457615332472
33	123	0.3645905044764524
33	15	0.3605343933972969
33	128	0.3524950883171251
33	48	0.33561263154261
33	35	0.3352132573811147
33	49	0.3337123103061224
33	2	0.3255655545968621
33	120	0.3244475913791658
33	126	0.31375048262017496
33	20	0.3117115132728515
33	124	0.2994724685064002
33	94	0.28768450366875065
33	150	0.2871248905809603
33	8	0.27483831777217604
33	43	0.2712197938365444
33	115	0.27053409086996816
33	51	0.26002013331796897
33	132	0.2600108093984226
33	116	0.2580983842354792
33	152	0.2576783121240393
33	6	0.24983798186163986
33	29	0.24892830814069386
33	17	0.24807450339381704
33	122	0.24609332073323234
33	133	0.233709772838924
33	154	0.22889210053741085
33	72	0.21721372896172225
33	155	0.21623210694859615
33	134	0.21305552994580607
33	14	0.21097352222875373
33	46	0.2015234631453013
33	145	0.20135076698986315
33	104	0.1989509192900248
33	156	0.1912651212933245
33	30	0.18941468213767892
33	19	0.18639519973910293
33	140	0.1765408567080406
33	28	0.17554277724744746
33	142	0.17044020111936192
33	31	0.16133785248391594
33	121	0.1583755395965252
33	10	0.15633729097016866
33	36	0.15169997857409975
33	173	0.1495987741930101
24	27	0.5966569900627027
24	39	0.5597506579713573
24	130	0.5217417545829164
24	40	0.5092969253107666
24	138	0.4553665211888536
24	41	0.4509323616245022
24	18	0.4366790592572196
24	129	0.4207063747072805
24	144	0.41555736596653386
24	37	0.4110466356699091
24	143	0.3619951323746553
24	35	0.35926350350029057
24	44	0.3570144251037039
24	127	0.3502599286682807
24	53	0.34927694732419184
24	7	0.3412618421060778
24	2	0.3253062680736488
24	149	0.3191945242105672
24	42	0.31434538936216416
24	62	0.31240652998708474
24	118	0.3083128828680495
24	29	0.2973226067442521
24	136	0.29096482192284545
24	128	0.2793067441731329
24	124	0.2673614731836987
24	36	0.2630571380634092
24	150	0.261250464500989
24	157	0.2566977652035972
24	123	0.25466027660933377
24	142	0.2477647865667671
24	122	0.24427934593029665
24	145	0.23213983483875544
24	132	0.22429112817999766
24	126	0.220488963331536
24	146	0.21331325909578872
24	52	0.20653573544873485
24	38	0.20212780096384506
24	8	0.1981440330673301
24	69	0.18129367033154176
24	43	0.1798232246988538
24	152	0.17810991657826458
24	13	0.16914854539805374
24	125	0.1683713293762204
24	15	0.16819642688018754
24	20	0.1661648418535285
24	28	0.16435564077994647
24	94	0.16039295391136313
24	134	0.15614217314164128
24	116	0.15088897733967516
24	104	0.148190698737776
84	86	0.8021809276512728
84	82	0.7741889339192027
84	65	0.7381625643086663
84	189	0.7085171651618482
84	64	0.6475512058625404
84	76	0.4939940670183308
84	77	0.4724269633561661
84	49	0.4551524817186518
84	182	0.4422384003332736
84	54	0.4418039070081783
84	193	0.4410148525039681
84	187	0.4021239437618555
84	87	0.3911694426448871
84	194	0.3882349094459061
84	15	0.3849262547744533
84	47	0.3752846925864495
84	88	0.3657258282118971
84	8	0.3491101151881088
84	55	0.3461209634262947
84	91	0.33746591998894243
84	48	0.33482264168120196
84	154	0.33374785527538964
84	94	0.331132776480598
84	180	0.3200654257000891
84	107	0.3194639328610694
84	90	0.3086567209709849
84	120	0.30141929462484235
84	158	0.2911295743974074
84	147	0.28634477497419364
84	46	0.2767231647341853
84	169	0.27263665771007817
84	78	0.2660703543922921
84	16	0.2631967526946853
84	17	0.2606074424356548
84	188	0.26028118337370665
84	119	0.2565015923174399
84	111	0.24594300472343406
84	42	0.239911306226758
84	4	0.23422021343075666
84	151	0.23230066737665125
84	146	0.2255728255236099
84	93	0.21426755266771288
84	152	0.21280731829315264
84	148	0.20334560102416846
84	85	0.20302922511858928
84	80	0.2024634777260034
84	92	0.1976443973825294
84	121	0.1892989848590798
84	97	0.18815136946804825
84	18	0.18613456728469516
84	183	0.18389398264697732
84	14	0.18011350811259316
84	6	0.16951764938803845
84	117	0.1658439358175287
84	68	0.1654451854529662
84	166	0.16412211463930645
84	174	0.1584827786185788
84	40	0.15440508925643462
84	136	0.14980406798395493
86	189	0.7909634729865193
86	65	0.7698665359089004
86	49	0.5519282176083621
86	47	0.5354965116682717
86	77	0.5345115083800458
86	82	0.765968743345802
86	64	0.6967313763517744
86	15	0.4523333698895972
86	54	0.43729393174076014
86	46	0.4106725982105919
86	48	0.3855904839970599
86	147	0.3821628831125219
86	76	0.3696606662955835
86	154	0.3695052527776914
86	17	0.3638098821528412
86	193	0.3559319960010759
86	42	0.3557049137637781
86	182	0.33166688095141184
86	88	0.3316045797094798
86	194	0.3283520172227929
86	151	0.325967798820469
86	169	0.31863758285235555
86	119	0.3169474486171255
86	107	0.3148679824704066
86	16	0.3143183534979287
86	91	0.3050333426609789
86	8	0.3044527784194028
86	68	0.3014283860615269
86	146	0.2929589939037598
86	55	0.2906444204916464
86	174	0.2880880371185619
86	166	0.2855642795256201
86	87	0.2812509896086003
86	67	0.27439451658738545
86	69	0.2714699142666378
86	120	0.26932881296216904
86	180	0.26844749884119296
86	164	0.2647131865603912
86	187	0.2646015917845905
86	93	0.2642481615855913
86	94	0.2548472967102255
86	40	0.2486468767230409
86	183	0.2383933887018288
86	158	0.2347210758809997
86	171	0.2309852528832965
86	78	0.2294984810054117
86	14	0.22311318124457974
86	92	0.2152500475863348
86	90	0.21411489312887808
86	85	0.2138572564415127
86	152	0.21298870643543572
86	111	0.21236810732834105
86	97	0.20912867730371826
86	172	0.20838266891270849
86	195	0.20552073004652616
86	13	0.20537706143414375
86	188	0.2045723537772613
86	114	0.2023004406642036
86	61	0.20058307719878835
86	148	0.1940382289195181
86	121	0.19178531304853416
86	66	0.17738361204970504
86	32	0.17643428297301195
86	153	0.17157598576984287
86	62	0.16588283539101567
86	35	0.15318465550508462
86	173	0.15289168171175158
86	4	0.14999957387207585
82	64	0.7633524137208783
82	54	0.5091191555911141
82	65	0.7387809009775551
82	189	0.7183222570941037
82	77	0.4464598181864292
82	47	0.4449452688372376
82	182	0.420072454745418
82	169	0.413694174849304
82	107	0.41121283013761867
82	8	0.40224968062671984
82	87	0.4020904113691521
82	180	0.3961213755772046
82	194	0.3926675698690161
82	91	0.3909746182327281
82	193	0.3867646800150595
82	49	0.3666956245380889
82	76	0.3660549554103945
82	55	0.3520921792969087
82	88	0.33517775162217056
82	15	0.3223971311908801
82	166	0.30881956350713435
82	93	0.2980426009000831
82	183	0.29600934243979365
82	48	0.2904796172238286
82	158	0.28497636221040656
82	151	0.28296296211395616
82	174	0.27249780164460063
82	111	0.2710622918060747
82	4	0.2700706225637635
82	42	0.26762143871151434
82	191	0.2671757596871167
82	16	0.2638481418064021
82	119	0.2629826724211014
82	94	0.2571647583553017
82	46	0.25548302238506404
82	68	0.2522928315351225
82	90	0.25040981904157805
82	92	0.24435457066816035
82	69	0.23454153573306535
82	66	0.2217349165853304
82	120	0.2150783808018952
82	97	0.21254953096525295
82	6	0.20799043899182845
82	159	0.20796173661342385
82	147	0.20722491979677007
82	17	0.20187841033164167
82	188	0.20114927232048002
82	146	0.19430767203984325
82	153	0.18456056423292536
82	187	0.18310159327517567
82	152	0.1751744624976025
82	114	0.1749127353699511
82	190	0.17354553728373212
82	172	0.17146922197036027
82	173	0.1664273751649609
82	83	0.1634798229643694
82	179	0.16000321928773978
82	18	0.1593697941690279
82	171	0.159340555991185
82	195	0.15706887404129935
82	175	0.15626900111734104
82	170	0.15413175290715594
82	164	0.15268658406157504
82	85	0.14963787876725973
82	154	0.14895348123712182
189	65	0.6705820311942041
189	64	0.6640926720723506
189	49	0.5343614890790159
189	77	0.5154841158875032
189	47	0.4717819559932554
189	180	0.4305893937233494
189	48	0.4041088107116372
189	15	0.4040000345088015
189	42	0.4031126638230525
189	54	0.3926760279575993
189	147	0.3890074753160747
189	146	0.3849432912788627
189	154	0.3736081030456199
189	46	0.3674570488365675
189	169	0.3603429749282789
189	8	0.3543327944194067
189	193	0.3458480720680864
189	182	0.3414032008432362
189	194	0.3401392599286435
189	16	0.33228973419987906
189	76	0.3170643845592614
189	91	0.3110703579711194
189	152	0.29876225608528584
189	40	0.29863474699682513
189	94	0.2976507473434805
189	172	0.2964563430189107
189	93	0.2916603259888796
189	107	0.28618870624461434
189	164	0.2840756982606401
189	183	0.2830181570945261
189	17	0.28248452713952554
189	153	0.28223605352145603
189	120	0.2819599273068801
189	68	0.27938050154431376
189	173	0.2790116817334159
189	151	0.26776997295258204
189	69	0.2637364921729445
189	18	0.26230302878241896
189	62	0.2620236476697193
189	171	0.2605328741802947
189	174	0.2598336457162955
189	111	0.257192774127765
189	187	0.2571367421505548
189	119	0.24865625844702025
189	158	0.2481777310709879
189	55	0.2450784582731785
189	166	0.2380349521834561
189	195	0.2371291396842107
189	10	0.2281623135860806
189	66	0.22169688290294412
189	67	0.22028916331361603
189	175	0.2163083651233502
189	13	0.21130791908351185
189	14	0.20630596174599533
189	87	0.20116846302267846
189	88	0.1922668760269001
189	148	0.18851789088865714
189	78	0.17466067847365946
189	4	0.1731187566658351
189	6	0.1711003705981359
189	188	0.1697507432042903
189	117	0.16862394759659047
189	32	0.16791461725329407
189	35	0.157439477063732
189	41	0.1565616613882297
189	45	0.15476624746234002
189	60	0.1491490379808283
65	64	0.7551792591701861
65	77	0.5060309143380489
65	169	0.4737387283637402
65	54	0.4441669701735319
65	194	0.43034498432644974
65	182	0.4097493814455908
65	147	0.4080337985612722
65	180	0.4060731773859448
65	49	0.4023586403036133
65	193	0.3875127887133867
65	91	0.3685896206696404
65	183	0.3673445966741829
65	107	0.35183810434305746
65	55	0.3391573107274339
65	47	0.3276470083788073
65	172	0.32681659346381337
65	8	0.32616440861654433
65	174	0.3257711608234482
65	68	0.3251363641661693
65	92	0.323095882204466
65	166	0.30709975856207783
65	67	0.2935622326965858
65	93	0.28999426310322185
65	46	0.2887664762708966
65	171	0.2865283657916605
65	76	0.28169296089112894
65	66	0.2729143357660445
65	158	0.2711086174398775
65	195	0.2694957480257816
65	151	0.2652617577084969
65	15	0.2551558381930763
65	90	0.2542394117432559
65	60	0.2529013580695995
65	87	0.2517028383909145
65	17	0.2466193335106317
65	175	0.2455577659630859
65	187	0.2441570994607381
65	85	0.2305402810764696
65	170	0.2304266557921343
65	48	0.2282950212203825
65	69	0.2218014739060296
65	146	0.22102167288571414
65	173	0.21917565378673828
65	88	0.21843299658932128
65	119	0.2177091384219008
65	164	0.21506884336848145
65	111	0.21248269238212444
65	61	0.20649744141279253
65	148	0.20322097315669108
65	4	0.19966152425590547
65	42	0.1931912172420001
65	196	0.19135182738934767
65	120	0.17586258967139465
65	94	0.16782715351043245
65	114	0.15338972114223598
65	154	0.15145572253665435
65	191	0.14809289333703618
49	46	0.5918443516981836
49	15	0.5648382697661324
49	48	0.5209771611789841
49	154	0.5123271091836671
49	42	0.5388545085020665
49	47	0.4829081934582929
49	152	0.4518878361469026
49	146	0.4307604427364807
49	136	0.4254845171947827
49	62	0.42391082471430297
49	14	0.4185064824160555
49	17	0.4182754967039977
49	44	0.414887017691698
49	41	0.4144150209277233
49	45	0.3979408857028504
49	164	0.39537076295672335
49	18	0.3949235178412563
49	151	0.3945689641787173
49	40	0.3821628831125219
49	51	0.37941834127833335
49	120	0.37862194168938657
49	174	0.37662419907687894
49	149	0.3761692865813003
49	53	0.3704029119995623
49	64	0.34601533500613524
49	157	0.3427100364800173
49	16	0.3164076194345267
49	145	0.3058856354111793
49	67	0.2933429001560087
49	77	0.2931509588468451
49	171	0.2916145786090708
49	138	0.2904613046856031
49	150	0.282042770078351
49	173	0.27717558125500136
49	7	0.2737285956329424
49	155	0.2727384782738815
49	10	0.270728710184556
49	13	0.27035798767204405
49	36	0.2467508140167913
49	180	0.2447682541351369
49	140	0.2386385973316912
49	54	0.2384499780078633
49	121	0.23573187107016186
49	187	0.2349006000157429
49	153	0.2312692269405165
49	31	0.22298014621881773
49	35	0.22155425058702624
49	147	0.2193565190389521
49	117	0.21693739428577444
49	144	0.21649899901190303
49	113	0.21371411208963745
49	94	0.20797130411268774
49	156	0.1993158507252017
49	139	0.19535629606700644
49	172	0.18654963622471224
49	43	0.18119695531797236
49	19	0.17004208376452154
49	115	0.16884739909820548
49	72	0.16884739909820548
49	166	0.16841019515826208
49	32	0.1674286741546583
49	1	0.1645502318255935
49	137	0.16110409061352565
49	122	0.15770277332394975
49	130	0.15390720896833318
49	118	0.1528819154554835
49	148	0.15250100818682927
49	5	0.14930547497662008
49	69	0.14913926042060086
47	153	0.3985971634453144
47	46	0.4541926217348381
47	48	0.4320870561626582
47	154	0.4040000345088015
47	15	0.40160407048831503
47	42	0.40033684458003693
47	77	0.37987195213129293
47	67	0.3792728047996784
47	164	0.3674310992909972
47	51	0.3631416104549224
47	148	0.34956665577411844
47	180	0.3331790219348102
47	151	0.3321295995877547
47	174	0.33108825818934484
47	41	0.3290031560466577
47	40	0.320837113084068
47	171	0.31865555213965524
47	91	0.3002551387065356
47	179	0.29833414767883204
47	64	0.2944757854230244
47	147	0.2925749931661076
47	152	0.28767533126609984
47	155	0.28649164931104365
47	45	0.2844893308053366
47	146	0.2826041490699273
47	120	0.2826041490699273
47	16	0.2817942291511356
47	53	0.2771294219304701
47	18	0.2693566365970647
47	172	0.2621074666175893
47	72	0.2574168847404155
47	62	0.25593163698030336
47	192	0.2345037357677384
47	157	0.2337570412736339
47	156	0.23024673624153275
47	136	0.2297542443716729
47	14	0.21815681586469807
47	31	0.21751860958225774
47	17	0.21380954267766236
47	145	0.21289324082135114
47	149	0.19912378843322076
47	54	0.191062795462536
47	140	0.1897617424050429
47	68	0.18790056144816944
47	43	0.1860476839763933
47	166	0.18055854840575936
47	69	0.18048115539915915
47	50	0.1804521324454486
47	178	0.17779036644488505
47	137	0.17746109375435504
47	122	0.17675399175835305
47	52	0.17533924095327608
47	94	0.17498059292645016
47	13	0.17085767905624352
47	36	0.16966333524747906
47	89	0.169187400685924
47	173	0.16887654366724175
47	35	0.1657953106249119
47	32	0.16412211463930645
47	114	0.1623992928066208
47	2	0.1617955836867654
47	76	0.16110409061352565
47	187	0.15886295955243634
47	169	0.1512114480015216
47	139	0.1486014497455019
77	147	0.4509562611013408
77	64	0.4104730550230637
77	10	0.3687278751856374
77	42	0.35479616494023625
77	76	0.3522410956685221
77	78	0.3477219176604641
77	180	0.3348137627134873
77	1	0.30006405882222104
77	4	0.2935713708819146
77	113	0.28668440144393986
77	154	0.2843422735814925
77	148	0.28305495270686365
77	187	0.2828249664635317
77	13	0.27454246331468235
77	8	0.27222931440014525
77	146	0.2720163460932832
77	151	0.2606447253974241
77	14	0.2593113773503994
77	166	0.259208771086993
77	91	0.258490363515462
77	31	0.2570246730095411
77	169	0.24783048830989698
77	15	0.2469855780387925
77	111	0.2421906894082423
77	172	0.2420024115569314
77	68	0.2401092091919059
77	67	0.2380255187673862
77	194	0.2376009685882569
77	182	0.2359679647727811
77	54	0.2355996464393927
77	40	0.2293753243736135
77	69	0.2285225002842425
77	94	0.22641736979141436
77	107	0.2219821190712296
77	114	0.2214591571091021
77	97	0.22105020717910812
77	188	0.2200988603949139
77	48	0.2173661745736487
77	183	0.21704221498236909
77	35	0.2162035094528161
77	164	0.2144965223485408
77	120	0.21314144295889664
77	153	0.20844962830230754
77	87	0.2053962177607085
77	152	0.1989893357255534
77	61	0.197135047628198
77	92	0.1923439175176042
77	2	0.19194905483532976
77	162	0.1828116352143775
77	53	0.18151610155195635
77	137	0.18111958078346435
77	46	0.1806939807868718
77	119	0.17511630305192796
77	100	0.1684199115219601
77	30	0.1651047459917294
77	174	0.16385937574144852
77	186	0.16353821885235534
77	62	0.16328516173283142
77	18	0.1553615801039599
77	102	0.14948145766271292
77	157	0.14795596090961805
126	128	0.7941982099374829
126	124	0.6951172719654821
126	133	0.5814959782680051
126	129	0.6665116621682361
126	130	0.6099049526406047
126	144	0.5560728327253045
126	123	0.541722259421183
126	138	0.5211957018552765
126	115	0.4526117138946023
126	132	0.4251404913076188
126	127	0.4232461539468696
126	118	0.398210177178266
126	15	0.3614127883407988
126	44	0.3517066659150363
126	117	0.3261733447551831
126	18	0.30629347453531386
126	122	0.2924744059432185
126	125	0.26548485618910994
126	136	0.2641365372974537
126	150	0.2590035410080098
126	119	0.25074721478371803
126	17	0.2491534230147576
126	27	0.2490877672897545
126	104	0.24030709220036398
126	149	0.2289110526187749
126	143	0.2261801725762993
126	120	0.20520464741495206
126	7	0.1986723818532052
126	152	0.18718658920274625
126	105	0.18639519973910293
126	155	0.1832079032522584
126	112	0.18166115538715907
126	53	0.1792232064425887
126	71	0.17631801599869742
126	6	0.17492242940834474
126	9	0.17339035186454024
126	20	0.16963419866860532
126	108	0.16357714880771218
126	131	0.15893119217275614
126	3	0.15709813378448093
126	116	0.15454174857099431
126	94	0.1526279823163605
128	129	0.7415840824885568
128	130	0.7347578655103368
128	123	0.5529981851963652
128	124	0.6777334428506648
128	133	0.5588573254569288
128	144	0.5254363395009564
128	138	0.5093931990995145
128	115	0.4851440893407909
128	127	0.4640182310471088
128	118	0.4541688101385229
128	132	0.4241978869759429
128	44	0.3725923636779779
128	105	0.3183590296182984
128	7	0.29704910257651
128	104	0.2919622252246515
128	149	0.2901041676773749
128	18	0.286041804155286
128	27	0.2806338718322359
128	150	0.2791038944084128
128	108	0.2740245929454004
128	4	0.2588822576934811
128	122	0.2580890503591484
128	6	0.2569032569720555
128	116	0.2552960671497245
128	143	0.2502692195231284
128	15	0.24515365172269765
128	136	0.24453321763222294
128	117	0.24260483646317346
128	20	0.20665061375980426
128	125	0.19022441565755926
128	131	0.1893279096716379
128	152	0.18419348229474203
128	9	0.1805972440706893
128	112	0.17448616413247034
128	29	0.17309935600074344
128	3	0.15540061437253916
128	17	0.15365335754749956
128	146	0.14816135742183728
124	144	0.6104635834540773
124	129	0.6273595322256371
124	130	0.6085088692463253
124	123	0.52643461999324
124	115	0.5010296837831735
124	138	0.4264749519397012
124	133	0.4258939115280052
124	118	0.4073667742334092
124	150	0.4015872960701724
124	132	0.39244763625347534
124	20	0.3732724915373534
124	127	0.3212317653068265
124	104	0.3196255532687917
124	44	0.31192817768366
124	125	0.29970913229630985
124	27	0.2903880524051647
124	116	0.28136149362424745
124	18	0.2599641890734222
124	122	0.2588822576934811
124	53	0.24194592464683304
124	117	0.2333032187181485
124	136	0.2328303787959461
124	157	0.2162797686170536
124	146	0.20755986573130789
124	110	0.2072536313532474
124	37	0.20465858570305465
124	121	0.20413156325856474
124	56	0.19947909163500446
124	42	0.1849565685783872
124	58	0.17584320815623644
124	60	0.1724396535536514
124	112	0.17181861577769414
124	28	0.17167304027240787
124	15	0.1646669803062591
124	1	0.15794654616677925
124	163	0.15675675296609287
124	3	0.15674699867759867
124	4	0.1561714415931843
124	94	0.1532432470341739
124	143	0.15074238914551555
133	132	0.5369499386211711
133	129	0.5625117317866358
133	144	0.4680418905662806
133	130	0.4500237025042244
133	118	0.4031042887874893
133	131	0.395007918049318
133	138	0.3861862470804046
133	115	0.3698333237267079
133	117	0.3686501090272723
133	29	0.3558795961372382
133	157	0.3489256960237053
133	125	0.341049775056026
133	127	0.33245874439856177
133	53	0.3303846736597601
133	152	0.321402148834644
133	6	0.317828728030641
133	108	0.3158945918198878
133	18	0.31015780398952386
133	123	0.3027460635649308
133	156	0.2980881587515386
133	122	0.2856836739881181
133	15	0.2765384696567468
133	28	0.2755869667032002
133	106	0.2732104755781869
133	149	0.2657729829822088
133	44	0.2571647583553017
133	116	0.25203063548831955
133	104	0.24952855463733956
133	9	0.2475207315717861
133	155	0.2367232773236761
133	109	0.2329438704262505
133	4	0.23213983483875544
133	27	0.22357873835916844
133	12	0.22202014769109485
133	143	0.21883292042697006
133	3	0.2127691294462872
133	94	0.20775124156479527
133	7	0.1976251785727185
133	43	0.19745220244940506
133	11	0.19625064072677284
133	14	0.19074482207292373
133	111	0.18828640977874667
133	135	0.1868584815320086
133	20	0.18683917978171968
133	112	0.18399059917025015
133	186	0.17080913825893015
133	8	0.16557162435860126
133	16	0.1626816311779677
133	40	0.1619027022206907
133	58	0.1576930220102191
133	63	0.15715665244340207
133	142	0.1530381719711311
129	127	0.5716363054505127
129	130	0.7287985350434495
129	144	0.5589742196934419
129	138	0.5318777250047273
129	118	0.5166799801023402
129	115	0.4959721433760971
129	123	0.4788106432966438
129	132	0.4351238793819371
129	27	0.4022999711245655
129	150	0.3894062787686228
129	44	0.3879970869760208
129	18	0.3874023047491798
129	7	0.36352352580209296
129	53	0.3627769410254569
129	149	0.3562114241377167
129	136	0.3550234150891198
129	143	0.33324124990514875
129	157	0.3198769258271917
129	122	0.2791961019361701
129	29	0.2782553438259109
129	94	0.27702786691386755
129	116	0.2701633262456831
129	15	0.2503910730492464
129	117	0.2320262983448896
129	125	0.22196310450803797
129	41	0.21662290218781172
129	104	0.20600913703857865
129	40	0.20592295501973476
129	131	0.2025401971664239
129	152	0.1910724303942088
129	20	0.18892293241668165
129	37	0.18737957421149648
129	43	0.18584494494390646
129	62	0.1623895565261125
129	183	0.1607728970245536
129	14	0.15788804243910853
129	4	0.15475648697314792
129	42	0.1504687401175325
130	27	0.6350833233633785
130	144	0.5875198004887211
130	132	0.5335822765312286
130	127	0.5259067246069178
130	138	0.4876557212520182
130	157	0.4740178865245985
130	53	0.4693528323308092
130	122	0.4394266280876052
130	118	0.4363957569798053
130	149	0.43579649009618815
130	123	0.4164504618377632
130	18	0.4017634140201334
130	29	0.3962141112001679
130	150	0.3961803900906312
130	125	0.3927352327177172
130	115	0.3811120292949097
130	7	0.3684167795921525
130	44	0.3533967802501136
130	41	0.3499352789562585
130	116	0.31973328987671346
130	143	0.3178736765612888
130	136	0.3120906547054502
130	40	0.3119642852656005
130	94	0.2937541233193409
130	42	0.2936353366768272
130	20	0.27761864564842603
130	39	0.2774617405038826
130	145	0.2685681263030828
130	152	0.26482477424667106
130	15	0.26452719133002084
130	43	0.26247063634889023
130	155	0.24468364430632425
130	28	0.2407404804131771
130	131	0.21697551148167069
130	104	0.190176224465658
130	117	0.18913507138375124
130	17	0.1792232064425887
130	37	0.17812928204643064
130	78	0.16954678715284516
130	146	0.16738979518873806
130	48	0.1560836354159931
130	59	0.15431723371963396
130	156	0.1491294828312089
123	138	0.5442960189590329
123	144	0.4062485343904018
123	150	0.3977388720808973
123	44	0.3917537055179021
123	136	0.3720238485022645
123	37	0.3080232724917372
123	118	0.303345451294655
123	27	0.2865926176075496
123	134	0.2786058848500514
123	7	0.2745147242931493
123	127	0.2688650195490996
123	104	0.2587702966186521
123	149	0.25753826642895983
123	146	0.24721092422654165
123	115	0.2456141472153415
123	143	0.2419741683069078
123	140	0.2298110763673928
123	41	0.22915741388036856
123	20	0.22792531458279305
123	145	0.2214781761416955
123	3	0.20812437868762906
123	56	0.2041219799359536
123	11	0.2017057399396506
123	18	0.19987274473518615
123	4	0.19878764261891887
123	132	0.1903304330526366
123	42	0.18746641274736806
123	9	0.18700324005970104
123	2	0.18547804362115267
123	116	0.18024896297348053
123	135	0.1802296126974988
123	15	0.1681284063821034
123	53	0.1666509960448144
123	39	0.16631069660384462
123	31	0.16169819989255332
123	122	0.15563480978922845
123	58	0.15470768407407334
123	155	0.15305770349770548
88	90	0.7928279676352815
88	87	0.7487218641185229
88	193	0.7071749810978889
88	81	0.580939742262775
88	76	0.5997329376091854
88	190	0.5744637905948103
88	194	0.5535394221758019
88	96	0.5501664619259394
88	92	0.4962962992262291
88	80	0.4915863086236397
88	93	0.4876404772653933
88	94	0.4846239658887297
88	98	0.4144564330791194
88	55	0.4040000345088015
88	78	0.40270220769214105
88	188	0.3995135860518282
88	83	0.3781249782649264
88	61	0.37725905614249694
88	182	0.3739694214617915
88	97	0.3683389927962597
88	8	0.3647292281851404
88	91	0.35168913974333416
88	107	0.3415092097622477
88	198	0.3343519744892876
88	68	0.3342098534864054
88	63	0.3313197372047081
88	85	0.31465176017813595
88	54	0.2988897545076201
88	64	0.2790024601828725
88	111	0.27647382155217826
88	187	0.27420031679354884
88	158	0.2687165793085021
88	184	0.2676121548990137
88	75	0.2562399955950043
88	74	0.2172042007590665
88	191	0.21496392889369545
88	117	0.20648786780495665
88	69	0.20000714809743608
88	89	0.1898003017315837
88	4	0.18953037415685445
88	53	0.18851789088865714
88	185	0.18709009127867385
88	73	0.18450260734731375
88	148	0.1826956430816452
88	28	0.18150643101535432
88	20	0.17581413562789466
88	167	0.17529077772091206
88	6	0.16696209222652486
88	180	0.1582000495016972
88	39	0.1547272053243188
88	95	0.15266705026578573
88	29	0.14896325935116092
88	121	0.147936398671061
90	92	0.5676033957299107
90	87	0.682452388906151
90	193	0.6342532209623495
90	194	0.6287704259421472
90	81	0.5510166174514284
90	76	0.5301616632908253
90	80	0.5091636020944713
90	94	0.5030715718622562
90	190	0.4967107155549884
90	93	0.4575277399340231
90	91	0.4339152025070923
90	182	0.3831530275042387
90	184	0.3559756608446649
90	61	0.3521009395770369
90	78	0.34489689691891384
90	68	0.33381005668795377
90	188	0.3312930301223065
90	96	0.32947570477265464
90	187	0.3277094922662723
90	55	0.3183230832594332
90	63	0.2837539109304135
90	185	0.2789471297990674
90	107	0.2692453393598825
90	98	0.2667856967519578
90	8	0.2652338684005693
90	83	0.2650107379624208
90	180	0.2597497199710264
90	158	0.25956320426743784
90	54	0.2514311913224393
90	97	0.2440630584338949
90	85	0.2310136520608828
90	75	0.22391121672002368
90	191	0.22098362657256748
90	74	0.21932796236951124
90	167	0.2129218809324643
90	111	0.20935816942801871
90	73	0.2069282128177891
90	69	0.2039303052700454
90	64	0.2013987394002908
90	198	0.20023753634775174
90	148	0.1763277051011858
90	50	0.15789779313737354
90	117	0.15650313153171697
90	4	0.15522495634408098
90	183	0.15427818603097046
87	190	0.6080174568778138
87	76	0.6023071931201646
87	193	0.6226920160880617
87	194	0.5800512890886963
87	81	0.5529912432279049
87	80	0.5051525496574958
87	96	0.4909110882029641
87	188	0.4647319947026217
87	94	0.4633823956685906
87	93	0.4499678772390243
87	83	0.4360799753416832
87	182	0.4171114966763994
87	78	0.41450612539524656
87	191	0.4086504084966581
87	55	0.3943240847188229
87	97	0.3941467232460668
87	92	0.3815307803361288
87	98	0.3764439724405481
87	91	0.3753791964387711
87	198	0.3751815885758004
87	184	0.3417212015331788
87	187	0.3313909534954663
87	117	0.3289942384480857
87	64	0.32072946131431856
87	89	0.32010132756536297
87	85	0.29796970551352026
87	180	0.29664787495581874
87	61	0.29223662859950594
87	185	0.2695977559259912
87	68	0.2558101480692815
87	8	0.24468364430632425
87	192	0.24180470019715816
87	73	0.2404201592394965
87	75	0.2372046398334758
87	148	0.22731847411186934
87	16	0.21969916974390968
87	121	0.21095441234466436
87	54	0.21060085041689494
87	107	0.20712921203052415
87	169	0.19884527093989035
87	159	0.19756752123178747
87	20	0.19424993669509208
87	63	0.19118804670188436
87	95	0.189385758310984
87	101	0.17774194648521532
87	74	0.17504844882064374
87	111	0.17464128853298094
87	52	0.16022732279967092
87	53	0.15634704654143125
87	19	0.14827872112008214
193	194	0.6719884323001261
193	182	0.5606426913188868
193	190	0.4878767256416306
193	93	0.4792498453908185
193	76	0.4787566896626311
193	195	0.4499120484569727
193	81	0.4205829159952843
193	180	0.4179784355664201
193	158	0.410863790192168
193	98	0.4083254848398417
193	55	0.4040000345088015
193	54	0.4017047113381671
193	169	0.3950332368116173
193	91	0.391728309348412
193	191	0.38986429829706604
193	175	0.3826239217507236
193	94	0.3822738912958799
193	198	0.3783220760652894
193	96	0.3768987753237023
193	8	0.3583835454689291
193	64	0.3509615862944492
193	92	0.33951125161933265
193	80	0.3319961394504846
193	78	0.3280397166114826
193	187	0.32723632868967284
193	185	0.3125689532405591
193	68	0.3039264466040623
193	188	0.2963742506015172
193	85	0.2963468854891085
193	61	0.29454884642263685
193	199	0.2651501978139358
193	6	0.2560718064477609
193	66	0.2558381846891559
193	111	0.2547818418427875
193	97	0.2545387033265762
193	173	0.2406085898058889
193	63	0.2391572076020879
193	172	0.2321209125289639
193	183	0.2310325846272578
193	50	0.22812439556169584
193	83	0.2255348605050597
193	159	0.22405369149875404
193	147	0.22141160879055455
193	107	0.2110786237082516
193	170	0.2064017035554804
193	184	0.2042178114012341
193	89	0.19987274473518615
193	196	0.1985859326720608
193	148	0.18742781820421767
193	40	0.17009063763615848
193	16	0.166602384267519
193	121	0.16160081294893344
193	167	0.15186606209917752
81	96	0.7172703105108859
81	80	0.6805619091439533
81	61	0.6042725575472342
81	198	0.5876965739734756
81	182	0.5522480090065334
81	98	0.5280735657883924
81	190	0.499064809542392
81	92	0.4917682894462001
81	76	0.44382976669291213
81	63	0.4264258635367396
81	194	0.41696280227413796
81	78	0.4031377885246103
81	183	0.378913163633331
81	8	0.3769931456152839
81	111	0.3388121258826226
81	107	0.3365972385618777
81	93	0.3336678777600775
81	199	0.3221282871696431
81	188	0.3082404856292232
81	29	0.3037085998263765
81	97	0.2972679098125085
81	117	0.2955804649235315
81	60	0.2919439299566425
81	55	0.2863906746504909
81	74	0.28346884591157784
81	79	0.2811220588294571
81	4	0.27863355598159073
81	68	0.27383960070489
81	91	0.271766305816284
81	85	0.2670457484290652
81	132	0.26598672379888577
81	83	0.25877962697384344
81	6	0.2399772760983261
81	69	0.21627023636582068
81	127	0.21389542671792744
81	94	0.21039059827684872
81	113	0.20869831749415935
81	162	0.2054536857960403
81	110	0.20289499222529356
81	12	0.19922942458783766
81	28	0.19579870080167897
81	118	0.19299867437433305
81	3	0.18613456728469516
81	95	0.18086809806519671
81	20	0.1786327357461491
81	187	0.1768896145251015
81	71	0.1697604550346559
81	185	0.1691388314939272
81	169	0.16533819443830428
81	11	0.16300288036673294
81	64	0.15964267034043314
81	75	0.15667871780202422
81	148	0.15323348185413746
81	191	0.15081079779480602
92	93	0.5597918573396794
92	194	0.5434227901545947
92	68	0.4746998720660758
92	190	0.4623373341301835
92	80	0.42732541830235743
92	91	0.4197841736760942
92	69	0.4085171190078051
92	61	0.4018221134003498
92	107	0.3787504312048711
92	60	0.376581290558262
92	182	0.3352221336720807
92	183	0.32920824461620196
92	159	0.3212586693521341
92	64	0.30535981047434224
92	167	0.30498799423638434
92	66	0.3040625847039041
92	4	0.3011374329099812
92	63	0.2929681356272569
92	78	0.28793213858685063
92	111	0.2734788075608931
92	94	0.2724052246273959
92	55	0.2715903295475073
92	96	0.2466005498398992
92	79	0.2465160210288971
92	184	0.24552017753855765
92	54	0.2439502031423587
92	76	0.2363173323284567
92	8	0.2335679609072505
92	97	0.22857936615247826
92	191	0.22752709546382846
92	162	0.2237592330736614
92	169	0.22154474142881814
92	83	0.2182330071430992
92	110	0.2174709747815004
92	175	0.2139240539966144
92	195	0.20834440552725994
92	170	0.20665061375980426
92	147	0.2011972487864307
92	114	0.19441351667525408
92	113	0.1881224313328494
92	180	0.18629867225724733
92	181	0.18566150075387727
92	99	0.18174818389426725
92	185	0.18119695531797236
92	98	0.17683149130443118
92	188	0.16536737419200348
92	166	0.16429726097091285
92	174	0.1624382376124035
92	198	0.16110409061352565
92	95	0.1596134347738904
92	172	0.15867774907786347
92	101	0.14944235121715366
64	169	0.5018082058635187
64	54	0.4643085154159482
64	107	0.4069413192002737
64	194	0.3924222564090911
64	55	0.3567177252621637
64	8	0.35358928963738023
64	76	0.3509878907964335
64	182	0.3466577721912377
64	93	0.3352221336720807
64	180	0.3282627957982083
64	158	0.32463547266499565
64	183	0.3174960645128469
64	147	0.3034271674018416
64	15	0.3007281851687639
64	4	0.2956991025486961
64	166	0.2792329835057294
64	91	0.2773140515514485
64	170	0.2772586648149349
64	151	0.27660311525848746
64	68	0.27031164171765765
64	171	0.2653640147063373
64	66	0.2649084603573562
64	172	0.2633270497384198
64	60	0.2349478405462677
64	175	0.2324520275735775
64	69	0.22662608113017965
64	119	0.2239587093766285
64	173	0.2172804252212158
64	46	0.21662290218781172
64	174	0.21473500736549572
64	61	0.20968324378946554
64	191	0.2028470500578657
64	97	0.19699087270004007
64	111	0.19548133156014716
64	6	0.19194905483532976
64	159	0.18885542995530602
64	190	0.18293728761525985
64	42	0.1804908296472241
64	195	0.1802392878529281
64	14	0.1795619428452538
64	187	0.1762405019489142
64	17	0.17595949520182125
64	164	0.1696439108945162
64	162	0.16364527500367582
64	152	0.15329207248538668
64	96	0.15212005560626327
54	158	0.5852692397402762
54	159	0.4694931678986332
54	107	0.4959193607293631
54	6	0.4491300763593328
54	55	0.4439502109442269
54	4	0.4186384499501144
54	169	0.3977388720808973
54	111	0.3933862701698107
54	8	0.37754205384979056
54	30	0.3600557903183294
54	194	0.3355238921485447
54	171	0.3008464236782269
54	93	0.29256584914062106
54	146	0.2877395369763317
54	69	0.2776463332544475
54	175	0.27455170955365543
54	42	0.2734325464612693
54	61	0.2725626025547943
54	83	0.27220153743729103
54	63	0.270497018016582
54	166	0.2700428104826701
54	3	0.26618185561967805
54	105	0.2543703578065817
54	182	0.2535096845706443
54	170	0.2506441280990063
54	151	0.2498661090802985
54	190	0.2453134280091007
54	68	0.2444391949828228
54	102	0.2428871587748737
54	183	0.2334923238134887
54	62	0.23095685331212004
54	191	0.2167563285730452
54	172	0.2043902981742856
54	147	0.20241552681361852
54	167	0.1951062060313368
54	76	0.19352813145089287
54	97	0.1900412842532901
54	91	0.1883732176479958
54	66	0.18568081127831307
54	67	0.18307259890172065
54	17	0.18144840705859067
54	114	0.17356493485533206
54	195	0.17017803252381675
54	15	0.16581476079871385
54	35	0.1639274954673421
54	1	0.16360634593991552
54	104	0.1624479737347776
54	96	0.15521519727680352
54	85	0.15483457004065168
54	31	0.15387791945597515
54	44	0.15202236817169887
54	11	0.1485818913351937
12	113	0.7605843737685621
12	3	0.6425823793135653
12	112	0.5900807855211321
12	70	0.5478261458482451
12	11	0.5997137276514595
12	9	0.5683214593993373
12	106	0.5476931535694366
12	0	0.5388261224574971
12	10	0.5211010092846252
12	103	0.5159905861908474
12	176	0.5076434750636188
12	109	0.4965901814223133
12	108	0.4876938299176676
12	13	0.4642692936253048
12	111	0.460983919196029
12	114	0.4367518944204483
12	43	0.4036903781658148
12	125	0.3896013847233339
12	156	0.3892790169235847
12	181	0.3879291282059016
12	52	0.38708778948319306
12	155	0.38415081644738974
12	6	0.3782963696013345
12	61	0.3644777795449643
12	1	0.356962071540292
12	110	0.3409967528680412
12	32	0.3397677986648712
12	197	0.3325387944096408
12	38	0.3308567393177597
12	29	0.32993026568976896
12	139	0.326530742486345
12	78	0.3264503361329199
12	5	0.3243312710847837
12	132	0.3158675852457533
12	102	0.3134980234704986
12	35	0.31198233871865183
12	51	0.3094074552254151
12	157	0.2934068753382426
12	73	0.2879413095112799
12	80	0.28468232309494584
12	135	0.2726459143773696
12	188	0.271766305816284
12	53	0.27152549160645545
12	20	0.26070996870984336
12	104	0.25969376729409344
12	148	0.25898488256804536
12	116	0.2537155343114069
12	45	0.24952855463733956
12	145	0.2466850748989113
12	36	0.24506905888465
12	177	0.2436774422468509
12	42	0.2351745796396013
12	40	0.2299910340126818
12	89	0.2294605874396826
12	149	0.2268727131534089
12	142	0.2190233345212442
12	56	0.2187948356075044
12	74	0.2171279736478674
12	117	0.21707080157653305
12	99	0.21230126334967386
12	7	0.211670922524015
12	71	0.20968324378946554
12	79	0.2086600593743126
12	95	0.2083348395812433
12	163	0.205587772367982
12	186	0.20308675116577696
12	168	0.2015906193784088
12	28	0.1987972474345568
12	58	0.19748103265745112
12	198	0.1944327606681164
12	166	0.18866255594750164
12	2	0.18378770036714606
12	19	0.1836814137898852
12	154	0.18136136875465733
12	72	0.1768896145251015
12	161	0.1734776447228172
12	59	0.16585366075928967
12	16	0.1628665970490442
12	97	0.16204876679960972
12	98	0.161211233716281
12	159	0.1533311323074839
12	69	0.1506935249406552
12	122	0.14939346750274635
12	199	0.14876769153781202
12	37	0.14808311263760254
113	111	0.6967107931625787
113	10	0.5585065094689521
113	114	0.5475461298975856
113	3	0.5401447788796317
113	11	0.5137343953622219
113	13	0.5005651786108465
113	9	0.4630760823928506
113	112	0.455620129451131
113	103	0.4540021107966501
113	70	0.4394185590097625
113	108	0.4393459341181136
113	0	0.4245094580752015
113	61	0.42118360177057895
113	176	0.4190177581287689
113	106	0.4169132325127817
113	52	0.4134206146602499
113	43	0.4113789972710577
113	1	0.4094830727941336
113	6	0.4023167340843531
113	188	0.4015034199377296
113	110	0.3953285780248342
113	181	0.3677251606352629
113	109	0.36546592631827
113	148	0.3535542901578111
113	104	0.348908130883956
113	102	0.3488554339938647
113	42	0.3415975438912261
113	156	0.3406962528270361
113	155	0.3375013641805891
113	78	0.3355860103497392
113	166	0.3351422449111544
113	125	0.3184399055783401
113	117	0.3020828253847107
113	4	0.301937419003331
113	32	0.3014283860615269
113	147	0.2979423688475257
113	8	0.2949414902878746
113	135	0.2939003098096372
113	80	0.2926664304779131
113	153	0.2886748122320337
113	35	0.2789010197310534
113	139	0.2751063909291305
113	5	0.26313160057158785
113	36	0.25949791919534304
113	132	0.253621969095059
113	198	0.2529855998332128
113	45	0.2513656154034761
113	51	0.24811204138293896
113	69	0.2415410538174371
113	116	0.2399772760983261
113	37	0.23949658774677066
113	199	0.23927034081435636
113	40	0.2387894798285599
113	157	0.2382330435444072
113	197	0.2331802909414553
113	20	0.2298773783815413
113	182	0.2288162904768817
113	91	0.2275839885723265
113	7	0.22597141683555985
113	107	0.2257436596274386
113	98	0.22191556736149115
113	118	0.22128797823579574
113	68	0.21729948092274096
113	146	0.21694692364677096
113	168	0.2140958099509099
113	28	0.21376182789363526
113	63	0.2136759387121985
113	154	0.21301734532676225
113	177	0.21256862733800969
113	159	0.21172823352131545
113	29	0.20955895612038467
113	174	0.20801914101204613
113	149	0.2042657256662221
113	2	0.2026456823373884
113	38	0.20179207670360444
113	121	0.19387462416617413
113	30	0.1921320477157848
113	151	0.19130365770461225
113	53	0.1860187222269754
113	76	0.18073267449459468
113	163	0.1805392003636809
113	183	0.1803263626821258
113	95	0.17873922359130512
113	99	0.17700585726480028
113	136	0.17022658408251826
113	16	0.16904169064565394
113	162	0.1664273751649609
113	164	0.1663593132371406
113	96	0.16597035754376438
113	180	0.1647156241449967
113	175	0.16132811276722894
113	173	0.16098720289771748
113	19	0.15937954016618247
113	194	0.15928207879695486
113	62	0.15553723049028198
113	171	0.15504928849940516
113	60	0.15220797175636444
113	122	0.15186606209917752
113	79	0.1515631974737267
113	97	0.14993114814477085
3	9	0.7221769409359118
3	11	0.6737614839442471
3	103	0.6298696257534553
3	95	0.435845093710406
3	106	0.6400922439130844
3	6	0.6000913966090861
3	111	0.5478331446750427
3	108	0.534025609582121
3	109	0.5012543407852762
3	0	0.4855568841723739
3	104	0.4679872232000995
3	110	0.4426083606370232
3	159	0.4423912282775027
3	1	0.4283874386102665
3	10	0.4214714708535761
3	52	0.3921599630297386
3	176	0.39189760586883776
3	5	0.3802740580407615
3	102	0.3769845668212611
3	156	0.37214446597517614
3	112	0.37079973313314935
3	43	0.3357191109531846
3	135	0.3295113621331047
3	70	0.3222716771166831
3	4	0.3015192974137053
3	155	0.30118289803770576
3	83	0.2841860106193823
3	78	0.2817942291511356
3	20	0.28077205270896144
3	177	0.2783014718822851
3	114	0.2725903736165361
3	118	0.26703646153858285
3	96	0.2639411777671621
3	198	0.25198381087035804
3	116	0.2489658291549684
3	97	0.2453134280091007
3	63	0.2422377560217465
3	61	0.2376387100607294
3	42	0.2336435951744409
3	117	0.2326601294600778
3	125	0.2279821968078892
3	89	0.2275365777564616
3	181	0.2274133045870141
3	197	0.2264363444089812
3	8	0.2237592330736614
3	29	0.22096460316375707
3	188	0.21459191942617875
3	107	0.21121238216872634
3	99	0.2099891537928069
3	71	0.2044573729369367
3	35	0.19906616676184632
3	190	0.195741000351762
3	7	0.19529858523557
3	148	0.1921705708307529
3	73	0.19096644412112249
3	28	0.1879777357582377
3	80	0.17974581049672056
3	153	0.17792593775152513
3	74	0.17366192069301362
3	132	0.16515338261132456
3	69	0.16501719805299694
3	53	0.16284712749619665
3	138	0.1612404539030973
3	167	0.15999347528245114
3	19	0.1505957943220897
3	62	0.14911970521265444
3	98	0.14884592006053135
3	40	0.14836674115308734
112	109	0.5217344766895295
112	176	0.4893079266911686
112	103	0.4466759740051582
112	108	0.4311920002538976
112	9	0.4301412616143157
112	11	0.4114620705853795
112	43	0.35933317587648683
112	197	0.35908930503897285
112	155	0.3497070964224885
112	70	0.3486621931911413
112	106	0.3479504602549787
112	125	0.347906512966581
112	102	0.32564601287541434
112	0	0.32451022131988555
112	181	0.3179096343570981
112	149	0.30840337439440324
112	110	0.2945945077989771
112	156	0.2917701142563561
112	117	0.2715625421603252
112	116	0.2673986135001897
112	10	0.2606726871085872
112	29	0.2580983842354792
112	20	0.25413651901077144
112	135	0.25407103882193555
112	150	0.25075658601856243
112	13	0.2494722896649987
112	104	0.2478023306990841
112	111	0.2422095161904457
112	5	0.2282286684633006
112	157	0.22555384309996634
112	114	0.22488935046858946
112	148	0.224784911159604
112	127	0.223151189725686
112	132	0.21671820757478585
112	142	0.21657524794578908
112	74	0.21406718487753845
112	80	0.20156183836769265
112	7	0.1897231824931308
112	38	0.1888747165549874
112	118	0.18866255594750164
112	188	0.18381668686975236
112	71	0.1834881544651872
112	1	0.18345916434270046
112	139	0.17826483645931848
112	45	0.17585289893085704
112	144	0.1663884828289198
112	51	0.15780028476937072
112	199	0.15552747239340547
112	19	0.15144595191021545
112	78	0.14874813411614524
112	32	0.14824938058694778
70	176	0.7301179843986779
70	38	0.5328952464626941
70	177	0.4515216932667621
70	199	0.4650063585250272
70	139	0.4451617892213413
70	11	0.3961466679123063
70	98	0.3953960731153029
70	108	0.32437601082055145
70	198	0.31805345639458626
70	9	0.3161736297736357
70	155	0.312650158014404
70	106	0.31208162868304873
70	165	0.3113954862311398
70	142	0.31020299339552504
70	10	0.3007281851687639
70	114	0.2999275584453257
70	137	0.2960732076092044
70	61	0.2816285141851365
70	109	0.2752265477727617
70	103	0.2602532155441626
70	149	0.25849969531865963
70	140	0.2566230351685268
70	72	0.25046605589192666
70	13	0.23008574224658904
70	131	0.2271857042038036
70	5	0.2269580789996145
70	35	0.21903285478818166
70	178	0.21893765024235426
70	50	0.20161940004100815
70	110	0.19966152425590547
70	161	0.19892210656211248
70	111	0.19619295090638134
70	105	0.1933259883974964
70	51	0.1892797014681893
70	179	0.1862890193112172
70	0	0.1857580519416854
70	102	0.18184487889629591
70	52	0.1751453829275606
70	186	0.17480609870979855
70	181	0.1710227115622479
70	162	0.1687793939556349
70	148	0.1676522180993395
70	37	0.16241876527276575
70	97	0.1619027022206907
70	43	0.1610261659716146
70	96	0.15850227622095314
70	32	0.15243263541608165
111	8	0.6786785064246038
111	10	0.5696334120628411
111	104	0.5036016949088401
111	188	0.4785562587898191
111	6	0.6322706032995831
111	107	0.5800579244552276
111	114	0.5498874737991858
111	4	0.5472519811107027
111	61	0.4822868428112547
111	108	0.4637356965136393
111	110	0.45358919466881104
111	103	0.4341099944410767
111	1	0.4298070615112347
111	182	0.40877535156356104
111	11	0.40598131177965097
111	13	0.392633736850446
111	52	0.3752932841682015
111	42	0.3500493546552019
111	194	0.34735264617603506
111	118	0.3397412616590969
111	166	0.3363134632701329
111	147	0.3279058515338785
111	181	0.3243491671532282
111	102	0.322244792627784
111	106	0.3213214434410768
111	9	0.3194818916022356
111	135	0.3180264908773338
111	80	0.3132455199954837
111	32	0.3113683949925305
111	69	0.3046523729186775
111	78	0.30107377943103897
111	198	0.2941561030834005
111	35	0.2938546280079858
111	76	0.2926664304779131
111	63	0.28964618149774257
111	183	0.28790462549669465
111	146	0.2875652583183419
111	117	0.2875469120883854
111	175	0.28169296089112894
111	96	0.2792975242699548
111	20	0.2788272409473571
111	37	0.2774894307228617
111	68	0.2727199658984538
111	40	0.2581263855753794
111	116	0.2566884241170458
111	5	0.2528171124710248
111	138	0.24974422142117844
111	94	0.2496879629087997
111	148	0.2482340347013499
111	190	0.2470888650258988
111	156	0.2432917490000202
111	29	0.2396191273108449
111	159	0.2388649167540613
111	28	0.23817644803448204
111	0	0.23519347340907396
111	185	0.2253829935818785
111	60	0.22468996185123172
111	62	0.22234336367844995
111	91	0.22045090761123967
111	132	0.2175471899653808
111	167	0.21197656434560533
111	43	0.2114321110364889
111	30	0.21027590708626667
111	127	0.1971542703078661
111	98	0.19576023398567885
111	55	0.1935088804391364
111	158	0.19245947530791624
111	169	0.19241132687710708
111	109	0.18878792570915787
111	153	0.1805972440706893
111	125	0.17945548741704045
111	93	0.17871018186688847
111	162	0.17563969401915605
111	187	0.17563000249515534
111	95	0.1702168738368884
111	85	0.1684976412531677
111	48	0.16337276086130373
111	155	0.16309048778676216
111	174	0.16273030751633366
111	121	0.1542196135943749
111	53	0.15193444694103506
111	97	0.15169997857409975
111	199	0.1507619346212286
111	105	0.1505567012503512
111	89	0.14897303743606846
111	36	0.14822982008653066
190	83	0.4899085508177763
190	96	0.5247917524162258
190	194	0.485327580423579
190	191	0.46325674207269496
190	55	0.4519833266543496
190	198	0.4083338175088013
190	93	0.3898303775349479
190	80	0.3833151225158489
190	89	0.37756777741835823
190	159	0.36478991471695815
190	63	0.3399093202250271
190	94	0.32638779459138995
190	76	0.3218862831183257
190	97	0.3029277215274613
190	95	0.2996454187492054
190	73	0.2909007468548305
190	74	0.2797308040211691
190	182	0.2755037999765144
190	29	0.2743297858087185
190	98	0.27195152436158704
190	188	0.2710993524135841
190	185	0.2702745640521224
190	91	0.2687629682551897
190	75	0.25873297471501644
190	8	0.2573328465044144
190	61	0.256641717964992
190	78	0.25324766078318073
190	79	0.2484873802784493
190	169	0.2452476393869472
190	167	0.23487225516476135
190	85	0.23427692108726106
190	101	0.2301330947293538
190	180	0.22766932532171424
190	107	0.2267399149082311
190	110	0.22468996185123172
190	4	0.2188233992846056
190	20	0.2187567501214119
190	28	0.21484947108061567
190	158	0.211814197286959
190	184	0.19892210656211248
190	116	0.1838553350425896
190	11	0.18334320066210286
190	117	0.1807713676428642
190	68	0.17428255021313244
190	197	0.1702654247344319
190	195	0.1696439108945162
190	56	0.15631777973613556
190	187	0.15623973358016285
190	156	0.1552737512259776
190	39	0.15355571698297354
190	99	0.15029281070601014
76	187	0.4334767723168864
76	80	0.549238351925892
76	75	0.4808043839145977
76	78	0.4372534921557316
76	68	0.4247143842526581
76	91	0.4212905344835648
76	94	0.41088041387448254
76	61	0.3966355348670904
76	98	0.3939777802585434
76	182	0.38147951310676936
76	8	0.3713688487603044
76	55	0.3530729469566709
76	188	0.34364519923147696
76	184	0.3289050592353314
76	194	0.3286107262170384
76	96	0.32340930991596256
76	40	0.3182601749287473
76	63	0.28103916939757306
76	97	0.2677885388379835
76	185	0.26277787575056943
76	16	0.2580890503591484
76	158	0.2542487653426902
76	148	0.2515061324033599
76	69	0.24228482149513345
76	180	0.236912060801265
76	53	0.2274038217335602
76	73	0.22532604066140136
76	85	0.22430062509359475
76	42	0.22408218530552096
76	6	0.22291362559082434
76	14	0.22076484722223386
76	48	0.21490670072508813
76	147	0.204313638952496
76	117	0.2019839249499112
76	93	0.20184004021752056
76	121	0.19682746414798305
76	107	0.1890868595316252
76	198	0.18343983741708866
76	18	0.1834011831404379
76	83	0.176589297946703
76	169	0.1698672829920268
76	154	0.1656397045920437
76	15	0.16405399938166826
76	118	0.163265694910142
76	27	0.16021757951200954
76	119	0.15958419892736295
76	191	0.1594769984287899
76	38	0.15344830889856698
4	107	0.74849767659157
4	8	0.4934344448497621
4	6	0.454533849967784
4	104	0.4272191513112863
4	61	0.33932544463141073
4	105	0.33878556942240035
4	118	0.3148229388536237
4	63	0.3056862065186905
4	194	0.2921360196129128
4	162	0.28386424521911324
4	110	0.2809746969403599
4	183	0.2741170814629253
4	96	0.27034871858139964
4	28	0.2493878890483192
4	69	0.2472578679841992
4	138	0.2467226403871703
4	10	0.24609332073323234
4	182	0.24001497217273626
4	159	0.2285414557469422
4	166	0.22468046668568692
4	146	0.22442408109288156
4	147	0.22343623169885526
4	158	0.2211358077884256
4	42	0.21663243291234816
4	20	0.2137045688064595
4	114	0.2111168412181398
4	11	0.2105339541210888
4	37	0.20974060504397152
4	188	0.20553030763913704
4	30	0.20513759407819804
4	135	0.19659675110600788
4	94	0.19617372066440686
4	78	0.18326588870663635
4	62	0.17929095712546245
4	117	0.1776644727597174
4	167	0.17418558596426892
4	80	0.17255608289175428
4	103	0.17215826276578414
4	44	0.16816727543424168
4	98	0.16677738287389585
4	29	0.1649296475137811
4	52	0.15480528911697186
4	116	0.15067397905251825
4	108	0.1480048659994689
107	8	0.6237928394217312
107	105	0.4799659232414824
107	6	0.45025494113299497
107	182	0.3927859770641296
107	194	0.39174524019439694
107	61	0.34362756095071234
107	96	0.3261107905605975
107	188	0.3205859127310787
107	104	0.3190148897741538
107	183	0.3167045508718563
107	158	0.2805601706073499
107	162	0.2701633262456831
107	114	0.2592460831326283
107	83	0.2520119057827375
107	63	0.2400809385612433
107	78	0.23928919571820556
107	159	0.23272633923015476
107	80	0.22130699878422666
107	60	0.2208409469086391
107	147	0.21818538790580472
107	198	0.21809967066054825
107	94	0.2131891709864805
107	55	0.2127213924736015
107	166	0.2027895181732674
107	110	0.19897973167400004
107	93	0.19588524893449305
107	85	0.1926809461510374
107	10	0.18783303202353208
107	98	0.17699617055838962
107	119	0.17406922440680964
107	169	0.16871138720614398
107	37	0.16826444577657795
107	28	0.16809925424990407
107	69	0.15269635091473255
8	6	0.5859066138155005
8	61	0.4660402984777151
8	37	0.3829653090571379
8	182	0.3779792752452201
8	96	0.3705840862577139
8	69	0.3630547944854871
8	55	0.3567264527556757
8	10	0.3511807735495425
8	146	0.3430630080067965
8	158	0.3262448317655917
8	42	0.3244923273414272
8	194	0.3213931817992367
8	183	0.3191316547660391
8	188	0.3190148897741538
8	94	0.3167675283515076
8	13	0.30839432549290985
8	68	0.3036450551994994
8	175	0.300810043583279
8	104	0.2933703184129998
8	35	0.29319666130268746
8	32	0.2783014718822851
8	114	0.2712568510274361
8	198	0.2644620883490683
8	62	0.2573795348939581
8	118	0.2549688495536737
8	110	0.2520587296926565
8	166	0.24859058539946705
8	63	0.2482058830957924
8	91	0.2478586455020142
8	108	0.2433481967234487
8	40	0.24187060621559095
8	80	0.2395248667851139
8	187	0.2373178846845287
8	18	0.2363645394765461
8	169	0.2358168680102949
8	85	0.22961215752790126
8	1	0.22663556751487424
8	83	0.2182044357254132
8	28	0.21092574721618448
8	132	0.20736847400838415
8	185	0.20653573544873485
8	20	0.20553030763913704
8	60	0.2048693614794238
8	105	0.20179207670360444
8	93	0.20102452899308704
8	167	0.19921021835858368
8	177	0.19053281756898907
8	147	0.18613456728469516
8	2	0.1849662264712014
8	138	0.1770155439369189
8	53	0.17150804563629368
8	119	0.170896511096973
8	121	0.1650658361178679
8	127	0.16453077329713384
8	117	0.16346035741377782
8	98	0.1610748691081437
8	195	0.15693232492789225
8	30	0.15101601507418955
8	27	0.15079125261379078
105	6	0.384014419561002
105	108	0.38153932464616586
105	131	0.3248143834084329
105	98	0.2489376884643173
105	162	0.24510665616232785
105	165	0.22819075165017694
105	199	0.22071728355314266
105	100	0.2048693614794238
105	198	0.19816324777002514
105	141	0.19260391503956836
105	143	0.1860283761793667
105	158	0.17463159351184646
105	182	0.1723232193969605
105	104	0.15519567905136494
96	198	0.7423033133603067
96	98	0.6353636741720786
96	199	0.4630917934581785
96	80	0.4414416708273287
96	83	0.43396390429490905
96	97	0.407166582110164
96	182	0.4037489688955434
96	61	0.3735822902467512
96	55	0.35940284424710284
96	93	0.3182601749287473
96	11	0.3143363774640741
96	71	0.3127223361992238
96	63	0.3121357839723538
96	6	0.3002460402107004
96	95	0.2951971118358881
96	177	0.2670271745985015
96	85	0.2594326317514174
96	117	0.25903152830550946
96	74	0.2542300580962604
96	183	0.2537529590686832
96	194	0.24784925981783276
96	79	0.24757705474449576
96	159	0.24419471458578945
96	188	0.24230364736521195
96	158	0.24079700223794925
96	78	0.2391760635884955
96	28	0.21920421245993235
96	89	0.2115849532986503
96	110	0.21039059827684872
96	132	0.20681334828032602
96	106	0.20238675580028107
96	191	0.201091699287488
96	148	0.19656791044439348
96	162	0.19629871453930767
96	75	0.1872927327466573
96	52	0.16809925424990407
96	104	0.16369393561667972
96	169	0.15708838056739555
96	29	0.1551371236481103
198	199	0.6912052754054332
198	98	0.6577911104158172
198	182	0.5714881757985756
198	61	0.4205746848605581
198	183	0.4080337985612722
198	106	0.334076601241198
198	97	0.3326277332468042
198	11	0.32631631504453484
198	63	0.3134078487449113
198	93	0.31078129393245946
198	80	0.3051331043257919
198	177	0.3030457874007097
198	148	0.3014920245836163
198	85	0.2976598613566784
198	108	0.2851876697054087
198	83	0.2832849064031268
198	194	0.2827421634526159
198	55	0.28119573480338783
198	6	0.280348261158962
198	79	0.2791131153928377
198	175	0.27652923436646004
198	188	0.2565389602113486
198	176	0.25252690384834336
198	159	0.24424173245874284
198	95	0.24118319097866486
198	169	0.2405520625395093
198	78	0.2262560786050249
198	191	0.21401947560491072
198	131	0.20465858570305465
198	117	0.19367250928798455
198	60	0.1920164748185598
198	110	0.1858739086321084
198	89	0.18475374457928087
198	9	0.18140005279616206
198	103	0.17923288521566447
198	71	0.17220678042473606
198	158	0.17218737346140287
198	74	0.16766193701038287
198	147	0.1650561085691139
198	114	0.16030526797679115
198	162	0.15509808610696954
198	196	0.1550297692445161
198	132	0.15043941921043744
198	166	0.14927614360899466
199	98	0.6737724047063408
199	176	0.47098860427186295
199	182	0.4521742765945802
199	183	0.3732638848287567
199	38	0.3524950883171251
199	175	0.3270755942744102
199	196	0.3179096343570981
199	148	0.3089281151411325
199	177	0.29453058149549965
199	165	0.2856744901134973
199	61	0.28066150893844977
199	60	0.2611852409346816
199	108	0.2611479692545122
199	11	0.25460416686345466
199	106	0.2372612630650608
199	97	0.23431472530594444
199	173	0.22831397876148746
199	191	0.22360723854443146
199	9	0.209788404986582
199	147	0.1990085437139925
199	195	0.19572176656725213
199	80	0.1890097186721197
199	50	0.18341084676277464
199	78	0.18184487889629591
199	66	0.18184487889629591
199	131	0.18025863805915446
199	63	0.17233292242732018
199	109	0.17220678042473606
199	170	0.17017803252381675
199	79	0.1698672829920268
199	137	0.16788546296600054
199	19	0.1623116651438244
199	6	0.15868749727611434
199	180	0.15048828724187022
127	138	0.4930409522472804
127	143	0.4407248243461228
127	149	0.40928329549752535
127	118	0.405221018055546
127	115	0.3682871320669989
127	144	0.3617952550460656
127	116	0.36087365150851103
127	27	0.3541316549284965
127	136	0.34186251006514123
127	29	0.3322096692877389
127	18	0.3164346157648142
127	7	0.2864732907551571
127	132	0.28061544683622514
127	157	0.2771386538977203
127	150	0.2762983355130644
127	44	0.27245151376656696
127	117	0.2695606628440026
127	152	0.2693195383172849
127	63	0.2614927025721278
127	43	0.2562213086779469
127	122	0.2516560055174979
127	53	0.2392043472298621
127	125	0.2389969244359345
127	108	0.2383273657987213
127	17	0.22905318769676364
127	14	0.22566773507243054
127	78	0.22137356937770045
127	131	0.21798537576573648
127	135	0.21251133773267972
127	15	0.208956543090562
127	94	0.19668327104948666
127	6	0.1940574758281372
127	39	0.18913507138375124
127	42	0.1872734342457253
127	177	0.1825699791985216
127	104	0.17609515721483898
127	140	0.17602732704413787
127	165	0.1725851894730177
127	20	0.16722455377657708
127	183	0.15787829171005308
127	145	0.15115281936379313
127	156	0.1484254198692659
44	18	0.5626347638273417
44	136	0.5553954964822139
44	138	0.5163867027865099
44	7	0.4778234911614375
44	15	0.4509403281886304
44	149	0.4299293435101488
44	118	0.4206734539074473
44	120	0.39799979907527533
44	146	0.3908305950573738
44	53	0.3801029667025669
44	152	0.3792043105504209
44	41	0.3773877002023954
44	42	0.3733241304395923
44	144	0.3677251606352629
44	27	0.3585055579191236
44	46	0.3382366150969718
44	20	0.3375633892131828
44	62	0.3331256813641961
44	115	0.3302064926950017
44	48	0.3247696579012793
44	43	0.29769631686688275
44	39	0.2950693063417064
44	40	0.28906893003253026
44	150	0.28288016612905553
44	14	0.271766305816284
44	17	0.2617162777126113
44	37	0.255585839621943
44	19	0.2520119057827375
44	143	0.2473611401650873
44	157	0.24096655791165675
44	116	0.2405049552377003
44	151	0.2298584351666334
44	154	0.2088800348387252
44	117	0.1992870423572019
44	30	0.1977789247961536
44	35	0.19472140259349688
44	104	0.187369925304465
44	45	0.1832562245527852
44	122	0.18285996376788768
44	6	0.1755330853831008
44	134	0.17490304129764522
44	94	0.1746025082452825
44	155	0.1738364867110579
44	2	0.1683810458708147
44	132	0.16517283703426694
44	31	0.1597401202061733
44	174	0.15457103194065885
44	187	0.15154365684255308
18	15	0.5654780301634822
18	118	0.5182323260087915
18	27	0.481849304919229
18	53	0.4700153196029898
18	42	0.4605822029352586
18	120	0.4531601909361839
18	157	0.4477479756909077
18	115	0.4422303560457261
18	20	0.425255180259392
18	136	0.4176482627710253
18	149	0.4153587912676017
18	144	0.4129396310127053
18	138	0.4054466582630031
18	48	0.39189760586883776
18	40	0.3844150377002439
18	7	0.3783477819457315
18	41	0.3384225770437825
18	146	0.3114316070952517
18	17	0.3013101931100705
18	116	0.29516059705813874
18	94	0.2941469683346601
18	152	0.2868220673310033
18	155	0.2723681924081611
18	154	0.2721182038269262
18	122	0.2691711372059754
18	43	0.2626475382661257
18	62	0.2555204111399673
18	16	0.25118761199206546
18	14	0.25112202750414103
18	117	0.2468635043637721
18	51	0.2453510204930845
18	143	0.2330006138622941
18	19	0.2328965830178628
18	39	0.23172350345818396
18	89	0.21246359527886213
18	173	0.20672719613548385
18	180	0.20470649095596855
18	148	0.2029333452588928
18	104	0.2018016694838244
18	150	0.1971734928359414
18	187	0.18892293241668165
18	125	0.18865291186490735
18	132	0.18663650269702609
18	164	0.1760563973220183
18	177	0.17558154436454948
18	38	0.16109435014311374
18	50	0.16046115233257705
18	6	0.15655190648849573
18	121	0.15182698439384795
18	131	0.15138732753016124
18	72	0.14970631064571455
136	138	0.5626347638273417
136	41	0.4541688101385229
136	53	0.442624442451444
136	149	0.4250831417116124
136	27	0.4190095138530404
136	154	0.4069913819036223
136	48	0.40209879456845454
136	39	0.3994043298217356
136	120	0.39547199998827376
136	118	0.3847303161218354
136	7	0.3814367886228252
136	121	0.37824495492299226
136	42	0.37773067981908204
136	20	0.3704115399844316
136	146	0.3684513498457441
136	37	0.3425776472007057
136	115	0.3153183406080052
136	150	0.31274038018117506
136	19	0.3127313582184141
136	143	0.3106819148868864
136	94	0.2978694686824897
136	156	0.2922091904263739
136	144	0.2873726123808715
136	40	0.2843055071844843
136	157	0.2772771272652107
136	2	0.2735898290379355
136	15	0.26562427830456536
136	51	0.25903152830550946
136	36	0.2480088101202929
136	117	0.2453040297728255
136	46	0.24421352187276146
136	72	0.24327293272596845
136	43	0.2421718624436512
136	155	0.24169171326077235
136	35	0.241352713137683
136	114	0.23964740458777786
136	104	0.2242816312237989
136	116	0.2204984771567292
136	148	0.2108110830749612
136	134	0.20801914101204613
136	145	0.2055590401807455
136	152	0.20053508839608414
136	174	0.19989194567614693
136	13	0.19651022810075786
136	125	0.1918334735063556
136	151	0.18654963622471224
136	52	0.1829179568655601
136	132	0.1824443093502187
136	153	0.17994901802649388
136	122	0.17593042390068736
136	62	0.17090621902420713
136	1	0.16735091570217894
136	192	0.1633338282332629
136	139	0.15850227622095314
136	194	0.15676650722400606
136	29	0.15431723371963396
136	119	0.1541610400738071
136	14	0.15071307071097498
7	149	0.6280685229156764
7	43	0.4613382178972214
7	14	0.42120005371946295
7	30	0.4074001357822259
7	62	0.4025681461062744
7	31	0.4020401107576238
7	41	0.38780169414282617
7	53	0.3836136567831117
7	36	0.38150514701482974
7	138	0.38065036737412256
7	135	0.3770274601445383
7	118	0.3720669276137131
7	2	0.3693325468432103
7	27	0.34476473316290035
7	156	0.3316579809510929
7	116	0.32716489350891553
7	78	0.32437601082055145
7	157	0.3209896055682742
7	152	0.3195447453889533
7	146	0.31067288009133964
7	39	0.3091451942628441
7	42	0.30843956944222345
7	40	0.3060306577487896
7	134	0.3027551469856407
7	45	0.2942383134035701
7	104	0.2916969229320748
7	150	0.2864273934450935
7	143	0.28481097180323195
7	38	0.2844249949167945
7	139	0.28180343504531785
7	164	0.2760766426013589
7	10	0.2732937555734381
7	144	0.2679184944668319
7	15	0.2674357530221875
7	122	0.2632805161825375
7	35	0.2531540718511441
7	155	0.2504004460688823
7	37	0.2500911116456627
7	154	0.2386103055805587
7	145	0.2257246787457421
7	148	0.21865201159821548
7	75	0.21235855831019235
7	1	0.2095302733887543
7	51	0.20275116280571245
7	115	0.2022333044963764
7	142	0.19669288418748776
7	6	0.1953466776890408
7	9	0.1910917001470947
7	32	0.1897810221414916
7	132	0.18773655833655103
7	120	0.18747606129272087
7	0	0.1874567641658396
7	140	0.18328521690807048
7	108	0.17810991657826458
7	52	0.17585289893085704
7	46	0.16758418480967174
7	137	0.16738007536590374
7	29	0.1618734884533554
7	125	0.15207121226036727
27	53	0.664556370542709
27	39	0.5720737436100992
27	157	0.5292840031529686
27	41	0.4940091862661876
27	125	0.483230183996985
27	29	0.471999605336398
27	138	0.46003052033469793
27	40	0.44238318534191023
27	20	0.4119271547927396
27	132	0.4107141647578992
27	145	0.4048113967506221
27	122	0.3712998798971669
27	94	0.3707738576185809
27	42	0.3700404789306738
27	28	0.36093453388498775
27	152	0.3428159381039905
27	144	0.33905110972745256
27	149	0.3383960126693105
27	156	0.33130193254209506
27	118	0.3078241322341938
27	52	0.2980699357739077
27	37	0.2932789223463877
27	43	0.2818310524165494
27	155	0.2766585237818485
27	116	0.2742927956760937
27	15	0.2735898290379355
27	59	0.2600108093984226
27	173	0.2466287252765129
27	104	0.2335679609072505
27	143	0.23109884723167096
27	180	0.22766932532171424
27	51	0.21808062192678715
27	72	0.20093816440830733
27	148	0.20029512995148085
27	150	0.19288314151776226
27	36	0.18774620586828544
27	78	0.1876690246002363
27	174	0.18518834814159796
27	14	0.17844879233959615
27	71	0.17541678035750113
27	135	0.17009063763615848
27	142	0.16770081232864084
27	62	0.1670690238647788
27	154	0.15831704400943172
27	80	0.15314559388730709
176	139	0.4837665444919649
176	106	0.43873242827071396
176	9	0.43373660758971533
176	11	0.4277503681894472
176	108	0.4198830224459055
176	177	0.4119603668862492
176	109	0.4068912540521554
176	103	0.3530729469566709
176	10	0.35078620879364525
176	137	0.3224060917628892
176	181	0.31918554303334296
176	197	0.3021464362571667
176	165	0.2960275899011466
176	5	0.29509669412239303
176	140	0.2942931178648656
176	179	0.2877762247924052
176	142	0.2812509896086003
176	0	0.2663490941045718
176	168	0.2647782802391243
176	155	0.2631781380473141
176	110	0.2558662208786633
176	38	0.2504754285359995
176	102	0.25007236246316755
176	45	0.2398736081624047
176	1	0.2325277034505253
176	178	0.22389221935961126
176	196	0.2203843084858065
176	150	0.21459191942617875
176	131	0.2132178073146445
176	164	0.20732062359649134
176	43	0.20470649095596855
176	72	0.2031730376078521
176	149	0.2027895181732674
176	171	0.2006982463976134
176	13	0.19829774642358247
176	173	0.1900798393325984
176	98	0.18654963622471224
176	170	0.18574839698428947
176	135	0.18420314300455806
176	153	0.18273430769115034
176	172	0.18227029510415704
176	79	0.18224129161938585
176	156	0.17782910179281752
176	71	0.17591104286277678
176	160	0.17177979637638816
176	89	0.1704693294745492
176	157	0.16697181344689138
176	175	0.16678710471072733
176	114	0.1581220506951634
176	141	0.15304793774936462
176	6	0.1503710027313914
38	142	0.5541979900642512
38	149	0.5040643093124458
38	139	0.41795367643514186
38	164	0.3060487845425705
38	98	0.30401720671682536
38	51	0.29516059705813874
38	156	0.2808641668277891
38	13	0.2768616726274101
38	35	0.2767785692716217
38	165	0.2735805775265701
38	148	0.2722941255490214
38	41	0.27173852129751475
38	36	0.2704414072323009
38	32	0.26807628462423344
38	155	0.257463570966858
38	50	0.24871254781105864
38	72	0.24751134421367624
38	67	0.24492806252917426
38	178	0.2379877846540425
38	61	0.2352501536509605
38	145	0.2344753853283611
38	157	0.2287310008412336
38	122	0.2202511040708937
38	40	0.2198704747771228
38	143	0.2178901254521412
38	131	0.2111263954947624
38	140	0.2051663314583608
38	43	0.20460109810540594
38	177	0.20060227245036372
38	39	0.19068700442651695
38	16	0.18803561496761967
38	114	0.17598856619603448
38	78	0.17337095308155395
38	97	0.17107124870876622
38	45	0.16789518109439813
38	174	0.1663884828289198
38	37	0.16420968909934222
38	137	0.15967190562694258
38	14	0.1578587901595781
38	2	0.15614217314164128
38	154	0.15041987179200308
177	97	0.3148229388536237
177	11	0.30523285929390065
177	71	0.29548919900731796
177	89	0.2845904248815808
177	180	0.2559877060590766
177	179	0.2508690371704269
177	131	0.24729542215462536
177	165	0.2468071600246652
177	69	0.24234129855797
177	50	0.2298205482143169
177	93	0.2284182421425215
177	106	0.2271003476597507
177	61	0.2258100913635817
177	98	0.21878531429847345
177	6	0.21701362801593285
177	60	0.21343734032318173
177	139	0.21300779907032152
177	35	0.2104479417006783
177	108	0.2103619260220014
177	162	0.20988400186326506
177	183	0.20823917792913504
177	178	0.2082009121526271
177	72	0.20578888775243329
177	9	0.20150427530209186
177	137	0.19870119755999066
177	159	0.19481760907736725
177	28	0.1917082543949052
177	172	0.19081227432108155
177	122	0.19046535786218904
177	140	0.18851789088865714
177	51	0.18641450480372326
177	153	0.18489862047131936
177	52	0.17807118522804305
177	175	0.1746800682788721
177	95	0.17375890316220424
177	173	0.17285683635755938
177	168	0.1725754873127498
177	114	0.1725269760091382
177	63	0.17000324007274986
177	142	0.16875996361972515
177	1	0.16768137473469855
177	166	0.16644682113880735
177	148	0.1650561085691139
177	5	0.16458914849827108
177	170	0.16212666500535314
177	186	0.160081170207367
177	156	0.15791729444152516
177	157	0.15716640544594018
177	83	0.1546979234036483
177	116	0.15415127771502046
177	118	0.15378028579534375
177	164	0.15313582840808124
177	174	0.15141663985333892
177	125	0.1503710027313914
177	117	0.14962810266757898
9	106	0.6992083723019579
9	109	0.6725967373282284
9	11	0.6295860076127465
9	108	0.6041836703734565
9	103	0.5279221099499412
9	6	0.4503824952208869
9	0	0.3787589966535378
9	104	0.3787418656913208
9	110	0.37217031094152003
9	1	0.3682957756810489
9	10	0.3619864427479583
9	135	0.36009930752625496
9	102	0.35494475632229233
9	95	0.3174151345381084
9	43	0.3049607845177322
9	155	0.3012465469160401
9	197	0.2981610484891466
9	156	0.295708228142119
9	152	0.24804634941307396
9	74	0.2456893196333633
9	73	0.2437056606796808
9	181	0.235136791567466
9	58	0.2345131858255565
9	99	0.22416766442707936
9	75	0.22414866936475586
9	159	0.21785202416435653
9	56	0.2114321110364889
9	100	0.21008474224076346
9	51	0.1988932934903088
9	131	0.18867219999370646
9	97	0.188016322042917
9	78	0.18215427926242214
9	72	0.1805005038603668
9	139	0.18044245805771228
9	115	0.1783035650490633
9	125	0.17372980877524358
9	192	0.17341944978674895
9	114	0.17340005120558097
9	186	0.17281803126870612
9	116	0.17260459369308498
9	71	0.16961477411793374
9	148	0.16559107601492995
9	30	0.16437510046044454
9	98	0.1600129632618469
9	142	0.15802454941206973
9	188	0.1506055675164387
9	5	0.14910992756493913
11	103	0.5094006042474801
11	106	0.4927457003478826
11	109	0.4844403110245996
11	108	0.4201877434431068
11	156	0.4170701949150949
11	148	0.3965344084240372
11	95	0.3935215012157616
11	0	0.3845258214235617
11	197	0.3777821178252489
11	159	0.3740038268219836
11	52	0.3685723377084056
11	6	0.3528978666969592
11	43	0.3486621931911413
11	10	0.3425335144170153
11	98	0.3125328607633441
11	114	0.2966661148483655
11	104	0.295461818180606
11	116	0.28559183288083195
11	155	0.2802929759379335
11	125	0.2769078393689931
11	135	0.2724052246273959
11	83	0.26659063249402914
11	78	0.264852670060206
11	80	0.26275925669695804
11	110	0.2606447253974241
11	97	0.2588729278695617
11	137	0.2575102559913157
11	117	0.2545854632338524
11	153	0.2483184870021292
11	61	0.24690106632925346
11	102	0.2374499955253737
11	29	0.2365439164615503
11	188	0.2344848355191391
11	5	0.23338831819579256
11	181	0.2333599521004037
11	118	0.23016150569595745
11	168	0.2297068831782809
11	71	0.2271572524102227
11	89	0.22686322784416935
11	1	0.21899477347021865
11	166	0.20578888775243329
11	20	0.1991814087277501
11	28	0.18493725268558292
11	161	0.1723232193969605
11	191	0.17058583991554016
11	51	0.16928453660452775
11	132	0.16500747034370145
11	184	0.16318782634821768
11	152	0.15215912974803128
11	16	0.1510648744133813
11	147	0.14976496540001816
103	106	0.6037517187520469
103	110	0.4801583083310344
103	102	0.4789416584935689
103	109	0.4743279505350089
103	0	0.4713931534176361
103	108	0.39733472913609796
103	135	0.3910508580461282
103	181	0.3866711305964075
103	104	0.3794868225373277
103	95	0.3731261687536567
103	1	0.3636536963000392
103	10	0.34555751051023725
103	52	0.3239195974510149
103	74	0.3215994090284138
103	156	0.3131463100805447
103	116	0.30942554045403153
103	5	0.2990445596757739
103	197	0.2968940952391769
103	125	0.28672111350508805
103	168	0.28161930730540763
103	114	0.2789194639125928
103	6	0.2768709060779882
103	188	0.2704321385927826
103	159	0.2623216526271365
103	155	0.2449938621180281
103	153	0.2404484249800293
103	99	0.22524060839333576
103	58	0.21609864879472734
103	83	0.2146205377511758
103	101	0.20557819501161392
103	56	0.20216616642771867
103	43	0.17558154436454948
103	72	0.1731187566658351
103	132	0.170896511096973
103	89	0.1690319763801649
103	161	0.16313915746448318
103	71	0.16188322640732927
103	100	0.16155211829665655
103	78	0.16024680928132354
103	30	0.14972586234758276
95	197	0.4221373564374058
95	5	0.37365972690745264
95	83	0.3567089977063864
95	97	0.3386350726187538
95	106	0.32814679918900713
95	0	0.321402148834644
95	102	0.3037449098287064
95	159	0.29485931725027736
95	79	0.2926024249215252
95	110	0.2666649452637569
95	101	0.2548192449101054
95	181	0.24551078031706175
95	135	0.2398547588589361
95	89	0.2376670156942299
95	93	0.2357602037843345
95	56	0.2271857042038036
95	69	0.2266165947024877
95	167	0.21810919496511205
95	104	0.2130364377176313
95	74	0.20944422303046464
95	63	0.2015330570089052
95	52	0.18482135432856012
95	161	0.1827053092870052
95	28	0.17775163054600693
95	68	0.17105183394978535
95	108	0.16874053315265247
106	108	0.6389870951795864
106	109	0.5823227049486911
106	6	0.4496408300685784
106	110	0.4145972215552093
106	0	0.3870197743336529
106	10	0.3810863863930991
106	135	0.3758687731944624
106	197	0.3292349930099705
106	5	0.32102548373451906
106	58	0.3087471912811164
106	74	0.30737144044538245
106	104	0.30283689529683266
106	181	0.3001095562176065
106	1	0.28357919960683564
106	102	0.2724237404343894
106	100	0.2685495687801753
106	73	0.2557166895620151
106	159	0.25451064681088537
106	139	0.25025047212293783
106	131	0.22660710823180005
106	156	0.22633198188592826
106	116	0.222856606257338
106	79	0.220707770693339
106	160	0.21623210694859615
106	186	0.21477316259280935
106	56	0.21109773254387196
106	63	0.20712921203052415
106	168	0.20607616528836087
106	142	0.20319221194427114
106	114	0.19690436365289274
106	132	0.1942788045357189
106	57	0.1913229256890999
106	30	0.18945324672859803
106	163	0.1866751090814255
106	83	0.17989096029866294
106	98	0.17346794565092394
106	157	0.172410545466102
106	155	0.16883768417624426
106	125	0.16666071830306706
106	43	0.16587311054603496
106	167	0.1656980578213327
106	75	0.15924309337981354
106	99	0.15830729463686136
106	52	0.1521298241862898
106	188	0.14874813411614524
109	108	0.5153152123560097
109	135	0.4003116523651573
109	110	0.3869772627263328
109	74	0.3374481975342734
109	155	0.32178767681304016
109	197	0.3117837383462259
109	0	0.29463103593155715
109	104	0.2761967299101165
109	43	0.26921751392671783
109	181	0.2567444699169755
109	58	0.2509346305492786
109	6	0.2463939172358357
109	116	0.24271777032203426
109	156	0.2387989096018855
109	115	0.2353540632717912
109	99	0.2264268571216796
109	10	0.2173757020724004
109	132	0.20799043899182845
109	1	0.19116877768559085
109	56	0.19028224387777076
109	149	0.1879295020863921
109	125	0.1871093911524099
109	102	0.1862021411787364
109	118	0.1839519529874728
109	161	0.18233796866837146
109	139	0.18084875226059646
109	157	0.17623081253898307
109	148	0.17421467559369966
109	75	0.17304115319954413
109	168	0.16364527500367582
109	19	0.16014937562429354
109	188	0.1594380154966566
109	142	0.15694207863503915
109	186	0.15606412259710792
109	73	0.15583971642844532
109	28	0.15412199045808178
109	152	0.1540341270624825
109	20	0.15358500946727735
80	78	0.5428376322717724
80	182	0.4930863655409533
80	98	0.4396041298574367
80	188	0.42617220010788376
80	194	0.4156566384647182
80	61	0.4047946740605724
80	94	0.3899321366474143
80	132	0.36044738876565297
80	91	0.35849684315023145
80	117	0.3259856736038172
80	148	0.3200833767476419
80	68	0.3117024848853843
80	74	0.3079780157115877
80	43	0.3052872682714874
80	184	0.3031184386992802
80	187	0.29232808570178004
80	93	0.2894537877292813
80	180	0.28247532508861223
80	29	0.2780892721963933
80	118	0.2702004063160424
80	75	0.2642946696165244
80	71	0.2466381169960686
80	183	0.24139038272871094
80	20	0.23782740665858634
80	60	0.2311651076922692
80	52	0.22527857871795035
80	63	0.22054604565332908
80	53	0.2196801350147776
80	16	0.2172423133213248
80	28	0.20142752238280948
80	97	0.20142752238280948
80	147	0.19588524893449305
80	185	0.19084118187587445
80	125	0.19077373039987724
80	116	0.1820189210368588
80	162	0.17105183394978535
80	79	0.16413184526265087
80	39	0.1578100357446846
80	191	0.15713714634636258
80	110	0.15462959786519795
80	6	0.15433675738320216
80	121	0.14935436000539634
61	69	0.5648927439228096
61	63	0.4991624246697902
61	68	0.49189716654216903
61	183	0.4455065105356987
61	91	0.4304509028155397
61	182	0.3680450850285989
61	78	0.3505844942444896
61	60	0.3450642847127029
61	98	0.34319534736157403
61	37	0.33774058743934604
61	93	0.336047368454408
61	85	0.33326791814661283
61	167	0.3319694458277256
61	147	0.3176489196234553
61	32	0.3133176683668536
61	166	0.30662872472034514
61	6	0.3031093574796324
61	55	0.30247353537475685
61	97	0.29484105598292915
61	175	0.2881247169071767
61	42	0.28406650522454874
61	169	0.2832389182686877
61	35	0.28137991023480863
61	194	0.280108678439404
61	114	0.2720719056128781
61	79	0.2708399112872403
61	28	0.2603837283449491
61	187	0.2559222919664149
61	181	0.2455671629538463
61	162	0.24173879194759376
61	148	0.2280106373369008
61	5	0.226588135161444
61	172	0.22571518824062595
61	40	0.2233412219512736
61	13	0.220584099695272
61	83	0.2115180860818651
61	185	0.2046777479218838
61	188	0.2003623207395762
61	110	0.19771166202025886
61	62	0.19643331619338367
61	29	0.19621218099744286
61	171	0.1933548669818646
61	159	0.19212241684451872
61	191	0.18326588870663635
61	121	0.183178910046988
61	10	0.18117761189460788
61	66	0.1798232246988538
61	132	0.1783326111288447
61	94	0.17272101619962735
61	180	0.16836161284890644
61	52	0.16564943021081652
61	168	0.15506880763323672
61	31	0.15264751635070936
61	50	0.1513384730665515
194	182	0.6156751377891075
194	180	0.515851159317521
194	93	0.4601645330793764
194	94	0.4568554105158749
194	188	0.4314850212010655
194	78	0.4023837832258488
194	147	0.399564008176782
194	191	0.36631472800617343
194	159	0.3617083414825213
194	175	0.3607431789157245
194	185	0.3456895921640151
194	91	0.33364121752079506
194	187	0.3235346611381347
194	55	0.3113051801342342
194	169	0.31003126619668736
194	148	0.3086205312830526
194	183	0.2968940952391769
194	60	0.2951697258334133
194	63	0.29092820791783336
194	184	0.2822176465613545
194	173	0.2747088878470273
194	158	0.2621912816110297
194	195	0.25070972937439245
194	174	0.2269580789996145
194	101	0.22472794208670216
194	98	0.2161081817878663
194	20	0.19701009651622067
194	89	0.19285425746782195
194	6	0.191900896595156
194	117	0.18598976015430999
194	97	0.18454124541365552
194	167	0.17584320815623644
194	114	0.17512599637775714
194	1	0.15791729444152516
194	83	0.15087920499976493
194	121	0.14899259351848165
108	6	0.6532573757417529
108	110	0.3771389752164171
108	10	0.376504051152804
108	135	0.3278255261658435
108	104	0.3168844791181298
108	1	0.3016283837997781
108	102	0.2992539769091173
108	175	0.2828617664487277
108	116	0.26596813867876506
108	140	0.2496692096967296
108	197	0.2470043579085077
108	131	0.24305653241714
108	149	0.23516513268821385
108	118	0.2342958232851764
108	98	0.2310515170186721
108	182	0.2264837802009789
108	181	0.2249463151866784
108	114	0.21252088610170145
108	144	0.2087365749752592
108	157	0.2065261619990628
108	155	0.2031730376078521
108	156	0.2021373923879786
108	115	0.1891639980573543
108	142	0.1885468245551575
108	139	0.18552632306814024
108	160	0.185487699582196
108	5	0.1853911383600956
108	13	0.17641490548576166
108	32	0.17077030502409654
108	0	0.1689639756023073
108	74	0.1666704405289133
108	100	0.16624263195891067
108	132	0.1643069910190267
108	73	0.16280818801004746
108	138	0.16227271869405233
108	195	0.15728343908464756
108	158	0.15439532765067834
108	43	0.15272565129523444
108	125	0.1494912342010366
108	145	0.1483080613921831
10	13	0.6437081976832782
10	1	0.5547728031351301
10	32	0.5726049614111198
10	114	0.5603134764587742
10	181	0.5375901453523201
10	0	0.5352539647321479
10	35	0.5208095670565841
10	166	0.4440947228724045
10	36	0.4409181866807199
10	146	0.4402412395499353
10	31	0.4337690819284951
10	2	0.4312489836759731
10	51	0.41548290509508295
10	145	0.4001016937120624
10	6	0.3969557050910848
10	139	0.3956913139261549
10	62	0.38708778948319306
10	40	0.3699110112388089
10	42	0.3686501090272723
10	104	0.35313421920680965
10	37	0.35207465855158715
10	135	0.3484864940065435
10	30	0.3363932812468681
10	110	0.33636667579156915
10	147	0.3344230292891234
10	102	0.3331167910617764
10	156	0.3257085882760929
10	153	0.32070254707698165
10	155	0.31168442794160056
10	67	0.3036087427712572
10	45	0.2972496770683148
10	5	0.2935896470916087
10	140	0.2923097947090369
10	157	0.28753773889427503
10	154	0.2830641514797632
10	52	0.2790854522851474
10	134	0.26760287103682384
10	168	0.2654011975892255
10	172	0.2653733105010663
10	141	0.2591714582676208
10	41	0.2547537890419836
10	174	0.2531634309576099
10	164	0.2514030876397826
10	69	0.2509158898190033
10	150	0.24065569461448424
10	137	0.22966899344024694
10	171	0.22320820117507864
10	151	0.2124540466663684
10	57	0.21152763866265192
10	53	0.20952071239807607
10	138	0.2038248775381154
10	173	0.19493305190988072
10	100	0.19324897720162265
10	188	0.19061954883357987
10	163	0.190176224465658
10	125	0.1789328271258047
10	144	0.16998381802874893
10	148	0.16996439585269024
10	43	0.16935252979089968
10	175	0.16796320707937212
10	91	0.16768137473469855
10	19	0.16221429807143198
10	122	0.16147420521681494
10	72	0.1613573318230054
10	89	0.1603539826973422
10	160	0.1591651210556787
10	142	0.1579270450474081
10	116	0.14859167055487887
104	110	0.5737062089083691
104	135	0.4505100309267024
104	6	0.4045939806616727
104	20	0.3730228709055139
104	1	0.3663580178892535
104	116	0.3603342733675195
104	118	0.3403072670728473
104	0	0.3361183323197714
104	138	0.3282003373155319
104	102	0.3159305997891541
104	30	0.30661966490431364
104	28	0.2950875649160422
104	188	0.28996678576436097
104	42	0.2800810320332445
104	2	0.27587339828898605
104	114	0.255230628306125
104	37	0.2547537890419836
104	72	0.2405049552377003
104	134	0.23214929592776296
104	115	0.2306254959142409
104	117	0.22724260662743856
104	89	0.2271382843323969
104	53	0.2261991493410441
104	52	0.21794727613851225
104	155	0.211814197286959
104	144	0.20838266891270849
104	150	0.20463942332735635
104	167	0.20049669666101613
104	132	0.18709974123359688
104	63	0.1827633057773571
104	5	0.17994901802649388
104	146	0.17251727364797378
104	159	0.17166333497207442
104	13	0.1698187253243409
104	78	0.16627180271503875
104	74	0.16458914849827108
104	43	0.16023706605610952
104	40	0.15628851265634325
104	149	0.15117236236121492
188	117	0.4267448932473159
188	187	0.4163182019840899
188	78	0.4085504430137893
188	182	0.3910932111793025
188	114	0.31662357572353594
188	98	0.31539938999868083
188	94	0.31169345644163365
188	148	0.3068733187473193
188	16	0.2986802871811874
188	147	0.2950327885465365
188	1	0.2449468626419619
188	116	0.24158813614474825
188	89	0.23653447596946384
188	20	0.2320357599609045
188	185	0.23199791323340901
188	102	0.21510699285597493
188	135	0.2139049691849805
188	91	0.2073014831539491
188	52	0.20531959151027426
188	110	0.20474481445224785
188	97	0.20207025160484995
188	43	0.1873216802269668
188	53	0.1846185198349645
188	48	0.18191256330542235
188	83	0.17840038410629133
188	184	0.17801308716819786
188	74	0.1720127047781401
188	192	0.16921654180670942
188	13	0.1675258692909161
188	55	0.1660287041930905
188	0	0.1609287573460183
188	180	0.1601591191304639
188	28	0.15721516999874202
188	75	0.15696158595748522
188	125	0.1545027036557344
188	132	0.15338972114223598
188	51	0.15217866664055904
188	154	0.15200283032830614
188	119	0.15043941921043744
144	138	0.5928310381121481
144	150	0.4740799087359555
144	115	0.5175590847792194
144	157	0.4437735538869061
144	149	0.4237713637312557
144	146	0.4220880471854103
144	40	0.4184404920208695
144	155	0.3760319188478557
144	118	0.3615953444499607
144	53	0.3552506232887319
144	143	0.33486703562789105
144	122	0.3267094063509562
144	41	0.3263609901987129
144	42	0.3139758550964628
144	152	0.2876294684612692
144	125	0.28249372913845017
144	15	0.28035747518165505
144	20	0.2782737952024972
144	51	0.2764184068994429
144	2	0.2758826372021792
144	116	0.264666689598569
144	17	0.2627313277496182
144	57	0.2534254666937828
144	37	0.24169171326077235
144	1	0.239411748193708
144	145	0.23870460984225456
144	132	0.23812928387387164
144	48	0.22752709546382846
144	154	0.2257816208766434
144	62	0.21484947108061567
144	140	0.2064591467442353
144	186	0.20038151776145505
144	14	0.1940767225873566
144	134	0.1928446293769004
144	131	0.18037473636607906
144	72	0.17901994419654396
144	121	0.1771802121145568
144	120	0.1729344449253101
144	142	0.16822557803194474
144	19	0.1661453940039935
144	151	0.14926636642807042
13	32	0.6940666625905099
13	114	0.5640273854093424
13	2	0.5081777343313747
13	35	0.639058093194291
13	36	0.5662937577575763
13	0	0.4660637823425812
13	40	0.463248888104402
13	1	0.4469480960627853
13	67	0.4292117307268927
13	181	0.4147214302013757
13	139	0.4078254002024124
13	145	0.40486156319606864
13	31	0.3760490907186301
13	166	0.3656305374707064
13	37	0.36249902304668896
13	42	0.3483898490142066
13	51	0.34627938960451365
13	41	0.3450995214519032
13	69	0.34022768744896703
13	142	0.3142823048858121
13	146	0.3108806661835322
13	141	0.3106819148868864
13	102	0.3103837370002514
13	39	0.3099137569814329
13	91	0.3083762275224859
13	62	0.3079327575376073
13	157	0.2875744313541853
13	134	0.2862162488888668
13	45	0.2840021525095796
13	154	0.2740985841650063
13	171	0.25417393521558673
13	5	0.25252690384834336
13	153	0.2479618849569342
13	110	0.24660994169842665
13	150	0.23975108445759455
13	140	0.2360246231177159
13	53	0.23558075649425395
13	72	0.2256297717668332
13	30	0.22243841790752827
13	168	0.21833776580688408
13	121	0.21331325909578872
13	100	0.2127404873845447
13	174	0.20697607135832213
13	94	0.2067750588340368
13	68	0.20184004021752056
13	6	0.19917180544095828
13	135	0.1963852450236703
13	28	0.18755324835301349
13	173	0.18746641274736806
13	52	0.18669441205742826
13	151	0.18280196939764728
13	155	0.17336125363961202
13	50	0.17229411010524134
13	172	0.16936224297165636
13	48	0.15514688295769827
13	147	0.15090852193102164
32	36	0.6774900638201453
32	35	0.6653540736366966
32	181	0.5704906989863997
32	31	0.557790500537586
32	166	0.5102590893678227
32	114	0.5354679813177312
32	145	0.5226145503650007
32	62	0.4882576208452255
32	140	0.4881129025674242
32	40	0.4713542630762909
32	67	0.4369946369425051
32	141	0.4229341759619586
32	146	0.42118360177057895
32	79	0.40178018560855
32	69	0.3913049519973345
32	171	0.37464873665514575
32	68	0.3695915961737868
32	37	0.3671283123291439
32	2	0.3576337719046463
32	41	0.352775295808664
32	51	0.3479153025465835
32	142	0.34606815031285393
32	0	0.3438392043161355
32	139	0.3420832736988925
32	156	0.3243939063085238
32	30	0.31944597389041485
32	45	0.3152733111809087
32	135	0.30844861806463364
32	172	0.30840337439440324
32	91	0.3057405988775943
32	134	0.2926207124909216
32	195	0.2813891184623594
32	42	0.2803298329585889
32	1	0.2654197887346271
32	5	0.26238683454466544
32	137	0.25862100436936797
32	29	0.243921988286925
32	167	0.2361284925820653
32	52	0.21013253495875145
32	168	0.20876526766684214
32	197	0.20497474224409684
32	147	0.20259773511524196
32	164	0.18849860159583592
32	6	0.18712869088169892
32	94	0.1864627668354658
32	174	0.1841644999517675
32	157	0.18196090825661992
32	154	0.1731090563500814
32	39	0.17177979637638816
32	196	0.1670690238647788
32	110	0.16654404906572862
32	100	0.16470589544134068
32	102	0.1625745404464567
32	151	0.1609287573460183
32	153	0.16022732279967092
32	72	0.15006799816245978
114	166	0.4832685075004631
114	181	0.4615349869610265
114	36	0.4550256186860688
114	35	0.4251650686610259
114	0	0.4096412019759864
114	110	0.3617170331218396
114	156	0.3527140058239059
114	145	0.3391396111610059
114	139	0.3260750440242321
114	52	0.3217069937344096
114	151	0.31864656752463466
114	5	0.3137685137197204
114	135	0.3082676350122495
114	1	0.3022918224324288
114	174	0.2996818268177265
114	51	0.2983250376842908
114	155	0.2960732076092044
114	102	0.29444838666063045
114	153	0.2902232223310781
114	148	0.28767533126609984
114	37	0.2859591658203226
114	147	0.2840481189956807
114	40	0.2761228310481133
114	101	0.2574355593752187
114	140	0.2384971345259999
114	137	0.23079591497637805
114	45	0.2294416403959569
114	39	0.2155265938668023
114	6	0.21331325909578872
114	146	0.20975972514133565
114	157	0.20632511042398602
114	94	0.2000743469563584
114	91	0.19987274473518615
114	30	0.19978633860136652
114	125	0.1950677283883335
114	168	0.19339337123986125
114	42	0.19235354753725512
114	31	0.19156376304918174
114	138	0.19151559742164814
114	178	0.1893568341556215
114	85	0.18871077581459647
114	164	0.18563253469833546
114	67	0.18501451539932331
114	69	0.18055854840575936
114	29	0.1756203109371122
114	117	0.1713527477776006
114	99	0.1661745657298238
114	173	0.16545491171578033
114	2	0.16354795138894834
114	149	0.16329489509649756
114	43	0.16270110180835234
114	41	0.1624674458846274
114	97	0.15667871780202422
114	53	0.15583971642844532
114	89	0.15441485083204598
114	121	0.1515827379864351
114	48	0.1491881479300578
2	134	0.528124043604028
2	1	0.5063432996672629
2	30	0.4775456368818663
2	35	0.43259929614437626
2	31	0.4272109764383945
2	0	0.4262867660874779
2	37	0.4077587037510781
2	150	0.3895759381030898
2	42	0.3858203164579841
2	146	0.3820518638985822
2	36	0.3674483990516109
2	40	0.341049775056026
2	141	0.3241612468563833
2	143	0.3200384986978469
2	41	0.2928035764102536
2	62	0.2733307675897388
2	154	0.27103449582303096
2	51	0.2698852001790424
2	69	0.268781523484786
2	39	0.2681690956464429
2	139	0.26486196856621
2	142	0.25797704008560085
2	72	0.2444015846359069
2	138	0.23816701529221976
2	135	0.2331992033922909
2	46	0.22824762661026002
2	110	0.2225714867237459
2	149	0.22068874484775933
2	53	0.21761387607516525
2	155	0.20079421649257986
2	100	0.1984034186985671
2	122	0.19776931594218056
2	67	0.18521731913890785
2	14	0.18313058733009746
2	121	0.1802392878529281
2	56	0.17556216087405885
2	181	0.16424861025079254
2	48	0.15339948584319207
2	5	0.15187583145133268
36	35	0.6133037896239873
36	141	0.5100445632874127
36	139	0.5076731663847879
36	145	0.5073242172095974
36	31	0.4883794680446437
36	181	0.4776845759670551
36	166	0.4759229165831077
36	39	0.4584760208816706
36	37	0.4462756443425747
36	41	0.44143361949927457
36	142	0.4407409394366583
36	40	0.4354724010510376
36	62	0.3805905084083995
36	156	0.3752675092294885
36	140	0.36691198827840815
36	135	0.3534580364847703
36	0	0.30035521855437297
36	42	0.2905528652488659
36	45	0.2816837543744374
36	149	0.2747551139633995
36	51	0.26888357368135124
36	134	0.2612690993675151
36	69	0.2554269378198957
36	53	0.2534722548775195
36	30	0.2400243960782485
36	174	0.2282286684633006
36	150	0.22728054071451803
36	157	0.2247754164208244
36	146	0.2241106787291932
36	29	0.2138286283056353
36	67	0.2121102696078619
36	79	0.21113594973104172
36	143	0.2006406624914296
36	153	0.1915444969088768
36	59	0.18336252829664385
36	171	0.18036506169908387
36	52	0.17723832792701488
36	94	0.17235232838770884
36	164	0.1708868031365578
36	137	0.16574668462610553
36	125	0.1608703106656398
36	28	0.15143618125418198
36	155	0.15137755669659916
36	138	0.14989204708426035
36	110	0.1498333946143852
36	100	0.1487090189237298
35	62	0.6030522222314136
35	37	0.5440426222540169
35	40	0.5303485589633363
35	140	0.4452259334153543
35	31	0.4371240736012658
35	69	0.40854211211439856
35	41	0.4045438012209461
35	145	0.4001016937120624
35	166	0.3909746182327281
35	67	0.3888037747379388
35	39	0.37641822345169584
35	181	0.3621776000010394
35	146	0.3522673731771493
35	45	0.3424805530811268
35	139	0.3408111581254045
35	42	0.33204952510079416
35	141	0.31961657484503764
35	51	0.3150571501716859
35	171	0.30840337439440324
35	142	0.30766117923234715
35	0	0.29256584914062106
35	52	0.2854908016037826
35	6	0.26594026062785703
35	53	0.26562427830456536
35	156	0.2624054575099157
35	137	0.252349011584255
35	138	0.24521004487435355
35	91	0.2359207482597612
35	94	0.23253716273720085
35	150	0.2323195880167419
35	1	0.2320546830612073
35	134	0.2303887793007923
35	30	0.22351223644014526
35	157	0.1991141849169294
35	149	0.18096482498850308
35	122	0.17962968501927676
35	174	0.17897154617039476
35	135	0.17637615010105634
35	172	0.16937195611951222
35	29	0.16311968968866064
35	155	0.16210719064331966
181	197	0.4266058420656256
181	135	0.4853428694179671
181	31	0.4831765279808489
181	166	0.481933760779647
181	79	0.43462113014632653
181	141	0.4213810068619437
181	167	0.3857607348610975
181	139	0.377816408533912
181	140	0.3406874135362883
181	110	0.3388121258826226
181	0	0.32360628530999297
181	168	0.32332872099284804
181	45	0.32051413291649944
181	62	0.3118559598167137
181	5	0.30821333574407994
181	1	0.3040807355124137
181	156	0.3031002762049325
181	171	0.2771848129663845
181	69	0.2738858506652523
181	137	0.2705248227318382
181	183	0.26435977879479033
181	146	0.2556232262748465
181	67	0.2550623462580631
181	145	0.2525362661263291
181	30	0.24862811313511946
181	195	0.24435457066816035
181	134	0.23965683025640394
181	100	0.23919491939450802
181	68	0.23785570960038066
181	99	0.231960065803478
181	147	0.2271667363845056
181	175	0.226588135161444
181	102	0.22305616725091248
181	172	0.22246693335173892
181	101	0.2121389197025497
181	159	0.18654963622471224
181	164	0.1864048522894059
181	165	0.18482135432856012
181	174	0.17479640426457385
181	52	0.17390437054621108
181	58	0.16653432641873922
181	29	0.16022732279967092
181	37	0.1559372863058722
181	91	0.1536045376401874
181	196	0.15296004466934746
181	57	0.15192467776695429
181	125	0.15117236236121492
181	142	0.1491294828312089
31	141	0.5390177045115341
31	62	0.5211884182669113
31	134	0.4902808563239099
31	67	0.4836133356844626
31	146	0.4568949737688017
31	171	0.4547718372024381
31	140	0.43633099001935816
31	45	0.43013311179430985
31	145	0.4140339486228439
31	30	0.4127405358784295
31	135	0.4019059639296889
31	166	0.3923038092343075
31	69	0.3891262830906836
31	42	0.3771389752164171
31	1	0.3683994940832591
31	139	0.36614155261713416
31	164	0.36153449549339006
31	167	0.3517329547102845
31	0	0.3399270093378513
31	172	0.32898532079083675
31	150	0.3242686330169404
31	41	0.3181882762614177
31	40	0.3112871182400849
31	137	0.3106999843095624
31	68	0.2720256061391686
31	5	0.2712012649395701
31	147	0.26435047763112857
31	46	0.26299198079776176
31	168	0.2628988948281821
31	51	0.2583317154810276
31	151	0.25451999903038924
31	165	0.2499879888212211
31	142	0.24361159763252935
31	149	0.23611905012641946
31	100	0.23360577839421776
31	72	0.2326033765120475
31	79	0.2310136520608828
31	156	0.22845615480036985
31	178	0.2157458990978174
31	143	0.20821047865651102
31	37	0.2037769542787929
31	138	0.1964813864188284
31	57	0.1819319013914492
31	154	0.1713527477776006
31	14	0.16533819443830428
31	122	0.16226298200260494
31	195	0.1612404539030973
31	160	0.16074367232133868
31	196	0.16043192462533068
31	63	0.16017860604917236
31	101	0.15475648697314792
31	110	0.15006799816245978
166	141	0.4566733962728273
166	140	0.45581028712539395
166	183	0.4504940899688327
166	171	0.3842019609575094
166	79	0.3719807677881405
166	139	0.3306251806109678
166	156	0.3098775983946811
166	91	0.29929039435546745
166	147	0.2963468854891085
166	69	0.2929955604763557
166	45	0.2887848084434634
166	172	0.2836251780967477
166	137	0.2772402021599031
166	63	0.2641644440329996
166	62	0.2568939169408954
166	146	0.2530323991555099
166	52	0.2528919976368963
166	67	0.2516091714654891
166	68	0.24570811227618214
166	42	0.2257436596274386
166	135	0.2256297717668332
166	132	0.2190709354388657
166	151	0.2187948356075044
166	145	0.21873770712841326
166	165	0.21636555702248705
166	28	0.2077703782737118
166	169	0.20485978117434975
166	6	0.19344150072462293
166	164	0.1925942859837036
166	153	0.1903593461173245
166	0	0.18542976327867894
166	195	0.18418382154933707
166	37	0.18414517821186333
166	125	0.1799006366736797
166	174	0.16932339005124214
166	175	0.16641765212949147
166	134	0.1634019599984149
166	55	0.1576930220102191
166	167	0.15190513932974375
166	159	0.15100624311780075
166	93	0.14986272098117004
98	182	0.4358693945642851
98	97	0.373892005637934
98	78	0.3646858787651311
98	148	0.3165785875357926
98	50	0.268809355955131
98	93	0.25773432737118496
98	63	0.2465254133042571
98	131	0.2421718624436512
98	71	0.23241418857957255
98	6	0.2322817465607487
98	75	0.2297068831782809
98	74	0.21623210694859615
98	55	0.2153835570005374
98	162	0.20782778744616207
98	183	0.20301963730778605
98	191	0.19196831787258364
98	110	0.1910724303942088
98	184	0.18701289033953644
98	117	0.17412740579339134
98	83	0.1739431605671564
98	185	0.17213885546831298
98	85	0.16911940358709593
98	66	0.16636903646675372
98	187	0.16457941937813636
98	60	0.15859976237829373
98	158	0.14867968222402894
15	14	0.5491475616036244
15	17	0.5655324464694603
15	120	0.5150287192027191
15	152	0.5285061116723277
15	46	0.4860687546956652
15	48	0.452086763015486
15	154	0.44076511153977094
15	115	0.43141177449594303
15	53	0.3943156396003599
15	42	0.3921261140762526
15	118	0.3846621554173931
15	151	0.3767443343314497
15	16	0.3270220119296081
15	119	0.315948603432516
15	20	0.31454363678373104
15	149	0.3030821134903811
15	148	0.2835240236978445
15	138	0.2769909362822165
15	43	0.27573480847482146
15	146	0.271877439360471
15	187	0.2571834355849778
15	155	0.25569799728692544
15	164	0.2548566472149493
15	117	0.25049417368328697
15	41	0.2268347716582325
15	19	0.2263509572767105
15	157	0.21109773254387196
15	40	0.2065644555604738
15	116	0.2036523492347045
15	122	0.1969524246132608
15	62	0.19118804670188436
15	147	0.16968275946861833
15	132	0.16634958997517638
15	121	0.1562494894563765
15	51	0.15233495749831094
118	115	0.6064519188037809
118	116	0.5747786015093671
118	43	0.485319935815081
118	149	0.41704541303145337
118	117	0.40698303828951415
118	138	0.4058476744321913
118	20	0.372730143451976
118	53	0.3654139390989569
118	42	0.3329656468593611
118	146	0.2924195374571145
118	157	0.2689485115726601
118	6	0.2619398247684976
118	148	0.2594512855488184
118	135	0.2576689760811081
118	132	0.23558075649425395
118	29	0.23209252873485925
118	40	0.2298394917775543
118	156	0.22940374578684694
118	120	0.22783998832811475
118	48	0.2275365777564616
118	155	0.22692962410496964
118	52	0.2239017180610852
118	19	0.21424847079762546
118	17	0.21215801956308566
118	16	0.21149898079906013
118	152	0.1939708635630261
118	187	0.19032079529103085
118	182	0.18951109251902246
118	150	0.18931826810395785
118	62	0.18683917978171968
118	110	0.1664370981680668
118	78	0.1631099557531146
118	28	0.15992526637250326
118	14	0.15131893107407354
118	125	0.1486014497455019
78	94	0.4626439140686261
78	43	0.4572905068687704
78	182	0.4525719558630656
78	52	0.3607866713491515
78	91	0.3539392299703568
78	97	0.34968954220078
78	93	0.34021000242621685
78	29	0.3312752251057715
78	180	0.3067827330911652
78	148	0.29501452932572386
78	16	0.2693751854371836
78	147	0.2631502157088364
78	53	0.2628616590697884
78	187	0.25456675941378226
78	68	0.24655358985247944
78	184	0.2422659954426052
78	75	0.2409100409875252
78	40	0.22754606000594355
78	125	0.22443357740988745
78	117	0.21948026026288944
78	20	0.2175757699754513
78	14	0.21728995309268145
78	63	0.19656791044439348
78	6	0.19585639989589115
78	185	0.1909279025540484
78	156	0.19032079529103085
78	162	0.18842144297028132
78	42	0.1858352903093998
78	28	0.18338185578942684
78	39	0.17592073339877973
78	69	0.17522292776845266
78	183	0.1686919564112261
78	1	0.16450158526433356
78	169	0.15786854095020902
78	135	0.15645435581158898
78	0	0.15601534001700615
78	62	0.1515631974737267
78	157	0.1495498928170831
67	171	0.6799333113843916
67	172	0.5439862983927171
67	164	0.5157337260129972
67	45	0.4890188534095671
67	196	0.48698470459730603
67	66	0.4711986833799987
67	50	0.4578834674354076
67	62	0.4484033427590271
67	179	0.4449693292272959
67	170	0.4443435503704165
67	173	0.4353994654517919
67	137	0.4001184919503339
67	51	0.3978398837140185
67	174	0.39467871954153705
67	140	0.3826409935987695
67	195	0.3748894101325665
67	46	0.3595682905705089
67	178	0.3403868418222026
67	169	0.3284947593148759
67	165	0.326298444574658
67	68	0.3255655545968621
67	147	0.32380323265933136
67	69	0.31796356933610936
67	151	0.3157145383253317
67	42	0.31216286085636663
67	145	0.30875623800490337
67	139	0.29631039791567043
67	40	0.2924195374571145
67	41	0.28967366441161096
67	91	0.273608331908798
67	168	0.2593393598609929
67	180	0.23830850170747306
67	146	0.2356185362065137
67	79	0.23422021343075666
67	175	0.22386372299999308
67	167	0.2235027359961093
67	93	0.2217349165853304
67	141	0.2135614146650384
67	97	0.21279777114238316
67	150	0.2093199223414698
67	72	0.20762684908113427
67	0	0.1933259883974964
67	191	0.17321575797584615
67	148	0.17205152097622
67	60	0.1709159269182584
67	157	0.16739951497903244
67	5	0.1652895608722225
67	159	0.1620974534149478
67	153	0.16165924549293376
67	142	0.15969139566235085
67	134	0.15201259926485253
67	186	0.15198329236612082
67	17	0.1492859207607288
171	170	0.660511248202276
171	140	0.5823821828554075
171	172	0.6563534244064103
171	165	0.5539623717165425
171	45	0.5168119153542897
171	137	0.5140802680003992
171	196	0.5022270736863347
171	169	0.4894220049803328
171	174	0.471533143466945
171	62	0.4703268952479772
171	164	0.460259117688284
171	175	0.4265322185680887
171	173	0.4193062642472033
171	66	0.39963963683121695
171	195	0.3934369838072935
171	68	0.3772676328661857
171	69	0.3757141926580119
171	179	0.3605604935635242
171	42	0.33266330712511394
171	146	0.3308567393177597
171	79	0.3265128748161763
171	139	0.3213393783764165
171	141	0.31967942260598786
171	183	0.3133627592623618
171	168	0.305196585534978
171	46	0.26684142538335537
171	147	0.26075656961794924
171	167	0.25522127970900105
171	151	0.2373933776688296
171	50	0.23117457329731755
171	91	0.22075533457241125
171	180	0.21306507599887886
171	159	0.21180464591926984
171	60	0.20697607135832213
171	153	0.2029333452588928
171	145	0.19430767203984325
171	178	0.19078336643533172
171	5	0.1836524257960104
171	150	0.1802102622820169
171	93	0.17902962369781125
171	17	0.1785165624149372
171	51	0.16959534943547405
171	156	0.16625235557661872
171	149	0.1609774620508313
171	191	0.16039295391136313
171	40	0.15125053316901552
170	172	0.6753908725426027
170	175	0.6397202163300144
170	66	0.5939583534861727
170	196	0.6655992155950942
170	195	0.5602997553288513
170	169	0.5185175281019127
170	60	0.5080367871999311
170	165	0.480789007223848
170	173	0.4550018298107493
170	183	0.4387808778266555
170	79	0.424738972470116
170	93	0.4101237598397104
170	179	0.395303266265186
170	159	0.3895674557641604
170	68	0.3789559840627553
170	191	0.3664792211243148
170	50	0.3367036385395735
170	137	0.3335612336008597
170	140	0.3047158746495742
170	168	0.2984434633731542
170	180	0.28817973500483673
170	174	0.2802376888573466
170	45	0.27579024577651906
170	167	0.2523958269923425
170	91	0.21959447666399434
170	185	0.21787107489126056
170	164	0.21725184135839848
170	69	0.21206251863980174
170	62	0.1842224643174167
170	162	0.17899090548481006
170	186	0.17569784244816908
170	163	0.1724978688252172
170	147	0.1619027022206907
170	83	0.16028578186989806
170	55	0.15187583145133268
140	137	0.5954965442321976
140	165	0.5324081746318666
140	141	0.5283403348273308
140	139	0.3969809775751612
140	145	0.3890838532283997
140	62	0.3875127887133867
140	146	0.3782620934084205
140	149	0.3583661141193026
140	45	0.3395908750760445
140	164	0.33176477705824714
140	143	0.32733454595621875
140	172	0.32118692407899463
140	138	0.31923044834610514
140	134	0.3137955599447185
140	156	0.28628969362773365
140	79	0.2843974216088586
140	196	0.2766585237818485
140	142	0.27183113459815017
140	150	0.26997791387440034
140	195	0.25593163698030336
140	37	0.2369498153504825
140	51	0.216746798385448
140	174	0.21306507599887886
140	175	0.20686120919732096
140	178	0.20114927232048002
140	183	0.1993254534379781
140	173	0.19790383643841206
140	157	0.18665580596128686
140	135	0.17602732704413787
140	197	0.1718089109773871
140	72	0.17174097644160735
140	186	0.1601591191304639
140	41	0.15823904816466627
140	6	0.15562505199598245
172	196	0.6663949357691751
172	169	0.5186637408517987
172	195	0.594139543120901
172	175	0.550298938280569
172	68	0.4952781361979749
172	60	0.4936916193268152
172	180	0.4869923330191314
172	183	0.4850676221100255
172	66	0.4653981519424282
172	165	0.42882823806694587
172	179	0.4279791090814529
172	91	0.4214961413956085
172	69	0.41354496945699787
172	137	0.3911525027830195
172	173	0.3900423649399367
172	93	0.38909233933293297
172	164	0.38172728296979
172	62	0.37522454970863295
172	50	0.3619864427479583
172	147	0.3604299870866088
172	168	0.3562550790312274
172	79	0.34388329228821884
172	191	0.3122350634009605
172	45	0.2985254450058387
172	167	0.2941469683346601
172	174	0.2856102015220107
172	159	0.2759103536358911
172	186	0.2482434184766961
172	146	0.2431129870050958
172	185	0.22247643841522866
172	153	0.2208599714101322
172	42	0.2183949047754812
172	17	0.2171660875345458
172	157	0.18865291186490735
172	160	0.18723483681018188
172	148	0.18700324005970104
172	40	0.18524628981426375
172	151	0.17725769958984652
172	57	0.1746509835202526
172	178	0.16639820596146912
172	197	0.1601396320869148
172	5	0.15460031503874305
172	156	0.1536435936260402
172	51	0.15357524533583278
175	195	0.5745776780016608
175	169	0.5095560949268371
175	196	0.5029147023034202
175	60	0.4639005197927781
175	183	0.4348401026528567
175	182	0.4079837868317897
175	93	0.3966018271222215
175	173	0.3952104513436109
175	185	0.382606849641392
175	165	0.3796237725810843
175	66	0.3653359539956714
175	55	0.3387058968029259
175	147	0.3356215051544442
175	180	0.3272184702450929
175	174	0.3251363641661693
175	159	0.31334472307370465
175	158	0.3084576666312233
175	50	0.3044346321387973
175	79	0.28297216140754605
175	167	0.2811220588294571
175	68	0.2788180183679453
175	63	0.2774986606934076
175	179	0.2619025688770374
175	191	0.25854635361093903
175	168	0.2583783781145056
175	6	0.2572768188510497
175	162	0.2280485574370036
175	91	0.2271382843323969
175	69	0.2075407272738202
175	1	0.1937206333698862
175	62	0.17136245414332646
175	137	0.16440428974128654
175	160	0.16137681103636986
175	30	0.1546491195985719
66	50	0.5097189542362468
66	60	0.4731180359655341
66	196	0.426090358894726
66	179	0.4123339275048092
66	93	0.3822824299299589
66	173	0.3390157074735448
66	68	0.32535991757635035
66	191	0.325216847581847
66	183	0.3168484952929646
66	169	0.30551395088689354
66	91	0.3024099383450836
66	165	0.282613350392873
66	195	0.26382023006073474
66	180	0.25403362052539
66	69	0.2501567323072867
66	55	0.2477741726696168
66	79	0.2309852528832965
66	168	0.21323689799656534
66	178	0.2103236957859312
66	137	0.2094346616792649
66	97	0.20746417185519234
66	85	0.19952710156071565
66	164	0.18903864676786766
66	83	0.18588356312306376
66	167	0.18517869107095736
66	159	0.16902226208183538
66	62	0.15618119768275607
196	195	0.6536069218374566
196	179	0.4763946129852713
196	165	0.4949082436715108
196	164	0.4424394843966284
196	173	0.4343290868544332
196	50	0.4335742189940576
196	169	0.4276032915348063
196	93	0.38448321360977394
196	137	0.3836562979933051
196	183	0.3787761273562164
196	60	0.3767872367085801
196	180	0.35782561838592186
196	174	0.33797976707256405
196	79	0.3376342713755148
196	68	0.32066666062159377
196	168	0.26515949474301065
196	45	0.24417590711511086
196	91	0.23550519493377364
196	191	0.2271288002288573
196	147	0.2227805781073864
196	159	0.21028546490659752
196	182	0.20191677982608006
196	178	0.19985354364071495
196	97	0.19746181255670675
196	167	0.18988705807546688
196	142	0.1791554540597443
196	162	0.16556189848212616
169	183	0.479342278424836
169	55	0.4344426701013437
169	180	0.4278729147690035
169	182	0.4154084386547245
169	93	0.40875869337313503
169	147	0.4083921442860738
169	159	0.39297201920345337
169	195	0.3805990598845022
169	158	0.36904752627027504
169	60	0.36022114737145744
169	68	0.3562638098233099
169	191	0.32425968448938697
169	91	0.3217697476438338
169	63	0.31053735142235744
169	179	0.2949049694763416
169	45	0.2851049874640616
169	165	0.26301059740419963
169	167	0.2576689760811081
169	173	0.2517215712102329
169	97	0.241352713137683
169	69	0.2286267531845224
169	168	0.21602238336650254
169	174	0.21589844642380565
169	79	0.20771296766989256
169	164	0.2063921295523521
169	151	0.20585592235203296
169	162	0.2041603129916407
169	185	0.19541400554555774
169	83	0.1764439716653554
169	148	0.16666071830306706
169	62	0.16344089173591206
169	85	0.1597108855732639
169	42	0.15087920499976493
29	52	0.4827318099450442
29	132	0.4366871523358706
29	28	0.4336229385303844
29	125	0.4292606761037706
29	53	0.3940538078983298
29	39	0.3915335855534356
29	94	0.3731175609529172
29	157	0.3605082926664631
29	40	0.3485479915077143
29	156	0.3464729947808178
29	20	0.34347762577655044
29	43	0.3364110179187424
29	145	0.334467436608419
29	116	0.29917203446723706
29	41	0.2778770453639558
29	63	0.2665163165544597
29	135	0.25025047212293783
29	110	0.2442699426313151
29	122	0.2334166838939653
29	91	0.2286836161928935
29	197	0.2254684200743751
29	62	0.21434387851248776
29	142	0.2096258810916181
29	180	0.1980191337883068
29	117	0.1976443973825294
29	155	0.19464443470864773
29	167	0.1892025664447773
29	42	0.18665580596128686
29	16	0.1850338307204303
29	6	0.1834205103496631
29	138	0.1808003871368579
29	0	0.17407892138898096
29	192	0.17204181697678314
29	93	0.17055671275235185
29	74	0.16916797310771953
29	69	0.16444320833451098
29	159	0.15535182146100476
29	68	0.1519930613620617
29	5	0.1486894611530102
29	79	0.14837652101167814
182	183	0.5723360504102853
182	180	0.452206097555962
182	60	0.39322566119121977
182	93	0.3677597512547002
182	147	0.3512509053442209
182	148	0.3329389725765801
182	91	0.3221641360423708
182	6	0.3130831729394727
182	158	0.3032183284815828
182	94	0.3030911948751816
182	55	0.3004461944958286
182	195	0.27571632896660725
182	187	0.246872894924692
182	97	0.2449750624657641
182	63	0.24421352187276146
182	68	0.2373084478599177
182	191	0.2369781307927439
182	159	0.2293184803737309
182	185	0.2220106405994473
182	117	0.21360913373155932
182	16	0.18487930414988776
182	162	0.16915825926931846
182	85	0.16079238000341595
195	93	0.5695996352120549
195	68	0.4471401324356904
195	79	0.4353508385431934
195	183	0.4070748143092227
195	180	0.3897116465370855
195	91	0.3327789156909601
195	167	0.3208640247314383
195	60	0.3082495354793578
195	173	0.2985345538042332
195	185	0.29114787916224194
195	50	0.2757255687461908
195	179	0.2750509310253345
195	174	0.2721274633185606
195	137	0.2448152579849336
195	165	0.2422377560217465
195	164	0.23754435503445515
195	69	0.226588135161444
195	147	0.2176900862843259
195	191	0.21598424966381807
195	197	0.20638255550970372
195	97	0.2040069770134739
195	159	0.1988644800746594
195	157	0.19441351667525408
195	168	0.19232465736716745
195	160	0.18337219206075595
195	158	0.1708382628368277
195	131	0.1682547288894653
195	62	0.1658342108435112
195	163	0.16525065344056092
195	142	0.1563958239401324
195	145	0.15350689557608485
195	85	0.14963787876725973
179	178	0.4203935823811337
179	89	0.4602118266896989
179	50	0.4417636656538849
179	168	0.4215619264574392
179	191	0.4205417596292968
179	173	0.3841081942212461
179	72	0.3709204779223687
179	97	0.33704937907864624
179	174	0.3233555844884133
179	51	0.3180085135799691
179	180	0.3138947250795064
179	164	0.2969032137510664
179	159	0.2917060720344383
179	151	0.282944563370594
179	137	0.2770186343326814
179	160	0.2696255752124823
179	93	0.2661446893351887
179	1	0.2660610623019038
179	167	0.2500817370778593
179	102	0.24260483646317346
179	91	0.2420024115569314
179	0	0.2359868510660393
179	192	0.2358451995219979
179	165	0.23382321522591776
179	57	0.2320262983448896
179	153	0.229555320049508
179	60	0.21573636454017708
179	147	0.2055590401807455
179	186	0.19193942326123886
179	148	0.1907255496711471
179	155	0.18999308957986735
179	69	0.18482135432856012
179	162	0.180887443729836
179	101	0.17348734376105904
179	184	0.1655035425470388
179	5	0.16396642032313635
179	197	0.1616787227557245
179	42	0.1597596098057852
179	68	0.15918461432290792
179	63	0.15694207863503915
179	62	0.15470768407407334
62	42	0.5308443014525487
62	40	0.5157777657736081
62	45	0.4818416266697581
62	146	0.4718208261656106
62	69	0.4482755040776389
62	41	0.4290159240107931
62	164	0.3566566310642128
62	30	0.3302154023023031
62	137	0.3271291745161964
62	37	0.3237763778544736
62	68	0.31859265863212605
62	53	0.30107377943103897
62	51	0.28913307947513106
62	135	0.28674864699833885
62	167	0.2791315572072645
62	145	0.2784213988205472
62	43	0.2757440481524982
62	91	0.2716736889920772
62	150	0.2649177585678005
62	157	0.26029050588649744
62	149	0.2558942566377631
62	165	0.2542394117432559
62	46	0.2535938986045849
62	138	0.2532102257790953
62	141	0.23337886287479595
62	52	0.232338508481008
62	174	0.2260663083828431
62	147	0.2216683571984676
62	94	0.21967061758748727
62	48	0.2153358759909232
62	183	0.2129218809324643
62	134	0.2127786767189488
62	156	0.20869831749415935
62	180	0.1986723818532052
62	187	0.19865317119118145
62	6	0.1923728074654132
62	173	0.1911013349683044
62	5	0.19099534991002934
62	159	0.18211560618792236
62	1	0.18159346458077066
62	0	0.18005545393783062
62	152	0.17700585726480028
62	60	0.17552339348472928
62	116	0.17183802527825875
62	168	0.1694399472331296
62	14	0.16941080838189138
62	148	0.15849252743521713
62	39	0.15025371398815074
37	39	0.3853776334885489
37	138	0.3830762374182579
37	40	0.36787216373926096
37	150	0.3557223831197835
37	42	0.34653459023930794
37	146	0.3378026011638177
37	53	0.3004825833418621
37	69	0.2843606564663785
37	6	0.23851599681836175
37	145	0.2299815629496568
37	110	0.223151189725686
37	139	0.2206792318619867
37	30	0.21637508886132045
37	41	0.20902348571270268
37	149	0.205760158047064
37	51	0.2021469837733365
37	121	0.19156376304918174
37	141	0.1891061443818834
37	72	0.1750678359135788
37	28	0.1681381236941552
37	20	0.1656688813516979
37	157	0.1592236004849898
37	135	0.15422937574242726
53	157	0.6637515555665787
53	41	0.5812444149701982
53	94	0.5438877198388049
53	20	0.4636807482857627
53	40	0.554364255447587
53	42	0.5223382833813993
53	39	0.5194746702486688
53	125	0.5183785978975329
53	51	0.4999803914931376
53	155	0.466705420314155
53	132	0.41892706729599605
53	156	0.41645872749346896
53	43	0.3960707891036137
53	145	0.3946871617953004
53	154	0.3934454358474375
53	28	0.3722822991264159
53	149	0.3669033344907281
53	122	0.3656825151889697
53	152	0.3653012923035347
53	138	0.3612388996147107
53	116	0.3516453232354318
53	14	0.33594091550219224
53	52	0.32068460396437
53	48	0.3113142109969686
53	187	0.3003006303661264
53	19	0.2926572869875488
53	117	0.2826961599588476
53	121	0.2715440169839989
53	89	0.2591061589722021
53	150	0.2580517143720445
53	148	0.25644553903885353
53	0	0.2559690165575065
53	59	0.23625124044696774
53	16	0.2357696479333317
53	146	0.2331235525305917
53	180	0.2317424294548284
53	115	0.2298110763673928
53	17	0.22483238421318885
53	120	0.22454752988868865
53	135	0.22115482968338493
53	72	0.20975972514133565
53	73	0.2093199223414698
53	151	0.19497153165403214
53	91	0.19175641633047288
53	69	0.1906002754763528
53	30	0.188016322042917
53	1	0.18712869088169892
53	142	0.17278892709998106
53	153	0.17107124870876622
53	46	0.1554494065258346
53	6	0.148396080641792
39	41	0.5041463558718017
39	40	0.4856485869701706
39	28	0.3997824761128349
39	142	0.35899348521868263
39	94	0.34697447087460714
39	145	0.3416328758531552
39	138	0.33576347484238434
39	42	0.3307231526163454
39	43	0.32461758031263044
39	52	0.3160206157305867
39	143	0.3014011115870538
39	125	0.28550917139893595
39	132	0.28408489124450137
39	157	0.2815824792679377
39	122	0.2757994851484409
39	59	0.2700706225637635
39	156	0.25778100542044396
39	149	0.239411748193708
39	0	0.2209170439061436
39	51	0.2100943008646927
39	20	0.20980752468286032
39	69	0.20308675116577696
39	139	0.17810023379244272
39	174	0.1747091527326615
39	135	0.17207092887491685
39	155	0.1697798785964644
157	155	0.5728065638409563
157	125	0.5589948457822036
157	51	0.5476651516676121
157	145	0.5035793030105622
157	40	0.49939514808151
157	122	0.4963264462270742
157	156	0.4891253665952388
157	149	0.4777849060040602
157	41	0.4763095732302422
157	132	0.4435085036203216
157	116	0.4094997191300653
157	94	0.399295062245327
157	42	0.3951176283517711
157	154	0.3714378135255017
157	142	0.3455487045797388
157	150	0.3419949727751743
157	173	0.3353463954964782
157	152	0.33399664348312713
157	43	0.3230063184059049
157	180	0.3134258841422672
157	52	0.30775171090661657
157	20	0.3034544051125161
157	138	0.2976325191543182
157	28	0.2951697258334133
157	19	0.2895820528413558
157	164	0.2820887920230972
157	72	0.2806983576894451
157	0	0.2800626008376924
157	131	0.2703394494406373
157	14	0.2543703578065817
157	115	0.2535283991325519
157	148	0.25206809433301963
157	153	0.2505597802196225
157	89	0.2467226403871703
157	174	0.2452006461309684
157	186	0.2431035780214661
157	139	0.23754435503445515
157	59	0.2305213439655808
157	135	0.2299057928773046
157	45	0.2297542443716729
157	50	0.22232435232533898
157	143	0.22036527978680498
157	48	0.2163941524152388
157	58	0.215192826802376
157	1	0.21022811738171035
157	117	0.20598998575496524
157	151	0.18999308957986735
157	91	0.17737392668198335
157	73	0.1708868031365578
157	71	0.17067321961619752
157	168	0.1672439944305277
157	121	0.1658925602037328
157	137	0.16541600647143098
157	16	0.16012014491853935
157	110	0.15489313107190028
157	197	0.15134824401842964
157	146	0.14923703471017646
41	40	0.6189615760641458
41	145	0.5785497216819754
41	192	0.2853897639809639
41	51	0.5198250529667303
41	142	0.4335173763312008
41	42	0.42175103379309775
41	149	0.4034559821353807
41	122	0.39190606999833183
41	94	0.3859054274422865
41	138	0.3808470243719146
41	156	0.3533442724938697
41	155	0.32267488205053585
41	72	0.32169802865946673
41	164	0.32067563232175184
41	143	0.3098323989007025
41	146	0.3085119568584577
41	152	0.2929955604763557
41	154	0.2892705338220633
41	150	0.2809470651108625
41	174	0.27245151376656696
41	0	0.2629175124137107
41	46	0.257342184278446
41	173	0.2501098606405985
41	45	0.24877821661246485
41	139	0.23514623865214465
41	125	0.23094738670093745
41	43	0.22523111570527135
41	48	0.2037481998544297
41	135	0.17590135229268036
41	153	0.1726434017312959
41	134	0.16549381644516806
41	52	0.163275428337379
41	132	0.15664945411110145
41	151	0.1517390578216061
94	40	0.4976216345726268
94	91	0.4053213086894629
94	93	0.3910254453712137
94	180	0.34476473316290035
94	42	0.3126321129039964
94	125	0.2800441694356637
94	132	0.27853209290462505
94	69	0.27631680859557617
94	20	0.26975539259822884
94	138	0.25567930482065176
94	68	0.2518339641647561
94	28	0.2467977691392306
94	52	0.24418531087341264
94	121	0.2408912016497129
94	122	0.23160994379484245
94	50	0.22515517266149296
94	187	0.22356923821245087
94	16	0.2217063913867849
94	48	0.21926132867945125
94	117	0.21349460625985706
94	6	0.2112792584329338
94	51	0.20698564294756971
94	97	0.20385363102486545
94	145	0.20207025160484995
94	148	0.17225529724818808
94	156	0.16659266181486593
94	154	0.1646669803062591
94	89	0.1538193396200426
94	158	0.15146549313349705
94	192	0.15013642101529728
94	185	0.14817113788946773
20	125	0.4605112922329409
20	116	0.4577886210968044
20	19	0.3916013195477912
20	40	0.3248769966778355
20	89	0.32452811506607426
20	42	0.3209178464718641
20	115	0.31354310871321833
20	48	0.31240652998708474
20	121	0.3029368038479034
20	117	0.29910829840601233
20	28	0.2951514682289749
20	110	0.2818954911332385
20	187	0.2507753283472561
20	132	0.2484873802784493
20	43	0.23653447596946384
20	1	0.2308527181844508
20	155	0.23024673624153275
20	138	0.23003838867429866
20	52	0.22770725164343986
20	73	0.2141244346565733
20	154	0.21299825277321213
20	120	0.2074067536234839
20	156	0.18987741862811136
20	14	0.18499519993527128
20	6	0.1787682650042697
20	0	0.1633435614379705
20	150	0.1626037473895627
20	185	0.1608995341468897
20	16	0.16074367232133868
20	17	0.15366312143895386
155	51	0.6437960351647988
155	156	0.5061276192286533
155	125	0.4855568841723739
155	149	0.4558815855287259
155	154	0.4433478293289376
155	122	0.4368166319809876
155	72	0.3987569641983731
155	0	0.3957587860608866
155	52	0.3800345228826807
155	40	0.3769159341406203
155	145	0.3458744834673799
155	1	0.3403691589658664
155	139	0.3391219113544714
155	43	0.3245549552498304
155	117	0.3205500232839695
155	148	0.3183230832594332
155	153	0.3178467076143428
155	152	0.302164610297961
155	42	0.30158293209843545
155	138	0.27352506739539106
155	48	0.2694957480257816
155	151	0.2656428670806658
155	150	0.2645457917389131
155	164	0.2642853681086653
155	142	0.2585930106969009
155	14	0.2574262220818538
155	116	0.25296687977277155
155	115	0.2491159057380033
155	89	0.2477554004174065
155	174	0.24587723774860665
155	146	0.22156375970309847
155	135	0.22155425058702624
155	132	0.2173280641644664
155	16	0.2147827012972088
155	178	0.2104288273869528
155	28	0.20861223582642813
155	71	0.2039207211261948
155	46	0.19957511052850824
155	5	0.19714465898698025
155	197	0.1836717511607548
155	121	0.1770349171782731
155	50	0.17016832211291966
155	102	0.16921654180670942
155	19	0.16613567003075738
155	168	0.16518256419753902
155	120	0.16224350852491765
155	45	0.15104533076626234
155	30	0.15022439114134062
125	122	0.5110057363390348
125	71	0.34285123670923806
125	156	0.5093265493729279
125	132	0.4963264462270742
125	52	0.4132879525428815
125	51	0.3547611996567793
125	28	0.3444298571407793
125	0	0.3376608511992428
125	40	0.2998729548551828
125	43	0.2949414902878746
125	197	0.2940830235888526
125	145	0.2918433021639106
125	168	0.2893255122212752
125	116	0.2800626008376924
125	138	0.2557166895620151
125	152	0.25131877404843017
125	117	0.24790557322499546
125	148	0.2408535224295106
125	154	0.236940376780268
125	42	0.23343559413871698
125	59	0.2284751108694614
125	58	0.21980385776373115
125	73	0.21176644004392428
125	89	0.21171868178954076
125	110	0.21023767540300303
125	16	0.1949811514962943
125	91	0.19389387234413905
125	135	0.19036898373217154
125	149	0.18459920144359374
125	74	0.17611453695649495
125	180	0.1702848448620006
125	72	0.1602955249389623
125	174	0.1553030277914577
125	161	0.153916972079017
125	151	0.1501950680302288
125	19	0.1490219274235691
68	69	0.6633149712034122
68	91	0.6162770939101458
68	93	0.5760829155976173
68	79	0.4476920074143029
68	183	0.4362581217839913
68	167	0.4009160984629074
68	40	0.4005299647891111
68	60	0.38574371095664783
68	42	0.3616735742964885
68	63	0.3362868562040587
68	97	0.3252347321455584
68	180	0.3245012743596895
68	50	0.2964016152273113
68	185	0.2810483795415413
68	55	0.2729328460203144
68	83	0.24409127122402066
68	174	0.2404201592394965
68	75	0.2323479686472028
68	162	0.2107155251920883
68	158	0.20027593223736087
68	147	0.19829774642358247
68	187	0.1976924437422938
68	146	0.19103389044661875
68	191	0.18531388680445468
68	164	0.18516903396455106
68	45	0.18303393924169906
68	85	0.1820769325499807
68	159	0.17588197105021391
68	184	0.17250757125333288
68	163	0.1618540124508303
68	137	0.15809280063390727
68	6	0.15682503212918386
68	5	0.15145572253665435
68	16	0.15057624784508536
68	165	0.1494325745327068
68	52	0.14920770272963862
69	42	0.5721275596775934
69	91	0.5703760160035537
69	40	0.5226000127324163
69	93	0.38835380129472624
69	63	0.3727904169360868
69	183	0.3282895628407084
69	146	0.3157505508437371
69	167	0.2918250055073782
69	1	0.2872808680465311
69	97	0.27796932123427953
69	60	0.2682433408803535
69	180	0.26435047763112857
69	5	0.25570734344836904
69	159	0.2440160361989392
69	89	0.2391289232842629
69	55	0.22795375588983885
69	45	0.21833776580688408
69	51	0.21527865742408855
69	79	0.21399084955120146
69	83	0.20260732463739067
69	28	0.19404785239250172
69	0	0.19344150072462293
69	48	0.1931912172420001
69	85	0.1925557693893608
69	52	0.1858739086321084
69	168	0.18297594869028916
69	147	0.1816514853773465
69	6	0.17840038410629133
69	122	0.16974103134095286
69	141	0.14882636310447284
91	180	0.6026702872708527
91	93	0.4963942726024188
91	40	0.3876572509477906
91	183	0.3354972691690394
91	168	0.3227375922984165
91	60	0.3167675283515076
91	97	0.2982885971625898
91	191	0.2815824792679377
91	42	0.2815364430544581
91	89	0.27173852129751475
91	52	0.27134022676661873
91	63	0.2660610623019038
91	79	0.25677249216944537
91	50	0.2515061324033599
91	187	0.2358735306327926
91	147	0.2358451995219979
91	167	0.22487036188758452
91	51	0.22080289740149708
91	28	0.2200798291813084
91	45	0.21829967232941366
91	185	0.20742589319285884
91	153	0.20289499222529356
91	148	0.1961448750185132
91	159	0.19484647029165414
91	173	0.19426918195956352
91	55	0.18791985524324076
91	156	0.17869082054427182
91	83	0.16974103134095286
91	174	0.1696439108945162
91	184	0.15062511381682114
93	97	0.491783452576053
93	183	0.5064697035840933
93	50	0.4434121024653505
93	180	0.4379164779895301
93	60	0.4063403761199825
93	159	0.3853776334885489
93	63	0.3647205584276184
93	79	0.3003188266474649
93	167	0.29460363991283384
93	162	0.2920811392582643
93	185	0.27937128205320305
93	83	0.2684103810050305
93	191	0.2631036774983496
93	173	0.2498098542213431
93	55	0.2481214257638041
93	174	0.2409853965232241
93	89	0.2341162452544384
93	158	0.20675591387336445
93	148	0.20517591050647185
93	147	0.19411521565754167
93	163	0.19400935827649501
93	131	0.16486155085291532
93	184	0.16182479821062626
79	183	0.38738530622839135
79	197	0.3366947722031226
79	167	0.32649500691264505
79	60	0.3248412180154269
79	99	0.3032183284815828
79	165	0.27953722501028305
79	141	0.253331886769258
79	83	0.24048611199973485
79	137	0.23888377553499565
79	45	0.22430062509359475
79	163	0.21662290218781172
79	85	0.2112410436669964
79	58	0.20994135806325304
79	74	0.20769383048393306
79	56	0.2017824838846694
79	185	0.1854394194188022
79	63	0.18399059917025015
79	5	0.18230896592377566
79	168	0.18101318713747624
79	191	0.1636355427855101
79	97	0.16226298200260494
79	110	0.15806355029519634
42	40	0.6247022084498091
42	146	0.5267453822618748
42	51	0.4656018124798411
42	1	0.4036987484728101
42	48	0.3870027698881485
42	138	0.3727473647683989
42	0	0.3549272759138039
42	72	0.3291458296427599
42	152	0.32671833893141033
42	46	0.3156605178422761
42	154	0.31291178675039377
42	30	0.30757064198728995
42	5	0.2948958391388264
42	150	0.2908458232909293
42	52	0.2877762247924052
42	28	0.2864457525268859
42	174	0.2848752923105077
42	89	0.28474664873121897
42	45	0.2765384696567468
42	149	0.26494565290353683
42	151	0.26481547554365664
42	167	0.25858367937622284
42	6	0.25580080243369324
42	122	0.2504191919673323
42	173	0.24913466446984897
42	187	0.24707008599124394
42	147	0.2463657383264243
42	153	0.2411455173884999
42	14	0.2404013151859485
42	156	0.2380726853986246
42	17	0.2375066117686717
42	164	0.2368837444197553
42	115	0.2368837444197553
42	43	0.2338043086034237
42	145	0.23208306738231946
42	180	0.23160994379484245
42	120	0.2184044277913388
42	132	0.21788060019245456
42	135	0.21497346677828488
42	116	0.2132941690652783
42	97	0.20302922511858928
42	168	0.2000743469563584
42	139	0.18460886065711088
42	148	0.18140972371882708
42	117	0.17787752020279485
42	55	0.17398195004832478
42	121	0.166923207020461
42	159	0.16357714880771218
42	59	0.1623895565261125
42	16	0.15518591989320746
42	63	0.15296981068665638
6	158	0.3384048675207319
6	1	0.3082314357232978
6	110	0.3031638439716896
6	138	0.2732567427479163
6	52	0.2685217321220448
6	159	0.2583037173223083
6	132	0.2346738300257324
6	40	0.2295269007231512
6	146	0.2100273896538334
6	30	0.20322097315669108
6	83	0.2025306073723157
6	116	0.19785579425948935
6	135	0.19341262314547408
6	63	0.1917178868558906
6	131	0.18912542908626687
6	102	0.18234763617939534
6	156	0.1792232064425887
6	28	0.17464128853298094
6	183	0.1609287573460183
6	0	0.15841453603699945
51	72	0.5368858838971607
51	89	0.4656409723157746
51	40	0.4677841416250646
51	122	0.4592023300802459
51	156	0.4537718546832603
51	154	0.4409423540956167
51	145	0.44009611427409895
51	0	0.3970652148411656
51	178	0.370998092951064
51	1	0.3624208469951671
51	139	0.3506722002206013
51	48	0.3417476980601508
51	149	0.3384048675207319
51	153	0.3378026011638177
51	46	0.33224525428427804
51	50	0.2999275584453257
51	164	0.2951514682289749
51	151	0.2899301485689116
51	150	0.28485691528445034
51	146	0.2839286034164988
51	52	0.2815548576953924
51	142	0.2765199990250965
51	97	0.2697646648934976
51	148	0.2663583846614269
51	174	0.2601413398591229
51	173	0.25840637511589426
51	30	0.2538090947800855
51	102	0.2379500498222712
51	73	0.2339366512469788
51	14	0.22616119563986706
51	135	0.22489884469503812
51	45	0.2194231498059596
51	152	0.2182044357254132
51	168	0.21637508886132045
51	121	0.21523097415588588
51	43	0.21457284033813454
51	5	0.21013253495875145
51	59	0.20179207670360444
51	197	0.20060227245036372
51	19	0.19537553271019564
51	117	0.18850824626042748
51	75	0.18791985524324076
51	120	0.1825699791985216
51	187	0.16998381802874893
51	16	0.16784659012612088
51	57	0.16012014491853935
51	138	0.1564738661912277
51	116	0.1554201313248587
51	28	0.14956944545518974
72	89	0.3713860903358058
72	178	0.33395222042919953
72	0	0.3288247929279678
72	1	0.31395782660000665
72	122	0.2972587934675109
72	149	0.27310868335545657
72	154	0.2624333915912817
72	143	0.2551184419914925
72	139	0.2525737147653952
72	40	0.2408064223833026
72	142	0.23250878474520284
72	145	0.2283234574671169
72	150	0.22768828856893086
72	102	0.21928988622568807
72	50	0.2120529683246676
72	168	0.20975016511270575
72	97	0.19430767203984325
72	48	0.1936340093513841
72	101	0.19312382893004146
72	192	0.18830570067065772
72	156	0.18079071400716898
72	138	0.1799393418255728
72	46	0.1793490277858617
72	120	0.17410801213292354
72	5	0.17160510247039554
72	132	0.16291527037621895
72	110	0.16207797886350298
72	52	0.1608995341468897
72	151	0.15514688295769827
72	135	0.15395602422119292
72	131	0.15003867364257056
72	28	0.14831784142486748
72	30	0.14810267400750082
89	0	0.4025430076360513
89	191	0.3949910385410758
89	159	0.35773841918331906
89	50	0.3100674209728629
89	83	0.2956352218836859
89	1	0.2915962792835953
89	97	0.2904887734131512
89	101	0.2795648805465472
89	116	0.27503244398393245
89	168	0.2695142953666464
89	197	0.2676678570286259
89	153	0.2664791573962182
89	28	0.26599601628479635
89	52	0.2453510204930845
89	192	0.2411455173884999
89	19	0.2396191273108449
89	122	0.2355146402845606
89	156	0.2318938311111688
89	5	0.22105020717910812
89	16	0.21642274743672035
89	178	0.2162797686170536
89	55	0.21515467879213754
89	151	0.2088800348387252
89	117	0.20574100471309945
89	48	0.20229084989948465
89	73	0.2005638817932026
89	154	0.1967121103500384
89	40	0.19488495138583806
89	121	0.19364363439145066
89	99	0.19172751927994186
89	132	0.18401958343403904
89	180	0.17858433079656805
89	74	0.17739329738306628
89	148	0.1745249460449144
89	43	0.17139157304090044
89	71	0.1496476548376831
1	0	0.5867072315285499
1	102	0.5358958082384115
1	30	0.5184882819124198
1	110	0.4201630398639022
1	146	0.37464873665514575
1	135	0.3648852730051352
1	168	0.3560018590047465
1	160	0.3484249935049528
1	5	0.32825387333355044
1	134	0.3247159853753128
1	147	0.3174061420332415
1	154	0.3161376279489083
1	40	0.2911570314647195
1	73	0.2866476885408001
1	167	0.2812509896086003
1	139	0.26259167640963543
1	100	0.2516372720381149
1	151	0.2482058830957924
1	152	0.2442887491833376
1	122	0.2408723621303706
1	150	0.2402128646861803
1	63	0.2352879395899827
1	101	0.2276408801270905
1	153	0.22465198093305305
1	138	0.22452853823526425
1	178	0.2135709585598776
1	186	0.2132178073146445
1	159	0.2106104068695867
1	141	0.2089947962573356
1	55	0.20616234162509725
1	57	0.2025114276675672
1	185	0.2021469837733365
1	75	0.20137955055204573
1	99	0.1998247417112058
1	115	0.19605833604415054
1	184	0.184425329503811
1	197	0.18275363978395087
1	14	0.17587228037784752
1	116	0.17148863386990515
1	145	0.15969139566235085
1	58	0.15835604119099725
1	163	0.1566689632689474
1	85	0.15634704654143125
1	56	0.1551371236481103
1	173	0.15424889994819369
1	52	0.15309676619210685
85	160	0.6350654229471645
85	55	0.4561904776661431
85	63	0.3855308899901299
85	83	0.3485655616711835
85	167	0.2663955463939103
85	57	0.2516653721864747
85	147	0.2279727165450968
85	191	0.1885564690379223
85	97	0.1864048522894059
85	168	0.18094547988384768
85	120	0.16437510046044454
85	121	0.1602565524753112
85	178	0.15344830889856698
85	185	0.15283308372625345
85	5	0.1521688982091597
160	168	0.3715240137184815
160	57	0.3098052785320899
160	102	0.26096159917533274
160	55	0.2603744063175363
160	178	0.25802371187588885
160	154	0.2528732766294603
160	30	0.2374499955253737
160	147	0.23160994379484245
160	5	0.2230276596817698
160	100	0.21224396692948164
160	120	0.20672719613548385
160	167	0.20515675237094366
160	191	0.18512074789609406
160	134	0.17852624371602355
160	146	0.16587311054603496
160	63	0.1539267351596467
160	101	0.1484254198692659
55	158	0.4868550100589087
55	63	0.3991185291200869
55	83	0.39084753995383936
55	30	0.3315244738627399
55	191	0.3091994590111697
55	159	0.2918158570990196
55	97	0.2729235909184389
55	75	0.2625730553996139
55	167	0.246168474299688
55	50	0.24298125707184345
55	185	0.2299910340126818
55	147	0.2202796485658111
55	73	0.21695645296642024
55	151	0.2153740208807647
55	187	0.20890872573285935
55	99	0.19746181255670675
55	101	0.16948851132686835
55	183	0.15706887404129935
55	184	0.15081079779480602
149	43	0.4681355977174072
149	143	0.440628127837096
149	138	0.4314199132996393
149	156	0.4232051099436596
149	150	0.4194298838096221
149	164	0.4140588055907692
149	142	0.41320502980923296
149	116	0.40165439212592624
149	152	0.39590215016126656
149	139	0.3937496649912141
149	14	0.3845258214235617
149	145	0.3552943123623997
149	135	0.3549622364825994
149	45	0.3386262193258979
149	154	0.3305361089673373
149	115	0.3266826082593945
149	122	0.3152823171799074
149	165	0.3142462553673289
149	40	0.2976872030707224
149	146	0.2748845403319051
149	46	0.25134687900273706
149	148	0.2492190764496319
149	131	0.2365627973117365
149	120	0.2320546830612073
149	137	0.2277925833411307
149	30	0.21190015777516272
149	174	0.2116900263515492
149	17	0.20116846302267846
149	117	0.19833617323891448
149	151	0.19396123979131824
149	59	0.18734097836642735
149	178	0.17503875522326984
149	173	0.16821586101404964
149	186	0.16729259549639172
149	48	0.16695237097369678
149	132	0.166553771680333
149	52	0.1576930220102191
40	145	0.4954894227706648
40	138	0.363844587342565
40	146	0.35847941342499473
40	156	0.3502862479311864
40	52	0.3316490808917387
40	0	0.3164346157648142
40	122	0.3099227964880503
40	48	0.2923006491324646
40	142	0.2911112694194092
40	154	0.2630199056339742
40	174	0.2323195880167419
40	43	0.23193167977011755
40	45	0.2183091957611544
40	150	0.21654665490516198
40	28	0.21349460625985706
40	192	0.21259727159269515
40	30	0.2092434262470516
40	180	0.2074928804350255
40	187	0.19168898936213846
40	152	0.18783303202353208
40	5	0.18351714426851504
40	132	0.18297594869028916
40	16	0.18260864564423548
40	116	0.17878762577319385
40	151	0.17529077772091206
40	164	0.17412740579339134
40	173	0.1724978688252172
40	121	0.17099358887587354
40	153	0.17007121618659318
146	154	0.4360070873982729
146	30	0.4024508280507655
146	48	0.3940031234042568
146	138	0.39150818421153744
146	150	0.3862202809619524
146	134	0.34255999426864525
146	17	0.3418713413351922
146	120	0.3340232966033218
146	151	0.2911112694194092
146	46	0.2900583750345864
146	153	0.25979634586958306
146	145	0.2589289060884527
146	115	0.2510751800295933
146	5	0.2438937730185548
146	187	0.22485137313578
146	121	0.21695645296642024
146	119	0.2132273526759582
146	152	0.21183329990094887
146	141	0.20416989615774134
146	164	0.20047750056255104
146	139	0.19605833604415054
146	57	0.18194157038169045
146	137	0.17911673764938352
146	102	0.17908769997752946
146	116	0.1727016127835911
146	45	0.1632364944377417
146	143	0.15929182507362422
145	156	0.5265069028468669
145	142	0.40925832057535744
145	139	0.3813000593232128
145	122	0.3424717259801884
145	45	0.32472493094155325
145	0	0.32206554941941096
145	174	0.30562274624484903
145	150	0.3015192974137053
145	135	0.29241039252223217
145	164	0.2910197413323468
145	138	0.2899759449304337
145	141	0.2790854522851474
145	173	0.2739043502947301
145	154	0.24424173245874284
145	137	0.236449509531168
145	134	0.23253716273720085
145	151	0.2319695277268085
145	52	0.2248798561994377
145	153	0.21351369457941133
145	152	0.19322972403055585
145	178	0.1923728074654132
145	59	0.1895882181932292
145	143	0.18333353679167735
145	168	0.1633435614379705
145	132	0.1601980928430257
192	191	0.2358924178172413
192	50	0.22305616725091248
192	173	0.2171946725150193
192	16	0.2033743603657136
192	122	0.19293128085814465
192	117	0.17997804642030354
192	164	0.17212915176946508
192	58	0.15249124073750914
180	60	0.4071582399224536
180	183	0.3984962241815512
180	191	0.3936820659658853
180	173	0.3806418162885951
180	147	0.3616214216312773
180	148	0.3278344514408277
180	168	0.31584958057864204
180	174	0.3148139299600902
180	164	0.2969396872571494
180	159	0.2842687399512354
180	187	0.27730482055668176
180	50	0.26888357368135124
180	185	0.25769698406555896
180	153	0.25084092501707544
180	45	0.24552957471390965
180	52	0.24187060621559095
180	97	0.2377896687746167
180	152	0.2105721808173142
180	28	0.20612404142571947
180	43	0.1966736578736705
180	154	0.18626971331126416
180	71	0.17533924095327608
180	16	0.1582585473110259
180	162	0.15732244931599185
180	156	0.15292098030136736
180	184	0.15162181865639782
180	132	0.15026348821167862
183	60	0.5583757622051302
183	63	0.309235634391516
183	147	0.2947588776148372
183	165	0.28948127398573603
183	148	0.2604489811774692
183	137	0.2582103869929005
183	167	0.2464502738048661
183	162	0.2459336095799434
183	159	0.2414751366486732
183	97	0.2162893008270539
183	132	0.2047831373208092
183	45	0.2042369772246616
183	117	0.17825515422557794
183	191	0.17720927017526578
183	187	0.15549819792066485
183	158	0.15319442083473847
138	150	0.4212329567856842
138	143	0.39870650341812813
138	115	0.3221641360423708
138	152	0.3190328542495348
138	132	0.2847650270134742
138	116	0.28174819890200026
138	117	0.26452719133002084
138	134	0.26029050588649744
138	122	0.24424173245874284
138	120	0.2303887793007923
138	135	0.21427709354142832
138	156	0.2107155251920883
138	48	0.1979710938915732
138	154	0.18407755100151416
138	121	0.1822992982717415
138	151	0.16364527500367582
138	43	0.15447341965257252
138	19	0.1506055675164387
150	115	0.3419066658115553
150	134	0.3189699775828033
150	143	0.28288936589114705
150	154	0.26502003563086834
150	116	0.26221921906322804
150	46	0.25340675108826843
150	120	0.2306160277735989
150	139	0.2274702008019423
150	135	0.2267304289966132
150	56	0.22427213422500025
150	30	0.22365473800347424
150	137	0.2197848239547773
150	57	0.21102129623340735
150	142	0.19041717125596253
150	152	0.1890868595316252
150	45	0.18519800517647106
150	48	0.18101318713747624
150	178	0.15003867364257056
150	14	0.14857211208644816
150	17	0.14844497920909594
83	97	0.3850369873639151
83	191	0.34994405437855536
83	99	0.2937267118223309
83	159	0.2916145786090708
83	73	0.24965983302046196
83	167	0.24305653241714
83	74	0.23297224234256705
83	101	0.23204522153301102
83	75	0.2304077176337337
83	56	0.2279821968078892
83	50	0.2004679024555917
83	184	0.19488495138583806
83	63	0.180713327710658
83	102	0.17637615010105634
83	110	0.16076315548813636
83	197	0.1565811710960613
83	28	0.1563080240733687
83	168	0.15522495634408098
115	116	0.4960550801306167
115	152	0.3984878121404367
115	120	0.38666262570915416
115	117	0.360682286873056
115	154	0.3285928857999775
115	14	0.28889479703150106
115	17	0.24745501908920825
115	19	0.2405237982943909
115	48	0.22845615480036985
115	43	0.21858535718728814
115	121	0.21268320216429867
115	122	0.1889711473674764
115	143	0.18758219290351646
115	186	0.17278892709998106
115	58	0.16945937296938274
115	57	0.1651047459917294
115	74	0.15563480978922845
116	135	0.4484992097331825
116	110	0.4398703181409834
116	43	0.4359503928206373
116	117	0.34995282973943426
116	186	0.2914498769968014
116	185	0.2806707212037682
116	74	0.27170147456781185
116	197	0.2709603709917923
116	152	0.27065457210177096
116	156	0.25769698406555896
116	52	0.2525549905404405
116	30	0.2317424294548284
116	167	0.22325570954977247
116	132	0.2227805781073864
116	28	0.2141244346565733
116	19	0.2136854821177384
116	0	0.1842514460197448
116	187	0.17889410752696194
116	14	0.17768384139759474
116	99	0.17694773651201756
116	73	0.1739916473342635
116	154	0.16726343495442542
116	148	0.16501719805299694
116	159	0.16356741636662855
116	5	0.16281792292913705
116	56	0.15480528911697186
63	167	0.451290785871375
63	74	0.367993211314226
63	110	0.360682286873056
63	159	0.3579215303013146
63	30	0.32584266881173857
63	75	0.31936515568281965
63	135	0.2963924937394505
63	97	0.29454884642263685
63	158	0.26223784378717346
63	168	0.2456423372183377
63	147	0.23600573718102186
63	191	0.2250222657521551
63	60	0.2221912681203773
63	185	0.21760434961242525
63	73	0.21338961758884306
63	28	0.2123872052429625
63	5	0.19794226949701044
63	148	0.19608718270833908
63	99	0.18901936140715614
63	184	0.17962000767013106
63	58	0.1769380495998917
63	102	0.17209033664003273
63	131	0.1597985886313577
63	165	0.1584632808926027
63	186	0.1486014497455019
187	185	0.4662829334123294
187	117	0.39301429702232415
187	147	0.3210165142793372
187	148	0.2690783800196393
187	184	0.26341080705103154
187	186	0.2347399739126126
187	75	0.21758529656256667
187	154	0.2165657169735279
187	30	0.20363317864221128
187	17	0.2032976680085328
187	151	0.20269362858791484
187	43	0.19819206953849106
187	191	0.19736570977610604
187	48	0.17404013325774872
187	167	0.16520201842767618
187	120	0.16408319182654396
187	14	0.16225324527955953
187	152	0.16099694371324078
187	158	0.14968675882676552
73	75	0.6012483401849968
73	184	0.5558655632530344
73	56	0.4771672927999288
73	74	0.4895664801030245
73	58	0.3848666249433476
73	101	0.3227107168248173
73	110	0.3181882762614177
73	99	0.28988435087959563
73	161	0.26023457008183826
73	163	0.2522179221571819
73	59	0.2513656154034761
73	0	0.2513000371767779
73	135	0.24048611199973485
73	185	0.23250878474520284
73	30	0.21347551777729185
73	197	0.20548241928241945
73	14	0.18921220845042253
73	97	0.18892293241668165
73	159	0.1834205103496631
73	191	0.18313058733009746
73	19	0.18258931249197927
73	167	0.17218737346140287
73	102	0.1584340340719168
75	74	0.5815224521493032
75	184	0.4173923029619946
75	99	0.3456895921640151
75	110	0.3352398860754802
75	56	0.3233376755492769
75	135	0.30885574827922024
75	185	0.3016374739755401
75	59	0.283597591159275
75	30	0.261362270778695
75	101	0.2495004223617411
75	14	0.23573187107016186
75	58	0.2326506707454299
75	43	0.2279727165450968
75	186	0.1945193567836837
75	97	0.19177568084612434
75	167	0.16697181344689138
75	0	0.15944776127630994
184	147	0.3647725760240985
184	56	0.34999670562252105
184	163	0.3394139274529312
184	185	0.3389891551530005
184	186	0.2817113737689068
184	161	0.25753826642895983
184	148	0.2522741044740879
184	0	0.22120238368457087
184	74	0.21543123698319214
184	191	0.21041927016975592
184	59	0.20556861761586787
184	101	0.2027895181732674
184	97	0.2009669529503797
184	58	0.19965192288397826
184	162	0.19608718270833908
184	102	0.17246876134003905
184	14	0.1716439242714463
184	151	0.15836579040920062
184	168	0.1545515097243884
56	58	0.4584207331257138
56	161	0.5257909673287785
56	163	0.41258289092019
56	74	0.4091584147541175
56	57	0.3181163739336249
56	99	0.31539038473803066
56	110	0.29290414243799834
56	0	0.284204395281114
56	162	0.27762787490167945
56	167	0.2169088059547178
56	59	0.2127691294462872
56	30	0.2009669529503797
56	102	0.19379762996175226
56	197	0.19290239736535147
56	101	0.18337219206075595
56	135	0.17513568966963527
56	100	0.16722455377657708
56	186	0.1536728853004012
74	110	0.5387196638924335
74	167	0.34889056549906017
74	135	0.3264235329650897
74	58	0.3134258841422672
74	197	0.2902873249623737
74	99	0.2507846994411022
74	101	0.25059726863574044
74	163	0.2482903366545597
74	185	0.24542620324737036
74	71	0.242218929513148
74	0	0.20484062044644588
74	168	0.20299087364180105
74	161	0.1806843072725396
74	59	0.16444320833451098
74	43	0.1634019599984149
74	57	0.14939346750274635
14	152	0.59757069592802
14	46	0.4582785483171067
14	154	0.4353670477950046
14	151	0.3855053487167431
14	17	0.38192375110168936
14	43	0.31591259591827464
14	120	0.27984141038911103
14	19	0.2688742966401691
14	16	0.2520961879708405
14	164	0.2517215712102329
14	147	0.2415975524737239
14	186	0.2395531454170481
14	30	0.20892785279582685
14	48	0.1991814087277501
14	148	0.17969742548973033
14	119	0.16998381802874893
14	135	0.169274823160628
14	143	0.1628763317779049
14	156	0.15761501039336975
14	165	0.15182698439384795
14	59	0.1488068060319904
14	137	0.14828850123978862
152	151	0.453883020374939
152	154	0.41107987674987817
152	46	0.3955394860048015
152	164	0.3723684365083623
152	59	0.3050877589445786
152	120	0.26603318573407225
152	156	0.2557166895620151
152	122	0.25297623982667083
152	43	0.2506441280990063
152	143	0.2347777694434935
152	186	0.23153423384547495
152	58	0.22132601916428304
152	173	0.20912867730371826
152	16	0.18330454496780224
152	30	0.1831692455744159
152	48	0.17623081253898307
152	17	0.16408319182654396
152	147	0.16407346104351608
152	185	0.1638885701010761
151	46	0.4141665119822978
151	154	0.39647541355418336
151	147	0.3713516069286817
151	164	0.34075812617576545
151	59	0.3176489196234553
151	99	0.3038538345415147
151	178	0.2980152655374368
151	168	0.2903697388032257
151	58	0.2819875420312662
151	174	0.2789747952225067
151	159	0.2502785931528464
151	120	0.24490926223219855
151	122	0.2352501536509605
151	0	0.2312124352798547
151	156	0.22754606000594355
151	102	0.21776629383909968
151	45	0.21109773254387196
151	30	0.21018032667246955
151	153	0.209788404986582
151	173	0.2090139226008897
151	191	0.2062006411927954
151	148	0.20262650356511244
151	186	0.1891832823240307
151	43	0.18391330623596788
151	139	0.16651488102761286
151	165	0.16114305218130964
151	137	0.16082160423675218
151	119	0.15739071603937402
151	101	0.15561529417236525
151	17	0.15234472542403796
151	121	0.15152411609292873
137	165	0.5608483606524153
137	164	0.4831458657705425
137	173	0.3194818916022356
137	45	0.3093531981966293
137	174	0.3067827330911652
137	178	0.29520624039559223
137	139	0.2920445512864939
137	186	0.2602252472778921
137	97	0.2452476393869472
137	148	0.2391194950881371
137	134	0.2248039005091053
137	50	0.21530726689229945
137	46	0.20914780252764967
137	147	0.20731105339506034
137	141	0.1993158507252017
137	156	0.19662559142742547
137	168	0.1789618664612145
137	143	0.17715115374493545
137	102	0.1719350707796314
137	135	0.17189625297942898
137	5	0.1664273751649609
137	60	0.1658439358175287
137	197	0.16342142593078626
165	164	0.5485955570493033
165	60	0.35975983175732
165	45	0.35662171872426207
165	186	0.32049618738765384
165	141	0.2717477828541077
165	173	0.2653175349926889
165	174	0.2646945879233504
165	178	0.2629175124137107
165	139	0.25778100542044396
165	162	0.2570526909430177
165	50	0.25350032721852445
165	59	0.2365722376698331
165	168	0.2023579844375692
165	147	0.1979326612894126
165	57	0.18668476058744474
165	191	0.17393346311251975
165	143	0.17262399777918244
165	58	0.17078001338254645
165	148	0.16263295404772066
165	142	0.15223727660454275
28	132	0.5954449110632533
28	52	0.3911186222641569
28	131	0.3643476990419893
28	110	0.32495749526825823
28	135	0.3075887498819022
28	0	0.2948227945002127
28	168	0.2666556563409172
28	117	0.2508690371704269
28	197	0.2387517602849259
28	43	0.2367327169222299
28	167	0.22080289740149708
28	156	0.2000359478388441
28	142	0.18943396450619288
28	122	0.16631069660384462
28	71	0.15454174857099431
28	16	0.15227634931905346
132	122	0.39163518495356464
132	131	0.3849006995260028
132	117	0.3353020176126657
132	156	0.26978320933395394
132	71	0.2441194836009597
132	52	0.2314395924646627
132	0	0.21898525303647773
132	121	0.20032392623426706
132	43	0.1964910003505864
132	197	0.17499998049444054
132	59	0.17390437054621108
132	135	0.16483236608850918
132	17	0.1625745404464567
132	16	0.15982782242353555
132	143	0.1528819154554835
58	59	0.5930190856720245
58	99	0.35430656069242644
58	159	0.25407103882193555
58	163	0.22351223644014526
58	122	0.22105971852614206
58	168	0.21660384061486584
58	186	0.2018304475921775
58	0	0.1969139759206812
58	57	0.19602948904062234
58	161	0.18692603652182424
58	191	0.1724396535536514
58	110	0.1620585041858019
58	185	0.14931525204077348
59	122	0.2855734640298147
59	99	0.2417293763012681
59	156	0.2316004802045848
59	0	0.2285225002842425
59	168	0.22088850784723785
59	46	0.22004176625150187
59	174	0.20090937551914986
59	139	0.1853042301989264
59	43	0.16658293932981902
59	186	0.16598008206602838
59	164	0.1613865505959008
99	101	0.3489783899719849
99	163	0.29797881762691464
99	110	0.2673336174250007
99	102	0.25965646454073243
99	0	0.2434422725993308
99	30	0.2268537424918924
99	162	0.21089708172492955
99	50	0.18890364618129987
99	186	0.18572908696189552
99	5	0.18420314300455806
99	97	0.1841065343051068
99	135	0.18378770036714606
99	159	0.18343017390110167
99	161	0.17346794565092394
99	191	0.16906111907810356
99	197	0.16864337885034233
99	100	0.1483569612654764
46	154	0.4139262279598289
46	164	0.4004963812211878
46	120	0.3894656625423207
46	48	0.3871813034357795
46	17	0.365613211057806
46	45	0.34111163153276075
46	174	0.2620515877583238
46	153	0.23063496401121114
46	147	0.19944068300487613
46	19	0.1872927327466573
46	43	0.17552339348472928
46	178	0.17407892138898096
46	0	0.16988670582816154
46	16	0.16688432129512626
46	173	0.16207797886350298
46	119	0.16075341392039744
46	139	0.15343854434741874
46	148	0.1520516747140198
48	154	0.4959419823124314
48	120	0.4308988883218426
48	17	0.4253862366261559
48	16	0.3587495460750201
48	121	0.3547786824225571
48	117	0.30442555891562795
48	19	0.2955439592043857
48	119	0.2840021525095796
48	148	0.22088850784723785
48	153	0.2000359478388441
48	174	0.19850908636118944
154	121	0.4738705649198684
154	120	0.4308744582216016
154	17	0.42389441858295657
154	153	0.3563860343800188
154	16	0.3529328847264563
154	119	0.3297163737124632
154	117	0.2975322602350984
154	156	0.283597591159275
154	122	0.264666689598569
154	19	0.2574168847404155
154	0	0.2506816148239952
154	164	0.24066511544017866
154	148	0.22714776839285256
154	102	0.2263699324956896
154	147	0.17988128388883226
154	43	0.14829828133048956
154	139	0.1482591607936599
0	5	0.44466451682924574
0	168	0.4260821743897923
0	101	0.4072249755219683
0	102	0.4095579791585499
0	135	0.3550496335611089
0	110	0.3390334087205242
0	156	0.322522573940699
0	52	0.3220296980062948
0	197	0.30846671514199114
0	122	0.3025189601757488
0	153	0.2900125810635247
0	139	0.28748269862184905
0	163	0.2685124531363352
0	159	0.25815438648160993
0	30	0.2552586738111656
0	134	0.25477249095683285
0	142	0.2376198394141744
0	186	0.2288447195748783
0	161	0.22636044490767626
0	45	0.2249653030843564
0	43	0.21624163936474294
0	100	0.21314144295889664
0	19	0.20461067946970865
0	174	0.1779743544387893
0	147	0.1647350814561589
0	141	0.1638691072265521
0	50	0.15601534001700615
0	148	0.15560553631837865
0	164	0.15426842403349705
5	135	0.3029640504790613
5	110	0.2871524171227616
5	197	0.2853713928224552
5	102	0.26808556595040833
5	52	0.2592740666590328
5	167	0.25580080243369324
5	139	0.2516653721864747
5	161	0.2145633007327036
5	101	0.21338961758884306
5	97	0.20670805077900156
5	159	0.2042273943325188
5	30	0.188758994771739
5	45	0.17722864204409694
5	163	0.1769283626534861
5	117	0.17408861833739162
5	134	0.1722844069411275
5	178	0.16535764763960376
168	167	0.3981176159721425
168	197	0.3970483679230781
168	159	0.3461385673100045
168	191	0.3427100364800173
168	153	0.3254850916031719
168	135	0.2858489747569762
168	147	0.2845904248815808
168	156	0.2611293331224159
168	45	0.260476945948805
168	101	0.2568285353791927
168	178	0.2567444699169755
168	52	0.2259524380114135
168	122	0.2171470306739698
168	60	0.21510699285597493
168	57	0.20864093007489232
168	148	0.2034606362845719
168	139	0.19968072688473704
168	173	0.19870119755999066
168	110	0.1986819871269688
168	164	0.1908700890996641
168	185	0.18760148908953955
168	186	0.18039408559536385
168	50	0.1792715999609999
168	161	0.17275982262952175
168	30	0.1676522180993395
101	197	0.3688142759749175
101	110	0.2935713708819146
101	102	0.2873267408727164
101	159	0.2833033012921405
101	191	0.2741818204083916
101	135	0.24903148913167875
101	167	0.24865625844702025
101	163	0.2481777310709879
101	100	0.2065644555604738
101	161	0.19708699026589865
101	97	0.17941677531005565
101	156	0.16605787708185715
101	185	0.1643848302527144
101	30	0.1624382376124035
102	110	0.3119733120202872
102	100	0.254959499620977
102	163	0.21555520013045154
102	30	0.2148971625534904
102	97	0.21250178932307529
102	135	0.19897012758422636
102	178	0.18171917470817545
102	57	0.1699352623410249
102	186	0.1632364944377417
102	161	0.14866012427883227
102	153	0.14863078714297973
30	57	0.3190508184956669
30	135	0.419602925065796
30	134	0.3923038092343075
30	167	0.37292817308705023
30	100	0.32511847832297097
30	110	0.307154098945035
30	158	0.2604489811774692
30	186	0.25567930482065176
30	141	0.25024109835246816
30	147	0.2280295974734213
30	139	0.22627505468289125
30	185	0.17878762577319385
30	191	0.15698109315745568
30	178	0.1551761607047602
158	159	0.2444862068822039
158	147	0.16684543505063454
158	100	0.1602078361931272
159	191	0.5003403144992604
159	167	0.3369784653493981
159	52	0.3233734931959128
159	60	0.2695606628440026
159	97	0.2566884241170458
159	50	0.2487875976831159
159	147	0.2345604354497678
159	110	0.23122190066606696
159	173	0.2176519815114916
159	43	0.2144011211783469
159	153	0.20485978117434975
159	148	0.1898003017315837
159	45	0.18218328369847134
159	135	0.18091646196433728
159	197	0.16971189555312705
159	156	0.15062511381682114
110	135	0.5402014359206984
110	167	0.4464678248869898
110	197	0.2555204111399673
110	52	0.20817221240197087
110	100	0.20520464741495206
110	185	0.1805778963081001
110	134	0.17780973418772653
110	43	0.17237173421431146
110	163	0.17057613089426607
156	52	0.5011869507775741
156	122	0.4189682914380806
156	43	0.40909180542262735
156	153	0.3871047926124214
156	148	0.3576076086813928
156	139	0.3515927413920865
156	135	0.3465873839682195
156	164	0.3179186236631638
156	142	0.31085356533444464
156	174	0.3010283110176426
156	173	0.2821348126696341
156	45	0.26822477987057725
156	197	0.24542620324737036
156	71	0.2307201749184495
156	117	0.2273374405518649
156	147	0.2047352336370224
156	16	0.1995078977053696
97	50	0.35790409233292536
97	148	0.29837058711342057
97	191	0.28982939189996976
97	167	0.2441476955646704
97	162	0.2288731482825267
97	164	0.2166800859155997
97	52	0.19727921403002865
97	173	0.1965390694426282
97	174	0.19631794380010487
97	71	0.19117841221215676
97	186	0.1652117454945376
97	122	0.15591777257376166
173	174	0.5747919939465964
173	50	0.55929041036761
173	164	0.44621958392792976
173	45	0.2978330172970139
173	153	0.2767231647341853
173	148	0.27346030327284865
173	191	0.268781523484786
173	178	0.2612038764827309
173	185	0.25261116264778555
173	147	0.2456611303228509
173	60	0.24521004487435355
173	131	0.19399973465413556
173	122	0.18357512291750647
173	162	0.15280378433046915
174	164	0.5283403348273308
174	45	0.3686501090272723
174	148	0.3126140675679281
174	50	0.3000003601751256
174	139	0.2908275150102925
174	178	0.2285698886160812
174	147	0.22853197803725206
174	122	0.22073630914676934
174	153	0.22068874484775933
174	60	0.19547171367085614
174	43	0.1697021835579199
174	52	0.16551326861671553
174	191	0.1613573318230054
50	178	0.3202000529541407
50	164	0.30597627603611555
50	191	0.3030457874007097
50	60	0.2902690101906659
50	162	0.2795003502403945
50	131	0.2417482075483969
50	148	0.2404107372353741
50	186	0.2344281337097496
50	185	0.2128741472106954
50	167	0.18126465619559515
50	147	0.17824547195731918
50	122	0.1535654811743976
164	45	0.5288231376973516
164	147	0.3646598683542751
164	178	0.3419684813202261
164	148	0.3355505145920966
164	139	0.3331968016511181
164	122	0.32141111581241083
164	153	0.2639504810931532
164	43	0.2508784077941804
164	60	0.2423318858282092
164	186	0.2410230732015693
164	142	0.2100751835766717
164	143	0.1832562245527852
164	191	0.17962000767013106
164	162	0.16731203569509495
164	57	0.16002270720477094
164	52	0.15419032696956306
135	167	0.4205088332903019
135	197	0.4028781373073367
135	43	0.3856245362709784
135	134	0.3487763845224071
135	141	0.34853920633411795
135	139	0.2892063899442444
135	142	0.2874276564506152
135	52	0.2814351588227588
135	147	0.24071221888844205
135	45	0.2314395924646627
135	131	0.2271382843323969
135	148	0.2090139226008897
135	100	0.20351815180854316
135	57	0.169274823160628
135	122	0.15131893107407354
60	162	0.3715240137184815
60	191	0.3397766442132465
60	45	0.2681690956464429
60	185	0.2657451018182699
60	147	0.2367043979924957
60	167	0.1806359391765568
197	167	0.3238121841450109
197	43	0.2519369850724769
197	161	0.23301007094739815
197	141	0.2038248775381154
197	52	0.20352773759265289
197	139	0.1904846322477136
197	163	0.18471510965162904
197	45	0.14939346750274635
17	119	0.4354561936341237
17	120	0.3773105155138979
17	19	0.3047975157516096
17	16	0.3016374739755401
17	121	0.2826593562274505
17	148	0.17425346129326974
120	119	0.3488729998690268
120	121	0.3100583823628929
120	117	0.2279727165450968
120	19	0.20993179879692275
120	143	0.197586740497334
120	153	0.1872927327466573
120	16	0.18456056423292536
139	142	0.5622450768863917
139	141	0.4744131975162998
139	45	0.3312485171385919
139	178	0.329796587172116
139	153	0.2857663264982298
139	143	0.2520025408591436
139	134	0.21596518256537886
139	100	0.1618442744022827
139	43	0.15243263541608165
142	143	0.4653903178603671
142	131	0.4305893937233494
142	141	0.371739486177502
142	186	0.21317962546235705
142	178	0.18744711554813728
142	100	0.16469616670563714
142	43	0.1557323860508751
142	122	0.14812223526151574
143	131	0.4699451989330376
143	134	0.28527953388455424
143	141	0.2737470969847717
143	122	0.2604396594899092
143	100	0.1923439175176042
122	52	0.31402092534699755
122	43	0.2314301280856083
122	148	0.2312408313071739
122	117	0.1913614612156944
122	45	0.19062918545708624
122	131	0.17448616413247034
122	16	0.17255608289175428
122	71	0.1605780603471436
122	178	0.14833740140320126
71	52	0.23210199004348103
71	131	0.22273305913741
71	153	0.15899942327489205
141	134	0.4733198125645604
141	100	0.2944666525560127
141	45	0.2777755359833388
45	43	0.3515051000565529
45	153	0.31460670975592303
45	52	0.2881155470392813
45	147	0.2755869667032002
45	148	0.2230276596817698
153	52	0.3021010001942345
153	148	0.2208409469086391
153	16	0.20288540386961826
153	147	0.16703014008729794
153	43	0.1643848302527144
153	121	0.16200007939530467
153	191	0.15584947355306733
147	148	0.4869923330191314
147	185	0.2913583686331765
147	186	0.2840573121362284
147	167	0.25383716199466794
147	178	0.22447156225163747
147	162	0.21257817546349975
147	191	0.19467329794641813
147	43	0.1931623367600177
147	57	0.15052738113753858
134	100	0.3605256932164183
134	167	0.17379769520630792
134	57	0.165484090311105
100	163	0.3136783559591745
100	57	0.2367515959852563
100	186	0.22623710235541974
100	131	0.1623116651438244
100	167	0.14810267400750082
52	43	0.4947647676740553
52	16	0.29464016783017805
52	117	0.2694215566630556
52	148	0.2586583285902789
52	191	0.17035281426671112
161	163	0.379358416766318
161	162	0.16462806465853108
163	162	0.4052126600624126
163	186	0.2313544114762563
163	185	0.17400134458645736
57	162	0.2682062186616589
57	178	0.2539213610734508
57	186	0.23027514563850265
57	167	0.20628681290998446
57	185	0.2016769603216746
57	131	0.14875791284152529
121	19	0.5093191434705469
121	119	0.4547877007096722
121	117	0.21536448471991532
19	119	0.3470360419892136
19	148	0.24301889511035835
19	43	0.1725366783368242
19	117	0.16707874472795056
19	16	0.15937954016618247
119	16	0.21815681586469807
43	148	0.4194134020999144
43	117	0.2896553425221031
43	16	0.2537248905719448
191	167	0.2922823578189255
191	185	0.2615299670449925
191	186	0.2431412136814857
191	148	0.18826711874154656
167	185	0.3065743649908045
167	186	0.18360411176307626
148	117	0.269913014813193
148	178	0.20299087364180105
117	16	0.4011091119064572
178	186	0.1526377493484431
131	162	0.21854726803661434
131	186	0.18006512972074354
185	186	0.3721272356770065
185	162	0.2196801350147776
186	162	0.20997003562141148
