8	107	0.7917110429574807
8	6	0.5990345320920079
8	1	0.5971140366785709
8	4	0.5814562651368359
8	105	0.5366296030973943
8	102	0.5276263136611926
8	13	0.5242843505712719
8	3	0.4891405815739112
8	113	0.38520732354816994
8	111	0.36017763455153257
8	0	0.3382986053486089
8	2	0.3175410236115436
8	103	0.2953979276973266
8	28	0.288133886722231
8	140	0.28612443823551553
8	108	0.2756331686577181
8	10	0.2751063909291305
8	132	0.274967737737463
8	126	0.27213672275979983
8	9	0.2600294571890275
8	180	0.25079407048794605
107	102	0.5460950873309711
107	105	0.598296692853646
107	1	0.5476441494361032
107	6	0.5419412491064071
107	4	0.5264924468850203
107	13	0.4951120842025138
107	10	0.4677216450466576
107	2	0.4561429629507692
107	113	0.4241814857137437
107	3	0.3884472072499003
107	110	0.3756540723577661
107	0	0.37497535270340093
107	140	0.32104342247211665
107	103	0.3142102049425601
107	104	0.3085210050342675
107	126	0.2918524504120816
107	28	0.2574729080679143
107	141	0.2570526909430177
107	111	0.2519088890274657
107	173	0.2512813001167817
107	132	0.2485530569174839
6	105	0.7632271971215768
6	3	0.6384364913298433
6	103	0.6289880498624969
6	13	0.6224838054326522
6	108	0.6222632510089089
6	1	0.5167459507962803
6	9	0.4204923697054199
6	113	0.3868071998468803
6	111	0.3867051494876949
6	10	0.373737158360036
6	102	0.34320416950083205
6	0	0.32150078241959074
6	11	0.28146278241706435
6	82	0.2453604184987936
6	76	0.244871661085733
6	12	0.23913835143529766
1	0	0.4481476470567116
1	4	0.5603203369084148
1	3	0.4835290582058838
1	105	0.4098575493909267
1	108	0.3958852847979783
1	173	0.36816611478574507
1	13	0.3620385795644424
1	113	0.33761655119388245
1	184	0.3089371607473846
1	2	0.3072808853825204
1	174	0.2957903560541091
1	111	0.29476800875996273
1	180	0.2937541233193409
1	170	0.2880605267223215
1	103	0.27794163901175
1	102	0.2534816123719606
1	140	0.24994111293506746
1	36	0.2467977691392306
4	2	0.3470536331868269
4	180	0.31817030102261296
4	80	0.3079237057355658
4	194	0.2968667393786449
4	173	0.2911661837139021
4	175	0.2872533437182373
4	140	0.2704692128500566
4	189	0.24973484511952335
4	182	0.2420494827289653
102	3	0.4118358158922551
102	13	0.4109635281877505
102	140	0.4072166338098059
102	105	0.40646560161122747
102	10	0.4016376185161989
102	9	0.3845513853254343
102	113	0.3734618228687734
102	0	0.3583399666263516
102	141	0.35005812927897906
102	110	0.32276446725159724
102	2	0.29842524463442793
102	12	0.2911295743974074
102	138	0.2905345535618081
102	36	0.2705618949834713
102	176	0.26618185561967805
102	37	0.2531072756080549
102	112	0.249040868941494
102	103	0.2421906894082423
15	115	0.7844360329485001
15	116	0.7586216482326994
15	43	0.7469766130210198
15	152	0.6734938333259067
15	14	0.6603195386937863
15	120	0.6800730862514072
15	17	0.5744302900649314
15	31	0.5743096722231225
15	77	0.5641501101079321
15	16	0.5364515720496508
15	148	0.529377578311544
15	118	0.5084150574554348
15	149	0.4821179970306418
15	146	0.458847146759745
15	189	0.4553268882199414
15	44	0.4540973714563751
15	18	0.4531919761936685
15	164	0.4512748589950923
15	46	0.4482914849158092
15	119	0.4331437530155092
15	153	0.4282322939858881
15	135	0.4088669667420035
15	147	0.4065574239339872
15	86	0.3987821936830577
15	186	0.3880565474392244
15	29	0.3768987753237023
15	188	0.3608997443322462
15	26	0.3607170827025453
15	19	0.3511018705701407
15	84	0.3473878195328818
15	7	0.3413060183700133
15	121	0.3168574913347708
15	126	0.3130651332479801
15	47	0.31238848183111945
15	76	0.31028433079376605
15	68	0.3027460635649308
15	159	0.2978421302248103
15	117	0.2973043746504879
15	25	0.28809720714497244
15	42	0.2841308553803056
15	128	0.2738303505608289
15	154	0.2727199658984538
15	52	0.2711271473417537
15	82	0.26998718496863033
15	137	0.2609429610971837
15	49	0.2554736750769309
15	28	0.25537085153563993
15	168	0.24854367468038546
15	131	0.2421153804556757
115	120	0.6872154047630991
115	116	0.7309387217003157
115	43	0.6918939971746773
115	152	0.6538875029699592
115	14	0.6265401717546464
115	17	0.5918573459496378
115	31	0.5898395651398933
115	16	0.5537959994346074
115	119	0.5418423596485819
115	118	0.5062838079405003
115	46	0.5019952295282518
115	149	0.4961003145456855
115	164	0.4769587418651373
115	18	0.4690798897331468
115	148	0.4531125108893582
115	44	0.44938548993800337
115	153	0.43552102160788
115	77	0.4293748721783138
115	26	0.4143984555866184
115	29	0.3981512755306602
115	146	0.3956238375195859
115	189	0.3724459546675488
115	154	0.3552593612276367
115	47	0.33874130745577397
115	52	0.32672727145349595
115	147	0.3142462553673289
115	135	0.3120184449488655
115	19	0.31125099377710025
115	188	0.3074529352425207
115	159	0.3016465640964635
115	117	0.3003825119107144
115	84	0.29917203446723706
115	7	0.2869413681851959
115	186	0.28424116397756943
115	82	0.2795003502403945
115	127	0.27888257534374883
115	137	0.2776001869881874
115	49	0.27076577802174234
115	86	0.2678628003907911
115	143	0.2675285983506625
115	67	0.2638946604005745
115	168	0.261250464500989
115	25	0.26083112854336393
115	126	0.2516560055174979
115	76	0.2471452010161983
115	21	0.2464972363392575
115	24	0.24492806252917426
115	22	0.2433481967234487
115	23	0.23977935983673954
116	43	0.6589355561178932
116	152	0.6426352141675772
116	14	0.5992332540479366
116	120	0.5878798353784416
116	77	0.5454631747856508
116	189	0.5272581932945154
116	31	0.5151683071710903
116	188	0.5010446630181901
116	148	0.468682012914181
116	147	0.4533667745102626
116	16	0.451290785871375
116	46	0.4510518525420437
116	186	0.45025494113299497
116	118	0.4368732736350557
116	17	0.43023905398550905
116	84	0.4192980223900773
116	164	0.4133377028932455
116	135	0.3939608844952414
116	76	0.3731433841624278
116	149	0.3645037939389529
116	86	0.3308745498762635
116	119	0.3279415501757289
116	26	0.3266290105004839
116	153	0.32507376269736177
116	18	0.32399120168289197
116	126	0.31978715508069955
116	25	0.3196345316351511
116	82	0.3096244631931128
116	7	0.30897334261347675
116	21	0.30771549890548633
116	146	0.3076430722289573
116	44	0.2969943958917017
116	52	0.2908732853125169
116	47	0.2891422434692581
116	159	0.2880238454543663
116	127	0.2859499835205105
116	124	0.28335848470842423
116	168	0.2807996874878135
116	29	0.28022847416314645
116	117	0.2535190418753205
116	128	0.2522741044740879
116	19	0.2471264225383883
116	151	0.24209655276165776
43	77	0.6345639343403277
43	148	0.5893502818170905
43	152	0.6709670742068737
43	14	0.6354888831943764
43	120	0.6050972203443015
43	31	0.5726654494139758
43	17	0.5639660137143638
43	118	0.5272870726373292
43	16	0.5247627680631474
43	189	0.5225127805551274
43	164	0.5187149081486864
43	18	0.5069899609604446
43	149	0.4993275906415388
43	46	0.4902048901314939
43	44	0.4876709649412934
43	84	0.4600226365792269
43	146	0.4578281416710878
43	147	0.45274687774145
43	86	0.4440385265341433
43	119	0.4409665208711358
43	47	0.41332941133954
43	49	0.4124667156603428
43	154	0.4095746242674391
43	153	0.4058059092014521
43	26	0.3605778933606579
43	29	0.3586972670239861
43	186	0.3551370244337787
43	188	0.34984752135554875
43	76	0.3478361941249216
43	45	0.3203974828669398
43	135	0.31575955383120624
43	117	0.3019010652124874
43	19	0.2983432576190169
43	68	0.2935713708819146
43	7	0.2915688298951822
43	67	0.2848293493527538
43	157	0.2835148275304916
43	82	0.2823833017204142
43	150	0.26511300960463324
43	42	0.26223784378717346
43	159	0.2582290534444216
43	58	0.2547537890419836
43	21	0.2520493650050844
43	57	0.2489376884643173
152	46	0.6348804120382826
152	189	0.5816283353586688
152	42	0.3750956614747008
152	120	0.6623169703339801
152	14	0.6434035630676778
152	149	0.5410011935079234
152	17	0.5373696996024062
152	118	0.5277922639283494
152	154	0.5069899609604446
152	31	0.5033254808805917
152	44	0.5012768027700698
152	146	0.5001453776564966
152	147	0.4998228708387274
152	47	0.49759906305440704
152	153	0.4880291060311451
152	186	0.4859007145525266
152	84	0.4829542001058199
152	119	0.4757217823811598
152	16	0.4702879547016901
152	164	0.4549225288693193
152	77	0.4489624212923745
152	18	0.4420775010647977
152	148	0.4403863418271469
152	82	0.43316812429349055
152	86	0.42431268801879823
152	19	0.4222688355642918
152	49	0.4109635281877505
152	188	0.4083338175088013
152	168	0.4048532022910723
152	29	0.3496368780624327
152	151	0.3473350591310754
152	150	0.3384137223122229
152	135	0.33731527149982554
152	22	0.3177388266836538
152	45	0.3157415477994138
152	117	0.3106186701392165
152	157	0.31026625620892195
152	26	0.3100854980246474
152	76	0.3099318359386368
152	155	0.3040444336746339
152	25	0.2963286418105125
152	159	0.2939003098096372
152	72	0.2890597656145022
152	126	0.2775724986135213
152	127	0.2767139304657313
152	7	0.27503244398393245
152	89	0.27248854416989354
152	52	0.270598966432686
152	21	0.2663862560350329
152	121	0.2642481615855913
152	173	0.2519650806927853
152	53	0.24505965945005145
152	51	0.2414845535235173
152	123	0.2410419112683223
14	17	0.5716228406578895
14	120	0.5698225268718281
14	77	0.5438313824957732
14	148	0.5320641468028574
14	119	0.5053908538162805
14	16	0.49907982807880297
14	46	0.4785562587898191
14	118	0.4621171572600098
14	189	0.4529058673958554
14	188	0.4287955932533131
14	49	0.4255090857689377
14	29	0.42425528920204375
14	84	0.4157559010602109
14	186	0.4151601769744449
14	164	0.4115700556740224
14	146	0.4082921534835205
14	19	0.4044183419618882
14	26	0.4034476098688978
14	149	0.4029367738980564
14	147	0.3968209083439897
14	154	0.3938088106450093
14	31	0.371118817137997
14	25	0.37095497413049866
14	117	0.3646425277642009
14	121	0.33930774734645786
14	44	0.33486703562789105
14	18	0.3323964799668095
14	86	0.3314265602248951
14	82	0.3294400464723333
14	126	0.3177747879081042
14	52	0.3155434664427579
14	75	0.3141110616020745
14	124	0.308539101218393
14	47	0.3056590095909926
14	23	0.3043438974213453
14	151	0.304289453939712
14	153	0.29096482192284545
14	135	0.2824385163651009
14	21	0.2798045424250421
14	128	0.26449929034766084
14	159	0.2609709181414511
14	76	0.2554362853668136
14	7	0.2543890636258365
14	150	0.2529481595229073
14	53	0.2509346305492786
120	17	0.6455725538583978
120	118	0.6655212314529502
120	149	0.6286010947644409
120	26	0.497305571996091
120	18	0.6193007481780134
120	119	0.6158117269935328
120	31	0.5957223815061481
120	16	0.5832670053480505
120	44	0.5804757973606286
120	46	0.5187660717299355
120	19	0.4997703566046212
120	117	0.4997178386960782
120	154	0.4986591957403539
120	29	0.4562538265739213
120	146	0.4494174114714407
120	121	0.4309558894327925
120	164	0.4157889863912057
120	47	0.3998328853419183
120	77	0.3989335579135384
120	153	0.39606235779091975
120	127	0.3926760279575993
120	49	0.3813598804449625
120	143	0.3804793332960025
120	148	0.3741500381177445
120	22	0.3682006924249911
120	23	0.3667215902820037
120	52	0.35759888748222324
120	126	0.34712399553517137
120	7	0.34424475645968106
120	155	0.3353996469926542
120	137	0.3206128292123761
120	189	0.3124155539804931
120	124	0.3100583823628929
120	48	0.3092627653394849
120	53	0.30726277370206584
120	25	0.3071359857065762
120	24	0.2992357678589911
120	123	0.29899903037748105
120	86	0.2961005775857628
120	27	0.2792606441422359
120	21	0.2784675222546551
120	104	0.27784013357979154
120	136	0.2716459029634223
120	2	0.26692501498449744
120	140	0.2572021126225161
120	135	0.2490127293718974
120	45	0.2445144134701511
120	147	0.2415222205680732
166	171	0.7829699614369604
166	172	0.7433297442236627
166	175	0.7074248445015475
166	114	0.6655100896748399
166	169	0.6384305673035571
166	199	0.6368461451306923
166	158	0.4898781506375868
166	167	0.6713078103920068
166	183	0.6366202082092614
166	139	0.620046113837383
166	165	0.6033893682911535
166	176	0.5934856827887804
166	61	0.5845060684524597
166	137	0.5835440532949294
166	60	0.5629695581407976
166	145	0.5575355661249429
166	32	0.533453511973701
166	198	0.5099483758195182
166	195	0.4989221184937971
166	180	0.4910401085059383
166	170	0.4867863395522357
166	36	0.4681746392566455
166	181	0.4656018124798411
166	196	0.4598728314443879
166	187	0.4309721748328518
166	112	0.4270638167830142
166	140	0.4104896851239592
166	141	0.4075335711039347
166	142	0.4003116523651573
166	65	0.4002612661201469
166	63	0.3786133752026995
166	177	0.3660549554103945
166	70	0.34968954220078
166	174	0.33818347825913364
166	134	0.33746591998894243
166	62	0.3293241505062343
166	30	0.3233914016717659
166	68	0.3195716818653938
166	159	0.3106909496262944
166	98	0.28054174478414795
166	182	0.28022847416314645
166	76	0.2767601012969215
166	160	0.27668622735374393
166	113	0.2748845403319051
166	136	0.26892068134717795
166	163	0.2681319718347987
166	45	0.264666689598569
166	10	0.2593580146261605
166	179	0.2513656154034761
166	81	0.2402317105512301
171	137	0.681853561659624
171	165	0.6208333833892387
171	163	0.3926844859797571
171	172	0.7041224805464911
171	175	0.6455025601070837
171	114	0.597197679312891
171	167	0.5750664710537616
171	169	0.5496223213752893
171	61	0.5439792575653445
171	145	0.5345257941762735
171	139	0.4852129035051064
171	32	0.4755438144910346
171	176	0.4750793671794412
171	60	0.4728152779808041
171	183	0.4679169313233733
171	180	0.4469480960627853
171	65	0.42822412777989416
171	199	0.4246160251171685
171	62	0.407800389543132
171	158	0.3902458339581136
171	140	0.3843298119164417
171	170	0.3735650813927269
171	36	0.3632110586908712
171	195	0.35992522929374204
171	68	0.3512596715414442
171	45	0.3433364943223807
171	63	0.3412883480453595
171	146	0.3410144271717919
171	67	0.33494694098564537
171	142	0.329734199337171
171	136	0.32445653868774066
171	179	0.3239285481829653
171	141	0.3178916555735002
171	196	0.3115941398460243
171	44	0.3094978791299957
171	134	0.3006645144494321
171	30	0.29411042880231913
171	86	0.2842503560210486
171	187	0.2837171311642556
171	174	0.2741448270295205
171	112	0.2610268309166805
171	69	0.256641717964992
171	33	0.25433294559709657
171	72	0.2536593957512219
171	164	0.25054103572976205
172	167	0.6917427948582477
172	145	0.6667450169561274
172	175	0.6458174465963014
172	68	0.5841438580854276
172	61	0.5524495331460045
172	196	0.5392801523261334
172	114	0.5357960065558213
172	181	0.5073687731816023
172	165	0.494870489445781
172	169	0.4714709286005991
172	32	0.4584839188428431
172	183	0.4552396893361184
172	158	0.4545021134316183
172	137	0.4345886854033678
172	65	0.4344426701013437
172	199	0.4260739898151129
172	180	0.4229177532893906
172	60	0.3948644337289396
172	195	0.3932172074221839
172	134	0.3789988028695047
172	91	0.3781421185653169
172	69	0.3780135599935444
172	79	0.3713171224971049
172	30	0.36440840504641775
172	63	0.35905446234368565
172	187	0.34889056549906017
172	62	0.3488466509643632
172	139	0.3468953036181189
172	159	0.3165785875357926
172	198	0.31616462940282075
172	92	0.3047703025485505
172	93	0.3014829335306167
172	86	0.2984434633731542
172	163	0.29761429074814244
172	170	0.28672111350508805
172	81	0.27940815970855165
172	67	0.2706082341696009
172	146	0.2584157073532318
172	36	0.25665105929130394
172	57	0.25429553262639115
175	183	0.6559206164542289
175	180	0.6526952263330149
175	167	0.6066984247559898
175	165	0.6041074693980016
175	65	0.5966183486532365
175	169	0.5797260618309721
175	199	0.5215597844659743
175	174	0.5004077808222992
175	60	0.4887677289080263
175	187	0.4876328551605757
175	137	0.480481411312547
175	61	0.477012815784776
175	170	0.4733663693436316
175	196	0.4688848758536753
175	145	0.4617002378878101
175	195	0.4569345352141447
175	182	0.43844975502625055
175	45	0.436622405727609
175	176	0.42622948480677975
175	173	0.4237385464617411
175	198	0.4092749705916129
175	114	0.3910169743470795
175	179	0.37535342343477296
175	63	0.3541666380637716
175	139	0.3524600579347138
175	67	0.3450642847127029
175	140	0.3442271264273495
175	62	0.33166688095141184
175	69	0.32889614099137904
175	181	0.3256191939731894
175	32	0.3227375922984165
175	164	0.3218952469816795
175	158	0.3214200827325361
175	68	0.3136152421612271
175	160	0.30594908443096896
175	91	0.2997364372838756
175	30	0.2908092065166724
175	194	0.2809102219469787
175	92	0.2784951956986337
175	76	0.27717558125500136
175	142	0.2767046961461721
175	188	0.27284954828487673
175	136	0.27128464339288483
175	80	0.2705896986456141
175	72	0.2633549692837985
175	36	0.2595072457794397
175	159	0.25532411165246943
175	177	0.252714140421959
175	81	0.2510564407104168
175	168	0.24149397035288084
114	32	0.694393030863653
114	36	0.6169588542644243
114	137	0.6261269315174854
114	145	0.6239943891479243
114	139	0.6163205062153407
114	134	0.5909925582312429
114	141	0.5389751355400058
114	61	0.5340899399884276
114	30	0.5023392304312388
114	146	0.460928792849417
114	110	0.4567921055516021
114	62	0.4504303232648546
114	176	0.419602925065796
114	113	0.4085837659306285
114	167	0.4084338042281837
114	142	0.4076586509151268
114	68	0.3916436511392269
114	199	0.3854542643976411
114	140	0.38150514701482974
114	44	0.3755853595714999
114	34	0.3751300330887664
114	165	0.3704115399844316
114	169	0.37003184819829743
114	136	0.3678808104081635
114	101	0.3591067260112769
114	10	0.34192432768741604
114	163	0.3284947593148759
114	63	0.3284947593148759
114	37	0.32238817056109353
114	39	0.3187543791254622
114	99	0.31404796681799513
114	109	0.30812283250098405
114	158	0.3007918532074909
114	31	0.2857479596411269
114	112	0.2770647967270625
114	57	0.27692630570769106
114	181	0.2688279106859779
114	195	0.2666928117350271
114	79	0.2663862560350329
114	70	0.2624892584344338
114	149	0.2576689760811081
114	60	0.2421153804556757
169	183	0.5957288326161587
169	167	0.5372630059322221
169	65	0.5108948968733116
169	60	0.5097781667485967
169	165	0.4847081267591746
169	170	0.4633274245127169
169	187	0.4417395199879805
169	180	0.4362986048434633
169	61	0.4330218871252223
169	198	0.4144978435141978
169	81	0.4128400883772345
169	199	0.3925237722008781
169	196	0.3690993533580146
169	181	0.3540441927543779
169	158	0.3537205288678161
169	174	0.3334990205650906
169	139	0.3313286394475304
169	176	0.33030449513883164
169	137	0.31299297222305844
169	63	0.3127674457308704
169	91	0.31110648693084986
169	80	0.3110613255906987
169	182	0.3047975157516096
169	193	0.3016283837997781
169	36	0.3014920245836163
169	45	0.2981063815118886
169	32	0.2971858607564988
169	76	0.2850498636123953
169	185	0.2806522966214206
169	112	0.27334002046736244
169	195	0.2726459143773696
169	92	0.2682340604003588
169	173	0.261679017138964
169	159	0.25397749165476163
169	177	0.2501098606405985
199	98	0.6393656254422986
199	183	0.6260904522431521
199	198	0.6115477255967849
199	176	0.5910706400289105
199	70	0.5799384760800922
199	139	0.5742359490419838
199	195	0.5521020374313764
199	142	0.5396062927797971
199	170	0.5229125048580266
199	112	0.5039225710968732
199	182	0.4748702794739255
199	187	0.4629660967872625
199	177	0.4573854079077128
199	38	0.4469320911717318
199	71	0.4450495258881278
199	180	0.4442231585256319
199	145	0.43481577491295004
199	181	0.4336878939687268
199	60	0.4230080745503299
199	196	0.4043514241326324
199	174	0.400059696940214
199	185	0.3996564424601043
199	167	0.3947209301439376
199	65	0.3831444955339732
199	61	0.3700404789306738
199	36	0.3677511036952447
199	76	0.3605082926664631
199	95	0.3571104008112279
199	80	0.3442094961522669
199	81	0.33593204403537674
199	32	0.32626270293517673
199	179	0.3252257898927853
199	66	0.3190867463001446
199	11	0.3107903280542563
199	193	0.3093531981966293
199	10	0.3019737719160597
199	165	0.3007099938081804
199	191	0.2983250376842908
199	140	0.2962191751981418
199	110	0.2869138380086811
199	141	0.2745147242931493
199	159	0.2708399112872403
199	109	0.2698852001790424
199	97	0.2610454681192527
199	168	0.2604489811774692
199	96	0.2593580146261605
199	62	0.2590781728347176
199	137	0.2586116731934749
199	63	0.2556325728186161
199	197	0.2482997201503483
158	160	0.3777821178252489
158	161	0.3657518152653226
158	190	0.36310688482369774
158	167	0.3559319960010759
158	196	0.3396085685166228
158	195	0.3362425099009245
158	183	0.3257890381699829
158	145	0.31883523241385425
158	61	0.3099408753331913
158	54	0.30670120124833383
158	170	0.30557741581533737
158	60	0.3038629112424069
158	139	0.3007099938081804
158	165	0.29954529206080144
158	181	0.2776647914022209
158	63	0.2684196605387967
158	163	0.2648805654304476
158	55	0.2603650842415789
158	159	0.2548005434717497
158	176	0.2523396483608638
158	177	0.2423601238806247
137	146	0.5934273799477776
137	140	0.5358102648558158
137	136	0.5041165218121141
137	165	0.6127857235023073
137	44	0.5647361174526171
137	62	0.5624843879493373
137	32	0.5474410922860875
137	145	0.5312033082980699
137	61	0.4899997442095882
137	31	0.4650768947906415
137	149	0.4639319110625737
137	176	0.4482755040776389
137	138	0.4330625108479039
137	134	0.4237385464617411
137	34	0.4141665119822978
137	36	0.40963288000104
137	33	0.40767532706764775
137	45	0.405897790471672
137	167	0.4002780618040683
137	139	0.39371586601084596
137	154	0.39271831740411495
137	164	0.38898201482342826
137	30	0.3887783094921745
137	141	0.38767424525314464
137	68	0.3656998405882173
137	60	0.3630547944854871
137	153	0.3551282856258055
137	18	0.3399623868419345
137	86	0.3319160569871596
137	163	0.3249038300644119
137	119	0.3208460836907553
137	17	0.3025462143967552
137	63	0.297112924577473
137	37	0.2940647531778899
137	180	0.2860601676519545
137	142	0.2787073434039796
137	178	0.27545759445725315
137	72	0.27373784633417964
137	67	0.27249780164460063
137	144	0.27025602491871115
137	70	0.25203063548831955
137	110	0.24474005127299736
137	118	0.2439784175848143
137	39	0.2416069687572005
137	46	0.2398736081624047
137	22	0.2396756814581193
165	61	0.4436450543587927
165	167	0.43630670124341264
165	60	0.4154001642620612
165	183	0.40958294671962375
165	180	0.39029669525849264
165	176	0.3899914917322221
165	45	0.3861437032498196
165	164	0.37779926330913055
165	65	0.3718859845762708
165	140	0.3712653939290324
165	136	0.3639747228066656
165	62	0.353571790021344
165	32	0.34091721551796994
165	145	0.3286018060378199
165	44	0.3072718295701191
165	179	0.2818862857579684
165	86	0.2788456859518894
165	30	0.2745794479659417
165	91	0.26631193138225856
165	196	0.2649828446614055
165	63	0.25956320426743784
165	68	0.25574472761615313
165	170	0.25262988630519706
165	187	0.251571703375423
165	174	0.2487031663670405
165	177	0.24241659875354254
165	69	0.24196475379910876
163	56	0.4846469197433537
163	161	0.4259921402324676
163	113	0.28988435087959563
163	9	0.2891972263211027
163	57	0.28845479694850124
163	146	0.28379068986166844
163	32	0.27494000572641303
163	108	0.2739043502947301
163	101	0.2652245718659615
163	61	0.260495588886894
163	109	0.2483091035995387
124	126	0.7801289800714094
124	121	0.6392177989173278
124	25	0.6728868690993063
124	128	0.5964057714476941
124	23	0.5482879039247109
124	123	0.5257403173945645
124	125	0.5188683877451313
124	28	0.5005202111902353
124	20	0.4971550195903761
124	132	0.4913891142698864
124	19	0.43991064295922616
124	21	0.4116198910486741
124	22	0.40840047641061067
124	186	0.4033136444181799
124	127	0.4030707879700398
124	131	0.35722381692633154
124	117	0.353449285779676
124	119	0.3525301177117073
124	29	0.3466753686370159
124	26	0.3302955861200002
124	53	0.29600934243979365
124	151	0.2936718873790668
124	17	0.2908183607901047
124	118	0.2866935795381671
124	150	0.2863723149377029
124	104	0.2830089580612639
124	188	0.28041275823281425
124	27	0.27885490837700705
124	56	0.275642408895812
124	157	0.2739598479670137
124	147	0.2725996305361844
124	133	0.2676121548990137
124	148	0.2643876819907081
124	161	0.26019727857493524
124	16	0.2599828373488701
124	49	0.2564548813717503
124	52	0.2521523739716371
126	25	0.6903216664687852
126	128	0.6727664621592874
126	132	0.6257315933847999
126	125	0.5281745176876047
126	123	0.5257837318521484
126	28	0.6215641765733046
126	121	0.5402297626049439
126	23	0.5385279951146327
126	127	0.4787258573909172
126	131	0.4667132421381563
126	29	0.4498721686024519
126	19	0.4120350900946277
126	21	0.40730004787408336
126	20	0.405480082241212
126	104	0.3738317897282666
126	118	0.3696174979481477
126	26	0.3659856730800816
126	186	0.3498914009235444
126	117	0.3494876510049774
126	22	0.3385022669307114
126	13	0.3163266273687071
126	148	0.31576855676182003
126	133	0.3112780872086727
126	52	0.31007645952678153
126	147	0.3071088154316468
126	111	0.3012192691539893
126	12	0.29950888071982684
126	188	0.2969396872571494
126	103	0.2844525677541821
126	119	0.2760674047589815
126	5	0.274283548016106
126	56	0.2707565111377165
126	150	0.2677328405852211
126	161	0.259936216296661
126	157	0.2593486872677671
126	75	0.2578743579090074
126	17	0.25715541966841554
126	77	0.2569406166167853
126	16	0.25638948403528705
126	27	0.25338803529304665
126	143	0.2501379837813022
126	2	0.2413432956262753
126	113	0.2396285531149967
121	119	0.5271282211771549
121	19	0.6382765160689734
121	20	0.5309520235233359
121	25	0.5334749744507344
121	125	0.4888438357986313
121	23	0.4729394998963661
121	117	0.4601330025549242
121	53	0.4426083606370232
121	29	0.4317128634575795
121	118	0.4000260983130182
121	132	0.3878441738114074
121	26	0.3874957919048877
121	17	0.3857181746074572
121	28	0.3830079751187243
121	49	0.3793156115948471
121	131	0.3756283055468539
121	123	0.3635929518346003
121	128	0.35457761563934004
121	143	0.3495403214033628
121	16	0.3481262341159577
121	150	0.3477394993275507
121	127	0.34715038040835056
121	21	0.34401554710738635
121	22	0.3436011030749899
121	111	0.3276023752757544
121	103	0.3263609901987129
121	27	0.3255297938483961
121	149	0.32045132255904746
121	104	0.3146787897510753
121	56	0.3128396180468556
121	148	0.30880147078584513
121	146	0.3069276674725382
121	108	0.3050968281315028
121	157	0.3023281667791092
121	154	0.3009555587092801
121	77	0.2840756982606401
121	153	0.27589187606439536
121	47	0.27155327959731484
121	129	0.2649735467958477
121	140	0.25397749165476163
121	52	0.2491065263019829
121	44	0.2482621858876195
121	133	0.24441098729158064
25	23	0.6347311566359568
25	21	0.4670495114949789
25	27	0.4035815580253591
25	20	0.5301688525388182
25	128	0.5278427625354024
25	28	0.5051376530889654
25	132	0.4613539610929347
25	29	0.4478359187516861
25	123	0.4288772031875637
25	127	0.4131469798180356
25	125	0.3911101519687951
25	19	0.37779926330913055
25	22	0.3551981943515909
25	150	0.3548223882515508
25	117	0.3483634900033252
25	147	0.3451171394567075
25	131	0.3436981126190303
25	186	0.3425952998908677
25	148	0.3417653621096329
25	26	0.33474272883144546
25	53	0.3287266832115526
25	118	0.32574434436685223
25	16	0.3244207491050931
25	119	0.32215517391080384
25	157	0.32197591915484003
25	17	0.32082814241981833
25	133	0.3098323989007025
25	56	0.3096606280528641
25	104	0.2897927515182673
25	151	0.28941713864478136
25	111	0.2766677583569121
25	52	0.2694215566630556
25	49	0.268336142941698
25	189	0.25436100482558016
25	188	0.2539120058102721
25	77	0.25334124497510185
25	154	0.2478586455020142
25	129	0.2462060499729606
128	133	0.34728229653015874
128	132	0.440628127837096
128	28	0.38691774371228543
128	127	0.3569009895485513
128	186	0.3541841292597229
128	148	0.3521534999622811
128	123	0.3491276775080323
128	77	0.3466137800093138
128	125	0.3464113963344924
128	23	0.3462265830723681
128	29	0.32898532079083675
128	147	0.29250183946415825
128	188	0.2803298329585889
128	118	0.26693430247007033
128	19	0.2650758206065961
128	20	0.2592554110231297
128	151	0.24570811227618214
128	21	0.23856315176192516
132	28	0.6811412654147132
132	131	0.5274025778265253
132	125	0.4515376156861837
132	127	0.42056645365659545
132	23	0.3795638589836681
132	21	0.3589325050289479
132	13	0.3216711330885565
132	19	0.3044527784194028
132	26	0.2942748499261299
132	20	0.27905778871423104
132	104	0.27420031679354884
132	123	0.2719978258503803
132	103	0.26028118337370665
132	22	0.2575102559913157
132	129	0.2541926430326966
132	29	0.2504191919673323
132	111	0.2458490512091835
132	37	0.2429906666500668
132	186	0.2403259371598187
132	150	0.23927034081435636
125	21	0.4518878361469026
125	19	0.4194958078832447
125	28	0.4123920244790956
125	20	0.3946280646195521
125	123	0.3797264741969894
125	127	0.36001227154351345
125	16	0.3587234068308089
125	29	0.3580697429519269
125	117	0.3483459170233151
125	157	0.3450554753759113
125	27	0.32912799626491
125	53	0.31918554303334296
125	119	0.3116573421038203
125	150	0.3094526678772533
125	131	0.30785128931250605
125	22	0.2976872030707224
125	23	0.2919713727785342
125	130	0.28929802326024645
125	155	0.2833952726102039
125	118	0.2833124986584786
125	129	0.2805601706073499
125	49	0.27500471304049084
125	133	0.2606540460164013
125	52	0.2518807925577928
125	17	0.2509908516114138
125	40	0.24865625844702025
125	149	0.2454637935174752
125	186	0.2443357647593808
123	127	0.4906074260693243
123	37	0.4686898162493156
123	23	0.4415543819560138
123	138	0.4410470721715717
123	27	0.38502846986593614
123	22	0.37779926330913055
123	34	0.3754736924869633
123	143	0.3594463849444114
123	19	0.3480031949826036
123	117	0.33898030425947034
123	118	0.3367125048163181
123	140	0.3284055472652939
123	136	0.30864767363277396
123	20	0.3068280266140977
123	154	0.3039445990680206
123	119	0.30198286000702645
123	28	0.300091357423291
123	26	0.2981337152449887
123	29	0.29652018964843263
123	130	0.29551657934859005
123	155	0.2802653326300659
123	53	0.2700613519201382
123	104	0.2607938494695467
123	33	0.2607938494695467
123	21	0.25951657231513026
123	5	0.2563521130747471
123	51	0.25381845056577346
123	2	0.24916280221710674
183	198	0.7800506881019958
183	170	0.7601498767837587
183	182	0.6773710244925608
183	187	0.6332719356565981
183	80	0.5611224787888541
183	196	0.602912211494442
183	65	0.5856832867659542
183	81	0.5835770261497395
183	181	0.5817077348341104
183	174	0.5723360504102853
183	195	0.5687342927671339
183	193	0.5587816761728706
183	180	0.5558586530798676
183	60	0.5230795941370939
183	194	0.5113603084473465
183	177	0.5097411594943176
183	167	0.4952026625033989
183	185	0.4865115973559701
183	176	0.4570927629182002
183	191	0.4537797955582655
183	190	0.4466599642506518
183	98	0.4290077645224185
183	112	0.42303270616280747
183	179	0.4203112519967025
183	173	0.39581782067417537
183	96	0.3860330816021248
183	97	0.3838268464736336
183	70	0.37805641447095295
183	76	0.3507423605728281
183	184	0.3493384062144441
183	197	0.34489689691891384
183	71	0.3444651113779965
183	160	0.3351688750336703
183	66	0.33384559904720124
183	92	0.3319605478353169
183	139	0.33060736675337704
183	93	0.3103204792904568
183	45	0.2986438551425036
183	142	0.2935348178186888
183	74	0.29089159306064755
183	50	0.2896095368696213
183	61	0.2863539550146052
183	162	0.2628337317371203
183	78	0.25016610649992904
183	63	0.2454449984746862
183	159	0.24162580118764995
198	181	0.6580463247383955
198	170	0.6436789147530078
198	96	0.6049831135936041
198	177	0.5989319370389087
198	81	0.5813304886067451
198	112	0.5660559516504731
198	197	0.5627509378752483
198	193	0.5539415776002522
198	182	0.5485885665818063
198	98	0.5456457910633052
198	196	0.5440989412127174
198	195	0.5285421447846079
198	190	0.506967671786055
198	80	0.4859236312333306
198	70	0.4822868428112547
198	71	0.4766110375989909
198	191	0.4695087592755361
198	176	0.4679091207493728
198	187	0.4620542391154623
198	185	0.4555725835335572
198	97	0.4502708863991639
198	194	0.4283792737332651
198	174	0.4251978374902976
198	65	0.4185477241692329
198	11	0.4097327392003219
198	60	0.4031964104648667
198	66	0.3893977951080867
198	95	0.37483784149686605
198	78	0.3624903370706197
198	167	0.3624121604523889
198	184	0.35387799756187394
198	93	0.3518819140697409
198	160	0.3412883480453595
198	83	0.3247964933798899
198	142	0.3242149409811477
198	50	0.3161106259828204
198	180	0.3079418092839021
198	139	0.2951514682289749
198	92	0.2928127190441398
198	179	0.2927761481873601
198	74	0.2821900357315957
198	38	0.2788364634753389
198	88	0.2737100940785382
198	87	0.2668878645464069
198	79	0.2480651187801289
198	85	0.2457456970077096
170	174	0.5887887043539421
170	182	0.6002577421335691
170	187	0.5834055462927772
170	191	0.49988288260680197
170	173	0.4937899279328746
170	177	0.48987055040638
170	112	0.4848152276151626
170	193	0.4673700146528373
170	195	0.4664081369065818
170	80	0.4543434134420609
170	65	0.4452018798780373
170	60	0.4439020351684139
170	185	0.4424555692003481
170	180	0.4412886834397792
170	176	0.4331193811041436
170	190	0.4056973116696988
170	179	0.3936144626824186
170	66	0.3935637574256941
170	194	0.38950807754121103
170	181	0.3860756297038359
170	196	0.3825727046389013
170	98	0.3776363707521977
170	70	0.36192561359963593
170	81	0.35533799988384696
170	71	0.3469568785781968
170	184	0.3445620555208541
170	142	0.3417476980601508
170	160	0.3397235700213851
170	74	0.32340930991596256
170	50	0.32197591915484003
170	76	0.31627263009603623
170	197	0.31123293120828543
170	167	0.3112058369334387
170	87	0.309253721746097
170	96	0.3077064457659113
170	97	0.2924926950106717
170	83	0.2650107379624208
170	11	0.2597124183801641
170	38	0.2568285353791927
170	139	0.25084092501707544
170	159	0.24302830450565766
170	78	0.2413432956262753
182	193	0.6104824031358079
182	187	0.5803829631180958
182	80	0.5271354424974732
182	180	0.5223455549705939
182	185	0.487129631906382
182	174	0.4767192282478414
182	184	0.4728540993486503
182	196	0.4578755639719166
182	191	0.4578755639719166
182	194	0.4531363512368545
182	76	0.4432674814967788
182	81	0.4373828926030753
182	177	0.4345319043888972
182	188	0.4099823442361554
182	195	0.4030372860723168
182	181	0.3991773767838672
182	190	0.3964922695654502
182	60	0.3956913139261549
182	173	0.3926591117140081
182	98	0.388158472146348
182	66	0.3865180325636974
182	78	0.3807187737146903
182	197	0.371291258501164
182	159	0.3700232174020479
182	65	0.3638359111398348
182	96	0.363714437672964
182	50	0.3444122296578829
182	88	0.333356808433362
182	92	0.31918554303334296
182	87	0.3180175022572369
182	70	0.31022106876543976
182	179	0.3100041495260657
182	167	0.2960640841756353
182	83	0.2825029310853849
182	97	0.27955566208600025
182	74	0.2787534588721419
182	93	0.27170147456781185
182	82	0.2690319995544087
182	38	0.2663026405779643
182	91	0.2590221992546712
182	94	0.2551090928218357
182	176	0.25500624880765826
187	185	0.5846574692068851
187	80	0.5341256764308744
187	193	0.5323006848180668
187	76	0.5315119017003997
187	180	0.5240377638123234
187	60	0.5166286653206202
187	167	0.5022868927201045
187	188	0.4868016001848528
187	65	0.4832071890059573
187	177	0.430230905006885
187	81	0.4274561922378568
187	184	0.4209203328969629
187	194	0.4059395519732765
187	174	0.4019814236436455
187	159	0.4003872271944279
187	173	0.3825727046389013
187	82	0.35304668649369925
187	195	0.3484337794745789
187	92	0.3467545496232836
187	75	0.3442183113201515
187	91	0.34405081275422417
187	179	0.3397854897015118
187	98	0.33681002991955433
187	168	0.3090457036625958
187	186	0.3047158746495742
187	70	0.30462515706199417
187	63	0.3031638439716896
187	86	0.30204647510683397
187	45	0.30191015374251695
187	74	0.3004825833418621
187	176	0.3003097285341184
187	61	0.29241039252223217
187	181	0.29114787916224194
187	196	0.29091905428342474
187	38	0.2894904359651337
187	96	0.2723404177141882
187	191	0.2665441854032165
187	78	0.2641179325613791
187	97	0.26146475370588834
187	71	0.2546135186068266
187	189	0.25198381087035804
187	59	0.2519369850724769
187	66	0.24631877255177664
80	76	0.5361024926598228
80	81	0.5410224126947877
80	60	0.5285637637378412
80	194	0.5010446630181901
80	98	0.4810734281289815
80	88	0.4731490817509465
80	177	0.4629346697095636
80	193	0.4627303653356658
80	92	0.4532793797097514
80	70	0.4515137319492102
80	96	0.4336391778124913
80	180	0.4305649556244529
80	78	0.4277095158346251
80	184	0.4168636602714084
80	45	0.38898201482342826
80	97	0.3771046640510972
80	185	0.3764268065125979
80	174	0.368762436266036
80	173	0.3560193241339194
80	66	0.3541928747647732
80	38	0.3492418266089736
80	87	0.3447823557869601
80	71	0.34043988894662114
80	191	0.3401038872360424
80	65	0.3276470083788073
80	188	0.3159396016392753
80	93	0.3038901410141103
80	90	0.29835236750484423
80	73	0.2964472218555039
80	179	0.2935805090135893
80	91	0.28856480839958754
80	82	0.2878404264381119
80	59	0.2848752923105077
80	176	0.2798690608205216
80	197	0.2723959666482411
80	50	0.2683175829278062
80	94	0.2641830482776357
80	159	0.2544919422290643
80	63	0.24974422142117844
80	74	0.24742685589973726
80	162	0.24519124734149145
181	196	0.7133637911937432
181	81	0.6031285760676764
181	193	0.5534076254354581
181	79	0.5523731005550805
181	93	0.5374265958608146
181	197	0.5182981521114898
181	95	0.5113012251796499
181	195	0.5089635714451826
181	96	0.4778543579599176
181	97	0.4555091849333887
181	85	0.4531919761936685
181	167	0.4101071237332232
181	65	0.3873343090856488
181	190	0.3768387174273767
181	92	0.3552855746718394
181	98	0.3401304168457264
181	185	0.3222627156781419
181	194	0.3148049210098341
181	61	0.3116302557595453
181	160	0.3034362466938331
181	112	0.2980334891668461
181	78	0.29149562917849986
181	74	0.26238683454466544
181	145	0.26165107119682673
181	63	0.24484345974248226
181	106	0.2407310599502876
181	90	0.2403542042593285
181	60	0.238723470154396
3	108	0.7748691116085118
3	111	0.6777712884717868
3	9	0.7139428157995447
3	13	0.6091319134925944
3	113	0.5801574457159083
3	103	0.5138227191533243
3	105	0.5130495167601263
3	12	0.4756289344269379
3	0	0.4454584178132751
3	5	0.3544027482979651
3	52	0.3541404008052341
3	112	0.3114496671898417
3	106	0.2973226067442521
3	11	0.29232808570178004
3	28	0.2806799334173745
3	26	0.2757810063536346
3	141	0.2570807084443724
3	138	0.2562306521604165
3	36	0.2468353324028353
3	23	0.2437150667322669
3	176	0.2430094856693257
108	9	0.7370500796919405
108	111	0.6740180440485009
108	103	0.6542594250774372
108	13	0.5710570413594195
108	12	0.5195403803223939
108	113	0.4886763908184302
108	105	0.4854498840677111
108	112	0.4503426365429377
108	11	0.4460433712540303
108	106	0.39388485026560666
108	52	0.3809581630895215
108	109	0.355661239286337
108	0	0.298543662548242
108	5	0.2937267118223309
108	176	0.29073597041257765
108	131	0.29044299193461304
108	156	0.2798045424250421
108	36	0.27784013357979154
108	39	0.2734973116465175
108	37	0.2594885925628415
108	21	0.2587049827803179
108	143	0.2501004861665763
108	154	0.2467883782074428
108	28	0.2461778682873853
108	142	0.2447306502269165
111	13	0.6581710411887486
111	12	0.6940614798398593
111	113	0.6067995216648971
111	9	0.5207293991507291
111	103	0.5117516129954924
111	105	0.4177720905019217
111	131	0.3823421985405308
111	28	0.37869903715034975
111	52	0.34982996909850284
111	112	0.34250703402116545
111	0	0.31519225463464745
111	26	0.31046506430241383
111	23	0.29949977774825925
111	21	0.2937541233193409
111	5	0.2802929759379335
111	17	0.279362062510579
111	150	0.25397749165476163
111	106	0.2449468626419619
111	11	0.2391572076020879
9	106	0.4345643511058773
9	12	0.5270632258683934
9	113	0.44179585887954415
9	11	0.4148621813197002
9	109	0.4023251154630879
9	112	0.4019814236436455
9	13	0.3997908778189641
9	5	0.387606266450634
9	103	0.3494437573189092
9	0	0.3350002085478765
9	176	0.31135033388560784
9	138	0.298252155771295
9	105	0.2924835505036913
9	141	0.2853622071645606
9	52	0.2713216991764488
9	36	0.2691247592368888
9	140	0.25686589655949266
9	37	0.2428589283943352
105	13	0.7068699083713237
105	103	0.6791205646105367
105	10	0.4898401487369272
105	113	0.4589971309483979
105	110	0.3999756983561608
105	11	0.3581656356410605
105	12	0.3507072808888297
105	112	0.35065465951742303
105	52	0.27828302081377343
105	2	0.2638388379402738
105	0	0.2445990307509541
13	113	0.6306291355381586
13	103	0.6304062299865966
13	12	0.5703760160035537
13	10	0.467119876364883
13	52	0.3496807649978465
13	110	0.3386970439897865
13	112	0.33657950439651485
13	28	0.32432232296349645
13	131	0.3163626244118076
13	2	0.3002733355342929
13	150	0.2963286418105125
13	11	0.2886839788740995
13	0	0.2873726123808715
13	106	0.2634201131739852
13	23	0.2573235086823243
13	156	0.2560437734155169
13	26	0.2547911926810936
13	104	0.2496129489368586
13	140	0.2448340592026637
103	12	0.4380457855936066
103	10	0.4264913141824448
103	113	0.40305403715620897
103	106	0.3957419184277135
103	112	0.38448321360977394
103	11	0.3822397361067513
103	52	0.37372855512251824
103	154	0.3382189030573128
103	19	0.3371025618660326
103	131	0.3321207026589149
103	110	0.32920824461620196
103	23	0.2995361893073548
103	156	0.2981974920540517
103	5	0.29553483263973124
103	127	0.29011332604652473
103	143	0.28391940954491346
103	26	0.2728865700057626
103	173	0.27073797721912196
103	117	0.2636806647058253
103	17	0.2622564683157556
103	119	0.24001497217273626
103	122	0.2400055482219864
10	110	0.7591814183818101
10	2	0.4918061967115636
10	36	0.4538353796653686
10	140	0.4349049735228518
10	141	0.4134289054599276
10	112	0.4059562560992599
10	142	0.3962984092976859
10	32	0.39133035811211697
10	113	0.3831018347019687
10	101	0.37993184934946495
10	176	0.3717825758642799
10	139	0.3545339011286427
10	7	0.3381657655006321
10	135	0.3267630009581282
10	104	0.2955804649235315
10	0	0.2920354041599799
10	11	0.28752856564741164
10	31	0.2785689892884612
10	156	0.2690319995544087
10	70	0.2653454229688742
10	71	0.2577156558146115
10	24	0.2575102559913157
10	99	0.24272718118003184
174	173	0.5947215301433815
174	179	0.5102442965036265
174	180	0.5091413791822361
174	66	0.4396686674443408
174	177	0.4360475814064424
174	176	0.4344183319971538
174	65	0.3948391109666061
174	191	0.39143197660575946
174	50	0.3897370899845861
174	70	0.3839376889459983
174	195	0.3696174979481477
174	184	0.3677251606352629
174	60	0.3467897395864663
174	142	0.34476473316290035
174	87	0.34298359785564103
174	194	0.3321029086239445
174	112	0.3276559348239389
174	89	0.30821333574407994
174	98	0.3058131189185498
174	168	0.29551657934859005
174	45	0.2882439203807705
174	71	0.2881980739479427
174	76	0.2841952029763723
174	11	0.2681412528623698
174	38	0.2656428670806658
174	140	0.2613995379796021
174	193	0.2571647583553017
174	190	0.2535564706195609
174	185	0.2414374686945231
110	36	0.5172148987612923
110	141	0.4706850623344712
110	2	0.46843226757169104
110	142	0.4604561354005261
110	101	0.4510199898781394
110	139	0.4508287897528963
110	113	0.4325505234075532
110	32	0.4031629126184526
110	112	0.4004376073881703
110	135	0.3842616265724805
110	7	0.3696347654786021
110	176	0.3635669175456703
110	104	0.327245257824305
110	70	0.32616440861654433
110	140	0.30402628242461355
110	99	0.2915871295408163
110	0	0.2865742602088994
110	31	0.274930761621065
110	71	0.2732845024429185
110	38	0.2729698659225993
110	106	0.2577716699068467
110	134	0.2572768188510497
110	24	0.2508690371704269
110	109	0.2467508140167913
2	104	0.5945663944909768
2	140	0.4552079784856836
2	31	0.3763152216810545
2	135	0.3684686345904261
2	7	0.3335256836504177
2	113	0.2994906747221647
2	44	0.2971038073112843
2	37	0.2732382360317261
2	36	0.2633456628176883
2	149	0.2623495880278031
2	138	0.26177216711031315
2	150	0.2588635979973373
2	176	0.2496973394445991
2	23	0.2496879629087997
2	112	0.24858120334893594
2	146	0.2448246586168137
2	34	0.24263307054447295
36	101	0.4990347715701371
36	139	0.6065341004133459
36	32	0.6000338033703185
36	141	0.5929996354750794
36	142	0.5348257253374932
36	61	0.5227235729224289
36	38	0.4913360148718141
36	70	0.4908807273546621
36	176	0.4819030505936435
36	39	0.4517604993599113
36	37	0.4501114208149758
36	140	0.4249028779055783
36	134	0.4211095645706619
36	113	0.4080588035077557
36	60	0.39138963672675103
36	63	0.3857266867895216
36	62	0.3854542643976411
36	112	0.3596292387814654
36	98	0.3553729487833151
36	138	0.3515051000565529
36	44	0.3402365298700893
36	145	0.33665930626027873
36	0	0.336047368454408
36	144	0.3339166809178997
36	109	0.3319783437610572
36	136	0.31083549782090164
36	30	0.29432965309719444
36	99	0.2819139017280804
36	100	0.27591959234516783
36	79	0.27334927329440256
36	146	0.2645829919662097
36	34	0.2505504079981745
36	11	0.24906900809061944
36	95	0.2469480177427689
36	31	0.2464033101130674
36	35	0.2428306976024337
36	71	0.24164463343608436
36	81	0.2412302819441676
77	148	0.5687004647399928
77	86	0.4999878916517193
77	76	0.4906377976474267
77	147	0.4884251558355218
77	188	0.461582204780758
77	84	0.4541846846081649
77	118	0.4374071531708911
77	189	0.4285507214589133
77	17	0.4138433580221203
77	16	0.4111546651828583
77	31	0.38658607876430573
77	49	0.38478143389681196
77	186	0.3716963948888803
77	180	0.3437598421463037
77	135	0.3136963879638271
77	68	0.3117205416040338
77	119	0.30250079042024264
77	146	0.302173697235986
77	7	0.2974319947530059
77	82	0.2928858581876233
77	75	0.289737789353005
77	117	0.28258574626801714
77	26	0.2811588972307156
77	57	0.2761505435040089
77	159	0.27552228182779953
77	47	0.2749492497809296
77	29	0.26658134317491833
77	19	0.2635503937466973
77	20	0.2605049102830935
77	153	0.259637812873466
77	164	0.25638948403528705
77	69	0.2552680222173971
77	46	0.2477554004174065
77	44	0.2441570994607381
77	58	0.2435081229872632
77	154	0.2403259371598187
148	147	0.5784964968010665
148	189	0.4374475860356939
148	149	0.429366715771101
148	84	0.4282976211159248
148	153	0.4177885996935857
148	146	0.41177768682832333
148	118	0.4090335186809671
148	47	0.40265193662163
148	164	0.4006474988023408
148	16	0.3997488686165536
148	157	0.3792385581945629
148	49	0.3655005831978832
148	17	0.36463385737431575
148	31	0.3591764073980305
148	186	0.3288693859075445
148	150	0.32585160704816546
148	188	0.31014876594012564
148	135	0.30941649786770264
148	86	0.3064565787165003
148	154	0.3030094604303501
148	21	0.2930778321308016
148	26	0.2894354632931068
148	119	0.2773509750185254
148	29	0.2732197291132653
148	20	0.2675285983506625
148	7	0.2666742341370561
148	57	0.26144612088480296
148	68	0.2594699391526305
148	127	0.25231155840717
148	28	0.24129620738741014
148	18	0.2397416592408228
167	61	0.5608003773305533
167	60	0.4994777100392306
167	68	0.4774452771305943
167	196	0.4249684322806469
167	145	0.4228109991461093
167	63	0.4068328416230091
167	65	0.4066158520453581
167	134	0.40048798516107575
167	45	0.3856245362709784
167	32	0.3636276633363625
167	180	0.3634020205286169
167	30	0.3616301138993181
167	79	0.3596379454182597
167	81	0.34546064192776244
167	159	0.3394847093856983
167	62	0.3333212530297446
167	185	0.3289674853003127
167	91	0.32730776013033835
167	195	0.3180085135799691
167	69	0.31439044800273713
167	92	0.3106457753678794
167	75	0.3062300402738305
167	93	0.3055683495632038
167	86	0.30091918124131223
167	67	0.29160542897301395
167	76	0.2905070856322093
167	146	0.2833952726102039
167	189	0.27821844045664285
167	193	0.26738004344125
167	139	0.26493635484089223
167	188	0.26166970187366834
167	72	0.24382793578672826
145	68	0.4711442235577352
145	32	0.4653354772442533
145	139	0.4277176864453789
145	61	0.4230737574609469
145	62	0.4097909858654071
145	134	0.4049284479987709
145	30	0.3940369133332551
145	146	0.3528015620183941
145	140	0.330482663154615
145	196	0.3151832480678336
145	141	0.30986855860792895
145	142	0.2945945077989771
145	34	0.2933337606297696
145	57	0.2920262569800401
145	101	0.2741725721397412
145	195	0.2716922127595605
145	67	0.2681598147681934
145	109	0.2661539809805025
145	69	0.2624427028539953
145	176	0.26196776617476625
145	79	0.25706203015815143
145	136	0.2515998045136729
145	44	0.24489986201464414
81	93	0.7409804118835845
81	96	0.6511139224288794
81	193	0.6427819455862039
81	97	0.6241653359565463
81	65	0.6143072100836992
81	92	0.6710055586222596
81	79	0.5875983734068506
81	98	0.5335393577599881
81	90	0.5226145503650007
81	78	0.5123049832156057
81	60	0.4995827757740296
81	88	0.4985464864596959
81	85	0.4780163892924279
81	196	0.4775379173433552
81	66	0.4732499724376913
81	194	0.4725512440032279
81	63	0.4560479257174755
81	61	0.4421901335407694
81	190	0.4198747854288454
81	197	0.4088253245005561
81	185	0.4030456616480202
81	70	0.3934369838072935
81	91	0.3823421985405308
81	95	0.3735650813927269
81	184	0.35168037656502543
81	74	0.3368277609801869
81	195	0.3266647425731995
81	64	0.3230690136725136
81	73	0.3200474744227144
81	38	0.31472383790521685
81	75	0.3121809118306334
81	162	0.2814811978874387
81	55	0.27005208122644003
81	87	0.2671293282112154
81	177	0.2624240802796962
81	68	0.2489095473533464
93	92	0.6943982090108829
93	79	0.6690824299537873
93	97	0.5804824278006271
93	85	0.5040344719439805
93	90	0.4938352968790807
93	96	0.4706383536810976
93	196	0.4650063585250272
93	193	0.4537480316258436
93	95	0.4480517422572583
93	88	0.4450976404584384
93	68	0.4430103205676607
93	63	0.4322415706231165
93	91	0.4251650686610259
93	78	0.3994463527915587
93	65	0.39690515831716383
93	61	0.39390174722698973
93	98	0.3266647425731995
93	194	0.31602961701184484
93	55	0.3069186094906677
93	60	0.305858442142305
93	190	0.29583598078256657
93	66	0.2918250055073782
93	7	0.26723147582069595
93	69	0.2666092109836629
93	41	0.2596191610124914
93	54	0.2581823869541304
93	64	0.2566604005696668
93	67	0.2538090947800855
93	185	0.2510189615075179
93	195	0.2450032618750742
96	88	0.6516895980665843
96	197	0.6363346579123489
96	78	0.6128231917440863
96	95	0.5171196688214593
96	98	0.5716295730926854
96	193	0.5697482389640606
96	97	0.5499153781360474
96	90	0.4996803236546783
96	85	0.4989596713929511
96	190	0.4977119139062561
96	194	0.4856103787699159
96	70	0.4360232852134183
96	185	0.4257301747080607
96	66	0.4199324430956404
96	92	0.4174996490131915
96	184	0.4160370912916158
96	87	0.3991017148978776
96	73	0.3971157539899745
96	11	0.3946956039824229
96	79	0.3858118049983113
96	112	0.377001724344624
96	74	0.36796727359799386
96	177	0.33687208758660003
96	83	0.32531520980288003
96	38	0.2859591658203226
96	75	0.28582142580983044
96	71	0.2837539109304135
96	55	0.2733862840966993
96	191	0.2667856967519578
96	60	0.25951657231513026
96	50	0.25386522878178336
96	65	0.24942540090133106
96	196	0.2416163849951763
193	194	0.6606746971077299
193	184	0.5818334280015619
193	190	0.5550427133066963
193	88	0.6061230627705348
193	185	0.5742158411033441
193	196	0.5325586315301865
193	90	0.4931620483924946
193	78	0.4786256443528367
193	197	0.4737232167844287
193	85	0.4344832321985344
193	97	0.4087836805566334
193	92	0.4062568839777645
193	98	0.4053881636924376
193	65	0.3691511781502836
193	73	0.3649286151512308
193	75	0.35645587150831143
193	195	0.3535455401332362
193	74	0.33885638544996965
193	79	0.32996591106012185
193	186	0.3296628954277931
193	188	0.32735240288121314
193	159	0.3227375922984165
193	91	0.3204423494207945
193	55	0.31860164359067894
193	60	0.309606380427302
193	95	0.3054051475514057
193	87	0.3026824780800471
193	66	0.30186471054361336
193	76	0.2885006359788445
193	191	0.27356207435197843
193	83	0.2729235909184389
193	59	0.271766305816284
193	180	0.2708121116890978
97	79	0.4509642274499214
97	92	0.44679603804593626
97	88	0.4365981245833209
97	98	0.43084188377214894
97	78	0.3951345058595922
97	90	0.380855573894794
97	197	0.378039272874396
97	85	0.3747690797076444
97	70	0.3651279686496065
97	66	0.3646598683542751
97	95	0.36087365150851103
97	65	0.35713657469566
97	190	0.3567177252621637
97	91	0.35158397753583176
97	184	0.3345118424424591
97	177	0.3267808653602015
97	60	0.32291674882122223
97	194	0.30488822283401706
97	73	0.2972496770683148
97	196	0.29491409976000543
97	185	0.2815364430544581
97	71	0.2749122732578808
97	87	0.2709511051619124
97	195	0.26998718496863033
97	63	0.2697275754122771
97	191	0.2637364921729445
97	11	0.25343482442539583
65	60	0.4886763908184302
65	92	0.4882043067084421
65	61	0.4387405033738495
65	63	0.4251814532149889
65	66	0.4251241060570472
65	67	0.4158468830723308
65	91	0.40179695692742906
65	196	0.3963574139907021
65	45	0.3682006924249911
65	180	0.35348428822888905
65	194	0.31698342993353146
65	173	0.3085752929166323
65	70	0.3056862065186905
65	68	0.30359966452638193
65	195	0.2926847172980813
65	179	0.2805509577215958
65	89	0.2715995919092803
65	185	0.268707301369571
65	98	0.2662097298136737
65	69	0.26467598908939016
65	50	0.26231234072920395
65	62	0.25929272210146
65	38	0.2506441280990063
65	162	0.2482903366545597
65	177	0.24063685282706604
92	63	0.5554923039722275
92	91	0.5207148221810609
92	60	0.5175297988691969
92	79	0.503064102634745
92	68	0.4842566134499911
92	90	0.4688848758536753
92	78	0.4658210840746205
92	88	0.4529774033445227
92	61	0.4449613091686488
92	69	0.4093415679308167
92	66	0.4027524763333983
92	194	0.37167915792494377
92	98	0.35297665587294985
92	196	0.3114496671898417
92	86	0.3066106050327237
92	45	0.30535074289279235
92	54	0.29596372284118083
92	95	0.28877564238364944
92	85	0.27596578512678266
92	59	0.27305315774682704
92	184	0.2726921969566618
92	76	0.2713865448622489
92	70	0.2686980233807788
92	58	0.2676307224743241
92	67	0.2643225738450962
92	94	0.25867699041111675
92	87	0.25367810879450353
92	185	0.2521149168266488
92	64	0.2484498497445612
79	7	0.4371726076809394
79	68	0.5808602356386265
79	95	0.5162180134565988
79	85	0.5021822062563829
79	61	0.4510677834428546
79	78	0.4187786460854081
79	63	0.41621899552982816
79	196	0.4101154418205806
79	90	0.36756949025591695
79	98	0.3505318677068061
79	75	0.3251721351547201
79	101	0.3225852910679091
79	30	0.31816131331742153
79	99	0.3078331846493641
79	69	0.3051784483233886
79	91	0.29145902753982383
79	134	0.2887573101052062
79	32	0.2859683480676197
79	55	0.27843984834830343
79	54	0.25628671204966696
79	41	0.2556138796832928
79	88	0.2416728814674303
79	57	0.24123970000095885
106	109	0.5668708944869304
106	5	0.42325436253905857
106	95	0.4306545589003768
106	101	0.4207969011936485
106	112	0.4048866455048546
106	113	0.3377583059455703
106	99	0.3164976052088447
106	197	0.3025098753254785
106	12	0.2946675632031616
106	11	0.2709603709917923
106	57	0.2606820075817929
106	74	0.2604489811774692
106	142	0.2601226932324443
106	56	0.2465817659838831
196	195	0.5846837956169417
196	190	0.38165893814029406
196	194	0.3728076373537933
196	85	0.3471767647319643
196	160	0.3307409649424505
196	95	0.3253688589564988
196	91	0.2989717121450505
196	180	0.2975140306355405
196	185	0.2952427540954352
196	197	0.2898751911824123
196	68	0.2780431382371293
196	61	0.2707009087798007
196	69	0.2559690165575065
196	60	0.239317477735594
195	160	0.3949825986869448
195	112	0.3754651022596471
195	185	0.3631850160753047
195	180	0.3619951323746553
195	176	0.36117803262366505
195	191	0.35681372426596963
195	177	0.35035642992789445
195	139	0.3500405799699933
195	142	0.3496456555722779
195	98	0.33137314977675003
195	60	0.329350896610099
195	190	0.2992994985808176
195	71	0.29609145431426953
195	197	0.28885813501601193
195	61	0.2718218734946334
195	194	0.2704321385927826
195	70	0.2682526213105598
195	11	0.2621540309911042
195	66	0.2446742429841789
17	119	0.7123309099769819
17	16	0.6538875029699592
17	52	0.4066325451805792
17	48	0.3866030896568542
17	18	0.5902111310698249
17	117	0.5656752658467906
17	118	0.5607249673559174
17	149	0.5580040132360146
17	154	0.5263623295287735
17	19	0.4965901814223133
17	26	0.4853505138038564
17	47	0.4733586100640985
17	46	0.4581995466196764
17	44	0.4518002940835548
17	31	0.4400074152853658
17	164	0.4269166345011319
17	29	0.4191166840482927
17	49	0.4139262279598289
17	53	0.3962309713541227
17	153	0.3817101971537211
17	146	0.37535342343477296
17	23	0.35319548842779713
17	51	0.3204602956397915
17	157	0.3020828253847107
17	21	0.2956534737720771
17	155	0.28706983607474273
17	45	0.284930422132204
17	143	0.2690691040264259
17	22	0.2635131717067236
17	131	0.2609522801605764
17	24	0.2562960551969337
17	156	0.2410419112683223
119	154	0.5871595328434234
119	29	0.4651630977632951
119	117	0.4913360148718141
119	19	0.4895208592833202
119	16	0.4864123612396583
119	149	0.472209427012239
119	46	0.4694931678986332
119	118	0.4581205376822062
119	47	0.4427932843115381
119	146	0.4252879460232886
119	18	0.4227452984552113
119	49	0.4218579043215517
119	53	0.4138599325584333
119	23	0.4096911323938517
119	153	0.4091833921292681
119	26	0.4055803476704031
119	44	0.4007230494202652
119	31	0.3855138625401827
119	48	0.3686414680244464
119	155	0.3676905689982233
119	52	0.3559494621250231
119	51	0.3393696867928806
119	164	0.3392281065918944
119	22	0.32425968448938697
119	143	0.2965931539796157
119	89	0.2902140645996883
119	56	0.28906893003253026
119	136	0.2718496566541356
119	133	0.2628709680828002
119	157	0.2601413398591229
119	150	0.2597590452476334
119	21	0.2557540735385941
119	20	0.25075658601856243
119	12	0.24418531087341264
119	86	0.2404107372353741
16	118	0.5704299872367562
16	18	0.5648927439228096
16	149	0.5555890964061838
16	117	0.5016585531412155
16	46	0.420681684211276
16	31	0.416185924509344
16	29	0.4072082920297056
16	21	0.3935384038992896
16	44	0.390983089588086
16	19	0.3901525820546627
16	26	0.3710929487252901
16	164	0.3635322042770063
16	154	0.3259409862084517
16	131	0.3136693398720032
16	47	0.3017283727168197
16	49	0.2962830316679689
16	143	0.2894079762410656
16	23	0.2880605267223215
16	146	0.2880146750053091
16	45	0.28793213858685063
16	186	0.2845260930198051
16	127	0.278928685926197
16	52	0.27179408988200315
16	28	0.2647782802391243
16	189	0.26201433420923553
16	48	0.25889158746909424
16	153	0.2571274033195832
16	58	0.24995048820603516
16	53	0.2476803095483081
16	22	0.24394079823643186
52	156	0.39532014083832573
52	154	0.3925660676251578
52	21	0.3891177972503052
52	149	0.3784848701187841
52	26	0.3747432929736232
52	23	0.3470712241402383
52	164	0.3435570054033279
52	12	0.33843143171540946
52	155	0.3357191109531846
52	40	0.3298233239339099
52	127	0.32235232746419784
52	19	0.3129839518408322
52	31	0.30825858527370026
52	118	0.3075344255297371
52	46	0.307425770811197
52	28	0.2941652377784001
52	47	0.2855183562178426
52	44	0.2846639438708052
52	143	0.2844066127637847
52	117	0.266441997445797
52	150	0.2661632725763563
52	138	0.26543837968265155
52	27	0.2654290842333122
52	157	0.26262891784290315
52	113	0.2591248161554835
52	104	0.25638014136700904
52	51	0.2548472967102255
52	33	0.2544451799415049
52	131	0.250119235067728
52	18	0.2485249100662759
52	146	0.2478774167307964
48	154	0.3658470962485864
48	18	0.36525796376388014
48	47	0.3460505454542999
48	149	0.32036158858882263
48	118	0.30344532593072504
48	117	0.2987076106389313
48	46	0.2909465150268665
48	53	0.28553672569830896
48	19	0.2786612266505275
48	153	0.2782461180606036
48	51	0.2770001690168545
48	49	0.27255334543328624
48	33	0.2618839406385759
48	44	0.2522179221571819
154	47	0.5507380037830665
154	155	0.5116039758294298
154	164	0.5120467966700992
154	46	0.5006700920881911
154	149	0.4877471789272997
154	51	0.4768351307756405
154	153	0.4704125580030638
154	49	0.4645202816157712
154	146	0.4617395786241125
154	44	0.4500556010766903
154	19	0.4337690819284951
154	53	0.4256401075705335
154	118	0.4246652059380043
154	31	0.4138930808079152
154	157	0.39081364989600303
154	117	0.37888747059684297
154	18	0.3735134532878036
154	33	0.3479328815231064
154	136	0.3264771387757611
154	23	0.3174780804736717
154	45	0.31393979787714155
154	89	0.3110251955071023
154	26	0.30928085235844904
154	140	0.30875623800490337
154	29	0.30463422906949505
154	189	0.3024917054600429
154	168	0.3017738200305996
154	173	0.293964262076394
154	86	0.28846396486035675
154	27	0.2823188822701874
154	62	0.2752635173796373
154	156	0.2676121548990137
154	37	0.255660612163206
154	143	0.25437971074000104
154	40	0.2541552272082744
154	179	0.2523021949947704
154	82	0.23944945511318175
29	23	0.4159130465806656
29	26	0.3623774136516627
29	118	0.3573808372342166
29	19	0.34539018742518185
29	164	0.34474711029581245
29	117	0.31980510968937303
29	153	0.3111245510735258
29	28	0.31075419123015696
29	22	0.3051875169568596
29	49	0.2989170742100839
29	86	0.2959454746236718
29	84	0.29209028611762866
29	146	0.29098312860575903
29	18	0.29004921634663045
29	31	0.2798782775278146
29	133	0.2760766426013589
29	149	0.2702189460506597
29	53	0.26956993618949543
29	46	0.2690505518902471
29	131	0.2626475382661257
29	143	0.2601226932324443
29	157	0.2483184870021292
29	147	0.2445144134701511
29	21	0.239798209863512
29	20	0.2393928944631379
70	98	0.7094869307782874
70	38	0.6593766563839012
70	176	0.6386674693570102
70	71	0.5942430529926567
70	177	0.5656276631573791
70	11	0.5237475492256007
70	60	0.5169951180411771
70	112	0.5114784604810078
70	66	0.4970044372425305
70	142	0.4627539414266474
70	139	0.42124940790300935
70	61	0.3828031631221071
70	95	0.3769502509983629
70	191	0.3233734931959128
70	63	0.323266037476561
70	141	0.3076340186437037
70	32	0.3029822146246795
70	78	0.29750491575440696
70	76	0.2881522261938105
70	50	0.282843366560216
70	156	0.2819783371750485
70	45	0.2813246597813259
70	179	0.2683175829278062
70	37	0.2590781728347176
70	162	0.2567631514665886
70	185	0.2529200787929688
70	109	0.24259542501140785
70	39	0.2424354233461252
70	87	0.24195533924575
70	44	0.2417764540776564
98	66	0.5231231760335254
98	38	0.6074814124148666
98	95	0.5055918630054975
98	78	0.4738550558391305
98	112	0.4655783157030774
98	71	0.4530886698937116
98	177	0.4324529703390618
98	176	0.4319162475033465
98	60	0.4290240834291572
98	142	0.4258038597282183
98	11	0.4197017920933673
98	197	0.3905933386951307
98	88	0.3898727783222943
98	76	0.3494876510049774
98	185	0.3475724636177117
98	139	0.34541660831996124
98	184	0.3452316505593025
98	87	0.31363327495771515
98	191	0.3133176683668536
98	63	0.30318200569524184
98	190	0.2865191867504042
98	109	0.2851141745893296
98	61	0.2722663496448576
98	91	0.27179408988200315
98	73	0.2456329405968343
98	50	0.2398453341393842
38	142	0.5859328817374602
38	66	0.4731646042029845
38	176	0.4673621989636153
38	139	0.4611965160629395
38	60	0.4543434134420609
38	177	0.4495770019228206
38	39	0.4276850035830068
38	71	0.4111214265625756
38	11	0.4005299647891111
38	156	0.3942987491636316
38	44	0.3912202606401479
38	45	0.35925479417165096
38	141	0.3585404163698247
38	61	0.3308300230380485
38	143	0.3228002997129075
38	63	0.31612862735045244
38	50	0.312307262338578
38	112	0.3059218923266631
38	78	0.30551395088689354
38	173	0.30050077743686165
38	62	0.29317838048113626
38	76	0.2900583750345864
38	46	0.2821348126696341
38	149	0.2814443667393579
38	184	0.28088258903069985
38	185	0.2801455395915097
38	31	0.2761597808872727
38	101	0.25942330478012465
38	40	0.2465348055333085
38	95	0.2403447819381169
176	112	0.6967313763517744
176	142	0.6234261727352074
176	177	0.6086033181680732
176	71	0.5842360791764
176	139	0.5742694607335164
176	11	0.5184444103535679
176	141	0.5032060051063316
176	173	0.46433989153730393
176	60	0.42845275510786107
176	140	0.4077587037510781
176	44	0.40653238229673744
176	179	0.4004292108573217
176	180	0.3962646908603698
176	156	0.3906526576522264
176	191	0.37230814101448656
176	39	0.3692461843068643
176	136	0.33515112167816097
176	0	0.3347960045996905
176	45	0.3167225447224284
176	32	0.3048337992482011
176	66	0.30437111841656384
176	109	0.2951058232748641
176	168	0.2889131277215106
176	76	0.2730809207785865
176	37	0.26353178282480233
176	18	0.2481214257638041
176	113	0.2462905925316784
176	149	0.2430753507960999
176	144	0.2390817818527557
71	177	0.578602941636194
71	112	0.520328421859723
71	11	0.5033030806385511
71	66	0.4300516097382943
71	142	0.42097792902496706
71	191	0.39710733096574624
71	179	0.37090322943443343
71	50	0.3452052258324073
71	60	0.31965248819568176
71	156	0.3194639328610694
71	173	0.29915382443640504
71	87	0.2981063815118886
71	89	0.29604583714643073
71	139	0.28672111350508805
71	83	0.2613436368860253
66	50	0.5347329038967306
66	177	0.4403540988643924
66	87	0.4279382665133892
66	184	0.389372343730058
66	11	0.3756970157520333
66	60	0.3702907423801985
66	173	0.3436011030749899
66	190	0.3372355094219087
66	191	0.3299480884925567
66	88	0.3178826660959706
66	78	0.30948883699138263
66	156	0.3080413748134881
66	112	0.3058131189185498
66	142	0.28792296760960906
66	197	0.2843882304016536
66	185	0.28129703385510463
66	74	0.2646852885309845
66	89	0.2645457917389131
66	35	0.2566043521802832
66	85	0.252714140421959
66	83	0.2509814815519721
66	179	0.24100423495319914
180	173	0.5478401434251569
180	179	0.5397834751361252
180	76	0.44641978361123386
180	91	0.4226878067051151
180	168	0.39544669163110224
180	60	0.394619621899329
180	45	0.3712050410201357
180	86	0.3683389927962597
180	188	0.3619690633058327
180	191	0.3516628500234982
180	159	0.3415268770707674
180	82	0.340926053242362
180	189	0.3180983977798044
180	177	0.31042891939580997
180	89	0.2875652583183419
180	140	0.2779970029951244
180	194	0.2713124353059587
180	94	0.26358761500188865
180	164	0.2597217438505418
113	12	0.4796272133393758
113	112	0.4469160859945517
113	0	0.4080838078420375
113	104	0.3177388266836538
113	141	0.3127494020875057
113	142	0.3105734936355328
113	140	0.2838366623515193
113	101	0.2833952726102039
113	139	0.2830181570945261
113	11	0.2707935783727161
113	131	0.2639969969863964
113	109	0.2580423802548309
113	160	0.2508315542052666
113	32	0.25075658601856243
113	134	0.2442699426313151
113	28	0.24115493585418174
112	11	0.6689664246284917
112	142	0.5448095463707715
112	177	0.5209917326831044
112	12	0.4472041354022475
112	191	0.4448570419115652
112	197	0.3921345764141759
112	109	0.3609693224332036
112	139	0.34245407159693003
112	185	0.33035794801585344
112	0	0.32150078241959074
112	173	0.3130651332479801
112	141	0.3097962382971892
112	83	0.3063478445945044
112	60	0.301473842422801
112	156	0.30137383661934275
112	95	0.29667523471347257
112	179	0.2882255819662069
112	140	0.2681690956464429
112	35	0.2573048328939748
112	184	0.2467789872293034
112	160	0.24271777032203426
112	87	0.24136213060363196
11	35	0.2868495990871444
11	177	0.534889978774441
11	12	0.4773680688438438
11	142	0.3873938055217112
11	191	0.3568311778207374
11	156	0.35497971639471626
11	197	0.3284501540226277
11	83	0.2891972263211027
11	109	0.287785396614455
11	95	0.2504566832009031
11	87	0.2499129868409779
11	173	0.24247307198363086
11	184	0.2417952848695221
11	185	0.2414374686945231
142	139	0.6631357289237495
142	156	0.5388828933229864
142	141	0.5891870912150531
142	39	0.4485391512604056
142	177	0.37460575393380413
142	44	0.371136062426465
142	173	0.33017976352005984
142	101	0.3179186236631638
142	109	0.3115941398460243
142	143	0.3075887498819022
142	60	0.2953979276973266
142	140	0.2855183562178426
142	50	0.25178713459240665
142	149	0.2438091247362429
142	95	0.24095713853777986
177	191	0.5156823428474092
177	179	0.4805890833349004
177	60	0.46188905685520204
177	173	0.4158882357809685
177	50	0.402727342316438
177	185	0.4006978664864015
177	76	0.33137314977675003
177	83	0.32068460396437
177	78	0.3204782416287479
177	190	0.3188531991811745
177	87	0.31605662051425465
177	89	0.30906379336584355
177	139	0.2992994985808176
177	156	0.29319666130268746
177	184	0.27635375414806085
177	159	0.26514090083555913
177	197	0.2649828446614055
177	88	0.25418328914791777
177	122	0.25079407048794605
32	61	0.6182887160149795
32	62	0.5465791331703242
32	68	0.5076508980069587
32	134	0.4988169604085321
32	30	0.4318837090070019
32	34	0.4251814532149889
32	139	0.4247635600609674
32	146	0.4240584673772744
32	44	0.4114371493088282
32	140	0.4050538453240889
32	37	0.404986968646548
32	136	0.3915928530305712
32	60	0.3789988028695047
32	141	0.37016130247669343
32	99	0.3562638098233099
32	63	0.35461258613191066
32	101	0.3279147762821387
32	86	0.3202269768532842
32	33	0.31888014890249744
32	31	0.3105825290485213
32	138	0.2817942291511356
32	144	0.26863307606324355
32	22	0.26435977879479033
32	7	0.2484404669945284
61	63	0.6545110082629735
61	68	0.6478820698418258
61	60	0.6232305049685883
61	62	0.6070269179434332
61	30	0.4684634898350816
61	67	0.4164835240475081
61	69	0.40904184556271295
61	134	0.39216842510218736
61	86	0.3762207952187504
61	139	0.3760061605574049
61	91	0.3734704280993044
61	45	0.3306875272572262
61	44	0.30488822283401706
61	146	0.28809720714497244
61	57	0.2396756814581193
12	5	0.34489689691891384
12	23	0.2857387761338499
12	0	0.2791684402183871
12	26	0.2693102636224439
12	131	0.26375510093603977
12	156	0.2510751800295933
12	83	0.23870460984225456
23	22	0.4889503729453197
23	28	0.4630839379618923
23	127	0.4561667206335756
23	20	0.43905537712079024
23	19	0.4296847637440041
23	26	0.42615583242325983
23	21	0.3858288278519792
23	27	0.3478186138029813
23	143	0.34280711330141217
23	131	0.3329389725765801
23	34	0.3196075963638904
23	117	0.3160206157305867
23	118	0.2819231069476494
23	37	0.2709974338091644
23	49	0.253257019415703
23	140	0.2512250878068503
23	56	0.2435269369715144
23	104	0.2430094856693257
23	129	0.23971338331935904
21	28	0.4205746848605581
21	27	0.3793669776057576
21	117	0.3583661141193026
21	147	0.34589209076241306
21	118	0.34451799091224633
21	186	0.3356215051544442
21	157	0.3140840213200437
21	131	0.30720843732512443
21	26	0.29411042880231913
21	127	0.2799427930342387
21	188	0.2792975242699548
21	20	0.27541138766520834
21	104	0.273608331908798
21	149	0.2705155545435629
21	19	0.2548472967102255
21	133	0.24941602300824656
21	150	0.246872894924692
21	51	0.2430094856693257
27	19	0.3431247680676418
27	40	0.3424717259801884
27	22	0.3186825056411533
27	53	0.3114316070952517
27	127	0.30957021422386183
27	20	0.306755556310412
27	138	0.2958633549717845
27	51	0.2954983258416816
27	34	0.29370843722260337
27	33	0.28722581891555216
27	37	0.2838826335365209
27	118	0.2830273560757186
27	26	0.2760581668655987
27	157	0.26375510093603977
27	130	0.2480275798597912
27	49	0.2473893043300674
27	150	0.2390817818527557
118	117	0.5694645085691262
118	149	0.5902828080063217
118	18	0.5742024354260341
118	44	0.5098225729635467
118	31	0.5041314389923608
118	26	0.4513226387614249
118	127	0.4414899773028768
118	19	0.4363795656636253
118	143	0.4082504877570956
118	46	0.3897116465370855
118	153	0.38299944203713226
118	146	0.3686241858276689
118	47	0.3630982032582728
118	164	0.3507072808888297
118	138	0.3412618421060778
118	147	0.3260750440242321
118	7	0.32272863386503936
118	155	0.3073442745109617
118	49	0.2884181247721854
118	130	0.2850498636123953
118	151	0.27554076347539924
118	22	0.2611293331224159
118	122	0.25930204975011645
118	76	0.25814505289438777
118	86	0.2517590362830057
118	133	0.2411360988773935
118	157	0.2387423302864423
149	44	0.6430987245407565
149	146	0.6234628517515928
149	18	0.6220548588557233
149	164	0.5341256764308744
149	31	0.6174479115973595
149	153	0.5205690357855852
149	47	0.4843484675757136
149	19	0.45653883942832
149	155	0.4099157888951831
149	143	0.4036066713790736
149	46	0.39376656408215815
149	134	0.3894062787686228
149	26	0.38418491304945096
149	117	0.3566566310642128
149	49	0.3479768278940481
149	39	0.3479416709196244
149	157	0.3339611051586731
149	136	0.3237763778544736
149	40	0.3200654257000891
149	53	0.3179366021038223
149	150	0.3091994590111697
149	33	0.3037085998263765
149	24	0.3022918224324288
149	7	0.2987713634692196
149	147	0.2970855726163811
149	130	0.2960732076092044
149	45	0.29373584904167976
149	62	0.2926207124909216
149	138	0.2827605644859387
149	178	0.2813891184623594
149	141	0.2790024601828725
149	51	0.2725440882613169
149	127	0.2683175829278062
149	104	0.2628151132706623
149	135	0.25498754927602946
149	156	0.2445896290148163
26	24	0.3683389927962597
26	19	0.4746533911403746
26	44	0.4265649408204484
26	127	0.4119271547927396
26	143	0.409807627155974
26	117	0.3773105155138979
26	31	0.3509265127634916
26	131	0.3402718989528659
26	146	0.33929004982131017
26	18	0.3224956943049494
26	22	0.31583157568405873
26	28	0.3131192516447009
26	49	0.2902140645996883
26	53	0.2820887920230972
26	37	0.27620596703826744
26	33	0.2728588037908628
26	164	0.2720626458189034
26	138	0.26313160057158785
26	34	0.2588356080908497
26	150	0.2574542338177223
26	156	0.2569406166167853
26	39	0.2554082425828041
26	51	0.2402976696527069
146	134	0.6060977575637145
146	31	0.5696806964216417
146	153	0.5373412496386574
146	44	0.5314401483770292
146	164	0.4979375650619328
146	136	0.49751629505539097
146	30	0.4743512005940175
146	86	0.4563409237713738
146	189	0.43385838054947895
146	62	0.4112377569503544
146	47	0.4051792274125322
146	34	0.4041088107116372
146	140	0.3992194088160136
146	68	0.3882603873588085
146	147	0.3838609530280519
146	49	0.3687278751856374
146	150	0.36478991471695815
146	19	0.3445796809391886
146	157	0.3380594839184419
146	42	0.3349291846557648
146	67	0.3190148897741538
146	72	0.3103837370002514
146	155	0.3090366587271127
146	135	0.29928129007562104
146	178	0.29272129029613786
146	46	0.28406650522454874
146	45	0.28403892580290696
146	18	0.2834964350393518
146	22	0.2769724706594984
146	168	0.2755869667032002
146	7	0.26482477424667106
146	138	0.260150663099702
146	159	0.25519323363131924
146	33	0.2490127293718974
146	37	0.2460087694338106
146	53	0.243921988286925
146	24	0.23960027556702604
140	136	0.4394508348956404
140	138	0.4342317187908092
140	37	0.4251404913076188
140	34	0.38415081644738974
140	141	0.3776449446275342
140	44	0.3288426302957692
140	30	0.3267004737121347
140	31	0.3261465361643885
140	127	0.3115670523200625
140	153	0.31040181012677304
140	168	0.30537794547130875
140	0	0.29236466704562275
140	179	0.2866935795381671
140	24	0.2735435709749149
140	134	0.2722756083299975
140	22	0.26684142538335537
140	62	0.26662778927517
140	173	0.2652803503338541
140	139	0.25524932535720873
140	76	0.2392232027652584
136	138	0.4141333727892955
136	134	0.3802227333713297
136	33	0.3766327805866854
136	44	0.3724631802194519
136	34	0.364980623638756
136	37	0.3462705886681948
136	164	0.3169654393893768
136	62	0.3117115132728515
136	155	0.2968940952391769
136	18	0.29209028611762866
136	178	0.28249372913845017
136	45	0.27982297651024163
136	143	0.2750601744697634
136	127	0.2681319718347987
136	31	0.2630943697093118
136	141	0.2506816148239952
136	22	0.2393928944631379
28	131	0.3579302491918889
28	127	0.3298233239339099
28	19	0.3093260689268986
28	186	0.29272129029613786
28	20	0.2779970029951244
28	147	0.26312229292948897
131	127	0.34687771022309344
131	150	0.3045616514619617
131	117	0.2964289793664545
131	143	0.28538057842792336
131	19	0.2843698478304121
131	157	0.2820887920230972
131	185	0.253603255482202
131	20	0.2529481595229073
131	133	0.2520961879708405
46	151	0.383502781981332
46	168	0.4809196996687462
46	82	0.4783172183240164
46	44	0.4558974288238699
46	31	0.4504382943541889
46	47	0.371136062426465
46	164	0.3683822083196449
46	18	0.3656738523943108
46	89	0.35065465951742303
46	155	0.34585687592874864
46	45	0.3338011709498322
46	189	0.33325902879204045
46	153	0.3282627957982083
46	179	0.3268880468686272
46	51	0.3192843328291973
46	76	0.3167675283515076
46	86	0.3069186094906677
46	49	0.30487008185996856
46	84	0.28753773889427503
46	159	0.28299055983853605
46	173	0.2712661151995138
46	22	0.2701633262456831
46	19	0.2649549509169119
46	117	0.2554082425828041
189	94	0.4020317270864249
189	84	0.5592354323688841
189	147	0.5444578593197559
189	86	0.50437752903549
189	188	0.4930485213161556
189	164	0.4446003326687512
189	186	0.4250831417116124
189	82	0.41284838397360096
189	45	0.3515752136179521
189	135	0.3486094860080821
189	76	0.3452140341355209
189	68	0.33258326456771176
189	150	0.3228809193675109
189	31	0.3132274823375977
189	49	0.3048428699840985
189	168	0.302237304264425
189	58	0.2982066028094407
189	159	0.29514233934592315
189	75	0.2875652583183419
189	67	0.28668440144393986
189	91	0.2859867124046629
189	69	0.2800810320332445
189	47	0.2760304528794317
189	173	0.2597124183801641
189	194	0.25908750159555216
189	72	0.2581823869541304
189	153	0.25779967630324635
189	59	0.2522272859947618
189	157	0.2411455173884999
42	153	0.3109438995321647
42	31	0.2860142585163299
42	44	0.28381827351215105
42	168	0.2636806647058253
42	135	0.2558849114325554
42	19	0.25024109835246816
42	147	0.2460087694338106
133	127	0.25665105929130394
133	56	0.25345353974632645
133	147	0.2511313968578853
133	164	0.23868574935003056
7	135	0.5873429709117921
7	31	0.41337086842262
7	68	0.3822995070022667
7	78	0.3422245426109867
7	30	0.3362868562040587
7	86	0.3193741357131136
7	159	0.28783125493282385
7	57	0.25261116264778555
7	44	0.25206809433301963
7	82	0.2466381169960686
117	19	0.41554081958750494
117	18	0.396559690937156
117	127	0.3642696439147932
117	53	0.35444646745781905
117	51	0.34999670562252105
117	44	0.32714703412940954
117	143	0.3061575406448653
117	47	0.30367228894182313
117	20	0.2632153671460851
117	151	0.2609150036152012
117	157	0.2487406918631137
117	40	0.24788680227539425
117	164	0.24302830450565766
117	49	0.24252013175352344
139	141	0.6619575628486611
139	39	0.3793840990897749
139	60	0.3457688345819343
139	63	0.3353907718921195
139	44	0.3263788598521528
139	101	0.3003097285341184
139	134	0.29984565232324395
139	156	0.2858489747569762
139	31	0.2803298329585889
139	62	0.26151133490601103
139	95	0.2604210159691261
139	144	0.2576876481188568
139	109	0.2574168847404155
141	39	0.5581004141174634
141	144	0.4498960967304642
141	37	0.4379164779895301
141	40	0.4021993877012953
141	138	0.3934876950505184
141	143	0.3467633472056005
141	109	0.3366504396253136
141	156	0.3275309592695254
141	130	0.3208819655418573
141	101	0.3071359857065762
141	134	0.2663583846614269
141	24	0.26197707987926183
141	44	0.26170696264233273
141	34	0.24783048830989698
141	31	0.24280246639921102
141	33	0.2398264845646532
156	173	0.3762894697847196
156	89	0.3708083581767465
156	50	0.3533880291120306
156	40	0.3487676009414363
156	143	0.30187379929314256
156	44	0.2880421861940015
156	47	0.2813430768064162
156	39	0.2770463319227777
156	191	0.2570059941471758
156	51	0.24295302806281696
39	143	0.5025859157769725
39	40	0.42600032550456335
39	37	0.4619047898798447
39	44	0.41129591712153135
39	138	0.3459008943185773
39	34	0.3187543791254622
39	130	0.3144355052267318
39	144	0.3120455240300825
39	33	0.30766117923234715
39	109	0.2842963154545661
39	31	0.2759103536358911
39	127	0.26133431986664163
144	138	0.3880905233964623
144	62	0.3420921034590255
144	33	0.33334791967134825
144	37	0.2925749931661076
144	40	0.2877487090095285
144	130	0.28759277726759497
144	143	0.2472297018688773
144	155	0.2434422725993308
194	88	0.4862443946048745
194	90	0.4693606293734011
194	185	0.4596599054271589
194	190	0.4248127333627693
194	184	0.3933524597481088
194	78	0.38406557035791616
194	197	0.3589325050289479
194	94	0.34278946351474376
194	76	0.2957812309464656
194	173	0.2956078436464075
194	188	0.2846088049427639
194	60	0.28229127315489705
194	186	0.282042770078351
194	50	0.2684103810050305
194	87	0.254145873133296
194	191	0.24854367468038546
194	74	0.2475019568090968
194	59	0.24549198573564385
194	85	0.24537921437185645
194	55	0.24305653241714
184	88	0.5178518771861608
184	190	0.4706461386398588
184	87	0.452675323002164
184	83	0.4366709661078867
184	185	0.42129875959176855
184	159	0.41124606575125777
184	73	0.4058810853963892
184	173	0.3991437499500877
184	197	0.38795461323904695
184	94	0.3515752136179521
184	191	0.32441180156429017
184	90	0.309606380427302
184	74	0.3030730320505324
184	78	0.2962191751981418
184	59	0.2939733978996638
184	50	0.2932149419098448
184	55	0.2852427888417676
184	85	0.2793897209839097
184	188	0.2748937846913884
184	186	0.27465341483114186
184	64	0.27172925969058725
184	58	0.263662055157547
184	82	0.2628895859619985
184	76	0.26231234072920395
184	161	0.2606820075817929
184	60	0.2440536540787075
190	85	0.5822764400441782
190	83	0.5726251247714895
190	55	0.5360668619988999
190	191	0.4705916423897034
190	197	0.43907959371308497
190	185	0.3965681183078513
190	87	0.3728765164565964
190	88	0.3480910813014668
190	50	0.34653459023930794
190	78	0.33290340603731805
190	160	0.31466977995013085
190	90	0.2969396872571494
190	73	0.28788628317254805
190	74	0.25379038306623586
31	44	0.6597382460953009
31	153	0.5395283173963833
31	18	0.4870686131508512
31	164	0.4312734040894496
31	135	0.3818212502946809
31	134	0.3809154187314678
31	143	0.3773962759552686
31	47	0.3434864459774606
31	86	0.3415268770707674
31	19	0.33494694098564537
31	62	0.3197961324137453
31	33	0.3166595652481633
31	147	0.3085481492267063
31	30	0.3066106050327237
31	155	0.3060306577487896
31	34	0.2968758580529648
31	24	0.2850866130563689
31	22	0.2847190809153509
31	138	0.26706432206122743
31	168	0.2475207315717861
31	127	0.2466287252765129
31	37	0.24552017753855765
31	45	0.2393457593468825
44	122	0.2947954018723465
44	18	0.6104259420226025
44	143	0.4738395464644276
44	153	0.4698594878365362
44	62	0.4643555791609166
44	19	0.4623530588685683
44	33	0.4380215417983254
44	34	0.42139745548426
44	138	0.4002276739455852
44	45	0.3917960311405165
44	164	0.3792642432458117
44	86	0.3595421689694093
44	47	0.3576948172422789
44	155	0.3572848827793628
44	134	0.35656934834675585
44	49	0.3515489214945752
44	60	0.3317469782974954
44	22	0.32733454595621875
44	37	0.3258694833462663
44	127	0.2916603259888796
44	30	0.2881063771185461
44	40	0.2600853993970467
44	24	0.2560904948966455
44	72	0.25329445347175017
44	168	0.25270477904266936
122	18	0.24432636173606556
63	60	0.5838671043025258
63	68	0.5000928859967554
63	62	0.4286486777344317
63	91	0.3992866565772312
63	30	0.3803510406535197
63	86	0.3733585550892571
63	45	0.3499791554535524
63	67	0.34762521412052305
63	69	0.33810376895912275
63	78	0.3059853397935673
63	76	0.27041360116335433
63	134	0.2488720252182923
63	178	0.2461590802657406
68	86	0.6199660868210035
68	69	0.5553125066504523
68	91	0.5308730290156434
68	67	0.4822561462430392
68	30	0.4677997650388316
68	62	0.4593522523097701
68	84	0.4338664981833161
68	57	0.38673916732657626
68	134	0.3662108258169583
68	60	0.3504967821184913
68	72	0.31056445816642075
68	54	0.2922549204476507
68	147	0.2909373614989811
68	75	0.27730482055668176
68	135	0.2622564683157556
68	101	0.2610454681192527
60	45	0.5180201779072366
60	76	0.5033404139994712
60	91	0.4826090852672478
60	86	0.41385164532457375
60	185	0.378193537910916
60	62	0.3641221924886516
60	78	0.3550408941325028
60	159	0.3523724776573947
60	173	0.3084938603393508
62	33	0.454176747409393
62	34	0.34476473316290035
62	67	0.3241433483506249
62	30	0.31590359389751904
62	138	0.31465176017813595
62	41	0.3117837383462259
62	164	0.31041084660588597
62	45	0.3101306896731418
62	69	0.2778216773800332
62	86	0.27071944309981283
62	37	0.266441997445797
62	91	0.2650386308199181
62	22	0.2634294192479105
62	134	0.2593113773503994
62	143	0.24816834696956094
62	72	0.2395814236425311
88	90	0.6406055032293871
88	87	0.5384924947788421
88	73	0.4359746909204969
88	59	0.3674310992909972
88	78	0.5263984757123465
88	82	0.3647378978794201
88	76	0.358941216672247
88	85	0.35786921564721597
88	197	0.3512158399395096
88	185	0.3508125169878524
88	95	0.3433541366022669
88	91	0.3257354054315133
88	186	0.310338553202283
88	83	0.30194650731383976
88	55	0.2959819708426588
88	159	0.2736268345771601
88	94	0.2610547866475625
88	75	0.2589289060884527
88	50	0.24965983302046196
88	58	0.24424173245874284
90	85	0.437714398580688
90	78	0.4205417596292968
90	55	0.402517868558662
90	75	0.3861692297453183
90	59	0.3590283296654097
90	186	0.33635780718714425
90	73	0.3346095300485216
90	64	0.32834309534397016
90	87	0.3254940321686228
90	94	0.3008191386890965
90	91	0.28768450366875065
90	84	0.2557166895620151
90	69	0.2544825898667502
90	95	0.25005361309312546
90	58	0.2418235307158288
90	197	0.23964740458777786
87	191	0.5380805511813054
87	83	0.4843255050452057
87	89	0.41533396664604
87	50	0.40434305909955054
87	179	0.3894656625423207
87	82	0.37167915792494377
87	94	0.3167495350708566
87	58	0.3155704791566628
87	173	0.3108445316057541
87	78	0.2974593405352473
87	91	0.29134921750350384
73	185	0.3669725630140174
73	75	0.3633239034664841
73	59	0.3461385673100045
73	161	0.32907449472271844
73	78	0.32762915531306164
73	197	0.30091918124131223
73	58	0.2958907286750656
73	55	0.2847007021097982
73	76	0.282677758197185
73	85	0.28161010037382195
73	56	0.27937128205320305
73	74	0.2475582805394977
59	82	0.3662021668889382
59	75	0.3576337719046463
59	186	0.3455310925361694
59	58	0.31405698052843284
59	84	0.3110342281122859
59	86	0.27925142398156155
59	76	0.253603255482202
59	54	0.2531259942474366
59	159	0.2445144134701511
59	185	0.24065569461448424
197	95	0.4348806474755533
197	185	0.4334930141338324
197	85	0.3965765456117066
197	78	0.3876912392949707
197	74	0.3051149663393314
197	191	0.29856187987309724
197	83	0.2656800440403009
197	55	0.2614088546580635
78	185	0.3949910385410758
78	76	0.3804451233562964
78	95	0.3786733392472265
78	91	0.3262537673795369
78	74	0.3207922591872222
78	75	0.3200295229155277
78	85	0.2996363165957013
78	159	0.28908725870963664
78	58	0.2677606899353093
95	99	0.5011944388564482
95	85	0.43346865130280543
95	109	0.380949614348175
95	101	0.3544901850680903
95	185	0.24648784392498105
86	84	0.6028039959368334
86	76	0.5054429725783126
86	91	0.5023467069466571
86	82	0.4656018124798411
86	69	0.4187951384361847
86	49	0.4179124098365823
86	30	0.40405024033007897
86	147	0.3886255055438975
86	47	0.33034013062560985
86	45	0.3250111583794761
86	159	0.3100403049748039
86	188	0.3039718273501568
86	186	0.30242810919976404
86	75	0.2903514249885769
86	164	0.2786520031456179
86	72	0.2773509750185254
86	58	0.2694308307583169
86	67	0.26448068944675673
86	168	0.2412114456942712
69	91	0.4189600467478306
69	84	0.39949677813963946
69	67	0.32354361436239804
69	30	0.26798346862580386
69	147	0.2508690371704269
91	82	0.4450174480803161
91	76	0.3950247972908605
91	84	0.3507072808888297
91	58	0.3497860873813464
91	159	0.34640259631256354
91	188	0.3449761886091732
91	186	0.33871474955609554
91	75	0.31993976193276424
91	147	0.2746441691507314
91	54	0.2607379294005125
91	45	0.259936216296661
91	135	0.2551090928218357
91	64	0.2480369646597103
67	41	0.3678029880978935
67	72	0.36658309971315295
67	164	0.35192572225486657
67	30	0.32531520980288003
67	178	0.305196585534978
67	157	0.29934501889007675
67	134	0.2859132537961385
67	53	0.281066799674167
67	45	0.2459805848352485
67	150	0.2440442496776168
67	57	0.2428401079121053
18	47	0.4155656390529101
18	153	0.3898049362691196
18	164	0.3549884562577008
18	155	0.3548223882515508
18	143	0.35472623338096204
18	19	0.31991283251783664
18	45	0.3043076019878287
18	33	0.3035542724751843
18	24	0.2989534997178461
18	53	0.29141327429133884
18	22	0.28066150893844977
18	51	0.2801363243809275
18	49	0.2800073060122213
18	127	0.2785874371720427
164	45	0.4809504477269346
164	157	0.4624002313388289
164	153	0.455675596402845
164	47	0.4477639659827184
164	155	0.4154249872338157
164	49	0.38547980685257177
164	173	0.37364251921068864
164	53	0.3429130069387412
164	147	0.33664157293064906
164	150	0.3248412180154269
164	51	0.3041987103859616
164	19	0.2929224264741533
164	168	0.2903422680014896
164	179	0.2893896512745344
164	178	0.2889497884660055
164	127	0.27993357668811225
164	94	0.27714788581379995
164	89	0.2686145192381376
164	188	0.24464603874171725
19	143	0.3972084028410184
19	53	0.3956913139261549
19	49	0.39450986047310416
19	20	0.3930312076846461
19	127	0.3720496961614628
19	22	0.35592326284584985
19	51	0.3078784458892022
19	153	0.2937906712304787
19	34	0.2936992998422273
19	155	0.2851876697054087
19	33	0.2672964757183717
19	157	0.2642853681086653
19	24	0.26247994741610164
19	47	0.25421135065959183
20	49	0.4138102081263825
20	53	0.3675348940404816
20	157	0.3055048842469359
20	188	0.3010010293125949
20	150	0.2964837061846435
20	127	0.2811036393181362
20	22	0.2471170332298723
151	58	0.3783306447569395
151	186	0.3151652347638834
151	82	0.3093260689268986
151	84	0.26260098684130145
22	34	0.5428587917463311
22	143	0.35891508155473645
22	37	0.35718892078193604
22	127	0.3435746446538046
22	30	0.2973317227098231
22	51	0.2768801394774369
22	53	0.2711827358415924
22	150	0.26744503777853645
22	49	0.2636434454130024
22	134	0.2468071600246652
22	138	0.2461121094023044
185	74	0.4484273104698699
185	76	0.398647629456395
185	186	0.34997038027693395
185	75	0.3334101397608925
185	159	0.2852244160059274
185	188	0.2739690974016907
185	173	0.27243299826222506
55	85	0.6250679196200329
55	54	0.4027692320072844
55	83	0.3849773635007096
55	75	0.3252615585548741
55	161	0.3076702326504809
55	58	0.28612443823551553
55	186	0.2737100940785382
85	83	0.3449497585927705
85	74	0.2594139777604391
54	58	0.44809170384379504
54	161	0.29364447443288577
54	150	0.2508315542052666
134	30	0.5259862964362586
134	100	0.32276446725159724
134	34	0.3973010435962177
134	101	0.304189635726911
134	178	0.2779970029951244
134	72	0.26070996870984336
134	159	0.26009472292864744
134	99	0.2555764928392684
134	104	0.25231155840717
45	173	0.44679603804593626
45	76	0.3473702329766402
45	72	0.2856102015220107
45	49	0.2662561858142707
45	179	0.26415514183696176
45	33	0.2569779754935861
45	178	0.2395625715373724
84	186	0.5474410922860875
84	147	0.5323150177850946
84	82	0.4630682267510543
84	75	0.4088086671272782
84	188	0.3627508889552002
84	76	0.34968954220078
84	94	0.3427718134860671
84	49	0.33110606568273115
84	58	0.2967117136327618
84	64	0.25930204975011645
101	99	0.4714864827571999
101	109	0.3623339787342035
101	100	0.31208162868304873
101	41	0.2513843516158287
33	34	0.4265731212090661
33	138	0.4260085107069208
33	37	0.3806845710652312
33	143	0.3561415730736209
33	127	0.3085933884307254
33	51	0.3077245519893456
33	155	0.2999730599359145
33	40	0.2964745851834818
30	57	0.427962772263975
30	34	0.3562376172604397
30	159	0.2882255819662069
30	135	0.2539213610734508
30	100	0.2397228086717035
30	99	0.2391666356178403
100	99	0.2757810063536346
100	104	0.2399018817784966
34	37	0.6003153111812206
34	143	0.4471561336066323
34	138	0.4248291239063404
34	127	0.3410321012344566
34	49	0.27696323777142123
34	24	0.2542207044017052
37	138	0.4575988971568018
37	127	0.3917198438259338
37	143	0.3504353799717031
37	40	0.3489608255677287
37	24	0.3106186701392165
37	130	0.2801363243809275
138	143	0.4037657084957716
138	127	0.3853606036757008
138	40	0.3781592586064504
138	130	0.2817021673559526
138	155	0.25672578817550595
138	24	0.24295302806281696
173	179	0.5603957967803286
173	191	0.4715564728317593
173	50	0.4358936947826527
173	89	0.3646511980908543
173	168	0.35864498572262155
173	47	0.3583835454689291
173	155	0.3394227754047581
173	83	0.3027460635649308
173	76	0.3022554772068101
173	94	0.2706267694929542
173	51	0.2650293332500345
173	188	0.2401092091919059
179	89	0.5425624963886725
179	168	0.4891253665952388
179	191	0.5107618670884025
179	50	0.43128968401404416
179	51	0.3549622364825994
179	82	0.33963510822682713
179	47	0.3337300829093803
179	155	0.28225446027375445
179	83	0.2571460809334994
179	76	0.253603255482202
179	153	0.2462905925316784
179	94	0.2417011290891721
104	143	0.2903788956307846
104	150	0.29007669225110416
104	135	0.2842779318379403
104	127	0.2746903970448994
104	24	0.2674636071422437
147	186	0.5494268750172495
147	188	0.4596125813557564
147	58	0.3372000580552619
147	75	0.33219187643480946
147	135	0.3272006115667669
147	157	0.3127945107726571
147	82	0.29254756092913503
147	150	0.2899759449304337
147	153	0.27479209394205634
147	49	0.26623760356245
147	47	0.24230364736521195
135	159	0.32319439569844444
135	188	0.3078603415604749
135	153	0.27117347121723084
135	186	0.25296687977277155
135	168	0.25218046633453106
135	76	0.24935037644689986
47	153	0.544556351001192
47	49	0.5363589770303058
47	155	0.4366952453438391
47	89	0.4063487249610449
47	157	0.3938003614655293
47	168	0.3847643949007259
47	53	0.3771732853465461
47	51	0.3414738744211869
47	82	0.30631159811043795
47	150	0.2934799866144189
47	24	0.2767231647341853
155	51	0.499815369030254
155	157	0.4778157742774518
155	53	0.3890499081499123
155	143	0.3548660925297913
155	40	0.3468161314181814
155	153	0.3430012449796171
155	49	0.3249843270854623
155	130	0.31098906452450525
155	168	0.30184653287994123
155	89	0.29024153763438953
155	178	0.25962848696719143
155	150	0.2527328630385917
155	192	0.2486374949524069
155	127	0.2420494827289653
74	75	0.3046523729186775
53	157	0.5833791601582963
53	51	0.5273159507619526
53	49	0.5151095366198548
53	150	0.4387728030778128
53	127	0.2996272143876504
53	94	0.2966661148483655
53	40	0.24609332073323234
53	89	0.24539801006043566
53	24	0.24417590711511086
53	153	0.2405520625395093
53	143	0.2398830327463184
157	150	0.5164820312070643
157	49	0.4407812259200448
157	51	0.4198912593937944
157	153	0.29631039791567043
157	40	0.26325259546092256
157	94	0.2493691328411544
157	41	0.24570811227618214
157	127	0.24354575077249796
157	130	0.24015632600459064
157	143	0.2389874956086991
51	49	0.4262213014876376
51	89	0.404744504365816
51	40	0.3884556983045885
51	143	0.33465393112875336
51	130	0.3254672102976694
51	192	0.3075434797276632
51	168	0.28136149362424745
51	153	0.2696255752124823
51	127	0.2546135186068266
51	150	0.24596179487177397
49	150	0.4076252977943037
49	127	0.3069095514531957
49	153	0.2933246210499117
49	24	0.2612877340392937
150	94	0.384014419561002
150	64	0.3037721417514442
150	153	0.24685411375648825
83	191	0.5545858738128169
83	50	0.3585927021711573
83	161	0.2856469381748081
83	89	0.2441570994607381
94	64	0.35147004179706
94	82	0.39568287960894055
94	50	0.3232749924383026
94	89	0.3191047098584703
94	186	0.2655127415007417
94	58	0.2592180991709433
94	188	0.2554456328659776
94	191	0.2414374686945231
186	75	0.5690995128707927
186	188	0.5333390338275845
186	82	0.4050287670778835
186	76	0.3623861004462842
186	159	0.3541229089898149
186	64	0.2700428104826701
186	58	0.26863307606324355
191	50	0.4533349955912686
191	89	0.4224002969261259
75	188	0.4382881884981804
75	76	0.3741758381806133
75	159	0.3523199265281841
75	82	0.3231227502155567
75	58	0.27148844024776336
188	76	0.463303864354311
188	82	0.4292443612582673
188	159	0.37009226198353934
188	168	0.3490486451370989
188	58	0.2611852409346816
109	143	0.2481964991341051
5	168	0.2498098542213431
5	56	0.2392609132947593
76	82	0.4501592635053771
76	159	0.3467105607965383
76	168	0.2989534997178461
89	192	0.34937352423082024
89	50	0.4131884444401051
89	168	0.3956407070216879
89	82	0.3772762095251605
89	153	0.2477272416902737
168	82	0.50913397139396
168	153	0.39581782067417537
168	159	0.3651799684043408
168	130	0.2428401079121053
143	127	0.4914422100151391
143	40	0.3842616265724805
143	130	0.3556787092637241
143	24	0.2678906476526103
40	130	0.3784505996318443
40	24	0.3237495225279138
40	41	0.28827142760616936
153	82	0.3137955599447185
153	130	0.2659495533609213
153	159	0.24898458938187104
153	24	0.23919491939450802
56	161	0.5469366716116726
56	57	0.26387605311020546
161	58	0.37506988208727415
50	162	0.2903972091263646
82	159	0.4995227400107189
82	58	0.30998607146543705
82	64	0.270895509128234
159	58	0.268707301369571
127	129	0.33220077289082817
127	130	0.325610254222675
127	24	0.2438091247362429
72	178	0.3159936115454654
