160	170	0.8756487901066974
160	85	0.7858551500161038
160	66	0.6809428781924456
160	87	0.6519254083203707
160	193	0.6426821733517878
160	55	0.6069132322250479
160	67	0.6032430861006021
160	65	0.5783900322591664
160	10	0.5766705705899163
160	191	0.5127473733418226
160	63	0.4772908531853874
160	88	0.4636728982477272
160	190	0.4587208239994233
160	6	0.4368732736350557
160	74	0.4230491268904655
160	54	0.4089585736799643
160	69	0.4009916297027308
160	171	0.4007985945889088
160	9	0.3954213826734373
160	110	0.3946111791124723
160	111	0.39417206239725533
160	12	0.3646858787651311
160	41	0.3640701464499107
160	64	0.3626987831136226
160	8	0.35592326284584985
160	7	0.3512509053442209
160	3	0.3470536331868269
160	57	0.3281824915076225
160	49	0.3255297938483961
160	105	0.3214738830427465
160	95	0.32144698314705056
160	100	0.3009464644243939
160	107	0.2990718766012363
160	32	0.2736730903620503
160	13	0.27179408988200315
160	93	0.2655871001598575
160	81	0.26382023006073474
160	61	0.25982432082730106
160	19	0.2540523297687249
160	36	0.2478117166158743
160	112	0.2355240855908573
160	103	0.2352123670007997
160	58	0.2222863291119253
160	101	0.21146076974857173
160	196	0.2031730376078521
160	30	0.2012836039925361
160	17	0.20054468623362004
160	92	0.197586740497334
160	197	0.19395161598227748
160	37	0.1903593461173245
160	126	0.18909650197498776
160	185	0.18141939460640424
170	66	0.7607276505913719
170	85	0.7389988410106174
170	87	0.6682420362892675
170	193	0.6582050484985827
170	10	0.6055153991315545
170	67	0.5894873247656706
170	191	0.5731021220926773
170	65	0.5637204646309549
170	88	0.5556996978943557
170	12	0.5137638378360226
170	171	0.4942359391311508
170	9	0.4867558173955562
170	55	0.4744519432030953
170	49	0.4512350405465903
170	111	0.43552102160788
170	8	0.4167975600920687
170	7	0.404744504365816
170	6	0.4013104792730053
170	41	0.3943578645266456
170	190	0.38478143389681196
170	105	0.37090322943443343
170	110	0.36615887129757896
170	13	0.3562638098233099
170	63	0.3486709775072637
170	69	0.34499380831618914
170	112	0.309380326962813
170	64	0.30361782096100776
170	54	0.2967117136327618
170	74	0.2899851040433877
170	3	0.2791684402183871
170	40	0.27691707256391024
170	95	0.2678442353009321
170	100	0.2565015923174399
170	58	0.2526392480629516
170	118	0.2521523739716371
170	93	0.24985673338759684
170	92	0.24596179487177397
170	103	0.2451818485059243
170	174	0.24462723568340336
170	19	0.2372801371173576
170	57	0.23337886287479595
170	17	0.2306254959142409
170	107	0.2255633343331969
170	32	0.22046042160423898
170	175	0.21981337460545355
170	36	0.21604144997072133
170	81	0.2069090691242694
170	183	0.19771166202025886
170	50	0.1837973625701997
170	90	0.18166115538715907
85	65	0.8727488606000399
85	10	0.8363191665613459
85	67	0.7830860215838422
85	64	0.7669588218808662
85	66	0.7494284708024821
85	55	0.6956904907416381
85	87	0.6571268457900853
85	54	0.6233466921191874
85	49	0.6076454377508899
85	171	0.5747719051752856
85	190	0.5682131278345116
85	9	0.5439299696288983
85	7	0.5151536149874076
85	88	0.4829695350625084
85	193	0.480481411312547
85	12	0.4781321060441195
85	169	0.4769201154260807
85	6	0.4754586856494489
85	81	0.4637670938993702
85	61	0.4486110414947897
85	63	0.43031239163764456
85	191	0.4231969009345698
85	110	0.4138599325584333
85	8	0.4021993877012953
85	111	0.39178756614865134
85	69	0.3827519542416949
85	57	0.36904752627027504
85	36	0.3658211112863336
85	41	0.36407882094761385
85	74	0.35727615927306994
85	101	0.3501107757315243
85	3	0.3466049813899417
85	103	0.34586567972851345
85	97	0.34329238756266106
85	95	0.3225315337036944
85	30	0.2842963154545661
85	60	0.28061544683622514
85	112	0.2766954617755092
85	32	0.2760581668655987
85	174	0.2732289825977789
85	79	0.27216450078113275
85	17	0.2693102636224439
85	13	0.2595911828578528
85	105	0.2534816123719606
85	164	0.25043793767801004
85	93	0.24957544082734925
85	70	0.2481964991341051
85	31	0.2438843678373417
85	99	0.23431472530594444
85	165	0.2257626403377433
85	175	0.2245190423445884
85	107	0.22263801802241015
85	58	0.221715899828464
85	118	0.22117385141007365
85	134	0.21122193604184328
85	100	0.21119327430142013
85	86	0.20801914101204613
85	104	0.20471607188888108
85	168	0.1985667213232144
85	146	0.19504848934165087
85	197	0.18532354337419293
85	196	0.1820769325499807
66	10	0.6557781510594722
66	67	0.6425588951945268
66	7	0.5717507437573344
66	49	0.5456879259240539
66	65	0.5400314501075119
66	12	0.5334749744507344
66	111	0.5279581739102545
66	55	0.5080071106519618
66	112	0.4514500388206914
66	64	0.41875390704124255
66	6	0.4068995984132764
66	54	0.3970230970442669
66	88	0.3935975611962722
66	9	0.38950807754121103
66	105	0.38322128091257424
66	171	0.3740382311527721
66	110	0.3714636742558448
66	95	0.3644257490502961
66	87	0.36431300850626297
66	8	0.36290719287028417
66	193	0.3570144251037039
66	13	0.3568311778207374
66	70	0.3410851219758421
66	41	0.3271202446219526
66	36	0.3144715499858846
66	74	0.3051421732360058
66	139	0.2930504087281647
66	69	0.29155967999232985
66	81	0.2905986435354019
66	17	0.2890964229687121
66	164	0.2883906200846491
66	169	0.2692824392381933
66	11	0.2630478300295029
66	107	0.2550436472986871
66	63	0.2493972670817392
66	96	0.24731419896123816
66	197	0.24227540849167475
66	175	0.2292995320261382
66	185	0.2262940305890059
66	61	0.22568671646822525
66	30	0.22156375970309847
66	103	0.21959447666399434
66	32	0.21908997551394555
66	113	0.21617491158606086
66	58	0.2152500475863348
66	190	0.2150211555860828
66	173	0.2108684158709442
66	97	0.19554865573222466
66	101	0.1950677283883335
66	191	0.19197794933574336
66	174	0.18942432334019865
66	38	0.18627936632922226
66	158	0.18622144768208804
65	64	0.7755873492083547
65	87	0.6768620021478498
65	49	0.6741980848893875
65	67	0.7782037821614253
65	10	0.7432849948083194
65	55	0.7150246384230767
65	169	0.6857613893530043
65	54	0.6614291307387601
65	171	0.6233589207447606
65	190	0.5836297787151761
65	9	0.5650833646999476
65	81	0.5472029431634129
65	88	0.5204961312027431
65	61	0.5190656695132274
65	12	0.5131158239156519
65	191	0.4777154480749888
65	86	0.4670807855008542
65	6	0.4603300492888827
65	7	0.4546290526520938
65	36	0.4490662114908177
65	110	0.4439421818264799
65	63	0.4407087089714917
65	146	0.4361528575640229
65	31	0.4330300120104921
65	60	0.4192156000175564
65	101	0.4153587912676017
65	79	0.4096744891939617
65	97	0.4092499954650161
65	174	0.3839291629947542
65	3	0.3800345228826807
65	103	0.3674137992761227
65	8	0.3561590362128302
65	193	0.3509703545233252
65	41	0.3499177279274156
65	70	0.3431335906913043
65	93	0.34263060454546024
65	111	0.3231854402156753
65	165	0.3165695897273286
65	69	0.31448056103398964
65	57	0.313552125592136
65	183	0.30956117253304705
65	17	0.30277331366205673
65	75	0.29697615989680826
65	172	0.2967117136327618
65	74	0.29198052027900057
65	196	0.2894079762410656
65	164	0.2873817865243238
65	32	0.28315613634430953
65	112	0.2806062342606636
65	16	0.2745239706844277
65	134	0.272729222111412
65	175	0.2705062863051437
65	180	0.2681134096303452
65	30	0.26762143871151434
65	50	0.25821972024276124
65	83	0.2559036017951433
65	13	0.2530791972936475
65	152	0.2502973402715201
65	95	0.2498473576480434
65	99	0.2493034846428261
65	194	0.24707008599124394
65	100	0.23800665180052405
65	94	0.2270339568241959
65	92	0.22266653080134868
65	91	0.2206506926527562
65	189	0.22040333701706366
65	40	0.21952785116135431
65	166	0.218032999365432
65	82	0.2175471899653808
65	59	0.21281686540328826
65	145	0.20966412305053664
65	62	0.1973080462867312
65	71	0.1970293201809104
65	158	0.19130365770461225
65	38	0.1858739086321084
65	113	0.18406788982917832
65	154	0.18299527901559087
65	11	0.1808003871368579
65	104	0.17926192132671467
64	54	0.7228890802102775
64	169	0.7262614774538089
64	10	0.6746396637696779
64	55	0.5893176475432008
64	190	0.5735250483306931
64	67	0.5680235001941912
64	171	0.4681434061714742
64	49	0.4669947791729121
64	61	0.4446805621558972
64	87	0.4041590112585342
64	174	0.3912626071471553
64	81	0.3754393311906611
64	134	0.3705668327811388
64	164	0.3478801438596223
64	88	0.3403780004241288
64	9	0.3371557425020961
64	165	0.3251900203000531
64	7	0.3184309195894601
64	12	0.3091180611337441
64	36	0.30899143321115513
64	97	0.2999457592053388
64	168	0.291431575750742
64	57	0.2885281387622903
64	111	0.2741540754503043
64	101	0.2709140413402883
64	74	0.2701633262456831
64	104	0.2667578317671865
64	166	0.26002013331796897
64	172	0.2575102559913157
64	153	0.2553988948926335
64	32	0.2542674723988692
64	8	0.24995986343013585
64	31	0.24744563140584305
64	86	0.2401186326449556
64	60	0.23326539558087284
64	146	0.2311177790106224
64	63	0.2254779116928897
64	79	0.22245742824595788
64	30	0.22135454941863705
64	6	0.2202035290744533
64	112	0.21889004640601506
64	110	0.21411489312887808
64	56	0.2132846239889451
64	70	0.2119383613842537
64	59	0.20863136536531374
64	58	0.20794260149551685
64	100	0.2050130613441002
64	62	0.1983938123186735
64	103	0.19557750838465035
64	193	0.19513506386946888
64	69	0.19235354753725512
64	183	0.19157339606397494
64	41	0.18540079464345152
64	113	0.1806939807868718
87	191	0.7943827612386132
87	88	0.7372692455841267
87	171	0.664511698981433
87	193	0.6161096113592368
87	67	0.6037834919859686
87	190	0.5961286513290904
87	49	0.5898917298212702
87	10	0.5753943349325912
87	81	0.5645862627509132
87	55	0.5450345255590519
87	83	0.5053387313664693
87	9	0.4907516804480196
87	7	0.4787952283416716
87	91	0.4779469512754483
87	86	0.4717508585349831
87	16	0.4613224744109879
87	118	0.4414980281333323
87	60	0.4260085107069208
87	93	0.41372732858585387
87	63	0.4096911323938517
87	90	0.3989755996757284
87	17	0.3988242414827271
87	125	0.3839888432785927
87	54	0.3718773675360807
87	61	0.3667821747959346
87	146	0.3634020205286169
87	169	0.36274220480577296
87	94	0.3619169234696822
87	180	0.3547087498709401
87	97	0.3447118638325889
87	95	0.3428159381039905
87	183	0.3383163163098471
87	3	0.3322541503856309
87	103	0.3223433665455426
87	12	0.3212766050942388
87	47	0.30934415516266706
87	31	0.3068189680206829
87	82	0.3034362466938331
87	154	0.29950888071982684
87	92	0.2965840336275555
87	197	0.28842729289559565
87	194	0.28817973500483673
87	174	0.2880880371185619
87	48	0.28575714309592065
87	41	0.2854540613841544
87	52	0.28040354452012795
87	79	0.2802653326300659
87	89	0.27222931440014525
87	192	0.2642667649454527
87	77	0.2584530358202492
87	71	0.2560904948966455
87	69	0.2523771009708873
87	172	0.25210555242235283
87	40	0.2512719315161583
87	57	0.2505597802196225
87	6	0.2472578679841992
87	165	0.24418531087341264
87	106	0.2408912016497129
87	179	0.232338508481008
87	74	0.2288162904768817
87	42	0.22109776349374716
87	19	0.21296006717812127
87	14	0.2126736544854375
87	145	0.20840180036623854
87	152	0.2062006411927954
87	147	0.1977500981202158
87	100	0.19576023398567885
87	76	0.19424993669509208
87	153	0.19421144571755405
87	36	0.18945324672859803
87	8	0.1890868595316252
87	96	0.1867330175769705
87	101	0.1842321249204558
87	32	0.18127432760930806
49	17	0.57574206996402
49	10	0.6669615865525566
49	67	0.6107458063019546
49	171	0.5926494135876809
49	81	0.5322648510653331
49	88	0.5313396809111264
49	86	0.5303054337667447
49	7	0.5284989048213401
49	169	0.5198542436363256
49	146	0.4900301396238492
49	60	0.4736534110401938
49	164	0.4612752422092118
49	9	0.4420453177963928
49	191	0.43343616654244416
49	183	0.42509952765875497
49	12	0.4143736070601097
49	47	0.3923291918672065
49	48	0.3774820299237494
49	165	0.3580610250601193
49	182	0.3530116716777571
49	6	0.34310712263868176
49	61	0.3420126334431467
49	55	0.33090126527203945
49	190	0.3284501540226277
49	111	0.326584344096579
49	8	0.326530742486345
49	174	0.32056796812257426
49	97	0.30775171090661657
49	79	0.2995270864993759
49	40	0.295708228142119
49	54	0.29473148385648684
49	71	0.29354395616497153
49	112	0.2926024249215252
49	154	0.2868404218877449
49	16	0.2793067441731329
49	172	0.2712475868050989
49	103	0.2641644440329996
49	70	0.2633456628176883
49	74	0.2629454384248852
49	173	0.261362270778695
49	36	0.2579023627168133
49	195	0.25429553262639115
49	110	0.24548258837572495
49	118	0.2439596080023991
49	180	0.2368554276357813
49	31	0.2265786485617788
49	193	0.2255728255236099
49	63	0.22448105835549845
49	145	0.2244525699160204
49	155	0.22358823846340545
49	11	0.22260950486258735
49	179	0.22183950573283565
49	105	0.22183950573283565
49	168	0.22017498357371376
49	153	0.2182234833787696
49	93	0.21594611530222568
49	77	0.2105626242036243
49	108	0.21034281098438087
49	50	0.20711964103580496
49	192	0.2025881455542368
49	96	0.19899893973888486
49	166	0.19818246232041486
49	167	0.19357625832827435
49	92	0.1930564387960577
49	57	0.19261354405834127
49	101	0.19091826707029166
49	41	0.18951109251902246
49	42	0.18551666725039198
49	152	0.17892314727805078
10	9	0.6935480313308389
10	7	0.6374698761565406
10	67	0.7312878266929302
10	12	0.6741053465810063
10	8	0.6619744168795061
10	111	0.5880630364613552
10	55	0.5838275569648791
10	171	0.5642932574241329
10	54	0.5190583637669984
10	88	0.5106288128404899
10	164	0.4968011035827566
10	57	0.4848764215772167
10	74	0.4755205984174189
10	110	0.4664785556609271
10	6	0.4659698429431272
10	112	0.4631546348092059
10	63	0.4627460828023847
10	190	0.4594784823125748
10	183	0.451187256036634
10	13	0.4454584178132751
10	81	0.4297662973407385
10	169	0.42535347420671854
10	61	0.41994891609215207
10	70	0.40598131177965097
10	11	0.395007918049318
10	191	0.3931073023750384
10	32	0.3802997194972255
10	105	0.3656565266149279
10	118	0.3615866519304604
10	17	0.34807350452712044
10	36	0.3462089804074169
10	193	0.3433894204351292
10	58	0.3426482565098724
10	165	0.3336501043265245
10	172	0.32396435053087697
10	41	0.31558848734845696
10	153	0.31358819254234344
10	101	0.31098906452450525
10	166	0.3109077665271167
10	97	0.30520565405774264
10	182	0.2915962792835953
10	108	0.2877303648903517
10	95	0.2844249949167945
10	69	0.2842227797338467
10	181	0.278126178440112
10	100	0.2767970370418615
10	60	0.27639993494003906
10	168	0.2740153438148312
10	197	0.2728865700057626
10	103	0.27245151376656696
10	4	0.2710066993879633
10	107	0.26176285233260466
10	174	0.250147358067744
10	30	0.2481401943858252
10	71	0.2472203130709205
10	134	0.2326790467573325
10	86	0.2313449467029966
10	104	0.22336022424036267
10	185	0.2145823799026268
10	3	0.21246359527886213
10	176	0.19640447360485425
10	99	0.19601025751643747
10	199	0.1940863459109371
67	171	0.6392237128855801
67	55	0.567508492495173
67	81	0.5608209420726691
67	12	0.553095364693122
67	7	0.5326374288572452
67	190	0.5280591428698846
67	61	0.5108209944574862
67	9	0.5062986813240117
67	69	0.5061648100291105
67	88	0.48967291825975
67	41	0.4831228683350443
67	54	0.4806813621086344
67	169	0.4789339523077833
67	63	0.4623294716519381
67	79	0.4620306436119938
67	95	0.4569978297667345
67	97	0.4541132472237348
67	146	0.43752036073518935
67	191	0.4350914521291759
67	13	0.4126741620669546
67	17	0.40347272646567606
67	3	0.4021826228533907
67	111	0.3991353430738637
67	110	0.3981092009150025
67	174	0.3978651351154382
67	193	0.3946956039824229
67	11	0.3882009379721641
67	8	0.3778506982061435
67	32	0.3762808856900695
67	60	0.3759460556198097
67	6	0.36852912919057457
67	165	0.36422627774365424
67	36	0.3513210331975932
67	42	0.3415268770707674
67	112	0.3385022669307114
67	103	0.3373950287349954
67	92	0.3360296268918472
67	62	0.3305093863259413
67	101	0.32852152178692096
67	70	0.3284858383736403
67	164	0.3223792098735309
67	118	0.3221910220905945
67	30	0.3128937449132118
67	71	0.31060059970612336
67	96	0.3090366587271127
67	172	0.3075344255297371
67	16	0.30020054691201226
67	197	0.2944757854230244
67	50	0.2893255122212752
67	183	0.2844158038664305
67	93	0.27503244398393245
67	86	0.26228440474229675
67	31	0.2570433516798704
67	40	0.2492003185590993
67	37	0.24361159763252935
67	166	0.22921426231144584
67	105	0.2272236393252828
67	196	0.22482288968785227
67	180	0.21802347472855355
67	158	0.21138434570845133
67	91	0.2111072869011758
67	57	0.20325932089439086
67	94	0.2001607427234353
67	145	0.1971254362315209
67	173	0.19144816399342351
67	68	0.1898485000664137
67	149	0.1863276308795315
67	175	0.18462817897715286
67	19	0.18429008779111766
51	155	0.8622371392046546
51	195	0.6495211643467393
51	145	0.6159110413539572
51	89	0.5621630056926686
51	50	0.5563905116248633
51	92	0.5542257040333878
51	144	0.550661363498786
51	179	0.5504592673331544
51	91	0.5250453135982946
51	189	0.513277882292274
51	93	0.5038927280136515
51	196	0.503564374702501
51	157	0.5013142379101203
51	125	0.4939487074822397
51	175	0.4673856458121125
51	60	0.4606294734709442
51	154	0.4542719890360054
51	53	0.4540497424241049
51	47	0.4502948037599439
51	194	0.4292525187160349
51	21	0.42441107805768336
51	40	0.4153753406716111
51	142	0.41147037754084403
51	80	0.4068495312279888
51	166	0.4027776097429988
51	81	0.3912117911399369
51	180	0.3801029667025669
51	78	0.3732638848287567
51	156	0.36996280003993776
51	69	0.3634714536276165
51	61	0.3543590275886646
51	90	0.35131226743148114
51	183	0.3467369542756143
51	122	0.33724437211413216
51	82	0.3270845244607577
51	184	0.32600354815408994
51	68	0.3188531991811745
51	83	0.3174780804736717
51	165	0.3154083952025261
51	192	0.3152823171799074
51	146	0.3106457753678794
51	130	0.3099047174187861
51	86	0.29473148385648684
51	48	0.2850498636123953
51	199	0.28379068986166844
51	45	0.2833400904448005
51	172	0.2805233187541763
51	42	0.2771848129663845
51	79	0.26706432206122743
51	182	0.26434117641829125
51	37	0.2599921614138716
51	94	0.25670710624219195
51	77	0.25112202750414103
51	38	0.2483841695153401
51	97	0.24491866240370916
51	46	0.2432447079715813
51	98	0.24022228764134124
51	176	0.2352407070550856
51	114	0.23166672441575306
51	169	0.23026567588312344
51	173	0.2280295974734213
51	147	0.2253924855855469
51	152	0.22499378461049935
51	135	0.2242816312237989
51	164	0.21591751409868615
51	186	0.21584124241120894
51	187	0.2152500475863348
51	105	0.2062485147639561
51	178	0.19861474940919452
51	36	0.1955678908714588
51	33	0.1935377569008879
51	134	0.19053281756898907
51	43	0.1891832823240307
51	31	0.18847931215757396
51	148	0.18312092268051894
51	174	0.18288896047581835
51	75	0.1809938423829241
155	179	0.7215160072231196
155	195	0.7069099329024785
155	89	0.6754452535865039
155	154	0.6043550821719174
155	50	0.5822830495471663
155	189	0.5567356303849885
155	145	0.5433664123700659
155	156	0.5271715479570831
155	47	0.5108062130682429
155	183	0.4996277994474014
155	144	0.4885622031414048
155	194	0.4797580954815848
155	53	0.4777849060040602
155	60	0.4756598849227529
155	192	0.4756211966189676
155	166	0.4722560467867477
155	122	0.4709030011664076
155	93	0.4706383536810976
155	80	0.4631467798949833
155	125	0.4618103873718912
155	182	0.4551366248499403
155	157	0.4529058673958554
155	175	0.4499120484569727
155	91	0.4353184191927639
155	77	0.4347508978369712
155	92	0.43430474578995015
155	165	0.4304101663378076
155	142	0.42097792902496706
155	146	0.4148042273808564
155	78	0.4101487134877291
155	180	0.40332201776545096
155	82	0.4014782557845191
155	83	0.39053401649420394
155	75	0.3899745334672254
155	184	0.3890838532283997
155	21	0.3847132763390461
155	40	0.3734015844554192
155	81	0.3587234068308089
155	199	0.3578517769299129
155	164	0.3546737821067133
155	43	0.3522761322232717
155	172	0.3430541848988026
155	45	0.34160637697223245
155	86	0.3413413582955984
155	196	0.3409525660539733
155	90	0.3357900924609284
155	98	0.3255744946384528
155	176	0.322522573940699
155	46	0.3183500431144067
155	169	0.3063206598147292
155	79	0.3048156576105031
155	152	0.2989352870728538
155	52	0.27730482055668176
155	178	0.2737655981340143
155	148	0.2713309629966693
155	186	0.2700798931573143
155	171	0.26716647349117223
155	167	0.2670086005695481
155	61	0.2588449381079798
155	174	0.2564361966580407
155	140	0.2555764928392684
155	147	0.2552119310641578
155	114	0.2489658291549684
155	137	0.2461027150908881
155	14	0.24547319096966824
155	134	0.2431788486094499
155	44	0.2385442899194804
155	42	0.23251824411985886
155	97	0.2321587569728429
155	173	0.2317613552760353
155	117	0.2287120471119449
155	31	0.22512669331468665
155	48	0.21595564895439065
155	135	0.21317007989753528
155	94	0.20963544164147616
155	120	0.2059325309573813
155	17	0.20060227245036372
155	16	0.19179494521399776
155	38	0.1916793567903607
155	69	0.19084118187587445
155	115	0.184087212138282
155	84	0.18154511295111286
179	89	0.8601965596794303
179	47	0.7179348240273494
179	192	0.6966696233423348
179	182	0.61628949780813
179	78	0.6123108872749801
179	183	0.6033066920413129
179	195	0.5727796875195567
179	154	0.5536365178258235
179	43	0.5292552082055956
179	80	0.5187733805096479
179	177	0.5095931116130085
179	176	0.5078809718678395
179	172	0.5037658814888052
179	86	0.49950022536236205
179	60	0.4969969073392132
179	83	0.4871830194163505
179	156	0.4736611675279169
179	178	0.4629660967872625
179	189	0.4620385088524974
179	77	0.4580336194894408
179	142	0.4498641924162503
179	91	0.43773056656125214
179	166	0.4367761715358303
179	180	0.436314797572712
179	146	0.42325436253905857
179	71	0.4200806901021509
179	81	0.4188363681044122
179	157	0.4161941923676964
179	194	0.4122094226952752
179	50	0.4072917067734003
179	175	0.3914489120933292
179	122	0.3830847699115349
179	46	0.3830335739713095
179	75	0.3727043109959229
179	184	0.3713860903358058
179	145	0.3699714312832709
179	82	0.3688661133895429
179	14	0.3625424519824199
179	164	0.3478537742022605
179	165	0.34701845054740743
179	174	0.3410409381753787
179	118	0.3401481029514031
179	171	0.335834453966774
179	93	0.33158677882337084
179	186	0.32627163843250995
179	15	0.32220894583400045
179	98	0.31862859812281924
179	16	0.3179905360539255
179	152	0.3166595652481633
179	191	0.31548043478816
179	173	0.3126050448152745
179	199	0.31243360179815505
179	97	0.3113142109969686
179	169	0.3080775787878321
179	11	0.3064837609975473
179	53	0.3063750288746043
179	48	0.2988442205814443
179	44	0.2979879296860048
179	125	0.2976325191543182
179	92	0.2849855500689529
179	148	0.2779324115016503
179	96	0.27127537932133056
179	79	0.26776997295258204
179	117	0.2668692890299027
179	198	0.2660053087212717
179	137	0.264071419861291
179	140	0.2608684068393057
179	70	0.2550529968022212
179	17	0.25388393973569195
179	94	0.25241455282474395
179	167	0.2482058830957924
179	40	0.24247307198363086
179	52	0.2367138376804309
179	42	0.2271003476597507
179	100	0.22425314009960956
179	114	0.2240631894769064
179	144	0.22251445824624166
179	115	0.22069825779154406
179	181	0.21578403691695489
179	88	0.21494485300149996
179	90	0.19827853278730934
179	108	0.1958371670151437
179	61	0.1946059498672724
179	68	0.19303718413748674
179	120	0.18913507138375124
195	50	0.7961103915733028
195	144	0.6534293184800478
195	174	0.5876834815648513
195	145	0.5908493795025436
195	183	0.5842360791764
195	89	0.5422943032509423
195	175	0.5323436828036002
195	166	0.5146391978416567
195	92	0.4954290611595567
195	173	0.4727919842790153
195	93	0.43823971301563536
195	194	0.426614022105284
195	182	0.4213152096002623
195	192	0.4124750143381979
195	146	0.4111131167366861
195	40	0.4108554782485583
195	189	0.3955563568416379
195	176	0.3902543110069229
195	53	0.3880905233964623
195	199	0.3785191395680708
195	196	0.3732294573518625
195	142	0.3682352690457311
195	60	0.3629245587116253
195	157	0.3586798401735566
195	47	0.3576163298181871
195	90	0.3570755014262638
195	169	0.35181181776715675
195	154	0.3510843358974842
195	79	0.3435040861975032
195	38	0.3227465506739693
195	75	0.3179096343570981
195	165	0.3147058188136814
195	180	0.3141921793903441
195	70	0.3120274713656012
195	130	0.3108896996875625
195	148	0.3064022126549936
195	156	0.3045797961954446
195	81	0.3031638439716896
195	177	0.2974593405352473
195	139	0.2916969229320748
195	82	0.2906993510829145
195	113	0.2898935105236741
195	114	0.28938048871172184
195	97	0.2853162780887417
195	12	0.28093785439751945
195	71	0.27940815970855165
195	172	0.2723867086186494
195	78	0.2672129039746722
195	77	0.2620702142400064
195	45	0.2598056709039433
195	91	0.25966579030172143
195	83	0.2586676595248339
195	140	0.2517496700855493
195	80	0.2517309375491613
195	98	0.24030709220036398
195	122	0.23801608530640836
195	164	0.236987569184032
195	112	0.235911304823477
195	125	0.2294132195043277
195	86	0.21666102483819172
195	21	0.21572682994139766
195	36	0.21252088610170145
195	111	0.21136523929451015
195	124	0.20744503260343275
195	13	0.20737804397169868
195	17	0.2004487061262276
195	198	0.19776931594218056
195	27	0.19068700442651695
195	171	0.1879295020863921
195	108	0.18764972892107076
195	44	0.18625040716746571
195	96	0.18139038183841072
89	47	0.6758963327779114
89	192	0.6671225524643994
89	78	0.5796065441757309
89	80	0.5681724984189087
89	182	0.5638296098636805
89	86	0.5464739368587195
89	60	0.5376470226529143
89	43	0.5215816233859953
89	177	0.5187222174592123
89	183	0.5148891039127858
89	91	0.5086893660696045
89	83	0.5003553075406199
89	172	0.4917531260180742
89	82	0.4823021906512366
89	142	0.4683854319827472
89	194	0.4654843220323251
89	15	0.461582204780758
89	125	0.4517207028384587
89	77	0.4446003326687512
89	156	0.4377629016731162
89	180	0.4225317405197792
89	154	0.4206652235343728
89	122	0.4200148053110329
89	176	0.4136195749302931
89	50	0.4135781281308055
89	189	0.4101736665216725
89	175	0.40527952211081214
89	157	0.4037908173892
89	16	0.3926844859797571
89	145	0.3855479171774948
89	81	0.36001227154351345
89	71	0.35751167206013296
89	166	0.35313421920680965
89	79	0.3486358398752458
89	146	0.34747574864832226
89	191	0.3463585952884334
89	88	0.3442976451000783
89	97	0.3423834516456458
89	118	0.34225102880992503
89	75	0.3353286445215256
89	14	0.3325476885595662
89	48	0.3222627156781419
89	53	0.31637162353023623
89	174	0.31414711451870964
89	90	0.3056590095909926
89	96	0.300810043583279
89	11	0.2997455388372763
89	46	0.29876225608528584
89	178	0.2907451251119164
89	112	0.2886656455370443
89	38	0.2883906200846491
89	181	0.2856653061864045
89	94	0.2856285699533398
89	17	0.2855183562178426
89	45	0.284323890487524
89	44	0.28251213298032835
89	98	0.2673057612194922
89	92	0.2643132724847414
89	152	0.2616044936516652
89	144	0.26002013331796897
89	93	0.2534254666937828
89	70	0.2528077516122828
89	164	0.2519931758883499
89	199	0.2515810704686384
89	169	0.24377150208492535
89	40	0.2437056606796808
89	186	0.2337664948279917
89	190	0.2277262145452285
89	114	0.2214020990005042
89	12	0.2212689575190034
89	108	0.2188233992846056
89	84	0.2186044015128619
89	171	0.21707080157653305
89	52	0.21501161790654855
89	13	0.21446790242712616
89	173	0.21138434570845133
89	198	0.2095015902965276
89	68	0.20245388762118535
89	184	0.20048709863102646
89	31	0.19313345594331607
89	196	0.18390364445924104
47	182	0.7176294070872753
47	78	0.6310024198137999
47	183	0.5966956287055879
47	86	0.5153886535944177
47	192	0.4957232788143787
47	172	0.4789108333075362
47	60	0.4754199877776071
47	46	0.4651160790535207
47	154	0.4605428088263632
47	166	0.4566575671400719
47	176	0.4563330062056301
47	48	0.4560241647837155
47	71	0.4490901613542893
47	164	0.4364281387642687
47	91	0.43181049327976784
47	177	0.42276172404458506
47	118	0.4135698385652026
47	80	0.4106310299562255
47	191	0.4098159476989627
47	180	0.4046692452547984
47	153	0.4033973748513607
47	181	0.3944929731004618
47	81	0.3937496649912141
47	16	0.3909576753232875
47	157	0.38666262570915416
47	15	0.3757571337935681
47	11	0.367560841297428
47	43	0.3644691079538764
47	77	0.3635755957050838
47	17	0.3623166043265419
47	173	0.34824926125661404
47	142	0.3435570054033279
47	146	0.3306964336853666
47	94	0.3289585674670401
47	117	0.3261286634790697
47	40	0.3151202005105196
47	162	0.3132906131513947
47	82	0.3064112738040705
47	145	0.3003461206596205
47	171	0.2962100526291169
47	189	0.29476800875996273
47	14	0.28922471703151603
47	88	0.286757824724156
47	42	0.28037590307204685
47	178	0.27179408988200315
47	68	0.25962848696719143
47	92	0.25942330478012465
47	83	0.2562960551969337
47	197	0.25576341941323
47	148	0.25345353974632645
47	112	0.25340675108826843
47	7	0.2506722432132228
47	175	0.24791495862999585
47	97	0.24145630276254976
47	174	0.23187490651837955
47	53	0.2312692269405165
47	198	0.22504125296629995
47	169	0.220878995743556
47	61	0.2197467558348795
47	168	0.21948977852615195
47	156	0.21467777329555826
47	29	0.21319871646990396
47	84	0.21316053429201687
47	96	0.1993254534379781
47	184	0.19464443470864773
47	165	0.19293128085814465
47	125	0.18869148797694074
47	135	0.1838263489662477
192	154	0.5929801845860845
192	77	0.5927596928102804
192	86	0.5220328080421065
192	78	0.5154400579573101
192	83	0.4983210173241547
192	43	0.4949912963911315
192	46	0.4694230030791745
192	194	0.4655939802938524
192	182	0.4647711950003624
192	82	0.4636650481368944
192	76	0.4590997366377682
192	142	0.458341744461829
192	60	0.45035060842213376
192	146	0.4474121134152505
192	80	0.4462676359263426
192	15	0.4458030255065643
192	75	0.4434442373236694
192	152	0.4370350878429942
192	191	0.4261067276953533
192	178	0.3994715657677516
192	73	0.3909153168904998
192	17	0.3898049362691196
192	156	0.3846962362940376
192	117	0.36758678798214894
192	183	0.3607083838393049
192	14	0.3597250083416779
192	180	0.3504529237496308
192	189	0.3476340056570663
192	16	0.3436628372697911
192	50	0.33963510822682713
192	108	0.3393696867928806
192	177	0.3386350726187538
192	91	0.3323786895969406
192	186	0.3281914144408614
192	53	0.3197063564996763
192	84	0.3187723469238292
192	190	0.3146337401793416
192	116	0.31302003303093523
192	90	0.3116212268655719
192	145	0.3064293959356374
192	181	0.3055048842469359
192	31	0.3035361152688795
192	118	0.30122836179611906
192	157	0.300091357423291
192	125	0.2899301485689116
192	115	0.2896919860888253
192	122	0.28872981129052416
192	169	0.2828985656011884
192	148	0.2804403990608313
192	173	0.2790946733725156
192	44	0.2773140515514485
192	187	0.2757532877792192
192	172	0.2678813652817349
192	144	0.2629733639954821
192	81	0.2605794797042159
192	176	0.2522553772240781
192	88	0.25198381087035804
192	45	0.2490877672897545
192	174	0.24841231846470904
192	28	0.24710764387495104
192	147	0.2437997191422045
192	18	0.23682711044938554
192	120	0.23487225516476135
192	188	0.2314301280856083
192	171	0.2277641398305933
192	167	0.2246994569741073
192	97	0.2194231498059596
192	149	0.21649899901190303
192	40	0.2119574629459036
192	94	0.2102090012185646
192	165	0.20375778470161104
192	48	0.20110129488947648
192	131	0.20072703783066986
192	23	0.1968178515395695
192	98	0.19250762281207207
192	71	0.19151559742164814
192	59	0.1913710950051703
192	79	0.1889132893172079
192	11	0.1825699791985216
54	55	0.8388855491473644
54	169	0.6909858729121809
54	190	0.5621698453817684
54	61	0.5394786918786274
54	97	0.5224764305857837
54	81	0.5093635777532254
54	63	0.4816803663388916
54	199	0.4673543832013378
54	139	0.4608264059106624
54	32	0.4600778213442685
54	134	0.4533111606456661
54	112	0.4505977010600825
54	166	0.4504781487237079
54	74	0.4460353607651907
54	110	0.42957875959281855
54	101	0.4265976619561739
54	70	0.4235990606556265
54	36	0.4161197791650849
54	57	0.4144895615644924
54	175	0.4103649527119284
54	12	0.4057390813069376
54	60	0.4044099774700141
54	104	0.4010251973928149
54	30	0.3990849004072427
54	196	0.3898558182057163
54	113	0.3800516342278486
54	6	0.3781249782649264
54	100	0.3757399575329603
54	95	0.36928073008682505
54	183	0.35065465951742303
54	174	0.34732626551696544
54	41	0.3452140341355209
54	9	0.3435746446538046
54	176	0.3347604876586602
54	111	0.334058833265993
54	158	0.32606610724443513
54	171	0.3223344055691173
54	59	0.3214738830427465
54	69	0.3177298362347077
54	52	0.3113413032477953
54	156	0.30577685934157106
54	181	0.3010919664131109
54	168	0.2879413095112799
54	7	0.2856377540903072
54	92	0.2850223009794442
54	107	0.2845077120171622
54	79	0.27726789606566804
54	8	0.2735343192104598
54	82	0.27161811648188605
54	96	0.2692360642654377
54	122	0.2622099066279978
54	4	0.2614740700433548
54	94	0.25937666919779884
54	99	0.2431129870050958
54	159	0.2282665845841341
54	198	0.2270908633838913
54	197	0.2231891975282672
54	3	0.21940411265279167
54	180	0.21924229010657045
54	38	0.21534541227499293
54	145	0.21467777329555826
54	71	0.2127691294462872
54	93	0.20871744631455927
54	37	0.20403572827210145
54	91	0.20301963730778605
54	191	0.20079421649257986
54	11	0.20053508839608414
54	86	0.20049669666101613
54	172	0.19625064072677284
54	98	0.1947021608470564
54	31	0.1946636769046182
54	164	0.18195123933674792
54	50	0.18039408559536385
55	190	0.5999954044218357
55	63	0.5698090206721499
55	81	0.5657908566838215
55	97	0.5387267616654334
55	57	0.5353538476937636
55	101	0.5309807465112482
55	169	0.5240522713487133
55	9	0.5177128159130112
55	61	0.5055769753175964
55	196	0.4820642658608105
55	74	0.4815267547376645
55	110	0.4642771381291149
55	6	0.4636336469656006
55	171	0.4584207331257138
55	100	0.45308072275113204
55	32	0.4507570790372473
55	12	0.43272121690938253
55	134	0.4296929174190069
55	112	0.4235498255741809
55	95	0.4103899004229585
55	30	0.4098825095876917
55	191	0.4049284479987709
55	70	0.4005719427357701
55	199	0.3994715657677516
55	111	0.383588071271801
55	8	0.3832639371676922
55	52	0.38206894449553225
55	175	0.381411153150195
55	60	0.3788789061215473
55	41	0.3764783035210051
55	3	0.3743822178294134
55	36	0.3610215033718936
55	183	0.34329238756266106
55	107	0.3414297038874152
55	94	0.3315956792959388
55	93	0.3204333762250339
55	181	0.3149310411511955
55	166	0.314570668397661
55	139	0.30186471054361336
55	79	0.29536141766337404
55	7	0.2944027209809796
55	104	0.29117533590978834
55	99	0.2852427888417676
55	176	0.2850223009794442
55	103	0.2823740990977188
55	71	0.2783199227453996
55	69	0.2770740290524668
55	113	0.27620596703826744
55	156	0.275013956739148
55	158	0.2736453370430101
55	180	0.2730624121412877
55	174	0.2717199980333267
55	197	0.2626661584937249
55	96	0.2609522801605764
55	75	0.26017863253038026
55	88	0.25134687900273706
55	82	0.2510189615075179
55	59	0.2465254133042571
55	4	0.2462530185237722
55	37	0.2394588817301939
55	122	0.23655335690897505
55	164	0.22691065395996035
55	91	0.22154474142881814
55	92	0.220584099695272
55	146	0.21607004956810866
55	38	0.21172823352131545
55	11	0.20289499222529356
55	193	0.1991141849169294
55	168	0.1980575650207877
55	31	0.1950292501448658
55	16	0.1916311933775952
55	172	0.19139036247350294
55	145	0.18759184101462706
55	13	0.18715764020476425
55	83	0.18409687323948012
55	165	0.18072300112010836
9	103	0.5610196989042396
9	12	0.7311482306372901
9	108	0.6628442979330869
9	112	0.5457792086573697
9	3	0.5225782057137316
9	191	0.513984617816448
9	13	0.5135282641646505
9	63	0.5059788372034878
9	190	0.4999278882831146
9	6	0.4986141140511938
9	8	0.4909566272397812
9	7	0.4878919650189413
9	101	0.4783403543711779
9	110	0.4303938712557642
9	11	0.4267530721003736
9	118	0.4187703998064189
9	111	0.3879885923604573
9	171	0.3707652323191358
9	31	0.3701267827411912
9	70	0.36586441923987617
9	183	0.36064749003953306
9	109	0.3282449508103158
9	17	0.3228540466698613
9	181	0.3201821034006724
9	105	0.3180354794402585
9	197	0.3051693796345664
9	57	0.2944757854230244
9	81	0.29420177602096464
9	30	0.2849028574569555
9	0	0.28424116397756943
9	88	0.2829353639208243
9	79	0.2813246597813259
9	169	0.2729328460203144
9	86	0.2724052246273959
9	74	0.27038579464325563
9	32	0.26170696264233273
9	83	0.2609522801605764
9	60	0.2528451947632551
9	5	0.24731419896123816
9	147	0.2451348536367909
9	100	0.2418894360966975
9	99	0.23918549151405194
9	95	0.23774249541011785
9	61	0.23629844915684206
9	16	0.2325655403332653
9	199	0.22400620096960586
9	2	0.2186900989169934
9	97	0.2141244346565733
9	38	0.2128741472106954
9	104	0.2107059691822782
9	4	0.2057026975723067
9	164	0.20304840062339796
9	172	0.19741376164070668
9	29	0.1936051340075427
9	152	0.18946288778500545
9	71	0.1885468245551575
9	106	0.18737957421149648
9	41	0.1867426688667495
9	122	0.18611526013436586
9	148	0.18596079775844396
9	115	0.1848696459356031
9	76	0.18161280498679871
9	193	0.180887443729836
9	36	0.18051017803858566
7	181	0.5898265232002943
7	88	0.5789886389657304
7	197	0.5302119864259395
7	12	0.4945759423657945
7	112	0.4577649078837905
7	68	0.4493296244930359
7	11	0.43455623953238015
7	60	0.4308011641314371
7	81	0.420928561123062
7	183	0.41366930882681263
7	17	0.4093748649648351
7	153	0.4093415679308167
7	105	0.3788189529773818
7	193	0.3733671610910189
7	61	0.37016993225085054
7	95	0.3556000924083058
7	164	0.3435922836618669
7	111	0.34185367873470834
7	168	0.3370405150716097
7	86	0.3323075257522887
7	103	0.3262537673795369
7	191	0.3238927449072493
7	182	0.31817030102261296
7	169	0.310736122481208
7	74	0.30821333574407994
7	97	0.3022100444389079
7	198	0.2991174037210356
7	94	0.2991174037210356
7	63	0.2928767159821066
7	13	0.2905162416619421
7	172	0.2882622585838977
7	171	0.2841216626576163
7	8	0.2752912440505448
7	91	0.2751063909291305
7	71	0.2749492497809296
7	96	0.26888357368135124
7	166	0.2588449381079798
7	196	0.2402317105512301
7	190	0.23334104114948995
7	106	0.2253355329217665
7	69	0.21594611530222568
7	173	0.21339916221718652
7	3	0.20929123660624024
7	135	0.206315536104744
7	19	0.203556494710859
7	108	0.2023483939057009
7	58	0.1980767804086888
7	36	0.19689475134725035
7	118	0.19526972931263487
7	84	0.18642415728205328
7	6	0.18336252829664385
7	110	0.17923288521566447
92	145	0.8193708501457659
92	40	0.7335130456305227
92	93	0.7293793871659603
92	69	0.6805189599666532
92	175	0.6781549483006228
92	50	0.6180539276186281
92	41	0.6015611132257497
92	91	0.5744972892002603
92	196	0.5626415982101142
92	81	0.5501385686375493
92	189	0.5484067875062024
92	60	0.5377465461561366
92	180	0.5323580148550745
92	130	0.5178006472688481
92	61	0.4891253665952388
92	144	0.48528935663907397
92	157	0.4850752691669515
92	79	0.47664967877406
92	171	0.4387647282581101
92	90	0.4337122510961364
92	21	0.4292606761037706
92	83	0.41872092068212
92	82	0.4114205347826704
92	53	0.4042761363996703
92	142	0.4032131589828975
92	33	0.40097484545386797
92	125	0.4008153816640733
92	154	0.3970652148411656
92	62	0.3724028896650728
92	166	0.37190321846437707
92	183	0.3670244817390701
92	146	0.3525914167750511
92	63	0.346420196295453
92	152	0.34381275080522355
92	165	0.34155337758100746
92	38	0.334485199120274
92	194	0.32925282497893754
92	42	0.326298444574658
92	36	0.3249396070994773
92	169	0.31929331337567163
92	176	0.3174870725218078
92	174	0.31627263009603623
92	94	0.3110161628457311
92	190	0.30720843732512443
92	191	0.3058131189185498
92	80	0.2890047779937715
92	199	0.2657915701778372
92	11	0.25969376729409344
92	95	0.2506066406223437
92	188	0.2505504079981745
92	197	0.24822465087941634
92	113	0.2444862068822039
92	105	0.2442887491833376
92	48	0.24277423478470905
92	147	0.2353446171649107
92	32	0.2335490518987696
92	70	0.2324709468067163
92	45	0.23029408501842075
92	139	0.2302372663553245
92	3	0.2293753243736135
92	118	0.2289679078216189
92	77	0.2289300045266061
92	97	0.22692962410496964
92	110	0.22686322784416935
92	46	0.2211072746305077
92	101	0.21976578997848908
92	34	0.21761387607516525
92	172	0.21566962148489172
92	164	0.20983620392641567
92	31	0.2072823425526925
92	134	0.20724406087408964
92	96	0.20701435747756464
92	20	0.2064782941575841
92	173	0.2042082284308092
92	158	0.2000647472345952
92	12	0.19479836808041626
92	115	0.18974246252225135
145	175	0.7115912431884199
145	157	0.6365190957665123
145	93	0.6697336633597831
145	40	0.6545738814234976
145	50	0.6302856971942403
145	144	0.6287704259421472
145	130	0.6235728723365773
145	196	0.6094400110814829
145	180	0.6021414884028311
145	60	0.5804293821252925
145	189	0.541891806253053
145	142	0.5246323234164014
145	82	0.5023093236184175
145	91	0.5002578474081504
145	81	0.4844709231347958
145	53	0.4734749915436409
145	41	0.4730171290476621
145	125	0.4622115257543966
145	61	0.4611571502665254
145	69	0.4598570609597638
145	38	0.45506526536834
145	183	0.4491220935017346
145	154	0.4440866950379824
145	166	0.4365576545960182
145	21	0.4203606510579511
145	90	0.4123173277532741
145	146	0.410007301363511
145	174	0.4087253761751813
145	94	0.3975115606523597
145	194	0.3884387161292453
145	80	0.3724028896650728
145	79	0.37205831191964345
145	83	0.3672580877018816
145	169	0.3606735877588008
145	176	0.3594899240766935
145	199	0.3434070619880871
145	164	0.33672137103335514
145	173	0.3338278279862278
145	63	0.3203885093836596
145	171	0.31290276586002946
145	165	0.30825858527370026
145	152	0.3078603415604749
145	36	0.3017192830895032
145	139	0.2856193857639071
145	62	0.27494000572641303
145	191	0.2686145192381376
145	105	0.2623495880278031
145	190	0.2588822576934811
145	172	0.2585370220489825
145	12	0.25793036709127226
145	75	0.2576129588132147
145	114	0.23901578195519635
145	70	0.23861973620927665
145	11	0.23638342202336984
145	134	0.2287025701822753
145	4	0.2276598436333445
145	46	0.224708952054312
145	45	0.22205817563551652
145	101	0.2215827778088293
145	113	0.21421984768587746
145	97	0.2127500347790835
145	34	0.2119288105427024
145	77	0.21027590708626667
145	112	0.20733976388030595
145	33	0.20694735635285455
145	103	0.19745220244940506
145	182	0.19365325939424075
145	3	0.19047499507330773
145	86	0.18692603652182424
145	108	0.1836814137898852
145	98	0.18296628347458244
145	147	0.18261831216740865
40	41	0.6451757792068737
40	93	0.6666672465456798
40	50	0.5955481724817966
40	157	0.5679964056064621
40	130	0.5211738508624126
40	180	0.5189706888966141
40	144	0.4841877158494967
40	175	0.4499439510487674
40	189	0.4474441057387142
40	91	0.44258423738154296
40	83	0.4351157726745673
40	53	0.4335498582753008
40	90	0.4251322987171624
40	191	0.4250094015016598
40	154	0.41752441952422586
40	152	0.4169958474038376
40	82	0.4149118534454462
40	171	0.4127903133606613
40	77	0.407233317166192
40	42	0.3886764425690972
40	194	0.3819749979821844
40	146	0.3774820299237494
40	33	0.3761950411906848
40	173	0.3672407851448535
40	46	0.35729360622332035
40	81	0.3496456555722779
40	183	0.3338633698708645
40	69	0.3316935805981445
40	60	0.3306162737116202
40	21	0.33023322134038
40	27	0.3227196753738392
40	38	0.3186914900271274
40	142	0.3149220329384329
40	36	0.3130561133175187
40	80	0.2968211451949605
40	174	0.2948867087474609
40	164	0.2948775783022467
40	94	0.2903422680014896
40	125	0.2872441688367172
40	14	0.2800533851624869
40	75	0.2761228310481133
40	79	0.2751433631812055
40	115	0.2693195383172849
40	48	0.26850317410079505
40	61	0.2664327073344246
40	186	0.2522647408727041
40	31	0.22983002001770456
40	86	0.2280011572037928
40	190	0.20939641587398586
40	39	0.20731105339506034
40	176	0.20583676980639756
40	166	0.20487894174524374
40	169	0.2027128068160248
40	116	0.20090937551914986
40	24	0.19375913196419506
40	165	0.19230539706856206
40	196	0.18871077581459647
40	76	0.1885661134843166
40	118	0.18407755100151416
40	78	0.17901994419654396
93	81	0.6198306270962308
93	180	0.5949089266454544
93	175	0.5718180500175708
93	41	0.5704839535442939
93	21	0.5598467855258106
93	50	0.5389467546960275
93	83	0.537860268954855
93	91	0.5294855336453015
93	196	0.52643461999324
93	171	0.5162693579285498
93	61	0.4848381759072374
93	194	0.4683776257953134
93	157	0.4661968451722531
93	125	0.4584839188428431
93	154	0.4473161295742989
93	79	0.4378922307962408
93	69	0.4307604427364807
93	82	0.42985597620313576
93	94	0.4204265125968061
93	90	0.4183744972074472
93	60	0.4143239081537082
93	189	0.4122094226952752
93	144	0.3981512755306602
93	142	0.3801286320619359
93	152	0.3763152216810545
93	146	0.35459510100962904
93	183	0.35011954992525185
93	52	0.3403161089523972
93	191	0.3391573107274339
93	97	0.3212766050942388
93	75	0.3187274269983634
93	130	0.3132274823375977
93	165	0.3089642972307937
93	174	0.3051693796345664
93	169	0.2817666111572937
93	53	0.28035747518165505
93	173	0.27759095758120506
93	36	0.2728032699973648
93	176	0.2723311593820055
93	166	0.26652560622023097
93	190	0.2570900475154566
93	164	0.24804634941307396
93	63	0.2465254133042571
93	80	0.24234129855797
93	71	0.2382519083548595
93	33	0.23283983667407204
93	77	0.2318938311111688
93	134	0.2271003476597507
93	62	0.21994660599578555
93	3	0.21878531429847345
93	42	0.21545984447975908
93	37	0.21258772354839545
93	115	0.2056165042008016
93	14	0.2054536857960403
93	57	0.19794226949701044
93	147	0.18307259890172065
93	101	0.1809358072790127
69	61	0.6042789060556337
69	175	0.5408880128785727
69	196	0.5152564539152525
69	32	0.4948100787983801
69	171	0.4802352494362809
69	105	0.4756444098220596
69	41	0.4731413204147595
69	63	0.4679403626068109
69	42	0.4619913163192879
69	62	0.4587839876977785
69	91	0.4562063153266029
69	81	0.4490023420334089
69	68	0.4368489990646322
69	165	0.4238205875494948
69	35	0.42188256508670097
69	95	0.4077920525207109
69	189	0.40774202895830425
69	3	0.4019059639296889
69	197	0.4000512973842221
69	172	0.3861181761629003
69	30	0.3854372357661671
69	6	0.3824617261637364
69	101	0.3752503256145915
69	60	0.3631763350773359
69	37	0.3594463849444114
69	79	0.34853920633411795
69	13	0.3192573908456965
69	50	0.3135250747857529
69	110	0.30281872939051196
69	33	0.2986711792531236
69	70	0.2963742506015172
69	166	0.29122109608972624
69	199	0.2739413489456224
69	36	0.27013551566697497
69	122	0.2701077046375057
69	103	0.2675285983506625
69	126	0.2667392548628945
69	139	0.26434117641829125
69	12	0.26353178282480233
69	11	0.262461325232801
69	8	0.24974422142117844
69	100	0.24965045629737456
69	4	0.2462999859179834
69	80	0.2459336095799434
69	125	0.2454637935174752
69	134	0.2335206880548369
69	111	0.2312597617731802
69	190	0.2291005638860011
69	19	0.22528807119218525
69	176	0.21418168296459786
69	118	0.21273093994938347
69	164	0.21206251863980174
69	20	0.20643999917275954
69	129	0.20537706143414375
69	96	0.20500348162801407
69	38	0.2028470500578657
69	169	0.20062146754791532
69	180	0.19955590705635493
69	74	0.19547171367085614
69	90	0.1891157867523104
69	31	0.1889132893172079
69	144	0.188016322042917
69	146	0.18688743388693652
69	185	0.18652068008567144
69	147	0.1858739086321084
69	57	0.18524628981426375
69	99	0.18048115539915915
175	196	0.6680039832910183
175	189	0.5904131058633819
175	176	0.5584308170663633
175	199	0.5290032004105271
175	50	0.5288735600569859
175	81	0.5167093011682667
175	172	0.4997028329044731
175	183	0.4996202956892906
175	60	0.4874956445628042
175	70	0.4862291231285889
175	97	0.4844250045245988
175	166	0.483950355930501
175	82	0.4832685075004631
175	91	0.454200558789412
175	80	0.4449372485644747
175	180	0.4436209586661295
175	79	0.4410067974094456
175	98	0.4394104898610055
175	61	0.433249357312074
175	169	0.4296439943179477
175	139	0.4051792274125322
175	144	0.3852924817993164
175	174	0.3823080454404935
175	96	0.3772075944414217
175	112	0.3730228709055139
175	113	0.3689438652092672
175	171	0.3649546196797044
175	11	0.3559931263468944
175	32	0.3551282856258055
175	198	0.34984752135554875
175	52	0.3469832669312524
175	41	0.3426570824013533
175	152	0.33777602421241343
175	68	0.3331968016511181
175	122	0.3273702595723887
175	154	0.3248948856603394
175	194	0.3244207491050931
175	38	0.323454079512893
175	146	0.3170463950416662
175	101	0.30524192759523705
175	142	0.3041170364671091
175	182	0.3020919128169249
175	6	0.3000094601456643
175	12	0.29970913229630985
175	190	0.2995270864993759
175	63	0.29793325651692804
175	21	0.2899301485689116
175	83	0.2887939744503372
175	105	0.2830457538818888
175	157	0.28039433075577025
175	197	0.27853209290462505
175	13	0.2720626458189034
175	100	0.2655871001598575
175	134	0.261362270778695
175	177	0.2535938986045849
175	164	0.252470729187504
175	130	0.25233028509021826
175	36	0.2510658103935291
175	114	0.2502692195231284
175	95	0.23800665180052405
175	75	0.2377330606026289
175	125	0.22438609539863255
175	165	0.2241391717697272
175	4	0.22248594343642544
175	156	0.2171851442295825
175	111	0.21649899901190303
175	181	0.21121238216872634
175	173	0.20586549856571174
175	57	0.20583676980639756
175	94	0.1999783480104168
175	71	0.19706776705576293
175	191	0.19642370203497567
175	90	0.19273871792625627
175	53	0.1910724303942088
175	86	0.1891157867523104
157	180	0.6891158052085152
157	53	0.7231944949504867
157	130	0.6646289516997934
157	91	0.5754679116249032
157	94	0.5543850355101577
157	125	0.5518099927254774
157	144	0.5414749245881313
157	23	0.537476376073793
157	142	0.5374194840960538
157	25	0.5065589167743338
157	189	0.5009997244125293
157	82	0.4809811946020826
157	194	0.4792344388514351
157	90	0.4544148320071377
157	46	0.4378599002141973
157	154	0.4169793249767792
157	28	0.4036568962620367
157	21	0.3973599925883397
157	132	0.3925153129167912
157	131	0.3860501010399193
157	27	0.3803681471851051
157	127	0.3714119522188129
157	22	0.3596988901222732
157	60	0.3355238921485447
157	173	0.3353197689447619
157	14	0.3329211894253576
157	50	0.32680766152548024
157	115	0.31582257315146817
157	44	0.3156425105598452
157	16	0.30261888990063657
157	83	0.3014647512601705
157	77	0.2999184579834344
157	18	0.2856377540903072
157	80	0.28532546400874703
157	129	0.2746441691507314
157	143	0.2691525861681319
157	34	0.2616883323555076
157	78	0.25441712199782496
157	128	0.2529200787929688
157	41	0.24485286023626765
157	117	0.24441098729158064
157	45	0.24423232897601466
157	146	0.24308475991696665
157	20	0.2390063532181008
157	186	0.2382424759721053
157	48	0.2239207153364252
157	174	0.22064117949904727
157	42	0.21296961363788866
157	84	0.20989356133025847
157	15	0.2083922346594078
157	106	0.2027895181732674
157	152	0.20241552681361852
157	75	0.19331636212826453
157	116	0.19153486378336831
157	33	0.19050390648637955
157	62	0.18817066137669305
157	178	0.186173181154094
157	26	0.18500485768516456
157	183	0.1839422913529104
157	191	0.18066496013900565
157	39	0.17848751830429194
71	177	0.8159572582624668
71	11	0.6476905467891614
71	176	0.6244704495271581
71	97	0.6123483904197595
71	181	0.6022880759933853
71	183	0.5569426094403526
71	81	0.5462845400343961
71	174	0.5218290833799106
71	166	0.5175664060672649
71	198	0.4876099884001081
71	96	0.4679481728884337
71	182	0.454137060334073
71	112	0.4279546037503617
71	197	0.4218579043215517
71	61	0.4049618887751882
71	94	0.3830677048596087
71	60	0.3599861595265717
71	32	0.3556787092637241
71	173	0.3431512357569884
71	114	0.3244475913791658
71	95	0.3039445990680206
71	172	0.3021191747841345
71	180	0.30202829963850225
71	17	0.2891788989158147
71	171	0.2883172719245521
71	41	0.2810944294848077
71	79	0.2797584563094234
71	70	0.278033911291342
71	164	0.2768616726274101
71	169	0.26944010480360386
71	16	0.26502003563086834
71	72	0.25040981904157805
71	146	0.2464408811590928
71	86	0.2449750624657641
71	12	0.2382990695944157
71	199	0.23391774568566315
71	196	0.2208599714101322
71	78	0.2191280551635156
71	142	0.2111072869011758
71	191	0.20893741626736906
71	91	0.18459920144359374
71	83	0.1836524257960104
177	176	0.6180353869945839
177	97	0.5693023159635012
177	198	0.5607935222627425
177	181	0.5036240861305322
177	11	0.4862062153572483
177	96	0.4672058698382389
177	182	0.4530171430180338
177	174	0.4514261527113234
177	183	0.4277421978582737
177	114	0.4274725377221894
177	112	0.4171445368450981
177	166	0.3936313639024604
177	173	0.37394361676614
177	81	0.3264235329650897
177	172	0.3222716771166831
177	78	0.2918981908519299
177	72	0.2823280852046926
177	142	0.27503244398393245
177	197	0.27250705906885503
177	94	0.2686516326889515
177	70	0.2649084603573562
177	86	0.2646852885309845
177	82	0.2528077516122828
177	80	0.25261116264778555
177	180	0.237166890116966
177	146	0.23519347340907396
177	178	0.22636044490767626
177	169	0.22382572725843766
177	60	0.22004176625150187
177	199	0.21637508886132045
177	16	0.21483993266307508
177	141	0.2118906067716931
177	98	0.20687078126192104
177	79	0.20630596174599533
177	32	0.19312382893004146
177	50	0.18420314300455806
11	176	0.699862004747323
11	112	0.6759560763920235
11	12	0.5618482968654281
11	166	0.5559415700875887
11	181	0.553102305509908
11	81	0.5155648816813836
11	183	0.5140287656436755
11	197	0.4905466793369514
11	13	0.4789416584935689
11	114	0.4720462369980881
11	198	0.4562775812221418
11	97	0.4523810922657035
11	182	0.442471653719398
11	70	0.4414577732701859
11	172	0.4337690819284951
11	32	0.4330868842370916
11	96	0.4312408433977277
11	164	0.4184817365356483
11	38	0.40469433223429147
11	95	0.4005719427357701
11	174	0.3950585549738188
11	199	0.3931326660753757
11	171	0.3745541725427578
11	61	0.3731347764901606
11	68	0.3610475929935414
11	80	0.3570144251037039
11	60	0.3529854099168539
11	98	0.3526001735371034
11	169	0.3357812199809977
11	111	0.3256191939731894
11	118	0.3239822513568817
11	142	0.3187903144930923
11	41	0.31862859812281924
11	79	0.3114857867040382
11	94	0.2998001470118142
11	173	0.29091905428342474
11	139	0.28600507653162915
11	196	0.26307575398430794
11	150	0.25978702078677035
11	190	0.25756627643378177
11	43	0.2563614558867375
11	78	0.2512438254318057
11	180	0.2473517520172017
11	63	0.2355996464393927
11	105	0.23368141124781874
11	86	0.231657261088542
11	153	0.22965004831015826
11	103	0.22474693194838946
11	36	0.223930213910288
11	165	0.2214591571091021
11	50	0.2058750747399624
11	108	0.2024251170737511
11	37	0.17874890409690142
39	143	0.8112586995582519
39	24	0.7177506373436713
39	28	0.6424825634701581
39	133	0.5903088700392121
39	26	0.5868318148178563
39	131	0.5788955633199419
39	129	0.5697414850561388
39	18	0.5429293183507196
39	132	0.5374052603372109
39	128	0.5361808733902049
39	115	0.5322003455038945
39	27	0.5133441683534092
39	127	0.5017782777218259
39	142	0.4711208825342143
39	5	0.4674325375365505
39	22	0.4649201395156938
39	77	0.4558261317205923
39	2	0.4525083392699332
39	152	0.4516809045192742
39	31	0.4344345574704353
39	62	0.42991304015477344
39	149	0.4172849452607576
39	188	0.40433469399882144
39	138	0.3905255416292874
39	21	0.3849432912788627
39	46	0.3820774846961191
39	14	0.3783906237830349
39	137	0.37759350040418893
39	125	0.3705064435991905
39	44	0.3587495460750201
39	15	0.3583225346520561
39	43	0.34249820710161644
39	36	0.33970587814326114
39	33	0.33776716510891514
39	116	0.33759883077294345
39	126	0.3356215051544442
39	45	0.3317825755828004
39	25	0.32716489350891553
39	42	0.31577755963557697
39	16	0.3146787897510753
39	0	0.31418316652928263
39	154	0.3119462315872665
39	23	0.31070901893668895
39	130	0.30747104458501506
39	83	0.30402628242461355
39	34	0.3027188129728088
39	141	0.2930595499159555
39	76	0.2838826335365209
39	120	0.27278475832884874
39	38	0.269959371535762
39	37	0.26445278772643377
39	80	0.2636806647058253
39	136	0.2603650842415789
39	52	0.2481401943858252
39	140	0.2344659350932661
39	29	0.2320736059858631
39	156	0.2223528692916009
39	118	0.2171470306739698
39	78	0.20983620392641567
39	122	0.2062389401287073
39	178	0.1964910003505864
39	186	0.19228613662180166
39	41	0.1912362185978896
39	190	0.18980994147174174
39	98	0.18979066195483307
39	35	0.1878137375760103
39	94	0.18234763617939534
143	127	0.7417595524195882
143	129	0.663482941747853
143	131	0.6587318183808425
143	26	0.6109714729168584
143	18	0.5954126378345392
143	132	0.5813040057964279
143	22	0.5416445357206829
143	24	0.5336824096440629
143	142	0.5321931778378258
143	28	0.5135577151085553
143	133	0.4932982587146711
143	128	0.4887068380386626
143	2	0.4708718705655047
143	27	0.4659385274752426
143	141	0.4596441310267169
143	115	0.4396848011317265
143	25	0.4118607273222875
143	149	0.4068745651261986
143	130	0.4044183419618882
143	125	0.3898218971791216
143	138	0.3880225704272029
143	62	0.3875552795819928
143	23	0.383588071271801
143	34	0.3794097808286305
143	126	0.3695915961737868
143	21	0.3580784607813025
143	5	0.3484864940065435
143	94	0.3289674853003127
143	188	0.323427217928493
143	37	0.3206307732455869
143	15	0.3200923521852321
143	137	0.31808042139725506
143	44	0.3175769898626269
143	16	0.2857663264982298
143	0	0.28028376155363016
143	42	0.2729698659225993
143	136	0.2715347543203786
143	33	0.27013551566697497
143	106	0.2584437037758478
143	35	0.2469292373164849
143	43	0.24660994169842665
143	123	0.2431412136814857
143	109	0.24294361830169445
143	140	0.24194592464683304
143	150	0.2337570412736339
143	45	0.22488935046858946
143	78	0.21934700019089665
143	46	0.21772819039356345
143	156	0.21177599157344573
143	158	0.20729191287315926
143	178	0.20492684248547266
143	3	0.1996423214737123
143	52	0.19505810888375585
143	116	0.1949426719021806
143	152	0.18739887191707733
143	14	0.18145807780579867
24	44	0.6440887042633598
24	33	0.5970561226319631
24	28	0.5943530106665029
24	128	0.5791880359719528
24	45	0.578636201605747
24	133	0.5773976349382538
24	22	0.5476441494361032
24	23	0.5376541319714814
24	131	0.536850295264455
24	18	0.5291472162944252
24	26	0.5183274061860016
24	27	0.5076508980069587
24	25	0.4942132668699002
24	116	0.4941754782738078
24	115	0.4844632702184736
24	132	0.4522856449230497
24	34	0.44478484982229227
24	2	0.4415302307442657
24	77	0.4149284102711289
24	152	0.3959527446486278
24	5	0.38789514723897184
24	129	0.38525841928623467
24	130	0.3850455047963031
24	43	0.3819664569985513
24	21	0.36727539000473136
24	140	0.36671293509751135
24	83	0.35459510100962904
24	46	0.35079497825323996
24	142	0.3472295317303742
24	125	0.3339166809178997
24	149	0.327522032005579
24	29	0.32684338892851633
24	126	0.32385694070380777
24	127	0.32155457961658995
24	188	0.3160116143924365
24	137	0.3047975157516096
24	52	0.30477937367153096
24	120	0.30319108647442444
24	0	0.28538057842792336
24	15	0.27739712820028817
24	138	0.27113641221733353
24	136	0.259208771086993
24	141	0.2517496700855493
24	154	0.25005361309312546
24	194	0.24952855463733956
24	14	0.2481964991341051
24	31	0.2374877398668428
24	76	0.2289773835368941
24	73	0.2258480514127965
24	90	0.221164340567764
24	78	0.21904237501341411
24	147	0.21799490056873294
24	62	0.2142007654069868
24	53	0.20394947344047532
24	75	0.19566406431030064
24	102	0.1923439175176042
24	123	0.18119695531797236
127	129	0.6204768068040868
127	132	0.6047801957784125
127	22	0.5945276036590474
127	131	0.5812775217545172
127	34	0.5669591134458625
127	125	0.5235007711987271
127	142	0.5228834417496533
127	141	0.5037434945523791
127	18	0.499042281175629
127	26	0.4874270302328747
127	35	0.4820949698304859
127	115	0.4684712952181029
127	2	0.4664629075597969
127	128	0.4407812259200448
127	130	0.4371726076809394
127	28	0.40821715395120173
127	3	0.3958093873582668
127	62	0.3785705417962644
127	21	0.3740898357186835
127	94	0.36194299367083216
127	126	0.3570231504795553
127	103	0.3511194049965406
127	37	0.3350445965473538
127	23	0.3316045797094798
127	0	0.3237584743613986
127	36	0.31548943948070435
127	133	0.308222385761583
127	63	0.2981974920540517
127	109	0.2976416332760267
127	188	0.2969396872571494
127	14	0.2935165409651789
127	106	0.2805601706073499
127	123	0.27134022676661873
127	138	0.2696997577761381
127	91	0.26891140450555945
127	44	0.26092432282449457
127	5	0.2579210323479381
127	137	0.2572581425821832
127	38	0.2541084563579364
127	149	0.2533599612445392
127	15	0.24731419896123816
127	33	0.24720153533574216
127	150	0.24707947553177095
127	25	0.2465911579350508
127	140	0.23342613903841186
127	27	0.22803907747683044
127	180	0.20312510108508214
127	45	0.19994954757783168
127	32	0.19228613662180166
127	16	0.19177568084612434
127	61	0.19061954883357987
127	46	0.18909650197498776
127	136	0.183178910046988
129	26	0.57767754406976
129	128	0.5292048141139634
129	133	0.5278283347427315
129	132	0.5095338840097288
129	18	0.4778929397986894
129	22	0.474769588490225
129	125	0.4576621431013107
129	28	0.4552238340552564
129	126	0.4431148009911675
129	131	0.4326887062527404
129	21	0.4309558894327925
129	115	0.42025361660945937
129	130	0.41407537655965015
129	35	0.4117693824027617
129	42	0.3902797417563635
129	25	0.38792063306303176
129	62	0.3853095126621463
129	91	0.3760405048155294
129	34	0.3620820251813021
129	5	0.35925479417165096
129	138	0.3579825612245855
129	94	0.3469568785781968
129	37	0.3236689534183527
129	27	0.32332872099284804
129	23	0.31781074821836064
129	106	0.3174600962061135
129	142	0.2924195374571145
129	188	0.2916145786090708
129	29	0.2693659110421063
129	46	0.2633921946580453
129	109	0.26179079651942794
129	32	0.25007236246316755
129	2	0.2500161137904489
129	33	0.243414050317427
129	3	0.2416728814674303
129	15	0.2404107372353741
129	36	0.2373084478599177
129	41	0.23076751278236435
129	53	0.22886367209001854
129	16	0.2237497337343499
129	180	0.21827110178472228
129	63	0.21784249873864986
129	103	0.20497474224409684
129	14	0.2033072546896248
129	0	0.20179207670360444
129	118	0.1939708635630261
129	61	0.19304681148535752
129	141	0.18054887440218648
131	132	0.8016812587598887
131	28	0.7843975639199579
131	26	0.6657607079471218
131	23	0.6028167283301786
131	133	0.5290176033704199
131	25	0.5196279841955093
131	18	0.4945834962748067
131	128	0.48771669422498504
131	44	0.4818185914773814
131	22	0.4791805136378425
131	125	0.4680418905662806
131	27	0.4148456233949072
131	45	0.4076419744906765
131	15	0.4009328836539561
131	142	0.38759776880387453
131	115	0.3824105016066308
131	2	0.3767357536620573
131	150	0.3708428577114799
131	34	0.36187347187639984
131	90	0.3388298298895207
131	117	0.32149181601829496
131	130	0.3128576605614326
131	194	0.31078129393245946
131	106	0.30881956350713435
131	46	0.2921177263751121
131	73	0.2921177263751121
131	102	0.27939894037198953
131	29	0.27627986222638823
131	180	0.2746626604607653
131	94	0.26493635484089223
131	84	0.2638481418064021
131	163	0.2526392480629516
131	0	0.2510564407104168
131	16	0.2502692195231284
131	53	0.2464314884670247
131	21	0.24366803601088896
131	147	0.23822361107176654
131	14	0.2239207153364252
131	83	0.2233792263596783
131	109	0.21312235146300956
131	140	0.21212936971150329
131	116	0.20650701498108995
131	62	0.20053508839608414
131	77	0.19885487552637404
131	43	0.1973368782021056
131	5	0.19432691685562406
131	76	0.1879102083638326
131	141	0.18598010605826354
131	149	0.18403890609877974
131	91	0.18038441099817293
3	103	0.8064879332594999
3	0	0.652970654713814
3	106	0.6228328144907623
3	5	0.6145935374125039
3	109	0.5929737008026302
3	2	0.5148523585062924
3	63	0.4985314572818263
3	101	0.4700932245010145
3	60	0.4027943650119655
3	196	0.39286208909916737
3	79	0.3906611315241333
3	94	0.3874193030065598
3	99	0.38723230768914096
3	61	0.3819835389005692
3	31	0.3668341019032913
3	1	0.3636450187085915
3	125	0.3604908918655844
3	83	0.3585055579191236
3	16	0.3527577846933032
3	91	0.3423746238797008
3	197	0.33846684980256786
3	81	0.33740389035104223
3	190	0.3334723569462313
3	132	0.3295113621331047
3	62	0.3268969782814793
3	108	0.3138316207859325
3	115	0.3107270880225131
3	30	0.306184728421954
3	191	0.3041533365386361
3	147	0.3014647512601705
3	6	0.29704910257651
3	59	0.2936079230866758
3	12	0.2908275150102925
3	152	0.2871065392896363
3	180	0.2842779318379403
3	105	0.28382746795793146
3	189	0.2755315226770607
3	14	0.25570734344836904
3	34	0.25297623982667083
3	194	0.2516091714654891
3	158	0.246872894924692
3	13	0.24586784228166605
3	95	0.23593963499865395
3	118	0.23485335837552215
3	86	0.2288541958541352
3	112	0.21864248966441768
3	32	0.21438204045334608
3	188	0.21430571591724165
3	82	0.21422938876400685
3	20	0.21065818852920706
3	104	0.21001783074880148
3	193	0.20532916992926104
3	36	0.2035373233377432
3	35	0.1964717724492911
3	163	0.1953082038014108
3	90	0.19091826707029166
3	19	0.18799702897311846
3	41	0.18687778313803025
3	97	0.1860187222269754
3	18	0.18480203743581955
3	171	0.18194157038169045
3	128	0.18038441099817293
3	74	0.17955226525279006
3	142	0.17923288521566447
103	0	0.6496887882227654
103	106	0.5868055890654214
103	109	0.5300466249558563
103	5	0.4736456544789927
103	60	0.4727531599742766
103	101	0.4291219909884236
103	108	0.4288363990953711
103	79	0.41358641762784093
103	81	0.39879060337714095
103	61	0.3985803409051825
103	86	0.3841763889971773
103	2	0.3835368984826114
103	62	0.3630027018778293
103	63	0.3563860343800188
103	94	0.3496456555722779
103	197	0.33602075602114023
103	31	0.33137314977675003
103	112	0.3242149409811477
103	115	0.3151742414442452
103	191	0.3104560281599216
103	14	0.303418088054752
103	99	0.30107377943103897
103	190	0.29593635043390903
103	12	0.2915413800265616
103	36	0.2861519819832544
103	16	0.26122251183607403
103	180	0.25760362243352875
103	152	0.2521242811837266
103	34	0.24155988688484184
103	59	0.24149397035288084
103	105	0.22815283414486576
103	146	0.22474693194838946
103	132	0.22336972532124305
103	91	0.223160691739947
103	32	0.21806157302685897
103	22	0.2147636238474367
103	18	0.21150853346066725
103	171	0.20549199703249224
103	88	0.19603910474616665
103	118	0.1918142094340794
103	128	0.1915926619828341
103	41	0.18608629913937372
103	83	0.1857870165986483
103	46	0.18460886065711088
103	6	0.17954258762557354
0	5	0.7029406805289352
0	2	0.6147926261817402
0	109	0.5416304031436496
0	115	0.5285277317682284
0	102	0.5230360095049604
0	1	0.4616136818742999
0	101	0.457606803153117
0	152	0.4547401093222536
0	59	0.4543830911437958
0	31	0.4347671175290753
0	14	0.4238123837536301
0	106	0.4129645151302629
0	99	0.39507543341521983
0	186	0.3900678006509054
0	188	0.3876912392949707
0	22	0.3873003096735812
0	187	0.3822055798731692
0	46	0.3628290434647641
0	116	0.3576424928543088
0	158	0.3456983971206356
0	120	0.3380860551225145
0	108	0.3371291524529954
0	30	0.32145594983659737
0	18	0.3209088763257193
0	163	0.3183680160649716
0	128	0.31815232555503914
0	151	0.29532490676671885
0	136	0.27601197663365235
0	79	0.2615485989890605
0	75	0.24626241209514865
0	16	0.2385254278970595
0	119	0.23454153573306535
0	44	0.2340028193183553
0	34	0.22077435983005536
0	76	0.21339916221718652
0	194	0.2091860524955013
0	132	0.20796173661342385
0	149	0.20487894174524374
0	6	0.20425614289151492
0	28	0.1985955382892585
0	15	0.19575061718754536
0	123	0.1945963285633063
0	43	0.1885757578943387
0	33	0.1801522101987096
106	109	0.6778848037901691
106	5	0.5844929012454164
106	125	0.4627775168630424
106	18	0.4503824952208869
106	197	0.4333630717132087
106	91	0.3625077089597853
106	90	0.3617257246982799
106	193	0.3595334616438157
106	99	0.34775708075008543
106	132	0.34399791391999984
106	2	0.34261295233912226
106	16	0.3093079824673472
106	135	0.3011556191253778
106	60	0.2955804649235315
106	15	0.2928858581876233
106	22	0.28610607547432043
106	88	0.28247532508861223
106	95	0.2748752959215991
106	94	0.2712105294131834
106	86	0.25839704283032633
106	83	0.2522366497851054
106	43	0.2512250878068503
106	187	0.2466287252765129
106	194	0.2452006461309684
106	79	0.2414657197283501
106	191	0.2366760786605657
106	115	0.233114095974454
106	180	0.2320546830612073
106	34	0.2205270183805689
106	151	0.21564101670139374
106	126	0.2084687591975977
106	128	0.20542495195545493
106	20	0.20215657511991705
106	147	0.19903735540995648
106	163	0.1896171397179508
106	14	0.1892989848590798
106	31	0.1891157867523104
106	26	0.18700324005970104
106	68	0.18598976015430999
106	1	0.18520766217557494
106	77	0.17844879233959615
166	183	0.8020739501821028
166	176	0.7811055703071178
166	164	0.6459864616866688
166	114	0.6007436852434489
166	199	0.7102509030251066
166	61	0.5528871044877771
166	32	0.5480080904225271
166	174	0.5478121479646002
166	172	0.5399039318274693
166	139	0.5348114459558851
166	169	0.5303629334189852
166	182	0.5194016518490943
166	50	0.5149772851692149
166	70	0.5042805942500449
166	112	0.4957157361926801
166	134	0.4907516804480196
166	38	0.4873050343372284
166	165	0.4788723001641844
166	156	0.4635080306336551
166	173	0.4606137169160242
166	196	0.44717213449137583
166	57	0.43548050465362775
166	12	0.4342479475061545
166	36	0.4317209996624895
166	142	0.42414048134075416
166	100	0.4117527733464675
166	97	0.406682622957116
166	4	0.4048281191698926
166	181	0.401998191727535
166	98	0.3968630341664693
166	81	0.3932425685298371
166	111	0.378039272874396
166	171	0.3741414379680777
166	198	0.3730486962346365
166	141	0.37176534018179797
166	60	0.3522323363755633
166	144	0.34735264617603506
166	167	0.3345029613944785
166	41	0.3322185656255404
166	37	0.33158677882337084
166	8	0.3248054384232153
166	189	0.32322126179942484
166	105	0.30751631696681714
166	74	0.3002187443953846
166	140	0.2970946899909198
166	63	0.2927670053393219
166	13	0.2789747952225067
166	180	0.2684938950154257
166	96	0.2664791573962182
166	185	0.2655034464462215
166	153	0.2629268211330528
166	80	0.2585743480072862
166	162	0.2569779754935861
166	137	0.2531259942474366
166	122	0.24839355254507714
166	94	0.2417011290891721
166	197	0.23683654955622835
166	6	0.2362040306217688
166	68	0.23000050503214176
166	146	0.22721415560955655
166	91	0.21893765024235426
166	130	0.21253998271798968
166	159	0.2042369772246616
166	52	0.1980287416535076
166	35	0.1950677283883335
166	148	0.19415370812996416
166	58	0.18947252880488044
166	95	0.18624075404162874
166	118	0.18234763617939534
166	108	0.1803070129642846
183	182	0.7716121601127337
183	176	0.6639193523106847
183	164	0.6124046399700062
183	199	0.6045264380389664
183	12	0.5626279293676636
183	112	0.5526509927233095
183	172	0.548294897690109
183	50	0.533854031599332
183	60	0.5292048141139634
183	81	0.5061350575393363
183	70	0.494817630390873
183	156	0.4919653868677993
183	97	0.4913587722039771
183	173	0.4898173467029928
183	174	0.4875032680056053
183	181	0.4863360172249622
183	169	0.4732810132286162
183	8	0.4720151495171101
183	111	0.4644575416117473
183	171	0.4610705391242231
183	180	0.4569503592861419
183	198	0.4383932099640289
183	61	0.4273090703029038
183	142	0.41844874106189817
183	57	0.4181764862617731
183	98	0.41088872561318585
183	80	0.4041171776385165
183	196	0.38835380129472624
183	32	0.3869517549722689
183	191	0.3847303161218354
183	118	0.3785448409740383
183	165	0.37506988208727415
183	108	0.3702993711959076
183	91	0.3652926267222211
183	13	0.36202989025231497
183	167	0.3614475630699159
183	189	0.36015152610728296
183	38	0.35297665587294985
183	94	0.348143810156084
183	86	0.3400331389635814
183	52	0.33871474955609554
183	100	0.3353375200387648
183	4	0.3325121116049504
183	105	0.3311238729402724
183	144	0.32231648344296165
183	88	0.32124073337954745
183	162	0.31944597389041485
183	78	0.3160206157305867
183	146	0.3151292074747288
183	148	0.31413810137449105
183	197	0.3075978037456628
183	17	0.30612128949852985
183	41	0.3057859243189751
183	154	0.29444838666063045
183	36	0.2926481434436661
183	74	0.2918433021639106
183	134	0.2811773161206306
183	96	0.2772771272652107
183	75	0.27307166648520803
183	58	0.270598966432686
183	190	0.2678906476526103
183	139	0.26712004176718873
183	114	0.2520119057827375
183	82	0.2499317376172344
183	140	0.2466569002961975
183	63	0.2380255187673862
183	83	0.2311177790106224
183	68	0.22062215306569136
183	178	0.21575543361431695
183	6	0.2123299110124146
183	153	0.20612404142571947
183	122	0.20133157775521776
183	194	0.1869935897437729
176	199	0.7411697511201178
176	198	0.6135408005913043
176	112	0.6035864670111577
176	32	0.5945728593605641
176	96	0.5915584003357298
176	114	0.5908884319386949
176	70	0.5873691714256113
176	139	0.5661850580887647
176	98	0.5579282591191655
176	97	0.534032757710431
176	164	0.5296510318537563
176	182	0.5075469699421479
176	174	0.496951726347533
176	81	0.4911615197039534
176	181	0.4828851891347298
176	61	0.4816496463860325
176	173	0.4501034467819955
176	197	0.4389988692578694
176	95	0.413694174849304
176	172	0.41354496945699787
176	12	0.3923461132905332
176	38	0.38785266954742537
176	50	0.3875552795819928
176	142	0.3700750012214277
176	171	0.3666004119228435
176	111	0.3625771939974037
176	60	0.3592896311107334
176	169	0.3534317841839122
176	41	0.3445708682603873
176	80	0.3399446982101568
176	36	0.3384402863271026
176	100	0.3134709716464075
176	156	0.3119462315872665
176	57	0.30601253073311324
176	165	0.2952610106219536
176	141	0.29473148385648684
176	185	0.29089159306064755
176	122	0.2902873249623737
176	196	0.28954540672750617
176	78	0.2763352814739121
176	153	0.2469667979835421
176	13	0.2311840388586019
176	105	0.2256297717668332
176	94	0.22115482968338493
176	68	0.21694692364677096
176	134	0.210046507343438
176	178	0.20141792809395195
176	137	0.1954620957439646
176	146	0.19100498509938935
176	37	0.1889807902483084
176	118	0.1837393888191732
176	130	0.1811485964967199
176	79	0.17954258762557354
176	6	0.17931999261186052
164	153	0.5061424957747238
164	165	0.6226614024022873
164	182	0.5917403866119489
164	171	0.5290104019285702
164	173	0.4859771008902141
164	61	0.4829542001058199
164	8	0.4543989617196969
164	172	0.4480037859899268
164	118	0.4269002795177461
164	81	0.4202371487330933
164	169	0.41998186125503795
164	105	0.407166582110164
164	185	0.4063236782343096
164	199	0.39413827672916985
164	146	0.3897794944082565
164	57	0.3860501010399193
164	111	0.3858458504429327
164	38	0.3754651022596471
164	36	0.3711705522353568
164	70	0.3646511980908543
164	12	0.3557049137637781
164	80	0.3481086578310822
164	134	0.34683372566755943
164	60	0.3365440353495188
164	114	0.3354972691690394
164	17	0.32952027632635345
164	112	0.3259767362412769
164	100	0.32408070175299336
164	139	0.3097962382971892
164	174	0.3085481492267063
164	42	0.3075978037456628
164	98	0.3055592832556629
164	156	0.292428682338514
164	154	0.2902964822684805
164	32	0.2885281387622903
164	178	0.27822766637596824
164	50	0.2753559378349313
164	4	0.26809484722681953
164	149	0.2606354047298593
164	41	0.2585276904387749
164	198	0.25840637511589426
164	180	0.2539868465853392
164	101	0.24898458938187104
164	137	0.246018164207552
164	97	0.2397605096291723
164	6	0.2339082928386691
164	167	0.2277356959313487
164	107	0.2266829987933308
164	94	0.2230276596817698
164	181	0.2176519815114916
164	88	0.21525958423997696
164	162	0.20605701455715125
164	74	0.19650061424456344
164	99	0.1909857146838637
164	37	0.1876883201345543
164	58	0.18457022358907896
164	150	0.17880698640365986
114	150	0.4795117113701252
114	139	0.5638841750960079
114	38	0.48880578328336605
114	199	0.4813270154194479
114	72	0.4410792907023641
114	70	0.4370269978043183
114	141	0.4004795890337132
114	137	0.3856926376672696
114	178	0.38192375110168936
114	112	0.3815222359608931
114	181	0.3624121604523889
114	50	0.3493998620989767
114	32	0.3307498710171353
114	173	0.3281021824730936
114	198	0.31926637156420856
114	113	0.315948603432516
114	172	0.3124877438978093
114	13	0.31060059970612336
114	165	0.29780567818793313
114	96	0.2793067441731329
114	174	0.27717558125500136
114	98	0.2686516326889515
114	196	0.26077520964096457
114	169	0.23422021343075666
114	62	0.22889210053741085
114	27	0.22548740326860134
114	111	0.22359773852516032
114	36	0.2221722554150833
114	134	0.221164340567764
114	12	0.2209550913962982
114	142	0.2147636238474367
114	140	0.20911911463175695
114	158	0.20184963280414026
114	4	0.20163858695598708
114	182	0.1983938123186735
114	144	0.1929120252334297
114	108	0.1859511435546742
114	130	0.18554563459615075
114	146	0.18084875226059646
182	78	0.5743364783433232
182	80	0.5178957855878228
182	181	0.4933360906229164
182	172	0.4752651778926842
182	198	0.4438137062475884
182	162	0.438522450720556
182	156	0.4308907450252731
182	112	0.3901695375416103
182	111	0.3832724682225402
182	60	0.3782963696013345
182	118	0.3767614954762712
182	98	0.373823187198178
182	8	0.3612997635275808
182	173	0.3544377237498105
182	154	0.3441654194025838
182	153	0.3341210201404204
182	81	0.3282984850710465
182	199	0.3282627957982083
182	43	0.3280754117408598
182	180	0.3258873594113552
182	86	0.31926637156420856
182	140	0.3185207769027709
182	178	0.3183230832594332
182	17	0.31402993922727623
182	12	0.3133357048946017
182	70	0.3120455240300825
182	108	0.3108987331354244
182	148	0.2982157135104921
182	97	0.296656994929147
182	165	0.2824017068098841
182	142	0.2817297864392008
182	171	0.270598966432686
182	184	0.2573048328939748
182	191	0.2553334597245813
182	57	0.2545012945437765
182	52	0.2543984164640867
182	88	0.25005361309312546
182	105	0.2485249100662759
182	167	0.24191768057674895
182	84	0.2417293763012681
182	146	0.2364967135545324
182	68	0.23501397542433802
182	58	0.23392719848843366
182	174	0.23076751278236435
182	91	0.22440508833099887
182	77	0.22133552929116676
182	74	0.21954688722822416
182	4	0.21953736921568487
182	15	0.21635602514240632
182	94	0.21527865742408855
182	197	0.21467777329555826
182	135	0.21405764310470934
182	50	0.21360913373155932
182	189	0.21253043443013864
182	144	0.21118372030723426
182	46	0.20781821935016964
182	96	0.20136036154923045
182	38	0.19975753586617614
182	117	0.1953082038014108
182	169	0.18455090484111691
182	82	0.18356545989802545
19	20	0.8020382795833321
19	121	0.7348912750346552
19	124	0.6312190315393622
19	116	0.427734027457204
19	120	0.411785991185494
19	119	0.4016376185161989
19	105	0.3735908945773309
19	23	0.3655958843915132
19	107	0.3645298077640072
19	117	0.3616909580152545
19	148	0.35765993456649464
19	8	0.34818774918556483
19	115	0.2989352870728538
19	161	0.26716647349117223
19	4	0.2647317850005009
19	193	0.2500254886864382
19	91	0.24512545452471535
19	100	0.2444674022603641
19	90	0.2373556315350528
19	123	0.2355240855908573
19	58	0.2317424294548284
19	17	0.22787791154006626
19	184	0.2127786767189488
19	6	0.2096163205016772
19	99	0.20578888775243329
19	163	0.2048214595615456
19	111	0.19442313869039266
19	159	0.19442313869039266
19	125	0.19400935827649501
19	191	0.1939708635630261
19	128	0.19273871792625627
19	88	0.19228613662180166
19	178	0.19021477749250856
19	149	0.1865592881990384
19	126	0.18508211839772185
19	42	0.18345916434270046
20	124	0.7074198489653143
20	121	0.629779127565642
20	23	0.5375830353457416
20	116	0.37670143033796616
20	53	0.3674656985579557
20	117	0.3609867163305932
20	90	0.3472735025495539
20	119	0.3371025618660326
20	120	0.32687018386774924
20	1	0.3152552990125508
20	102	0.2956625996353303
20	22	0.2848752923105077
20	123	0.2791592195428264
20	128	0.2668971522302965
20	126	0.2434328652178304
20	125	0.2422095161904457
20	147	0.2410419112683223
20	194	0.23337886287479595
20	193	0.2314111991960803
20	91	0.2242626371836033
20	115	0.22330321686382665
20	135	0.2033935330651173
20	5	0.1966640446600412
20	144	0.1951927785320812
20	45	0.18987741862811136
20	163	0.1858063261905856
20	189	0.18419348229474203
20	25	0.1802779881258596
121	119	0.6943308874874774
121	124	0.6059332438103012
121	123	0.4432594463217633
121	120	0.4304834907352329
121	17	0.3935215012157616
121	116	0.3774648796479316
121	161	0.3467985369247229
121	72	0.3125328607633441
121	23	0.31056445816642075
121	136	0.3064565787165003
121	105	0.3030911948751816
121	163	0.28577550984805294
121	117	0.2713865448622489
121	149	0.2485718212517607
121	128	0.2352218137300036
121	115	0.2257626403377433
121	58	0.2229231286647957
121	107	0.22208669615051055
121	178	0.22206768251607176
121	148	0.2082009121526271
121	158	0.2051471732442222
121	126	0.2006502599054185
121	6	0.18764972892107076
124	119	0.3789816755415337
124	23	0.34185367873470834
124	116	0.2739968454016296
124	144	0.2517122048241501
124	123	0.2464408811590928
124	148	0.2432917490000202
124	102	0.22831397876148746
124	72	0.22252396309825045
124	161	0.18292762225809064
124	25	0.18236697109567088
132	125	0.6580009643477934
132	28	0.7803246031367226
132	26	0.6418067658726911
132	133	0.6008587120683468
132	128	0.5431267521031168
132	142	0.5199636978352761
132	23	0.5176981762926259
132	21	0.4971700761783948
132	115	0.4490662114908177
132	147	0.4226467390863071
132	22	0.4225810272859019
132	94	0.4221866631916312
132	117	0.4195122882103172
132	18	0.4181847375115313
132	130	0.3922361192923493
132	83	0.3484952795475618
132	2	0.3436628372697911
132	34	0.339865096390758
132	45	0.3376697110208221
132	82	0.325288384440659
132	180	0.32168009833653904
132	76	0.3191226731875072
132	25	0.31849382030975143
132	15	0.3139037397522252
132	90	0.30967871014678416
132	91	0.3041170364671091
132	16	0.2936079230866758
132	109	0.2934342924690683
132	14	0.28456285439749823
132	194	0.28357919960683564
132	46	0.2787165666004409
132	5	0.27271070963500843
132	44	0.23417295583278075
132	62	0.23172350345818396
132	188	0.2312313660085072
132	84	0.22660710823180005
132	27	0.21681350883096698
132	126	0.2146968514827155
132	31	0.21246359527886213
132	77	0.20071744072484335
132	29	0.19714465898698025
132	53	0.19527934799118032
132	191	0.18609595284030192
132	135	0.1796780712434693
28	133	0.619867574321748
28	26	0.6232243890930959
28	23	0.5349685023521289
28	125	0.5105253092917315
28	142	0.4620778339647957
28	25	0.4458430875966634
28	46	0.4435968623320966
28	45	0.4421257738333047
28	128	0.4391280249837389
28	194	0.4346454629632496
28	152	0.4207804424557761
28	76	0.4176234953628525
28	21	0.41258289092019
28	115	0.4035480726077723
28	147	0.4029870312003397
28	84	0.3872408081676229
28	29	0.38478143389681196
28	130	0.3805819568672043
28	180	0.3753877873111113
28	90	0.3686501090272723
28	14	0.3675089462113374
28	82	0.3667908294725531
28	31	0.3665051916281921
28	15	0.3650933008806376
28	83	0.3574244504017136
28	77	0.3519782900419671
28	18	0.3383163163098471
28	22	0.334582888687224
28	27	0.3264324674126966
28	117	0.3231227502155567
28	16	0.30477937367153096
28	2	0.29959990743622944
28	44	0.2981883812443265
28	94	0.2818494637379272
28	73	0.2805785962237709
28	154	0.2776924782394913
28	53	0.2711086174398775
28	52	0.26177216711031315
28	188	0.2568285353791927
28	5	0.2545854632338524
28	116	0.2380443855546165
28	80	0.2338799340323605
28	75	0.23347341409849146
28	91	0.2276124345439469
28	163	0.2114894280970454
28	144	0.2021853489269781
28	187	0.199258233644732
28	43	0.19603910474616665
26	29	0.4927381282938238
26	133	0.5460249054830494
26	94	0.438377053594505
26	128	0.40767532706764775
26	115	0.3930396629161119
26	84	0.3894232458914796
26	14	0.3813598804449625
26	142	0.3692461843068643
26	125	0.3654572619400379
26	16	0.3538605020307939
26	18	0.3537905174301521
26	23	0.3509528180040266
26	15	0.31605662051425465
26	52	0.3096154218382009
26	46	0.2977509985042813
26	21	0.2963468854891085
26	5	0.29464016783017805
26	78	0.2844249949167945
26	25	0.2741448270295205
26	37	0.2734232940895453
26	117	0.271025230394898
26	22	0.2684567781756861
26	43	0.2672129039746722
26	180	0.26327120932433673
26	83	0.247267256596452
26	91	0.24622483753206498
26	45	0.2458490512091835
26	156	0.24295302806281696
26	2	0.2420494827289653
26	130	0.2390346392941693
26	140	0.23774249541011785
26	76	0.2370630747037255
26	44	0.22403469541476714
26	147	0.20798087157215656
26	109	0.20288540386961826
26	194	0.19391312037282024
26	82	0.1865689401373513
26	191	0.18278263765817251
125	91	0.6786245632152821
125	21	0.7306311925207001
125	142	0.5928375235873027
125	90	0.5812642792717136
125	45	0.5738537797411709
125	83	0.5391099278375627
125	194	0.5223019242959569
125	18	0.5036614033298026
125	180	0.4625495935596086
125	34	0.4495291278003312
125	115	0.4408617935595937
125	23	0.4360880736489189
125	22	0.4358693945642851
125	94	0.420928561123062
125	130	0.4181517320984421
125	147	0.4163512685996108
125	82	0.4136775975695538
125	154	0.4069496631539457
125	144	0.3929466517146357
125	53	0.39090684500523204
125	16	0.3889565537365545
125	52	0.3794525824275382
125	43	0.37119641891995503
125	118	0.3659077256089637
125	126	0.3658730806404542
125	15	0.36431300850626297
125	77	0.3503476573934395
125	191	0.3458480720680864
125	189	0.3375633892131828
125	156	0.3335256836504177
125	117	0.3309725037342669
125	109	0.33030449513883164
125	122	0.3218056057514725
125	14	0.31762194639150704
125	80	0.31630862850554264
125	152	0.3150751648380131
125	128	0.31344391931351395
125	62	0.3021100875166381
125	60	0.3019646837702054
125	44	0.2936718873790668
125	33	0.2906444204916464
125	196	0.2904338354793347
125	5	0.2900858507796633
125	46	0.2852060429604707
125	78	0.2735435709749149
125	88	0.2664884472600491
125	50	0.2615020187634314
125	2	0.25978702078677035
125	188	0.25839704283032633
125	31	0.2562586823205292
125	42	0.249594194975722
125	193	0.2438091247362429
125	35	0.2315436977425481
125	25	0.2311556420434584
125	63	0.218032999365432
125	76	0.20737804397169868
125	29	0.2046490045348133
125	135	0.1906002754763528
125	190	0.1900605618662222
125	81	0.18319823888591094
50	144	0.6155198778637461
50	174	0.5681047765701612
50	173	0.4561746397166809
50	194	0.44068453537687857
50	189	0.4370189076949307
50	12	0.4321602503859264
50	38	0.4283547786825422
50	75	0.4237795678748014
50	130	0.39073739339182656
50	90	0.3906441837141122
50	146	0.3823934262318717
50	196	0.38211164484585547
50	79	0.38200062054158895
50	113	0.3801286320619359
50	139	0.3766842682880215
50	142	0.3730056536983123
50	199	0.3693498185850244
50	169	0.36019503986758145
50	70	0.35797384270851645
50	36	0.3552593612276367
50	13	0.353142972138132
50	83	0.34686011658395594
50	148	0.3417741940438208
50	60	0.3251631924948162
50	45	0.3219311018579985
50	53	0.3205769404555896
50	122	0.31363327495771515
50	41	0.3117566543658887
50	165	0.3111697104466647
50	21	0.2863172345375247
50	82	0.28541732032550504
50	80	0.2800073060122213
50	188	0.2753374541509919
50	4	0.273182714669577
50	81	0.26723147582069595
50	180	0.2645922919000069
50	77	0.26139022125243305
50	171	0.2591621299418925
50	152	0.25856501659009234
50	91	0.25760362243352875
50	33	0.24542620324737036
50	158	0.2449656625705494
50	108	0.24478705581312865
50	172	0.2433199730677573
50	154	0.2417764540776564
50	111	0.2395908496273623
50	112	0.2353540632717912
50	156	0.23507066073084096
50	27	0.2333599521004037
50	97	0.2319695277268085
50	98	0.23104205084483584
50	147	0.22068874484775933
50	191	0.20787562732953765
50	110	0.20781821935016964
50	6	0.2045627722561398
50	105	0.19452897838716585
50	61	0.18821889051299728
50	8	0.18760148908953955
50	118	0.18681022688581533
50	140	0.18605733782102515
144	90	0.5533590617542441
144	130	0.499470204781572
144	194	0.4581205376822062
144	189	0.4466199386129759
144	21	0.4330543862441026
144	53	0.4123339275048092
144	173	0.3939777802585434
144	91	0.3781249782649264
144	180	0.37450258883325627
144	142	0.3720927743112456
144	45	0.3601689317994718
144	196	0.3441125253005428
144	25	0.3351688750336703
144	23	0.32197591915484003
144	135	0.3125509071147589
144	82	0.30161020328374355
144	174	0.2954344368684903
144	4	0.281490405544873
144	84	0.26345733717550235
144	75	0.26164175578528376
144	148	0.24304712315905
144	147	0.23663831892576126
144	154	0.22828554238491025
144	80	0.22252396309825045
144	38	0.2169659822447207
144	169	0.21069641313219792
144	27	0.2083922346594078
144	140	0.19253651086968315
144	33	0.18457988290957605
144	73	0.1823283011220923
144	60	0.18004577812007405
174	169	0.5366936825826132
174	173	0.4525242438500498
174	81	0.3992110025438181
174	32	0.3966271080311419
174	112	0.384253103109705
174	61	0.3768901958182348
174	146	0.3731261687536567
174	12	0.3680018570923741
174	36	0.3617257246982799
174	171	0.3568399045047029
174	180	0.3438568396868901
174	41	0.33430756330901856
174	139	0.330429215222301
174	62	0.3278076754403195
174	60	0.3188531991811745
174	97	0.3084214720299466
174	82	0.3057587292204522
174	190	0.29272129029613786
174	165	0.2884823005253903
174	38	0.2874643514424017
174	70	0.2826961599588476
174	130	0.28043118550316737
174	172	0.2734417987823956
174	86	0.26270339836200624
174	94	0.2614181712878157
174	141	0.2479431145657777
174	113	0.2387989096018855
174	191	0.2387329002429318
174	88	0.2360623944561884
174	189	0.23398391437627064
174	137	0.22195359716313312
174	91	0.21464915570765047
174	142	0.2146014589087886
174	111	0.21354232675306875
174	53	0.21113594973104172
174	79	0.20694735635285455
174	156	0.19537553271019564
174	199	0.19295053633425974
174	83	0.18613456728469516
174	150	0.1809938423829241
96	198	0.7951562773791394
96	97	0.741530071316525
96	95	0.6915237046179904
96	98	0.6310144563808201
96	197	0.5894546985693644
96	81	0.5321788422768128
96	70	0.5266297662304652
96	79	0.5028474623479664
96	32	0.4710041675199516
96	199	0.4689706875944397
96	181	0.4609366682595958
96	139	0.454137060334073
96	78	0.3997068577347965
96	112	0.38159058913716415
96	72	0.37216169601686144
96	122	0.3462001789835269
96	138	0.33778488325606404
96	61	0.33441414764704663
96	60	0.3280754117408598
96	80	0.3274416839987095
96	36	0.3208550542398792
96	68	0.30373583241083696
96	171	0.2935622326965858
96	86	0.27723097075560715
96	41	0.2694957480257816
96	43	0.2651780884532492
96	48	0.25814505289438777
96	77	0.25706203015815143
96	17	0.2376858858923239
96	42	0.2264837802009789
96	156	0.2212404261281655
96	146	0.20629638734774164
96	13	0.18629867225724733
96	173	0.18189322507868136
198	98	0.6756137881419032
198	97	0.6970502690990206
198	197	0.5688831132310176
198	95	0.5374408191610145
198	181	0.5181811236835067
198	199	0.4996953298961929
198	70	0.4929501175991633
198	68	0.4410792907023641
198	81	0.4241650841732576
198	112	0.4126077838728139
198	72	0.3730056536983123
198	80	0.3682006924249911
198	139	0.3658817419776531
198	78	0.34518760904374035
198	156	0.3109167998626382
198	32	0.30982335883384804
198	111	0.2820059515879612
198	61	0.2809562757724511
198	172	0.2787995730548374
198	173	0.2728310371213839
198	159	0.26138090447655793
198	60	0.2501567323072867
198	86	0.22364523819664608
198	79	0.2176329288762584
198	169	0.21582217407773532
198	178	0.19651984191916788
198	122	0.1898292208422732
97	81	0.7046615805165319
97	95	0.6019119654327777
97	98	0.5713063294022376
97	197	0.5365299115947371
97	181	0.5083631496191141
97	61	0.4968688875315241
97	79	0.4899845460556349
97	60	0.4769432915105846
97	199	0.4358612943502702
97	112	0.4265894817769296
97	169	0.4234513479039988
97	156	0.4193392309845298
97	52	0.4122924276126417
97	196	0.4024005448367745
97	190	0.4002360720900632
97	70	0.3949572787245221
97	80	0.3878101902083381
97	16	0.3682871320669989
97	171	0.36420893083292055
97	32	0.342462898818789
97	146	0.3373064092858561
97	142	0.33271666616745976
97	94	0.3306340874514187
97	86	0.3289139774206189
97	122	0.3137234355465625
97	172	0.3118830419391437
97	180	0.30959733896041736
97	91	0.2969396872571494
97	17	0.2964198580408147
97	68	0.2876936760186264
97	118	0.2797308040211691
97	191	0.2739136000334633
97	139	0.270728710184556
97	41	0.2700149979509461
97	72	0.2637830137125692
97	36	0.2560624621515336
97	154	0.2543703578065817
97	78	0.2502973402715201
97	63	0.2422377560217465
97	48	0.2371952024715018
97	12	0.2323479686472028
97	43	0.2294700608963325
97	83	0.2226760349763464
97	82	0.21956592312792236
97	57	0.21559334123979848
97	173	0.21215801956308566
97	152	0.20785649149551147
97	101	0.1978654027713248
97	37	0.1841065343051068
97	77	0.1832465603635137
95	197	0.7893104729669008
95	81	0.5209844469690019
95	61	0.42819146225652943
95	32	0.4026603153020721
95	181	0.39715786810762704
95	98	0.3858373391802957
95	79	0.3545076716782851
95	63	0.33988278610483835
95	70	0.33325902879204045
95	112	0.3228361312488914
95	199	0.3194010754598329
95	171	0.3179545803158421
95	37	0.3152823171799074
95	41	0.3098775983946811
95	118	0.2883539464276052
95	109	0.28186787485173725
95	139	0.2779324115016503
95	6	0.2711456770426727
95	60	0.24252013175352344
95	68	0.2424354233461252
95	196	0.2362229146856748
95	110	0.2310515170186721
95	12	0.2301899162702172
95	191	0.22711931608223535
95	122	0.21798537576573648
95	48	0.21487808608731288
95	146	0.20673676875435806
95	30	0.19716388159085368
95	36	0.19344150072462293
95	101	0.19285425746782195
95	138	0.189906336860352
95	190	0.18501451539932331
95	126	0.18287929494186012
95	62	0.17989096029866294
98	199	0.705707226687513
98	80	0.6071721468783668
98	70	0.5912527878183104
98	156	0.5755281038087025
98	139	0.5731491289838537
98	122	0.55254679755452
98	52	0.5022345513284442
98	78	0.45426405263035297
98	32	0.4235826492398753
98	185	0.3985551065920976
98	101	0.3936736157883094
98	142	0.3678981035551115
98	43	0.3565955338156345
98	112	0.3552593612276367
98	57	0.3206576888638969
98	38	0.3197692002423585
98	36	0.30356335099566234
98	167	0.3021464362571667
98	13	0.298252155771295
98	140	0.29117533590978834
98	72	0.2876019501451588
98	159	0.28582142580983044
98	12	0.2794173789935948
98	81	0.2766677583569121
98	100	0.2757717668797889
98	141	0.2688279106859779
98	60	0.2683918217880559
98	77	0.25981499588984985
98	6	0.2554362853668136
98	152	0.2534441821095776
98	99	0.24731419896123816
98	68	0.2469855780387925
98	111	0.2448622606840184
98	30	0.2444485974546387
98	151	0.2421342079673555
98	197	0.2367987928606101
98	79	0.2315910165704916
98	165	0.2239207153364252
98	178	0.22150670437466027
98	154	0.22028916331361603
98	61	0.2151165301252756
98	172	0.2076555556350643
98	37	0.2072344903552633
98	181	0.2059804100539829
98	196	0.1996999293601934
98	171	0.19956550881159332
98	42	0.1952023975110975
98	190	0.1946636769046182
98	158	0.17974581049672056
191	83	0.6464640238335927
191	190	0.6375351711149538
191	88	0.5800446536451871
191	193	0.5559208418727652
191	118	0.5435778037873978
191	16	0.5307652943633788
191	82	0.4772136301557137
191	86	0.4651474251516412
191	171	0.4587603018542061
191	91	0.4586576556649773
191	81	0.4306545589003768
191	60	0.4256155423418976
191	180	0.4153091414058399
191	77	0.4125745931323739
191	146	0.4117610779088094
191	194	0.40752523190606577
191	154	0.3969725534806851
191	90	0.3966608149738475
191	17	0.3873428087740564
191	63	0.3774820299237494
191	94	0.37176534018179797
191	152	0.3660549554103945
191	14	0.3634367375828075
191	12	0.3436716561980261
191	115	0.3037993731778484
191	46	0.30158293209843545
191	117	0.29969092869847624
191	148	0.2989717121450505
191	48	0.2964563430189107
191	52	0.2943113855885573
191	15	0.2902964822684805
191	80	0.2897835912901103
191	31	0.2883172719245521
191	76	0.2827053607616484
191	75	0.27762787490167945
191	79	0.2738766007745104
191	108	0.26978320933395394
191	29	0.2624240802796962
191	142	0.2585743480072862
191	43	0.2552119310641578
191	78	0.2505878966021651
191	147	0.24871254781105864
191	41	0.2378368410173949
191	18	0.2261422185317601
191	189	0.21926132867945125
191	197	0.2189281295584572
191	169	0.21873770712841326
191	181	0.21862344567190944
191	172	0.2114894280970454
191	42	0.20682292054291876
191	120	0.2065261619990628
191	112	0.1983649929502976
191	8	0.18603803009583994
191	61	0.17884570724916146
191	116	0.17855528741187215
88	193	0.7412283322373793
88	90	0.4934873995920015
88	17	0.4427048472525575
88	172	0.4353508385431934
88	86	0.4319569190427347
88	171	0.4057557886873167
88	146	0.37981205172757815
88	12	0.3751472185089944
88	91	0.3699800624627382
88	190	0.3323431081476309
88	194	0.3241433483506249
88	16	0.3228361312488914
88	180	0.3183051097367146
88	60	0.3150211201579596
88	13	0.3074982081811486
88	169	0.2997637417803878
88	111	0.2915962792835953
88	15	0.2871799431903083
88	83	0.26776997295258204
88	81	0.2596191610124914
88	118	0.2490783877135495
88	168	0.2261991493410441
88	112	0.20463942332735635
88	165	0.2025497869216858
88	42	0.1986723818532052
88	48	0.1908700890996641
88	135	0.18468613308121745
88	77	0.1842321249204558
88	94	0.18150643101535432
88	8	0.1812453132629856
171	165	0.6659221379523361
171	81	0.6261451701268583
171	61	0.5636112997076854
171	190	0.5426965514958647
171	146	0.5423790077650019
171	169	0.5237910891675931
171	154	0.4818569830947049
171	41	0.4776922941046454
171	42	0.4375931297036362
171	57	0.4262213014876376
171	172	0.4190589784710504
171	118	0.406682622957116
171	100	0.4021239437618555
171	60	0.4018053424857899
171	86	0.3900508435764016
171	17	0.374751888616055
171	32	0.3728248575147055
171	8	0.36625411950574416
171	101	0.3606735877588008
171	189	0.3478098235502885
171	83	0.3454254151632077
171	31	0.3452844983710021
171	152	0.3403691589658664
171	173	0.33115948674778084
171	134	0.3276559348239389
171	180	0.3271291745161964
171	12	0.32195799240925305
171	63	0.32011030288803344
171	137	0.31762194639150704
171	6	0.3158045679156956
171	62	0.3144445165015273
171	111	0.3132274823375977
171	91	0.3082042856707901
171	153	0.30368136674566537
171	48	0.3008918975656241
171	37	0.2896095368696213
171	36	0.2878771119312659
171	79	0.27628909889524617
171	16	0.26719433193014186
171	70	0.26680427316067706
171	199	0.26655347492042786
171	105	0.2599082430836281
171	75	0.253257019415703
171	94	0.241352713137683
171	149	0.24066511544017866
171	52	0.23327485143136756
171	197	0.2329060405876523
171	77	0.2288352432522493
171	185	0.22448105835549845
171	14	0.22193458234671345
171	80	0.2187948356075044
171	122	0.2120434179690298
171	110	0.20276075170593036
171	112	0.20267445020431213
171	167	0.20245388762118535
171	30	0.198067172733768
171	74	0.1977212711022472
171	120	0.19558712586022256
171	38	0.19389387234413905
171	13	0.1827053092870052
171	4	0.1788747475197309
83	194	0.6884851407017648
83	152	0.6123046364829327
83	82	0.6662614941602825
83	147	0.5553540029489952
83	154	0.5362022483485037
83	90	0.5353681154661506
83	115	0.5278139066454414
83	91	0.5230650662303469
83	31	0.5157777657736081
83	75	0.5058969942528366
83	14	0.5014190463184447
83	180	0.4991774412573498
83	77	0.4974109408628578
83	80	0.48494525911006
83	189	0.4833604763525026
83	79	0.4752187291875719
83	142	0.4666897764471224
83	43	0.4606767413937978
83	45	0.452675323002164
83	46	0.43242858048979177
83	86	0.4208462757450665
83	16	0.40912511063340345
83	146	0.4065073400486662
83	190	0.4028194974092477
83	52	0.3939270921698857
83	117	0.3912964831598503
83	44	0.38718980430924815
83	78	0.3787504312048711
83	94	0.3698764840941979
83	81	0.3657778017484656
83	63	0.34760763086406765
83	116	0.3461561709499805
83	5	0.3403780004241288
83	118	0.3398208710534497
83	60	0.33456512748256245
83	109	0.3341210201404204
83	76	0.3300817520150857
83	122	0.3229525773493511
83	148	0.31864656752463466
83	196	0.3142462553673289
83	33	0.3079418092839021
83	120	0.3061031635924355
83	21	0.3054776839946787
83	156	0.284094084176131
83	108	0.26998718496863033
83	18	0.2515529690476038
83	29	0.2504848011331201
83	188	0.25005361309312546
83	41	0.2350234230864479
83	15	0.1986819871269688
83	48	0.1949138118127672
83	128	0.1892604179312999
83	101	0.1858063261905856
190	169	0.59489600482433
190	31	0.4895740833124169
190	101	0.4564200954543112
190	81	0.4522379173661938
190	52	0.44801177888019533
190	63	0.4307115747470571
190	16	0.4098741895903064
190	158	0.4002696639957216
190	152	0.3910932111793025
190	82	0.3910847406851736
190	100	0.3698505880652603
190	118	0.3648332603422257
190	75	0.3612736793704364
190	12	0.35718019659002564
190	180	0.35714529919917154
190	94	0.35699697416509596
190	76	0.34778345242533315
190	154	0.3462529866127072
190	60	0.3448792758747574
190	122	0.34278946351474376
190	79	0.3349203064016165
190	91	0.32768271380835323
190	193	0.3275577407104865
190	6	0.3255029726758719
190	112	0.3180175022572369
190	188	0.3150211201579596
190	142	0.31233433601012744
190	86	0.3109077665271167
190	156	0.3070182442328789
190	146	0.3023099947156416
190	61	0.2931052550512113
190	165	0.29238295739670056
190	57	0.2783014718822851
190	17	0.2732845024429185
190	80	0.2637364921729445
190	149	0.2612970513021489
190	194	0.25915280156781323
190	30	0.2578836928930899
190	77	0.24746440672611306
190	189	0.2450032618750742
190	41	0.2435833778246127
190	13	0.23840282036526625
190	74	0.23749717584016736
190	172	0.2246994569741073
190	8	0.2135614146650384
190	14	0.21350415044001134
190	46	0.2104288273869528
190	108	0.20697607135832213
190	134	0.2059516827143532
190	15	0.20485020083002325
190	90	0.20043910790382624
190	38	0.19573138347833036
190	21	0.19457708584303945
190	181	0.19202610609679985
190	32	0.1920164748185598
190	111	0.18889400300895925
190	116	0.18826711874154656
12	112	0.7930878200496706
12	13	0.7805200736120926
12	111	0.7184625916657293
12	70	0.6838709386740235
12	108	0.6149170168905422
12	8	0.6046025782494341
12	38	0.5325371397477043
12	199	0.4945759423657945
12	6	0.4826014143455194
12	113	0.4698361105451713
12	110	0.4530091952273479
12	139	0.42336927553331105
12	32	0.41124606575125777
12	105	0.4079671157111674
12	172	0.3945689641787173
12	4	0.3785705417962644
12	169	0.3694016322794102
12	36	0.3565518910562671
12	63	0.3552506232887319
12	101	0.3397324158702931
12	60	0.339192709139933
12	79	0.30898238794026434
12	181	0.2963286418105125
12	17	0.2914681780295063
12	118	0.2808365331353643
12	100	0.27933440357364064
12	122	0.267593587124946
12	74	0.2675007452736541
12	30	0.26270339836200624
12	41	0.26151133490601103
12	196	0.2566790829825392
12	86	0.2480369646597103
12	81	0.24801819501331826
12	197	0.2325466219798837
12	58	0.2302846153502689
12	158	0.22313218556994205
12	165	0.22251445824624166
12	99	0.2174900288261264
12	80	0.21707080157653305
12	57	0.2146205377511758
12	193	0.2070526429627504
112	70	0.6529534454969831
112	111	0.6206120902121445
112	199	0.5796397460261999
112	13	0.5773443035171993
112	139	0.5480150872555121
112	38	0.5449501675581803
112	181	0.5219018490233189
112	108	0.4828161721649914
112	32	0.4740954135537456
112	113	0.4176895404054445
112	197	0.3883283255581753
112	60	0.3735822902467512
112	169	0.37079973313314935
112	36	0.3567962704620933
112	81	0.33664157293064906
112	8	0.3316223803594763
112	172	0.33006393097670034
112	105	0.2999184579834344
112	6	0.2825029310853849
112	79	0.27092330737100706
112	101	0.2539400714572768
112	196	0.2521430097562223
112	74	0.2471170332298723
112	86	0.2469761880343585
112	63	0.243837341243172
112	158	0.2436962545812484
112	80	0.23555242124279016
112	61	0.23545796751253986
112	72	0.2324804063573141
112	173	0.23104205084483584
112	17	0.2309095198189643
112	41	0.2261706841295433
112	110	0.2239587093766285
112	122	0.2111072869011758
112	68	0.17875858456789026
13	70	0.5949541505979211
13	111	0.5724503526336243
13	113	0.4664394348606535
13	8	0.4616451578054424
13	38	0.4495530651844053
13	32	0.4435486677399925
13	108	0.4115866677390651
13	199	0.4065073400486662
13	122	0.3728506872745671
13	79	0.3624382198918321
13	6	0.3555302065343987
13	172	0.35321299336308065
13	110	0.3432482792887641
13	139	0.3383960126693105
13	72	0.3341476707675934
13	105	0.31627263009603623
13	30	0.27938050154431376
13	158	0.27650152818914503
13	4	0.2729606110228135
13	101	0.2697368478576171
13	36	0.24685411375648825
13	63	0.2391194950881371
13	17	0.2317518923873623
13	193	0.23063496401121114
13	45	0.21697551148167069
13	80	0.2097023643680232
13	151	0.20831570756963624
13	118	0.20471607188888108
13	196	0.2037481998544297
13	100	0.2007750227818502
13	99	0.19878764261891887
13	43	0.1949138118127672
13	148	0.1824733106136961
13	165	0.18084875226059646
111	8	0.7614723364947847
111	70	0.6031985573758246
111	4	0.5864251772996109
111	107	0.5442186027214247
111	100	0.5375759252627182
111	110	0.5180567597144644
111	199	0.4726289098650383
111	58	0.4616215509660618
111	6	0.4320382568510298
111	165	0.4254599479934068
111	105	0.4125414012964233
111	57	0.4029116443356081
111	74	0.3969978255634613
111	72	0.3962646908603698
111	139	0.3951345058595922
111	185	0.37217031094152003
111	32	0.3639833979991013
111	113	0.3585927021711573
111	172	0.32881587415608543
111	159	0.3176848831330398
111	169	0.309606380427302
111	108	0.28268695910402597
111	173	0.2825213348232789
111	30	0.2740893354399944
111	101	0.26975539259822884
111	122	0.2486750217550081
111	38	0.24429815239043656
111	168	0.21428663437425602
111	134	0.2021853489269781
111	156	0.2004199113435935
111	162	0.1991910119762861
111	99	0.19706776705576293
111	181	0.1888264997826088
111	104	0.18556494598083492
70	199	0.7097649321409909
70	32	0.6503240289132253
70	113	0.5816746530663803
70	139	0.6819819588185329
70	36	0.5110722318630605
70	38	0.5025634932169833
70	110	0.4888666664149322
70	6	0.4816189252494505
70	108	0.4642692936253048
70	79	0.4187868922953303
70	122	0.4056221220523042
70	101	0.4032382812534536
70	72	0.37394361676614
70	8	0.3606735877588008
70	185	0.3529241303117706
70	80	0.3509177442268944
70	172	0.35086513171499034
70	57	0.3491803629962192
70	165	0.3455487045797388
70	41	0.3438303865398011
70	100	0.33852882914742083
70	30	0.3382543268969979
70	196	0.3209537264806961
70	169	0.3070273016030479
70	156	0.2998638540657829
70	159	0.2972040942594049
70	81	0.2852703477024727
70	63	0.275642408895812
70	61	0.2732474894151058
70	99	0.272525573766
70	60	0.2715347543203786
70	4	0.2693473621020604
70	134	0.2672036179772196
70	181	0.26430397107521697
70	197	0.2458396556036446
70	86	0.22456652137153274
70	74	0.2074928804350255
70	151	0.20093816440830733
70	158	0.19896052345623397
70	105	0.19828813962449507
70	146	0.1949522918569736
70	68	0.18055854840575936
197	181	0.6228634175019687
197	81	0.5438525095739023
197	61	0.4973958890660032
197	109	0.4581916460517216
197	68	0.4326480663493789
197	60	0.3627682570650432
197	63	0.34743178485433623
197	196	0.3416858719854665
197	105	0.339812025805636
197	172	0.3293598118606053
197	32	0.3188621824789044
197	199	0.30145566004272645
197	118	0.2858397918270909
197	79	0.2857479596411269
197	41	0.2703950635334141
197	94	0.2627871852039861
197	91	0.26017863253038026
197	153	0.22206768251607176
197	86	0.21928988622568807
197	78	0.205760158047064
197	135	0.1895207333562098
181	94	0.4778312079716774
181	81	0.4486509780056309
181	60	0.4440706391552346
181	196	0.4089002793093098
181	82	0.3411204679311668
181	61	0.33880327378919745
181	68	0.32907449472271844
181	84	0.328762360293123
181	199	0.31993976193276424
181	91	0.2992357678589911
181	63	0.29485931725027736
181	153	0.2908366691772345
181	180	0.2880238454543663
181	108	0.2865559025998178
181	168	0.2776555623539593
181	80	0.2727477343858609
181	17	0.2625451235178801
181	156	0.260150663099702
181	172	0.2506347563003063
181	162	0.2506160125619735
181	135	0.24757705474449576
181	142	0.24423232897601466
181	86	0.2427648241551535
181	78	0.2419835827691456
181	32	0.2303793100688729
181	74	0.21520236370232596
181	72	0.20660274848908308
181	169	0.20487894174524374
181	79	0.18971354242370145
18	22	0.7865806860253116
18	44	0.6247509857840611
18	34	0.563809146632422
18	15	0.5636249463999117
18	43	0.5435496222478094
18	126	0.5413901024883286
18	138	0.539152488089975
18	128	0.5350327420421307
18	115	0.5342686031131619
18	136	0.5175956904615967
18	23	0.5101555329781763
18	27	0.4921927443228164
18	77	0.4831228683350443
18	16	0.4614720257999938
18	123	0.4370674472905683
18	149	0.4290648794707908
18	45	0.3862798377243332
18	120	0.3771046640510972
18	33	0.3729884362342243
18	5	0.3498387452577281
18	109	0.34838106273846536
18	48	0.3457600301123611
18	78	0.33284116231438193
18	2	0.3251363641661693
18	21	0.31859265863212605
18	46	0.3168574913347708
18	14	0.3137324512943376
18	53	0.31222603828012946
18	142	0.3116573421038203
18	118	0.30955213078625304
18	25	0.3020555627586535
18	42	0.2934160144354826
18	117	0.2820151562884358
18	150	0.278762681811524
18	130	0.2654290842333122
18	62	0.2633828883880157
18	152	0.26302921381478395
18	17	0.2580050433042705
18	163	0.25231155840717
18	133	0.2508315542052666
18	154	0.2297921325429417
18	29	0.2271667363845056
18	76	0.21676585871932794
18	116	0.2166991468278021
18	151	0.21439158083630014
18	187	0.21268320216429867
18	79	0.20553030763913704
18	90	0.1786327357461491
22	23	0.6417655981379676
22	34	0.6354292640179091
22	123	0.6044883637908561
22	115	0.6031349383885106
22	128	0.6017142409295413
22	44	0.5812775217545172
22	126	0.5746446602019841
22	136	0.5623955119802323
22	27	0.5013816164330736
22	33	0.4972604094184854
22	138	0.4960098430228166
22	2	0.4735060238131996
22	25	0.448187604345662
22	149	0.43903115989054176
22	15	0.4111380460093736
22	130	0.3991353430738637
22	116	0.384236055987644
22	53	0.3839547406520803
22	46	0.381308605393274
22	120	0.3773791243847942
22	62	0.3700145865419261
22	45	0.3667994840856825
22	102	0.36467720869141457
22	188	0.3438039328469827
22	43	0.33498245293171075
22	21	0.3315511763428529
22	109	0.3272273994966018
22	150	0.3009919353014185
22	117	0.29746845568754043
22	5	0.29284014662454416
22	133	0.2886473119882997
22	137	0.28381827351215105
22	119	0.2759750235301419
22	14	0.2726274009923125
22	77	0.2651223067309064
22	142	0.2593113773503994
22	186	0.2591714582676208
22	187	0.2515154998264535
22	35	0.24731419896123816
22	163	0.23516513268821385
22	152	0.22831397876148746
22	73	0.21269274980254727
22	154	0.2120911693421666
22	48	0.2107537488285932
22	1	0.19620256597077707
22	141	0.18828640977874667
22	78	0.1831885744841536
44	45	0.6486589283614183
44	34	0.6028358263445561
44	33	0.5665790006772328
44	43	0.4983886651447746
44	140	0.4854498840677111
44	136	0.4701477535717826
44	27	0.4699529904115216
44	23	0.4347508978369712
44	116	0.42792192899676135
44	25	0.4260985433299132
44	150	0.4121596164599885
44	115	0.4083004864246715
44	137	0.4026770724605306
44	149	0.4012937001403503
44	194	0.3947124881567426
44	46	0.3800773007578624
44	120	0.3703770276614575
44	53	0.36856369613223655
44	154	0.3661761897243702
44	77	0.362368726794083
44	128	0.35254763203854056
44	152	0.3486709775072637
44	15	0.34452680395542296
44	102	0.33172917930055473
44	75	0.3237495225279138
44	138	0.3196255532687917
44	78	0.31826916200475525
44	73	0.29411042880231913
44	186	0.28600507653162915
44	142	0.2828709663149153
44	82	0.2649921424776879
44	117	0.25810771806362903
44	126	0.2558942566377631
44	90	0.2548940487572228
44	48	0.2531447126972923
44	16	0.2473986922921633
44	123	0.24517244962426865
44	151	0.2311272448344671
44	14	0.2260757973016337
44	2	0.22440508833099887
44	62	0.20597083431355234
44	80	0.20502264102090706
44	79	0.20460109810540594
44	141	0.20376736950973265
44	146	0.18881685631886988
44	130	0.1877655008230754
44	52	0.18285996376788768
44	122	0.1803263626821258
44	21	0.18013285922536654
23	25	0.7506794869328756
23	128	0.5661510854030518
23	53	0.5228761757825975
23	27	0.5105327028930705
23	130	0.4848458251895825
23	116	0.4670651486439866
23	115	0.4581126363902794
23	45	0.4267939653185468
23	117	0.42604943567260783
23	102	0.416285134267252
23	21	0.38387800591250576
23	133	0.3776277968121048
23	90	0.3618126370041576
23	46	0.3402453722310416
23	33	0.3360828508640845
23	123	0.32340930991596256
23	34	0.3120274713656012
23	15	0.3033000515292433
23	73	0.2986711792531236
23	194	0.2939185821543877
23	77	0.28342286298920993
23	126	0.2762706255064921
23	150	0.2747458688417249
23	29	0.2737840990806589
23	187	0.25949791919534304
23	78	0.2372801371173576
23	142	0.23381376193677386
23	178	0.2249842908111704
23	135	0.2242816312237989
23	120	0.22031770730550526
23	2	0.2136854821177384
23	43	0.19798070194701156
23	119	0.18508211839772185
23	147	0.17970710256069325
23	163	0.17941677531005565
23	188	0.1785165624149372
34	33	0.6476382990176637
34	62	0.6284256531948964
34	35	0.5658724368293329
34	123	0.5285565574962753
34	45	0.5125409584756698
34	138	0.4938504192637106
34	126	0.4819951775996265
34	128	0.4617159744003036
34	137	0.4449372485644747
34	141	0.4439341526374433
34	130	0.4386355215064763
34	2	0.4285670482045571
34	136	0.42255638421523706
34	27	0.3801371870516465
34	140	0.3673359460629328
34	32	0.3196255532687917
34	150	0.31499409705176656
34	21	0.3064112738040705
34	36	0.2950053996345154
34	53	0.2702189460506597
34	109	0.2687722458949235
34	142	0.25112202750414103
34	149	0.24551078031706175
34	115	0.2357696479333317
34	37	0.2200988603949139
34	188	0.21351369457941133
34	102	0.20888959851005875
34	122	0.2031634503812059
34	120	0.2021086179992579
34	25	0.19369175903260205
34	82	0.19180457734251335
34	139	0.1914674308716588
34	90	0.1871383406921716
123	126	0.7313715549313418
123	138	0.6939474411230409
123	136	0.6348207155622281
123	128	0.5835176736256811
123	120	0.5277922639283494
123	119	0.4685571496045331
123	62	0.4584049359722524
123	33	0.4515535378180252
123	137	0.4183249981981539
123	149	0.38065036737412256
123	115	0.3753877873111113
123	35	0.36407882094761385
123	2	0.2696441211534545
123	116	0.26341080705103154
123	27	0.2432823408858827
123	150	0.2298773783815413
123	109	0.2279063534953419
123	133	0.19537553271019564
123	42	0.18758219290351646
123	140	0.18084875226059646
94	180	0.7851657986162295
94	91	0.6874422637562955
94	81	0.5730148135739036
94	60	0.5563145597208455
94	61	0.5268970987307711
94	82	0.5224909708014331
94	142	0.4841341246753037
94	41	0.4535494809260338
94	16	0.382589777270782
94	80	0.3744252089223711
94	153	0.3680450850285989
94	37	0.3646251869212001
94	84	0.3604299870866088
94	130	0.3600557903183294
94	196	0.35395672438694503
94	156	0.3437157499299374
94	63	0.33847570417451434
94	189	0.3266379436062004
94	194	0.3226927995533128
94	68	0.3067646152929095
94	52	0.29160542897301395
94	154	0.28898644836306103
94	169	0.2865100076565485
94	90	0.282843366560216
94	86	0.28169296089112894
94	14	0.2770186343326814
94	21	0.27537442131528805
94	115	0.26790921224516023
94	5	0.2661353976404162
94	46	0.2510939191605717
94	128	0.2430094856693257
94	109	0.2323195880167419
94	53	0.2278589500205019
94	62	0.2271288002288573
94	168	0.21985144155394204
94	78	0.21605098321104427
94	117	0.21484947108061567
94	74	0.21176644004392428
94	173	0.21012297649548886
94	36	0.1837393888191732
94	32	0.180887443729836
180	91	0.7607023718310895
180	82	0.6545510195035669
180	194	0.6488558270711784
180	189	0.6247570826080283
180	60	0.6196951304231026
180	81	0.5675966174275855
180	90	0.5476231465144782
180	154	0.5310884468494448
180	142	0.5159318834705714
180	80	0.49189716654216903
180	169	0.4502230497391223
180	16	0.44757206358054347
180	196	0.442342969596539
180	53	0.41544980958685307
180	152	0.4065657710106616
180	46	0.4032299072308014
180	61	0.3972589351657287
180	146	0.3881839518396506
180	130	0.3861692297453183
180	52	0.3805734052609176
180	21	0.3581307664464233
180	86	0.3562638098233099
180	41	0.3420126334431467
180	75	0.33563037870671514
180	14	0.33398775899103217
180	84	0.3328500544523917
180	156	0.3178017582265066
180	68	0.3093531981966293
180	77	0.3071088154316468
180	172	0.30194650731383976
180	78	0.2566230351685268
180	117	0.2545854632338524
180	115	0.2485530569174839
180	79	0.2463375590004708
180	45	0.23638342202336984
180	173	0.2328776677461269
180	42	0.21871866396879708
180	147	0.2184044277913388
180	31	0.21012297649548886
180	63	0.2098457635940309
180	153	0.1985955382892585
180	48	0.1977308801462373
180	43	0.18331420894452533
180	165	0.18100351477770749
91	90	0.6094588682228952
91	194	0.5946439678522079
91	189	0.593407944283432
91	60	0.5702815544931181
91	82	0.5512394199780309
91	81	0.5317414610797029
91	196	0.4834217829937074
91	68	0.4645908585467004
91	21	0.4518560036761898
91	142	0.4459552519466264
91	80	0.4323472764219651
91	154	0.4313792185789272
91	16	0.4152512134396791
91	84	0.4079337726537704
91	61	0.4052962369455056
91	86	0.3952020132232713
91	42	0.3892535627709199
91	78	0.3665917558497308
91	14	0.3632457812954611
91	53	0.35723254080661365
91	46	0.3457688345819343
91	63	0.3448264112838025
91	172	0.3395908750760445
91	147	0.3389537512188499
91	115	0.32736133125602884
91	52	0.3171723168732895
91	130	0.31019395562646096
91	31	0.30821333574407994
91	77	0.30616660329272205
91	41	0.3014465687704703
91	152	0.30137383661934275
91	117	0.2971220417894848
91	193	0.28354241587610923
91	156	0.2821992393934609
91	118	0.2763352814739121
91	48	0.27459793998692383
91	169	0.2546976821540263
91	79	0.23951544048415396
91	45	0.2374405593279715
91	135	0.22397770614146606
91	146	0.2213165089953024
91	43	0.2187662715554256
91	62	0.20661232162234755
91	29	0.1985186922835468
91	76	0.19202610609679985
82	84	0.5093191434705469
82	194	0.6552078222237996
82	189	0.6142138074799698
82	90	0.5095486913632506
82	60	0.4947043486567546
82	154	0.4849605555236127
82	75	0.4777926231830245
82	46	0.4344913444064972
82	86	0.42971737802358456
82	142	0.41700410851402137
82	76	0.411785991185494
82	152	0.4094497793043026
82	45	0.3890244486477004
82	80	0.38319568637483503
82	196	0.35714529919917154
82	147	0.3501370981283853
82	52	0.34896960780050396
82	81	0.34802956152061504
82	130	0.3458744834673799
82	79	0.3184578773844097
82	31	0.3176758923413274
82	63	0.30967871014678416
82	21	0.3092175468132035
82	14	0.303145682027897
82	146	0.3014283860615269
82	169	0.2988442205814443
82	156	0.2972770261033064
82	77	0.2972040942594049
82	53	0.2852060429604707
82	135	0.2758826372021792
82	113	0.2403824709511944
82	16	0.23476832062732034
82	5	0.20332642793486488
82	29	0.2032305601495687
82	122	0.1873023819429073
82	115	0.18189322507868136
82	61	0.17844879233959615
133	128	0.6194548409631855
133	126	0.3655872209633472
133	115	0.3521009395770369
133	5	0.3064203348976189
133	29	0.2972952585222974
133	25	0.2949688803310317
133	2	0.29259328105656096
133	147	0.2856744901134973
133	117	0.2579677055830524
133	138	0.22602835227867096
133	116	0.1982208909642242
199	139	0.7251680677692701
199	32	0.6185480906517281
199	38	0.5265502689057382
199	156	0.486313112572438
199	122	0.4749167480429374
199	100	0.4669322235658962
199	36	0.463248888104402
199	57	0.4349536237131411
199	196	0.4181022219085986
199	61	0.4020904113691521
199	134	0.3966776680441035
199	185	0.3843468575973295
199	4	0.3736855379703628
199	101	0.36825255697414094
199	6	0.3675521922753584
199	141	0.3640527972650174
199	142	0.3457072020163793
199	159	0.3441566038706033
199	169	0.3426923853624175
199	30	0.3333390308500733
199	165	0.3274149002773069
199	60	0.3264324674126966
199	113	0.32627163843250995
199	167	0.3117837383462259
199	110	0.3098052785320899
199	108	0.3017011036703197
199	72	0.29843435403097657
199	172	0.2981883812443265
199	105	0.2980334891668461
199	8	0.29371757454930497
199	99	0.28884896937975824
199	80	0.2878404264381119
199	81	0.2827237622111821
199	37	0.2738488507982901
199	158	0.2702374855848864
199	52	0.2690505518902471
199	41	0.26863307606324355
199	173	0.23764814531674205
199	74	0.2166896163923524
199	107	0.20896610644220945
199	63	0.20792346621844893
199	140	0.2049460025067266
199	189	0.19475988563675234
90	194	0.7811055703071178
90	45	0.5786960647012367
90	189	0.5075098491964876
90	193	0.4820489134319237
90	147	0.4147379901867244
90	77	0.407992122290079
90	21	0.4055970576264881
90	31	0.36134323586626094
90	33	0.3556175632555364
90	135	0.34538138033857896
90	53	0.336473094390708
90	84	0.31418316652928263
90	130	0.2973864173648103
90	154	0.2968029071425388
90	86	0.29604583714643073
90	142	0.29473148385648684
90	146	0.2876661588106754
90	79	0.2523583747603904
90	29	0.2500442383377781
90	152	0.2446648416160284
90	60	0.2429059788000104
90	76	0.2325749994439609
90	196	0.22768828856893086
90	16	0.226711457044334
90	46	0.22409168315597994
90	52	0.2176424552146083
90	75	0.2154503086886594
90	42	0.20999871281828653
90	25	0.20166736703829072
90	80	0.1934992548773785
90	102	0.19309494766711932
90	117	0.1814677485179101
90	169	0.18055854840575936
194	189	0.6615134990933257
194	75	0.5715353120013983
194	45	0.6115164241707293
194	152	0.5692414823081452
194	154	0.5032657453985843
194	77	0.4986216278533814
194	147	0.4827778268121407
194	80	0.4518400870093122
194	31	0.4310861647722309
194	21	0.4247061880409298
194	52	0.4065741180194638
194	16	0.39714944541789793
194	46	0.391728309348412
194	84	0.3887952863886886
194	146	0.3849347730594477
194	86	0.3800944114527013
194	14	0.37512144028194977
194	43	0.3717481042430091
194	142	0.3638012056975792
194	53	0.3633499430548873
194	116	0.358305102427908
194	76	0.34971587344126154
194	79	0.34686011658395594
194	60	0.33805062673064634
194	196	0.3369607363196367
194	115	0.32297049126629745
194	186	0.3040353580772168
194	29	0.3002460402107004
194	156	0.29179756012212416
194	135	0.27761864564842603
194	5	0.2743482805706151
194	151	0.2739043502947301
194	117	0.26223784378717346
194	102	0.2529387993269452
194	184	0.2518245983446252
194	78	0.2464784514644021
194	169	0.24521944357164566
194	148	0.24516305069652594
194	59	0.239506014138039
194	187	0.23759153310804115
194	193	0.2360151801716557
194	122	0.2311367106145557
194	188	0.21584124241120894
194	15	0.2120338675728902
194	159	0.20270321772140729
194	25	0.1950677283883335
194	33	0.19324897720162265
194	56	0.18459920144359374
194	130	0.17910705846010386
189	172	0.5543988885012061
189	154	0.5169877908428169
189	46	0.5090524807445174
189	80	0.4907061293395289
189	60	0.484034588571905
189	196	0.4730093664629875
189	146	0.4703580463663766
189	152	0.469937407381322
189	75	0.4684478788496464
189	84	0.4593601422286103
189	86	0.4574012237348048
189	147	0.4191661432767913
189	31	0.41875390704124255
189	169	0.41799494130898496
189	186	0.4033973748513607
189	53	0.4014866439029436
189	68	0.3918044960660507
189	14	0.3438656572813078
189	184	0.3399446982101568
189	142	0.3154264054397968
189	134	0.3008282337401945
189	63	0.2894904359651337
189	61	0.2892613705699744
189	167	0.2887114784827405
189	21	0.2834320596779515
189	45	0.282668557238326
189	135	0.27853209290462505
189	156	0.275013956739148
189	165	0.271025230394898
189	4	0.27038579464325563
189	100	0.2661353976404162
189	79	0.25576341941323
189	101	0.2485155276892679
189	187	0.2484967627953531
189	81	0.2481777310709879
189	151	0.2311367106145557
189	113	0.22874047764084945
189	102	0.2267399149082311
189	29	0.2259524380114135
189	52	0.2198324081633813
189	16	0.21846156501288413
189	188	0.21743286619501515
189	159	0.2157649680896742
189	122	0.2077703782737118
189	77	0.20265527166522995
189	5	0.20255937663809967
189	42	0.2025018377569302
189	117	0.201437116633016
189	115	0.1953947692030506
189	130	0.19164082613399275
189	104	0.1898966974862143
189	1	0.18372972640304988
189	48	0.1835557968430684
189	148	0.1799973985086981
75	152	0.5542464887038693
75	14	0.4836899437934916
75	100	0.4626439140686261
75	188	0.4389342845903762
75	101	0.4381831550639361
75	76	0.4367923559259686
75	59	0.4365252773340853
75	156	0.4352535771048328
75	116	0.4274725377221894
75	154	0.4191001970859927
75	52	0.41021525354690747
75	134	0.4037657084957716
75	186	0.3964079868359685
75	142	0.39276060518987893
75	169	0.3839632664069163
75	57	0.35945509289607425
75	108	0.3577035377552629
75	158	0.3465169918417859
75	4	0.3452844983710021
75	122	0.3264235329650897
75	115	0.32141111581241083
75	113	0.3200205470757581
75	31	0.31647061007455896
75	77	0.30875623800490337
75	45	0.3086024361040108
75	140	0.30671026056428
75	80	0.3065834250846156
75	151	0.2987531486469332
75	73	0.2978785813931417
75	146	0.2836895457917861
75	46	0.2827237622111821
75	8	0.2794358174091184
75	148	0.2708121116890978
75	60	0.2582103869929005
75	99	0.2568939169408954
75	167	0.2550529968022212
75	184	0.2475395061485904
75	107	0.24100423495319914
75	84	0.2393457593468825
75	63	0.2387706201468061
75	38	0.23808211859013115
75	120	0.2368837444197553
75	6	0.23516513268821385
75	36	0.2224099020827392
75	104	0.21967061758748727
75	117	0.2170803303585196
75	30	0.2146968514827155
75	16	0.21335143866813974
75	43	0.21224396692948164
75	21	0.21216756943257184
75	74	0.2093199223414698
75	86	0.20861223582642813
75	147	0.2065548822294421
75	196	0.2011588676908811
75	165	0.19761556911084016
75	5	0.19288314151776226
75	137	0.17963936233365568
75	110	0.17946516535695287
169	81	0.5285133184471386
169	61	0.4971625479218132
169	165	0.4920563379049662
169	146	0.4702100681150711
169	172	0.46231374647734297
169	60	0.4581521421259616
169	158	0.4204594417049177
169	86	0.4183827468007335
169	134	0.4093665408085589
169	101	0.3894232458914796
169	100	0.3556437690604123
169	173	0.33785575345061397
169	156	0.3361183323197714
169	36	0.3344230292891234
169	59	0.3155434664427579
169	168	0.3082404856292232
169	154	0.3010010293125949
169	139	0.2853622071645606
169	6	0.27817231008999593
169	196	0.26867946725361674
169	38	0.2646852885309845
169	79	0.2608963650507243
169	31	0.26041169413590604
169	30	0.2409194605883536
169	4	0.24022228764134124
169	74	0.2314395924646627
169	113	0.23074857776787425
169	62	0.22961215752790126
169	153	0.22589550050982635
169	68	0.2254019775464268
169	16	0.21768056015332546
169	8	0.2146014589087886
169	159	0.2066314677701995
169	52	0.2062485147639561
169	104	0.20533874830891324
169	57	0.19865317119118145
169	32	0.1952120164525608
169	122	0.1938361273624484
169	63	0.19059063874263554
169	17	0.18671371488928115
169	152	0.18307259890172065
8	4	0.7032390226571925
8	110	0.5839330103747187
8	107	0.6930286801807509
8	57	0.6194918161308748
8	100	0.5984828524581342
8	74	0.5963477813211221
8	105	0.5584721049842801
8	6	0.5067447427534698
8	58	0.5012019268602632
8	104	0.4111048068424709
8	185	0.4023670213451369
8	63	0.3975536590435522
8	165	0.3916097859987014
8	30	0.3788703415813535
8	101	0.3757056042372899
8	134	0.3700577402038033
8	162	0.3355682625900305
8	99	0.3316223803594763
8	108	0.3277808989131633
8	184	0.2898477117722465
8	148	0.2570059941471758
8	172	0.2569032569720555
8	32	0.2454449984746862
8	156	0.2347210758809997
8	161	0.21806157302685897
8	41	0.21336098345941168
8	118	0.20592295501973476
8	52	0.2031634503812059
8	168	0.2004199113435935
8	173	0.20008394663970847
8	122	0.19266168859576888
8	153	0.18485032939990464
8	140	0.1805392003636809
4	107	0.7387309346113564
4	100	0.6930494680544143
4	134	0.6643385518163071
4	104	0.6304664849864023
4	57	0.5868973738125389
4	74	0.5511837267139749
4	6	0.5066332528149112
4	105	0.4976818219931577
4	30	0.4891025435690733
4	185	0.4677450818116768
4	159	0.3951766984620833
4	165	0.3851562254481565
4	110	0.3782278161782602
4	162	0.37672717292801183
4	58	0.37009226198353934
4	140	0.3415357106345204
4	63	0.3375279466963073
4	101	0.3287534411106959
4	139	0.3175500152599743
4	167	0.3113142109969686
4	113	0.3043438974213453
4	1	0.3016647441737893
4	184	0.298543662548242
4	56	0.2975504896177017
4	161	0.2963742506015172
4	122	0.2887939744503372
4	156	0.2815732721289386
4	108	0.27220153743729103
4	172	0.26259167640963543
4	168	0.25495014964060314
4	196	0.2515529690476038
4	188	0.24423232897601466
4	99	0.24260483646317346
4	158	0.24145630276254976
4	73	0.2339366512469788
4	35	0.22503175938059108
4	52	0.19075445821867154
4	32	0.18404856737780934
4	141	0.1796877483839884
110	63	0.5018007239407287
110	6	0.47827094423773103
110	41	0.4334767723168864
110	107	0.4204676738088836
110	30	0.4128400883772345
110	104	0.4073500930512792
110	74	0.3977893791028985
110	57	0.3931580291774421
110	113	0.3896777210149545
110	134	0.3763581402161704
110	196	0.3760920192655007
110	101	0.3565518910562671
110	100	0.34879395150053777
110	108	0.3465961827095766
110	165	0.30076456723344586
110	32	0.2975322602350984
110	36	0.2679556228561297
110	37	0.2600108093984226
110	31	0.24149397035288084
110	139	0.21438204045334608
110	2	0.21407672660951604
110	33	0.21108817814623004
110	147	0.20089018273357565
110	79	0.19916220211591235
110	105	0.19884527093989035
110	61	0.1984034186985671
25	27	0.624586342740062
25	53	0.4952856831562741
25	102	0.4623530588685683
25	73	0.454890806472378
25	130	0.4515216932667621
25	116	0.37976070598921424
25	115	0.3703166286356107
25	46	0.37014404273671503
25	128	0.3700404789306738
25	33	0.35019851490386056
25	78	0.33480488368631645
25	150	0.33000155548954657
25	29	0.3170733792325026
25	21	0.3147959120028565
25	186	0.3097419957115611
25	178	0.3052237909372053
25	45	0.30012775479345816
25	42	0.2826409540496552
25	142	0.27530972824339056
25	117	0.2730624121412877
25	184	0.2681041284534657
25	140	0.2466662918767675
25	77	0.2356563152066521
25	84	0.2282665845841341
25	15	0.20948246803473405
25	137	0.1910917001470947
25	141	0.19083154606105268
25	187	0.19034007077755533
25	43	0.18774620586828544
27	130	0.5279293228943206
27	53	0.5129979402943862
27	33	0.4251568762795512
27	128	0.41938043785098056
27	137	0.3405017745194789
27	77	0.3387944216357897
27	187	0.30625722671893624
27	186	0.2842227797338467
27	45	0.2792237631905743
27	150	0.2776094163439282
27	141	0.27103449582303096
27	138	0.2674264682161768
27	15	0.2624892584344338
27	178	0.26228440474229675
27	126	0.2527796687520826
27	73	0.2467038577357163
27	136	0.2424071863887993
27	21	0.2376387100607294
27	188	0.2361568196814415
27	42	0.2359207482597612
27	102	0.2284371985580523
27	78	0.22689168364276915
27	140	0.22548740326860134
27	62	0.22505074650927984
27	142	0.2042753084017808
27	115	0.19595256203923547
27	149	0.19579870080167897
27	116	0.19415370812996416
27	173	0.1929794192697776
60	81	0.7476962384695334
60	86	0.6041582712759431
60	61	0.6075066504549304
60	80	0.4805044851083456
60	196	0.4750793671794412
60	79	0.4650847317890124
60	154	0.4646457476349338
60	146	0.43819931483276775
60	48	0.3934454358474375
60	16	0.3813855170908988
60	142	0.3565518910562671
60	68	0.3551632404852784
60	156	0.3471767647319643
60	172	0.3444651113779965
60	63	0.3386173659730825
60	36	0.33325902879204045
60	101	0.30801422124722155
60	152	0.30582218367419123
60	46	0.2906718860267822
60	78	0.2766954617755092
60	84	0.2614927025721278
60	153	0.2563147413477893
60	53	0.2481401943858252
60	43	0.24435457066816035
60	32	0.2439502031423587
60	77	0.2418329459068602
60	118	0.24001497217273626
60	108	0.235750759590806
60	74	0.2347116267986557
60	41	0.233397773472654
60	14	0.23264121198677035
60	17	0.23119350437612055
60	139	0.2274417528885868
60	52	0.2206506926527562
60	38	0.21729948092274096
60	59	0.21284550648987446
60	130	0.2074067536234839
60	62	0.20499390187265035
60	105	0.19727921403002865
60	31	0.19416333115465664
60	122	0.19212241684451872
81	61	0.7422853533954078
81	79	0.5372487788101007
81	196	0.4946514780934506
81	41	0.4737387283637402
81	146	0.4558895072124118
81	154	0.4502868313781479
81	86	0.4299619493797863
81	63	0.4038494024414824
81	80	0.3747261014954904
81	165	0.3637404687431546
81	101	0.3463585952884334
81	32	0.3437598421463037
81	16	0.33982971624114755
81	37	0.3367391032883019
81	36	0.33091907524122305
81	68	0.3279504746898581
81	118	0.32104342247211665
81	142	0.32066666062159377
81	52	0.30885574827922024
81	152	0.3083490801482769
81	48	0.3005826481578896
81	156	0.2951149523734539
81	172	0.26393187439206023
81	62	0.26175353750613084
81	173	0.24491866240370916
81	42	0.2444674022603641
81	153	0.23781797225490264
81	57	0.23481556426449696
81	77	0.22973530002488066
81	6	0.2281623135860806
81	78	0.22112629677784865
81	122	0.22089801990889746
81	31	0.20245388762118535
81	17	0.1970293201809104
81	134	0.18915435586929666
86	31	0.5565492901108815
86	46	0.5086597160611607
86	146	0.4607003743753738
86	84	0.4478599017191621
86	154	0.4452820558369365
86	77	0.4406120107580062
86	16	0.4141416576904802
86	14	0.3957503522776769
86	172	0.3890838532283997
86	152	0.38200062054158895
86	68	0.3706013394785365
86	80	0.3622731672057671
86	79	0.3316312805959293
86	78	0.3307676829897632
86	48	0.3281021824730936
86	187	0.30265522633307257
86	61	0.2880605267223215
86	108	0.2872900427172022
86	186	0.27988749418351644
86	43	0.27560544763781136
86	167	0.2702374855848864
86	15	0.2649549509169119
86	147	0.2522272859947618
86	17	0.2521898303610404
86	5	0.2381198509069677
86	29	0.2206506926527562
86	59	0.2030100494580525
86	193	0.1989413150856003
86	63	0.18571943189690107
61	37	0.5658452446784463
61	41	0.5723494988852507
61	32	0.5661239058696177
61	63	0.5459757736290431
61	62	0.5455193699273367
61	36	0.5320283004620754
61	196	0.4995527584921949
61	153	0.4229505983567007
61	134	0.4094248084712343
61	35	0.3990849004072427
61	57	0.3973178864999965
61	165	0.3911440327526934
61	105	0.3767614954762712
61	74	0.34255999426864525
61	6	0.3363932812468681
61	101	0.3242417872601821
61	68	0.31951780839606336
61	172	0.317451103986694
61	146	0.31448056103398964
61	139	0.2755037999765144
61	154	0.2747458688417249
61	156	0.2442605392863946
61	79	0.2407781618111431
61	42	0.23095685331212004
61	185	0.23095685331212004
61	142	0.22160179574599734
61	30	0.21108817814623004
61	100	0.2073876138953212
61	141	0.20562608139964095
61	38	0.19586601627976272
61	168	0.1891639980573543
79	146	0.4927532723273194
79	31	0.4476600239669106
79	113	0.4020149595417971
79	152	0.3926844859797571
79	196	0.3889056297802249
79	101	0.3354972691690394
79	77	0.3331612419815476
79	80	0.32784337665729196
79	122	0.32649500691264505
79	43	0.3116031689088101
79	16	0.28597753026240025
79	154	0.2824385163651009
79	45	0.27546683566293384
79	63	0.2658380373023311
79	36	0.2453510204930845
79	5	0.24096655791165675
79	151	0.2374499955253737
79	32	0.2330668125324587
79	41	0.2322628255690469
79	108	0.23225336500727525
79	48	0.222999151731146
79	147	0.21670867722194712
79	62	0.2096928040987916
79	139	0.20277992938970948
79	38	0.1941055924460314
79	118	0.1847730618289769
79	14	0.18450260734731375
79	59	0.18149676044364693
79	17	0.18100351477770749
37	35	0.530700645337135
37	32	0.5031985372315887
37	36	0.4983586001958914
37	141	0.4703191072852327
37	62	0.4561429629507692
37	137	0.41006553227305703
37	41	0.3842445795814259
37	156	0.35861013027164224
37	165	0.3426923853624175
37	63	0.34226868597372456
37	140	0.3319961394504846
37	74	0.3316401807733505
37	185	0.3257711608234482
37	57	0.32385694070380777
37	33	0.29835236750484423
37	52	0.2848201606041644
37	42	0.2771017257217104
37	196	0.2718126123407689
37	142	0.2691525861681319
37	153	0.2622657805067817
37	107	0.2518152324773233
37	134	0.2440160361989392
37	30	0.23283983667407204
37	101	0.22667351262364704
37	21	0.21261636755949972
37	38	0.211670922524015
37	100	0.20832527359536812
37	139	0.1862117944483877
152	154	0.7419079477028174
152	31	0.6141203876639041
152	46	0.6797289361258545
152	186	0.6083577151049032
152	115	0.5486095377542021
152	80	0.5465931580420319
152	77	0.5452383451737324
152	14	0.5282898730068006
152	52	0.4897109283507487
152	101	0.4879529195541105
152	147	0.480696740869349
152	43	0.4693684263428008
152	116	0.4496089165696536
152	188	0.43695418427429467
152	5	0.4205499910409639
152	142	0.4053881636924376
152	120	0.3946365072731409
152	16	0.3905509660254535
152	151	0.3769588300511066
152	122	0.3673013429824037
152	146	0.3646511980908543
152	76	0.3539217353060884
152	45	0.3535455401332362
152	118	0.3506985108140414
152	21	0.31984101821767724
152	187	0.30330913159249057
152	2	0.2974319947530059
152	99	0.2800902475535881
152	156	0.2720626458189034
152	117	0.2716366408532284
152	15	0.2688464652173045
152	149	0.2531540718511441
152	148	0.2486374949524069
152	78	0.23810098483839046
152	33	0.23016150569595745
152	59	0.2267304289966132
152	63	0.21943266831988675
152	56	0.21647993636569607
152	42	0.2088513435850116
152	196	0.20322097315669108
152	108	0.1976924437422938
152	134	0.19248836392162189
152	48	0.189906336860352
152	184	0.18760148908953955
152	29	0.1870225405832774
152	109	0.18347849112648468
152	84	0.17882634689565371
154	46	0.7350705982075924
154	146	0.6074814124148666
154	77	0.6119482147971818
154	80	0.5297229750214848
154	31	0.4644732270498816
154	142	0.4579783033517265
154	14	0.4498322869538071
154	115	0.4473881184211651
154	117	0.44308265445047457
154	120	0.4427048472525575
154	43	0.4406442446321228
154	16	0.4346779057320491
154	186	0.43157453722638656
154	165	0.4289751258688273
154	78	0.4270883449636457
154	116	0.41244181921602746
154	156	0.40774202895830425
154	52	0.4053296658019567
154	118	0.3903306014687221
154	147	0.3399358538040695
154	42	0.3316223803594763
154	48	0.32585160704816546
154	21	0.3220476238283115
154	148	0.32027184886895016
154	53	0.30390829391942203
154	122	0.2996454187492054
154	101	0.2944118542244696
154	45	0.2840756982606401
154	167	0.2700149979509461
154	134	0.2491159057380033
154	15	0.24880635968438305
154	76	0.2409853965232241
154	149	0.23367195729574655
154	33	0.22503175938059108
154	184	0.21569822589824114
154	137	0.20980752468286032
154	172	0.19619295090638134
154	196	0.19457708584303945
154	188	0.1940382289195181
154	62	0.19022441565755926
154	140	0.1836814137898852
154	153	0.18108089267529973
31	147	0.5834978880655931
31	46	0.5328880861979745
31	14	0.528484490890835
31	5	0.497824747909199
31	77	0.4797196029497707
31	188	0.4506295789539732
31	2	0.43179422234529297
31	76	0.4193474724960632
31	115	0.4193227477541036
31	186	0.3725837518965859
31	101	0.3636710512935961
31	84	0.3610997705412997
31	16	0.35780817904458273
31	63	0.3559669280002896
31	108	0.3524600579347138
31	146	0.33810376895912275
31	80	0.32582479216413784
31	59	0.32102548373451906
31	29	0.3178197381530725
31	122	0.30617566588508544
31	43	0.2987804707987328
31	116	0.2955530857150943
31	151	0.28821641267964004
31	187	0.2737285956329424
31	15	0.2693566365970647
31	142	0.25480989421475403
31	45	0.24691045670470266
31	38	0.2456893196333633
31	148	0.2432541162688163
31	165	0.24019401864004875
31	56	0.2284751108694614
31	120	0.22476592163936104
31	21	0.2199941866470113
31	113	0.2120720689144308
31	167	0.2072632017927349
31	1	0.20718663716616129
31	196	0.20403572827210145
31	6	0.1991333919112664
31	117	0.1937880055183144
31	104	0.18469579197370092
46	186	0.6170084007606382
46	14	0.6048436160341492
46	77	0.5797658955069611
46	115	0.5689439835946355
46	80	0.4934873995920015
46	117	0.479919743948917
46	43	0.4720462369980881
46	142	0.4519594549984962
46	84	0.4289180055297992
46	78	0.427734027457204
46	16	0.4159295867698314
46	116	0.39306502821171857
46	73	0.3663320441497088
46	29	0.35754655897738885
46	15	0.3511194049965406
46	146	0.3120003919464102
46	147	0.3117205416040338
46	5	0.2939368542843161
46	120	0.28391940954491346
46	76	0.26581945060075396
46	53	0.2632153671460851
46	187	0.250222350670788
46	42	0.24951917725893635
46	48	0.2456329405968343
46	102	0.23710082638966865
46	148	0.2345887846923346
46	118	0.2289584320629509
46	188	0.21901381421260346
46	45	0.21360913373155932
46	128	0.2049172624159485
46	33	0.20231962207722698
46	184	0.1885757578943387
46	130	0.18770761552401105
46	52	0.1864627668354658
46	153	0.1798232246988538
146	165	0.5168558883173409
146	172	0.4886840027350828
146	16	0.4127239428364584
146	17	0.4075919435858168
146	77	0.3641568885844458
146	80	0.3639313458972389
146	48	0.33746591998894243
146	118	0.3053688780005149
146	173	0.30261888990063657
146	101	0.2606447253974241
146	42	0.2544451799415049
146	62	0.2427554134799065
146	148	0.23217767893121366
146	14	0.2319506038362516
146	196	0.229290057787168
146	53	0.22208669615051055
146	15	0.22182048990379502
146	78	0.19509658667688545
146	120	0.18884578660082854
146	149	0.18334320066210286
193	29	0.2930321261918541
193	16	0.2550623462580631
193	135	0.21658477887676686
193	17	0.20257855595437685
193	168	0.1820479269518329
193	147	0.17995869419259045
139	141	0.623860031885184
139	32	0.5823821828554075
139	113	0.5704772080252246
139	38	0.5645998874441032
139	36	0.5625664157698169
139	185	0.480789007223848
139	158	0.4755515530350393
139	122	0.43260742468770175
139	30	0.41899302509431774
139	101	0.3786819052798103
139	6	0.3674829978100235
139	159	0.3617257246982799
139	134	0.3442623862492525
139	100	0.3404664116961916
139	156	0.3314443632355884
139	35	0.3083671784535581
139	72	0.30252804497105273
139	99	0.28922471703151603
139	165	0.2740985841650063
139	57	0.2686980233807788
139	196	0.2643690799092751
139	130	0.2638853567799409
139	107	0.2515904375147222
139	188	0.24512545452471535
139	62	0.24312239594297666
139	137	0.2395814236425311
139	41	0.2383367977769092
139	105	0.2344186832530941
139	140	0.232981699559877
139	59	0.2202320741980461
139	108	0.21829014885609369
139	142	0.1932200973892171
139	63	0.18280196939764728
139	173	0.18142906545889168
107	100	0.6505086556557909
107	74	0.6114475542954239
107	57	0.6077715758241591
107	185	0.6025874982768089
107	104	0.5835638372387154
107	161	0.5350969755457696
107	134	0.5276046650043332
107	58	0.487396533042677
107	30	0.4515376156861837
107	162	0.4171693162480544
107	6	0.4152925909020293
107	168	0.4094248084712343
107	105	0.4085171190078051
107	159	0.3965681183078513
107	140	0.3018010877605771
107	101	0.2904246789708693
107	99	0.2824661229857117
107	158	0.27933440357364064
107	165	0.2723033840829026
107	153	0.26090568435727723
107	167	0.25984297055683164
107	141	0.2418517761523077
107	184	0.23996785196664114
107	173	0.23971338331935904
107	35	0.2271382843323969
107	63	0.2253735015354233
107	119	0.1921320477157848
100	57	0.7302860342031807
100	6	0.6044693256310703
100	134	0.6205198555315201
100	101	0.5894546985693644
100	185	0.5893568084410788
100	74	0.5572667375887221
100	58	0.5105548832441285
100	165	0.5037808057371695
100	30	0.4849529073539266
100	122	0.4420292257353863
100	162	0.4194298838096221
100	52	0.4144895615644924
100	156	0.4021155607648072
100	159	0.3949488386037075
100	63	0.393191845716178
100	105	0.37168777643894585
100	140	0.3696865665381005
100	99	0.3683389927962597
100	184	0.3377051497087907
100	137	0.32902099106776594
100	104	0.31915859915767464
100	32	0.3106457753678794
100	56	0.3099137569814329
100	158	0.2970855726163811
100	167	0.2950327885465365
100	172	0.28528872001422323
100	161	0.2819783371750485
100	168	0.26874441282611405
100	178	0.2562586823205292
100	148	0.2414751366486732
100	188	0.23388938701201614
100	196	0.213370528209954
100	59	0.21130791908351185
100	113	0.20398780931220287
100	153	0.1988164569512665
100	73	0.1929216530643613
100	151	0.18307259890172065
100	35	0.18277297173543156
186	73	0.565253510857447
186	151	0.5628944163073918
186	187	0.5347543253747258
186	14	0.4815574794252366
186	102	0.460259117688284
186	77	0.4408456805999443
186	184	0.4218250223303656
186	99	0.4049702488000194
186	59	0.3715412529885278
186	115	0.35442897997981976
186	116	0.347291090449684
186	188	0.3416240429531981
186	80	0.3259856736038172
186	43	0.3179545803158421
186	56	0.3176489196234553
186	101	0.31511119348954464
186	15	0.3031366009734138
186	76	0.2939825336692201
186	167	0.2290816135405404
186	1	0.2238542241283936
186	178	0.21950881492732596
186	5	0.21183329990094887
186	53	0.1995078977053696
186	45	0.19537553271019564
186	120	0.18809349287101398
186	84	0.17991998931926456
186	48	0.17933934942924165
14	115	0.6998466986307332
14	16	0.5330098003194911
14	77	0.4634216585966395
14	15	0.4585786887278713
14	117	0.4395718593616436
14	76	0.4379568885625889
14	116	0.4288363990953711
14	43	0.4276359771927319
14	5	0.42165237367251096
14	48	0.3776363707521977
14	142	0.34297477420286154
14	120	0.3379177617283131
14	118	0.29847990019812826
14	78	0.29592722619014245
14	80	0.2833308932348099
14	29	0.27797854853919474
14	59	0.2728588037908628
14	188	0.2712475868050989
14	147	0.2579116975564513
14	108	0.2472860336816667
14	17	0.2471170332298723
14	151	0.24204006858569965
14	38	0.23563742579560434
14	101	0.22208669615051055
14	84	0.2213165089953024
14	128	0.21791870098213972
14	119	0.1915059641854399
14	109	0.1900412842532901
14	148	0.1879777357582377
14	63	0.1876883201345543
119	120	0.5951091755531717
119	136	0.4978698767923905
119	116	0.4468920776923057
119	149	0.42536166491609856
119	72	0.3730486962346365
119	115	0.3664272784033925
119	185	0.32769164001949397
119	17	0.3040625847039041
119	126	0.3038992174943494
119	117	0.3030185422554999
119	48	0.2759288310034618
119	161	0.2358735306327926
119	137	0.2306254959142409
119	178	0.22512669331468665
119	138	0.2249463151866784
119	150	0.22457601704898314
119	128	0.21570776062042804
119	105	0.2151737528793413
119	158	0.213380072919765
119	78	0.21255907917192687
41	32	0.5088005428549306
41	36	0.5013516711735412
41	63	0.4181847375115313
41	130	0.41673971881902294
41	62	0.3761006047811414
41	38	0.33243205999692765
41	196	0.29439358768371243
41	173	0.2705526269957861
41	126	0.2486937848763584
41	57	0.24791495862999585
41	42	0.2420494827289653
41	33	0.23659111825202545
41	21	0.22268553910901712
41	105	0.21418168296459786
41	142	0.21123148987460053
41	6	0.20529085601732386
41	165	0.1976251785727185
41	128	0.1912747554514312
126	138	0.6554303394092494
126	128	0.6037834919859686
126	136	0.5320713158421501
126	62	0.4832225190740533
126	120	0.47207732330511
126	115	0.4262458512357862
126	33	0.41569799908303773
126	42	0.3577471393843576
126	149	0.3424364169718375
126	35	0.33269888005670634
126	21	0.29324236241856866
126	109	0.27645535020552386
126	137	0.24249189602852916
126	2	0.23999612422600036
126	118	0.2202415891554257
126	5	0.19933505611247335
138	136	0.6928831327918056
138	149	0.5769508321358975
138	128	0.5114415400476149
138	137	0.4650925687144864
138	62	0.4455786447986548
138	120	0.44099068700725896
138	140	0.3932425685298371
138	33	0.3734360067915357
138	35	0.3395908750760445
138	150	0.31559749135910764
138	115	0.2797308040211691
138	42	0.27724943351301284
138	122	0.26483407290043504
138	32	0.2370819506361995
138	141	0.22102167288571414
138	21	0.21391451161121006
138	188	0.21038104089877965
138	153	0.20548241928241945
138	2	0.2017824838846694
138	43	0.20121643910254894
138	36	0.19909497776961632
138	178	0.19196831787258364
138	185	0.1918431054870623
138	76	0.19095680878455035
108	38	0.4119852752380875
108	109	0.3645298077640072
108	113	0.3251453070005395
108	6	0.31533635198129795
108	63	0.3137324512943376
108	115	0.3042077849898025
108	147	0.2938911735567071
108	101	0.2806062342606636
108	104	0.26790921224516023
108	148	0.2660796464332336
108	134	0.2650758206065961
108	167	0.25297623982667083
108	188	0.2477835587259538
108	76	0.24645966640434305
108	105	0.23960027556702604
108	5	0.23396500925724706
108	74	0.2314395924646627
108	17	0.2110786237082516
108	1	0.21024723338410664
108	36	0.20711964103580496
108	99	0.20091897185409788
108	2	0.1971254362315209
108	118	0.19228613662180166
108	149	0.1892893431818852
108	142	0.187061141197262
21	130	0.5329382064484299
21	142	0.5129463601243063
21	52	0.5108505563299024
21	45	0.5070865395478648
21	188	0.4999428895752516
21	147	0.3800002994119981
21	128	0.37317781420911
21	115	0.3596466519924293
21	53	0.34043988894662114
21	76	0.31710935735506257
21	122	0.3091994590111697
21	33	0.30864767363277396
21	196	0.2956443478548618
21	156	0.2583783781145056
21	77	0.25724880437567943
21	5	0.2399490035675829
21	137	0.2356185362065137
21	140	0.2212974885310572
21	158	0.2130746220112733
21	43	0.1958083174115371
21	187	0.1949811514962943
21	36	0.19247873442078894
21	62	0.18533319990813948
21	141	0.18223162372065094
142	130	0.5701330844994867
142	156	0.5484137799678093
142	80	0.5357247104721073
142	38	0.4786796067692826
142	52	0.4767887717538759
142	43	0.4439662689658495
142	78	0.4339152025070923
142	141	0.4236072662592255
142	77	0.4095163651933326
142	115	0.3932087535866644
142	45	0.37323806431746
142	196	0.3675954367498899
142	15	0.3642696439147932
142	188	0.3390776607877294
142	16	0.33410325275881564
142	122	0.3293063194767151
142	140	0.3151472212328451
142	118	0.2852703477024727
142	63	0.2844158038664305
142	36	0.2769078393689931
142	173	0.2730439033018274
142	84	0.2612318294397271
142	117	0.24464603874171725
142	137	0.22189655220747925
142	147	0.2130364377176313
142	178	0.2111168412181398
142	109	0.20983620392641567
142	53	0.20702392890830806
142	5	0.20327849452941324
142	101	0.1984034186985671
142	148	0.18371040146428844
57	134	0.6844454203320256
57	185	0.6548252835351748
57	74	0.6429520949618639
57	6	0.5521785029546523
57	162	0.5205836157913648
57	156	0.491783452576053
57	58	0.4766110375989909
57	52	0.4721861161343063
57	63	0.4647711950003624
57	167	0.457606803153117
57	30	0.4530648282499309
57	32	0.4369946369425051
57	101	0.40933324350193395
57	165	0.3871813034357795
57	140	0.3859905318578842
57	122	0.38171874009436535
57	99	0.37245456747557903
57	105	0.3678808104081635
57	104	0.3556000924083058
57	161	0.3392812009686663
57	184	0.3065018822405525
57	159	0.2845904248815808
57	56	0.259936216296661
57	168	0.24274600275896946
57	153	0.24247307198363086
57	196	0.21872818556943152
57	35	0.21649899901190303
57	36	0.21606051641017388
57	188	0.1993254534379781
57	137	0.19573138347833036
57	172	0.19209352400869015
57	118	0.18588356312306376
134	167	0.5103478402124918
134	104	0.6097353604110769
134	74	0.5878863793129625
134	165	0.5161740009556938
134	185	0.4990723188480741
134	6	0.4860840292904872
134	30	0.4860382046150756
134	101	0.4659228693035576
134	196	0.4243782824914759
134	162	0.4168306107327901
134	63	0.4095746242674391
134	141	0.34276298838097863
134	156	0.3374393362172315
134	188	0.3239464494729016
134	137	0.30167383413018906
134	56	0.29771454429641403
134	122	0.2799888739908301
134	140	0.27805236513160697
134	35	0.2779877757928101
134	1	0.2653640147063373
134	105	0.26350386607411896
134	99	0.25451064681088537
134	36	0.2521711022607929
134	59	0.24202124016245355
134	32	0.24111726171891326
134	161	0.2405049552377003
134	158	0.2355618663711101
134	58	0.2335868697390709
134	52	0.2307391101950897
134	153	0.226588135161444
134	113	0.2200512820467739
134	159	0.1973080462867312
134	184	0.19244021604677894
134	38	0.1865689401373513
134	172	0.17840038410629133
185	6	0.5448095463707715
185	74	0.5377323294301966
185	105	0.475358067355865
185	162	0.471089760143173
185	140	0.3748034611176984
185	137	0.3733327366983992
185	141	0.3619690633058327
185	165	0.36134323586626094
185	30	0.35861884422813745
185	161	0.3361715527144073
185	72	0.33290340603731805
185	58	0.3298233239339099
185	101	0.31337177727191345
185	184	0.2945031837013263
185	35	0.2937906712304787
185	158	0.2880330158505976
185	153	0.286757824724156
185	167	0.2854999865275821
185	32	0.2851325486827019
185	159	0.27797854853919474
185	36	0.2505597802196225
185	99	0.23574131535274795
185	122	0.2274133045870141
185	38	0.21410535156032304
185	149	0.20175370519559105
185	104	0.20049669666101613
185	156	0.1988644800746594
185	178	0.1969139759206812
185	188	0.1868584815320086
185	52	0.18537182568597385
185	63	0.18268597684096574
185	168	0.17874890409690142
74	104	0.6358345250077463
74	63	0.6111030659414605
74	162	0.5431549520237025
74	105	0.4984863679500073
74	6	0.4850599749789122
74	168	0.4727531599742766
74	58	0.4076086208260149
74	153	0.333374585779601
74	196	0.3219669558109056
74	161	0.31567852489734083
74	30	0.2874643514424017
74	35	0.28223605352145603
74	101	0.27255334543328624
74	32	0.268558847566548
74	167	0.2465817659838831
74	159	0.22490833887878206
74	36	0.2121102696078619
74	156	0.191245852866552
74	172	0.18013285922536654
74	188	0.1800748054688112
6	30	0.5958965344981972
6	105	0.6688006461865855
6	101	0.568395925922802
6	63	0.5491196235117305
6	158	0.447771961021227
6	99	0.4067744258667947
6	162	0.4007650196311918
6	188	0.3837501028971053
6	196	0.367993211314226
6	122	0.33149777085146986
6	36	0.3266111441139826
6	165	0.3170194103375105
6	38	0.3148679824704066
6	159	0.30546861713313594
6	72	0.3027188129728088
6	58	0.29830681753214483
6	104	0.2657079262414862
6	32	0.24894706874123865
6	1	0.22925216039683244
6	167	0.2291289890785745
6	59	0.2185663126952013
6	113	0.21648946770943386
6	120	0.2005734795152459
6	151	0.1977020529002738
6	172	0.19657752403606174
6	148	0.1859511435546742
6	5	0.17931031415110293
6	118	0.17844879233959615
141	140	0.5428587917463311
141	137	0.5329310466415917
141	35	0.5182615828125544
141	36	0.4416026824599845
141	130	0.435731681323314
141	32	0.4089419184860405
141	62	0.3965512634996213
141	38	0.3821714225951948
141	156	0.32431337478416755
141	158	0.31028433079376605
141	150	0.2776555623539593
141	188	0.26502003563086834
141	33	0.24058032637668936
141	30	0.22133552929116676
141	159	0.21558380602412935
141	173	0.20387279982065265
141	72	0.19368213417893496
141	113	0.1912747554514312
141	122	0.18089711650966572
53	130	0.5317342885313778
53	48	0.3287356025699094
53	77	0.31172956987893
53	187	0.3107270880225131
53	128	0.3037449098287064
53	42	0.28139832663808845
53	62	0.27938050154431376
53	102	0.2703209110087649
53	173	0.26996864273011045
53	150	0.2500067388475818
53	45	0.22202014769109485
53	15	0.2168897468606407
53	84	0.2101516517647627
53	33	0.2065548822294421
53	76	0.19645254439688567
53	135	0.19573138347833036
53	16	0.1956159780612062
53	115	0.1885950466052591
53	78	0.18003610226747555
130	173	0.3913642320038965
130	38	0.3904407893396431
130	33	0.3674397492030872
130	128	0.3361005917111814
130	188	0.3308122118902845
130	158	0.3074619899416076
130	36	0.284866103823654
130	45	0.2833768787635625
130	62	0.2630478300295029
130	84	0.24858120334893594
130	187	0.2009669529503797
130	140	0.19133255962604875
137	140	0.7189267304396554
137	165	0.6296161877356232
137	33	0.553483932190001
137	62	0.5200220664274223
137	149	0.4982909496782894
137	136	0.4749244925469816
137	35	0.4726133772799461
137	150	0.43385838054947895
137	178	0.4294156531637204
137	42	0.4094913959961821
137	122	0.3117024848853843
137	120	0.3089281151411325
137	32	0.3069820141960586
137	173	0.2751248771568878
137	36	0.2508877783709163
137	156	0.2477366279791583
137	148	0.22172540822797965
137	188	0.2214020990005042
137	73	0.21600331659753036
137	78	0.21029502268673111
137	116	0.21028546490659752
137	38	0.20955895612038467
137	72	0.2081148118252885
140	33	0.5436975616587407
140	156	0.5119065994973349
140	149	0.4578360455688281
140	35	0.4311838594842064
140	178	0.4039581944650616
140	52	0.3852839662694724
140	165	0.3775592029602496
140	78	0.3610215033718936
140	148	0.3405106150747918
140	150	0.34009504391250744
140	45	0.3293152350208348
140	167	0.3186735211979159
140	184	0.3159846100366469
140	116	0.3018010877605771
140	120	0.2974958008190389
140	122	0.2972587934675109
140	73	0.29529752302813084
140	136	0.2844617585954052
140	188	0.2424260110726517
140	42	0.2388554872960225
140	32	0.2351178972648286
140	162	0.2253450251393529
140	173	0.2042273943325188
140	58	0.1920646308398521
140	159	0.19140962979433185
140	80	0.17971677959687551
165	101	0.4519355826952928
165	122	0.4305486632077764
165	42	0.4217099266230077
165	62	0.408342150109711
165	156	0.4024256867472989
165	149	0.38273488409219397
165	172	0.3691770896855477
165	153	0.33410325275881564
165	30	0.3318003738711455
165	173	0.32842339014402805
165	178	0.31559749135910764
165	148	0.2973226067442521
165	33	0.2859040712337716
165	32	0.28485691528445034
165	38	0.25194635032643753
165	35	0.2452664363666539
165	36	0.23199791323340901
165	80	0.2319411418251309
165	158	0.2318654441561618
165	167	0.23156262540521466
165	105	0.22787791154006626
165	184	0.21534541227499293
165	99	0.21185240235307667
165	120	0.20994135806325304
165	52	0.20310592620332052
165	118	0.19870119755999066
165	116	0.1986723818532052
78	43	0.7091540316247225
78	80	0.6581710411887486
78	178	0.4996578137300274
78	77	0.537632803786441
78	42	0.4482675135510952
78	48	0.4180362044580132
78	115	0.3898388578246562
78	15	0.3804878856182317
78	29	0.3554690531335101
78	156	0.33707597074123896
78	117	0.329796587172116
78	184	0.3280664880463416
78	148	0.3082404856292232
78	68	0.3008828028975995
78	118	0.2891972263211027
78	120	0.2809931179012345
78	116	0.2715718046730283
78	52	0.26237752298874284
78	173	0.26077520964096457
78	17	0.25814505289438777
78	16	0.2555204111399673
78	109	0.24263307054447295
78	33	0.2312976221798398
78	73	0.2290152859640351
78	122	0.2273374405518649
78	84	0.2179568011076007
78	45	0.20112048597767074
78	149	0.19331636212826453
78	172	0.19250762281207207
78	72	0.1811582683310591
52	156	0.7177748781748371
52	122	0.6241592317421124
52	80	0.4935100933616154
52	101	0.4502868313781479
52	45	0.4165579099917382
52	56	0.4056388313306309
52	43	0.3814026078622801
52	159	0.2988351136329107
52	99	0.2896645034933931
52	77	0.26261960755793684
52	188	0.2519369850724769
52	5	0.2501848547445062
52	147	0.2480651187801289
52	118	0.2444485974546387
52	196	0.2424260110726517
52	29	0.23562798102331356
52	151	0.22969741080904435
52	30	0.21713750218160854
52	32	0.21673726815653796
52	33	0.2120720689144308
52	16	0.2119383613842537
52	115	0.2058846508747832
52	120	0.20093816440830733
52	116	0.19621218099744286
52	63	0.19481760907736725
52	76	0.18843108792570615
52	184	0.18351714426851504
52	42	0.17924256395404525
156	122	0.6972866889002421
156	80	0.5189779955529351
156	101	0.4122094226952752
156	159	0.3895759381030898
156	99	0.35203085560878805
156	32	0.33979433512966595
156	45	0.33543514679944225
156	43	0.3048247284570022
156	56	0.29448491823624817
156	35	0.2771201899120508
156	30	0.26812269075745665
156	59	0.2678535178707252
156	36	0.26327120932433673
156	167	0.2623495880278031
156	84	0.2598709447876756
156	178	0.25605311780745177
156	5	0.2434516799350281
156	158	0.23474942286187836
156	196	0.23459823435118746
156	172	0.2175567166768568
156	16	0.2168802172515952
156	73	0.2070335002994213
156	184	0.20059267484382814
156	148	0.2003623207395762
156	120	0.19781735983194373
156	38	0.19352813145089287
156	118	0.19200684350333244
156	151	0.1820769325499807
122	101	0.5855255905815524
122	99	0.5146171431062749
122	45	0.4770977817912408
122	80	0.456641737718174
122	43	0.43260742468770175
122	188	0.4084088084670909
122	151	0.3951345058595922
122	30	0.3890753670578302
122	56	0.37237704989376336
122	159	0.36084755811979696
122	32	0.34697447087460714
122	113	0.34377747860846586
122	5	0.3434423443670105
122	59	0.3266200773364109
122	158	0.3200115711785392
122	149	0.2930229848433372
122	120	0.2814443667393579
122	33	0.26608893842472675
122	184	0.25244264121884363
122	118	0.245538971843116
122	109	0.23540129313920985
122	77	0.22830450001257546
122	2	0.22452853823526425
122	73	0.2237687323704617
122	178	0.20547284149298545
122	76	0.20411239657421915
122	136	0.20335518751033987
122	196	0.20301963730778605
122	147	0.20000714809743608
122	62	0.19686591420321567
122	35	0.1814774191949231
196	63	0.5473360374226016
196	68	0.3727731962615943
196	80	0.3703425143158627
196	38	0.3523987523887417
196	172	0.3255744946384528
196	105	0.3242149409811477
196	101	0.3177118551654244
196	147	0.31429131712381625
196	36	0.23975108445759455
196	113	0.2292332114410141
196	32	0.2287783844057523
196	104	0.2097023643680232
196	109	0.1960775671913168
196	159	0.18258931249197927
32	36	0.6267588035005797
32	35	0.5057183961962435
32	62	0.4925109319750754
32	63	0.4411437243533438
32	38	0.3516102689197172
32	30	0.3468425227007155
32	101	0.3062028533292019
32	113	0.2584623678164128
32	172	0.2282665845841341
32	99	0.20772253620324785
32	33	0.19657752403606174
32	105	0.19314308291940474
113	38	0.4416831776121132
113	158	0.37397802289834253
113	45	0.3126321129039964
113	159	0.3116121979153264
113	30	0.3113051801342342
113	101	0.30801422124722155
113	151	0.2984161351835097
113	59	0.2770924935497921
113	188	0.2722756083299975
113	102	0.2331046393742271
113	104	0.23250878474520284
113	36	0.21891860883287306
43	77	0.6915967488410928
43	15	0.6018163014984248
43	80	0.5519838451714583
43	16	0.5302263637784658
43	115	0.4907820463634438
43	29	0.43057310172756813
43	118	0.42890168480290575
43	45	0.41338745077602734
43	117	0.39564914167262616
43	120	0.3618126370041576
43	178	0.36019503986758145
43	48	0.3349646970776305
43	109	0.3328144855451961
43	149	0.31020299339552504
43	17	0.3076883393196197
43	5	0.28354241587610923
43	116	0.27724943351301284
43	73	0.2763075720798415
43	42	0.2702189460506597
43	151	0.2679184944668319
43	148	0.25104707098025797
43	147	0.23646839127446276
43	136	0.2115562961625302
77	76	0.4823712522669993
77	15	0.5282105683194669
77	16	0.4807736302373778
77	115	0.4681902553605654
77	80	0.4584681228480776
77	117	0.4199653888119533
77	116	0.41045642464911736
77	73	0.3696865665381005
77	29	0.3688833920178783
77	118	0.3638879674091618
77	42	0.3527577846933032
77	17	0.3450114277800591
77	45	0.3341565541912505
77	178	0.31080839612938593
77	148	0.3106999843095624
77	48	0.2877120205600473
77	120	0.2819231069476494
77	147	0.26301059740419963
77	151	0.24973484511952335
77	5	0.24703252736517506
77	187	0.21657524794578908
77	128	0.21122193604184328
77	173	0.20815307903571306
77	84	0.19812481821234326
77	149	0.1944327606681164
77	33	0.1935377569008879
15	16	0.6525746721331859
15	17	0.5491126387969855
15	118	0.5379242294283177
15	48	0.428526230815682
15	29	0.38605861066026254
15	149	0.3556437690604123
15	117	0.3455751221886566
15	115	0.3132274823375977
15	38	0.2942200448197677
15	73	0.2939368542843161
15	187	0.2516372720381149
15	172	0.21386679907184344
15	80	0.2136854821177384
15	136	0.20283746150767315
15	151	0.2016577737162137
15	45	0.20061187001839334
15	178	0.19627948512752266
15	76	0.19622179598637704
80	68	0.4750948530241966
80	172	0.4110549460423824
80	118	0.35967277133918074
80	45	0.3538605020307939
80	101	0.34550467401440205
80	115	0.3392192573189586
80	42	0.3386439258516493
80	84	0.33224525428427804
80	16	0.3174421117101824
80	178	0.29455797880550794
80	184	0.2904338354793347
80	147	0.2898568716287363
80	148	0.28982939189996976
80	29	0.2723681924081611
80	38	0.2662840588209269
80	117	0.2493972670817392
80	5	0.2342958232851764
80	109	0.22644583165331764
80	73	0.21551705836337773
80	116	0.20850702050958325
80	151	0.19003164539186976
178	173	0.5491335927110947
178	72	0.4494413518683645
178	73	0.4818800171771594
178	42	0.3999756983561608
178	184	0.39684618403808536
178	148	0.36176049037523933
178	116	0.3282449508103158
178	149	0.3198769258271917
178	150	0.3052600640318273
178	159	0.27499546929099233
178	17	0.2705248227318382
178	115	0.25189952358475737
178	136	0.2310893812765675
178	167	0.2142007654069868
178	120	0.21345642913172896
178	117	0.2104574987972036
178	76	0.1877269107685927
178	158	0.18140005279616206
178	162	0.17905866199365625
5	109	0.5944952758516613
5	115	0.517280819679904
5	2	0.4799274406823723
5	128	0.4581284389017384
5	99	0.4473721214005998
5	188	0.4094081609083938
5	101	0.3882264166763835
5	120	0.3870452805083316
5	59	0.38402294485751903
5	147	0.33833402703141063
5	30	0.3371911950641677
5	151	0.3307320588088535
5	116	0.3189789601356854
5	158	0.30351795784211866
5	16	0.3013283772438373
5	1	0.2949049694763416
5	45	0.281066799674167
5	33	0.26539190194251183
5	187	0.24196475379910876
5	76	0.23137334089139155
5	163	0.2253070560123412
5	36	0.21325598851565336
5	29	0.21140345196084132
2	1	0.5558517428298785
2	188	0.4567208819361922
2	30	0.4355048150379213
2	102	0.4263440439497229
2	45	0.3904238380874757
2	104	0.38447469185042493
2	101	0.3727818066309384
2	109	0.3548748331993371
2	33	0.3502687018173753
2	115	0.3497334272946392
2	62	0.3344940802870832
2	99	0.333783399295625
2	128	0.31051024417323003
2	149	0.3000094601456643
2	158	0.27624291504058823
2	63	0.2741725721397412
2	136	0.2636341404671339
2	163	0.2617349077068929
2	59	0.25554845220459177
2	35	0.2489564489714561
2	120	0.2489095473533464
2	116	0.24721092422654165
2	147	0.2441665033108855
2	151	0.22823814755841515
2	187	0.22015595303038316
2	56	0.1820189210368588
115	116	0.6515975403616386
115	117	0.5977571073049178
115	120	0.5964959659379626
115	128	0.5285205251457722
115	109	0.486694769516515
115	188	0.4634766236391544
115	76	0.448531163098278
115	149	0.4212329567856842
115	148	0.3752589174542816
115	147	0.3734360067915357
115	33	0.3712395287807369
115	118	0.3531867358674143
115	136	0.3525826599512474
115	45	0.3206218012577477
115	16	0.2920811392582643
115	42	0.28123257154738385
115	29	0.24076874152969344
115	101	0.2350990027844948
115	73	0.2088513435850116
115	63	0.1948753311685328
115	102	0.1855939127890942
115	151	0.18275363978395087
115	35	0.1801522101987096
116	120	0.6611083782872832
116	148	0.4881129025674242
116	149	0.4769973664619162
116	117	0.4705449284604016
116	188	0.46679927738335
116	73	0.4411517782399589
116	136	0.4298641284064899
116	33	0.4066993150062301
116	76	0.3997908778189641
116	128	0.38226535259651867
116	45	0.3821372642728895
116	184	0.270728710184556
116	158	0.26263822807896664
116	102	0.25043793767801004
116	147	0.2385820134243811
116	151	0.2067463413336522
116	101	0.2034414641311693
116	48	0.1967313363613089
116	59	0.1946925399176389
117	148	0.5029147023034202
117	120	0.4575751787337236
117	118	0.4484352995635166
117	16	0.44374946161518175
117	147	0.39611294466525016
117	76	0.3321295995877547
117	73	0.32296153433675184
117	149	0.3049698544792711
117	153	0.29236466704562275
117	184	0.28341366624833725
117	135	0.2795280063951155
117	29	0.2776555623539593
117	109	0.23975108445759455
117	162	0.22821918932491786
117	42	0.2263889075428527
117	163	0.1984034186985671
117	161	0.19701009651622067
117	136	0.1934511265098604
117	128	0.190147309310588
101	30	0.6707800984765162
101	99	0.6536584706242349
101	151	0.5326875678036083
101	59	0.4874880210456749
101	158	0.4557944422413078
101	63	0.4120267877895743
101	56	0.3527140058239059
101	188	0.3017192830895032
101	36	0.2992994985808176
101	1	0.2975322602350984
101	163	0.29243782716642897
101	109	0.270728710184556
101	62	0.2575569398136016
101	38	0.2521336454935849
101	120	0.2373745046915409
101	159	0.2326790467573325
101	105	0.22039382277240388
101	104	0.21991805710270174
101	149	0.21844251943877996
101	33	0.20858354121880346
101	118	0.2014850873042244
101	35	0.19838420590066294
120	136	0.5654100028571739
120	149	0.5510514355264973
120	148	0.5001978656408819
120	188	0.4146883094065439
120	128	0.4133625771430951
120	48	0.39636584296529664
120	33	0.3716619207047405
120	17	0.32730776013033835
120	42	0.3021282619967223
120	16	0.28896811852046866
120	118	0.27618749273094023
120	30	0.2461308978864125
120	184	0.22137356937770045
120	76	0.20063106503892794
120	147	0.1977789247961536
120	109	0.19446162637678188
120	45	0.19221872389161804
120	151	0.1803263626821258
136	149	0.6605957985583225
136	128	0.4099906633468224
136	33	0.3718084289074093
136	150	0.33872360224929426
136	62	0.3117205416040338
136	163	0.29491409976000543
136	76	0.2598709447876756
136	73	0.2311272448344671
136	42	0.22130699878422666
136	188	0.22076484722223386
136	151	0.2083635372997112
136	48	0.20231962207722698
149	118	0.5152711439796016
149	150	0.4616451578054424
149	17	0.3852839662694724
149	188	0.3822824299299589
149	33	0.3702562264783358
149	42	0.3603603778616645
149	148	0.3176848831330398
149	30	0.2997182340133911
149	158	0.24387496261025285
149	16	0.2262940305890059
149	73	0.2121389197025497
149	62	0.20835397143341644
149	45	0.19289276946012848
149	48	0.19058100197218486
76	188	0.4535971372012091
76	73	0.42072283469170746
76	84	0.3534405350127229
76	56	0.3148049210098341
76	59	0.310338553202283
76	147	0.3007281851687639
76	151	0.3001550522475923
76	128	0.2971585100957352
76	45	0.2351556856923944
76	187	0.21891860883287306
76	158	0.21880435687487115
76	29	0.18105187622636948
167	184	0.4311675777342136
167	56	0.4420292257353863
167	148	0.3928705456597341
167	187	0.38693474947387857
167	58	0.33769629012655306
167	162	0.3352576382408288
167	159	0.2858030595825926
167	172	0.2788272409473571
167	104	0.24973484511952335
167	161	0.2249653030843564
167	151	0.2232367063271604
167	188	0.22149719500579754
167	73	0.21981337460545355
167	99	0.1976636160404013
167	35	0.17920384879235898
109	1	0.2930595499159555
109	99	0.2723774505386222
109	105	0.2403542042593285
109	63	0.228503544648272
109	33	0.2215827778088293
109	128	0.2116900263515492
109	29	0.2091764900635439
109	135	0.20808611099935204
17	48	0.5112642956827194
17	16	0.4590208102713421
17	118	0.4125331031662681
17	173	0.353099206863337
17	72	0.3461385673100045
17	148	0.2491815604815868
17	38	0.21166137054959105
17	105	0.21011341799205707
17	172	0.1877655008230754
17	158	0.18295661822350756
30	158	0.5670269653350797
30	99	0.5650084851587962
30	1	0.4644104835488931
30	151	0.4477159942481291
30	159	0.3745283809778005
30	105	0.3607344802407562
30	104	0.3514875710500319
30	188	0.3432835660290113
30	36	0.2939277182462053
30	62	0.29354395616497153
30	35	0.2784582976705774
30	63	0.2776001869881874
30	56	0.2709511051619124
30	38	0.2526205245001412
30	33	0.2167277378863167
30	59	0.19866277654127554
30	163	0.18303393924169906
158	188	0.5109614025915544
158	159	0.4764409945498231
158	59	0.45714022558881795
158	99	0.38065036737412256
158	38	0.3666263797613804
158	72	0.30118289803770576
158	151	0.2847190809153509
158	36	0.2752542750542369
158	1	0.27507866120607
158	187	0.2621912816110297
158	173	0.2454168055645187
158	105	0.24512545452471535
158	73	0.20695692806096289
158	62	0.20277034056726329
99	59	0.5352896389370421
99	151	0.5519977512946308
99	56	0.4443274990515878
99	163	0.3472383260163605
99	159	0.298607422233393
99	58	0.2942291791385447
99	105	0.2746164318047921
99	1	0.27255334543328624
99	188	0.26693430247007033
99	187	0.2624985694038853
99	36	0.2359774079416939
99	184	0.1932393506346916
99	104	0.1831885744841536
105	63	0.4018053424857899
105	162	0.3976462696129347
105	38	0.2964928271317207
105	172	0.2910105882306082
105	173	0.2836895457917861
105	68	0.27968471584272925
105	153	0.2757440481524982
105	118	0.2748475623857588
105	104	0.23225336500727525
105	72	0.23026567588312344
105	58	0.2181282434495979
105	168	0.21308416798298752
105	35	0.21256862733800969
105	42	0.19230539706856206
105	36	0.18633728368168512
84	68	0.4405153023184454
84	135	0.3842190086035763
84	73	0.378502004973138
84	29	0.3654919190729792
84	147	0.3631763350773359
84	159	0.289737789353005
84	104	0.2783199227453996
84	187	0.2450784582731785
84	184	0.2294321668088843
84	59	0.22438609539863255
84	45	0.18380702473773566
84	63	0.1807520211386681
29	16	0.3824446515725707
29	163	0.27185891760660114
29	147	0.2694122825178213
29	56	0.2604396594899092
29	73	0.25829438450630543
29	118	0.25418328914791777
29	45	0.2420306543968619
29	135	0.2222007744096585
29	184	0.2166133714219837
172	68	0.5230650662303469
172	118	0.3861522121473672
172	16	0.2589568945456815
172	153	0.24453321763222294
172	42	0.2263889075428527
172	135	0.21487808608731288
172	173	0.18661719928865705
172	148	0.1863276308795315
59	151	0.4954743328164901
59	187	0.3725579161673799
59	188	0.32488594119814684
59	73	0.30026423714773354
59	1	0.28509580028640763
59	159	0.26802059562222885
59	58	0.2657451018182699
59	56	0.2641644440329996
59	163	0.24684472310284214
59	102	0.2301804461223937
59	104	0.22571518824062595
59	36	0.17855528741187215
16	118	0.58715298036812
16	48	0.5250380702860775
16	42	0.24710764387495104
16	147	0.19331636212826453
118	148	0.3777135332988785
118	42	0.3410055900500518
118	147	0.2858857059515189
118	48	0.22588601077616124
118	63	0.2220011334655862
48	42	0.35175924295074057
36	38	0.5814893596052455
36	62	0.4909869851071959
36	35	0.4163512685996108
36	63	0.3301975830288599
36	188	0.20619106636009668
36	33	0.1918334735063556
36	151	0.18770761552401105
45	33	0.5548212571529659
45	147	0.4257301747080607
45	151	0.3929466517146357
45	188	0.3872408081676229
45	73	0.3426923853624175
45	102	0.2550529968022212
45	128	0.2432447079715813
45	56	0.23172350345818396
45	35	0.21954688722822416
45	148	0.19026296795106276
45	135	0.1832562245527852
33	42	0.4817955556190678
33	35	0.4466039278573549
33	62	0.4375041890750041
33	128	0.3936144626824186
33	188	0.2996454187492054
33	73	0.2108684158709442
33	102	0.20079421649257986
33	150	0.18514971964444807
33	151	0.1847827204002864
42	68	0.3659943335932561
42	62	0.3490662083153551
42	173	0.31938311568604794
42	184	0.3045979407078682
42	148	0.28817973500483673
42	35	0.2608404481902789
42	153	0.1994982957202256
62	35	0.625019173974921
62	128	0.3601254170988475
62	153	0.22918583829133998
62	63	0.2196325474602013
62	150	0.2176519815114916
153	168	0.5928504943069228
153	162	0.31503913527833144
153	68	0.2814351588227588
153	161	0.2687536905655861
153	35	0.24916280221710674
153	104	0.17871986247629687
104	63	0.4655939802938524
104	1	0.44241535665730425
104	161	0.3156965317250294
104	102	0.31354310871321833
104	188	0.3125238375030343
104	35	0.3121357839723538
104	168	0.2859867124046629
104	56	0.2699315576523802
104	162	0.2000743469563584
104	58	0.18838286278513536
63	188	0.35835739835078595
63	35	0.3203346672765173
63	147	0.3023099947156416
63	38	0.2172042007590665
162	161	0.5396559086590185
162	58	0.5096671393264199
162	168	0.4921548560753102
162	184	0.3774991799406123
162	159	0.2466193335106317
162	148	0.17995869419259045
35	128	0.2504285648461434
35	150	0.19627948512752266
35	1	0.1910146202519421
38	188	0.2390723534311985
38	173	0.22280908898124835
1	102	0.6219628931123663
1	151	0.396964129319326
1	163	0.35997745539558884
1	56	0.30283689529683266
1	73	0.29033311096122905
1	188	0.27850442007720355
1	147	0.2630199056339742
1	187	0.25340675108826843
1	159	0.18004577812007405
102	187	0.4666584878369538
102	73	0.4563013352200485
102	151	0.3607605760773812
102	163	0.319410055260681
102	56	0.2727569904473487
102	188	0.22483238421318885
102	159	0.18919292440264607
102	150	0.1857387419910256
128	188	0.2830641514797632
73	56	0.4933285243905726
73	151	0.4269411664525472
73	184	0.3866966448635338
73	163	0.30601253073311324
73	188	0.3001550522475923
73	187	0.2606447253974241
73	159	0.24892830814069386
73	148	0.24335760451710614
73	58	0.205501574743202
73	161	0.1955582733206497
73	150	0.18463783808367448
151	56	0.5934468149201163
151	163	0.4367114311477256
151	187	0.3894911117398964
151	188	0.2620609010235715
151	159	0.19046535786218904
187	188	0.4050371265610034
187	56	0.26435047763112857
187	163	0.20923386405515795
187	68	0.18767867238550207
147	135	0.4111380460093736
147	148	0.4065908118334473
147	188	0.3856926376672696
147	56	0.18435770952011415
147	184	0.1815354425198374
150	173	0.22735640681939004
148	184	0.269505021721207
148	188	0.2255158777389028
148	173	0.18734097836642735
56	163	0.528095199594932
56	58	0.4267939653185468
56	161	0.3831786230227464
56	184	0.3275398864749929
56	159	0.27471813317189875
56	188	0.21506884336848145
163	161	0.32731668879741543
163	168	0.1932200973892171
168	161	0.4452740385623299
168	58	0.4322090433717636
168	159	0.2318370568062348
168	68	0.20675591387336445
135	68	0.29945426207254394
135	184	0.220812409841298
188	184	0.19623141093757795
159	68	0.3667562103851565
159	72	0.3615171095115083
159	184	0.35320424092635294
159	58	0.29596372284118083
159	161	0.22465198093305305
68	184	0.3161556289750938
173	72	0.27009843419418683
161	58	0.5367150410354505
161	184	0.4138847938484399
58	184	0.271192000415706
