9	108	0.9046228266559018
9	3	0.7417325636524864
9	109	0.7138937837335222
9	112	0.7812225051284882
9	103	0.6521553456521064
9	12	0.6380275560459763
9	6	0.5381586981808069
9	113	0.506967671786055
9	102	0.47627091585010795
9	0	0.460259117688284
9	11	0.4594942597580706
9	119	0.42159481732448667
9	5	0.41967707627000495
9	10	0.4194958078832447
9	111	0.3785448409740383
9	154	0.3752589174542816
9	110	0.3515489214945752
9	24	0.3514612770781578
9	13	0.3497509809024518
9	17	0.3332768074419347
9	106	0.3324765337039406
9	114	0.3287801984820392
9	146	0.3283877041521703
9	150	0.3219221382254856
9	47	0.31982306406836897
9	49	0.3163356267148875
9	115	0.3131192516447009
9	48	0.3110613255906987
9	18	0.31046506430241383
9	144	0.3064293959356374
9	40	0.30549581755157995
9	153	0.29407388841023546
9	143	0.2890506011434927
9	139	0.2771386538977203
9	15	0.2732474894151058
9	1	0.2619025688770374
9	155	0.2584437037758478
9	105	0.2527328630385917
9	135	0.2480838879609437
9	104	0.24703252736517506
9	120	0.2404201592394965
9	46	0.2393080504415847
9	2	0.23422021343075666
9	152	0.22399670273611025
9	53	0.21717561590275736
9	145	0.21597471613518854
9	39	0.21433433792502102
9	123	0.20644957297826244
9	101	0.20541537392988848
9	138	0.2044765368022233
9	168	0.2026360929706819
9	44	0.2021086179992579
9	164	0.1916311933775952
9	151	0.188074200381682
9	19	0.1864917236225738
9	124	0.185854599542528
9	14	0.18511109057512964
9	126	0.1794941989682612
9	142	0.17790657083539665
9	51	0.17592073339877973
9	127	0.17522292776845266
9	117	0.1728859398220524
9	22	0.17022658408251826
9	149	0.16831302972160428
9	70	0.16648571269808088
9	174	0.1636647393444476
9	33	0.1619027022206907
9	118	0.1596036895228216
108	112	0.8838729318216706
108	12	0.7346013819251173
108	103	0.725712864164325
108	3	0.6908552157134742
108	113	0.6404108859799545
108	109	0.6395134047172234
108	6	0.5822169510535623
108	102	0.5593247691185987
108	111	0.5055695313607413
108	11	0.4690720900559898
108	0	0.4597466594451488
108	10	0.44799579302804104
108	119	0.4468760717998318
108	110	0.4199159698224247
108	13	0.410863790192168
108	114	0.40730838890682
108	144	0.3610301999752377
108	139	0.3538167621196839
108	150	0.3534142823407218
108	5	0.3439890972353188
108	154	0.34263060454546024
108	105	0.3403072670728473
108	106	0.33401441228927314
108	135	0.3285126010215175
108	24	0.3225852910679091
108	143	0.3083671784535581
108	104	0.3032274090405013
108	1	0.3007554717993393
108	146	0.2878404264381119
108	155	0.2832297204854845
108	40	0.27797854853919474
108	49	0.2571834355849778
108	18	0.2508690371704269
108	48	0.24942540090133106
108	120	0.2487875976831159
108	17	0.2465348055333085
108	101	0.2438843678373417
108	115	0.2413338780694104
108	39	0.2359774079416939
108	47	0.2359585215593024
108	124	0.2298205482143169
108	123	0.2175757699754513
108	153	0.2163464932210799
108	164	0.21551705836337773
108	2	0.21490670072508813
108	70	0.2117091300173204
108	149	0.20957807774111814
108	151	0.2059612585336752
108	19	0.20247306779198854
108	126	0.20031432751179304
108	174	0.1818545482031127
108	138	0.18120662697708115
108	152	0.17733518486752714
108	121	0.17480609870979855
108	22	0.174457077342866
108	44	0.16965362308747464
108	142	0.16962448640974392
108	53	0.16840047876183736
108	127	0.16410265329679855
108	15	0.1639858825595708
108	145	0.1629250049465063
108	117	0.15897018155991632
108	46	0.1589409395660257
108	136	0.15815130047891607
108	51	0.15532254535022358
108	157	0.15496145089928592
3	103	0.7342835719269509
3	112	0.6861161462855588
3	0	0.6290907824621512
3	109	0.6252872146983149
3	11	0.5576044776918989
3	5	0.4486190289402914
3	12	0.43678426376624496
3	119	0.4182177418204504
3	154	0.4154332614202423
3	152	0.3912456687431653
3	102	0.3894317293537983
3	46	0.3798206091231294
3	47	0.3620472688136528
3	113	0.3422422001373763
3	6	0.3236420960053156
3	48	0.3188442158261573
3	155	0.31578656245247616
3	168	0.31277646746790194
3	14	0.30881956350713435
3	10	0.2972952585222974
3	17	0.2884181247721854
3	53	0.28465475418025515
3	106	0.2817205801299899
3	1	0.2727569904473487
3	153	0.2718126123407689
3	115	0.2649828446614055
3	124	0.26260098684130145
3	15	0.25978702078677035
3	51	0.2573141708121773
3	151	0.2488907863792085
3	40	0.24648784392498105
3	144	0.2418141154792609
3	39	0.2413809653991475
3	101	0.2268537424918924
3	18	0.2239872044600632
3	125	0.22086948359785352
3	157	0.21948977852615195
3	24	0.21886148360403268
3	44	0.21627023636582068
3	143	0.21058173739075706
3	82	0.20810524492312765
3	19	0.20759814216958689
3	149	0.205501574743202
3	132	0.2046873289724683
3	126	0.20222371346007487
3	49	0.1988932934903088
3	111	0.19865317119118145
3	117	0.19808638804554865
3	121	0.19325860373134726
3	110	0.19275797488775476
3	16	0.19263280198460486
3	123	0.1903593461173245
3	118	0.18738922308236786
3	179	0.18694533762280152
3	104	0.18293728761525985
3	2	0.17888442754066242
3	131	0.17463159351184646
3	43	0.17385588226113996
3	136	0.17377829925166827
3	116	0.1736522222607984
3	26	0.16730231561200531
3	139	0.16307101969340765
3	164	0.161259933870596
3	27	0.16071444733626122
3	59	0.15596655667581538
109	106	0.6672779087406683
109	112	0.6561598531545052
109	103	0.6291572447893073
109	5	0.6092451135758447
109	11	0.5395921161258268
109	0	0.4184982338582932
109	12	0.3578779349122571
109	113	0.3363312010159101
109	119	0.3352043810306395
109	102	0.3288247929279678
109	10	0.32628057387153536
109	17	0.3255297938483961
109	115	0.3157325446982377
109	118	0.3132184634239052
109	15	0.3087924243413935
109	126	0.30510589726308746
109	101	0.2925567050616297
109	117	0.2899118296525109
109	95	0.2866201533109414
109	18	0.2832757088804539
109	110	0.27627986222638823
109	124	0.24807450339381704
109	120	0.24438277918667925
109	48	0.2439596080023991
109	197	0.23531627857750406
109	16	0.23035090211133846
109	150	0.22474693194838946
109	104	0.21809014631443946
109	143	0.21663243291234816
109	6	0.2124540466663684
109	114	0.21128881202349825
109	123	0.20930079855801034
109	116	0.2090521748082659
109	132	0.19734648876470512
109	40	0.1956736814472224
109	138	0.1928061166418851
109	139	0.1900798393325984
109	24	0.18862397939880485
109	135	0.1871093911524099
109	19	0.18504348832737505
109	77	0.1781970600983135
109	2	0.1779743544387893
109	154	0.17674430416096615
109	176	0.17366192069301362
109	128	0.17231351633315967
109	146	0.1628276578165263
109	144	0.15872648975971712
109	47	0.15815130047891607
109	121	0.15739071603937402
109	111	0.15456127084761054
112	12	0.7698258022213971
112	103	0.7844360329485001
112	11	0.5779106979488007
112	113	0.7216550083835529
112	102	0.5828445759723891
112	0	0.5315334262101278
112	10	0.5291832155031256
112	110	0.5076137825366169
112	111	0.5020924632849285
112	114	0.4760311990004745
112	119	0.44009611427409895
112	13	0.4293993409796922
112	6	0.427423500430753
112	139	0.4254435681773768
112	106	0.3764611381100197
112	5	0.35861013027164224
112	104	0.3531079600419305
112	135	0.3350268415260152
112	1	0.33228973419987906
112	144	0.31104326066128074
112	154	0.3054051475514057
112	101	0.3037176774096708
112	143	0.2963468854891085
112	150	0.28248452713952554
112	24	0.2779324115016503
112	155	0.27645535020552386
112	124	0.27033018024975863
112	39	0.2565015923174399
112	70	0.2564922502241463
112	105	0.2462905925316784
112	40	0.2324709468067163
112	2	0.2312597617731802
112	115	0.2293279544823504
112	120	0.22162081351458984
112	146	0.2199941866470113
112	121	0.21741381165318208
112	149	0.20951115136733328
112	18	0.20102452899308704
112	151	0.19855711559156908
112	118	0.198067172733768
112	126	0.1966159780247554
112	48	0.1930853205051182
112	123	0.18662685101085427
112	17	0.18639519973910293
112	164	0.18534285640629264
112	19	0.18457988290957605
112	49	0.18227029510415704
112	152	0.17725769958984652
112	51	0.17707366324940016
112	53	0.1703431044509838
112	47	0.1620585041858019
12	113	0.8986193501374987
12	13	0.7722991033060749
12	111	0.8008220701180462
12	102	0.7204211426011298
12	10	0.7053657182858502
12	114	0.6981744759748313
12	110	0.6380631299343701
12	139	0.6184122445508022
12	103	0.6078598542317742
12	6	0.5930579839897729
12	0	0.5457370797745122
12	1	0.5219382289969491
12	105	0.4602669992674538
12	104	0.4199571524866417
12	70	0.4086337482636234
12	101	0.3537292776547441
12	8	0.3386439258516493
12	11	0.3359852719421628
12	36	0.31864656752463466
12	119	0.3080051699469475
12	150	0.3014011115870538
12	141	0.2752912440505448
12	135	0.2647596822913939
12	2	0.2572861569134095
12	143	0.24747379431655586
12	5	0.23217767893121366
12	160	0.21591751409868615
12	107	0.21256862733800969
12	124	0.21084930510012587
12	154	0.20789476300444956
12	38	0.20750244988221492
12	39	0.1952120164525608
12	106	0.1917178868558906
12	146	0.18880721281871396
12	4	0.1865592881990384
12	144	0.18013285922536654
12	37	0.17058583991554016
12	158	0.16931367673889974
12	24	0.15591777257376166
113	111	0.8178203227886031
113	114	0.7518512499611105
113	13	0.7045659118181932
113	102	0.6975178224328565
113	10	0.6592975179394299
113	139	0.6553390640668586
113	110	0.6480909106997628
113	103	0.5847298638715311
113	1	0.5304851039797084
113	6	0.4938579803440038
113	0	0.4712842558423599
113	105	0.4545814526082601
113	104	0.4435326023058917
113	101	0.3762036259312989
113	135	0.3622384163761211
113	36	0.33781146002791845
113	70	0.32974311206136026
113	141	0.3054232819945533
113	143	0.2817942291511356
113	150	0.257342184278446
113	11	0.2382990695944157
113	38	0.23754435503445515
113	119	0.23087165223747885
113	8	0.2262845426574183
113	107	0.2235502377915808
113	2	0.21098307711032435
113	106	0.20701435747756464
113	160	0.19564482992355486
113	37	0.190147309310588
113	39	0.1893279096716379
113	142	0.18798738238381246
113	4	0.18529457355760987
113	144	0.1784100658220483
113	154	0.17720927017526578
113	5	0.1752423136390248
113	146	0.17199329647878528
113	176	0.17090621902420713
113	134	0.1685365053330025
113	124	0.1656688813516979
13	114	0.7862754613638698
13	139	0.6629452006317026
13	111	0.7640608919040678
13	102	0.6682863101287967
13	10	0.6494633483659552
13	105	0.572282253431572
13	36	0.5673322036184865
13	110	0.55814172416977
13	6	0.5246540659019475
13	141	0.5218581905486459
13	1	0.5146097913764818
13	8	0.4405394803869665
13	0	0.4316965908370092
13	38	0.42738263409986144
13	101	0.4111380460093736
13	104	0.3650412973286321
13	70	0.3595508762323899
13	37	0.3562638098233099
13	142	0.3355061435550896
13	107	0.3329300810305716
13	143	0.29876225608528584
13	32	0.28403892580290696
13	150	0.2600387810115964
13	103	0.2599735132353864
13	134	0.2420494827289653
13	100	0.240250556235186
13	39	0.2401092091919059
13	99	0.2318938311111688
13	2	0.22489884469503812
13	146	0.21780439662083
13	158	0.21572682994139766
13	24	0.19832656659223752
13	4	0.19266168859576888
13	71	0.18389398264697732
13	95	0.17210004047249342
13	160	0.16705930296912588
13	11	0.16605787708185715
13	156	0.1625940117735192
13	5	0.1604806373144146
111	102	0.7927165139854333
111	105	0.6873314889080077
111	114	0.7257838575614872
111	6	0.6437667578891381
111	110	0.6352443964164101
111	1	0.6090186885832606
111	10	0.5902762923057953
111	139	0.5787293192822293
111	107	0.4870152178388098
111	8	0.4695711218550179
111	104	0.4491380591452246
111	141	0.4058894379679327
111	103	0.3828202322261887
111	0	0.3686414680244464
111	70	0.3053326075635657
111	36	0.30361782096100776
111	38	0.29259328105656096
111	101	0.2899576265451711
111	4	0.28918806264495905
111	135	0.2861978871785834
111	143	0.2628244225283583
111	150	0.2522460135282113
111	134	0.22632249412611505
111	160	0.21871866396879708
111	146	0.2021853489269781
111	2	0.1984418438369374
111	158	0.18964606091363329
111	100	0.1667287732033586
111	171	0.1628763317779049
111	37	0.1586485042974989
96	98	0.8855244477419333
96	198	0.8521905014797241
96	97	0.8121456609544628
96	199	0.8099212233289411
96	81	0.7348498781635199
96	85	0.6946984185213975
96	176	0.6436320581438825
96	74	0.6096725343015298
96	183	0.5922535228456205
96	185	0.5744838899890121
96	61	0.5678609141998986
96	177	0.5525954241162051
96	90	0.5434368838348391
96	70	0.5297085869976588
96	193	0.5227381079717971
96	93	0.519525778614808
96	95	0.518093339626596
96	71	0.5135061751627003
96	79	0.5111165588141799
96	76	0.4915408067075368
96	73	0.4516411044024353
96	83	0.4419246204036883
96	197	0.437714398580688
96	190	0.4331112569929397
96	92	0.4297255314182981
96	166	0.4160867048414118
96	194	0.4050872820376198
96	88	0.3806076112955116
96	38	0.3736683306593885
96	196	0.37260097539519627
96	57	0.30112833972013353
96	182	0.2974502253287263
96	187	0.2928767159821066
96	181	0.2766585237818485
96	191	0.27649229269456
96	75	0.27278475832884874
96	87	0.2685866836266328
96	184	0.25379038306623586
96	63	0.2517777685364359
96	160	0.21946122361102144
96	72	0.1984898744020644
96	78	0.18293728761525985
96	195	0.17676367932149356
96	36	0.17625019132469194
96	139	0.17500967422754446
96	66	0.1683518962888746
96	60	0.15606412259710792
98	199	0.8661358872449582
98	198	0.8062080909968677
98	97	0.7722991033060749
98	81	0.6477602010097735
98	85	0.6455433911132035
98	185	0.5878209365053852
98	183	0.5739476690550609
98	176	0.5723763949115243
98	79	0.5412487078288946
98	38	0.51611531338032
98	93	0.5143744960731896
98	95	0.4980879617185585
98	193	0.4962058510419666
98	61	0.494341734127289
98	177	0.4843255050452057
98	74	0.482793165175437
98	71	0.4811810204518502
98	194	0.4531204577438745
98	70	0.4529217647773585
98	190	0.43909573775352
98	166	0.433720369997756
98	76	0.4312652640218348
98	196	0.4184569900338913
98	197	0.4184157444835767
98	73	0.4005383605129565
98	92	0.3915420525347982
98	90	0.3910932111793025
98	83	0.3866456157373364
98	182	0.3756025381552106
98	181	0.36262062009902135
98	187	0.35975112599736603
98	88	0.31730722071232464
98	75	0.3106096349507341
98	57	0.30487008185996856
98	184	0.28967366441161096
98	36	0.2799427930342387
98	63	0.2691896880440839
98	32	0.252480091749175
98	160	0.24758644177727496
98	195	0.2257911110818127
98	170	0.2228756128712815
98	175	0.22172540822797965
98	66	0.21926132867945125
98	191	0.21897573256104014
98	78	0.20956851695078788
98	140	0.20297169766984827
98	139	0.18148708983683595
98	72	0.17735455584346566
98	87	0.17221648385627344
199	198	0.85479730005729
199	97	0.7441519467874449
199	183	0.7053556689600131
199	81	0.6959741902687475
199	176	0.6767373554443545
199	185	0.6763577570982666
199	166	0.6258046030990762
199	193	0.6145188589311804
199	61	0.5678541388216031
199	85	0.5499990837811499
199	196	0.5470207693250037
199	177	0.5437609539231401
199	74	0.5282826638706147
199	79	0.5217926977101989
199	194	0.5204305105889794
199	187	0.5120541747131
199	95	0.5114046177259096
199	93	0.5091636020944713
199	197	0.48255538726031805
199	71	0.4522379173661938
199	190	0.4446484712172
199	92	0.43648480416662855
199	70	0.4331356291154289
199	182	0.4261067276953533
199	170	0.4211095645706619
199	181	0.4170206305276938
199	76	0.41338745077602734
199	57	0.3807444250181648
199	38	0.3804451233562964
199	175	0.3800516342278486
199	83	0.37122228502846255
199	90	0.3671629204929915
199	140	0.36192561359963593
199	191	0.33093688497466195
199	195	0.3254314469882963
199	73	0.3209088763257193
199	184	0.31581357056201337
199	160	0.31546242523262386
199	78	0.2793436232707963
199	63	0.26238683454466544
199	75	0.2589662239347898
199	87	0.25006298780158914
199	88	0.2216873743769432
199	60	0.21066774474035185
199	32	0.20391113694325605
199	99	0.20247306779198854
199	139	0.1890482893935394
199	66	0.18865291186490735
199	162	0.18609595284030192
199	156	0.17393346311251975
199	36	0.17353583844743567
199	167	0.15841453603699945
103	0	0.6516953510357703
103	102	0.5517752164794159
103	11	0.4566971394298082
103	10	0.44972858627139256
103	1	0.4173344964165485
103	106	0.4142907741766327
103	5	0.41283179271237264
103	110	0.38910931134388665
103	101	0.3791957484770448
103	119	0.3626900985861969
103	6	0.3618647813690479
103	139	0.34795924952916824
103	104	0.3342187364944557
103	114	0.32763808187518123
103	155	0.27716634949244184
103	154	0.2733677787967266
103	124	0.2563240843513752
103	144	0.2536126123123605
103	18	0.2500817370778593
103	39	0.24977235004513726
103	135	0.2481589628215572
103	152	0.2465441977160498
103	17	0.2400809385612433
103	2	0.2365155948513121
103	46	0.22857936615247826
103	14	0.2257436596274386
103	143	0.224661476226596
103	40	0.2238162282167385
103	19	0.22355973802325446
103	105	0.21873770712841326
103	15	0.21867105534089035
103	168	0.21413397614340712
103	125	0.21221531817211944
103	48	0.21066774474035185
103	115	0.20735890400537949
103	4	0.1889422185063195
103	121	0.18890364618129987
103	53	0.18816101544052052
103	151	0.187562896572708
103	157	0.187562896572708
103	126	0.18749535827489267
103	51	0.18740852071562333
103	47	0.18464749715452736
103	24	0.18087777091501234
103	21	0.17807118522804305
103	70	0.1762405019489142
103	49	0.17211944803721135
103	149	0.17196418377939934
103	118	0.16957592462124044
103	22	0.16760362305533835
103	69	0.15990577783198812
103	164	0.15752724497285858
11	5	0.4174253337571222
11	0	0.392532231418556
11	119	0.3301975830288599
11	176	0.31874539514036776
11	118	0.31862859812281924
11	110	0.3184039612794539
11	95	0.3126411354874084
11	10	0.28974694984659755
11	143	0.2779324115016503
11	70	0.25610918315409376
11	121	0.25343482442539583
11	106	0.2491721813727169
11	117	0.2459336095799434
11	124	0.2420024115569314
11	139	0.2405426411697943
11	7	0.23538240132564545
11	131	0.2283329361294623
11	102	0.2281623135860806
11	104	0.22338872735566712
11	197	0.2168802172515952
11	163	0.21334189383613986
11	120	0.20722491979677007
11	126	0.20671762347703115
11	24	0.1955582733206497
11	149	0.1951062060313368
11	101	0.1947117817390096
11	136	0.1932008439949376
11	123	0.19027260593275516
11	132	0.18796808909639587
11	114	0.18692603652182424
11	19	0.1846571561897098
11	20	0.183082263728262
11	39	0.17977484108347633
11	43	0.1718089109773871
11	53	0.16770081232864084
11	48	0.16606760131352358
11	44	0.16603842852163886
11	26	0.163275428337379
11	25	0.16248691790793393
11	151	0.16241876527276575
11	128	0.16215587631160133
95	197	0.8750175534079039
95	198	0.6878007438567899
95	176	0.6698604788916791
95	99	0.5797260618309721
95	181	0.5792943527137018
95	79	0.5656208624654461
95	166	0.5319279205617874
95	190	0.5251611962493099
95	97	0.5091487868950801
95	93	0.5067670387074833
95	185	0.4867405558715009
95	183	0.4867100319319768
95	81	0.4725279428132511
95	83	0.4646457476349338
95	106	0.4431951623572827
95	74	0.40785874679612905
95	101	0.4066909690156156
95	163	0.3695915961737868
95	32	0.35282782767212434
95	85	0.3417476980601508
95	61	0.32693270334894725
95	193	0.3203346672765173
95	5	0.3009828412354976
95	196	0.295708228142119
95	38	0.2928858581876233
95	56	0.2915688298951822
95	36	0.2471170332298723
95	139	0.2288162904768817
95	70	0.2186805771497642
95	100	0.21227261532201466
95	177	0.1909375380010116
95	184	0.18818995314013148
95	182	0.1823283011220923
95	90	0.18103253175196266
95	141	0.16807981933175234
95	194	0.16527983406253474
95	195	0.1646377936185174
95	73	0.16352848628392944
95	191	0.1607241890292688
95	161	0.1562787569020883
197	181	0.6980719511799397
197	99	0.6456658619920872
197	198	0.6886323890110894
197	79	0.6369174709180155
197	176	0.6316158974181889
197	190	0.5695320757385385
197	166	0.5557411683823433
197	185	0.5263840174672371
197	93	0.5252191302726466
197	183	0.5045564521672699
197	97	0.4741496781005163
197	101	0.4588708302126027
197	81	0.4555884324615709
197	83	0.4548432207124043
197	163	0.4244274754232331
197	106	0.40884198160143786
197	32	0.4029954071811122
197	74	0.3786476407602299
197	193	0.37225645666111024
197	196	0.3690734401010648
197	56	0.31855671822541665
197	85	0.3070363589175999
197	182	0.3036632110828472
197	100	0.2951149523734539
197	61	0.26449929034766084
197	161	0.25898488256804536
197	5	0.2384499780078633
197	195	0.23177081812084574
197	184	0.22795375588983885
197	194	0.20882265197176325
197	78	0.19458670722189472
197	38	0.18540079464345152
197	90	0.17041107246629458
197	73	0.16210719064331966
197	191	0.1607241890292688
197	177	0.15781978668922253
197	68	0.15442461237751084
181	79	0.7354978002729647
181	182	0.6246168363827641
181	93	0.5998417809796577
181	99	0.5714881757985756
181	183	0.5685989691154518
181	190	0.5424637012537112
181	198	0.5319637722425983
181	185	0.5219600560697246
181	81	0.47104307435736403
181	83	0.4591391971035119
181	166	0.4509721937266517
181	100	0.4419889943380673
181	193	0.4392410213570926
181	196	0.4226713798658876
181	184	0.41600401421563504
181	194	0.4136112857075352
181	32	0.3986896826215166
181	78	0.3572848827793628
181	74	0.33478712545361083
181	85	0.32672727145349595
181	56	0.31851179142900377
181	97	0.3027642303513498
181	176	0.30114652604506315
181	163	0.3007918532074909
181	101	0.2939368542843161
181	195	0.29324236241856866
181	88	0.2844341859148753
181	73	0.26698073915416265
181	161	0.2564735658937895
181	7	0.24769908254459685
181	63	0.2471545901854892
181	90	0.24394079823643186
181	57	0.2415033871367624
181	188	0.2310893812765675
181	41	0.2277641398305933
181	20	0.22524060839333576
181	75	0.2239587093766285
181	55	0.2227520668524218
181	167	0.2151737528793413
181	80	0.2092434262470516
181	23	0.19620256597077707
181	187	0.1958467834743509
181	38	0.19108206528906227
181	58	0.18892293241668165
181	186	0.18487930414988776
181	172	0.17945548741704045
181	106	0.17380739313306426
181	162	0.16726343495442542
181	160	0.15928207879695486
99	101	0.6203722443252562
99	163	0.4832531783213097
99	190	0.5234935116912982
99	56	0.4352778934170212
99	83	0.4119769725225519
99	79	0.3885490955520857
99	198	0.3882179238409185
99	93	0.3860330816021248
99	100	0.37577430979601373
99	166	0.363844587342565
99	176	0.3359764007733869
99	185	0.31817030102261296
99	32	0.3024099383450836
99	183	0.2975322602350984
99	0	0.29073597041257765
99	106	0.26265684840437903
99	97	0.2599082430836281
99	191	0.2521149168266488
99	5	0.25090651938332936
99	195	0.22336022424036267
99	196	0.21784249873864986
99	193	0.2157649680896742
99	1	0.2146682341405436
99	161	0.2108301941681271
99	75	0.20309633870402066
99	156	0.19848026836530008
99	81	0.19197794933574336
99	41	0.1891832823240307
99	74	0.1747770152724528
99	6	0.16498801482880332
99	4	0.15936004814080895
99	55	0.15720541714950614
99	114	0.15653239659740062
198	183	0.7682732687188347
198	97	0.8231469147649885
198	176	0.7440091166587487
198	185	0.7583200956923968
198	81	0.7548998142531504
198	79	0.6891683135306099
198	193	0.6686071539082891
198	190	0.6502028258444829
198	74	0.6303821258593859
198	85	0.6251227526438198
198	93	0.6177077225978985
198	83	0.5804559055787734
198	166	0.5454491252338832
198	196	0.5159465596049643
198	194	0.5098225729635467
198	90	0.495172470932455
198	177	0.4817110851079972
198	61	0.4702412236287428
198	182	0.4571639559477923
198	73	0.442616401579824
198	187	0.4314768829591857
198	184	0.3956575762568215
198	76	0.3954298190593789
198	71	0.3910339163291006
198	191	0.3626293051303862
198	75	0.3479680387421917
198	92	0.3178197381530725
198	57	0.31172956987893
198	70	0.3085571971791848
198	88	0.2964928271317207
198	160	0.270728710184556
198	163	0.2697646648934976
198	195	0.2656614556592482
198	78	0.23035090211133846
198	175	0.2264837802009789
198	38	0.22418665931908055
198	63	0.22046993555528926
198	161	0.2178996506703187
198	87	0.21735664703347785
198	56	0.2105339541210888
198	101	0.19288314151776226
198	32	0.18589321757812696
198	170	0.15978884397167553
198	58	0.1591651210556787
81	183	0.856910625469828
81	74	0.8105738706798041
81	93	0.780676340181956
81	85	0.780676340181956
81	90	0.7278077337071825
81	185	0.7510415399231167
81	79	0.7097252311875201
81	194	0.6557838505722621
81	61	0.6365964190150668
81	193	0.629398848438279
81	92	0.618449297153678
81	97	0.6118731469591377
81	76	0.6086410929087048
81	196	0.605261997329026
81	190	0.5304851039797084
81	83	0.5253711839211905
81	73	0.5218727436773297
81	182	0.5029221730338705
81	166	0.4920639166732775
81	63	0.4859389086493475
81	187	0.4848228771200272
81	88	0.4844173511633743
81	57	0.4810119402941597
81	176	0.45650717595858903
81	184	0.4027440983952281
81	78	0.3773962759552686
81	75	0.35073359074410404
81	84	0.3243491671532282
81	60	0.3195986178253511
81	160	0.3182242260526805
81	195	0.3122531134735445
81	191	0.2922091904263739
81	175	0.2909465150268665
81	162	0.2872900427172022
81	87	0.2802745471176738
81	65	0.27562392836868577
81	188	0.261865312204976
81	170	0.21566008659818453
81	177	0.20201270085035636
81	140	0.19229576686370034
81	56	0.18970390231769502
81	55	0.1895689369939716
81	32	0.18777514824612754
81	38	0.1837780381285764
81	94	0.18370073894165376
81	4	0.17251727364797378
81	58	0.1585607682863214
81	136	0.15500049013523146
183	185	0.8264398993450398
183	193	0.7348912750346552
183	196	0.7010284755933154
183	93	0.7570081877666942
183	194	0.718839753201021
183	79	0.7062689970212128
183	74	0.6813449103938205
183	190	0.6647963988146784
183	85	0.6391763990225587
183	83	0.6174788485460593
183	187	0.5996753056622821
183	182	0.5973906512139375
183	90	0.5848351485783422
183	166	0.5609237554035577
183	97	0.5554439021092102
183	184	0.5291832155031256
183	76	0.4951196328053802
183	92	0.4852281947254798
183	61	0.4783634897543348
183	73	0.4474361077652055
183	176	0.4257874857673177
183	88	0.4142245029279741
183	57	0.3971747132863769
183	191	0.3950247972908605
183	195	0.3762379642478261
183	175	0.3689265874732927
183	78	0.3633325833923593
183	162	0.3612562896182176
183	188	0.35608918216337315
183	75	0.3544814416700092
183	63	0.33731527149982554
183	87	0.3264235329650897
183	160	0.3208819655418573
183	140	0.2919713727785342
183	60	0.2772586648149349
183	170	0.2433293809987727
183	84	0.2330668125324587
183	56	0.21991805710270174
183	20	0.21408626830064034
183	163	0.2108779711959066
183	58	0.1982497120471789
183	55	0.1953947692030506
183	167	0.18100351477770749
183	189	0.17989096029866294
183	32	0.16425834045875076
183	41	0.1582195488948853
74	90	0.7277324775998676
74	85	0.7176876030395107
74	93	0.6822332815288642
74	185	0.6596930640750015
74	193	0.5986753633706089
74	194	0.5976735515751179
74	73	0.5372914592592284
74	196	0.5296870043903046
74	190	0.5276551774709304
74	76	0.5275613656346403
74	79	0.5242843505712719
74	83	0.5215306648428356
74	57	0.4917910340291261
74	97	0.4862749366663706
74	61	0.4838125013537921
74	88	0.4699218240581974
74	63	0.4436129266260476
74	92	0.41990773308205465
74	87	0.38402294485751903
74	184	0.381308605393274
74	176	0.35040029167809605
74	75	0.3418271843811304
74	182	0.3305717383314733
74	187	0.3261286634790697
74	60	0.3189699775828033
74	166	0.3022009577205567
74	84	0.29800615364126715
74	191	0.297021749477842
74	195	0.2704414072323009
74	160	0.26902272331162075
74	162	0.2460651373828441
74	59	0.2353446171649107
74	161	0.23460768396570286
74	78	0.22244792309788708
74	58	0.2214401379080305
74	188	0.1827053092870052
74	175	0.18094547988384768
74	55	0.17930063565563634
74	65	0.17613391656162922
74	94	0.17210004047249342
74	177	0.1617566305471244
74	192	0.15955496280089942
93	83	0.6906565303162071
93	79	0.7962934228237244
93	85	0.7135160022799235
93	196	0.6699431636237967
93	90	0.6621541515586952
93	190	0.6347430988115297
93	194	0.6098107416300353
93	185	0.6093331409218591
93	193	0.6077778819229483
93	88	0.5878536588709438
93	182	0.52714266374166
93	92	0.5265647236497996
93	97	0.5195476810623956
93	63	0.4631703444193693
93	195	0.457606803153117
93	61	0.4356425618829274
93	166	0.42665492125664944
93	184	0.4125248049676476
93	57	0.4112377569503544
93	73	0.4086504084966581
93	55	0.3701354127708958
93	76	0.3554253702695379
93	32	0.3509265127634916
93	191	0.34235696816646743
93	187	0.34076696498464065
93	41	0.329974822255693
93	87	0.3232481273793887
93	176	0.3118740146213078
93	75	0.3021464362571667
93	78	0.26482477424667106
93	162	0.2473517520172017
93	60	0.2456517337936771
93	38	0.2454637935174752
93	160	0.22448105835549845
93	66	0.2129218809324643
93	56	0.18545873159160936
93	175	0.17850688107928522
93	94	0.17353583844743567
93	161	0.1675064305241264
93	58	0.1672731551676
93	188	0.16235061108788273
85	88	0.6867454333036033
85	160	0.39933708957889
85	90	0.6806638946979907
85	194	0.6031285760676764
85	79	0.5951802138601837
85	97	0.5888475007456508
85	185	0.5882461772232829
85	92	0.5745709793582527
85	193	0.5716766979811315
85	83	0.5532758009760179
85	76	0.5454210252107418
85	190	0.5250960146540941
85	73	0.5170317528965406
85	61	0.4843943906348102
85	63	0.4610232929797744
85	57	0.4541053093761012
85	196	0.4519276251170391
85	60	0.3999756983561608
85	66	0.3799404058348543
85	182	0.3755252324961615
85	55	0.3752761009402116
85	87	0.3686328269579116
85	75	0.3671196601293567
85	176	0.32524367434016505
85	184	0.3159756084709415
85	38	0.3066649634288597
85	195	0.30616660329272205
85	94	0.288363114921183
85	187	0.28654672371636863
85	162	0.27792318394025783
85	84	0.2663676751687897
85	166	0.2593673419361716
85	4	0.2397699347555545
85	65	0.2314111991960803
85	191	0.23059709136130602
85	58	0.2250032783671076
85	177	0.22076484722223386
85	178	0.20503222065843302
85	161	0.20166736703829072
85	107	0.18824782755907127
85	71	0.18343983741708866
85	32	0.1801522101987096
85	72	0.17316725774077688
85	70	0.1704499106041912
85	158	0.1664954355069681
85	59	0.16113331183644675
85	78	0.16066573840156947
85	50	0.1583365426619613
90	73	0.6567459946811333
90	76	0.6410887414409007
90	88	0.6707250893808502
90	92	0.6284861575122889
90	194	0.609967750405203
90	193	0.5772242898064983
90	57	0.5522688593251871
90	84	0.5441200595582621
90	79	0.5139257498109817
90	185	0.4986667090929527
90	83	0.4854957430365257
90	87	0.463719997383961
90	60	0.4477639659827184
90	97	0.44669998810058265
90	182	0.44225448869491896
90	184	0.431135013391807
90	190	0.4176152394222129
90	94	0.3989335579135384
90	196	0.3984541633055656
90	61	0.3861777384457201
90	63	0.3826666008809104
90	55	0.3637057605233259
90	75	0.3526439564210553
90	65	0.34590969781383885
90	162	0.3444915514183697
90	187	0.327968323542508
90	191	0.3270309424664401
90	78	0.3120094184758013
90	91	0.3085752929166323
90	188	0.2654569704332869
90	176	0.24597118987662014
90	192	0.23969453247910846
90	178	0.23696869235672194
90	160	0.2323195880167419
90	107	0.2169088059547178
90	80	0.2145633007327036
90	66	0.1940767225873566
90	58	0.1895689369939716
90	177	0.18034571226039686
90	64	0.17419528254119498
90	86	0.17114890641602973
90	72	0.1628860664750545
90	82	0.16096772117258387
90	166	0.15752724497285858
185	187	0.6139521886181333
185	193	0.7326479974745363
185	194	0.7199927839556637
185	184	0.6995608664638283
185	190	0.6469061905484326
185	182	0.6402574932292193
185	79	0.6282319882727351
185	196	0.6153210754235533
185	73	0.5646816291416002
185	75	0.553719730689798
185	83	0.5464037964023267
185	76	0.5172002488347811
185	97	0.4972227718784727
185	188	0.4884251558355218
185	78	0.4292117307268927
185	176	0.4172519097783885
185	162	0.40347272646567606
185	191	0.4022832078950261
185	57	0.39339472260898417
185	166	0.3628029925286543
185	186	0.3521184599522228
185	88	0.34227751446497306
185	161	0.3375279466963073
185	92	0.3183500431144067
185	163	0.2963012758871603
185	56	0.2926207124909216
185	160	0.28628969362773365
185	87	0.28528872001422323
185	195	0.2700242688449219
185	61	0.2692360642654377
185	58	0.26535471886227285
185	170	0.2463375590004708
185	175	0.2318275942685065
185	20	0.2221722554150833
185	80	0.2031442758110484
185	192	0.19642370203497567
185	63	0.18909650197498776
185	106	0.18811278521519487
185	23	0.17911673764938352
185	84	0.1741177089800414
185	59	0.16900283338666186
185	128	0.16723427411980812
185	189	0.16623290830887294
185	60	0.16536737419200348
185	133	0.16359661359435745
193	194	0.765968743345802
193	196	0.6704609429895748
193	83	0.6155881981184933
193	184	0.6148112867383674
193	190	0.6010950779682406
193	191	0.5710570413594195
193	88	0.5660015827357531
193	187	0.5622245601261289
193	87	0.5570667636799524
193	182	0.5545858738128169
193	79	0.5327090547788798
193	97	0.5233773492357281
193	73	0.4339395537180053
193	76	0.42866500280069664
193	57	0.4035313294935797
193	170	0.3704978163174735
193	92	0.3573982826882643
193	195	0.3553816858529383
193	75	0.3505055536078045
193	162	0.3485743466610538
193	189	0.34827562265475714
193	60	0.34225102880992503
193	166	0.3396439546767138
193	192	0.3307142463649274
193	188	0.3180175022572369
193	176	0.31108842256337765
193	78	0.30812283250098405
193	160	0.29984565232324395
193	175	0.2730624121412877
193	178	0.2730439033018274
193	61	0.2597217438505418
193	161	0.2556512657627973
193	63	0.2487969787070891
193	66	0.24378090781654424
193	4	0.23819531338420594
193	72	0.2330857260415118
193	84	0.22463299021798036
193	140	0.21041927016975592
193	94	0.20511843562824827
193	177	0.19619295090638134
193	55	0.1775773121861116
193	159	0.16554244663256365
193	64	0.16112357146019393
193	186	0.15619095374185352
196	195	0.5974356680400686
196	194	0.6914715215129839
196	79	0.5364586942085521
196	187	0.5124893455003786
196	190	0.4915180547429778
196	182	0.4810426848031362
196	166	0.46180252002389793
196	83	0.44697210286286704
196	175	0.4436289906349481
196	191	0.4377629016731162
196	184	0.4313792185789272
196	97	0.3971999805527175
196	57	0.39594431240100025
196	92	0.3914404443826904
196	170	0.3556437690604123
196	63	0.3360384977029368
196	88	0.3233914016717659
196	162	0.31546242523262386
196	60	0.3148499651938754
196	87	0.3060669111144453
196	61	0.30554115047436425
196	140	0.3051240353602333
196	78	0.30016415128972684
196	76	0.28759277726759497
196	73	0.2856285699533398
196	41	0.2803666891526837
196	75	0.2645829919662097
196	188	0.2445238155741774
196	167	0.23652503543271725
196	189	0.22029867801950107
196	176	0.2171660875345458
196	66	0.19748103265745112
196	178	0.19082191020945447
196	160	0.1893086264997713
196	192	0.18827676427830686
196	32	0.16718567207857427
196	161	0.15695183231157073
97	177	0.7181140671534895
97	176	0.6961597669378973
97	71	0.6664783151024519
97	61	0.5784432669934644
97	79	0.5722351770342115
97	166	0.5299675247809382
97	70	0.5069825313109824
97	83	0.5058895535328826
97	190	0.4700309011685029
97	92	0.4181352289778492
97	191	0.3874278020364692
97	57	0.38502846986593614
97	38	0.3672148308327449
97	63	0.34872368211757315
97	187	0.3450114277800591
97	73	0.3418713413351922
97	88	0.3406520557710189
97	178	0.31535436312740656
97	76	0.3146877994953161
97	156	0.3128396180468556
97	194	0.3061122265732255
97	72	0.2968029071425388
97	195	0.2894904359651337
97	182	0.2772032762356165
97	175	0.25834104810416586
97	32	0.25005361309312546
97	170	0.24703252736517506
97	75	0.236912060801265
97	87	0.23578853609772635
97	122	0.2257246787457421
97	66	0.21922325136672646
97	139	0.2183949047754812
97	36	0.2137236553320248
97	140	0.1945001134644256
97	158	0.17782910179281752
97	161	0.17070234558662126
97	37	0.16515338261132456
97	107	0.1633435614379705
97	184	0.1590481588465749
97	167	0.1584047869732081
97	160	0.15634704654143125
97	8	0.15489313107190028
97	35	0.15474672645374582
176	70	0.64435194533129
176	177	0.6429286298542554
176	166	0.5877554860036251
176	139	0.5547174225064028
176	71	0.5321143284758427
176	61	0.454200558789412
176	190	0.4038410333510826
176	79	0.3721875405984634
176	83	0.3117837383462259
176	101	0.2856285699533398
176	191	0.24202124016245355
176	141	0.24169171326077235
176	92	0.23938346753015
176	187	0.2299057928773046
176	38	0.2297731885443641
176	37	0.21739475694563945
176	76	0.2144297419590256
176	106	0.2116136100709676
176	36	0.2103714834804967
176	156	0.20825831057834465
176	0	0.1952120164525608
176	75	0.1899738114540975
176	175	0.1889904330926941
176	163	0.18237663850091893
176	140	0.18044245805771228
176	170	0.1795909754141112
176	32	0.17958129792591612
176	57	0.17342914902687254
176	182	0.1619708665741108
176	73	0.16168846133988504
123	138	0.8503457279844288
123	136	0.8293654028646669
123	126	0.8230824183164953
123	129	0.6592805578004965
123	117	0.6155757769421617
123	119	0.5779040377180588
123	22	0.575808918221949
123	26	0.5743833860900636
123	34	0.5526787751843439
123	2	0.5470207693250037
123	130	0.5423931241121106
123	23	0.5274314510782331
123	134	0.5235152899855643
123	33	0.5072350971278561
123	44	0.5053387313664693
123	127	0.4996202956892906
123	20	0.4710508555049322
123	104	0.4590681669607672
123	18	0.44553857092232
123	19	0.4437574924436979
123	143	0.4427209273585448
123	31	0.4321765149957055
123	42	0.4141996500773065
123	25	0.3980755400164261
123	17	0.396542835995248
123	27	0.3884302249426245
123	48	0.3833492447733217
123	150	0.37200661640892896
123	120	0.3666783137247562
123	121	0.3662194846815589
123	133	0.3559494621250231
123	146	0.3451083304847059
123	135	0.3392812009686663
123	29	0.3359852719421628
123	40	0.3353286445215256
123	144	0.323427217928493
123	149	0.3177657976876941
123	128	0.2971676270368419
123	132	0.28884896937975824
123	30	0.26807628462423344
123	28	0.26077520964096457
123	24	0.25715541966841554
123	7	0.2535938986045849
123	49	0.24957544082734925
123	110	0.2477929447357768
123	69	0.24234129855797
123	131	0.2294605874396826
123	125	0.22861727586477765
123	116	0.22731847411186934
123	186	0.2260378413690622
123	15	0.21864248966441768
123	100	0.21352323867805534
123	16	0.21228216470511144
123	5	0.2105339541210888
123	4	0.2031730376078521
123	1	0.1909375380010116
123	53	0.1838360110272202
123	43	0.1766086742026646
123	124	0.17438920698317278
123	151	0.16375232730083436
123	75	0.16217535035787767
123	41	0.15817080018055854
123	115	0.15597631340492982
138	136	0.7946040293662974
138	129	0.6669504831596059
138	126	0.6658052465892409
138	34	0.6544309747822965
138	127	0.6145624227171969
138	130	0.6079859401810983
138	117	0.5595102731664142
138	33	0.5569288129880821
138	42	0.5434016490598103
138	26	0.5409375318146245
138	22	0.5374479306964529
138	31	0.4828391784880667
138	134	0.4657192865173736
138	2	0.4520231113088377
138	119	0.4428013236170142
138	143	0.4395153832633326
138	44	0.4377790688044049
138	27	0.4222606186392893
138	23	0.41510224034890897
138	146	0.40933324350193395
138	40	0.4040586077303032
138	18	0.37840776006406507
138	19	0.35933317587648683
138	48	0.3575552805507865
138	104	0.3386793381836029
138	150	0.3366504396253136
138	25	0.3356747455745792
138	49	0.3249932709082674
138	17	0.32378532951406136
138	120	0.3237137146143545
138	24	0.3070725876196115
138	20	0.3045979407078682
138	41	0.2938820372500756
138	28	0.2885373062509706
138	144	0.2864090341529582
138	30	0.2755869667032002
138	29	0.2332464837475413
138	135	0.22664505385656986
138	121	0.2260188631453835
138	132	0.22423414580383835
138	149	0.21120282825525147
138	128	0.18326588870663635
138	116	0.17732549932802955
138	69	0.1700129510452242
138	145	0.16304181731527845
138	133	0.16039295391136313
138	15	0.15903841179424105
136	129	0.7086864455414549
136	126	0.6881904737250412
136	26	0.6226430332758216
136	117	0.5771442668096255
136	44	0.5770975816089448
136	130	0.560807232321478
136	119	0.5126662888543809
136	33	0.4727065683857692
136	34	0.4708718705655047
136	19	0.4631624896506682
136	23	0.458815567808329
136	18	0.4576463320493348
136	22	0.451991283729109
136	20	0.4142327870742705
136	48	0.4133211197172914
136	149	0.40370711871222414
136	2	0.4009580609358006
136	42	0.39844575092924894
136	27	0.39288745858152696
136	31	0.3846451145857723
136	25	0.3617083414825213
136	127	0.3493647448187419
136	17	0.3236868580706186
136	121	0.29954529206080144
136	143	0.2958633549717845
136	104	0.29071766085420503
136	134	0.27843062361010984
136	29	0.2773786670812041
136	40	0.2739690974016907
136	133	0.27326599603015617
136	120	0.2467320316433869
136	128	0.2281623135860806
136	28	0.21464915570765047
136	5	0.20474481445224785
136	49	0.1999591477604201
136	7	0.1996231185381709
136	132	0.19728882482018534
136	69	0.1966159780247554
136	116	0.19617372066440686
136	186	0.1896846219959576
136	75	0.18933755120280968
136	125	0.1886818440035201
136	150	0.1869356870903532
136	30	0.17000324007274986
136	131	0.16793405328164587
136	135	0.1655035425470388
136	24	0.15707862731966776
136	16	0.15485409050531854
126	129	0.6534923472632922
126	23	0.6490294890961863
126	117	0.6181589781682767
126	128	0.5953222625709503
126	130	0.5483508450523507
126	26	0.5422307676301837
126	25	0.5343972110145144
126	20	0.5261237170001843
126	119	0.5027204369375076
126	19	0.5012019268602632
126	27	0.4914194551430384
126	121	0.4881890734286069
126	2	0.4846086629481746
126	132	0.48025063677059204
126	133	0.4752264708223762
126	29	0.4555250350166382
126	104	0.4402493013909535
126	18	0.4287629473198249
126	22	0.4239190276756564
126	124	0.4093998370247377
126	17	0.40553857159418105
126	186	0.3982017628582115
126	134	0.3976967810543888
126	143	0.39040688657057937
126	125	0.3885830562082661
126	131	0.3793412948925811
126	15	0.3762551330185181
126	28	0.3749151935804856
126	120	0.3712653939290324
126	44	0.3694275382653331
126	43	0.3498562973919638
126	16	0.34654338934659346
126	135	0.3385022669307114
126	150	0.3291725792693008
126	34	0.3286107262170384
126	116	0.323427217928493
126	100	0.31548043478816
126	5	0.30437111841656384
126	31	0.3026643103037189
126	77	0.2974502253287263
126	188	0.2953066509949047
126	7	0.29324236241856866
126	144	0.2843790391421709
126	40	0.284094084176131
126	106	0.28129703385510463
126	149	0.2804219718938279
126	127	0.27649229269456
126	75	0.2677142741032849
126	69	0.2663769656266589
126	110	0.261865312204976
126	48	0.26165107119682673
126	56	0.24362100414350876
126	33	0.2425107198908411
126	115	0.2344659350932661
126	163	0.23191275552841906
126	1	0.22938479822148825
126	53	0.22321770293485887
126	4	0.22073630914676934
126	21	0.21235855831019235
126	118	0.2111168412181398
126	148	0.2084113660331993
126	10	0.1972215484928224
126	42	0.1922283543927279
126	184	0.1918720012074366
126	14	0.18783303202353208
126	101	0.1862021411787364
126	24	0.17352613957747726
126	151	0.17112949218854115
126	30	0.1609287573460183
23	25	0.8480029871116658
23	20	0.7263465243029114
23	128	0.7488800110900452
23	27	0.6166614725699444
23	132	0.5918638429600049
23	29	0.57767754406976
23	26	0.5285205251457722
23	117	0.4992750417678817
23	22	0.4878233854790376
23	133	0.4863589212091349
23	129	0.4853122911323811
23	125	0.4816726864616525
23	130	0.4658289141453224
23	186	0.4651787700833388
23	121	0.4624395397312884
23	43	0.456641737718174
23	124	0.4521504101181257
23	18	0.4294645880346668
23	131	0.4264913141824448
23	21	0.4175079059191495
23	19	0.4163843341137638
23	119	0.3995303936954195
23	17	0.3968883088575073
23	16	0.3931326660753757
23	28	0.37260097539519627
23	188	0.3721875405984634
23	44	0.36248165103157853
23	15	0.3596379454182597
23	56	0.3531167131587077
23	53	0.3515489214945752
23	116	0.3512070734343828
23	100	0.33246763908082305
23	69	0.32814679918900713
23	2	0.3093712840967036
23	120	0.3058403130191412
23	184	0.305532084000609
23	40	0.301110153176146
23	135	0.2880330158505976
23	75	0.28750104559031764
23	34	0.2859591658203226
23	4	0.28185866932077885
23	149	0.275013956739148
23	7	0.2648712670229577
23	33	0.2524613665785574
23	150	0.24858120334893594
23	55	0.24015632600459064
23	48	0.2335963240887293
23	163	0.23355850642509185
23	118	0.2334166838939653
23	182	0.2332181156667126
23	115	0.22965004831015826
23	78	0.22815283414486576
23	104	0.2266640264109579
23	162	0.22473743703888446
23	106	0.2221247229126565
23	31	0.22192507487520174
23	134	0.21996563838187105
23	157	0.21926132867945125
23	77	0.2189090880656036
23	80	0.21563148169131355
23	5	0.213370528209954
23	151	0.1948657109137326
23	144	0.19475988563675234
23	30	0.19348962927836974
23	158	0.18534285640629264
23	194	0.17971677959687551
23	161	0.17646334894746998
23	73	0.17272101619962735
23	190	0.17147892793677635
23	42	0.16058780247836485
23	160	0.1576930220102191
25	128	0.7941612820844692
25	27	0.6756083526450878
25	132	0.6649637791519404
25	29	0.5946762868188419
25	20	0.5765303888947256
25	117	0.5444156440023734
25	125	0.5303269967080974
25	26	0.495647849232326
25	124	0.4890416788915278
25	16	0.488280468645421
25	133	0.4866642437942101
25	131	0.4713309279915648
25	18	0.4629896663316954
25	43	0.4411759394734453
25	21	0.4254353781648303
25	121	0.42414048134075416
25	17	0.4099740250572745
25	129	0.40821715395120173
25	130	0.4019311177742816
25	186	0.4015621339377271
25	22	0.4013104792730053
25	53	0.3925576086731256
25	15	0.3778249810491378
25	28	0.3760576765571565
25	19	0.3700750012214277
25	119	0.3590631731113397
25	116	0.35757272351047475
25	118	0.3463673956151871
25	188	0.34115581292192626
25	44	0.3399093202250271
25	120	0.33243205999692765
25	2	0.30549581755157995
25	100	0.2972770261033064
25	40	0.296565792761139
25	149	0.2820979962562669
25	48	0.28141674283407553
25	135	0.27914999881578473
25	56	0.2785966610367444
25	157	0.27626138873555905
25	69	0.2681690956464429
25	77	0.26808556595040833
25	7	0.26692501498449744
25	184	0.2590408573080176
25	115	0.2502785931528464
25	34	0.2482058830957924
25	75	0.24721092422654165
25	78	0.24549198573564385
25	80	0.2413998000128095
25	5	0.2334166838939653
25	104	0.20997003562141148
25	31	0.2098457635940309
25	51	0.2095302733887543
25	134	0.2063634073058536
25	106	0.2045915167018961
25	4	0.20277992938970948
25	151	0.2000455476758364
25	162	0.19684668925128698
25	144	0.18749535827489267
25	182	0.18609595284030192
25	33	0.18141939460640424
25	163	0.17425346129326974
25	155	0.1702168738368884
25	14	0.16233113817907496
20	69	0.5335822765312286
20	128	0.5339684218071992
20	119	0.4950139455632853
20	121	0.480819760309623
20	43	0.4752109874791877
20	26	0.4578123336584888
20	22	0.4530727755365382
20	19	0.4419407143140379
20	27	0.4381589148796157
20	29	0.4328349953446124
20	124	0.4209697012144973
20	117	0.4126326762091839
20	186	0.4015956833129264
20	44	0.3756283055468539
20	53	0.3576163298181871
20	129	0.3505844942444896
20	2	0.3491364585760229
20	18	0.3461473691604597
20	56	0.3420126334431467
20	125	0.3400154512940077
20	132	0.3302064926950017
20	150	0.3250558760400984
20	17	0.3191945242105672
20	55	0.3131102320531166
20	188	0.3002824338662124
20	133	0.2973955329508892
20	131	0.2951514682289749
20	21	0.2943570539568989
20	149	0.2851325486827019
20	184	0.2789102418475444
20	130	0.2743482805706151
20	7	0.27416332382037834
20	40	0.25345353974632645
20	75	0.2525737147653952
20	116	0.25084092501707544
20	163	0.2505691523941047
20	16	0.2467977691392306
20	73	0.24580207271954085
20	4	0.24464603874171725
20	34	0.2433481967234487
20	33	0.2425013079825092
20	120	0.2344281337097496
20	160	0.231288157143848
20	158	0.22728054071451803
20	100	0.2271857042038036
20	190	0.2196135121457064
20	80	0.2185282232115404
20	48	0.21699456983151255
20	28	0.21512606735354373
20	148	0.21168047445800167
20	79	0.20957807774111814
20	104	0.20847832458542087
20	15	0.20635383314465508
20	5	0.2056548127598343
20	77	0.2031442758110484
20	194	0.19771166202025886
20	51	0.1966736578736705
20	31	0.19536591440739196
20	30	0.1809841699531277
20	182	0.18054887440218648
20	162	0.18009415686040334
20	161	0.16987699442659168
20	134	0.16712734855652972
20	42	0.1619027022206907
20	135	0.15685429416878344
128	132	0.6947811923774011
128	124	0.6688614393404279
128	27	0.6422593668497835
128	125	0.6215334927210112
128	121	0.5087190148714615
128	29	0.5049290695262603
128	131	0.4946665843423065
128	21	0.4801429192232734
128	16	0.4691968761094332
128	43	0.4536606748664032
128	117	0.4527786779761226
128	133	0.4523651850948364
128	186	0.44669198347362
128	28	0.3955900977145056
128	130	0.385343573600346
128	15	0.3761778715156844
128	53	0.3757571337935681
128	188	0.3669206420025848
128	119	0.3487588172991968
128	118	0.34601533500613524
128	19	0.3405106150747918
128	116	0.33963510822682713
128	26	0.3165156016802434
128	129	0.3109077665271167
128	120	0.2956534737720771
128	106	0.2941378335321805
128	17	0.2938363549114436
128	56	0.29272129029613786
128	77	0.2915139296777705
128	100	0.2834872387155676
128	163	0.2806799334173745
128	5	0.2723959666482411
128	75	0.26138090447655793
128	115	0.2502973402715201
128	18	0.24751134421367624
128	184	0.24456142353046034
128	157	0.23600573718102186
128	69	0.22837085034597066
128	7	0.21900429386226106
128	40	0.21829967232941366
128	148	0.2159937831512659
128	135	0.2080669769163157
128	78	0.19902775154953006
128	14	0.19869159236256448
128	2	0.19248836392162189
128	144	0.1915252306209582
128	104	0.18979066195483307
128	22	0.18922185041958015
128	151	0.18564219008603214
128	4	0.18239597320562695
128	162	0.1806359391765568
128	80	0.18014253472946773
128	149	0.17036252404935665
128	150	0.1641999587315843
128	182	0.1624771819120994
128	158	0.15880447324142313
128	161	0.15504928849940516
27	130	0.7147850720217096
27	132	0.6493823933753841
27	53	0.6023135653422351
27	26	0.5857883929296458
27	125	0.5852166404842493
27	131	0.5462354280323448
27	29	0.5454140000133725
27	129	0.5406049755940686
27	40	0.4790110108438643
27	43	0.4720151495171101
27	44	0.468252716851706
27	21	0.4649279779718898
27	28	0.4582469485069769
27	117	0.4178381256132025
27	157	0.396669241542401
27	119	0.3898982180012412
27	18	0.38139406250918095
27	133	0.3772419025009807
27	121	0.3753018756854664
27	124	0.3661935078974994
27	15	0.3639833979991013
27	33	0.35470000802290463
27	34	0.3525301177117073
27	17	0.34293065503109715
27	16	0.34239227935114136
27	116	0.3410939585550972
27	22	0.3394847093856983
27	31	0.3223702491281931
27	186	0.3131012124050496
27	19	0.3106367403477903
27	51	0.30114652604506315
27	48	0.29847990019812826
27	149	0.2881430564844427
27	49	0.28541732032550504
27	151	0.2643876819907081
27	144	0.2623682113839573
27	42	0.2603277954523345
27	14	0.2586676595248339
27	69	0.2549407996125536
27	2	0.2452852331619508
27	100	0.2443733763931284
27	188	0.2396097014615207
27	7	0.23682711044938554
27	118	0.22783998832811475
27	24	0.21844251943877996
27	143	0.21553612932912392
27	120	0.2121102696078619
27	30	0.20591337904264995
27	135	0.2005158926055317
27	164	0.18934719269747144
27	127	0.18723483681018188
27	59	0.1867426688667495
27	115	0.1845315859505427
27	134	0.1820382583487088
27	77	0.18076169440825168
27	75	0.1795909754141112
27	80	0.1783132471101864
27	4	0.1702460044745997
27	104	0.1683518962888746
27	155	0.1660287041930905
27	56	0.16112357146019393
27	147	0.15714689941020893
27	78	0.1563860685214131
104	110	0.8398605409335554
104	2	0.7891219040742815
104	134	0.6939940975343825
104	10	0.6952567850121695
104	1	0.6852949444290327
104	114	0.6569961436472114
104	143	0.6195595967996209
104	102	0.5795932628966954
104	4	0.5181079710608139
104	141	0.4557627516064912
104	100	0.4056388313306309
104	0	0.4009832376119504
104	135	0.34075812617576545
104	107	0.3227823835979132
104	30	0.3072989968403615
104	22	0.29919934910488943
104	24	0.2966661148483655
104	119	0.2934525702881192
104	69	0.2903605819224893
104	37	0.2865283657916605
104	146	0.2674914608153056
104	105	0.26247063634889023
104	150	0.2616044936516652
104	84	0.24995048820603516
104	160	0.2373933776688296
104	124	0.2342107619997036
104	34	0.23384212167158036
104	139	0.2301330947293538
104	101	0.22662608113017965
104	144	0.21873770712841326
104	117	0.21421030656687026
104	36	0.20759814216958689
104	5	0.19458670722189472
104	6	0.1937398827416278
104	28	0.19197794933574336
104	40	0.18625040716746571
104	86	0.17503875522326984
104	7	0.17131392198207188
104	127	0.17014890119198278
104	56	0.16785630838503066
104	76	0.16295420846704095
104	26	0.1587947254145506
104	132	0.15729319168850592
104	75	0.15557626257422072
110	10	0.8061730853233976
110	114	0.7875700166496489
110	102	0.6835194485223894
110	1	0.6271472386136943
110	2	0.6171074790799903
110	134	0.5467053459768225
110	143	0.4997928631548909
110	141	0.4669165839338734
110	139	0.4187951384361847
110	0	0.4018556544207984
110	135	0.4014363141821153
110	107	0.3454430286671735
110	4	0.33576347484238434
110	100	0.3266915410149471
110	146	0.3202449258319928
110	105	0.30069180222878245
110	124	0.2889406233593257
110	150	0.2886014771903692
110	119	0.269681212435294
110	160	0.2619211969203486
110	69	0.26057015869657996
110	37	0.25858367937622284
110	6	0.2509814815519721
110	5	0.2455577659630859
110	101	0.22107874109405395
110	36	0.2203843084858065
110	144	0.22000370265165475
110	70	0.2052621201704232
110	120	0.1913229256890999
110	24	0.18420314300455806
110	84	0.16611622198735684
110	77	0.16555217257344634
110	158	0.16474481006366148
110	7	0.1608118628569701
110	132	0.15855101968603666
2	134	0.6870412127201013
2	143	0.6201692071343806
2	22	0.5788889144821845
2	1	0.5666672626464553
2	10	0.5529634745862904
2	114	0.4823405589557934
2	34	0.4612201346693551
2	30	0.4476280393740811
2	31	0.4203935823811337
2	69	0.41994891609215207
2	102	0.4025262483185865
2	24	0.3874023047491798
2	4	0.3769588300511066
2	141	0.3767443343314497
2	0	0.36758678798214894
2	100	0.36606361541639
2	26	0.3569271679187606
2	150	0.33220077289082817
2	119	0.3309992171850696
2	42	0.2881430564844427
2	40	0.2848844807450101
2	146	0.2768616726274101
2	127	0.268642354401023
2	135	0.2585370220489825
2	33	0.2554456328659776
2	117	0.2465441977160498
2	37	0.2404107372353741
2	19	0.2273658898884721
2	18	0.22105971852614206
2	17	0.21611771473980207
2	7	0.21569822589824114
2	144	0.21557427076734745
2	129	0.20743546291799672
2	101	0.2016961467723562
2	105	0.1907930024340185
2	130	0.18813207741421092
2	124	0.1877558533637941
2	39	0.18742781820421767
2	5	0.18657859203964935
2	86	0.1837973625701997
2	32	0.17871986247629687
2	36	0.1775773121861116
2	142	0.17719958418935594
2	28	0.1726725074082152
2	15	0.1648420943753844
2	121	0.16192217790792504
2	48	0.16152290112767026
134	30	0.6832636200489672
134	143	0.6640199982787055
134	100	0.4813884789969285
134	141	0.6223980460117972
134	34	0.5729342095490034
134	127	0.5310310088042627
134	114	0.5160492840649151
134	22	0.5053461776565058
134	146	0.4936613679860376
134	31	0.4857479196068095
134	24	0.4402815480451786
134	167	0.4257056117798024
134	142	0.4188528594882013
134	1	0.418555972312736
134	42	0.4153587912676017
134	32	0.40904184556271295
134	37	0.4047026944254243
134	4	0.40413391128940185
134	36	0.3733327366983992
134	135	0.3652232997926508
134	150	0.3526877377610575
134	33	0.3459008943185773
134	10	0.34060785720939424
134	145	0.3357368566876013
134	105	0.3271916821399521
134	38	0.3163176279655916
134	144	0.28791379657955657
134	102	0.2834780423396425
134	40	0.2825213348232789
134	172	0.28242931405426563
134	28	0.2739598479670137
134	41	0.2572114510692297
134	69	0.2475676676652362
134	63	0.24210596663145825
134	107	0.2402882470597653
134	62	0.2389214925562476
134	26	0.23800665180052405
134	117	0.2207267963709533
134	137	0.2166419635955914
134	119	0.2032305601495687
134	169	0.1998631442071385
134	130	0.19948869369677
134	68	0.19523125422282206
134	35	0.1899256154987911
134	120	0.18945324672859803
134	7	0.18731203110301106
134	49	0.1814387362762878
134	39	0.16454050257737227
134	129	0.16155211829665655
10	114	0.7543228617707138
10	102	0.6605225225511578
10	1	0.6236584268292981
10	0	0.5648859349224676
10	143	0.4426646457418098
10	139	0.4387970271117584
10	141	0.3738489945954896
10	101	0.34476473316290035
10	124	0.340722770337895
10	4	0.3374393362172315
10	5	0.32972528655420497
10	150	0.32048721453695783
10	6	0.31900590745049817
10	135	0.3180264908773338
10	119	0.2976416332760267
10	160	0.2960823309887496
10	37	0.26313160057158785
10	24	0.2481401943858252
10	100	0.2374877398668428
10	144	0.2325749994439609
10	146	0.22640788241818696
10	105	0.2238447252142668
10	107	0.22330321686382665
10	154	0.22033673642381066
10	106	0.213933596341192
10	36	0.21055306754968894
10	70	0.20966412305053664
10	8	0.20505137981563545
10	69	0.1967505622212856
10	15	0.18994489399077047
10	132	0.17594011436849805
10	153	0.17335155416403986
10	158	0.1582877957991185
114	102	0.716307608406737
114	141	0.6318983123981524
114	139	0.6165499090346165
114	1	0.5936281746255228
114	143	0.5382368359286488
114	0	0.4875032680056053
114	36	0.475907446488309
114	101	0.4586971364172818
114	142	0.4510996443821695
114	105	0.43410187892071933
114	135	0.4039665626090287
114	100	0.401578908760054
114	150	0.3810692907994812
114	37	0.355661239286337
114	6	0.34445629790976695
114	146	0.3406697347741067
114	24	0.33488479279033195
114	38	0.3261465361643885
114	32	0.2727477343858609
114	4	0.25353775634233666
114	39	0.24180470019715816
114	70	0.2372140771506781
114	107	0.2335017786047594
114	30	0.22066971883422745
114	144	0.20752158865745146
114	172	0.1815644537083252
114	5	0.17871018186688847
114	127	0.17576568073249654
114	160	0.16119175343471234
114	119	0.15976935455888744
114	145	0.15925283978066487
114	8	0.15746873330987246
51	155	0.8358677452239737
51	53	0.7674524962890185
51	157	0.7495468032366794
51	154	0.5478681376587775
51	47	0.5465861456445071
51	152	0.5290392072388084
51	48	0.5153813098112114
51	164	0.5108875069715135
51	179	0.5006026493980849
51	40	0.4844785759769661
51	44	0.4762941104991344
51	49	0.4756211966189676
51	151	0.467104240238384
51	149	0.4637984901202368
51	14	0.4617317106221678
51	45	0.4573063244319504
51	144	0.4504303232648546
51	125	0.4429540568930644
51	119	0.4153256916347097
51	46	0.3777478260802168
51	89	0.3680450850285989
51	17	0.3651366354336264
51	21	0.3462881904798811
51	50	0.3431600581990078
51	124	0.34091721551796994
51	16	0.3311238729402724
51	115	0.3138496508670377
51	33	0.3044527784194028
51	131	0.3033363714517403
51	173	0.2963286418105125
51	59	0.2963286418105125
51	18	0.2909556685014885
51	153	0.28671193556874264
51	52	0.2847007021097982
51	122	0.2844617585954052
51	165	0.2698666568393789
51	82	0.2667578317671865
51	43	0.2372612630650608
51	168	0.2307769802240667
51	180	0.2294605874396826
51	39	0.2268727131534089
51	116	0.2239207153364252
51	15	0.21934700019089665
51	26	0.21908997551394555
51	186	0.2154407728564699
51	29	0.21411489312887808
51	132	0.20946334561270846
51	130	0.2022045312711013
51	137	0.19716388159085368
51	22	0.18381668686975236
51	156	0.18372006395142104
51	69	0.17574629853585513
51	147	0.17301205134569936
51	117	0.1694982240468514
51	174	0.16944966011771462
51	120	0.16940109536565673
51	135	0.1662134609118157
155	157	0.7013029935476447
155	154	0.6269348517837472
155	152	0.5914673845863071
155	53	0.5841438580854276
155	179	0.5550357939924275
155	144	0.5150140241429856
155	164	0.5064845732022581
155	47	0.5013366980933714
155	48	0.4971550195903761
155	14	0.4788568863901591
155	151	0.4735448124971041
155	149	0.4656644673421072
155	119	0.43361481878370384
155	40	0.4153008661883018
155	45	0.4099074691706194
155	46	0.4066909690156156
155	49	0.396652388338444
155	124	0.379135812145307
155	125	0.3772933626489634
155	173	0.37353926762954204
155	122	0.3708687316908631
155	44	0.36673024540301535
155	115	0.35458635835548497
155	153	0.3463585952884334
155	17	0.3259052352434222
155	89	0.3235167545158079
155	59	0.3103656636493442
155	165	0.3031366009734138
155	21	0.2832757088804539
155	137	0.27471813317189875
155	150	0.2696348482079716
155	16	0.2681319718347987
155	18	0.25882627802542063
155	50	0.2574542338177223
155	116	0.2486374949524069
155	131	0.24382793578672826
155	174	0.23792174822703505
155	33	0.23347341409849146
155	39	0.2299910340126818
155	82	0.22369273680583615
155	135	0.22349323550960576
155	168	0.2202225591987564
155	120	0.21623210694859615
155	15	0.21452514190162544
155	156	0.2105721808173142
155	52	0.2074928804350255
155	180	0.20499390187265035
155	24	0.1924209566373909
155	43	0.1886432677459253
155	146	0.18658824390593065
155	22	0.1807713676428642
155	178	0.17770320989781296
155	117	0.17254638063103014
155	29	0.1609774620508313
155	186	0.15755650038960678
53	157	0.7546975831687566
53	125	0.5925001769132641
53	44	0.5869694798191647
53	40	0.5531717094548926
53	131	0.5461021050942031
53	48	0.5208022794446812
53	49	0.5068264912705468
53	119	0.4892698968731419
53	149	0.4801429192232734
53	164	0.4707940389327406
53	26	0.4706383536810976
53	132	0.45031872047454063
53	130	0.44721213545108346
53	17	0.4456587871945435
53	29	0.4374799310540856
53	151	0.4362905083728647
53	43	0.4326724505023994
53	14	0.4292280461326394
53	144	0.4269575207377064
53	124	0.4201795089859043
53	33	0.4089835559600056
53	154	0.3959780409908557
53	21	0.3956660107742728
53	47	0.388362293074998
53	18	0.3855223762979786
53	152	0.3797264741969894
53	16	0.3781592586064504
53	39	0.3767958169900328
53	15	0.3514262175864657
53	45	0.3384845584865213
53	116	0.3266915410149471
53	22	0.32520790521274473
53	7	0.3246980940685465
53	24	0.3217697476438338
53	135	0.31874539514036776
53	133	0.2957903560541091
53	46	0.2766123501401095
53	31	0.2742743003053885
53	121	0.270497018016582
53	129	0.2583037173223083
53	117	0.25283583404651244
53	52	0.2524613665785574
53	115	0.24227540849167475
53	59	0.23549574953849794
53	118	0.23142066366274694
53	186	0.2231891975282672
53	42	0.21817586393366006
53	147	0.21421984768587746
53	179	0.20347022230276265
53	50	0.2020606599093341
53	28	0.18986777914414954
53	120	0.1888361432099289
53	148	0.17976516425601508
53	34	0.17149833976974485
53	145	0.16916797310771953
53	153	0.16096772117258387
53	69	0.16049037975843
71	177	0.8315995251576949
71	70	0.7095862423439228
71	139	0.5014115604915097
71	61	0.4592496767688895
71	72	0.4457549486409064
71	35	0.4362986048434633
71	67	0.4047779510997503
71	38	0.39445919755574427
71	36	0.3921345764141759
71	37	0.3745627696022752
71	178	0.3718342813738025
71	156	0.3557747896963581
71	166	0.3447382987711358
71	122	0.3263788598521528
71	141	0.3200115711785392
71	171	0.3130019925488185
71	66	0.31085356533444464
71	170	0.2810944294848077
71	140	0.266441997445797
71	57	0.25756627643378177
71	54	0.2521336454935849
71	92	0.25130940563614784
71	32	0.24110784307154254
71	167	0.2356185362065137
71	63	0.2337948552258688
71	107	0.2301141538670037
71	174	0.22039382277240388
71	105	0.20920517723939494
71	158	0.20363317864221128
71	169	0.1966640446600412
71	65	0.19624102585104372
71	52	0.1919297916501744
71	68	0.18592218072794647
71	62	0.17326425737082218
71	175	0.17278892709998106
71	64	0.16886682884370605
71	8	0.1687308178699345
177	70	0.6975178224328565
177	139	0.5252118887859609
177	61	0.4945230629105711
177	156	0.4604876540258863
177	35	0.420533528148396
177	166	0.3958009539755981
177	37	0.3701095224901298
177	72	0.3695138874044674
177	122	0.36643593568216587
177	67	0.3658557577759199
177	92	0.3215366474482224
177	178	0.3183500431144067
177	36	0.29949977774825925
177	57	0.29842524463442793
177	171	0.298252155771295
177	38	0.2973043746504879
177	170	0.28581224272245803
177	140	0.2759011148756331
177	66	0.2649084603573562
177	141	0.2590781728347176
177	191	0.25043793767801004
177	107	0.23659111825202545
177	187	0.2302183264520899
177	52	0.22174442490051444
177	76	0.22060312646442856
177	8	0.21096396730686656
177	105	0.19945028521986471
177	54	0.19829774642358247
177	63	0.1922572456739006
177	158	0.1901955010524094
177	174	0.17318665793560165
177	175	0.16525065344056092
177	65	0.15560553631837865
70	139	0.7375247431432717
70	61	0.5003852927231226
70	36	0.4769432915105846
70	37	0.4634373632584068
70	35	0.4511315041717085
70	38	0.4370189076949307
70	141	0.3927521477655917
70	67	0.37168777643894585
70	166	0.3045707238563349
70	171	0.2810115386550638
70	65	0.2698852001790424
70	92	0.2584530358202492
70	140	0.23855372086320065
70	170	0.2331802909414553
70	156	0.22813387513267186
70	105	0.2272995074994161
70	107	0.2260188631453835
70	72	0.21899477347021865
70	0	0.21500208018599998
70	122	0.20430405637354845
70	66	0.20184963280414026
70	102	0.1946925399176389
70	8	0.19182384148869394
70	174	0.1827246415917595
70	6	0.17611453695649495
70	175	0.16551326861671553
129	130	0.8122137337816235
129	26	0.7821171861916163
129	133	0.5492942164497595
129	44	0.5487772822827022
129	117	0.5090376632822252
129	29	0.4881281373345833
129	131	0.4486190289402914
129	18	0.4193969201136986
129	149	0.4026854509385453
129	34	0.3892875015090255
129	31	0.3831188992309023
129	127	0.3757056042372899
129	33	0.35938542753000186
129	22	0.3329656468593611
129	43	0.3273434744479427
129	7	0.3158045679156956
129	42	0.31115164686602426
129	40	0.3082042856707901
129	188	0.2973043746504879
129	48	0.2936079230866758
129	116	0.2897652706745281
129	19	0.28896811852046866
129	16	0.2883172719245521
129	17	0.2810483795415413
129	135	0.26693430247007033
129	119	0.2585370220489825
129	143	0.2565389602113486
129	78	0.2562306521604165
129	120	0.2529013580695995
129	186	0.2503535805013329
129	15	0.24354575077249796
129	132	0.235911304823477
129	121	0.2295742660496231
129	125	0.21496392889369545
129	118	0.19415370812996416
129	75	0.18535251286865054
129	77	0.17939741904818668
129	194	0.1709159269182584
129	144	0.16934281657724393
129	182	0.16255506899277206
129	184	0.15554698855680352
36	38	0.8291780178236323
36	32	0.7483437233362296
36	37	0.7206903902401213
36	141	0.6682807761577373
36	35	0.5976414112983877
36	142	0.5889520122774808
36	139	0.5766905937750973
36	61	0.4867939699056882
36	30	0.454533849967784
36	105	0.44710812923523213
36	24	0.4078754196849764
36	63	0.38052209425633055
36	68	0.37902449337461946
36	67	0.37670143033796616
36	39	0.3699282744279651
36	62	0.3692548208475277
36	143	0.3635929518346003
36	31	0.3060759743171648
36	167	0.3018283549967933
36	28	0.2989717121450505
36	41	0.28788628317254805
36	166	0.2871615925313073
36	127	0.2645922919000069
36	34	0.25384651763787136
36	100	0.24142805159229985
36	107	0.22307517208505206
36	6	0.2179568011076007
36	42	0.21751860958225774
36	54	0.21215801956308566
36	1	0.21190970873815526
36	65	0.19610641362925327
36	102	0.18275363978395087
36	145	0.17672492886346036
36	146	0.176589297946703
36	169	0.17211944803721135
36	64	0.16920682813265278
36	92	0.15441485083204598
38	32	0.6606408852307752
38	141	0.5720804708879329
38	142	0.5282826638706147
38	61	0.5168705453656414
38	37	0.5122754808668867
38	105	0.4885089098307386
38	35	0.4646457476349338
38	63	0.4412967360472225
38	139	0.4228356357593729
38	166	0.3877677092218271
38	30	0.3598294755818437
38	41	0.3177028645450895
38	92	0.3019737719160597
38	68	0.3009737471148334
38	62	0.2956078436464075
38	66	0.2904338354793347
38	107	0.27504168753005703
38	67	0.27441301063887497
38	28	0.2704414072323009
38	39	0.25046605589192666
38	167	0.23385157482809585
38	65	0.2261517071072721
38	143	0.21998467060049848
38	79	0.21627023636582068
38	88	0.2114894280970454
38	8	0.21133657937071887
38	31	0.20859310612791565
38	24	0.2003623207395762
38	127	0.19880685221200656
38	1	0.19536591440739196
38	4	0.19182384148869394
38	145	0.1903786213103246
38	64	0.18813207741421092
38	6	0.1845315859505427
38	140	0.17707366324940016
38	100	0.16680654828710004
38	34	0.1641902283318718
38	175	0.16343115884925571
32	30	0.6377547324081262
32	68	0.5739409631758409
32	141	0.6401158545853228
32	37	0.5733505443682791
32	167	0.5291616162064995
32	63	0.5280663543672198
32	61	0.5084373025400165
32	41	0.5026755992553752
32	142	0.5020700258522158
32	35	0.4928365591759854
32	166	0.4780626779846612
32	62	0.44770000309717145
32	42	0.3954635639359396
32	31	0.39286208909916737
32	79	0.3826666008809104
32	34	0.3720410803391721
32	100	0.3632457812954611
32	24	0.32186835521849844
32	28	0.3086657682533456
32	127	0.3035724294610224
32	143	0.30091918124131223
32	172	0.29780567818793313
32	105	0.2958542302960364
32	169	0.2800718164612787
32	190	0.22692962410496964
32	54	0.22609477501050065
32	55	0.2203843084858065
32	139	0.21256862733800969
32	67	0.21214846965307765
32	56	0.21063907598613324
32	92	0.20777994656853052
32	107	0.20694735635285455
32	39	0.1884503777275097
32	64	0.18671371488928115
32	83	0.1736134281951239
32	145	0.1681867097642242
32	4	0.15548843970238688
37	35	0.770273527960563
37	141	0.7149073207489753
37	61	0.6341695323324889
37	139	0.4868702693543091
37	65	0.4776537026793284
37	68	0.4666271980586758
37	167	0.4571876856558556
37	30	0.4484992097331825
37	142	0.44674001016268816
37	24	0.43027979782681697
37	62	0.4290322427775097
37	67	0.4230573371500941
37	143	0.41069753834383005
37	169	0.4066408916463716
37	63	0.3940031234042568
37	92	0.3885660760121355
37	166	0.3830591722355883
37	41	0.33395222042919953
37	175	0.31943699431903266
37	140	0.30278239691776004
37	34	0.2864732907551571
37	28	0.2630012891254617
37	174	0.24860934936059065
37	107	0.2478117166158743
37	91	0.238846057792938
37	105	0.23655335690897505
37	158	0.22033673642381066
37	171	0.2105721808173142
37	127	0.20935816942801871
37	84	0.20724406087408964
37	4	0.20502264102090706
37	64	0.2044190447361917
37	145	0.18469579197370092
37	57	0.18402924478418906
37	72	0.1838360110272202
37	1	0.18029733805302967
37	39	0.17600794668830833
37	42	0.16811868903737642
187	76	0.5731088375937671
187	194	0.5615950434278958
187	170	0.5291544162885613
187	182	0.5001228816809293
187	175	0.48494525911006
187	162	0.4695087592755361
187	188	0.4693294407638857
187	184	0.4489464524941034
187	189	0.4426646457418098
187	75	0.43523736587724265
187	57	0.4133459943784071
187	140	0.4068078067062964
187	191	0.3746143506068916
187	92	0.3684859190803544
187	166	0.36133454152418587
187	60	0.34005967001686244
187	79	0.33011739338596346
187	190	0.3282895628407084
187	167	0.3268255253437646
187	61	0.31848483466426875
187	78	0.2988351136329107
187	73	0.2938546280079858
187	4	0.2759565466724336
187	186	0.27216450078113275
187	80	0.2663769656266589
187	84	0.2641830482776357
187	160	0.26180942573346344
187	83	0.25760362243352875
187	87	0.25430488594042666
187	65	0.24953793196894425
187	180	0.23272633923015476
187	63	0.23031302422387456
187	195	0.21626070407335687
187	178	0.1995174996522001
187	88	0.18914471364476176
187	59	0.18605733782102515
187	169	0.18084875226059646
187	163	0.1707217627345118
187	72	0.1667579391029516
187	192	0.1616787227557245
187	107	0.15808305055182956
187	116	0.15667871780202422
83	190	0.8230501621283868
83	191	0.6070332330883074
83	79	0.6216316743352556
83	87	0.4968839498080146
83	88	0.4609917940979892
83	194	0.4355129183581915
83	184	0.4109967720003931
83	182	0.3934116272878222
83	75	0.3924730155002509
83	73	0.3577645795992568
83	55	0.3454078014158741
83	76	0.2899759449304337
83	195	0.2783383734031055
83	192	0.2593113773503994
83	56	0.2423695364735155
83	186	0.2186900989169934
83	166	0.2055590401807455
83	63	0.1990085437139925
83	162	0.1944327606681164
83	161	0.1918720012074366
83	163	0.1918142094340794
83	58	0.1795909754141112
83	92	0.1743407271402707
83	57	0.1703333946021764
190	79	0.5673254222383064
190	191	0.4843637755586626
190	194	0.4705994277881268
190	75	0.4619519872096529
190	184	0.4592417858353068
190	182	0.4109801502306973
190	76	0.3532392503022836
190	73	0.3433805995677802
190	56	0.34021000242621685
190	55	0.3321207026589149
190	166	0.3140028974166081
190	186	0.2977874518438166
190	88	0.2915688298951822
190	101	0.2889497884660055
190	4	0.28553672569830896
190	87	0.28408489124450137
190	163	0.2670178876088228
190	100	0.2499036113825577
190	195	0.2347210758809997
190	162	0.21255907917192687
190	160	0.1901376708522534
190	161	0.18627936632922226
190	57	0.17871018186688847
190	133	0.1709353426068053
190	188	0.166923207020461
191	87	0.7458916660863307
191	192	0.6051098973379622
191	170	0.4159461266838175
191	89	0.3579825612245855
191	194	0.3362868562040587
191	179	0.33110606568273115
191	195	0.2972496770683148
191	168	0.29491409976000543
191	156	0.28668440144393986
191	60	0.2792606441422359
191	162	0.2699501002913565
191	76	0.2657915701778372
191	79	0.2530417588778762
191	184	0.2459523998207114
191	178	0.23010468337044915
191	182	0.2288352432522493
191	180	0.2278305074171165
191	75	0.22162081351458984
191	66	0.2206602057644834
191	82	0.21881387810057207
191	64	0.21226306589837632
191	88	0.2105721808173142
191	159	0.20416989615774134
191	46	0.19260391503956836
191	189	0.191062795462536
191	153	0.1863758945305473
191	166	0.15884346423929566
46	152	0.8185805822252497
46	14	0.8017169866114702
46	154	0.7699886993454392
46	47	0.6463417695426231
46	168	0.5138079992777925
46	17	0.4887220612023964
46	115	0.4886459424078674
46	153	0.4817494819046814
46	48	0.4255172751542701
46	15	0.39155898629861213
46	164	0.34285123670923806
46	0	0.3347160901447753
46	119	0.3173521858052839
46	179	0.3131372906584162
46	82	0.3106999843095624
46	49	0.3068280266140977
46	157	0.3054776839946787
46	149	0.3024371945446747
46	16	0.29262985619535115
46	44	0.28758360433727004
46	144	0.27931596402480746
46	45	0.2628709680828002
46	33	0.26203296108139623
46	40	0.2602066015244391
46	151	0.2519369850724769
46	18	0.24115493585418174
46	116	0.2130746220112733
46	52	0.20889916214143736
46	125	0.20524296274253945
46	31	0.20047750056255104
46	22	0.19026296795106276
46	171	0.1815741240342585
46	39	0.18096482498850308
46	24	0.1747770152724528
46	124	0.16980901369184376
46	6	0.16641765212949147
46	137	0.16297367732210655
46	156	0.16204876679960972
46	146	0.16051960690284112
152	14	0.8073949301175962
152	154	0.7943089583083127
152	115	0.5911942468906639
152	47	0.5585753126739068
152	157	0.4815882029291753
152	151	0.4715953536396487
152	149	0.4604561354005261
152	164	0.460062054631226
152	168	0.45618255872753705
152	17	0.4506295789539732
152	153	0.4445762624313837
152	48	0.41189394160473497
152	119	0.4111879027098619
152	15	0.4028865141656528
152	116	0.39450986047310416
152	144	0.37140333165517786
152	0	0.3622384163761211
152	16	0.3509615862944492
152	179	0.3490398634560137
152	125	0.33398775899103217
152	49	0.3265128748161763
152	45	0.3074619899416076
152	82	0.2994724685064002
152	40	0.27993357668811225
152	124	0.2770370994439001
152	18	0.2529387993269452
152	122	0.2461215036674797
152	150	0.2423601238806247
152	44	0.23542018477488874
152	21	0.2211072746305077
152	186	0.2144965223485408
152	59	0.211670922524015
152	33	0.20797130411268774
152	39	0.20580804069227504
152	131	0.2052621201704232
152	24	0.19897973167400004
152	173	0.19235354753725512
152	1	0.19064845859387625
152	22	0.187562896572708
152	132	0.18138071084557505
152	6	0.1808294063160492
152	137	0.1807810408425039
152	118	0.18043278363506254
152	102	0.17027513481475007
152	156	0.16906111907810356
152	43	0.16807981933175234
152	117	0.16789518109439813
152	52	0.16541600647143098
152	50	0.16415130641351178
152	165	0.1583950378785307
14	154	0.7174887254837307
14	115	0.5875852786899322
14	15	0.5651718467023092
14	47	0.5545304765944485
14	17	0.5507728372063925
14	157	0.4828085032425259
14	164	0.4726366760474685
14	116	0.43990257813748623
14	119	0.43385838054947895
14	125	0.4206323013496332
14	144	0.41626859999585497
14	151	0.40828382047432377
14	48	0.4017550281248505
14	149	0.3921599630297386
14	49	0.3916775152187237
14	16	0.39058486429359296
14	168	0.3857096623597264
14	45	0.3786476407602299
14	124	0.3630895216298024
14	153	0.3630461125418051
14	40	0.36017763455153257
14	21	0.3526789816165797
14	43	0.32574434436685223
14	186	0.3044164856372161
14	82	0.3017374622892846
14	150	0.3014465687704703
14	179	0.3008737081748462
14	44	0.29004921634663045
14	132	0.2877945683837146
14	131	0.2721737600207772
14	18	0.26938445978229525
14	0	0.2646108916199589
14	22	0.25023172453508435
14	33	0.2485155276892679
14	29	0.23500452771782135
14	130	0.2346738300257324
14	121	0.22839928555379035
14	122	0.2057026975723067
14	133	0.20370027503268706
14	120	0.1993254534379781
14	137	0.1984226313439964
14	59	0.19113987388488127
14	117	0.1911302392109797
14	165	0.19094717341117948
14	173	0.19084118187587445
14	26	0.18827676427830686
14	24	0.1802296126974988
14	50	0.17818737762298215
14	135	0.17569784244816908
14	118	0.1750678359135788
14	180	0.17169245077310502
14	19	0.1687308178699345
14	6	0.1646669803062591
14	1	0.16143524792196987
154	47	0.7182786930957054
154	164	0.6543337715521845
154	153	0.6145250825586551
154	115	0.5684974561763424
154	157	0.5476511502566194
154	48	0.52643461999324
154	179	0.5238273703621199
154	144	0.4971249055160778
154	17	0.497064673774525
154	119	0.4864123612396583
154	49	0.4540259269347674
154	168	0.4509960921257337
154	45	0.42203873543581016
154	149	0.4044936193441867
154	151	0.36928073008682505
154	173	0.3658384346578769
154	40	0.3479153025465835
154	15	0.3441918656344421
154	124	0.3393785350450089
154	137	0.3331167910617764
154	82	0.3132455199954837
154	165	0.3104921723932377
154	16	0.3064022126549936
154	125	0.3034725633107904
154	150	0.29364447443288577
154	122	0.28833560928182433
154	0	0.2841308553803056
154	44	0.2818770803308009
154	50	0.2806062342606636
154	171	0.2802192594173017
154	146	0.27958331731301056
154	174	0.25440776925475
154	89	0.2467977691392306
154	180	0.2390346392941693
154	33	0.23856315176192516
154	24	0.2382330435444072
154	18	0.2255158777389028
154	116	0.22295163763248907
154	156	0.20935816942801871
154	102	0.20649744141279253
154	21	0.1988740845847448
154	6	0.19165045885346985
154	135	0.1903882588517819
154	52	0.17414679931878094
154	132	0.17074117974980565
154	145	0.1625745404464567
154	39	0.15561529417236525
102	1	0.7646014289348992
102	0	0.599592048533598
102	6	0.5728871854157518
102	105	0.5352682346432504
102	139	0.4737542396491173
102	101	0.4209203328969629
102	107	0.3463937962296674
102	143	0.3162546305497144
102	141	0.2961918073289361
102	144	0.2717570443603646
102	135	0.2678349526814134
102	150	0.2523021949947704
102	8	0.2465348055333085
102	4	0.2454637935174752
102	146	0.23999612422600036
102	100	0.2392137750201128
102	5	0.2327641724159845
102	124	0.22121189435858726
102	119	0.2174995557862795
102	153	0.2063921295523521
102	142	0.18457988290957605
102	15	0.17496120522276126
102	106	0.16070470561194106
102	160	0.15496145089928592
105	6	0.6670393020092863
105	107	0.5524842721620642
105	8	0.5141170531287458
105	1	0.4622508428709956
105	139	0.4031629126184526
105	141	0.4015872960701724
105	4	0.3669639096708824
105	30	0.3173521858052839
105	143	0.29969092869847624
105	142	0.2883997883667108
105	39	0.24567992324269555
105	158	0.23036984079332304
105	150	0.22429112817999766
105	127	0.22077435983005536
105	167	0.2119288105427024
105	100	0.2100943008646927
105	68	0.1932008439949376
105	55	0.1789618664612145
105	135	0.1777128940962954
105	166	0.16805066670953206
105	146	0.16630097318015194
105	0	0.15485409050531854
130	26	0.6615866047918282
130	40	0.5472099488144674
130	44	0.5194235581654641
130	33	0.4569028862024793
130	144	0.4499439510487674
130	131	0.4433960346087112
130	29	0.4187868922953303
130	125	0.4130972200102243
130	117	0.41032337182851697
130	34	0.3942565219063386
130	43	0.3877422198392053
130	133	0.38206894449553225
130	127	0.3818554182741332
130	31	0.37153263338552944
130	157	0.3632805028910385
130	42	0.35447269820994043
130	22	0.3485743466610538
130	132	0.3456631769289028
130	18	0.3228809193675109
130	116	0.3218145701341455
130	149	0.3191406362872453
130	48	0.3121809118306334
130	15	0.3071631554808121
130	143	0.2966205147111876
130	21	0.2900583750345864
130	49	0.2856836739881181
130	17	0.2827421634526159
130	119	0.28259494769497484
130	135	0.26709218213744257
130	24	0.2590968303080474
130	188	0.24713581180049746
130	151	0.2441006753955787
130	186	0.2439784175848143
130	16	0.2422377560217465
130	7	0.2377707995634126
130	28	0.2271667363845056
130	19	0.21100218675250906
130	120	0.20823917792913504
130	82	0.20439988040076015
130	147	0.2003527221709403
130	100	0.19299867437433305
130	59	0.19080263839593567
130	124	0.19010875525734008
130	164	0.18936647557725805
130	148	0.17656992155387527
130	41	0.17634708320365358
130	121	0.1694787985739614
130	115	0.16095798026297706
26	44	0.6994791589839708
26	29	0.6163639147748723
26	22	0.6456017147209862
26	31	0.5975642667969681
26	34	0.5793674340423116
26	33	0.5789288063540403
26	131	0.5696806964216417
26	133	0.5552364229210368
26	18	0.5205325844428944
26	40	0.4780935356376058
26	149	0.4653903178603671
26	42	0.4566575671400719
26	24	0.4424555692003481
26	117	0.4372130508024292
26	39	0.42626221738575
26	7	0.4210026120407276
26	127	0.4174253337571222
26	48	0.3999588978329525
26	143	0.3962478312408591
26	43	0.3684081368695464
26	119	0.3636016298047012
26	17	0.3617952550460656
26	135	0.34706242869405834
26	116	0.3153183406080052
26	49	0.3058403130191412
26	69	0.2999184579834344
26	16	0.2997273356759134
26	121	0.2932789223463877
26	30	0.2913126124515909
26	19	0.2802745471176738
26	15	0.2786058848500514
26	28	0.25393071628911945
26	125	0.2459054238722071
26	132	0.2444297924650401
26	151	0.21536448471991532
26	157	0.213380072919765
26	120	0.19324897720162265
26	186	0.17320605799603267
26	21	0.16955649967524722
26	144	0.16225324527955953
26	188	0.15805380012064452
26	41	0.1572541810890087
34	42	0.8096458228559417
34	22	0.7926421820959102
34	33	0.7912627849543199
34	31	0.7411832708415024
34	30	0.6918314380572633
34	127	0.6489484552325245
34	24	0.5533243711070149
34	62	0.5091561945324921
34	49	0.5050110201040369
34	40	0.4829158614180304
34	44	0.4716575591184448
34	41	0.4578044295436317
34	143	0.4478998718994984
34	146	0.3927014018247925
34	142	0.37773067981908204
34	145	0.3507160509021036
34	28	0.3413060183700133
34	167	0.33961741514678045
34	35	0.3041170364671091
34	39	0.2969488054982948
34	69	0.28809720714497244
34	48	0.2746441691507314
34	68	0.2648805654304476
34	141	0.26345733717550235
34	119	0.2599268919407894
34	18	0.2578743579090074
34	150	0.2479243439884607
34	169	0.23655335690897505
34	117	0.2357035379552509
34	29	0.22255247740046388
34	17	0.2200988603949139
34	137	0.2141721416820957
34	63	0.2138190855120532
34	100	0.19936386390625474
34	144	0.19628909985228774
34	19	0.1952408730516165
34	172	0.18006512972074354
34	67	0.16851707335857774
34	135	0.16401507567485393
34	121	0.1610066844973992
34	4	0.15587874474444935
42	33	0.7321612349391587
42	31	0.6560972086660481
42	22	0.6443110067448985
42	127	0.6288792502196471
42	30	0.6193254062305027
42	49	0.5547935696036107
42	41	0.5264057047207406
42	24	0.5247845064420338
42	40	0.5025933898133814
42	146	0.49505924188951395
42	62	0.4849911474605447
42	44	0.4652179496076253
42	68	0.4013859820367273
42	48	0.370609965993038
42	145	0.3526702254103394
42	143	0.3507599000457191
42	142	0.3412795127925713
42	167	0.33355234620218066
42	150	0.3087290976659542
42	18	0.30473401750371826
42	35	0.2718403956513181
42	39	0.2695235689620984
42	172	0.2672686189171772
42	17	0.2537810271380771
42	119	0.2345131858255565
42	69	0.2318465193000877
42	117	0.2284277203719377
42	47	0.22717622031569976
42	169	0.21592704787437175
42	19	0.2148971625534904
42	137	0.20948246803473405
42	63	0.20322097315669108
42	54	0.1955582733206497
42	144	0.1885854022679868
42	141	0.18840215295039428
42	67	0.1820382583487088
42	28	0.17579475377195086
42	100	0.1740110418049046
42	116	0.17333215511201194
42	15	0.15747848533049602
42	121	0.15650313153171697
22	33	0.7362863558637569
22	31	0.6908865775577022
22	30	0.5774442958902248
22	49	0.5549458359172801
22	40	0.5282754546582595
22	24	0.5202554922318898
22	44	0.5123418594511897
22	127	0.4764641843377204
22	119	0.43031239163764456
22	18	0.42739080750577024
22	143	0.4044852554612364
22	69	0.396037063452121
22	48	0.39021192510125696
22	39	0.3862968533506144
22	29	0.3811462189185335
22	17	0.3675262448276764
22	135	0.3402365298700893
22	144	0.3281021824730936
22	146	0.3155344620911377
22	142	0.3110071301281737
22	28	0.30825858527370026
22	150	0.301110153176146
22	19	0.28916973513367106
22	145	0.28137991023480863
22	117	0.27969393358154565
22	131	0.25840637511589426
22	121	0.255660612163206
22	149	0.2461496861855445
22	41	0.2394400284510255
22	15	0.2366477589264825
22	133	0.23291549811338744
22	7	0.2329060405876523
22	100	0.2295269007231512
22	151	0.22914793898985986
22	62	0.22394921093039133
22	132	0.21893765024235426
22	125	0.21377137093204496
22	43	0.21348506203895
22	157	0.2134468847478276
22	116	0.1983745994445371
22	4	0.19513506386946888
22	16	0.18470545083050535
22	137	0.18026831310994804
22	120	0.16059754457829686
33	44	0.7010894975488161
33	49	0.6741708111228976
33	31	0.6938541108152972
33	127	0.6361084735130332
33	40	0.5594347042077776
33	24	0.5354037835603901
33	30	0.4735292972439517
33	48	0.4618497230218835
33	145	0.4543196059556849
33	41	0.4224660209441706
33	62	0.40960791366712784
33	39	0.40673269828982095
33	119	0.3877847018141149
33	142	0.3693757257192981
33	146	0.36931527484623344
33	18	0.34468542834729005
33	144	0.3430365385012072
33	137	0.33374785527538964
33	143	0.3191047098584703
33	50	0.3133537411962917
33	17	0.3022191311023371
33	45	0.2972770261033064
33	149	0.2732104755781869
33	47	0.27053409086996816
33	164	0.264192350326231
33	157	0.26229371678678265
33	135	0.2577063199641444
33	174	0.2485342923966489
33	52	0.2433293809987727
33	151	0.2327736306023693
33	165	0.2204984771567292
33	28	0.212425400585456
33	29	0.19943108075158605
33	150	0.18933755120280968
33	117	0.1874857098018963
33	19	0.1862600602573448
33	7	0.1793780626474187
33	69	0.1667968265151293
31	30	0.6077400441804024
31	127	0.5490916841925012
31	24	0.5348400044136253
31	44	0.512445102859754
31	39	0.502473796215767
31	142	0.4528025273962233
31	143	0.4374233265290491
31	49	0.4317047271824192
31	40	0.3699800624627382
31	41	0.3649546196797044
31	145	0.34204795405426663
31	28	0.33137314977675003
31	7	0.32636992505459345
31	135	0.3020555627586535
31	29	0.2997273356759134
31	18	0.2988806478312549
31	62	0.2864365730122833
31	146	0.27271070963500843
31	167	0.2662747678681867
31	48	0.2642202561771081
31	131	0.2429247986422881
31	133	0.2131032598043688
31	17	0.211814197286959
31	119	0.2108301941681271
31	69	0.2059804100539829
31	100	0.2059516827143532
31	4	0.1998631442071385
31	68	0.1967121103500384
31	141	0.19211278593624648
31	63	0.1783035650490633
31	149	0.17449585966133793
31	117	0.1578100357446846
30	167	0.5882723352651736
30	63	0.4936916193268152
30	68	0.4770437135461577
30	141	0.4712609187779094
30	100	0.4621250217009961
30	62	0.44235101288793227
30	24	0.435196836573516
30	142	0.4204923697054199
30	143	0.4160453603885997
30	41	0.4038912468795123
30	127	0.3995724116292381
30	28	0.3776363707521977
30	35	0.3562638098233099
30	69	0.3298589721265862
30	172	0.321608374737781
30	49	0.3162096306877483
30	4	0.3124877438978093
30	67	0.3068914352114526
30	169	0.2982248241572046
30	54	0.2885373062509706
30	55	0.2836895457917861
30	146	0.27028383354366925
30	145	0.26098023705893
30	39	0.25807038246194963
30	40	0.2492565916697089
30	61	0.2360435088761089
30	56	0.229290057787168
30	150	0.2214496475296253
30	1	0.1979326612894126
30	44	0.18851789088865714
30	158	0.1883442820185574
30	107	0.1867716225198031
30	166	0.1698672829920268
30	178	0.16575640989035131
30	57	0.1626037473895627
30	161	0.16120149359119793
127	143	0.6246717201399908
127	24	0.6023963972439379
127	145	0.5555960095753343
127	146	0.5187002893001467
127	142	0.5184663464741827
127	41	0.4260576204565198
127	137	0.3801628516305276
127	141	0.3766928493453179
127	44	0.368537771021536
127	39	0.35810461389482645
127	40	0.3574680620103972
127	62	0.35322174573797904
127	49	0.33580783724203184
127	174	0.3306786207701807
127	135	0.28938048871172184
127	144	0.28922471703151603
127	150	0.2869872507594385
127	35	0.2783199227453996
127	167	0.27806159197477376
127	169	0.2570433516798704
127	175	0.2068803532869176
127	119	0.1976443973825294
127	48	0.1913710950051703
127	171	0.1802296126974988
127	140	0.17425346129326974
127	28	0.1547272053243188
79	182	0.644661789091001
79	194	0.5297949105676273
79	73	0.471152003752285
79	88	0.4701633326470873
79	166	0.4544703757414858
79	184	0.4386435974598448
79	63	0.4014698675987413
79	195	0.3911609727470844
79	92	0.3740210291160572
79	61	0.3705150708169783
79	57	0.3486007012631953
79	78	0.3480119838897805
79	56	0.29568085119994525
79	75	0.2787903503211441
79	55	0.2710066993879633
79	161	0.2674821763072868
79	76	0.2452758347873543
79	58	0.21800442533020245
79	68	0.2153835570005374
79	188	0.209214739551328
79	163	0.2025497869216858
79	160	0.19603910474616665
79	162	0.1915252306209582
79	167	0.18808384664449104
79	100	0.17748046383680782
79	80	0.17602732704413787
79	87	0.17459281308871372
79	175	0.16384964422445306
79	41	0.16254533321845094
47	153	0.7041426484397493
47	179	0.5432042989362769
47	168	0.542661276516064
47	48	0.5360739882838926
47	40	0.5019727891666241
47	157	0.4923518545982751
47	82	0.4880595785399367
47	49	0.4863741901606042
47	144	0.4813884789969285
47	89	0.4496966759294222
47	17	0.4320301233864443
47	164	0.4246897954086143
47	115	0.4146303453716252
47	146	0.36022114737145744
47	15	0.3524600579347138
47	180	0.3505494101320147
47	145	0.343654018280941
47	50	0.3108987331354244
47	119	0.3092718088769361
47	137	0.2999639597469835
47	44	0.28628969362773365
47	45	0.2855459103598659
47	16	0.28048646607396915
47	173	0.2763814627764081
47	174	0.2763260450602668
47	151	0.2456141472153415
47	165	0.23024673624153275
47	24	0.2272046718507336
47	18	0.22427213422500025
47	52	0.19865317119118145
47	0	0.19615449027153306
47	171	0.1936243842740428
47	150	0.19118804670188436
47	149	0.1903593461173245
47	91	0.18569046648674808
47	5	0.1792812785605831
47	62	0.1675258692909161
47	124	0.16338249393881227
164	157	0.7036684025360603
164	45	0.6837165351002593
164	144	0.5914478792502209
164	49	0.5677863808064595
164	173	0.5558793833689019
164	50	0.5084521322194031
164	165	0.4847693290283733
164	40	0.4510040581150561
164	122	0.4430665807528108
164	137	0.4338259093097545
164	174	0.4274480193908846
164	151	0.413495229389378
164	179	0.4127654249277417
164	147	0.39559853276588297
164	149	0.3843809481729293
164	171	0.3612302045187268
164	67	0.35533799988384696
164	153	0.34902229990993405
164	135	0.34531972902900665
164	125	0.34077580373327665
164	21	0.32952919046085416
164	48	0.306683082449732
164	82	0.2936627497840069
164	119	0.2916694753047368
164	52	0.284801782949958
164	115	0.27828302081377343
164	124	0.26971830291691634
164	180	0.2629175124137107
164	24	0.2583317154810276
164	44	0.2561278712200937
164	89	0.2435081229872632
164	156	0.2433199730677573
164	43	0.2331330090426386
164	168	0.22681580065244197
164	62	0.22163983111459373
164	29	0.21663243291234816
164	159	0.213370528209954
164	59	0.20416989615774134
164	17	0.18795844239828866
164	146	0.1878619734230013
164	145	0.18759184101462706
164	66	0.18242497499819268
164	39	0.174457077342866
164	54	0.1715662801363796
164	131	0.16864337885034233
132	125	0.6944240986683409
132	28	0.5549804367131329
132	29	0.5842887701698725
132	131	0.5493011991700415
132	124	0.5165186925758588
132	21	0.4778389247081711
132	16	0.475450946222269
132	133	0.4540497424241049
132	15	0.4436530861138174
132	121	0.4151519005198101
132	17	0.40857543530352897
132	43	0.4030456616480202
132	117	0.39225304217612617
132	119	0.3822995070022667
132	118	0.3714205727184125
132	186	0.35592326284584985
132	157	0.32740597225324475
132	18	0.3187094586272799
132	19	0.31354310871321833
132	115	0.2944118542244696
132	116	0.28579387639023585
132	77	0.2622099066279978
132	48	0.2576876481188568
132	151	0.2519650806927853
132	149	0.25006298780158914
132	5	0.2367138376804309
132	120	0.22857936615247826
132	40	0.2255728255236099
132	135	0.20310592620332052
132	144	0.1966448181193496
132	188	0.19200684350333244
132	56	0.18970390231769502
132	100	0.18339151948265472
132	44	0.18191256330542235
132	75	0.16369393561667972
132	49	0.15997398717833705
132	106	0.15918461432290792
124	125	0.566755511612692
124	119	0.4989746920279818
124	16	0.4618969234038585
124	21	0.4506853625030219
124	157	0.4353832567645393
124	144	0.43022275595814186
124	17	0.3865265385689249
124	150	0.3751729961558075
124	115	0.3723856632150161
124	186	0.37066172373724615
124	43	0.3630287484653248
124	118	0.3495227648493563
124	117	0.3474493705552348
124	151	0.34452680395542296
124	121	0.34382156870283004
124	15	0.3382454710269395
124	149	0.3327077731416709
124	40	0.3290923288048797
124	131	0.3195447453889533
124	29	0.31723527359591625
124	133	0.31530032900753824
124	5	0.3041170364671091
124	135	0.2844066127637847
124	116	0.2800349536572241
124	120	0.276833971968914
124	106	0.2584530358202492
124	148	0.2423883615224164
124	48	0.2383367977769092
124	0	0.22935637654748145
124	7	0.222989648996172
124	18	0.222580991321924
124	188	0.2122535164341981
124	75	0.20222371346007487
124	179	0.1886818440035201
124	77	0.18765937677875855
124	1	0.18568081127831307
124	19	0.18516903396455106
124	159	0.1819222323660259
124	122	0.16924568263162673
124	153	0.16871138720614398
124	100	0.16663155143109734
124	158	0.1627497778299032
124	180	0.16023706605610952
124	160	0.15625924530210314
19	121	0.7938286673672839
19	117	0.5680167266626839
19	120	0.5114193868811866
19	18	0.4784406029024333
19	17	0.4475240815372015
19	119	0.43648480416662855
19	15	0.40111750298760296
19	116	0.3873938055217112
19	186	0.3770446170210497
19	16	0.3728937355902513
19	77	0.3398474064361913
19	43	0.3295737602520964
19	115	0.3202449258319928
19	44	0.31548043478816
19	48	0.3101306896731418
19	118	0.309235634391516
19	5	0.2980426009000831
19	106	0.28496717429949364
19	29	0.28379988446401816
19	125	0.2348061156258027
19	28	0.2284371985580523
19	69	0.22248594343642544
19	150	0.2192708479032764
19	78	0.21891860883287306
19	21	0.21817586393366006
19	75	0.20871744631455927
19	149	0.20534832664922928
19	163	0.1963371729099008
19	56	0.19317196362453845
19	133	0.18556494598083492
19	55	0.18159346458077066
19	148	0.17768384139759474
19	184	0.17087709514296331
19	192	0.1569225711901319
121	117	0.4958590332170729
121	119	0.4814499378405341
121	120	0.4772059074473482
121	118	0.4123339275048092
121	15	0.40210717770034
121	17	0.3942396305372515
121	16	0.3939270921698857
121	43	0.3935637574256941
121	18	0.39301429702232415
121	29	0.37376296768674494
121	186	0.3711274398142321
121	116	0.3623947871779464
121	28	0.3344230292891234
121	115	0.3232302170506385
121	125	0.30858434070159885
121	56	0.2976051764636779
121	133	0.2973317227098231
121	131	0.2964016152273113
121	77	0.2895087597647896
121	150	0.2757070891360724
121	5	0.2723774505386222
121	163	0.2661075222593622
121	148	0.263922570967849
121	106	0.2573141708121773
121	149	0.2543890636258365
121	69	0.2477554004174065
121	44	0.23363414104564784
121	48	0.2222292930240198
121	21	0.2175471899653808
121	75	0.17792593775152513
121	100	0.17487395887727147
121	55	0.16157159625198134
121	78	0.15553723049028198
117	120	0.7334021560444483
117	18	0.6382468849689046
117	16	0.6046025782494341
117	116	0.5616908814331765
117	118	0.5538167983887801
117	17	0.5517334824511693
117	119	0.5341185292950821
117	48	0.5122902321923838
117	15	0.5067447427534698
117	115	0.5066406860047235
117	5	0.452102675222784
117	77	0.4263113141613269
117	44	0.4116531132642711
117	149	0.4027357203895745
117	29	0.3795638589836681
117	43	0.3737543646421504
117	186	0.36891794850969106
117	133	0.3550845906549385
117	125	0.3242238897988545
117	131	0.2948227945002127
117	148	0.2927487194826427
117	106	0.284930422132204
117	78	0.28146278241706435
117	146	0.2720996846924779
117	188	0.26633051284239084
117	40	0.25937666919779884
117	150	0.2521523739716371
117	144	0.20829657539860855
117	163	0.2076842618313321
117	80	0.2071100700014388
117	7	0.2030771635885912
117	135	0.20088058628295286
117	86	0.19542362366042668
117	56	0.1906099121733348
117	49	0.1867330175769705
117	75	0.1858739086321084
117	192	0.17750951870264764
117	69	0.16773968712534845
117	100	0.1579075438048464
1	0	0.5606769743464654
1	4	0.5086893660696045
1	6	0.4417234225218353
1	107	0.43177795112978784
1	100	0.3850966080131721
1	143	0.3781335484475283
1	101	0.3494174203710045
1	141	0.31915859915767464
1	139	0.2827421634526159
1	135	0.25973106927247896
1	69	0.2147063905148548
1	160	0.21399084955120146
1	119	0.2130268915425328
1	8	0.21040015561470224
1	28	0.20625808935970988
1	150	0.20184004021752056
1	144	0.19866277654127554
1	168	0.1908508176539181
1	24	0.18259897908575845
1	75	0.17246876134003905
1	15	0.17008092692789195
1	39	0.1656688813516979
44	18	0.6691266138848317
44	149	0.6396788614150545
44	48	0.6360012953605568
44	49	0.5416657340121261
44	119	0.5040120931280637
44	17	0.4925336546287905
44	40	0.4598728314443879
44	29	0.4404024628825535
44	157	0.3906780790693224
44	7	0.3707566069557311
44	131	0.34442104342968755
44	39	0.3423746238797008
44	43	0.3416505414720124
44	16	0.3280754117408598
44	135	0.32507376269736177
44	133	0.31967942260598786
44	116	0.3170463950416662
44	144	0.2998547532218028
44	120	0.29538880026972153
44	151	0.29150477945480857
44	24	0.28546324651772315
44	15	0.2685310110579223
44	125	0.2287689077795639
44	115	0.21467777329555826
44	146	0.2093199223414698
44	45	0.1850338307204303
44	145	0.18331420894452533
44	143	0.17618236497709022
44	118	0.16633986668086287
44	69	0.15716640544594018
49	40	0.6094337252144457
49	48	0.5875328967445139
49	45	0.5414749245881313
49	146	0.5121131963369654
49	157	0.4872364032851147
49	119	0.4716109054494118
49	137	0.44920990099135344
49	50	0.44672400155239017
49	144	0.4432594463217633
49	18	0.4183744972074472
49	17	0.4087420349103395
49	67	0.4044350707426711
49	165	0.398142860741539
49	62	0.3925745265107761
49	24	0.3801714063600679
49	145	0.34700085886141746
49	149	0.33294786406338195
49	39	0.3305539237671796
49	174	0.3226659232124233
49	147	0.3161106259828204
49	69	0.3031002762049325
49	171	0.292428682338514
49	173	0.2856653061864045
49	153	0.28180343504531785
49	115	0.27255334543328624
49	15	0.2592180991709433
49	43	0.2520025408591436
49	135	0.24312239594297666
49	82	0.24224716920763945
49	151	0.2386385973316912
49	125	0.23225336500727525
49	150	0.22732795735342515
49	54	0.220488963331536
49	142	0.21774724219930072
49	28	0.2164036841303204
49	64	0.21364730825088132
49	180	0.21253998271798968
49	29	0.209262550510788
49	52	0.20650701498108995
49	41	0.1999591477604201
49	116	0.1964813864188284
49	120	0.19041717125596253
49	179	0.18618283453158785
49	94	0.16600925543912434
49	21	0.15869724544342706
49	89	0.15702010718991188
49	168	0.1558885017474093
139	141	0.5776842069178207
139	0	0.3827519542416949
139	35	0.3712653939290324
139	142	0.3559494621250231
139	156	0.32601248534182004
139	101	0.32555661449706
139	6	0.3136152421612271
139	171	0.2755315226770607
139	67	0.2702004063160424
139	166	0.2382613406926681
139	107	0.2370441985922592
139	143	0.2307391101950897
139	39	0.22391121672002368
139	8	0.21984192487958332
139	61	0.216832568586364
139	122	0.2129218809324643
139	158	0.15772227585914078
0	101	0.5842492523865488
0	5	0.4220633916228004
0	168	0.3294311317504071
0	119	0.32511847832297097
0	6	0.2922823578189255
0	39	0.2357129823714117
0	163	0.2344186832530941
0	153	0.21473500736549572
0	143	0.2082009121526271
0	4	0.2073014831539491
0	106	0.2023004406642036
0	24	0.18008448118203174
137	165	0.7843206077557949
137	171	0.6804061961248686
137	146	0.534447218517222
137	174	0.6118418654395461
137	145	0.5988998720519583
137	62	0.5590910917161718
137	45	0.5444648949378438
137	180	0.5042433082558327
137	140	0.4545179818439493
137	156	0.4543830911437958
137	144	0.4148704601790592
137	173	0.4106227161005142
137	60	0.3911694426448871
137	142	0.38285436965022257
137	147	0.36282035988240574
137	157	0.36194299367083216
137	35	0.3568835369903036
137	67	0.35000548061486914
137	122	0.34807350452712044
137	40	0.34728229653015874
137	64	0.3385111210628925
137	52	0.3363844128214322
137	50	0.3256638918524536
137	178	0.31711835174309494
137	153	0.3170014202495794
137	24	0.2961370701314429
137	169	0.2951058232748641
137	179	0.28393779723587625
137	41	0.2582290534444216
137	66	0.23063496401121114
137	172	0.2303603714741444
137	175	0.22926163480958134
137	159	0.22117385141007365
137	195	0.2076077111798352
137	54	0.1983745994445371
137	141	0.191245852866552
137	168	0.17587228037784752
137	162	0.1748642646693341
137	72	0.170925634779125
137	150	0.16599953101371018
137	170	0.15594704312628474
165	45	0.7308595380022751
165	147	0.5313899165126368
165	173	0.6066857862622084
165	180	0.5947215301433815
165	60	0.5911291941087534
165	171	0.5850851207957607
165	174	0.5625937559156902
165	50	0.5455123458028487
165	122	0.5034673333707261
165	157	0.4576463320493348
165	140	0.4536447908824448
165	179	0.4257383622113872
165	156	0.4190589784710504
165	66	0.40881699584796616
165	64	0.4012517511303801
165	62	0.3791614995342074
165	21	0.3713343648409457
165	178	0.3583399666263516
165	144	0.3493208468382042
165	159	0.3460945571437493
165	162	0.3362425099009245
165	52	0.3270755942744102
165	67	0.326584344096579
165	82	0.3237674261369189
165	87	0.317334199939326
165	89	0.3164886068877065
165	40	0.3083852765356036
165	145	0.28456285439749823
165	168	0.27170147456781185
165	189	0.25429553262639115
165	146	0.2469667979835421
165	153	0.2396191273108449
165	125	0.2323479686472028
165	72	0.21734711945188945
165	170	0.2017824838846694
165	35	0.19288314151776226
165	151	0.18752430347679006
165	192	0.1769283626534861
165	54	0.17313815719658238
165	91	0.1722261872543892
165	88	0.16963419866860532
165	94	0.16447239694344318
165	55	0.16357714880771218
165	195	0.1610846096413192
165	65	0.1566689632689474
171	67	0.6270987012713052
171	174	0.5627372714937964
171	180	0.5358886800433851
171	173	0.486923674547981
171	45	0.4795117113701252
171	35	0.4664629075597969
171	62	0.4593917011791057
171	156	0.4524049524822998
171	140	0.4374556723964147
171	169	0.4228766953925216
171	54	0.4221209202975959
171	170	0.411910548335546
171	146	0.40328015035368414
171	153	0.39044926486645104
171	64	0.3882773723043469
171	147	0.3699541687327396
171	159	0.3666610026575218
171	122	0.3620733361837707
171	145	0.3594725086115924
171	179	0.3492681672373847
171	175	0.3052691321670787
171	66	0.30069180222878245
171	178	0.2901316426254056
171	72	0.2807167817546503
171	60	0.27784936160275386
171	172	0.2740893354399944
171	50	0.24016574923135064
171	8	0.2331046393742271
171	141	0.2275365777564616
171	52	0.2270908633838913
171	157	0.21283595950165074
171	167	0.1886046909061541
171	144	0.1834205103496631
171	158	0.17416619270907815
171	89	0.1670981863568435
171	65	0.16346035741377782
146	172	0.4576621431013107
146	150	0.4627539414266474
146	144	0.4583575427739122
146	145	0.4113789972710577
146	153	0.38427867330151705
146	24	0.37902449337461946
146	143	0.3673013429824037
146	40	0.3494261994149921
146	120	0.3337389691220416
146	119	0.32626270293517673
146	142	0.31982306406836897
146	48	0.31939209560162146
146	135	0.3150931792773026
146	62	0.310718053507673
146	141	0.30889193215724714
146	17	0.2823188822701874
146	15	0.2546509251040843
146	18	0.22965004831015826
146	180	0.2194421867920405
146	169	0.2159937831512659
146	115	0.21247314385078145
146	67	0.20868875302407608
146	35	0.19404785239250172
146	41	0.19003164539186976
146	147	0.1792812785605831
146	174	0.16633986668086287
146	157	0.15655190648849573
146	167	0.15457103194065885
45	50	0.6287704259421472
45	122	0.5341399704734118
45	157	0.5576251496634831
45	173	0.5125925677475668
45	52	0.493563042877493
45	60	0.4886687788273818
45	174	0.4864123612396583
45	147	0.4630839379618923
45	67	0.458341744461829
45	180	0.44328355163310623
45	66	0.43579649009618815
45	179	0.3972336693044706
45	156	0.3836307134634927
45	62	0.3771990172647612
45	21	0.3751558111224035
45	40	0.3524775732493937
45	89	0.3343342101953563
45	82	0.3322541503856309
45	64	0.3048972932380779
45	178	0.2961005775857628
45	72	0.2806891455792673
45	144	0.26716647349117223
45	168	0.26265684840437903
45	162	0.2564829080829289
45	140	0.25381845056577346
45	54	0.24685411375648825
45	125	0.23362468687267865
45	159	0.22003225041435234
45	151	0.21140345196084132
45	153	0.20941553885671801
45	35	0.2057026975723067
45	65	0.18986777914414954
45	149	0.1889711473674764
45	189	0.18547804362115267
45	59	0.17964903961326614
45	145	0.1710227115622479
45	91	0.161259933870596
45	24	0.1609482393220127
45	48	0.15811230070557597
147	173	0.4763868824667165
147	157	0.46433989153730393
147	80	0.4522299625215582
147	180	0.4364200434241417
147	77	0.4084338042281837
147	188	0.4075585882897197
147	78	0.39113556265610705
147	189	0.3640701464499107
147	50	0.3603603778616645
147	43	0.34809986959686645
147	148	0.3380949120707635
147	162	0.3279147762821387
147	182	0.32603929655537034
147	144	0.3210792992562128
147	159	0.3170194103375105
147	67	0.3107451568837563
147	40	0.3081771351162118
147	192	0.3017465518068964
147	172	0.2952792669328558
147	89	0.29474974641588186
147	15	0.2830273560757186
147	179	0.2825213348232789
147	118	0.27499546929099233
147	16	0.2444956091241629
147	174	0.2371102641992724
147	120	0.2355240855908573
147	186	0.23550519493377364
147	140	0.2289679078216189
147	116	0.2278020644249229
147	184	0.2200703135116788
147	82	0.21810919496511205
147	66	0.2096067598716551
147	7	0.20181126222532772
147	60	0.20089977914564186
147	21	0.19659675110600788
147	86	0.19334524082429816
147	135	0.1878716204836672
147	64	0.18234763617939534
147	62	0.1816708253618384
147	115	0.17403043614055203
147	122	0.17348734376105904
147	125	0.16358688121695575
147	54	0.1614644659402784
29	131	0.6981949774983186
29	133	0.6945586959082497
29	125	0.4933663548057512
29	16	0.4904555502983761
29	43	0.4849146653927986
29	149	0.4694541881753652
29	18	0.4518321285679952
29	28	0.4249766262641404
29	17	0.38789514723897184
29	21	0.3803168268095721
29	15	0.3599600469456261
29	48	0.3555214705206175
29	135	0.35472623338096204
29	119	0.3467281565102641
29	186	0.3318359697391737
29	157	0.32093578659143185
29	7	0.3205859127310787
29	118	0.3125238375030343
29	116	0.2591714582676208
29	56	0.2550997436044777
29	40	0.2428871587748737
29	188	0.2403353595716132
29	151	0.2388554872960225
29	115	0.232981699559877
29	69	0.22824762661026002
29	163	0.22164933985137086
29	75	0.20522380515737787
29	39	0.2021373923879786
29	77	0.2019743329055965
29	4	0.19916220211591235
29	144	0.1892025664447773
29	120	0.17972645659827535
88	94	0.4794347008257703
88	66	0.555091146355897
88	92	0.5312104864903915
88	194	0.5207658402465445
88	63	0.4808043839145977
88	87	0.477846641370918
88	73	0.4752729190859996
88	60	0.4526435190242282
88	182	0.4267448932473159
88	57	0.4195946856973709
88	55	0.40343086513326576
88	50	0.3962394013308937
88	76	0.3763581402161704
88	64	0.3731003451587349
88	184	0.35359803935258444
88	178	0.32293466320098946
88	84	0.2973864173648103
88	61	0.2827237622111821
88	78	0.2743205383516641
88	162	0.2733307675897388
88	58	0.2608031693109216
88	65	0.2522647408727041
88	188	0.2446366372355599
88	192	0.2362134726760252
88	80	0.2359585215593024
88	82	0.2325655403332653
88	89	0.2301804461223937
88	72	0.22739433883697746
88	75	0.21558380602412935
88	195	0.19587563262596394
88	159	0.19044608332981988
88	107	0.1844446491785044
88	161	0.17423406851106255
88	4	0.17051787607110885
88	54	0.1565616613882297
160	194	0.37845916735085583
160	4	0.3515576855973228
160	92	0.2899118296525109
160	162	0.28948127398573603
160	73	0.2714050717485529
160	76	0.26358761500188865
160	140	0.25976837047579404
160	57	0.2594512855488184
160	65	0.253631325830296
160	60	0.24462723568340336
160	84	0.23927034081435636
160	175	0.2278968728867949
160	184	0.22320820117507864
160	166	0.22105020717910812
160	158	0.21166137054959105
160	161	0.20699521449719385
160	58	0.2069186409908352
160	55	0.2005734795152459
160	75	0.19731765696311696
160	56	0.1971831040431276
160	107	0.18644346213074456
160	61	0.18546838762428988
160	182	0.1715662801363796
160	188	0.1591651210556787
89	179	0.7784403110165099
89	82	0.5843875525064779
89	50	0.5686869329904563
89	173	0.5400314501075119
89	192	0.5369143534276567
89	87	0.5254291002963878
89	180	0.4511952203012998
89	66	0.382743419199612
89	168	0.3753791964387711
89	174	0.35978594866134145
89	94	0.35797384270851645
89	60	0.3449585686590203
89	157	0.3419066658115553
89	91	0.33929004982131017
89	64	0.3341565541912505
89	153	0.3233108117062751
89	178	0.3175320319060083
89	54	0.26922678912104897
89	159	0.25908750159555216
89	72	0.2261422185317601
89	118	0.22497479696912215
89	195	0.2153358759909232
89	151	0.2090139226008897
89	59	0.205760158047064
89	40	0.1829082914376701
89	122	0.1826376451078363
89	170	0.18228963058445924
89	162	0.17901026466062026
89	52	0.16605787708185715
89	48	0.15715665244340207
89	144	0.15467840197220253
179	173	0.6913253704224123
179	180	0.6018035450021001
179	153	0.546565107991985
179	157	0.5109614025915544
179	174	0.4810580566139521
179	82	0.4593522523097701
179	50	0.452206097555962
179	168	0.44875480454839306
179	192	0.4411034538544004
179	87	0.3806247139222457
179	178	0.3681920481106619
179	151	0.3643303539005143
179	122	0.3500493546552019
179	115	0.32462652651785473
179	91	0.3125779762188505
179	48	0.3007827579375229
179	170	0.29551657934859005
179	159	0.2940373471584956
179	60	0.2891972263211027
179	144	0.2813430768064162
179	64	0.27497698163947704
179	156	0.27356207435197843
179	66	0.2732382360317261
179	59	0.2572301278185385
179	16	0.24400663161424999
179	195	0.2221912681203773
179	17	0.22061263978604756
179	118	0.2100369485187128
179	40	0.20161940004100815
179	120	0.20105331649363087
179	72	0.1931142018795826
179	149	0.17697679704269928
179	140	0.1628276578165263
82	168	0.7366204303965974
82	50	0.5279798113725357
82	87	0.447707998708447
82	180	0.4394911781573482
82	94	0.4277585384507237
82	151	0.4066075053759308
82	59	0.4050789229608192
82	173	0.4004292108573217
82	91	0.3838865322565405
82	159	0.38055630185307376
82	153	0.3746315437598396
82	157	0.37297982740585023
82	60	0.3630808399382873
82	66	0.3529941638989572
82	189	0.3259320485545854
82	64	0.3159666068483503
82	40	0.3086024361040108
82	84	0.3078874979699581
82	192	0.2890506011434927
82	174	0.2881889045028151
82	75	0.2556045330439567
82	122	0.2450784582731785
82	144	0.2426518930369929
82	55	0.2303793100688729
82	186	0.21259727159269515
82	162	0.20360442246069188
82	86	0.19352813145089287
82	21	0.18821889051299728
82	178	0.1866654575393723
82	48	0.18400026062706787
82	188	0.17975548739376254
82	125	0.1626232185266652
82	62	0.16137681103636986
82	65	0.1556445675521015
173	50	0.6883430974836834
173	174	0.687247067556759
173	180	0.5322863515458577
173	157	0.5218072522059207
173	66	0.4715409199952218
173	122	0.4083754798328337
173	144	0.3895420083508412
173	60	0.3679326890855511
173	159	0.3627769410254569
173	64	0.3443240886008848
173	67	0.33441414764704663
173	178	0.3011374329099812
173	40	0.2775448097777193
173	151	0.266850713315108
173	91	0.2593486872677671
173	87	0.2530417588778762
173	153	0.2497160923757189
173	168	0.2415128038751604
173	156	0.24048611199973485
173	59	0.23388938701201614
173	192	0.2234552331389478
173	170	0.21725184135839848
173	115	0.21455376108633556
173	145	0.19238243737391705
173	21	0.1914866976023355
173	72	0.1879102083638326
173	8	0.16944966011771462
173	140	0.1562787569020883
173	94	0.15441485083204598
180	189	0.5396629963357716
180	140	0.5349827783734123
180	60	0.515909868701086
180	91	0.5147127087078587
180	170	0.4668070983311879
180	157	0.4592023300802459
180	153	0.4452259334153543
180	174	0.4416751284168552
180	168	0.41645872749346896
180	175	0.40928329549752535
180	159	0.4075919435858168
180	169	0.3784420318479834
180	50	0.36001227154351345
180	64	0.34563676114593833
180	162	0.3405017745194789
180	192	0.3383960126693105
180	87	0.32927957249204604
180	66	0.3150121125126454
180	178	0.30625722671893624
180	65	0.30181017689418
180	122	0.2898019116933332
180	40	0.282070383400974
180	145	0.2692453393598825
180	195	0.2344281337097496
180	156	0.2294605874396826
180	21	0.22627505468289125
180	80	0.21068685704184892
180	144	0.20755029652242502
180	72	0.2065644555604738
180	125	0.20129319882233065
180	194	0.19975753586617614
180	62	0.18603803009583994
180	94	0.1858063261905856
180	59	0.17510660969214958
180	151	0.1658050357279376
180	172	0.16572723400089995
180	188	0.1638691072265521
180	84	0.16251612570559387
180	115	0.15727368645011072
35	62	0.7474183088769129
35	61	0.6604548719896518
35	67	0.6485372710563683
35	141	0.5516708762277719
35	68	0.5313899165126368
35	140	0.527799478243534
35	169	0.5152050363057397
35	65	0.5012169026427136
35	167	0.4773062969067918
35	63	0.4464117764817207
35	174	0.42464881260951576
35	41	0.4243044883965785
35	64	0.4206981446111934
35	142	0.3991437499500877
35	92	0.39865604022354056
35	166	0.38538614829653056
35	175	0.379640890166943
35	54	0.3603255717440504
35	72	0.3479416709196244
35	66	0.34210976279805577
35	60	0.3305539237671796
35	24	0.32186835521849844
35	178	0.3129749314021411
35	91	0.30507868970231633
35	145	0.2810115386550638
35	170	0.2357979801131206
35	156	0.23498563217157406
35	57	0.2152405108916372
35	28	0.20777994656853052
35	52	0.1971542703078661
35	158	0.18343983741708866
35	172	0.15893119217275614
62	67	0.5841240944604978
62	64	0.5041761887282553
62	41	0.4932831254288097
62	174	0.4627460828023847
62	54	0.42705564058313294
62	169	0.4269084570443495
62	142	0.41124606575125777
62	66	0.40853378114693706
62	167	0.4068328416230091
62	145	0.3938088106450093
62	60	0.3843468575973295
62	68	0.3808470243719146
62	63	0.3780049889036601
62	140	0.3493120670580752
62	141	0.34700085886141746
62	50	0.3426923853624175
62	178	0.328432311495496
62	24	0.3176129551999576
62	52	0.3070182442328789
62	72	0.2885464736867479
62	172	0.28600507653162915
62	61	0.27826456953987583
62	65	0.27717558125500136
62	156	0.2637923178732428
62	28	0.2380443855546165
62	40	0.1998439430359172
62	175	0.19380725436788626
62	55	0.19115914312218849
62	122	0.1586485042974989
62	91	0.1583950378785307
61	92	0.6980309332452718
61	166	0.6756627043082464
61	63	0.6672668137887513
61	65	0.5723898424628323
61	175	0.5049067177886433
61	68	0.4999353889666816
61	167	0.4901972931025962
61	141	0.4500635755403598
61	57	0.43939435135075106
61	140	0.4037824478256468
61	169	0.3767100112659652
61	76	0.3631676540163122
61	41	0.3511194049965406
61	60	0.3231227502155567
61	170	0.30632972146350496
61	66	0.3044527784194028
61	84	0.272729222111412
61	64	0.2675285983506625
61	91	0.2597403946459744
61	67	0.2531634309576099
61	72	0.2454449984746862
61	107	0.2351745796396013
61	178	0.2187567501214119
61	195	0.19670249728767225
61	55	0.16673849520231074
67	54	0.5824152234429221
67	66	0.4785099984271529
67	68	0.4563805105161528
67	64	0.43633099001935816
67	174	0.3989840078268902
67	65	0.388404750986976
67	50	0.3568835369903036
67	72	0.2926847172980813
67	122	0.2700057270069047
67	169	0.26998718496863033
67	156	0.26496424888101605
67	63	0.26247063634889023
67	91	0.25385587323357706
67	159	0.2482715695231938
67	172	0.2326128354467377
67	8	0.22993420698111114
67	178	0.2227615706464188
67	158	0.2073014831539491
67	167	0.2018016694838244
67	141	0.18823818191335964
67	107	0.18658824390593065
67	92	0.16814784097353005
67	52	0.16572723400089995
67	140	0.1641902283318718
67	28	0.16410265329679855
67	86	0.1602078361931272
141	143	0.5546897303487177
141	167	0.5527135015332625
141	142	0.5481759932482773
141	166	0.513984617816448
141	169	0.4287384621348319
141	68	0.3546650400106248
141	24	0.3504178359478552
141	107	0.3281378759629443
141	63	0.3063569060767256
141	175	0.3054051475514057
141	4	0.29250183946415825
141	145	0.2883447778811519
141	140	0.27141433511628155
141	100	0.2691804126499973
141	172	0.2463093792580166
141	41	0.23650615422525
141	150	0.2299531494992071
141	65	0.2259429485350145
141	6	0.2063634073058536
141	158	0.1915252306209582
141	174	0.18303393924169906
141	8	0.18261831216740865
141	28	0.1763567722036294
157	151	0.5463897673911928
157	144	0.6063191365205203
157	40	0.5730013803394879
157	125	0.5705311700227923
157	48	0.4505100309267024
157	50	0.4326968340224071
157	149	0.4306952848559468
157	21	0.4075335711039347
157	43	0.3895504908880353
157	119	0.3872238071448256
157	16	0.3851647419621743
157	59	0.37090322943443343
157	131	0.3641395406628909
157	174	0.3595944116080645
157	115	0.34706242869405834
157	17	0.3434511648102781
157	122	0.3365174329375722
157	135	0.3202359513713781
157	153	0.3165245998305014
157	15	0.3003097285341184
157	116	0.2855642795256201
157	186	0.2839929590556966
157	145	0.25370617800339235
157	168	0.24942540090133106
157	18	0.2412867896032827
157	118	0.24030709220036398
157	7	0.2380538188808657
157	120	0.22701498762641645
157	24	0.22475642681521554
157	52	0.22176344140437634
157	159	0.2179377511279048
157	133	0.2040932297333866
157	188	0.18645311450110225
157	39	0.18036506169908387
157	156	0.1637231316021581
157	150	0.15783928848596313
194	184	0.7191489033538826
194	182	0.7065695800719571
194	73	0.5793009968557415
194	188	0.5634338647118088
194	76	0.5233337832986764
194	162	0.4928668430640066
194	60	0.4618654567732157
194	78	0.4561033653678268
194	57	0.4483793744033434
194	92	0.4478838840421863
194	87	0.4434763710420071
194	75	0.4434121024653505
194	189	0.4198006491627197
194	84	0.3652059674272236
194	94	0.3636797286957031
194	80	0.33258326456771176
194	195	0.3288069553255502
194	170	0.2589662239347898
194	140	0.255660612163206
194	192	0.2448152579849336
194	186	0.22696756387839126
194	175	0.2231226834284624
194	161	0.20719620788330556
194	55	0.19999754810682865
194	63	0.1949426719021806
194	58	0.18401958343403904
194	178	0.1802005870219677
194	4	0.17952323226688932
194	7	0.17709303607914487
194	66	0.17335155416403986
194	166	0.17051787607110885
194	59	0.15976935455888744
194	65	0.15888245474169413
194	72	0.1551371236481103
184	188	0.7243420379087989
184	182	0.720411522594976
184	75	0.6071153229947861
184	73	0.6482822625649777
184	186	0.6037644282758194
184	76	0.4709030011664076
184	78	0.4674637972249761
184	189	0.4511315041717085
184	80	0.447707998708447
184	162	0.3670763981775198
184	161	0.3495403214033628
184	77	0.3417830259176382
184	84	0.32952919046085416
184	94	0.3105554226411867
184	57	0.282843366560216
184	87	0.26781638729320423
184	86	0.25686589655949266
184	192	0.24302830450565766
184	69	0.2261801725762993
184	58	0.2241011809638712
184	21	0.21001783074880148
184	92	0.19725999233595615
184	59	0.1904557206143592
184	43	0.18675232012048246
184	133	0.16557162435860126
184	159	0.1651242007359424
184	7	0.1639469579590553
15	115	0.7603693195488057
15	17	0.7149268764906526
15	16	0.7029305628987014
15	43	0.5629832192925116
15	116	0.7194963572821018
15	18	0.5925261340396804
15	118	0.5487283613589022
15	120	0.51792505633965
15	77	0.4906377976474267
15	125	0.407233317166192
15	48	0.40709984270642907
15	186	0.37550805275114
15	40	0.331542275575168
15	131	0.3265664771265561
15	5	0.3216352715198649
15	119	0.3152102675979465
15	153	0.3144264938952668
15	149	0.310736122481208
15	133	0.303145682027897
15	144	0.2992266632521948
15	148	0.2915413800265616
15	106	0.2742558047317698
15	86	0.27222931440014525
15	21	0.2408441025110154
15	28	0.2302846153502689
15	188	0.22094557958680588
15	192	0.20906173776015607
15	135	0.19684668925128698
15	151	0.18885542995530602
15	6	0.17516476934154598
15	150	0.16883768417624426
15	75	0.15995449894951894
15	189	0.1566689632689474
115	116	0.7251111670652157
115	17	0.6710165535055116
115	16	0.6152713625785793
115	120	0.561437562557708
115	118	0.5198688385158868
115	18	0.4811041702716659
115	48	0.4542957978203277
115	119	0.4235087944280155
115	149	0.3731175609529172
115	153	0.3721875405984634
115	43	0.3468425227007155
115	144	0.34518760904374035
115	125	0.3404752524923164
115	77	0.3141290881736448
115	5	0.31085356533444464
115	40	0.3076159113060861
115	186	0.2981063815118886
115	106	0.29460363991283384
115	86	0.27682473831383275
115	151	0.24793372930038846
115	148	0.24423232897601466
115	192	0.24305653241714
115	150	0.2376764508157019
115	6	0.184377029693574
115	21	0.17143039777185806
115	133	0.16587311054603496
17	48	0.7231277096279479
17	18	0.6882115289003061
17	119	0.6130417015748829
17	16	0.6715659214723109
17	116	0.5325801226259415
17	120	0.5312248426462477
17	149	0.4294890545244635
17	118	0.4176234953628525
17	125	0.4098575493909267
17	40	0.3676127340946168
17	153	0.3620385795644424
17	5	0.3342098534864054
17	144	0.3228898768177077
17	43	0.3137775291846304
17	150	0.31039277359156103
17	133	0.2999093574669549
17	186	0.2770370994439001
17	77	0.2565669856285086
17	151	0.24979110222692225
17	131	0.2450314608698505
17	135	0.231619407341263
17	106	0.23025620608413294
17	21	0.22473743703888446
17	148	0.1988644800746594
17	24	0.187369925304465
17	192	0.17678305434502842
17	7	0.16859480047022318
17	145	0.15939903206729114
16	118	0.6747704093154727
16	18	0.5709222471950827
16	116	0.5699440688160113
16	120	0.5391241148943073
16	48	0.4863283824150482
16	77	0.479342278424836
16	133	0.4695087592755361
16	125	0.4541846846081649
16	43	0.4432031981021492
16	186	0.4187621534583634
16	149	0.4066408916463716
16	131	0.4004124175938919
16	119	0.3368454918019285
16	192	0.3091180611337441
16	151	0.2998001470118142
16	148	0.2942565817723611
16	5	0.28346884591157784
16	188	0.2518152324773233
16	106	0.25059726863574044
16	21	0.2501098606405985
16	7	0.24862811313511946
16	153	0.2468635043637721
16	78	0.24570811227618214
16	144	0.21865201159821548
16	75	0.2153835570005374
16	162	0.2124540466663684
16	40	0.18991597619787812
16	135	0.18237663850091893
16	163	0.18011350811259316
16	80	0.1657953106249119
16	189	0.15874598581585264
43	148	0.4891329741217858
43	116	0.5445844887234974
43	186	0.5128284486830915
43	77	0.5015388093395874
43	118	0.4790726523576949
43	131	0.4760853347972936
43	149	0.4611728968029459
43	80	0.4579387896532555
43	69	0.4457709745485469
43	133	0.4226960200205789
43	125	0.4119852752380875
43	188	0.40425940504828
43	18	0.4023251154630879
43	21	0.32361523807074205
43	7	0.31354310871321833
43	40	0.30858434070159885
43	135	0.3002278430551235
43	119	0.27962019022737605
43	78	0.2699315576523802
43	151	0.26933808755709465
43	75	0.26521527528204025
43	144	0.2621912816110297
43	172	0.2590035410080098
43	120	0.2586583285902789
43	48	0.2439784175848143
43	28	0.2413809653991475
43	100	0.22010837593888646
43	161	0.21801395005014315
43	59	0.20493642251573255
43	5	0.19765400673045852
43	86	0.1681381236941552
43	163	0.1667287732033586
43	56	0.16597035754376438
116	118	0.5256896637321935
116	18	0.501366643953443
116	120	0.4684244618230196
116	149	0.4492737555336779
116	186	0.42044297728931
116	77	0.3691684525708973
116	48	0.3573721144136713
116	148	0.3502423821857191
116	125	0.33636667579156915
116	119	0.33543514679944225
116	151	0.30777886932239995
116	188	0.2746256776375551
116	40	0.2675100296823307
116	5	0.2595445516317498
116	133	0.25797704008560085
116	131	0.2564829080829289
116	162	0.2501567323072867
116	21	0.22236237486247976
116	59	0.2120434179690298
116	144	0.20795216907436628
116	192	0.2016002129712905
116	75	0.1996231185381709
116	78	0.18813207741421092
116	106	0.17044020111936192
151	59	0.6129543088928054
151	125	0.466079437887665
151	149	0.4224331594904284
151	161	0.3606996849133092
151	122	0.34697447087460714
151	168	0.3374481975342734
151	48	0.3282092601316328
151	21	0.32072946131431856
151	75	0.3127674457308704
151	131	0.31174762625985863
151	40	0.3011192464755213
151	144	0.2992994985808176
151	119	0.2808549556487206
151	186	0.2793528429164429
151	153	0.2672964757183717
151	159	0.2546789794769441
151	133	0.2520119057827375
151	174	0.249247212934817
151	24	0.2396756814581193
151	50	0.2367327169222299
151	178	0.21465869494457376
151	118	0.18241530776927264
151	55	0.18033603748870844
151	135	0.1673217557456589
151	18	0.16277898306259456
151	52	0.16253559741247964
151	4	0.15451246492979828
68	63	0.5070345372751754
68	167	0.4834294459904597
68	41	0.3979661346929592
68	65	0.3846195528467392
68	92	0.3636970833105691
68	54	0.34764279713248497
68	91	0.3438656572813078
68	169	0.3326810937092545
68	172	0.32451022131988555
68	166	0.3012920087571397
68	55	0.28908725870963664
68	64	0.26751931404133394
68	158	0.25991756753644457
68	8	0.2206602057644834
68	69	0.1993254534379781
68	107	0.1868584815320086
68	28	0.15687380204219095
87	192	0.6418773305267215
87	60	0.5385421947136627
87	66	0.4092333450399104
87	162	0.3851647419621743
87	170	0.3761778715156844
87	168	0.34598892653037283
87	76	0.3382808941477055
87	94	0.3237047624910659
87	64	0.3125238375030343
87	73	0.28540813492975603
87	50	0.2834044694553348
87	195	0.2715903295475073
87	189	0.26829902271471423
87	182	0.2629175124137107
87	140	0.25779967630324635
87	178	0.2542207044017052
87	159	0.2437150667322669
87	57	0.24244483557396135
87	92	0.2343052743177047
87	75	0.18520766217557494
87	72	0.18402924478418906
87	188	0.16909026148042988
87	91	0.1612501939025524
192	118	0.3394847093856983
192	78	0.3267719331883528
192	162	0.3174870725218078
192	120	0.31656059186189583
192	77	0.2972679098125085
192	170	0.2855734640298147
192	159	0.2454449984746862
192	189	0.2423695364735155
192	64	0.2389969244359345
192	91	0.2303035546429565
192	60	0.21355187072943485
192	66	0.21308416798298752
192	148	0.20617191657624587
192	168	0.2055398851923784
192	178	0.19947909163500446
192	94	0.1909279025540484
192	73	0.18517869107095736
192	188	0.18227029510415704
192	182	0.17610484710273133
192	75	0.1697313194446453
192	153	0.16900283338666186
192	57	0.16852678936216414
192	186	0.16538682720029413
192	106	0.15713714634636258
21	125	0.7370226730491677
21	122	0.4972829910441671
21	75	0.43199758882532574
21	186	0.3867136540460807
21	28	0.37434782379617215
21	131	0.2920994329235589
21	40	0.2410984243787535
21	144	0.23944945511318175
21	188	0.2345509856135813
21	133	0.2330951827299125
21	52	0.22963110300603884
21	149	0.2281433546603957
21	119	0.2259049902006177
21	156	0.22472794208670216
21	69	0.22274256301608505
21	59	0.2132846239889451
21	55	0.1948945715656467
21	162	0.1878619734230013
21	50	0.1803166878406506
21	161	0.17666680214921268
21	76	0.17418558596426892
21	60	0.1715662801363796
21	48	0.16249665387212905
21	80	0.16154237927179252
21	182	0.1575662521337338
21	4	0.1546491195985719
125	131	0.5303773075696901
125	186	0.41799494130898496
125	119	0.4117942954742725
125	28	0.3925153129167912
125	133	0.3858118049983113
125	48	0.3560018590047465
125	149	0.3382897497781148
125	75	0.3259767362412769
125	144	0.3258069152835493
125	40	0.3147328473659202
125	118	0.2837723005004093
125	122	0.2675007452736541
125	18	0.2653175349926889
125	59	0.2154503086886594
125	5	0.1939708635630261
125	188	0.1856035683201692
125	69	0.16093849834969248
125	135	0.16034423981571708
125	161	0.15786854095020902
168	153	0.5413901024883286
168	189	0.3599513426266482
168	50	0.3585317018508816
168	60	0.3406343765270338
168	59	0.3158405781597838
168	66	0.3067646152929095
168	64	0.3059037639798325
168	91	0.2793436232707963
168	174	0.2602252472778921
168	122	0.24710764387495104
168	170	0.2431506224821108
168	84	0.23322757173776426
168	159	0.22422464859206406
168	169	0.21252088610170145
168	94	0.20182085492811264
168	40	0.19192016000213788
168	178	0.1861924878731359
168	4	0.17900058509004166
168	195	0.17818737762298215
168	48	0.17685086584838167
168	52	0.15902866471090404
168	75	0.15468816270302407
120	18	0.5600458589568037
120	118	0.5346115025393057
120	119	0.4770823340897093
120	77	0.3959611768294801
120	48	0.3818895852098232
120	148	0.3444474843808203
120	5	0.3205948849490404
120	149	0.28161930730540763
120	150	0.2651966819662629
120	144	0.2635410883102736
120	78	0.2583783781145056
120	106	0.2275650243754472
120	40	0.22491783301981966
120	135	0.2019455565401771
120	186	0.17588197105021391
120	7	0.1744473816786699
120	6	0.15965241546705353
120	162	0.15881422103733564
18	48	0.6282259349890175
18	149	0.6008714912909375
18	119	0.4704281320970422
18	118	0.4629896663316954
18	77	0.40667427683073215
18	135	0.3272184702450929
18	133	0.3109619656976379
18	40	0.30662872472034514
18	7	0.28365276456476346
18	131	0.27784013357979154
18	186	0.27530048617241115
18	5	0.2450032618750742
18	69	0.2416069687572005
18	78	0.2249463151866784
18	86	0.223521736841712
18	106	0.20834440552725994
18	144	0.2034222918217495
50	66	0.7067948501735336
50	174	0.6076958966596505
50	60	0.4897109283507487
50	64	0.442616401579824
50	40	0.41185242358067503
50	94	0.4071081853696464
50	122	0.3563423841525136
50	52	0.3534055313263444
50	178	0.3254761509795204
50	72	0.2795095690101698
50	59	0.2767970370418615
50	195	0.2760027384342665
50	54	0.2702282158428226
50	144	0.26590308920135064
50	159	0.2501567323072867
50	156	0.2327925468430407
50	55	0.23255608117857246
50	91	0.1956159780612062
50	145	0.19478874752571795
50	162	0.19282537308365505
50	65	0.1780227702643683
50	92	0.17369101578754256
50	24	0.17321575797584615
122	156	0.6214966695808009
122	52	0.4666663100990076
122	174	0.3714981543330509
122	60	0.3186914900271274
122	66	0.3105734936355328
122	59	0.308222385761583
122	54	0.2936170610037209
122	159	0.2762244411414873
122	178	0.26762143871151434
122	64	0.2589102468753952
122	75	0.2554082425828041
122	161	0.2348061156258027
122	195	0.2049460025067266
122	153	0.19588524893449305
122	72	0.19333561462950816
122	57	0.18126465619559515
122	144	0.1743310310702583
73	58	0.4295216755301132
73	76	0.587892923170542
73	75	0.5539277144720949
73	182	0.5317199432058938
73	57	0.5027951603969859
73	188	0.427374460624089
73	78	0.3988999232961824
73	80	0.39395243651374495
73	162	0.3821031049063148
73	161	0.3800259671125519
73	92	0.3786476407602299
73	84	0.36890067039126384
73	94	0.3466049813899417
73	60	0.2667856967519578
73	69	0.2564081692281203
73	186	0.2479994251807168
73	56	0.21259727159269515
73	77	0.20947290684374945
73	55	0.2029333452588928
73	86	0.17330305628178766
73	65	0.1682450119696544
76	84	0.580137542849365
76	75	0.5695861239330251
76	92	0.5220910041513461
76	188	0.4847922786555372
76	182	0.4135947070563084
76	60	0.38859154620735936
76	57	0.3803253803681538
76	162	0.3675348940404816
76	86	0.35632492362597223
76	65	0.331310834902896
76	189	0.3196075963638904
76	94	0.3081680848197873
76	78	0.2810023283040306
76	63	0.27224783212332904
76	4	0.2703672567125692
76	80	0.26175353750613084
76	186	0.22112629677784865
76	170	0.2209741148891807
76	91	0.2120338675728902
76	107	0.21043838456392747
76	77	0.19391312037282024
76	66	0.17985225445047415
69	80	0.5142935954195034
69	86	0.3697038330472847
69	77	0.3521622598105574
69	40	0.34525807473884423
69	94	0.3358965575720825
69	186	0.2678535178707252
69	75	0.25624933898170904
69	84	0.2531259942474366
69	188	0.2517965006012125
69	143	0.23007627161928665
69	28	0.21940411265279167
69	131	0.20968324378946554
69	119	0.20229084989948465
69	55	0.19732726760157565
69	100	0.18357512291750647
69	7	0.16963419866860532
69	92	0.16527983406253474
69	150	0.16061702868428576
188	186	0.6451115623461732
188	182	0.6121483418031644
188	80	0.58715298036812
188	189	0.5367577558777411
188	77	0.5161886720922495
188	78	0.5004452594871818
188	75	0.47627091585010795
188	94	0.4154746313211514
188	162	0.3990680856481893
188	84	0.3970567914155679
188	86	0.3839462148317741
188	148	0.303363610815224
188	133	0.2622285314496205
188	118	0.21723278524285297
188	7	0.21256862733800969
188	60	0.18514006243075495
182	78	0.6135158572717274
182	80	0.5195549817265358
182	75	0.494341734127289
182	162	0.4387485784061278
182	186	0.3825044114988265
182	57	0.3778249810491378
182	189	0.3519958121442835
182	92	0.3083128828680495
182	161	0.2734788075608931
182	7	0.2620422744442649
182	84	0.2545854632338524
182	94	0.216746798385448
182	58	0.21473500736549572
182	195	0.2016002129712905
182	77	0.19875882794289326
182	60	0.1945001134644256
182	63	0.18915435586929666
182	55	0.16519229132867605
182	166	0.16112357146019393
75	186	0.597847075876914
75	59	0.3649112784825833
75	4	0.3258784214079379
75	161	0.3134529368143433
75	162	0.30597627603611555
75	133	0.2893438379301905
75	78	0.2789563516583307
75	80	0.2693937340774397
75	84	0.25942330478012465
75	57	0.2550436472986871
75	94	0.22456652137153274
75	77	0.2225334679079581
75	131	0.20415072978640994
75	189	0.1929216530643613
75	58	0.18605733782102515
75	92	0.1697507432042903
75	55	0.16611622198735684
75	101	0.15993501059601115
186	77	0.393606011972608
186	133	0.3523549608612085
186	80	0.3294133021303481
186	148	0.29428398392237753
186	189	0.2792606441422359
186	118	0.27161811648188605
186	162	0.2657636893102939
186	131	0.25440776925475
186	86	0.2383745252400484
186	119	0.2380726853986246
186	59	0.23136387620572185
186	161	0.21027590708626667
186	78	0.19172751927994186
186	101	0.18969426217511312
186	144	0.18962678015307385
186	163	0.18347849112648468
186	48	0.1808390793058154
186	5	0.17278892709998106
186	149	0.1726531036571042
186	159	0.16929425001554074
186	100	0.16639820596146912
48	119	0.6086977498468172
48	149	0.5033702793352635
48	40	0.4282731239667376
48	153	0.4214961413956085
48	144	0.36856369613223655
48	131	0.2604396594899092
48	118	0.2594885925628415
48	133	0.2573235086823243
48	5	0.24862811313511946
48	7	0.21253043443013864
48	24	0.20698564294756971
48	145	0.2064017035554804
48	150	0.20080381329013589
48	135	0.1988644800746594
119	150	0.5278066924825647
119	149	0.486290207251574
119	144	0.44304246967218297
119	40	0.4264095001775285
119	5	0.3526351999677765
119	135	0.3416417086927604
119	24	0.25835038067908433
119	7	0.2468259416564691
119	131	0.22332221949242387
119	133	0.20849745524141536
119	148	0.20259773511524196
119	6	0.2015522446201025
119	28	0.1938361273624484
119	118	0.19249799338538348
119	153	0.1908797247673631
119	143	0.16458914849827108
78	7	0.4931998870191357
78	80	0.6158551794345479
78	77	0.5068190599638057
78	118	0.421635929348322
78	57	0.2716922127595605
78	148	0.27137728134367656
78	189	0.26502003563086834
78	84	0.2562399955950043
78	162	0.2530698377607618
78	86	0.2442887491833376
78	92	0.2431318048351071
78	94	0.24017517241284805
78	166	0.1560055834096479
153	144	0.2915688298951822
153	145	0.2740985841650063
153	156	0.27117347121723084
153	91	0.2546135186068266
153	174	0.2380726853986246
153	159	0.2345604354497678
153	40	0.2044573729369367
153	170	0.1669426496884089
153	169	0.16459887758637973
153	189	0.1637231316021581
153	6	0.16083134558520173
153	149	0.1592041074660164
153	64	0.15442461237751084
106	5	0.6288490237247993
106	101	0.4146055026123148
106	118	0.30861148372145364
106	163	0.2821992393934609
106	77	0.16384964422445306
66	64	0.5794405060565075
66	60	0.5641841958790925
66	174	0.5584308170663633
66	92	0.4768196780631134
66	170	0.4742504455594554
66	63	0.426982051641754
66	65	0.402442447683729
66	178	0.3864329688950665
66	195	0.3691857267364259
66	72	0.3410851219758421
66	54	0.3293687270523851
66	140	0.31859265863212605
66	57	0.2981883812443265
66	94	0.2926389998462665
66	156	0.2897927515182673
66	52	0.28485691528445034
66	169	0.23897806673639616
66	41	0.2328020048973241
66	162	0.21140345196084132
66	91	0.20416989615774134
66	159	0.1904557206143592
66	175	0.17921352763481965
64	169	0.5751668571767852
64	60	0.5510514355264973
64	54	0.4354967116470703
64	174	0.4344264447690384
64	63	0.4030959136844056
64	65	0.3838609530280519
64	178	0.34064321617913795
64	92	0.32974311206136026
64	55	0.32070254707698165
64	140	0.3165695897273286
64	159	0.3029458861133183
64	57	0.2975596042276421
64	156	0.2845812347725262
64	72	0.2844158038664305
64	41	0.2817205801299899
64	94	0.2782461180606036
64	195	0.2671293282112154
64	91	0.2465348055333085
64	8	0.23992073062979896
64	167	0.2326695881307126
64	170	0.23002891782911505
64	175	0.1793780626474187
64	107	0.1604416672256757
64	158	0.15889220228986242
118	77	0.5041687306269464
118	148	0.4626439140686261
118	149	0.4182177418204504
118	131	0.3286464063476491
118	133	0.32601248534182004
118	5	0.3201462036040862
118	7	0.3132455199954837
118	80	0.2334923238134887
118	135	0.22464248559684724
149	131	0.4249192669171884
149	135	0.4043765188259867
149	133	0.3755166426559071
149	7	0.3472559144051098
149	144	0.2636248354722033
149	40	0.2163941524152388
149	39	0.18487930414988776
149	150	0.15762476195308453
195	145	0.43860321698452615
195	175	0.4341424558178961
195	174	0.39743577933108537
195	60	0.37225645666111024
195	170	0.3674310992909972
195	156	0.3571627480192391
195	178	0.3549185356164944
195	41	0.348143810156084
195	166	0.34233931221145003
195	52	0.2986620712706541
195	140	0.2944118542244696
195	63	0.27778476436522026
195	167	0.2390912102292297
195	92	0.2301899162702172
195	57	0.21165181853473128
195	169	0.18738922308236786
195	59	0.17473823688157333
195	162	0.1726725074082152
131	133	0.6940251985708642
131	39	0.355940729094134
131	135	0.3148499651938754
131	28	0.3136873719897828
131	163	0.28314693809223995
131	40	0.2741725721397412
131	143	0.2476333762439114
131	7	0.2444768045942705
131	24	0.2367327169222299
131	52	0.2140958099509099
131	56	0.18106154841103864
131	144	0.17656023330614104
131	100	0.16875024840258332
131	59	0.16731203569509495
133	135	0.2885006359788445
133	7	0.2438655573372899
133	163	0.21729948092274096
133	28	0.1984034186985671
133	56	0.187369925304465
133	77	0.16596063298922065
92	65	0.6357034494940489
92	57	0.5611156273347713
92	60	0.5808072250644686
92	63	0.5505429011597122
92	91	0.4643947969451392
92	84	0.4616608953351028
92	140	0.4504064095660016
92	166	0.4074001357822259
92	94	0.3494876510049774
92	175	0.3379000453768559
92	55	0.3284769173737965
92	41	0.31240652998708474
92	170	0.30323648954435045
92	162	0.3027188129728088
92	178	0.30184653287994123
92	72	0.2512906686703221
92	167	0.2271382843323969
92	80	0.22457601704898314
92	169	0.21798537576573648
92	158	0.20940597738537425
92	4	0.2051663314583608
92	107	0.19828813962449507
166	175	0.6062811925139138
166	167	0.5487842706792958
166	140	0.5425483837167839
166	169	0.3787161687613783
166	63	0.3679586275653239
166	57	0.35102296260404425
166	170	0.3366149724884714
166	41	0.3223792098735309
166	56	0.22818127233873775
166	107	0.2132273526759582
166	158	0.19640447360485425
166	163	0.17970710256069325
166	4	0.17589166168849216
166	65	0.161892964329775
166	145	0.1591553743755233
63	167	0.6022307204679143
63	57	0.4877929037504826
63	65	0.4384174439871045
63	41	0.4047026944254243
63	169	0.3709808456147913
63	60	0.3155434664427579
63	55	0.2922549204476507
63	107	0.28363437363825
63	175	0.27794163901175
63	178	0.2632246742982918
63	54	0.260150663099702
63	28	0.25509039433942005
63	4	0.2304550627024435
63	58	0.22681580065244197
63	161	0.17516476934154598
63	84	0.1656688813516979
63	170	0.16234087464928507
63	174	0.16188322640732927
63	72	0.1550395288870919
65	91	0.6656103550004893
65	84	0.6404285818568838
65	60	0.4593049112745564
65	175	0.42873030026652825
65	169	0.4230983874062034
65	57	0.3995303936954195
65	140	0.3970820614916824
65	167	0.3219669558109056
65	170	0.32011030288803344
65	72	0.2915322299636484
65	189	0.28722581891555216
65	80	0.2815640649380897
65	94	0.27011697503074433
65	86	0.2656428670806658
65	41	0.24173879194759376
65	178	0.22130699878422666
65	158	0.19625064072677284
65	107	0.1931527098583059
65	174	0.19312382893004146
65	4	0.16619401338546125
65	55	0.15908714674584268
57	162	0.5414395833860399
57	60	0.5091487868950801
57	55	0.4397251341087857
57	178	0.4024256867472989
57	158	0.3677943408564696
57	140	0.3623252915618487
57	167	0.32911907948794195
57	58	0.3272631159182477
57	72	0.30955213078625304
57	84	0.2880788670393156
57	91	0.2746626604607653
57	161	0.27173852129751475
57	169	0.2576783121240393
57	175	0.2448622606840184
57	59	0.2276124345439469
57	80	0.22330321686382665
57	170	0.21500208018599998
57	4	0.1983073531845698
57	107	0.19728882482018534
57	56	0.17516476934154598
57	159	0.17441829448312232
57	94	0.17121685516549226
28	4	0.2828341665378947
28	24	0.2579116975564513
28	100	0.2288257668862499
28	143	0.2287215239982649
28	39	0.21889004640601506
28	142	0.21853774564488745
28	55	0.20983620392641567
28	41	0.2076555556350643
28	40	0.16634958997517638
28	169	0.159545217363212
143	24	0.6930806477039242
143	142	0.5327090547788798
143	39	0.5111608830466342
143	135	0.3880480532851027
143	40	0.3228988342100595
143	145	0.2758087244693985
143	100	0.27351581552971016
143	4	0.2660424779727925
143	167	0.2538278063039681
143	144	0.2349761843318465
143	150	0.22247643841522866
143	7	0.20675591387336445
143	169	0.19364363439145066
143	41	0.18008448118203174
143	101	0.1629347394850736
100	101	0.401578908760054
100	172	0.4000512973842221
100	56	0.37190321846437707
100	135	0.3408907019832454
100	4	0.33833402703141063
100	167	0.3047703025485505
100	7	0.2719422639127194
100	142	0.2667206777603938
100	55	0.2394306017437268
100	150	0.2303793100688729
100	161	0.20719620788330556
100	163	0.20162899351784086
100	107	0.15467840197220253
24	39	0.6143756943873591
24	142	0.6092199601472105
24	40	0.5434157431995889
24	145	0.44809170384379504
24	41	0.4084421360124293
24	144	0.3332501393782187
24	135	0.3031184386992802
24	174	0.2969123322088097
24	52	0.23550519493377364
24	150	0.2316477977174859
24	7	0.22286610958548944
24	169	0.2211072746305077
24	167	0.17406922440680964
39	142	0.6155881981184933
39	52	0.4305405168942168
39	135	0.2843514650500715
39	40	0.2487875976831159
39	101	0.24264248181356854
39	145	0.2397699347555545
39	156	0.2327641724159845
39	7	0.17171186114049705
174	145	0.5922535228456205
174	60	0.429570604936895
174	178	0.422104483880262
174	140	0.40128531047302096
174	156	0.3986980930533545
174	170	0.3753104671382432
174	169	0.365734490626402
174	142	0.34525807473884423
174	175	0.3000185600616016
174	52	0.28720746878356296
174	72	0.2670271745985015
174	40	0.26465739005852235
174	144	0.2625637448212613
174	59	0.2093772927310817
174	54	0.1955678908714588
174	159	0.1889711473674764
174	41	0.17756762750593216
174	167	0.1703042648572916
174	91	0.1687308178699345
6	8	0.5390602707296996
6	107	0.3932932889499883
6	150	0.2569966546439833
6	4	0.25556714600881725
6	101	0.18259897908575845
6	159	0.15956470820748833
6	135	0.1549516910146748
107	4	0.5741018830317013
107	8	0.5371278359278318
107	158	0.3366947722031226
107	55	0.3076249650027462
107	167	0.2455765598984549
107	56	0.17646334894746998
107	169	0.1714595159706586
94	84	0.4394992465969311
94	60	0.4370674472905683
94	80	0.4119022450043423
94	86	0.35210969979547524
94	91	0.3236868580706186
94	189	0.3116753993852865
94	77	0.2567164472328287
94	162	0.24744563140584305
94	40	0.2120720689144308
94	55	0.19553903810618545
55	158	0.6840039960575411
55	159	0.4499439510487674
55	4	0.3664965348570197
55	54	0.3189160810621816
55	162	0.29761429074814244
55	60	0.29631039791567043
55	178	0.28046803942375603
55	8	0.2545574074323256
55	72	0.2391194950881371
55	56	0.23381376193677386
55	169	0.2298584351666334
55	167	0.21465869494457376
55	41	0.2058942269701725
55	161	0.1639274954673421
55	91	0.15643484530985058
158	159	0.3720669276137131
158	8	0.3620559579999449
158	54	0.33729754701210085
158	4	0.32714703412940954
158	56	0.3012192691539893
158	169	0.28759277726759497
158	140	0.2588635979973373
158	72	0.25243327846807945
158	162	0.2455483689261753
158	91	0.2261706841295433
158	167	0.21421984768587746
158	58	0.18224129161938585
159	54	0.4991774412573498
159	8	0.29660227427757524
159	189	0.25043793767801004
159	178	0.2389403507965402
159	4	0.23465493137316445
159	169	0.2174995557862795
159	156	0.2139240539966144
159	172	0.17749983378174866
159	72	0.17590135229268036
159	58	0.17284713513564925
159	162	0.17196418377939934
159	60	0.17158569137000115
159	144	0.15506880763323672
175	140	0.6401217570644671
175	170	0.5859394485255639
175	169	0.5867596910361259
175	167	0.5581623781584006
175	145	0.40086574127470775
175	41	0.3443240886008848
175	60	0.3357013649804628
175	189	0.2530698377607618
175	91	0.2356563152066521
175	178	0.2266829987933308
175	4	0.20118765357045493
175	172	0.1840099220483314
175	162	0.17970710256069325
175	72	0.16811868903737642
40	144	0.6514248804217623
40	145	0.41892706729599605
40	41	0.32828064055178835
40	135	0.3232033511233267
40	7	0.3018283549967933
40	150	0.2757440481524982
40	142	0.2294511139395569
40	59	0.2225619820832586
40	52	0.17586258967139465
5	101	0.37915293713616977
5	163	0.3080051699469475
5	150	0.19990154608905675
5	77	0.18603803009583994
167	169	0.6074372428933373
167	172	0.4042928674804993
167	41	0.3844320820707751
167	170	0.3075253712761213
167	4	0.30402628242461355
167	140	0.2984707910734479
167	145	0.2507846994411022
167	54	0.2382519083548595
167	142	0.23082431677708784
167	178	0.21102129623340735
167	56	0.20771296766989256
167	72	0.20643999917275954
8	4	0.3588366728253805
8	54	0.2469198470337803
8	169	0.2156028764143531
91	84	0.5991499280213402
91	86	0.3954129462207767
91	60	0.3818554182741332
91	189	0.3421715685815634
91	80	0.33060736675337704
91	140	0.2943205193697584
91	169	0.2579023627168133
91	72	0.2454168055645187
91	59	0.22686322784416935
91	162	0.21240630299533853
91	170	0.20908086354398026
91	178	0.19189126483621405
84	86	0.6427760772347791
84	189	0.535689059565454
84	80	0.4339557875063878
84	60	0.3568311778207374
84	77	0.2317897436788728
84	4	0.22386372299999308
84	59	0.1912843895726825
58	161	0.5114046177259096
58	56	0.3580087163982605
58	162	0.32544038790293256
58	59	0.22880681402414615
58	163	0.2030579883174
58	54	0.18372006395142104
58	148	0.15786854095020902
144	135	0.4844862287449841
144	150	0.483214854077044
144	145	0.3540179528943964
144	172	0.3159576051688748
144	148	0.2292332114410141
144	7	0.1776935256649122
144	59	0.16153264021546312
52	156	0.6514076107155149
52	142	0.350680970479926
52	178	0.277295589510719
52	60	0.2717755672218645
52	145	0.24821526701089655
52	72	0.23387048100848756
52	54	0.2293942720258999
52	140	0.21029502268673111
52	59	0.16775912432808535
156	178	0.34203029386951384
156	54	0.3092718088769361
156	140	0.2930412674867971
156	142	0.27538366297911937
156	60	0.2657915701778372
156	145	0.2306065595892868
156	72	0.2072057785607895
54	169	0.29262985619535115
54	72	0.2815548576953924
54	172	0.2461872622288309
54	178	0.224784911159604
101	163	0.43185930439695375
101	56	0.22992473565672905
101	142	0.2147636238474367
101	161	0.1898485000664137
163	56	0.5730618274696904
163	161	0.21358050241395102
86	77	0.5546966535033462
86	189	0.5492942164497595
86	80	0.4553585947394457
77	80	0.5432606908127411
77	148	0.4606294734709442
77	189	0.29164202719705656
77	7	0.2666092109836629
77	135	0.1697313194446453
189	80	0.4411920466071301
189	170	0.3070544733798476
189	60	0.2989352870728538
189	162	0.28572959257409114
189	140	0.24551078031706175
189	172	0.1828696293725493
189	4	0.17601763688327954
140	60	0.5939259918514103
140	170	0.5451610418715197
140	169	0.4548273582152161
140	162	0.4284119328215421
140	178	0.4018472692667723
140	145	0.369902379548442
140	72	0.3021827841190945
140	41	0.2860142585163299
60	178	0.44964880826394427
60	162	0.48418006018987103
60	170	0.3655698939169812
60	72	0.3485919164570609
60	169	0.3104469919613227
60	41	0.2340689852220753
60	59	0.18046180679826965
60	145	0.16354795138894834
60	80	0.1557323860508751
170	169	0.4106809116566215
170	178	0.2864549319889
170	162	0.27951878772841066
170	145	0.23218713984450126
170	72	0.20443820891492168
142	145	0.6366915685226486
142	41	0.4157310863397903
142	135	0.2910197413323468
145	41	0.5501525154352002
145	169	0.2557260356278621
145	150	0.2316004802045848
145	178	0.21301734532676225
145	172	0.20769383048393306
41	169	0.2702374855848864
7	135	0.63245063931
7	148	0.2245095464112723
7	80	0.20621979073973126
135	150	0.3050424121799122
135	172	0.21463007711094975
135	148	0.16848792515134772
80	148	0.2848752923105077
80	162	0.23890263413572854
80	172	0.23094738670093745
72	178	0.613203962475079
72	169	0.2557727652400594
72	162	0.22027013377608803
178	169	0.28489366912715985
178	59	0.2805233187541763
178	162	0.2722570909093009
178	161	0.17829388295341314
150	172	0.4333143386592363
150	148	0.21768056015332546
59	161	0.3985130480626501
59	162	0.18311125799554445
169	172	0.2108779711959066
169	4	0.1930756933059398
4	56	0.2918798948361973
56	161	0.284167625748663
56	162	0.25436100482558016
56	172	0.15867774907786347
148	172	0.2574729080679143
