51	155	0.8110192620996813
51	157	0.5243786105158361
51	89	0.4773757900042537
51	53	0.4620463740203205
51	50	0.4323472764219651
51	179	0.4250585622684915
51	91	0.3873343090856488
51	94	0.36422627774365424
51	125	0.36354956103753816
51	72	0.35622015524082845
51	122	0.3499791554535524
51	84	0.3465169918417859
51	82	0.33206731984487475
51	20	0.3182511877955346
51	178	0.3166325731901605
51	21	0.3138226056605025
51	152	0.2846731335090359
51	68	0.2809470651108625
51	43	0.27745251032844714
51	40	0.26812269075745665
51	25	0.2660517701620701
51	195	0.2565015923174399
51	150	0.25530541536503953
51	168	0.25118761199206546
51	90	0.2484310841978745
51	14	0.23635509813618566
51	124	0.23559020148907475
51	23	0.2304550627024435
51	192	0.2299436782619377
51	47	0.22838980719447854
51	69	0.22102167288571414
51	188	0.2188233992846056
51	131	0.2105721808173142
51	12	0.21043838456392747
51	180	0.20936773109956924
51	15	0.2087557034762456
51	29	0.20380570835158893
51	187	0.2023483939057009
51	148	0.19990154608905675
51	156	0.1967217233745845
51	118	0.19084118187587445
51	119	0.1877944429835376
51	103	0.18709009127867385
51	16	0.1866075475304362
51	64	0.18511109057512964
51	133	0.18170950490918844
51	52	0.18148708983683595
51	130	0.1753586260083059
51	105	0.1750193679267185
51	49	0.17479640426457385
51	153	0.17410801213292354
51	154	0.17078001338254645
51	126	0.1647934526203184
51	186	0.16387883867976186
51	27	0.16370366764370312
51	76	0.16359661359435745
51	108	0.15732244931599185
51	17	0.15717615841782145
51	128	0.1443937412919274
51	19	0.14297367681810372
51	3	0.14038667184866807
51	173	0.14005335681389086
51	144	0.13948468735089653
51	88	0.13897476751989582
51	121	0.13738569980603155
51	34	0.1337537070125767
51	73	0.13063910832944628
51	109	0.1293807438134897
51	26	0.12922341885836022
51	159	0.124963367160101
51	28	0.12463850700357272
51	67	0.12421516428649301
51	174	0.11424897945673335
51	63	0.11409106502411992
51	177	0.1118006617926597
51	138	0.10818494618133803
51	194	0.10457625676190224
51	2	0.10410148233917116
51	112	0.10391353767656114
51	143	0.10151907142904297
51	116	0.10069755647730604
51	87	0.09756861364239486
51	11	0.09723481079616801
51	58	0.09674347662594818
51	102	0.09650373596850408
51	147	0.09629172456912953
51	113	0.09506109396897867
51	61	0.09461811454064288
51	39	0.09456856193563544
51	189	0.09378953355553428
51	132	0.09246412903327604
51	6	0.09097278138313042
51	80	0.08957824005145514
51	42	0.08887389259829764
51	22	0.08633254796355931
51	45	0.0854332305652621
51	9	0.08304728443744801
51	70	0.08140744778939994
51	71	0.07924747639412119
51	38	0.0768471882794195
51	184	0.07639585365660215
51	4	0.07362254745891983
51	97	0.07326349465260264
51	18	0.07307749583645036
51	8	0.0723851775985905
51	117	0.06724038689869391
51	1	0.06516153846475099
51	78	0.05722341726529514
51	86	0.05637615960037196
51	142	0.05563648707215193
51	46	0.05282079362502346
51	129	0.0503892874285664
51	161	0.04873536056116588
51	151	0.04530696091665822
51	33	0.044156268102591024
155	157	0.5189268473660745
155	50	0.4526355678497912
155	89	0.4401283663227298
155	179	0.436622405727609
155	91	0.43070342983658255
155	125	0.4083004864246715
155	53	0.3671369644654021
155	122	0.3656565266149279
155	84	0.3471152004553246
155	195	0.34467661639736197
155	21	0.3118198495318716
155	187	0.30242810919976404
155	178	0.2971676270368419
155	20	0.29290414243799834
155	43	0.29155967999232985
155	188	0.2905070856322093
155	152	0.28527953388455424
155	90	0.2852427888417676
155	47	0.28259494769497484
155	180	0.28001652194550153
155	124	0.27747097062809783
155	144	0.2761597808872727
155	14	0.27604892892121186
155	72	0.2738581008410279
155	82	0.2641644440329996
155	94	0.2622657805067817
155	25	0.25413651901077144
155	15	0.2535938986045849
155	118	0.25305111855287465
155	148	0.2497817261594495
155	12	0.2469855780387925
155	192	0.2446366372355599
155	40	0.24359278447307986
155	150	0.2385442899194804
155	156	0.2364778320791372
155	126	0.2316004802045848
155	130	0.2263509572767105
155	119	0.22417716189437106
155	23	0.21809967066054825
155	154	0.21694692364677096
155	168	0.2109353022993217
155	147	0.20793303387687714
155	131	0.20502264102090706
155	173	0.19827853278730934
155	17	0.19779814239007248
155	153	0.19631794380010487
155	16	0.19138072875777376
155	52	0.1890868595316252
155	128	0.1878619734230013
155	76	0.1873216802269668
155	73	0.18459920144359374
155	103	0.17725769958984652
155	29	0.17676367932149356
155	133	0.17158569137000115
155	49	0.16786602661131494
155	121	0.1673217557456589
155	69	0.16230192857878753
155	116	0.15847302977104005
155	19	0.15834629194191685
155	142	0.15822929854520254
155	68	0.15780028476937072
155	88	0.15423913786036747
155	26	0.15157296774489
155	27	0.15103555889842218
155	143	0.14580342385087222
155	194	0.14280714782241796
155	186	0.1417098139165149
155	109	0.14048469963039864
155	108	0.1351971237916514
155	2	0.13315457113656154
155	3	0.13308581160556568
155	39	0.13269287544213124
155	64	0.13079637438862862
155	129	0.12816130562875486
155	112	0.12573111181359298
155	28	0.12128991904783235
155	189	0.12103373589833258
155	120	0.11993984996020887
155	184	0.1181062001650379
155	151	0.1163506623067284
155	102	0.11622242023967493
155	87	0.11619282536602515
155	138	0.11535421840066043
155	174	0.11198828292121467
155	105	0.1079082149210086
155	45	0.10434876661869813
155	11	0.10109348450944353
155	146	0.10101430146063003
155	132	0.09959571925999387
155	22	0.09949274980177077
155	9	0.09704561311492818
155	58	0.0966840378390168
155	113	0.09550007223504836
155	164	0.0949164113072593
155	80	0.09405516941652918
155	18	0.09372510493382684
155	149	0.09170759916316988
155	38	0.08713843920505196
155	46	0.08670672586989328
155	117	0.08147698349095678
155	56	0.07769211321854894
155	92	0.07673883107065918
155	6	0.0763451511117487
155	4	0.07247371070236135
155	136	0.06726527382511281
155	127	0.06431808849901177
155	104	0.060881611604869934
155	8	0.056136919153104654
155	107	0.05518986271742915
157	53	0.6541850659547251
157	94	0.5092598935356957
157	148	0.4586102763718875
157	84	0.44075705424309297
157	25	0.3473614396068825
157	150	0.3415622109637391
157	29	0.32322126179942484
157	152	0.3215904432613791
157	28	0.3173431929008433
157	43	0.3080685278778941
157	180	0.3021373491544001
157	130	0.3015556604196515
157	20	0.2812509896086003
157	125	0.2787995730548374
157	188	0.26994082899689537
157	146	0.26909693185630706
157	122	0.2643132724847414
157	68	0.2630012891254617
157	40	0.2593673419361716
157	27	0.2517028383909145
157	82	0.24861873127118014
157	144	0.24132446046708986
157	187	0.2381481496729024
157	189	0.2304077176337337
157	91	0.2275745064954657
157	64	0.2266545401552649
157	178	0.223521736841712
157	21	0.22119287296847875
157	49	0.21802347472855355
157	69	0.21575543361431695
157	52	0.19936386390625474
157	124	0.19788461968092272
157	14	0.1973368782021056
157	80	0.17753857325903824
157	12	0.1765408567080406
157	147	0.17095475816259958
157	149	0.1654257328307897
157	105	0.1571956642696063
157	90	0.15654215155821882
157	119	0.15628851265634325
157	159	0.1468994347391812
157	92	0.14683094459608653
157	4	0.14619489754334905
157	128	0.14560766987284354
157	86	0.14475600758663731
157	132	0.13984746989951372
157	39	0.13959254553797867
157	118	0.1374641889567603
157	184	0.135020409580345
157	136	0.13381263313636232
157	127	0.1313467537107587
157	23	0.12905625396533218
157	168	0.12452036940809193
157	47	0.12052132126031735
157	179	0.12015667941040865
157	154	0.11892454202473444
157	50	0.11828368555652535
157	164	0.11748494193827375
157	72	0.11745535591535275
157	112	0.11718907233255747
157	133	0.11647890049436775
157	107	0.11190928552368153
157	173	0.11177103667494466
157	8	0.1095387102323026
157	89	0.10825412637854652
157	126	0.1076907714826778
157	45	0.10256803366794323
157	76	0.10100440348952301
157	186	0.10012340420733457
157	19	0.09572103370684938
157	172	0.09321361299034273
157	108	0.0930599575320775
157	63	0.08983813158957853
157	121	0.08727142017508031
157	156	0.08515228935111513
157	151	0.08265896851695878
157	17	0.08192099988123214
157	15	0.07869891910312216
157	192	0.07669011944109408
157	26	0.07308644776767888
157	161	0.07242496789880275
157	3	0.07162513877963853
157	6	0.0683134347743529
157	138	0.06740065723785968
157	103	0.0660198299680875
157	129	0.06578286360024754
157	2	0.06576095877102306
157	11	0.056530665616951414
157	143	0.05504031836869293
157	113	0.047219857366190325
157	34	0.04678182715902887
157	153	0.04510237982713487
157	67	0.04399857506833778
21	125	0.7782432189796487
21	52	0.5321860100954652
21	28	0.583504483329256
21	132	0.5308873923396809
21	122	0.4982308107907272
21	156	0.49729804508697895
21	29	0.40876702250239455
21	53	0.3974863008143605
21	131	0.3714291931539758
21	133	0.3514086874709853
21	25	0.34896960780050396
21	40	0.28030219027058245
21	16	0.2749492497809296
21	144	0.2715162288422309
21	118	0.25388393973569195
21	97	0.2409382996538473
21	127	0.20807654397774064
21	39	0.2072632017927349
21	143	0.20687078126192104
21	142	0.20432322149228666
21	20	0.2028662270415489
21	23	0.1982304980299645
21	129	0.18889400300895925
21	152	0.18284063245251872
21	91	0.17768384139759474
21	140	0.17415649603081693
21	62	0.16064625460855447
21	37	0.15592752945503058
21	38	0.14974541393235544
21	26	0.1483276214285408
21	34	0.1438062001915923
21	117	0.14322835256247546
21	119	0.13151381714394786
21	128	0.12912508745721413
21	180	0.12531772949963302
21	138	0.12518976900504292
21	18	0.12486492751460734
21	120	0.1232797121171173
21	130	0.11628160936779967
21	69	0.11616323028605195
21	196	0.1160152517931234
21	27	0.11384431218396662
21	124	0.1116525342178531
21	35	0.11156365529092868
21	15	0.11124762688312298
21	175	0.10863953969440672
21	195	0.10797739930550684
21	145	0.1062375905172863
21	33	0.10262740209042202
21	94	0.10033129464701718
21	151	0.09773402116677436
21	61	0.0976884603511649
21	103	0.08585809110192774
21	178	0.08326973540083764
21	92	0.08275331868779835
21	3	0.08256660323015895
21	72	0.08042194268220586
21	106	0.08018448390020755
21	17	0.07422424131598218
21	126	0.07116947347722316
21	149	0.060050660885692074
21	93	0.05835363013468814
21	98	0.05784435502277389
21	197	0.05633728346749936
21	108	0.05549991010435065
21	57	0.05390669238339639
21	150	0.051084493160474656
21	184	0.0480908746978896
21	22	0.0474772789579308
21	19	0.04637171878650525
21	109	0.046000512325317884
21	162	0.045399769622310966
21	112	0.045356858167546615
21	158	0.0453498725660409
125	132	0.5934856827887804
125	28	0.5750330051638404
125	156	0.4887068380386626
125	52	0.4592260037507101
125	122	0.4523254159083941
125	29	0.4503266925691405
125	133	0.4151767296775513
125	144	0.41352838970870587
125	131	0.40862541804498576
125	25	0.3466401755014598
125	53	0.34431527416131474
125	143	0.3426659082323496
125	118	0.3307231526163454
125	129	0.32855720426239243
125	40	0.3190867463001446
125	39	0.28791379657955657
125	128	0.2752820018777927
125	152	0.267389328495547
125	142	0.261166605191938
125	26	0.2608870456955437
125	16	0.25463222195070445
125	23	0.24168229738685784
125	127	0.23975108445759455
125	117	0.23661943879028816
125	38	0.22692962410496964
125	20	0.20737804397169868
125	130	0.20079421649257986
125	15	0.2000263479634455
125	120	0.199411876130108
125	119	0.19884527093989035
125	126	0.19301792933024067
125	91	0.1736231267620611
125	18	0.1553323040841348
125	115	0.1544538968330076
125	124	0.15172928805419858
125	195	0.1375819194457586
125	97	0.13661052695024167
125	94	0.1338715583139484
125	22	0.1260361993356639
125	90	0.11889496621062548
125	121	0.11438714984971195
125	180	0.11245236401387937
125	93	0.111573530815419
125	14	0.1081454141695916
125	27	0.1060398436034196
125	92	0.10493230631251016
125	3	0.10454658475462586
125	145	0.10440811292715832
125	73	0.10061836703937077
125	17	0.0984104519339935
125	138	0.09238183801997886
125	116	0.09163124621600388
125	2	0.09053342999439626
125	149	0.08947408161956788
125	69	0.08786681914637652
125	43	0.08742226049526475
125	33	0.08325483938996545
125	162	0.08301947748463574
125	140	0.08193987234190071
125	196	0.07785611516405179
125	31	0.07659368921737644
125	154	0.07628649473395087
125	184	0.07075457333218149
125	103	0.0701505862355634
125	72	0.06810938859839773
125	151	0.06639019944908246
125	34	0.06262991797677922
125	58	0.060776003820217785
125	41	0.05495956339321073
125	62	0.05152134034213661
125	135	0.046547338892192654
125	109	0.04566222440293455
52	156	0.6616428313882006
52	122	0.5783367925981702
52	28	0.3286196463376317
52	144	0.3120906547054502
52	142	0.3061303523683474
52	38	0.294375320927852
52	53	0.2926024249215252
52	97	0.2857479596411269
52	25	0.2825673432580908
52	149	0.25291071845495755
52	118	0.23653447596946384
52	29	0.2363739807722747
52	39	0.21363776468221535
52	132	0.2074067536234839
52	131	0.20719620788330556
52	127	0.20090937551914986
52	40	0.1885757578943387
52	26	0.18535251286865054
52	0	0.17709303607914487
52	43	0.17586258967139465
52	31	0.17143039777185806
52	130	0.15884346423929566
52	129	0.1499506984991604
52	33	0.1454510584805329
52	138	0.13288934874555147
52	44	0.1311993386029465
52	16	0.12785638537331998
52	60	0.12260014096092263
52	18	0.1209647607556287
52	2	0.11594619340011372
52	152	0.11542328638113865
52	72	0.1133211497461769
52	164	0.1110500976977235
52	143	0.11023025798314816
52	69	0.10914349242833724
52	147	0.1074930866880005
52	178	0.10123205176241827
52	184	0.10111328007156464
52	20	0.09842728726733688
52	145	0.0934673826020972
52	3	0.09099955786408603
52	133	0.08816151843546928
52	27	0.08524461428486126
52	135	0.0841544914643941
52	136	0.08406413523272767
52	140	0.08334719405737448
52	59	0.08262122803362543
52	148	0.0819527850442903
52	37	0.07804396676000294
52	113	0.07788692718086118
52	176	0.0776533485076256
52	15	0.07489350006634159
52	22	0.07477417207884975
52	35	0.07333610243375582
52	187	0.07242397314410667
52	100	0.07197333448039579
52	70	0.07121524033303761
52	124	0.06297654537566334
52	137	0.061940602586531376
52	98	0.061009136169353315
52	36	0.0609015374491923
52	199	0.059592307054435564
52	123	0.059395007875152124
52	54	0.059262476021999175
52	175	0.0591289455759128
52	120	0.05497352109471978
52	139	0.05400041875062789
52	180	0.05263531075159535
52	119	0.05202099752438108
52	186	0.04940374729582981
52	109	0.04615518323395757
52	151	0.045677193117099786
132	28	0.683535432229534
132	131	0.5484137799678093
132	29	0.4824019443937824
132	133	0.4366709661078867
132	25	0.30899143321115513
132	143	0.2977692252825958
132	129	0.2794358174091184
132	39	0.2728773146513072
132	53	0.25580080243369324
132	118	0.2506253844546281
132	156	0.2330857260415118
132	128	0.20012234498894413
132	142	0.19828813962449507
132	122	0.19560636069850215
132	26	0.1889518614964802
132	144	0.18121629860113853
132	162	0.16651488102761286
132	152	0.15033190695379592
132	15	0.14776033331664645
132	16	0.14696792347372753
132	127	0.13782717880869594
132	117	0.13690491614558895
132	23	0.13413670989310247
132	130	0.1328304078504058
132	14	0.12857438473483818
132	115	0.12425454691451365
132	119	0.11779065195383012
132	140	0.11717920965378655
132	55	0.11046733553630153
132	20	0.106860438299727
132	4	0.09910065430172144
132	65	0.09475091320937834
132	40	0.09211413563823664
132	100	0.08754034979065098
132	41	0.08650326345776753
132	61	0.08118989526509095
132	116	0.0808113950505803
132	27	0.07947404041948689
132	175	0.07901792291350082
132	34	0.07263983153296832
132	83	0.07171865591464686
132	149	0.07099734762092612
132	120	0.07082621252000948
132	5	0.06969084491864845
132	57	0.06740165269494397
132	73	0.06695866106455113
132	124	0.06639019944908246
132	18	0.06471244025493632
132	138	0.06328331787362299
132	66	0.06130701781430515
132	126	0.05990319327626791
132	94	0.0587193725969697
132	24	0.05753339336325776
132	30	0.0537780663548106
132	174	0.05355371436201755
132	67	0.05157818887156192
132	151	0.048781251202027684
132	181	0.04641662192764067
132	93	0.046204078738590136
132	150	0.0458398518204297
83	190	0.7651408924653712
83	85	0.510843165975058
83	181	0.4823098644601942
83	198	0.4293014619919453
83	96	0.4253944270568116
83	55	0.3879800976789772
83	191	0.384815511102228
83	95	0.38299944203713226
83	197	0.3815222359608931
83	93	0.3744767961091521
83	88	0.3498738492805722
83	32	0.3492418266089736
83	106	0.3419596507144506
83	79	0.33398775899103217
83	75	0.32354361436239804
83	7	0.32045132255904746
83	183	0.31046506430241383
83	81	0.30906379336584355
83	160	0.2972587934675109
83	87	0.2969396872571494
83	101	0.2942748499261299
83	41	0.2683918217880559
83	196	0.2654941513423437
83	78	0.26496424888101605
83	5	0.24417590711511086
83	163	0.237166890116966
83	193	0.2286267531845224
83	66	0.21629883299581995
83	158	0.21208161914855295
83	61	0.2118906067716931
83	13	0.2064304253277282
83	166	0.19705815539386992
83	100	0.1900412842532901
83	30	0.18827676427830686
83	99	0.18816101544052052
83	109	0.18472476843707014
83	170	0.18013285922536654
83	167	0.17812928204643064
83	98	0.17619205455776127
83	162	0.1718089109773871
83	133	0.16562025325784274
83	199	0.16501719805299694
83	185	0.16056831818463474
83	9	0.1581220506951634
83	97	0.1473886090467387
83	179	0.1450692876876531
83	192	0.14415873704509113
83	11	0.14409019107540064
83	89	0.13947488189699978
83	135	0.13944546537120306
83	56	0.13853343124281636
83	70	0.1376015408160739
83	104	0.13639462620091175
83	114	0.13421526963736
83	67	0.13389119982947448
83	177	0.13188722602881392
83	63	0.11185003654721316
83	73	0.1087778852323896
83	37	0.10310232311463413
83	131	0.10231076206529932
83	90	0.10134092327752416
83	6	0.09163322942306988
83	65	0.09098567377927216
83	57	0.08983813158957853
83	16	0.08167565255114896
83	102	0.08061468494101093
83	36	0.07957142068066943
83	54	0.06515855120224531
83	117	0.06432008022512252
83	194	0.06371855572137107
83	111	0.06348151842410588
83	103	0.060430278264749414
83	71	0.05751246284989095
83	113	0.05509016675963552
83	134	0.05346397204974576
83	128	0.05196714350709618
83	143	0.051552258004842366
83	115	0.050025207512849
83	161	0.044501588190486455
190	181	0.5188026148701791
190	55	0.44498536913046943
190	85	0.4434040685726536
190	93	0.4419809478452142
190	198	0.4379892157468055
190	191	0.406298630896942
190	193	0.406298630896942
190	88	0.401671165466168
190	197	0.3692548208475277
190	95	0.3665744435131111
190	32	0.3648072531568205
190	7	0.3596814776628417
190	96	0.3472207373833149
190	196	0.34263060454546024
190	79	0.3415622109637391
190	75	0.33172917930055473
190	160	0.3179725582992132
190	101	0.3169294576167876
190	41	0.3119733120202872
190	106	0.2997728431700959
190	183	0.2972770261033064
190	81	0.2706267694929542
190	167	0.264517891051769
190	78	0.2618466835762493
190	162	0.2607472495335328
190	166	0.2527796687520826
190	87	0.2516934719105277
190	158	0.2456987159778594
190	114	0.2366949582598721
190	185	0.23555242124279016
190	5	0.2332843072377461
190	30	0.2197753069875492
190	61	0.21678491888794335
190	100	0.2147159295060324
190	163	0.20368110483063107
190	109	0.1976636160404013
190	57	0.19686591420321567
190	199	0.19505810888375585
190	135	0.1906580951071564
190	98	0.1797845178761447
190	133	0.17648272609280985
190	66	0.17377829925166827
190	67	0.17115861347993416
190	6	0.16817699261557498
190	13	0.1630515514730655
190	90	0.16304181731527845
190	9	0.15663969948633594
190	65	0.1566201901451289
190	99	0.15116259087727488
190	194	0.143913923662561
190	54	0.1407493608784121
190	37	0.13628667096599684
190	104	0.1353051115764047
190	170	0.12978385926268074
190	89	0.12807278288675014
190	11	0.1273350141372964
190	159	0.1260657226703185
190	192	0.12210762620805825
190	179	0.12078739074075248
190	63	0.1195948704410814
190	69	0.11062538025639293
190	141	0.1101808652464494
190	70	0.1086790674206313
190	36	0.10602006845045177
190	177	0.10482351624401362
190	97	0.0985065116088706
190	139	0.09397984120270554
190	134	0.0909509634125004
190	175	0.08666801894321917
190	165	0.08006525429971116
190	102	0.07618807013423272
190	2	0.07307053321513159
190	195	0.07218622264375249
190	182	0.07100530729141807
190	108	0.07092969005678099
190	72	0.07044114331295583
190	73	0.06906785818679477
190	71	0.06732002476856311
190	113	0.06509581841992901
190	35	0.060981240340918876
190	68	0.05921763394429198
190	174	0.059019329448934
190	56	0.059009364275865436
190	4	0.057864288080322776
190	169	0.05658249928729465
190	1	0.05625055917103981
190	103	0.05575013347311947
190	186	0.05550389778250528
190	62	0.05281082152011883
190	31	0.052547554147223965
190	131	0.04898276853225805
190	145	0.04769179213517388
190	8	0.04510437575850549
85	88	0.5551603298972728
85	66	0.5031387915280299
85	96	0.4989972224184136
85	93	0.4759383863834065
85	87	0.43517251814462105
85	79	0.4048113967506221
85	81	0.4008909201716237
85	191	0.3998580890495068
85	78	0.3923884156870081
85	198	0.3869092407327903
85	90	0.3840399952541184
85	95	0.3519520064259369
85	32	0.3401304168457264
85	41	0.31360622567815144
85	160	0.3130651332479801
85	70	0.30059174463126315
85	170	0.2874093086382981
85	61	0.2811681067015671
85	197	0.2779047286636007
85	65	0.26649773707436725
85	183	0.25981499588984985
85	98	0.25879828753935474
85	193	0.2446648416160284
85	181	0.2411266803208641
85	196	0.2408158424832875
85	91	0.23949658774677066
85	71	0.2374311230857585
85	89	0.2333599521004037
85	35	0.23008574224658904
85	199	0.2290721383026913
85	75	0.2267873438210395
85	55	0.2222958349786736
85	7	0.2214496475296253
85	24	0.219575441015078
85	50	0.21521190056122866
85	92	0.21234900925148728
85	177	0.2034893942221145
85	97	0.19796148579809247
85	192	0.1913999961523562
85	74	0.18975210248193916
85	166	0.1824733106136961
85	63	0.1765408567080406
85	194	0.17571722498542025
85	162	0.17302175199721656
85	57	0.17233292242732018
85	139	0.1691388314939272
85	67	0.16661210668777646
85	158	0.15703961402236874
85	106	0.155517714266176
85	73	0.15083034285791666
85	11	0.14178820649391904
85	131	0.13884727603544206
85	64	0.1353149284883894
85	36	0.12666598197034787
85	38	0.12343727734585022
85	114	0.1214475621880893
85	195	0.12109285651901275
85	179	0.12083666096346225
85	113	0.11753425151299696
85	101	0.11737645883502093
85	13	0.11498912627521166
85	107	0.1103981892139812
85	12	0.10509054192829012
85	142	0.10073715071788797
85	6	0.09985610365574778
85	182	0.09825100863248333
85	94	0.09778651464205276
85	109	0.0967117760254292
85	111	0.09595090289417564
85	112	0.09408292164493813
85	176	0.09337519426311867
85	174	0.09032316357789734
85	62	0.08900484845016794
85	104	0.08600499823555903
85	100	0.08555036812108813
85	5	0.08490409680084028
85	56	0.08481077367463608
85	116	0.08185047595572162
85	145	0.08150877097610475
85	37	0.08028185303871849
85	163	0.07477516648759858
85	185	0.07460909816673447
85	99	0.07270050939477501
85	9	0.07231653878923919
85	169	0.07222104017599527
85	34	0.07106400958196152
85	168	0.06828058870225573
85	165	0.06796008290747191
85	60	0.06671475551645342
85	31	0.06414779402332893
85	110	0.0606155969413777
85	82	0.057600171329625735
85	108	0.05558165715245545
85	102	0.05395554986366108
85	115	0.05073639772787123
85	180	0.04483192780297402
181	198	0.5999570027085505
181	197	0.5367079216275926
181	95	0.5045862684769568
181	7	0.470614998365146
181	79	0.4618339889798834
181	114	0.43664668623580377
181	32	0.4156318212684957
181	196	0.3973431503537673
181	199	0.3968040575469228
181	41	0.3764353895088823
181	166	0.3697038330472847
181	183	0.3640874953821531
181	93	0.3462089804074169
181	135	0.3403691589658664
181	55	0.3157415477994138
181	13	0.3138586658227105
181	139	0.2894354632931068
181	96	0.28821641267964004
181	167	0.27857821325594784
181	106	0.27351581552971016
181	30	0.27334927329440256
181	193	0.26908765596293355
181	98	0.2590968303080474
181	75	0.2280011572037928
181	101	0.22689168364276915
181	162	0.21908045549726216
181	100	0.2136568517787684
181	158	0.21355187072943485
181	5	0.2087365749752592
181	57	0.20852615092625207
181	67	0.20743546291799672
181	88	0.19850908636118944
181	170	0.1984226313439964
181	145	0.1982304980299645
181	66	0.19728882482018534
181	31	0.19083154606105268
181	142	0.18986777914414954
181	160	0.18652068008567144
181	16	0.18441566961301764
181	97	0.16800207835263636
181	36	0.16599953101371018
181	38	0.16541600647143098
181	191	0.16380098616115887
181	99	0.1610261659716146
181	78	0.1608508281880964
181	10	0.15031235888866953
181	61	0.14874813411614524
181	185	0.1440510213289891
181	54	0.14071995506573307
181	63	0.13599223115336834
181	163	0.13273217093757328
181	143	0.13202478829428188
181	175	0.1277875290650418
181	117	0.12682341169508785
181	11	0.12404778375279793
181	172	0.12295471421009925
181	81	0.12291531873083572
181	177	0.11532461749610272
181	40	0.11256097166123184
181	42	0.11226476265934858
181	18	0.11077354210049914
181	70	0.1099734098122429
181	174	0.10990425587055982
181	2	0.10702849398910574
181	131	0.10667260412742127
181	195	0.10267687521733287
181	48	0.1018456594558514
181	165	0.09963928261954093
181	27	0.09247305207931382
181	133	0.08568834915709532
181	137	0.08231333630045612
181	65	0.07782033328046514
181	87	0.07417252759680733
181	134	0.07385229146305787
181	9	0.07064711318208512
181	62	0.06401334837668235
181	68	0.06382412464218519
181	35	0.06224243441112458
181	141	0.06061360428963732
181	182	0.0598673223810596
181	194	0.0565326592252937
181	69	0.053794020067795136
181	130	0.053568671329996584
181	34	0.04755809606550557
181	156	0.046005501743934585
55	32	0.43356609882488456
55	158	0.4328593746440428
55	61	0.3722306136185966
55	198	0.3271738231110253
55	166	0.3108987331354244
55	36	0.3096696691278216
55	37	0.30466144476035634
55	67	0.29990025689588873
55	114	0.29846168189439115
55	183	0.2963286418105125
55	62	0.2939733978996638
55	30	0.27556848556486385
55	24	0.2696255752124823
55	41	0.26932881296216904
55	141	0.26500144024469346
55	35	0.2649828446614055
55	34	0.2644341863335912
55	93	0.2606540460164013
55	197	0.25393071628911945
55	81	0.2534816123719606
55	101	0.247267256596452
55	79	0.24296243777821705
55	65	0.23573187107016186
55	165	0.2297068831782809
55	13	0.22914793898985986
55	96	0.22425314009960956
55	134	0.2237592330736614
55	66	0.22259049587779145
55	137	0.21844251943877996
55	54	0.2151451416869764
55	175	0.2102567913250196
55	196	0.20433280399291864
55	167	0.2042082284308092
55	95	0.20332642793486488
55	7	0.20072703783066986
55	6	0.19714465898698025
55	139	0.19615449027153306
55	4	0.19536591440739196
55	169	0.19477912693354005
55	70	0.18184487889629591
55	98	0.18140005279616206
55	199	0.17951355453542509
55	193	0.1777225782603578
55	100	0.17706397678307048
55	11	0.17449585966133793
55	78	0.17338065248986398
55	113	0.1649393754798502
55	88	0.1618540124508303
55	97	0.15651288658414794
55	5	0.15025371398815074
55	170	0.1492956978832713
55	140	0.14688965051924785
55	160	0.14318917291247002
55	162	0.14201357524441474
55	63	0.13804299306843054
55	103	0.1351774893038091
55	177	0.13183809541688934
55	57	0.13037370695019845
55	109	0.12697099625974112
55	8	0.12142785713043655
55	9	0.12013696811559454
55	131	0.11723838537963517
55	159	0.1147325564600629
55	106	0.11323230459176185
55	28	0.10959798991888388
55	74	0.10734481751297867
55	107	0.10541688607160757
55	39	0.10531799630145892
55	33	0.10361676784093693
55	94	0.09912342836819543
55	31	0.0964710431924466
55	142	0.09597666345893444
55	92	0.09422960956511507
55	0	0.09186327650588604
55	171	0.09009900277580804
55	1	0.08492097422848216
55	69	0.08324689483562049
55	38	0.08264506415594026
55	194	0.0814014875495241
55	71	0.07948596461463715
55	86	0.07614531959295191
55	182	0.07335301098354742
55	111	0.07323266097631316
55	104	0.07284076271980737
55	172	0.07043019788597656
55	135	0.06274645818900046
55	174	0.058400469964320724
55	195	0.058105474415492124
55	164	0.05597343447146151
55	133	0.053209697479710764
55	75	0.051187223828152655
55	23	0.05110444094758272
55	3	0.050375322965840096
55	112	0.04973592905550826
55	185	0.04820361274601898
55	22	0.048147742716205484
55	2	0.04802901790293273
55	26	0.045336899294335486
55	45	0.045265047051195
87	191	0.7578224621618354
87	89	0.6188628644384186
87	192	0.5481969779955836
87	88	0.5307796599749274
87	179	0.5746915431620495
87	50	0.44147387542870375
87	193	0.3967956320480913
87	96	0.39334400697643584
87	91	0.3892705322720862
87	90	0.3459801235832888
87	182	0.3238748429214893
87	197	0.30818618535685466
87	95	0.29098312860575903
87	198	0.28403892580290696
87	168	0.2647503832436677
87	177	0.2578276822664471
87	176	0.2573235086823243
87	78	0.25680051399019793
87	71	0.2543890636258365
87	82	0.2529481595229073
87	106	0.2466569002961975
87	70	0.2394306017437268
87	11	0.2380349521834561
87	194	0.2313544114762563
87	199	0.23025620608413294
87	173	0.2297731885443641
87	153	0.228588843645548
87	112	0.21992757344225491
87	160	0.2155265938668023
87	47	0.2149925424244388
87	80	0.2118428511472464
87	195	0.21157540096036392
87	180	0.2061144662771876
87	84	0.20378653900879012
87	98	0.1984514500262205
87	12	0.19623141093757795
87	189	0.1932778566791704
87	183	0.19162156058427884
87	66	0.19157339606397494
87	72	0.1865689401373513
87	187	0.1832562245527852
87	79	0.1827923035455784
87	60	0.17837133875176042
87	93	0.17520354176200612
87	97	0.17464128853298094
87	74	0.1734097505129845
87	170	0.16884739909820548
87	7	0.16562997894105186
87	13	0.1631099557531146
87	164	0.16091901631099192
87	46	0.1595354718944277
87	184	0.1590773998175395
87	117	0.1587849775567201
87	75	0.1576442649802871
87	17	0.1557128710416166
87	178	0.15087920499976493
87	102	0.1486503452626206
87	159	0.13736607724872724
87	6	0.1373366432106143
87	152	0.1359824160788903
87	43	0.13533456223265458
87	16	0.13012794827106688
87	64	0.12997065432274232
87	111	0.12890874943848435
87	9	0.12503227344821588
87	119	0.12332895191919185
87	77	0.11995956220156842
87	115	0.11434767304590948
87	76	0.11220551846297364
87	151	0.1121660218888603
87	147	0.11214627346889022
87	163	0.1113167600222331
87	120	0.10780937827309417
87	35	0.10730527825962027
87	185	0.10578276007791952
87	116	0.1056641013713232
87	186	0.105021314500683
87	56	0.10281539726950764
87	109	0.10255813885980994
87	81	0.09790041370742322
87	73	0.09529594699651907
87	108	0.09435746259098099
87	38	0.09061674087127357
87	103	0.0891923480617166
87	31	0.08762172081470929
87	3	0.07535189844149208
87	188	0.07358773707901732
87	92	0.07306953855436174
87	14	0.07156544633281167
87	19	0.0714371058367825
87	15	0.0712301642429375
87	154	0.07096650381237576
87	171	0.0704311929254937
87	113	0.06926590615867151
87	45	0.06787049803133435
87	18	0.06750617494164526
87	107	0.06690589850085772
87	101	0.05569131665628959
87	131	0.0555766725976733
87	8	0.054464051114282916
87	162	0.05340713480518837
87	121	0.051621074383109936
87	23	0.05095882116503917
87	139	0.049919472219832416
87	196	0.049002720526477035
87	118	0.04869146497302269
87	114	0.04692251764601995
87	1	0.04678781402611222
87	133	0.04657727385073916
87	161	0.04610030026124222
191	179	0.4919123271365687
191	89	0.4484672552215821
191	193	0.4143487579157994
191	192	0.4106892250343677
191	88	0.3928705456597341
191	160	0.34561034481515224
191	96	0.32355256752872635
191	197	0.31715432872475685
191	198	0.3163806225917237
191	91	0.284149240668967
191	95	0.2686980233807788
191	93	0.2604023722541355
191	199	0.2415033871367624
191	177	0.23465493137316445
191	176	0.2340217240834885
191	194	0.2324331081645254
191	90	0.22808647684530275
191	106	0.2274796833534495
191	183	0.22308467443853036
191	50	0.21319871646990396
191	180	0.202568966315664
191	70	0.20161940004100815
191	195	0.1924498456958798
191	78	0.19026296795106276
191	182	0.18546838762428988
191	98	0.18512074789609406
191	71	0.1804908296472241
191	196	0.1763373941695051
191	79	0.17372980877524358
191	189	0.16932339005124214
191	173	0.16258427612581658
191	112	0.15661043542869094
191	170	0.15490289113796174
191	7	0.15192467776695429
191	46	0.1467918067392931
191	72	0.14637104577543938
191	11	0.14619489754334905
191	168	0.14292469854162745
191	185	0.1419449863125764
191	166	0.13671847245972402
191	139	0.13204443963149548
191	102	0.13172017930596347
191	35	0.13063910832944628
191	75	0.1294594038490048
191	163	0.11940758374489155
191	97	0.11862877439540725
191	178	0.11570941326050185
191	81	0.11062538025639293
191	66	0.10796751588602292
191	172	0.10585197626581183
191	74	0.09614905777375243
191	32	0.09583299713098184
191	12	0.09467163082742557
191	80	0.09273082254693786
191	60	0.0909410461242583
191	114	0.0903400248613494
191	159	0.08911893626766211
191	13	0.08867348451408677
191	171	0.08715531009722961
191	19	0.08033153058047048
191	77	0.07924052035140018
191	1	0.0786522100258205
191	92	0.07159429774614527
191	117	0.07048790994621998
191	145	0.0700092836258181
191	6	0.06875634458809984
191	165	0.06829950009518203
191	151	0.06774905900774675
191	101	0.06607359441099196
191	17	0.06581671639342387
191	184	0.06528301948322608
191	76	0.058131386593939564
191	9	0.05795996611405992
191	147	0.05676092439557043
191	187	0.05060573407801602
191	115	0.04859369685096791
191	153	0.046271933357746
191	16	0.04625995904419948
191	47	0.0461761384773237
191	56	0.045790954673947115
191	116	0.04479899408101983
89	179	0.7453721475647985
89	50	0.5097485610960916
89	192	0.5416233367403123
89	88	0.4319243819517636
89	91	0.4075002139046485
89	82	0.39239687596712297
89	168	0.3603081683089878
89	178	0.3512158399395096
89	84	0.33896260229239394
89	90	0.2944940509956825
89	47	0.2930869731578541
89	177	0.2849487983205737
89	72	0.26554992122521826
89	96	0.2589568945456815
89	153	0.2562680256114633
89	187	0.2453040297728255
89	12	0.2446648416160284
89	176	0.2415316372154993
89	80	0.2397039579218269
89	71	0.2393363321882445
89	11	0.2368459886183609
89	184	0.2330762693090267
89	188	0.2253735015354233
89	70	0.22328421406549467
89	159	0.21343734032318173
89	68	0.21145121688494292
89	173	0.21140345196084132
89	64	0.20719620788330556
89	112	0.20343187799596066
89	194	0.2032497340184202
89	97	0.19857632701671216
89	193	0.19576023398567885
89	14	0.18941468213767892
89	43	0.1890482893935394
89	56	0.18504348832737505
89	186	0.18285996376788768
89	195	0.17798403767284696
89	152	0.16866280997301653
89	102	0.16570778324675392
89	73	0.1613573318230054
89	76	0.16030526797679115
89	94	0.14719294796211987
89	105	0.14571533597265038
89	81	0.14560766987284354
89	147	0.14462872925142006
89	198	0.14442311567809854
89	109	0.1413472251399808
89	78	0.14009257199647107
89	23	0.1398768830566591
89	45	0.13695397866189987
89	161	0.1367086593657151
89	1	0.13437238406389784
89	19	0.1324669182518609
89	103	0.12580984635647624
89	124	0.123624377970839
89	108	0.12293501651889832
89	182	0.122905469800486
89	46	0.1227872807484644
89	15	0.11438714984971195
89	116	0.10864942165817484
89	150	0.10843201349830464
89	75	0.1074930866880005
89	119	0.10482351624401362
89	189	0.10326061968771916
89	106	0.10262740209042202
89	122	0.10190503674064004
89	4	0.10163783324705852
89	113	0.101489380522282
89	121	0.1013112312867446
89	148	0.09798459832493986
89	115	0.09659685970419243
89	180	0.09467856808380434
89	66	0.0924710691814778
89	67	0.09022199479011957
89	95	0.08983912351859953
89	160	0.08853259928519189
89	60	0.08789162607743105
89	17	0.08706897029895773
89	16	0.08579853309189546
89	151	0.08558610453185374
89	98	0.08552058761062963
89	6	0.08181769695070898
89	163	0.08104882967517006
89	59	0.07949788878704007
89	86	0.07933790424696044
89	133	0.0792176647281306
89	164	0.07874264643680283
89	154	0.07576651770151452
89	197	0.07174352728090802
89	58	0.07140924867235134
89	111	0.0693893101751716
89	117	0.06844481758111308
89	199	0.06827163065690015
89	13	0.06762363626956369
89	107	0.06700545019454092
89	9	0.06536865248119582
89	74	0.061881828733467474
89	20	0.0565575792915296
89	131	0.05464052437029675
89	104	0.05300527566348436
89	49	0.05162705839284455
89	5	0.04950350272964337
89	93	0.0460733576091305
89	8	0.045325921898640265
89	3	0.04475408430325824
192	179	0.5102886741904387
192	50	0.3558795961372382
192	177	0.33484927822759697
192	88	0.2933246210499117
192	193	0.28579387639023585
192	176	0.2845077120171622
192	97	0.27834759865492664
192	71	0.272525573766
192	72	0.2647689812898799
192	178	0.2534722548775195
192	187	0.2503910730492464
192	198	0.2366949582598721
192	12	0.235136791567466
192	152	0.2317424294548284
192	82	0.23153423384547495
192	168	0.2272995074994161
192	151	0.22277107439807411
192	164	0.21582217407773532
192	91	0.21129836557369155
192	11	0.21088752648056894
192	153	0.20779908303888053
192	112	0.20735890400537949
192	184	0.20321138612484788
192	46	0.2001511433474507
192	147	0.19808638804554865
192	182	0.1973080462867312
192	106	0.1867330175769705
192	70	0.18362343748271087
192	180	0.1803070129642846
192	56	0.17971677959687551
192	84	0.1760563973220183
192	189	0.17518415561969916
192	90	0.174457077342866
192	197	0.1702460044745997
192	43	0.16807010182367615
192	195	0.16715651046378932
192	122	0.1662231846265074
192	148	0.1655035425470388
192	159	0.1649782870232043
192	161	0.16453077329713384
192	95	0.16346035741377782
192	47	0.1573614590563643
192	35	0.15440508925643462
192	172	0.15300887445709316
192	199	0.15244240304410892
192	64	0.15170974843044358
192	66	0.14975518968082652
192	96	0.14897303743606846
192	156	0.14498118059638473
192	31	0.14410977577929554
192	149	0.14207236467207718
192	68	0.14038667184866807
192	170	0.13461786182802588
192	102	0.13264375548623844
192	185	0.1321721707927464
192	173	0.1317791378275929
192	186	0.13060962021118486
192	116	0.12491414764476677
192	98	0.12415608961070795
192	113	0.1230925953351151
192	188	0.12077753662478788
192	60	0.12065928537710655
192	146	0.11840200495289464
192	119	0.11787940229534212
192	154	0.1158968652901727
192	13	0.11325204811595102
192	14	0.11294601344963275
192	163	0.11225488868203326
192	194	0.10930158369793656
192	25	0.1034782689335694
192	38	0.0986362387712828
192	135	0.0978568352373361
192	109	0.09643934090777977
192	2	0.09561402215275347
192	49	0.09420879598753748
192	131	0.09360219277099892
192	75	0.09281211681015306
192	107	0.09256327315470228
192	171	0.09076848242304973
192	103	0.08939472150058582
192	76	0.08643775694963472
192	115	0.08576180534668469
192	67	0.08353686420549074
192	101	0.08318532418073528
192	80	0.07863034608373493
192	6	0.07651614634854051
192	9	0.07612941234332819
192	16	0.07448877062966174
192	15	0.07234936613138779
192	162	0.07168383585205361
192	160	0.07109883274206273
192	117	0.06973463108454432
192	17	0.06737079346294139
192	4	0.06688698352840089
192	140	0.066772497143161
192	121	0.06261796503787596
192	73	0.06132096518262716
192	45	0.059795580126875185
192	7	0.0588887847502138
192	92	0.05766296208156345
192	183	0.05553480222815781
192	169	0.05375413573385867
192	167	0.05235408785902878
192	108	0.050993730214711666
192	79	0.05079724051438688
192	114	0.048733365311242165
192	19	0.04625995904419948
88	90	0.5869367055158282
88	193	0.5484557331268539
88	96	0.5028101041872444
88	78	0.4912146311031368
88	73	0.3875212870188403
88	75	0.3717481042430091
88	7	0.36128237415230996
88	91	0.3541404008052341
88	98	0.3441125253005428
88	68	0.3405990173164091
88	79	0.3298857076537649
88	93	0.3233108117062751
88	32	0.3126682028991407
88	198	0.3111697104466647
88	179	0.2900034221099346
88	81	0.28809720714497244
88	50	0.2761320685844277
88	95	0.2675285983506625
88	82	0.2658845031915685
88	63	0.2563240843513752
88	106	0.2554175902252254
88	162	0.2500817370778593
88	84	0.2479994251807168
88	104	0.23717632761324536
88	1	0.2314490567999086
88	110	0.22499378461049935
88	67	0.21279777114238316
88	64	0.21256862733800969
88	76	0.21066774474035185
88	97	0.20509927702110786
88	131	0.20396864145453225
88	94	0.20199351695547715
88	66	0.19765400673045852
88	178	0.19625064072677284
88	9	0.19569291560815524
88	199	0.19283500124884412
88	150	0.1892604179312999
88	86	0.188749351053117
88	197	0.1873216802269668
88	31	0.18297594869028916
88	109	0.1776644727597174
88	70	0.17166333497207442
88	13	0.16992555110445628
88	3	0.1649393754798502
88	11	0.1585607682863214
88	184	0.1513677858334553
88	92	0.15105510260458266
88	61	0.14735926061904112
88	41	0.14569576057478706
88	71	0.14540211592515698
88	188	0.1450301292643758
88	101	0.1402004114820498
88	114	0.13468659264243532
88	186	0.13424472910657573
88	185	0.13268305150308785
88	12	0.1324669182518609
88	133	0.13063910832944628
88	102	0.1270595443005789
88	107	0.1270497057293563
88	103	0.124874771589814
88	116	0.12423485564943025
88	111	0.12320092717127212
88	72	0.11702140365122796
88	74	0.11408119518057085
88	36	0.11391340439633175
88	100	0.11378508941115215
88	187	0.11308422531098915
88	5	0.1055652168170299
88	65	0.10340901797471458
88	128	0.10122215423168217
88	56	0.10024219981592948
88	177	0.10014320367376273
88	135	0.0984589771537252
88	80	0.09745866913154944
88	6	0.09371519276848994
88	113	0.09257318746592956
88	194	0.08796108490432274
88	159	0.08679307114743205
88	108	0.08642981671603082
88	37	0.08327867298949983
88	195	0.07902786046732664
88	124	0.07721300469725613
88	2	0.07548811916092668
88	10	0.06867075064159317
88	16	0.06271657624630031
88	182	0.06045120155000476
88	77	0.0541400094480705
88	69	0.050301510478632704
88	112	0.05027856864765954
88	118	0.05027158634074349
88	134	0.046101298135958535
88	163	0.045254069583898916
179	168	0.4518002940835548
179	178	0.3790073664361228
179	50	0.4823482323946328
179	177	0.4086504084966581
179	176	0.3644604362995777
179	173	0.36146495005740703
179	194	0.3217518182438634
179	12	0.31926637156420856
179	91	0.3164616115825521
179	153	0.2996454187492054
179	72	0.2875102189954316
179	47	0.2811036393181362
179	180	0.2772863584135615
179	112	0.27017259633841
179	193	0.2660703543922921
179	71	0.2588356080908497
179	195	0.2581263855753794
179	70	0.2559036017951433
179	11	0.2375066117686717
179	189	0.2270813790649559
179	84	0.2263509572767105
179	160	0.22326521109744096
179	105	0.2232367063271604
179	187	0.2227615706464188
179	82	0.22107874109405395
179	43	0.2208599714101322
179	102	0.2171946725150193
179	183	0.2123299110124146
179	80	0.21222486779844066
179	182	0.2077416731507008
179	186	0.20617191657624587
179	19	0.1881224313328494
179	60	0.1871093911524099
179	159	0.1854394194188022
179	45	0.18371040146428844
179	8	0.18122597019014294
179	188	0.18018123639726166
179	113	0.17612422677612816
179	103	0.1722844069411275
179	174	0.1702460044745997
179	108	0.1683713293762204
179	147	0.16332409499676
179	14	0.16317809263500044
179	111	0.1608703106656398
179	6	0.15917486770480752
179	165	0.15314559388730709
179	170	0.1513384730665515
179	15	0.15062511381682114
179	184	0.14917837048650612
179	161	0.1457936364229862
179	151	0.14485391073893078
179	152	0.13921012430865806
179	107	0.1372189046332291
179	77	0.1359431555140607
179	16	0.13406796873375074
179	171	0.13311528013290402
179	76	0.13243744455927406
179	164	0.1319068780921664
179	4	0.1314155454402767
179	23	0.12860388867985345
179	17	0.12792524044908854
179	198	0.12484523929044508
179	97	0.12421516428649301
179	121	0.12301380670238148
179	90	0.12065928537710655
179	1	0.12038335248771667
179	199	0.12019610171580924
179	119	0.12009754524181412
179	96	0.11974272234766772
179	154	0.1167452289318019
179	35	0.11570941326050185
179	166	0.11137601614112634
179	146	0.10886681942493448
179	106	0.10874824011450596
179	197	0.10318147205450758
179	122	0.10163783324705852
179	140	0.09359723657553186
179	74	0.0935655168147047
179	109	0.09295289175324696
179	116	0.09172346457534894
179	175	0.09033903302257988
179	185	0.08728829067293613
179	150	0.08623031474564756
179	46	0.08281787321320684
179	3	0.08020435527730821
179	68	0.07700325923315537
179	25	0.07666228405981354
179	78	0.07620397724088797
179	133	0.07489946640944235
179	139	0.07226481053821647
179	172	0.07039437637002692
179	115	0.07019635971700501
179	94	0.06877425947209763
179	13	0.06854733433464172
179	9	0.06754997429984018
179	169	0.06191868696271211
179	66	0.059506612022368226
179	145	0.05823403791536335
179	114	0.058221081991197125
179	61	0.046411632698996765
179	81	0.04578796096397045
50	173	0.5086078256430979
50	91	0.42815879561417775
50	195	0.40749187443490864
50	176	0.3512596715414442
50	38	0.3394935568569832
50	168	0.3130019925488185
50	60	0.31075419123015696
50	12	0.31039277359156103
50	194	0.3061484779415164
50	142	0.29069019611742863
50	70	0.283597591159275
50	90	0.28329410387368953
50	71	0.2764461144555981
50	174	0.27642764280255616
50	164	0.2761135934607848
50	153	0.2759103536358911
50	180	0.27560544763781136
50	177	0.2566230351685268
50	182	0.2526579714365507
50	97	0.2441006753955787
50	84	0.2432541162688163
50	45	0.2420683108787741
50	112	0.24115493585418174
50	170	0.2353918472546625
50	66	0.2349667364477186
50	35	0.2311651076922692
50	187	0.2253924855855469
50	80	0.218956691485081
50	156	0.20882265197176325
50	43	0.20485020083002325
50	178	0.20219494011843256
50	74	0.19724077049021624
50	92	0.19442313869039266
50	189	0.19430767203984325
50	82	0.18914471364476176
50	11	0.18627936632922226
50	199	0.18400026062706787
50	145	0.17806150230427095
50	152	0.17794530452981897
50	103	0.1770155439369189
50	47	0.17602732704413787
50	113	0.16294447399191908
50	147	0.1571956642696063
50	184	0.1569225711901319
50	64	0.1447364266159853
50	73	0.14452102846005102
50	98	0.14432520006793134
50	193	0.1420037769090557
50	131	0.1406611426955844
50	19	0.13957293520480754
50	31	0.13861189505213434
50	105	0.13127796071624925
50	122	0.1305997907870759
50	25	0.12833834498506874
50	139	0.12662662354179344
50	72	0.12583937140150794
50	6	0.12433331099600768
50	96	0.12169386732707793
50	119	0.11666631855085567
50	183	0.11463387168410738
50	17	0.10555532824674137
50	121	0.10515976833738397
50	149	0.1035771971343336
50	94	0.0992679917587524
50	27	0.09775482053336562
50	146	0.09331373448085868
50	130	0.09037771460178186
50	154	0.08642187647144654
50	108	0.08311779434512477
50	159	0.07706389724863348
50	79	0.07522760701001485
50	186	0.0739606960864382
50	151	0.07220313403853522
50	41	0.0721742851636213
50	102	0.07206187287870013
50	165	0.07197134484043116
50	148	0.06864487320286823
50	49	0.06714083835662052
50	140	0.06606861623794676
50	23	0.06481102504073524
50	68	0.0625313056938255
50	15	0.059751737334054575
50	197	0.058317752644596085
50	14	0.058020760978222764
50	26	0.05538626053314577
50	81	0.054255668708871434
50	111	0.05404429034036996
50	124	0.050625682839016486
50	78	0.048525857198526486
50	56	0.047193915306934855
50	185	0.0446762402600655
168	189	0.4497844266073
168	153	0.4343209732367505
168	169	0.4104813701076432
168	82	0.4031377885246103
168	112	0.3650152946983415
168	176	0.35946380078513485
168	180	0.3486270553141085
168	12	0.3432218135976799
168	164	0.33418320410600394
168	177	0.3202987713885509
168	170	0.3170463950416662
168	84	0.3108987331354244
168	182	0.31085356533444464
168	47	0.30647470029273555
168	45	0.3021918709472852
168	60	0.3007918532074909
168	80	0.29824304528760737
168	165	0.2969032137510664
168	111	0.2911112694194092
168	159	0.2910197413323468
168	35	0.2908275150102925
168	173	0.29024153763438953
168	64	0.2877762247924052
168	91	0.2858306088447085
168	171	0.2791038944084128
168	183	0.2723681924081611
168	194	0.2400715149271899
168	70	0.23635509813618566
168	8	0.23367195729574655
168	113	0.228588843645548
168	14	0.2254209613398149
168	166	0.22325570954977247
168	105	0.21660384061486584
168	4	0.21578403691695489
168	11	0.21210071949527012
168	158	0.20967368344004667
168	108	0.20673676875435806
168	109	0.2062485147639561
168	146	0.2020894348795884
168	119	0.19969032814163795
168	66	0.1993158507252017
168	151	0.19878764261891887
168	140	0.19788461968092272
168	152	0.1932393506346916
168	6	0.19317196362453845
168	160	0.1930756933059398
168	65	0.1930756933059398
168	154	0.19194905483532976
168	195	0.18611526013436586
168	175	0.18591252638057004
168	25	0.17871018186688847
168	71	0.17852624371602355
168	9	0.17476732072555992
168	74	0.17400134458645736
168	43	0.17307995520132166
168	174	0.16868224096459886
168	161	0.1677882798876294
168	186	0.1545027036557344
168	17	0.1509573828932046
168	15	0.1460481002675083
168	107	0.14087678319645866
168	3	0.1339697648395025
168	61	0.13332155323133152
168	103	0.1323686716991897
168	63	0.13200513685328946
168	67	0.1315531251017813
168	92	0.131022432815032
168	72	0.12941024151768174
168	187	0.12507164792849554
168	76	0.12423485564943025
168	62	0.1238705496107993
168	178	0.12365391937166414
168	102	0.12183179166071212
168	121	0.12176283008168705
168	131	0.11971315239103962
168	145	0.1194568705420368
168	184	0.11923014640387235
168	24	0.11721866023016705
168	156	0.115551552526224
168	23	0.11100071402977152
168	97	0.10834307080570324
168	147	0.10632657388793444
168	58	0.10341891103023394
168	46	0.10049958049238222
168	56	0.09912342836819543
168	137	0.09870357674020873
168	77	0.0929419867847382
168	122	0.09213297438999768
168	139	0.09097575655417756
168	188	0.0899125257714399
168	19	0.08977464776160883
168	115	0.08903957107678022
168	94	0.08638416015975099
168	116	0.08285859186411745
168	81	0.08120578977565654
168	185	0.07334505402419203
168	86	0.07064114312564221
168	167	0.06295562863495448
168	5	0.06252632524308932
168	149	0.061512240958199425
168	133	0.055436107013170935
168	59	0.0501109919267393
168	197	0.04906457145995384
168	57	0.04458841556005565
168	148	0.04453951287146391
168	49	0.044402783814254825
178	72	0.43840936605024144
178	45	0.3042985279913825
178	177	0.2781446312540426
178	33	0.2294321668088843
178	68	0.2263889075428527
178	43	0.22405369149875404
178	42	0.21692786488343227
178	172	0.204313638952496
178	159	0.2012740091241159
178	44	0.1987204078403277
178	19	0.19835538641794626
178	149	0.19122658429237868
178	187	0.18414517821186333
178	70	0.17817769511314496
178	161	0.16871138720614398
178	186	0.16715651046378932
178	148	0.1670690238647788
178	82	0.16549381644516806
178	147	0.16545491171578033
178	97	0.16507556363450826
178	193	0.1646377936185174
178	12	0.16270110180835234
178	84	0.16166898414007347
178	164	0.16165924549293376
178	122	0.1592236004849898
178	113	0.1540634151317639
178	121	0.15330183748582246
178	176	0.15130916003347747
178	27	0.14766251518321868
178	188	0.1451573924782575
178	76	0.14266020375804098
178	49	0.14068074692928945
178	36	0.1382686030517354
178	91	0.13794489730140774
178	34	0.1353051115764047
178	69	0.13468659264243532
178	146	0.1320640908649154
178	15	0.13180861673880792
178	14	0.1311993386029465
178	46	0.130167270735051
178	151	0.12895791824824482
178	11	0.12321077537445416
178	130	0.12273803428197914
178	26	0.12097461441897545
178	54	0.12088593059081068
178	29	0.11773148401399655
178	2	0.11690304527080995
178	60	0.11174141135855516
178	136	0.1092324194474001
178	138	0.10895575187473952
178	110	0.10890634517341682
178	61	0.10837271856270073
178	112	0.10208316423676786
178	22	0.09462207872879214
178	162	0.09457549932855257
178	173	0.09361805256531752
178	71	0.09327110873033036
178	17	0.0925464187834944
178	20	0.09075757304024908
178	80	0.09040647765057956
178	133	0.08997402420427138
178	195	0.08933619268551356
178	156	0.08864173603958905
178	124	0.08802558162056408
178	98	0.08798589142095592
178	57	0.08765645199337438
178	184	0.08527836712111685
178	152	0.08490906075520466
178	180	0.083203199597601
178	123	0.0828615712667381
178	114	0.0824076918912269
178	47	0.08049447011499569
178	63	0.08026993036934411
178	53	0.07985858423344541
178	16	0.0784176656127334
178	67	0.07730246750899375
178	134	0.07675274861183133
178	165	0.07598425690133606
178	150	0.07386820417767821
178	198	0.07385825873544792
178	137	0.07276814965552551
178	31	0.0725284216000947
178	13	0.07143810073345135
178	182	0.07082322756843239
178	118	0.06993564594064344
178	101	0.06969084491864845
178	103	0.06830248610010506
178	39	0.0671199329928836
178	64	0.06577390254140872
178	90	0.065275053574047
178	30	0.0652431898541447
178	128	0.06476223070879554
178	135	0.06419460048002004
178	59	0.06322754194360486
178	3	0.06185293973309325
178	7	0.06123030686071529
178	100	0.061117729736274586
178	154	0.06090253374013435
178	10	0.06008055264937631
178	194	0.05795896947335982
178	129	0.05782043529283736
178	189	0.05510113336879818
178	94	0.05190830266121106
178	18	0.05183051251521541
178	105	0.0515911542788433
178	171	0.04939177657749656
178	126	0.04897379012210471
178	169	0.0489428644265593
178	199	0.046729940836900435
19	121	0.739121364353102
19	120	0.4432273049093712
19	119	0.4110217041425768
19	17	0.3788532123062748
19	15	0.3639313458972389
19	20	0.32773627019766305
19	117	0.3109438995321647
19	124	0.28809720714497244
19	115	0.2649921424776879
19	22	0.2607006483824225
19	118	0.2521898303610404
19	136	0.2501004861665763
19	14	0.2479712700826984
19	42	0.2347966669427362
19	152	0.2289773835368941
19	154	0.22154474142881814
19	129	0.2037290300428949
19	18	0.1991333919112664
19	173	0.1872734342457253
19	146	0.1860090682386677
19	26	0.18190289420964026
19	44	0.18120662697708115
19	33	0.17846815539105754
19	25	0.17749983378174866
19	43	0.17204181697678314
19	149	0.17027513481475007
19	123	0.16729259549639172
19	128	0.1662231846265074
19	48	0.16033449690284765
19	16	0.15577141570468442
19	138	0.15212005560626327
19	23	0.14975518968082652
19	46	0.14340465543031294
19	72	0.1401906080298594
19	195	0.1395631299971649
19	151	0.1338224540650125
19	126	0.13303669687044542
19	144	0.1315629520266061
19	180	0.1257803210885712
19	27	0.11843158427677496
19	130	0.11613363499980645
19	116	0.11463387168410738
19	57	0.11267944966366228
19	176	0.10535755245958503
19	189	0.09534549269452687
19	145	0.09118004774547958
19	139	0.08319326881706282
19	77	0.0745096540768755
19	39	0.0692639157539273
19	131	0.06494844414607981
19	170	0.06464771218325628
19	127	0.06365481530500346
19	91	0.061895775110333985
19	194	0.05879212058358078
19	171	0.0584502992880318
19	186	0.0565805056902275
19	29	0.05375014729102954
19	74	0.05018181338572867
19	2	0.04965413156242951
19	47	0.047161986531227294
121	119	0.5459547159705019
121	120	0.4753658076661485
121	15	0.4211095645706619
121	17	0.4192650542704194
121	117	0.37376296768674494
121	118	0.3313286394475304
121	124	0.32616440861654433
121	14	0.30368136674566537
121	115	0.2930778321308016
121	20	0.2864457525268859
121	128	0.2747458688417249
121	152	0.26568933815675
121	154	0.2582383865978799
121	18	0.24120202750116904
121	42	0.22202014769109485
121	25	0.22076484722223386
121	136	0.2194421867920405
121	129	0.2120434179690298
121	149	0.18934719269747144
121	116	0.1788360270897192
121	146	0.17315755759297125
121	126	0.1648129094185482
121	29	0.1633143617284636
121	48	0.16226298200260494
121	46	0.15850227622095314
121	189	0.15553723049028198
121	23	0.14707554578066218
121	72	0.1442174896323507
121	16	0.14260142437100695
121	26	0.1417098139165149
121	133	0.1337438858999823
121	22	0.11923014640387235
121	151	0.10831342285597736
121	44	0.10493230631251016
121	91	0.10128153911547652
121	43	0.09894915460957614
121	195	0.09781523725672192
121	173	0.09770925990475143
121	131	0.09585083178887513
121	148	0.08991649343296376
121	144	0.08912191244031199
121	27	0.08213753300183674
121	104	0.0812494994667183
121	143	0.0782775311197798
121	57	0.07493924189305191
121	187	0.07486267387490926
121	49	0.07376874909451174
121	188	0.07310335693897771
121	127	0.07183704281940549
121	2	0.07097744840514034
121	180	0.06878819324009801
121	76	0.0681193422027299
121	138	0.05642799417825775
121	40	0.05517092057006653
121	161	0.05305712942343353
121	130	0.052933477677865916
121	186	0.04730067644998676
121	47	0.0465403540565002
121	77	0.046068368221752566
121	45	0.04443771475370212
119	17	0.6183566604906836
119	14	0.580376331523446
119	120	0.5603271972811751
119	15	0.5580797580537921
119	154	0.4971926604990012
119	115	0.4380296231342164
119	117	0.4185889641962821
119	152	0.413005987289364
119	46	0.4030037830943753
119	18	0.37791070263844573
119	118	0.35851427262552993
119	48	0.3525739030656934
119	16	0.3503476573934395
119	153	0.3356569990061364
119	149	0.3244207491050931
119	146	0.30091918124131223
119	151	0.2958086061074482
119	25	0.2949232299898165
119	47	0.29455797880550794
119	116	0.29214516615165265
119	189	0.2710993524135841
119	49	0.2666742341370561
119	128	0.24026940173803515
119	124	0.22493682117376945
119	29	0.21956592312792236
119	20	0.20443820891492168
119	136	0.1992006151865645
119	173	0.14213115309746582
119	129	0.13524620954668376
119	144	0.1293807438134897
119	148	0.1285842194084689
119	188	0.1253078865326316
119	195	0.12424470129420465
119	43	0.12364407226240595
119	44	0.12319107894382388
119	23	0.11948644233773376
119	187	0.11847102304831587
119	164	0.118135781587981
119	131	0.1177216226094102
119	76	0.11704112972487965
119	122	0.1158080732517523
119	133	0.11391340439633175
119	112	0.10563443622436544
119	72	0.10536744144702727
119	126	0.09986600393344704
119	171	0.09724075406504996
119	59	0.0965819996469616
119	53	0.09544359178269438
119	26	0.09350901552026962
119	28	0.08475616902768593
119	91	0.08249708003552975
119	42	0.07949093302256965
119	161	0.07608268457347571
119	182	0.07593454539287772
119	170	0.07132269177225516
119	180	0.06996748935754257
119	12	0.06858416038795416
119	56	0.0655468855159193
119	27	0.06431808849901177
119	143	0.05885888873407564
119	109	0.0572403615819789
119	176	0.05170584750843677
119	159	0.05097078999610213
119	194	0.04959926701695397
119	39	0.0476249443136432
119	22	0.047474285719780525
119	156	0.04664612393782897
119	40	0.04455448310493819
166	183	0.7046716494157663
166	165	0.6599189264874933
166	175	0.6587884218911458
166	139	0.5947603071377392
166	160	0.5301616632908253
166	167	0.5081925692884034
166	170	0.5749325959473556
166	137	0.5513229506644045
166	140	0.5275324978652552
166	35	0.4793653850219533
166	196	0.4601093538998866
166	177	0.4544148320071377
166	145	0.43393143671814544
166	171	0.42851806712800383
166	198	0.42040181503888296
166	158	0.4168058228555685
166	62	0.4093915130729252
166	176	0.4089169351843272
166	66	0.4026100422073247
166	61	0.3975536590435522
166	169	0.3862628218351382
166	174	0.3799917433817611
166	24	0.3626640446259477
166	114	0.3583399666263516
166	70	0.3553991598058847
166	197	0.3374836422043841
166	199	0.3299480884925567
166	32	0.3169744346899669
166	182	0.2931692399899666
166	34	0.2910288943808108
166	194	0.26546626573458
166	172	0.25652961830976434
166	65	0.2553988948926335
166	112	0.2444297924650401
166	141	0.24424173245874284
166	113	0.2390912102292297
166	37	0.2337381340323293
166	185	0.23193167977011755
166	60	0.2288162904768817
166	71	0.2269580789996145
166	41	0.22591447984853386
166	67	0.21844251943877996
166	11	0.21403855943650324
166	79	0.20807654397774064
166	193	0.2044765368022233
166	36	0.1903015196577647
166	180	0.1898966974862143
166	57	0.17818737762298215
166	173	0.17663773832995244
166	97	0.166923207020461
166	54	0.16429726097091285
166	12	0.1584340340719168
166	95	0.15537133871659273
166	45	0.14888503362331798
166	164	0.14627318679169754
166	195	0.14348300933962466
166	98	0.1412492216588609
166	13	0.1316022594673152
166	93	0.12552442610501854
166	81	0.12223568583911025
166	134	0.1136271580647142
166	30	0.11073403275656178
166	63	0.10694940972001488
166	123	0.10616838005250136
166	74	0.10600029321362124
166	189	0.10081633824166622
166	105	0.08113029048274972
166	159	0.0752007597536978
166	92	0.07272438250437875
166	38	0.0725383689891603
166	162	0.06963312638061504
166	6	0.053948570239434585
166	33	0.04857573933951538
166	27	0.04649944278464487
166	156	0.0446103717997246
183	170	0.6000018044385825
183	182	0.5007150505051103
183	165	0.4958364091659542
183	160	0.48494525911006
183	196	0.4467640225417619
183	198	0.4386112932212838
183	177	0.4102235707472463
183	194	0.3954129462207767
183	175	0.3924222564090911
183	66	0.3701871916074955
183	158	0.3642176043198777
183	139	0.3558009921456555
183	197	0.3325565826503371
183	169	0.331132776480598
183	176	0.3281200293351364
183	81	0.3280754117408598
183	145	0.32693270334894725
183	174	0.3072808853825204
183	137	0.30629347453531386
183	61	0.30439833891466983
183	35	0.2957356045985617
183	79	0.2893346751022441
183	167	0.2881522261938105
183	112	0.284094084176131
183	171	0.2813522852412399
183	71	0.2457269047343017
183	60	0.2444768045942705
183	12	0.2384499780078633
183	199	0.2284087638698052
183	11	0.22839928555379035
183	70	0.22771673311592505
183	95	0.22754606000594355
183	140	0.2218775368846907
183	74	0.22078387239587416
183	97	0.2161463133483748
183	93	0.21496392889369545
183	173	0.20603786366809526
183	113	0.2031346884675405
183	32	0.19945028521986471
183	62	0.19388424827381606
183	41	0.1916311933775952
183	195	0.1871093911524099
183	185	0.18612491372749815
183	180	0.16907083324506053
183	103	0.16457941937813636
183	65	0.15955496280089942
183	164	0.14919792534443588
183	96	0.14309122182416698
183	114	0.13791546804346888
183	98	0.13601186122223632
183	6	0.13568795144036516
183	108	0.13026557510328513
183	105	0.12502242976660247
183	9	0.12148697201620473
183	106	0.11942729853438587
183	45	0.11602511718629124
183	67	0.11054635859519796
183	80	0.1069988375468479
183	193	0.10294402131882477
183	109	0.1003807910802396
183	153	0.0934435922163734
183	77	0.09089145941251976
183	24	0.08849985784424465
183	78	0.08673848520396057
183	111	0.08659556681318227
183	57	0.06677349268452812
183	99	0.06017321643178005
183	34	0.060148306914712485
183	92	0.05948468989648375
183	159	0.05563648707215193
183	63	0.0542038216338768
183	189	0.04713105543785745
183	47	0.04636972308699277
183	162	0.045025536195717066
165	137	0.6388864960190163
165	175	0.6212142675959867
165	171	0.4900225408819907
165	140	0.4713153709017897
165	62	0.4594390374301894
165	174	0.4555329599499625
165	145	0.4370431778109579
165	139	0.4185229793244554
165	170	0.397713617665876
165	35	0.3941551696963806
165	169	0.36438238856657695
165	61	0.3563860343800188
165	24	0.3469656747569215
165	160	0.3457864433384214
165	34	0.33432532795930137
165	180	0.3170463950416662
165	60	0.31388571035019425
165	123	0.30950692121263845
165	176	0.3067374381786842
165	182	0.27828302081377343
165	65	0.2710808222102936
165	66	0.267686424007594
165	196	0.2655313314617039
165	195	0.26124114699469925
165	194	0.2531821490283773
165	164	0.2507753283472561
165	177	0.2472484793255181
165	167	0.2433858276233382
165	45	0.2246234947964537
165	172	0.21980385776373115
165	158	0.2110786237082516
165	92	0.20237716538486086
165	114	0.19731765696311696
165	33	0.19523125422282206
165	113	0.19391312037282024
165	57	0.18571943189690107
165	141	0.1798329013175313
165	67	0.16924568263162673
165	41	0.15912613414891572
165	70	0.15397555011191985
165	81	0.15152411609292873
165	105	0.1479950850393965
165	112	0.14493223121872498
165	146	0.14410977577929554
165	189	0.13820974965594682
165	32	0.1372189046332291
165	173	0.13638481222246687
165	54	0.13256516220168302
165	74	0.13213286936429447
165	197	0.1281219624398952
165	80	0.12757111550801206
165	63	0.124963367160101
165	37	0.12273803428197914
165	93	0.12204852039143566
165	36	0.11602511718629124
165	91	0.11143527146805962
165	71	0.10678135115605464
165	153	0.10550588508219916
165	199	0.10273624229908178
165	103	0.1003510932799124
165	38	0.09895311544426763
165	23	0.0983817327059341
165	198	0.0980905699084706
165	40	0.09711693453118816
165	12	0.0964977918428887
165	25	0.08619557488916609
165	69	0.0838238405094553
165	108	0.07729550933492907
165	79	0.07576552344200442
165	138	0.0756829993776452
165	86	0.07011575838873207
165	22	0.06501316968321434
165	156	0.06359207032540043
165	27	0.061962518150622176
165	6	0.055763093058720285
165	151	0.05045611708446472
165	134	0.04860267559491451
165	133	0.04662417178424421
175	140	0.6021924799966255
175	171	0.5304060549562607
175	174	0.4689784882227985
175	137	0.6226307868102574
175	145	0.4596362437177355
175	139	0.4351157726745673
175	62	0.4298478239296958
175	196	0.4106809116566215
175	167	0.4092166943422461
175	172	0.4040753423278961
175	141	0.3953876364624913
175	35	0.3853776334885489
175	169	0.3800345228826807
175	160	0.35066342989976657
175	24	0.34496737866448834
175	170	0.33218297991968393
175	34	0.3267540686695291
175	194	0.3261375998508739
175	180	0.3239464494729016
175	37	0.3206218012577477
175	123	0.3176758923413274
175	114	0.302164610297961
175	65	0.27965706231691784
175	146	0.2650572258118313
175	134	0.2625171911961401
175	195	0.2611106967956608
175	176	0.2605608376403685
175	69	0.2513562472266541
175	158	0.2504191919673323
175	61	0.25016610649992904
175	67	0.2437056606796808
175	177	0.2377613648905113
175	189	0.23137334089139155
175	92	0.22813387513267186
175	105	0.22203916174774266
175	36	0.2100273896538334
175	138	0.20654530885886185
175	193	0.19542362366042668
175	40	0.1886432677459253
175	66	0.18522697606646815
175	113	0.18126465619559515
175	54	0.17723832792701488
175	182	0.1762211230949005
175	57	0.1690999755488388
175	60	0.16152290112767026
175	164	0.15759550718172244
175	4	0.15701035372773792
175	173	0.153916972079017
175	70	0.15198329236612082
175	156	0.13798413593308842
175	185	0.13335101987436984
175	86	0.12822031965566946
175	32	0.1257803210885712
175	28	0.12519961226793722
175	162	0.12002855430135792
175	41	0.11831326572064292
175	112	0.11628160936779967
175	103	0.11534435145523585
175	100	0.11294601344963275
175	30	0.11234375367959262
175	107	0.10778961068771506
175	33	0.10522899372730872
175	198	0.10454658475462586
175	27	0.10392342968604856
175	102	0.09875110887996484
175	199	0.09796875191580212
175	108	0.09125442370163686
175	45	0.0904739214493337
175	42	0.08911794420975849
175	71	0.08511655027441878
175	130	0.08490409680084028
175	12	0.07726668253359699
175	97	0.07175447065380051
175	159	0.06825470987452763
175	9	0.06495939773694939
175	13	0.06402430329417158
175	131	0.06285104410217297
175	197	0.06117352036416194
175	93	0.06021506425172352
175	38	0.05656056969474287
175	111	0.053116960329355416
175	151	0.04676586216370992
175	142	0.04388379711366605
139	145	0.5545651004319474
139	114	0.5327878344791546
139	170	0.4888438357986313
139	142	0.4524367650969543
139	137	0.4249766262641404
139	199	0.419190871958151
139	24	0.3842957197685278
139	38	0.3835710139371119
139	41	0.3823678126800185
139	36	0.38226535259651867
139	196	0.3693498185850244
139	35	0.3652666295984264
139	176	0.36166488234279576
139	141	0.35729360622332035
139	174	0.3536680348465389
139	197	0.35337052665031204
139	160	0.34937352423082024
139	70	0.31551645321742705
139	140	0.3129659109069864
139	66	0.3129568903553693
139	171	0.3067646152929095
139	62	0.30250079042024264
139	195	0.2890139427296676
139	198	0.2867945351010553
139	158	0.2696533940489297
139	60	0.2676957074225273
139	33	0.26358761500188865
139	177	0.2614740700433548
139	32	0.2550716956662112
139	10	0.2325466219798837
139	95	0.2271572524102227
139	194	0.22698653350677786
139	173	0.2241961567012062
139	130	0.21722325712298493
139	57	0.2157458990978174
139	123	0.2121102696078619
139	167	0.20221412238498265
139	34	0.20172492615813814
139	97	0.19507734785538214
139	27	0.19455784297300424
139	30	0.187061141197262
139	13	0.1841258563296385
139	180	0.1832465603635137
139	98	0.1818738867112401
139	79	0.18116794013035567
139	156	0.17717052602567096
139	138	0.17188654844596546
139	172	0.16942052136521624
139	54	0.169274823160628
139	45	0.16710790712256113
139	134	0.1639956136299161
139	93	0.16049037975843
139	61	0.1584827786185788
139	44	0.1540341270624825
139	169	0.15050783424854375
139	185	0.14937391381248774
139	26	0.14420769760507235
139	193	0.14303244982551785
139	113	0.14171961308591466
139	22	0.13579592459413922
139	74	0.13323315188813786
139	164	0.130108286885558
139	92	0.12936107855014362
139	31	0.12761046433161966
139	39	0.12445145418007783
139	42	0.11883581394950153
139	149	0.11464374026354895
139	67	0.11310396950549108
139	71	0.10946954961314476
139	37	0.08854450521628891
139	11	0.07908549796971548
139	182	0.07609362088999877
139	65	0.07574762674506097
139	146	0.07541155749717916
139	40	0.07540260867323284
139	100	0.07508839783179197
139	189	0.06984807580945586
139	144	0.061735390318453286
139	69	0.058207129435546824
139	12	0.0524129259611356
139	0	0.05202698128540822
139	159	0.05125903491387464
139	101	0.04702928152525723
160	170	0.5072276699646207
160	177	0.36774245607218586
160	196	0.3442623862492525
160	194	0.34192432768741604
160	169	0.3394670142629143
160	171	0.32329290218809004
160	176	0.30114652604506315
160	145	0.2799704417630074
160	198	0.2676678570286259
160	158	0.2567911734312514
160	167	0.2538090947800855
160	35	0.2478023306990841
160	62	0.2420871388462759
160	66	0.2368554276357813
160	182	0.2367138376804309
160	174	0.2271572524102227
160	193	0.22495580915687452
160	137	0.22422464859206406
160	71	0.2172423133213248
160	197	0.2108684158709442
160	105	0.2045340274575787
160	185	0.18885542995530602
160	61	0.18778479563294884
160	102	0.1792232064425887
160	113	0.17303145261516548
160	180	0.17177979637638816
160	173	0.16577586032211966
160	24	0.15885321191135046
160	140	0.15802454941206973
160	12	0.15655190648849573
160	112	0.14866012427883227
160	57	0.14828850123978862
160	60	0.14544127002639998
160	81	0.1435515675347493
160	34	0.1282498263286488
160	65	0.1270595443005789
160	70	0.12561300702972372
160	79	0.12050161172058915
160	95	0.1194568705420368
160	103	0.11546275329749996
160	114	0.11048709143200686
160	6	0.10935098608609747
160	108	0.10681100899333
160	93	0.10458614738962388
160	97	0.10306274815500567
160	163	0.10172690270964037
160	11	0.10117266627748492
160	4	0.09932244948399216
160	111	0.09931254812364793
160	195	0.09903827263153392
160	32	0.09841936476454577
160	199	0.09646410833439883
160	36	0.09218552424364164
160	107	0.09042333867803364
160	159	0.08595040480465681
160	74	0.08239875300384661
160	45	0.07349126166071704
160	141	0.06619306957673464
160	23	0.04963318331677749
160	13	0.04685067592746418
160	8	0.04676187091114678
167	134	0.356988248602342
167	67	0.35304668649369925
167	169	0.35114570617439017
167	185	0.33157787829177704
167	172	0.3179905360539255
167	158	0.3136422912711251
167	171	0.3058040541074657
167	140	0.3024917054600429
167	30	0.2913217637945498
167	137	0.29079089781008
167	135	0.2860877125029761
167	65	0.2585743480072862
167	198	0.2569406166167853
167	100	0.2563707986508253
167	193	0.2541645812357051
167	24	0.2467132490846129
167	63	0.2384405465692945
167	32	0.2363267738473289
167	37	0.2221342294976144
167	170	0.2220011334655862
167	177	0.21915661446262594
167	141	0.21512606735354373
167	159	0.2071387829855948
167	114	0.20324014710347896
167	147	0.19987274473518615
167	36	0.19765400673045852
167	54	0.19275797488775476
167	113	0.18709974123359688
167	162	0.17582382650475348
167	161	0.1682450119696544
167	34	0.16561052754241826
167	13	0.16559107601492995
167	57	0.16538682720029413
167	61	0.1519930613620617
167	196	0.15084988780310812
167	123	0.14461893841195322
167	62	0.13899438118565696
167	66	0.13897476751989582
167	182	0.13875901000363114
167	69	0.1371404100939449
167	199	0.1348338685941807
167	31	0.1344607579605243
167	186	0.1341072495542682
167	27	0.13036387691041762
167	4	0.12974453281254925
167	11	0.12560316480363629
167	75	0.12289562084592648
167	59	0.12232434012290598
167	35	0.1219106034535647
167	77	0.11799773315450338
167	42	0.11226476265934858
167	174	0.10978570378105837
167	7	0.10924230011939227
167	146	0.10898539563715888
167	112	0.09022497036928913
167	86	0.08650425597486706
167	116	0.08579356989670774
167	164	0.08433222111109838
167	70	0.08286852320042569
167	68	0.08270862668642891
167	145	0.08180180403607372
167	12	0.07425109251273841
167	188	0.0732684678130826
167	5	0.07246177372124543
167	45	0.07114460006032151
167	79	0.07049786025375139
167	92	0.0662647537653539
167	184	0.06538657554501186
167	130	0.06311100881554957
167	156	0.06140464888947406
167	197	0.06073914040507709
167	97	0.06068733208213575
167	194	0.06052094545041985
167	40	0.054595658611420704
167	3	0.053090036468858695
167	104	0.05210975626281309
167	109	0.050598752002125054
167	102	0.04908452329372917
167	189	0.04734956670628741
170	66	0.5319207499967722
170	145	0.4332006183455016
170	196	0.4222770524198994
170	176	0.4153836152705038
170	194	0.39669452084695217
170	158	0.3837501028971053
170	173	0.37840776006406507
170	177	0.36606361541639
170	182	0.3562638098233099
170	171	0.35207465855158715
170	198	0.33017976352005984
170	35	0.3286196463376317
170	197	0.3213662803471857
170	60	0.313552125592136
170	169	0.30631159811043795
170	174	0.2778216773800332
170	142	0.2652896465725499
170	71	0.2418517761523077
170	180	0.2415787197702749
170	70	0.2379972182497349
170	185	0.2357035379552509
170	199	0.23110831314302316
170	74	0.2282950212203825
170	112	0.22808647684530275
170	140	0.22663556751487424
170	113	0.20492684248547266
170	195	0.198547509821778
170	137	0.19725999233595615
170	153	0.19701009651622067
170	95	0.1968178515395695
170	12	0.18833463673607712
170	164	0.18372006395142104
170	114	0.17308965561782294
170	97	0.1695856370448281
170	38	0.16477399569383402
170	79	0.15649337644875214
170	62	0.15604460965641234
170	11	0.15298934263163816
170	156	0.14833740140320126
170	193	0.14370826680589727
170	65	0.14086698164533126
170	24	0.1387099723665942
170	61	0.13340995245310586
170	41	0.12852521098737546
170	32	0.11227463661449393
170	117	0.10645510241638972
170	131	0.1010637910161762
170	6	0.09892241889340513
170	4	0.09117608099923727
170	189	0.08439278697212182
170	163	0.08411477460985857
170	13	0.07961613559803339
170	81	0.07221208711308393
170	151	0.06935447861126581
170	111	0.06776996258936857
170	57	0.06502312740961788
170	93	0.06078397426656119
170	25	0.050957823761789804
170	56	0.048254494117886536
170	80	0.04406943739975479
182	194	0.4809350738457186
182	60	0.37036839942092703
182	164	0.39958081501453896
182	173	0.3528978666969592
182	177	0.33370342391552826
182	180	0.3111787421526735
182	80	0.30416241141851297
182	112	0.29776011192057456
182	189	0.29714939310044475
182	176	0.29675731106420883
182	74	0.2865559025998178
182	147	0.2790024601828725
182	12	0.2767231647341853
182	153	0.2651316038078822
182	185	0.2609429610971837
182	169	0.2563053982963083
182	193	0.2449468626419619
182	71	0.2409948157609114
182	198	0.2355240855908573
182	195	0.2303603714741444
182	196	0.2256582443102799
182	45	0.22153523222847585
182	184	0.21994660599578555
182	171	0.21710891645625174
182	92	0.2041794792847102
182	111	0.1952408730516165
182	78	0.1934511265098604
182	91	0.18402924478418906
182	146	0.1839422913529104
182	113	0.1774901488264681
182	84	0.17555246907776734
182	187	0.17493212341282433
182	81	0.17458311789829073
182	8	0.17440859868362588
182	6	0.17100329647119944
182	199	0.16413184526265087
182	148	0.1609482393220127
182	107	0.16083134558520173
182	47	0.1545807930035316
182	90	0.15315535933662214
182	11	0.14795596090961805
182	66	0.14529443979867898
182	108	0.13656145973693132
182	135	0.13604130612529006
182	140	0.12891858325115058
182	162	0.12518976900504292
182	105	0.12402809146099793
182	64	0.12217658189947808
182	70	0.12151652913594065
182	77	0.12111256320168536
182	86	0.115551552526224
182	159	0.11337050738232357
182	145	0.11323230459176185
182	103	0.11286703328031795
182	154	0.11011171450084076
182	35	0.10964738906217067
182	97	0.0994620565701394
182	43	0.09892935038909052
182	65	0.0979400301726232
182	17	0.09733584542370123
182	4	0.09699014021317306
182	109	0.09582606141407264
182	79	0.09301732974822027
182	102	0.09263663862303248
182	9	0.08633651814895292
182	149	0.08612410938252223
182	73	0.08173127872558149
182	96	0.07703109314708152
182	95	0.07249658985812908
182	76	0.0693664208808018
182	197	0.06561857583707939
182	48	0.06460787925334084
182	93	0.060277835584714674
182	172	0.052619355065774406
182	3	0.04881616785603229
182	117	0.045319934223647135
182	31	0.044573445371946345
12	112	0.7013487263310045
12	113	0.6465862449352083
12	108	0.5875132522454088
12	103	0.5310238287054576
12	11	0.5204159273955175
12	70	0.4907668635547577
12	109	0.4872974089620348
12	9	0.4758300915969521
12	176	0.4699296157563749
12	111	0.446435797655788
12	177	0.40767532706764775
12	105	0.39058486429359296
12	6	0.3801200770071851
12	102	0.3584619834498283
12	71	0.3370848345092605
12	3	0.3313464437562001
12	189	0.2933611790476252
12	13	0.2542394117432559
12	173	0.2465348055333085
12	164	0.22958373898443904
12	84	0.2263699324956896
12	35	0.2150974555456436
12	47	0.2045340274575787
12	153	0.20222371346007487
12	8	0.20053508839608414
12	169	0.19734648876470512
12	147	0.1943846504053669
12	174	0.18838286278513536
12	180	0.1804521324454486
12	106	0.1803263626821258
12	60	0.17836165689783604
12	198	0.1762211230949005
12	96	0.1753004704353537
12	187	0.17496120522276126
12	64	0.16819642688018754
12	195	0.16662182907563652
12	156	0.15969139566235085
12	197	0.15741997274609834
12	80	0.15283308372625345
12	159	0.15234472542403796
12	194	0.15182698439384795
12	82	0.14838630084124702
12	43	0.14580342385087222
12	66	0.14557830579238906
12	140	0.1450203395875621
12	14	0.13626704239363086
12	65	0.13332155323133152
12	61	0.13202478829428188
12	91	0.13195600779687375
12	185	0.11903298487054376
12	171	0.11190928552368153
12	151	0.10484329644315124
12	122	0.10471472366666153
12	53	0.10306274815500567
12	0	0.10139040952759727
12	77	0.1001531033772361
12	158	0.09953532397089193
12	97	0.0978508926896083
12	92	0.0934217842690534
12	114	0.09145275460530898
12	186	0.08904155522033645
12	188	0.08892945000188184
12	45	0.08794223187871338
12	4	0.08466979336490052
12	146	0.08459533056522704
12	81	0.0793925578107521
12	199	0.0766483663243581
12	86	0.07590770102133701
12	193	0.07570984466903924
12	25	0.0751311552482084
12	72	0.07286662472062799
12	67	0.07174352728090802
12	148	0.06360103392470738
12	5	0.05719750236425114
12	56	0.056664236378374075
12	15	0.056218660365645316
12	59	0.052187544143199316
12	116	0.05199805973917667
12	94	0.05122512418940231
12	17	0.04781750479119375
12	131	0.045633284830744136
112	176	0.6027976296250325
112	11	0.5298812231621847
112	113	0.6153956355146847
112	177	0.5268898748982355
112	108	0.5198907302661773
112	103	0.4785099984271529
112	71	0.4570532087039316
112	70	0.4567683649971051
112	109	0.4096245579579142
112	9	0.3710929487252901
112	35	0.3521972985866759
112	111	0.3438568396868901
112	105	0.3180714331202102
112	3	0.31504814275338644
112	164	0.3020555627586535
112	189	0.2946492996749867
112	6	0.278928685926197
112	102	0.2646387908307586
112	153	0.2565202763602505
112	140	0.25309791621729555
112	187	0.2523677378892683
112	169	0.25206809433301963
112	173	0.24833725366750475
112	197	0.2483091035995387
112	180	0.2367138376804309
112	198	0.23327485143136756
112	185	0.2287025701822753
112	47	0.22351223644014526
112	66	0.2175757699754513
112	151	0.21253043443013864
112	159	0.2103523685232956
112	96	0.20402614455833168
112	60	0.1976251785727185
112	122	0.19740415134366784
112	84	0.186366241872298
112	147	0.1848696459356031
112	106	0.1809938423829241
112	14	0.16468643793788784
112	184	0.15702986062145613
112	158	0.15354595276156252
112	80	0.1491685930137828
112	17	0.14745708770197336
112	91	0.14696792347372753
112	64	0.14677223763853456
112	156	0.1410826093879561
112	171	0.14050430485629475
112	82	0.13639462620091175
112	13	0.1354818119257941
112	8	0.13210339302031446
112	15	0.1264691858416946
112	186	0.12135888867503487
112	61	0.11892454202473444
112	174	0.11840200495289464
112	4	0.1182738254551655
112	107	0.116094174297366
112	97	0.11524568074939515
112	194	0.11275843321883774
112	43	0.1111883690497257
112	56	0.10956835017302093
112	77	0.10446745849207492
112	195	0.1033892318022958
112	193	0.09809453141987663
112	152	0.09609951976770764
112	199	0.08903758693251734
112	188	0.08749172508444457
112	74	0.08438881545935115
112	46	0.08433420688691641
112	45	0.08229049209337401
112	149	0.08059282787425387
112	24	0.07916698457078025
112	86	0.07711260606129493
112	95	0.07492730927300154
112	16	0.07384532963858566
112	116	0.06923206920303286
112	146	0.06642902744984389
112	92	0.06282713887220819
112	0	0.061160569002457726
112	120	0.060283813782047724
112	172	0.0569822063634142
112	25	0.0561508750231839
112	65	0.05516194796008583
112	76	0.05363647594992897
112	154	0.05301026161436667
112	59	0.0520429379632155
112	148	0.05197711649607313
112	29	0.045852824495902125
113	108	0.4952328528782906
113	70	0.4927305561651441
113	103	0.486694769516515
113	111	0.4798812591735005
113	177	0.4554378559849723
113	109	0.4503904667410642
113	176	0.4345319043888972
113	105	0.40752523190606577
113	11	0.3898388578246562
113	9	0.3793926597343505
113	102	0.3667215902820037
113	6	0.3665051916281921
113	71	0.3153183406080052
113	8	0.29529752302813084
113	3	0.2734880596290085
113	169	0.2712383225325036
113	13	0.2508128124406203
113	140	0.2500067388475818
113	4	0.2395814236425311
113	114	0.2245095464112723
113	35	0.2216873743769432
113	107	0.21814729176788408
113	164	0.21611771473980207
113	158	0.21439158083630014
113	60	0.21171868178954076
113	185	0.20013194448020344
113	198	0.17571722498542025
113	156	0.17475762614478124
113	174	0.17111978502496064
113	122	0.16703014008729794
113	66	0.15941852384412067
113	80	0.15931131753381114
113	159	0.15550795610859516
113	173	0.1482200397928293
113	189	0.14616553860303608
113	172	0.14562724578396236
113	45	0.143913923662561
113	197	0.14363971176099075
113	106	0.14251325340460844
113	84	0.13734645458360367
113	141	0.13687547831337424
113	171	0.13621797049466974
113	147	0.13596278584985524
113	186	0.13489277730720942
113	96	0.13212304394226382
113	0	0.12826949731783108
113	24	0.1257704792830842
113	187	0.12216673115861475
113	193	0.12150667678663725
113	32	0.12067899415628
113	65	0.11732714740731642
113	142	0.11273868746359568
113	37	0.11249185801484367
113	97	0.11012159324406606
113	67	0.1026669806325808
113	74	0.10056887299320083
113	53	0.10045008525199488
113	43	0.099994705743404
113	81	0.09781622768880438
113	64	0.09418203555250064
113	61	0.09356056058491576
113	146	0.08679604854754519
113	137	0.08111240893487101
113	194	0.07249658985812908
113	5	0.07207480535870839
113	153	0.0716868204356948
113	199	0.06995654319906361
113	62	0.06984210507947583
113	131	0.06853340010358909
113	92	0.0680526527948599
113	86	0.06725332811087575
113	188	0.06626674498305482
113	82	0.06615424035589147
113	75	0.06060463735082711
113	77	0.05451589671809375
113	72	0.0532017201264904
113	36	0.0528307657193934
113	63	0.0461252471015435
113	94	0.044906776808530495
108	103	0.6756137881419032
108	9	0.6312250471267327
108	105	0.6100933229531811
108	3	0.5273015118519156
108	6	0.5090895230802543
108	109	0.5815489247990172
108	111	0.488607880220804
108	102	0.4561588014782215
108	8	0.26874441282611405
108	106	0.2680113139477492
108	11	0.2344942856655988
108	188	0.2330289849853892
108	169	0.23117457329731755
108	84	0.21700409894440129
108	189	0.19621218099744286
108	71	0.17577537177971747
108	187	0.16770081232864084
108	86	0.1664273751649609
108	64	0.16532846778940813
108	153	0.16421941943514384
108	174	0.14671352964698728
108	186	0.14449165492253707
108	13	0.1397102052370315
108	177	0.13671847245972402
108	70	0.13414652995336046
108	76	0.1339795853473667
108	5	0.130167270735051
108	80	0.12811212657966622
108	176	0.1257704792830842
108	171	0.12402809146099793
108	131	0.12266908821348455
108	122	0.12148697201620473
108	107	0.12103373589833258
108	0	0.11737645883502093
108	116	0.11648876480953498
108	75	0.11605471322843128
108	14	0.11248198454791834
108	47	0.11163278349951933
108	185	0.09879368937252443
108	91	0.0952434280411398
108	195	0.09476676954156968
108	65	0.09428808536600848
108	4	0.08976572028978234
108	147	0.08884611368910396
108	82	0.08691911306170537
108	164	0.08631567464504702
108	159	0.08499642566191214
108	81	0.08136771274693423
108	124	0.08003345935249884
108	78	0.07866811102708651
108	72	0.07546624449063706
108	25	0.07539564846843297
108	29	0.07425109251273841
108	94	0.07278804372249767
108	180	0.07273830844649791
108	154	0.06685811321459699
108	173	0.06500122039443937
108	184	0.061534157685909335
108	53	0.05992710712046138
108	96	0.05930632137783515
108	28	0.059082109768701374
108	150	0.057772595633832226
108	77	0.05332536833769273
108	90	0.05193522987272448
108	68	0.05153729785780463
108	148	0.05119420548472775
108	60	0.04877327023579703
108	193	0.04511435540995677
108	151	0.04446665744979145
176	70	0.6103443761283602
176	177	0.6045645095251504
176	35	0.5593591259478713
176	71	0.5200220664274223
176	11	0.4025765254614189
176	140	0.4013272581363169
176	173	0.39072892011582455
176	60	0.3588453851565396
176	164	0.3461297653986157
176	198	0.3016374739755401
176	197	0.2964198580408147
176	66	0.2959089775406035
176	180	0.2908732853125169
176	189	0.27591959234516783
176	171	0.2721274633185606
176	156	0.27037652570297355
176	199	0.25979634586958306
176	153	0.23029408501842075
176	24	0.2289205285943829
176	185	0.2280011572037928
176	195	0.22631300632335574
176	174	0.22401569916054828
176	145	0.22244792309788708
176	38	0.21335143866813974
176	97	0.21069641313219792
176	114	0.189385758310984
176	147	0.18912542908626687
176	149	0.18909650197498776
176	142	0.183178910046988
176	137	0.18135169765657874
176	43	0.17886506746416897
176	146	0.17834229308637636
176	194	0.1769089886578427
176	45	0.17518415561969916
176	196	0.17259489159979666
176	151	0.17011976956274735
176	74	0.16322676088338453
176	62	0.1603247539587356
176	169	0.15423913786036747
176	158	0.14696792347372753
176	47	0.14201357524441474
176	172	0.1412002188799525
176	61	0.13982786099096794
176	122	0.13525602661803424
176	46	0.12684308996161686
176	187	0.1264691858416946
176	105	0.12454005925260557
176	80	0.12405762986205715
176	96	0.11989056894309247
176	6	0.11658740669690633
176	103	0.1139331448260811
176	91	0.09849561833592853
176	95	0.09456459770698752
176	159	0.09036581260644988
176	193	0.08908719032705333
176	111	0.0879104792721243
176	98	0.08715531009722961
176	14	0.08691117349564248
176	72	0.07282285820031494
176	82	0.07160026698912017
176	102	0.07011078296808572
176	15	0.0675071703844944
176	184	0.06541943438575791
176	77	0.0626119885616879
176	13	0.05391965459720262
176	18	0.05233015361177242
176	92	0.05044115526043838
11	70	0.4869923330191314
11	177	0.4160205528912328
11	9	0.35689226330057083
11	198	0.3415268770707674
11	71	0.3266200773364109
11	13	0.3243849585935628
11	109	0.3203256933907618
11	197	0.31191915064738274
11	35	0.2721737600207772
11	95	0.2720811653564664
11	96	0.2588635979973373
11	47	0.23677047486949765
11	103	0.2295269007231512
11	199	0.2250792268818303
11	66	0.2171470306739698
11	159	0.21425801175311132
11	164	0.21224396692948164
11	82	0.20864093007489232
11	114	0.20644957297826244
11	158	0.2004679024555917
11	147	0.19529858523557
11	185	0.1914192633994281
11	32	0.1904557206143592
11	111	0.1824443093502187
11	106	0.17114890641602973
11	61	0.16489073532863613
11	97	0.16460860664246044
11	153	0.16216561335052956
11	5	0.16040269663673953
11	3	0.15808305055182956
11	6	0.15804404991527166
11	193	0.15762476195308453
11	173	0.15508832664599628
11	43	0.15278425125070727
11	156	0.14308142656112874
11	24	0.13521675817331294
11	102	0.1329286421535031
11	140	0.13278128972009012
11	186	0.13218199608493245
11	122	0.12936107855014362
11	189	0.12560316480363629
11	54	0.1243530017715962
11	79	0.12190075206350748
11	16	0.12033407679873692
11	14	0.11576860952935784
11	84	0.11458452844755505
11	169	0.11407132531450248
11	195	0.11404171558120045
11	67	0.1136271580647142
11	187	0.10955847021442952
11	135	0.10954859023418947
11	171	0.10860001162463878
11	7	0.10681100899333
11	77	0.10619804180627056
11	118	0.10225138975042702
11	74	0.09726848922812803
11	75	0.09472019142895194
11	4	0.091508285958901
11	98	0.08982622842742545
11	78	0.0887617840111691
11	163	0.08843735092598541
11	31	0.08812579813043507
11	64	0.0880196281084379
11	63	0.08465986504623364
11	17	0.08142433510409408
11	172	0.08022223946219237
11	15	0.07872873322712699
11	101	0.07808272909843264
11	116	0.07731340176730929
11	8	0.07589278743404343
11	91	0.06807156477829693
11	194	0.06768933416114008
11	37	0.06535769947698843
11	80	0.06532284890429213
11	59	0.06504503436212009
11	152	0.06458895853950015
11	0	0.06378428748125901
11	105	0.0621796782347239
11	184	0.060989210587337035
11	188	0.05959828574483943
11	148	0.0595494596481184
11	151	0.05896651389768129
11	196	0.057815452007410416
11	45	0.05341311768933884
11	56	0.0533622630518696
11	38	0.051926254143942224
11	29	0.0512141530473676
11	53	0.05066558023981137
11	18	0.04863659522336701
11	46	0.048107835367573966
11	131	0.04716597763346246
11	76	0.04695644273331344
11	149	0.045007572672540665
11	30	0.044863863440291564
95	197	0.6997803646982471
95	79	0.5309232993153555
95	198	0.5782835480104733
95	96	0.5236822341815824
95	106	0.4422464445496714
95	199	0.3746917177661751
95	101	0.3719204520961119
95	32	0.3690216118656728
95	98	0.3663493600395077
95	7	0.350409063843714
95	5	0.3495490995883162
95	93	0.3440684452136575
95	97	0.3378911871113309
95	41	0.3314354617597445
95	13	0.3190867463001446
95	99	0.3065109427787433
95	75	0.2939916693850613
95	66	0.2831009460505805
95	114	0.2678535178707252
95	38	0.2618466835762493
95	70	0.2464033101130674
95	196	0.23989245728501615
95	35	0.23003838867429866
95	0	0.19247873442078894
95	9	0.1895882181932292
95	163	0.1865399842143745
95	177	0.18051017803858566
95	117	0.17552339348472928
95	185	0.15841453603699945
95	193	0.15054692790884
95	156	0.14616553860303608
95	142	0.14529443979867898
95	158	0.14491265126900515
95	16	0.13768983564581694
95	10	0.13534437906493132
95	61	0.13474550373759828
95	48	0.1328598784154418
95	78	0.13269287544213124
95	31	0.1293905764069992
95	195	0.1278662218881902
95	54	0.1274629041727843
95	135	0.1243825377513292
95	100	0.11125750311179072
95	46	0.1076116985857938
95	109	0.10724596874320257
95	71	0.10404213219565364
95	145	0.09459928460595812
95	18	0.09303219994411688
95	133	0.09268323508742048
95	30	0.08920028441385391
95	56	0.08273444877225451
95	90	0.08169452577452635
95	2	0.07633322104380481
95	116	0.07381250951199775
95	82	0.06974657271952556
95	153	0.0675091612697895
95	36	0.0672662693004288
95	151	0.0634277358545632
95	47	0.062419742851350386
95	115	0.05547897476499409
95	120	0.05488379263894196
95	131	0.05365442414891088
95	24	0.04456346523541852
197	198	0.6544652766413181
197	106	0.4697348013341082
197	96	0.4791728097405736
197	199	0.4714242643707962
197	79	0.4151767296775513
197	196	0.379127249552484
197	98	0.3663407021263258
197	70	0.3536067890059112
197	35	0.3491364585760229
197	66	0.3407846424216721
197	41	0.3283787825077153
197	114	0.32155457961658995
197	177	0.30436204480672385
197	38	0.30181017689418
197	13	0.3003461206596205
197	93	0.2996363165957013
197	101	0.2904704609813121
197	97	0.2880421861940015
197	32	0.2868037125636809
197	193	0.2424542477561587
197	145	0.2373178846845287
197	185	0.2364400685925508
197	75	0.2363456567511949
197	5	0.2361662619587078
197	7	0.2346643807216226
197	142	0.23384212167158036
197	140	0.2225619820832586
197	9	0.2144965223485408
197	71	0.2082678768431825
197	156	0.1967313363613089
197	158	0.19071591341512156
197	99	0.18738922308236786
197	109	0.16696209222652486
197	163	0.1520809809889755
197	31	0.15191490856318993
197	61	0.14707554578066218
197	0	0.13700304050628467
197	16	0.12648886590281413
197	195	0.12216673115861475
197	24	0.113617287164809
197	62	0.10892610791852804
197	117	0.1072855085056498
197	18	0.10694940972001488
197	54	0.10457625676190224
197	131	0.09866594681013724
197	174	0.09327309133096108
197	135	0.09071393529124798
197	133	0.08237690233443877
197	48	0.0762516983280825
197	120	0.06562056722522308
197	172	0.06547220737850544
197	37	0.062229484764215415
197	159	0.05991813943694847
197	10	0.058786141320552286
197	169	0.05844332320024004
197	77	0.057947009775948036
197	30	0.0571466690652789
197	67	0.05501838498974384
197	57	0.053720233915153084
197	103	0.05320271729601432
197	40	0.050219717621283515
197	118	0.05000525754331936
197	115	0.048958826087594935
197	189	0.04595061801295797
197	153	0.045816900125951736
79	32	0.5021971623668015
79	41	0.4860916664765286
79	93	0.4341830309534957
79	198	0.4291546246009282
79	7	0.379503942202422
79	66	0.3728162474663491
79	98	0.3517241918401773
79	81	0.3505143250356288
79	96	0.34402436361008937
79	199	0.335373021512453
79	78	0.317334199939326
79	97	0.3053960802467555
79	13	0.29872582600537445
79	61	0.2705711629210053
79	38	0.26989447177380665
79	99	0.2464502738048661
79	30	0.23501397542433802
79	196	0.23241418857957255
79	67	0.2250222657521551
79	114	0.2127595821329982
79	101	0.2089756697538886
79	63	0.2087365749752592
79	145	0.1763083268620417
79	35	0.17410801213292354
79	90	0.16483236608850918
79	74	0.145862147818768
79	57	0.14578384896656124
79	70	0.14528465088919895
79	162	0.14382578653079267
79	36	0.1413374249165093
79	193	0.1366203403124745
79	158	0.13558979123079318
79	45	0.13518730656100195
79	31	0.12568190191989712
79	73	0.12026508983804858
79	60	0.11833298571340063
79	44	0.10960786979086147
79	0	0.1071273474209103
79	92	0.10355741165806508
79	75	0.10284508004776588
79	54	0.10187534818898193
79	185	0.09928482421006388
79	10	0.09802718530327542
79	195	0.09740914379986652
79	24	0.09530783800711036
79	18	0.09260094743970604
79	117	0.0921498300593512
79	62	0.08700247783853983
79	106	0.08691812061655131
79	100	0.08616381255123637
79	34	0.0838238405094553
79	56	0.07996986896956215
79	37	0.07405418123887636
79	142	0.07393384372780548
79	9	0.07240407801992936
79	65	0.07192657778982539
79	2	0.07129085448124654
79	42	0.06901212511195459
79	177	0.06848662070380952
79	133	0.0680307546476766
79	128	0.057976908988283726
79	29	0.055970443870035434
79	40	0.053519811812310907
79	23	0.053394171876375664
79	69	0.04930199573792321
79	137	0.046178134212667865
198	199	0.6175469031092125
198	96	0.6108649204947235
198	98	0.5179323738381107
198	177	0.4496807203279276
198	196	0.4169462792959205
198	70	0.4103815845875352
198	193	0.3900423649399367
198	97	0.3898812582814002
198	66	0.3847388359148954
198	32	0.37830493848748603
198	185	0.36146495005740703
198	35	0.35459510100962904
198	71	0.3367479693262094
198	7	0.336446490546469
198	114	0.3316223803594763
198	13	0.2825213348232789
198	106	0.27013551566697497
198	93	0.25516518712420405
198	135	0.2473705282665279
198	158	0.2372990109905177
198	61	0.2309284533473963
198	78	0.2271382843323969
198	75	0.2192708479032764
198	41	0.21268320216429867
198	31	0.2013123883660357
198	38	0.19922942458783766
198	156	0.18893257547971945
198	163	0.18182554017716526
198	5	0.1689834045601478
198	172	0.15881422103733564
198	140	0.15177813659472747
198	81	0.14634168838102726
198	142	0.14419790554955228
198	99	0.1386020871711143
198	101	0.13822936756301848
198	162	0.135000774137544
198	67	0.1312484776172327
198	145	0.12604604047202475
198	9	0.12559332255282452
198	147	0.12028480051679916
198	159	0.09803510842242934
198	184	0.09721301875094017
198	24	0.09273280534855922
198	54	0.09106897775740287
198	62	0.09059591327091096
198	68	0.08609830217615749
198	100	0.08246827733390802
198	6	0.0798029411186977
198	72	0.07445197582561608
198	195	0.0724498367193701
198	36	0.06778787989768911
198	117	0.06696463416137761
198	164	0.0663434064630603
198	37	0.0648847138524845
198	194	0.056729027435326526
198	74	0.05587075658147225
198	30	0.055494925504167576
198	77	0.054536834282477735
198	174	0.05451091157664992
198	60	0.0544032318586028
106	5	0.4984187288949595
106	101	0.4098242681737537
106	3	0.4508367572509997
106	109	0.4427289673047549
106	9	0.4277993887086265
106	75	0.3312663225090274
106	96	0.3159846100366469
106	103	0.2875744313541853
106	13	0.2205079909399669
106	0	0.21827110178472228
106	7	0.2119288105427024
106	99	0.20909042637591085
106	152	0.19750025260637188
106	185	0.1924498456958798
106	163	0.18821889051299728
106	16	0.17527139219008758
106	196	0.17104212652047993
106	97	0.16992555110445628
106	82	0.1694787985739614
106	131	0.16924568263162673
106	102	0.16142550851964005
106	98	0.1596134347738904
106	140	0.1582585473110259
106	186	0.1540341270624825
106	93	0.1490903721820337
106	135	0.14043568608369833
106	151	0.13918070556956658
106	100	0.13845496569430135
106	118	0.13658108670267727
106	156	0.13556034264875874
106	70	0.13521675817331294
106	199	0.13505968014779085
106	105	0.1350400449170989
106	71	0.13371442240458473
106	195	0.12363422512879693
106	114	0.12060015846891373
106	187	0.1193977263148319
106	32	0.11938786886123315
106	46	0.11919071484894865
106	73	0.10888658234221388
106	174	0.10832330552729708
106	188	0.10576298383592904
106	64	0.10325072630505933
106	193	0.10281539726950764
106	47	0.101489380522282
106	90	0.10114297326462224
106	184	0.10062826578885264
106	133	0.10024219981592948
106	122	0.09988580442952164
106	169	0.09904223339564708
106	41	0.09400660266510807
106	177	0.09086765763078072
106	116	0.08315751787032488
106	153	0.07842561641310312
106	172	0.07743665939212423
106	86	0.07604291599546459
106	150	0.07601607206853324
106	48	0.07538669962289515
106	76	0.07533499494428679
106	78	0.0752415277666528
106	111	0.0728855238131056
106	38	0.07049786025375139
106	31	0.06697757585470164
106	63	0.06696762070799094
106	37	0.06617017031689247
106	141	0.06502412318154599
106	2	0.05429255971872665
106	189	0.05109945400462791
106	1	0.05099572501378718
106	72	0.05065460847070824
106	17	0.0470881508683966
106	35	0.045996520788771984
106	115	0.045888748747251865
15	17	0.6975691657401372
15	14	0.6593653517863225
15	118	0.5873495211556646
15	115	0.5867203468671403
15	120	0.5463687232995882
15	18	0.5248714531128404
15	117	0.4732422120563298
15	116	0.4656331404944578
15	46	0.4361204661715429
15	16	0.4330706353813364
15	152	0.42265495274893145
15	154	0.41812697731404347
15	77	0.368788356407245
15	149	0.3576250508926053
15	48	0.3534667871280045
15	49	0.35236371929016297
15	151	0.35007567834223546
15	47	0.3233914016717659
15	188	0.3174960645128469
15	43	0.3099499146717123
15	76	0.2983250376842908
15	129	0.29672995276770386
15	20	0.2862529716787757
15	146	0.2794358174091184
15	187	0.25085029578187285
15	26	0.24769908254459685
15	128	0.23981705970947725
15	44	0.2298205482143169
15	136	0.2297163555040002
15	186	0.22196310450803797
15	131	0.21692786488343227
15	126	0.20814351229284295
15	153	0.2048022985196623
15	144	0.20403572827210145
15	124	0.20137955055204573
15	23	0.1980767804086888
15	123	0.19767322531235584
15	22	0.19322972403055585
15	133	0.18292762225809064
15	143	0.17237173421431146
15	42	0.16277898306259456
15	29	0.16091901631099192
15	25	0.1419351877824596
15	72	0.14187639601770474
15	148	0.13897476751989582
15	122	0.13856285537517354
15	59	0.13116002692731882
15	189	0.12693164092523834
15	171	0.12665614240059472
15	147	0.11034879832939824
15	173	0.10947942976650576
15	161	0.10468505252866084
15	33	0.09615004852901587
15	75	0.09063260946596524
15	164	0.08814961169231324
15	82	0.08727142017508031
15	156	0.0858441942877898
15	127	0.0789732037269646
15	56	0.07812447289118189
15	3	0.0754811590464419
15	57	0.07295316224139918
15	39	0.06612238033272927
15	135	0.058444319784559766
15	2	0.0571287278301779
15	138	0.05358661965984235
15	104	0.049133405120891406
15	109	0.047680817148994144
15	180	0.047526168393647095
17	120	0.5894220704498349
17	48	0.5726856106960911
17	18	0.5726116826082154
17	16	0.5242480933248594
17	14	0.5653487717038955
17	118	0.4958137844417557
17	154	0.4917986154076298
17	117	0.4913739433860248
17	46	0.4695165548541846
17	49	0.469391816811842
17	47	0.4601487679622377
17	152	0.4518560036761898
17	115	0.4427289673047549
17	116	0.3591851172898301
17	149	0.3471767647319643
17	151	0.28755608522974146
17	146	0.2706360370793897
17	43	0.26890212761404786
17	153	0.26307575398430794
17	44	0.2349667364477186
17	188	0.2298868499236772
17	128	0.22845615480036985
17	77	0.224708952054312
17	20	0.22355973802325446
17	76	0.219899024298028
17	187	0.21430571591724165
17	173	0.2038248775381154
17	136	0.2010149330824098
17	124	0.18563253469833546
17	189	0.16867252548519507
17	186	0.1626134829739453
17	86	0.16157159625198134
17	42	0.14659611056348856
17	144	0.13773888738353776
17	148	0.1359431555140607
17	131	0.1271972816716686
17	26	0.1246877299589065
17	25	0.11064513545318663
17	164	0.1103290418229446
17	133	0.1012914365259503
17	126	0.10033129464701718
17	123	0.09411761172482784
17	161	0.09387378518315673
17	22	0.09281806512230638
17	27	0.0921091780610233
17	129	0.08935504101536723
17	23	0.08838674957721876
17	56	0.08151572446637903
17	195	0.08050043123595828
17	2	0.07700027702097226
17	143	0.07661158359402567
17	72	0.07409396176014822
17	91	0.07129483415056792
17	122	0.06721052247654892
17	82	0.06718762633800879
17	171	0.06659827535824095
17	194	0.0645770085910415
17	135	0.061864893814786076
17	84	0.061712477944867325
17	75	0.059207669005673015
17	5	0.057954982909404186
17	147	0.0571277310938125
17	64	0.04758703043418907
17	29	0.043727098383998415
14	46	0.5371064907732497
14	116	0.4933814864492392
14	115	0.5597025885438902
14	154	0.5208605782144442
14	152	0.4429781703237274
14	47	0.4130640454345962
14	118	0.4096911323938517
14	49	0.3981512755306602
14	76	0.3815735012343091
14	188	0.379846280919748
14	120	0.3782535241981199
14	18	0.3609084418146021
14	149	0.35348428822888905
14	151	0.34629699129429603
14	146	0.34234814021918114
14	186	0.323095882204466
14	48	0.30883765600492946
14	153	0.3056408780287564
14	16	0.30520565405774264
14	187	0.3002187443953846
14	136	0.2893438379301905
14	117	0.2869138380086811
14	20	0.2678535178707252
14	43	0.2491534230147576
14	77	0.2295079542881425
14	129	0.2257436596274386
14	189	0.22010837593888646
14	123	0.20364276395797765
14	124	0.2005158926055317
14	84	0.1967505622212856
14	82	0.19483684992437944
14	109	0.1910724303942088
14	148	0.18119695531797236
14	128	0.17112949218854115
14	26	0.1662815262357472
14	75	0.16410265329679855
14	44	0.1555957784340245
14	25	0.15280378433046915
14	131	0.15269635091473255
14	126	0.14854277416586775
14	23	0.1473201289784732
14	56	0.14315978788042746
14	59	0.1412982237456138
14	173	0.13617871249420432
14	29	0.13434292562328265
14	133	0.1338224540650125
14	171	0.12573111181359298
14	164	0.12345697256199635
14	42	0.12145741468101975
14	150	0.11634079767001736
14	144	0.11597578999156358
14	64	0.11287690587950268
14	147	0.10550588508219916
14	72	0.09371717520304364
14	22	0.09064550266526476
14	122	0.08824982599399525
14	161	0.08305324305337013
14	138	0.0786174264460365
14	103	0.07818211863078241
14	127	0.07494620257817057
14	68	0.07324559124470825
14	102	0.07292829525014823
14	86	0.07143611093997153
14	159	0.06572611004845774
14	163	0.06459891681573224
14	9	0.06358111480120282
14	177	0.05774668237440704
14	143	0.056484812500689964
14	73	0.054789078307306095
14	71	0.05171282879144717
14	110	0.0482874172250732
14	58	0.045849830802934866
14	5	0.04490178689050315
118	16	0.4744131975162998
118	18	0.4653746494774901
118	116	0.4475400758379716
118	120	0.442471653719398
118	117	0.4257547370088962
118	152	0.41019861894151904
118	143	0.38825189478711947
118	144	0.3619603734904064
118	129	0.3543502832608829
118	115	0.3541316549284965
118	188	0.3330545572864541
118	48	0.3051512420908737
118	131	0.3018283549967933
118	186	0.2998729548551828
118	149	0.2930412674867971
118	26	0.2863080542868284
118	154	0.2777755359833388
118	128	0.27589187606439536
118	43	0.26262891784290315
118	20	0.2549033990236284
118	122	0.2461778682873853
118	46	0.24491866240370916
118	124	0.2435363438949153
118	148	0.2409759772401387
118	126	0.2237687323704617
118	127	0.21427709354142832
118	133	0.20927211258262732
118	29	0.2057026975723067
118	49	0.2048214595615456
118	156	0.1998247417112058
118	187	0.19175641633047288
118	42	0.19018586277736435
118	39	0.1878619734230013
118	135	0.17945548741704045
118	142	0.17858433079656805
118	40	0.17559123605874513
118	109	0.15908714674584268
118	76	0.15890194980705458
118	72	0.15311629735990467
118	28	0.15215912974803128
118	3	0.15045896651124413
118	23	0.14867968222402894
118	130	0.14029844449175818
118	25	0.12914475394065858
118	22	0.12905625396533218
118	68	0.12344712496607985
118	7	0.1217332747593374
118	77	0.11925971982324785
118	146	0.11287690587950268
118	5	0.10837271856270073
118	47	0.10798728270364708
118	151	0.10709769161366772
118	9	0.10684066664053894
118	104	0.1064748757205111
118	75	0.10490263654278678
118	147	0.10162793653949152
118	2	0.09982640270402517
118	44	0.0969138639893966
118	82	0.09228566499565792
118	150	0.0890534600668329
118	53	0.08549775578245487
118	91	0.07678058360444077
118	31	0.07633322104380481
118	199	0.07534294953660083
118	189	0.06849458317610906
118	136	0.06488272227227823
118	138	0.05765100197349453
118	73	0.0576191082710838
118	163	0.05034938891138086
118	172	0.04763991028092097
115	46	0.4908883176785176
115	120	0.4684010441382372
115	116	0.4593917011791057
115	117	0.4557072902151779
115	154	0.4241650841732576
115	152	0.3682698446478996
115	18	0.3602298497473592
115	149	0.30843956944222345
115	151	0.3033545310824834
115	48	0.2918798948361973
115	129	0.2540523297687249
115	47	0.25089714890063314
115	77	0.2496879629087997
115	186	0.2460745318792089
115	153	0.2452476393869472
115	128	0.236940376780268
115	22	0.23000050503214176
115	44	0.22824762661026002
115	188	0.22216274899907373
115	26	0.21744239340378654
115	136	0.2088609073762
115	56	0.2082009121526271
115	16	0.20607616528836087
115	123	0.20059267484382814
115	187	0.1984706622904036
115	49	0.1942210685180087
115	126	0.18704184096246898
115	33	0.15937954016618247
115	163	0.1581220506951634
115	146	0.15691281742175986
115	133	0.15663969948633594
115	76	0.15628851265634325
115	42	0.14594044484366192
115	43	0.1428267398888282
115	143	0.1409453932809937
115	124	0.13257498645343685
115	23	0.1308848336548364
115	144	0.12282667748629413
115	131	0.11502859719367507
115	20	0.10499164529150994
115	25	0.10173679921594526
115	171	0.09409184197301934
115	75	0.0838208615880149
115	135	0.07911729774471615
115	127	0.07480499868090272
115	58	0.07443009773791204
115	29	0.07116648867186776
115	122	0.06717070305969207
115	148	0.06220159314586931
115	138	0.060100480431972074
115	161	0.05519385053286499
115	5	0.05275497753806459
115	59	0.05236206592808301
115	93	0.04875032492319482
115	189	0.0444107680385608
115	147	0.04378598542051863
115	156	0.04374206969329052
120	117	0.6032685293978117
120	18	0.481764840105437
120	152	0.3977472900853117
120	48	0.3906780790693224
120	46	0.3764525553075942
120	154	0.35321299336308065
120	149	0.3327433448897597
120	116	0.3315333747484632
120	16	0.3203795358428791
120	151	0.28288936589114705
120	22	0.25379973894690583
120	44	0.2485718212517607
120	136	0.2428306976024337
120	49	0.2316288708438448
120	47	0.2263509572767105
120	26	0.20997003562141148
120	128	0.2073014831539491
120	144	0.206133616534778
120	20	0.20203188459022048
120	129	0.19442313869039266
120	126	0.1942306912810844
120	23	0.1715662801363796
120	153	0.17006150541226403
120	43	0.1522958854978216
120	25	0.1455880938477083
120	124	0.14305204060383886
120	123	0.13907283475808105
120	42	0.1380528024962097
120	143	0.1278662218881902
120	146	0.12472710788128764
120	187	0.11038831108067804
120	59	0.10744366416059696
120	131	0.09956898700941204
120	163	0.09713476472943566
120	77	0.0922192352001582
120	33	0.08619061203541291
120	142	0.08425576823290737
120	29	0.08343557514036568
120	195	0.07853295124121397
120	122	0.07414667058760838
120	56	0.06784561314922839
120	72	0.0612402693631101
120	148	0.05812441024590762
120	188	0.051752721740240336
120	180	0.0480360017530787
120	5	0.044883823167054616
48	47	0.4866489804873738
48	46	0.4973432054186972
48	117	0.4886154928070019
48	16	0.4869999613666574
48	49	0.4756676223626874
48	18	0.4453622246559705
48	154	0.42998640304601693
48	44	0.27542062912543136
48	152	0.2688464652173045
48	22	0.2685866836266328
48	42	0.2642202561771081
48	149	0.2476239894435572
48	146	0.2277641398305933
48	26	0.22077435983005536
48	123	0.220412851219784
48	86	0.21821395957287365
48	153	0.21452514190162544
48	128	0.20199351695547715
48	33	0.2016098065254908
48	136	0.19745220244940506
48	126	0.1954043873930985
48	116	0.1844446491785044
48	151	0.1819319013914492
48	171	0.17358433229226294
48	2	0.1684199115219601
48	144	0.1619708665741108
48	27	0.14062193389728173
48	129	0.1385530473582325
48	143	0.12826949731783108
48	138	0.11747507995380355
48	5	0.10315179135512678
48	43	0.1001531033772361
48	23	0.09949869040538084
48	161	0.09548719078248613
48	195	0.09081013622969857
48	104	0.08985697821049864
48	135	0.08272451721392818
48	189	0.0825983849943695
48	10	0.07377869466889128
48	148	0.07367426540634392
48	172	0.07309738900096491
48	173	0.07157042072296611
48	67	0.07094361960865478
48	194	0.07041029706620235
48	188	0.0684169486991164
48	124	0.06760970027775752
48	164	0.06696065209735991
48	133	0.0654741988050248
48	109	0.06210297557368945
48	163	0.05981949428027788
48	110	0.05386381723909256
48	130	0.053090036468858695
48	20	0.045616320218328836
18	44	0.4968161672063517
18	16	0.4498641924162503
18	46	0.4362986048434633
18	149	0.4340044871807884
18	49	0.4291219909884236
18	117	0.40977434430206
18	43	0.3483547035439283
18	154	0.3327077731416709
18	152	0.30570433752670306
18	116	0.2986985028740925
18	47	0.2957903560541091
18	151	0.2515529690476038
18	142	0.2450972569120189
18	144	0.2407593212028815
18	26	0.2156028764143531
18	143	0.19180457734251335
18	33	0.1889904330926941
18	22	0.18598976015430999
18	27	0.18344950089762205
18	42	0.18288896047581835
18	129	0.1827053092870052
18	153	0.16714678986053094
18	2	0.1612501939025524
18	31	0.15803429967907942
18	131	0.15779053376328273
18	77	0.1538291030011319
18	20	0.15305770349770548
18	146	0.15293074643817042
18	40	0.15033190695379592
18	128	0.1401415903566384
18	156	0.13970040041274798
18	164	0.1369834158491767
18	126	0.13219182135114402
18	29	0.12727598653873992
18	38	0.1232206235533681
18	124	0.1104080673254738
18	136	0.10458614738962388
18	72	0.08790948700028944
18	123	0.08193093276259247
18	130	0.07624772158415558
18	66	0.07493625874005118
18	189	0.07226580531594175
18	39	0.06916339959758527
18	25	0.06863093915913879
18	57	0.06791628599374296
18	59	0.06781276497559477
18	122	0.06693675966846234
18	133	0.06684417578165451
18	127	0.06479807963592549
18	186	0.06141759986223332
18	74	0.06113466621726884
18	195	0.058629682440047015
18	110	0.057148662533567485
18	7	0.05551885155981424
18	23	0.0508171888869249
18	171	0.04542671393852105
16	117	0.4546766500991548
16	152	0.35304668649369925
16	47	0.3447030520649047
16	49	0.2592740666590328
16	46	0.2523771009708873
16	154	0.2413809653991475
16	131	0.23532572481776556
16	116	0.2317613552760353
16	133	0.1921031549909697
16	109	0.1897231824931308
16	26	0.18459920144359374
16	43	0.18062626545250812
16	143	0.18037473636607906
16	128	0.16948851132686835
16	149	0.1629347394850736
16	129	0.15990577783198812
16	151	0.15631777973613556
16	153	0.15070329784054315
16	122	0.14758425859641172
16	86	0.14240548581864265
16	44	0.13906302815697674
16	136	0.13465713673777185
16	75	0.13196583366002768
16	29	0.12783671226812154
16	2	0.12533741535962412
16	156	0.12472710788128764
16	25	0.1181062001650379
16	5	0.11149452600262218
16	186	0.10900515803775074
16	104	0.10706803561586042
16	188	0.10704826484481172
16	82	0.10656385454668564
16	20	0.10656385454668564
16	3	0.1031913655801372
16	96	0.10085593152461683
16	42	0.10001450572497997
16	9	0.09620453977504667
16	124	0.09555853381001453
16	144	0.09304409607095293
16	27	0.09094203785389424
16	67	0.08904651557613524
16	72	0.07931902381405992
16	7	0.07823081893443627
16	22	0.07822883117424734
16	66	0.07811652171367872
16	161	0.07640380696112954
16	23	0.0762715820113266
16	123	0.07621391916285003
16	150	0.07460710929947277
16	53	0.0667884257890801
16	33	0.06662515555598211
16	59	0.06511772516430997
16	126	0.06169056170057429
16	28	0.06045120155000476
16	76	0.05916083363613513
16	39	0.05556969421632433
16	78	0.05164600773254459
16	187	0.050992732815021334
16	138	0.04581989382797522
22	26	0.6858196554023985
22	33	0.6333078722904261
22	123	0.5286574379458469
22	129	0.4797734919772473
22	23	0.42259745565256096
22	138	0.4053547367329501
22	39	0.397713617665876
22	34	0.3958431202213326
22	126	0.39413827672916985
22	44	0.3887613323316483
22	30	0.3809154187314678
22	144	0.3527665402818703
22	42	0.33938738323707923
22	24	0.29954529206080144
22	2	0.2983432576190169
22	136	0.287785396614455
22	104	0.27185891760660114
22	36	0.2663955463939103
22	152	0.2567818328243334
22	46	0.2565202763602505
22	117	0.2563521130747471
22	143	0.2549127492423657
22	128	0.2523021949947704
22	10	0.2515248672024263
22	57	0.2500911116456627
22	127	0.2437620963074493
22	25	0.24016574923135064
22	130	0.22454752988868865
22	41	0.22336022424036267
22	93	0.21953736921568487
22	38	0.21708985909913595
22	134	0.21280731829315264
22	149	0.20852615092625207
22	110	0.205501574743202
22	62	0.20025673436944666
22	142	0.20017994136011796
22	195	0.19417295414198035
22	49	0.1928061166418851
22	69	0.18942432334019865
22	67	0.18700324005970104
22	20	0.17656992155387527
22	54	0.17649241461418488
22	145	0.17638583899850388
22	133	0.17607577733667545
22	141	0.16596063298922065
22	100	0.16428753089082654
22	27	0.15730294426168395
22	31	0.15562505199598245
22	154	0.1474766527724163
22	151	0.1412002188799525
22	124	0.14022982167367992
22	137	0.13558979123079318
22	171	0.12145741468101975
22	40	0.12092534586387098
22	61	0.11602511718629124
22	29	0.1095387102323026
22	116	0.1045070217887354
22	35	0.10168731648309147
22	56	0.10048968148409088
22	101	0.09552583504421472
22	180	0.09398182353791183
22	37	0.0900930514795727
22	196	0.08967446086175633
22	194	0.08313169760899704
22	114	0.0802411171568699
22	72	0.0728278316826606
22	122	0.0655608253536076
22	43	0.049067564237516785
22	45	0.04679579651032785
22	92	0.045539480173931
26	39	0.6214291533574843
26	129	0.5953609966715687
26	144	0.45697409485183
26	33	0.5390957404748795
26	138	0.4998453758141992
26	123	0.44068453537687857
26	143	0.42643404511168
26	127	0.4248700990467087
26	44	0.4009496685758173
26	130	0.3918298904446601
26	2	0.35829638622214194
26	27	0.3453021138216565
26	30	0.3419066658115553
26	10	0.3412353356240625
26	136	0.3371291524529954
26	42	0.3366504396253136
26	142	0.32823602822850545
26	126	0.3238927449072493
26	133	0.3185387476785808
26	23	0.3177657976876941
26	149	0.31543541047321977
26	104	0.3150571501716859
26	152	0.30460701288117936
26	24	0.29421091044724057
26	38	0.2851968563591397
26	29	0.27927908430909376
26	128	0.27695400483220045
26	110	0.2761690182195169
26	134	0.27386735083310176
26	36	0.2735990804986786
26	25	0.26253581279285443
26	34	0.26057015869657996
26	41	0.2600574285112599
26	46	0.2468165508637453
26	154	0.2412585359782195
26	57	0.2408441025110154
26	31	0.22105020717910812
26	195	0.21855679038671955
26	93	0.21401947560491072
26	49	0.2127213924736015
26	100	0.2123299110124146
26	141	0.20616234162509725
26	101	0.20394947344047532
26	54	0.2031634503812059
26	40	0.1941825770919336
26	116	0.1867426688667495
26	117	0.18499519993527128
26	69	0.17645366032350868
26	145	0.1726142957528808
26	131	0.16414157585405326
26	43	0.15741022054122494
26	67	0.1564153346860269
26	122	0.15466864121118545
26	92	0.1458229986210201
26	114	0.1363259277897013
26	151	0.1337929912002139
26	156	0.1329286421535031
26	186	0.12056074005470895
26	74	0.11261033788473812
26	171	0.11077354210049914
26	124	0.10954859023418947
26	180	0.10847154302677084
26	91	0.10644521573275348
26	72	0.10284508004776588
26	150	0.09676229876464333
26	62	0.09394019434210857
26	90	0.08904552350532884
26	146	0.08557022170980612
26	20	0.08415548438233211
26	94	0.07853792040214054
26	47	0.07785114546999056
26	162	0.07534593250624648
26	137	0.0747463285735124
26	64	0.07453849301558484
26	13	0.07000032773187352
26	7	0.06929974295493574
26	28	0.06644893916707315
26	59	0.06636530959924115
26	63	0.06321957392135112
26	1	0.06283411123839604
26	82	0.0622314770189499
26	148	0.058095508172163086
26	37	0.04588276138026698
33	34	0.5037211069393066
33	44	0.5894873247656706
33	123	0.5628534259304804
33	138	0.5247555217847494
33	42	0.4528343256151212
33	36	0.406682622957116
33	30	0.3843127659735052
33	136	0.36785487021060426
33	39	0.3659423695633393
33	62	0.35929834018905216
33	129	0.3573721144136713
33	24	0.34121766433454903
33	69	0.3184578773844097
33	144	0.3174151345381084
33	137	0.31572354154020993
33	45	0.3139848692597845
33	149	0.2988168995725559
33	2	0.2796017538732906
33	57	0.27857821325594784
33	127	0.2584157073532318
33	49	0.24516305069652594
33	130	0.24130562512608816
33	10	0.2403636265352463
33	67	0.23625124044696774
33	134	0.2338988399474529
33	61	0.22244792309788708
33	104	0.21816633991995732
33	142	0.21501161790654855
33	23	0.21496392889369545
33	92	0.21130791908351185
33	126	0.20710049892742735
33	60	0.20568354376550524
33	54	0.20280869562371154
33	27	0.20005514747442066
33	141	0.19359550881838725
33	143	0.1934222490424281
33	110	0.19236317751985865
33	46	0.1917178868558906
33	171	0.18808384664449104
33	31	0.1875436000971278
33	41	0.18231863354055974
33	37	0.1801909117270488
33	38	0.17348734376105904
33	145	0.16891540263324625
33	100	0.16575640989035131
33	35	0.1636647393444476
33	152	0.1562494894563765
33	195	0.14927614360899466
33	63	0.14609703340775834
33	169	0.1350302272619788
33	40	0.12876123920713906
33	93	0.12768916077360404
33	43	0.1257803210885712
33	180	0.10855060105450674
33	72	0.10272634783627173
33	64	0.09720212269337017
33	151	0.09351198928762744
33	20	0.09254443591280664
33	97	0.09247305207931382
33	74	0.08799879076647854
33	159	0.08695682584970048
33	133	0.08610822803843476
33	162	0.08303636029283497
33	156	0.07736707876560674
33	101	0.07718616561120839
33	194	0.07582517874587136
33	114	0.07289248662345603
33	122	0.0714271568622765
33	81	0.06546822452390215
33	164	0.06482695781670851
33	146	0.06166067581703505
33	80	0.061011128724880785
33	154	0.05723936485838084
33	32	0.05606016147570229
33	128	0.05263331629233728
33	25	0.04911943890856639
39	130	0.4605428088263632
39	36	0.4699218240581974
39	144	0.4371321627913486
39	127	0.4286323523882557
39	138	0.4242798891124247
39	143	0.4201136308371749
39	129	0.4160122835878354
39	141	0.4100488952114287
39	24	0.408342150109711
39	142	0.4082254875047348
39	30	0.37932417275904107
39	134	0.368071021026684
39	40	0.3375102250789749
39	27	0.3171903047936099
39	110	0.3160746225647115
39	34	0.3137234355465625
39	42	0.3045253613318594
39	37	0.2989443934225728
39	2	0.2941195637660086
39	69	0.2910929642282583
39	28	0.2892613705699744
39	10	0.2825581416751252
39	38	0.27702786691386755
39	100	0.269681212435294
39	136	0.2696719396898508
39	123	0.2679370587609615
39	57	0.2678071045245168
39	104	0.2613436368860253
39	126	0.25958185670946543
39	149	0.2518152324773233
39	54	0.2466193335106317
39	41	0.242218929513148
39	92	0.2418141154792609
39	44	0.22203916174774266
39	53	0.2070813566604756
39	62	0.20461067946970865
39	67	0.1982304980299645
39	23	0.18457022358907896
39	94	0.1749127353699511
39	156	0.17380739313306426
39	128	0.17373950693793005
39	131	0.1667579391029516
39	101	0.16412211463930645
39	29	0.1634700902049838
39	25	0.16039295391136313
39	1	0.1527451847330754
39	74	0.13822936756301848
39	152	0.13523639244877886
39	93	0.13364567332947813
39	32	0.13250621614423588
39	150	0.1263806243348536
39	133	0.12307289832236712
39	195	0.12030451110071412
39	65	0.11986100004920608
39	114	0.11884567271827867
39	31	0.11717920965378655
39	137	0.1069988375468479
39	61	0.10649464894041824
39	0	0.1060398436034196
39	122	0.10324083290196943
39	162	0.0938271991551649
39	154	0.09337717682489463
39	49	0.0922777331229538
39	140	0.0857022463455183
39	145	0.07731936590037004
39	72	0.07543939820510145
39	146	0.0704391532365848
39	116	0.07041129210852233
39	35	0.06779285692001888
39	4	0.06368170585652186
39	68	0.061559062986276926
39	171	0.057821431949576986
39	64	0.05314488128830068
39	20	0.05313490952678561
39	46	0.052817801994658124
39	90	0.04574604893796382
129	127	0.5322648510653331
129	143	0.4954064243217541
129	138	0.4929425475600314
129	126	0.426982051641754
129	144	0.4245750391854778
129	123	0.4022077700241067
129	133	0.3948391109666061
129	29	0.37535342343477296
129	128	0.3740640337252789
129	136	0.3460505454542999
129	42	0.30942554045403153
129	23	0.29279443372282743
129	130	0.28053253179500764
129	104	0.2776001869881874
129	110	0.2600108093984226
129	25	0.253621969095059
129	124	0.237166890116966
129	116	0.2302088564350669
129	2	0.22921426231144584
129	134	0.21993708973995008
129	44	0.216556185959985
129	117	0.20583676980639756
129	20	0.2055398851923784
129	57	0.20240593651466166
129	149	0.1947021608470564
129	30	0.19356663302732025
129	154	0.18487930414988776
129	131	0.18411619533516008
129	40	0.18223162372065094
129	100	0.17679274180541926
129	152	0.17637615010105634
129	93	0.1763083268620417
129	150	0.17407892138898096
129	10	0.17150804563629368
129	28	0.16384964422445306
129	41	0.16012988851832946
129	34	0.1566201901451289
129	195	0.1532432470341739
129	27	0.15044919287554515
129	69	0.14220953610487072
129	141	0.13998472918718874
129	151	0.12492399159702715
129	49	0.1235357524538282
129	188	0.12253119252493852
129	145	0.12239329210528488
129	76	0.11852032098709085
129	142	0.11708058159511706
129	46	0.11413054417308542
129	54	0.11082292828804237
129	91	0.10841224860547537
129	77	0.10792798199468842
129	186	0.1068011230686875
129	38	0.103686015788136
129	90	0.1002125011815854
129	101	0.09958680852577254
129	24	0.09097674827749908
129	73	0.08837285893107619
129	72	0.08719599851384094
129	162	0.08406612109883611
129	75	0.0814740034057249
129	92	0.0779197269062221
129	43	0.07708079626614024
129	146	0.07222601409480592
129	78	0.06994360680823271
129	137	0.06685114450138681
129	74	0.0662806834921818
129	156	0.0629884977740869
129	36	0.06022303524105186
129	180	0.0580994946708844
129	62	0.05219951145322705
144	142	0.4687756481080082
144	130	0.4376820617703227
144	127	0.42460782807005065
144	149	0.4210108395740957
144	40	0.4058810853963892
144	143	0.3967956320480913
144	126	0.3552768369191915
144	27	0.34114697676466843
144	2	0.3039264466040623
144	123	0.292428682338514
144	136	0.28961869810625074
144	44	0.2882072433402181
144	156	0.2865283657916605
144	10	0.2810207489543329
144	38	0.2684846158802287
144	138	0.25956320426743784
144	195	0.25044731046293034
144	135	0.24927534899922885
144	145	0.2475207315717861
144	148	0.2452664363666539
144	146	0.2361284925820653
144	28	0.2347872182152993
144	152	0.2335679609072505
144	43	0.2262845426574183
144	31	0.22517415867895896
144	42	0.22504125296629995
144	49	0.21940411265279167
144	69	0.20968324378946554
144	154	0.19652945569979194
144	110	0.1929216530643613
144	128	0.19286388552160733
144	23	0.1895978587380268
144	104	0.18614422080595489
144	25	0.17652147997310924
144	122	0.17615329603022772
144	100	0.1746703733931999
144	20	0.1663884828289198
144	131	0.16595090840239904
144	180	0.16132811276722894
144	116	0.15187583145133268
144	53	0.14082777516469694
144	92	0.14028864131454008
144	46	0.1354818119257941
144	147	0.13350817132089968
144	29	0.13254551362003586
144	30	0.13192653005182944
144	57	0.1313565811781532
144	196	0.12581968806291965
144	91	0.12512086547481271
144	54	0.1205705946939074
144	41	0.11758356050816712
144	186	0.11460426581003733
144	24	0.09135458171381593
144	0	0.0910848450373419
144	117	0.09028646531140358
144	124	0.08416243480321872
144	133	0.08412271800215068
144	93	0.08360438929008765
144	36	0.083294562002929
144	187	0.08238286161576902
144	90	0.08208985664947223
144	72	0.08067230774533132
144	188	0.07704699818684828
144	7	0.07647737456696557
144	141	0.07544834697910018
144	151	0.0707913880060299
144	101	0.0698042903400801
144	172	0.06374046636945746
144	114	0.06047411746814028
144	164	0.05989322915422505
144	162	0.04976685232427863
144	134	0.047000345626647434
144	74	0.0454915796137864
28	29	0.4747308578789592
28	53	0.4314199132996393
28	131	0.395725050527529
28	25	0.3277094922662723
28	156	0.306184728421954
28	133	0.27571632896660725
28	122	0.23659111825202545
28	40	0.1980767804086888
28	127	0.19174678401723466
28	143	0.18096482498850308
28	140	0.1721485591337533
28	94	0.17080913825893015
28	142	0.15759550718172244
28	130	0.13993570863034346
28	152	0.13604130612529006
28	97	0.12307289832236712
28	37	0.11440688811615225
28	180	0.10578276007791952
28	27	0.10395310559114188
28	196	0.1007668461889299
28	3	0.09924521835184733
28	4	0.0924185221216233
28	100	0.08768721371651328
28	162	0.08761874384662463
28	65	0.08696774266287266
28	38	0.08618267146051069
28	145	0.08558014847868299
28	20	0.08381291779018292
28	23	0.08279105834085643
28	62	0.08168260585078793
28	61	0.07941441910264367
28	34	0.07525843150314197
28	128	0.07450667073127429
28	69	0.06990280726768869
28	158	0.0695783928535265
28	41	0.06454016280005229
28	103	0.06041832207790216
28	149	0.05828287160702346
28	105	0.056505745474641676
28	109	0.05615785294999572
28	126	0.051091474890599835
28	148	0.05101766777675859
28	35	0.04882514640492315
131	133	0.4103815845875352
131	156	0.2993086027516699
131	143	0.2895820528413558
131	29	0.2843514650500715
131	75	0.2837171311642556
131	142	0.26361553042821195
131	25	0.26072860921888985
131	152	0.2481214257638041
131	73	0.2399584277897262
131	122	0.22043187949940024
131	162	0.20863136536531374
131	90	0.19543324173770352
131	128	0.19117841221215676
131	7	0.18844073284478285
131	23	0.1874857098018963
131	82	0.18378770036714606
131	186	0.18122597019014294
131	66	0.1794941989682612
131	78	0.16951764938803845
131	91	0.1596036895228216
131	40	0.15439532765067834
131	64	0.15230565354257755
131	116	0.14855255350178334
131	3	0.1410434053388435
131	65	0.13629648521205415
131	117	0.13333137547187046
131	92	0.13127796071624925
131	31	0.1260657226703185
131	2	0.12424470129420465
131	97	0.1229448653766074
131	109	0.11841186475087236
131	43	0.11692277189824538
131	20	0.11321256097814822
131	103	0.1126202110627376
131	124	0.109677028288168
131	67	0.10956835017302093
131	104	0.1091928965435922
131	93	0.1082047120589164
131	5	0.10632657388793444
131	4	0.10506087315542187
131	76	0.0995739374370316
131	154	0.09863920958308088
131	9	0.0971238685045814
131	74	0.09490749238176678
131	100	0.0945814456580278
131	57	0.09330580413456308
131	6	0.0916857841454025
131	151	0.09157174966608768
131	53	0.09088451723690473
131	158	0.08197265068654723
131	27	0.0813567855649058
131	127	0.08079549951773413
131	63	0.0806107109346392
131	149	0.08054513945959739
131	193	0.0791411474703021
131	194	0.07298897054944015
131	195	0.07270448825216166
131	135	0.07159827724203173
131	150	0.06769032957922673
131	1	0.06541744294490215
131	140	0.06514859365212539
131	98	0.0647223983714926
131	69	0.0644415745482759
131	148	0.06385300645667205
131	94	0.06333212148811193
131	81	0.06236296473418455
131	84	0.061744356012145785
131	101	0.05786727803497621
131	38	0.05733704322834629
131	61	0.05704201134056273
131	30	0.0545727271384063
131	68	0.0542317393259788
131	188	0.05284572384119144
29	133	0.5080812997604078
29	25	0.5035494460937421
29	23	0.2957538552996551
29	128	0.2938180816001281
29	53	0.28090101102663256
29	94	0.2265786485617788
29	40	0.2223718803910852
29	143	0.22152572298600107
29	152	0.20543452994167025
29	124	0.2046202607948024
29	127	0.189906336860352
29	122	0.1799006366736797
29	41	0.169187400685924
29	156	0.15921385399102084
29	93	0.1516804387724886
29	180	0.14953034006201232
29	117	0.14164121895318166
29	91	0.13786641873909314
29	148	0.1355308938271998
29	90	0.1350400449170989
29	145	0.1315039900898652
29	130	0.13110105864049246
29	195	0.1262133359928995
29	20	0.12022566819610105
29	149	0.11496939067980995
29	27	0.11464374026354895
29	154	0.11306448102717673
29	43	0.11256097166123184
29	184	0.08964866988086173
29	64	0.07909742290420597
29	138	0.06810540715286831
29	69	0.06687901931508798
29	150	0.06652360763519638
29	72	0.06586849096049219
29	162	0.06385499830200482
29	54	0.06283411123839604
29	76	0.06254923529068722
29	9	0.0604960369823589
29	151	0.058288851223573614
29	116	0.05806760262924311
29	109	0.05161309569769773
29	140	0.05011897183464799
29	194	0.04824551507045309
29	97	0.04801604788306057
29	65	0.047548118678485865
29	84	0.04728770552761345
29	57	0.045699147194103285
29	126	0.044145289544795116
41	93	0.6783979217758163
41	145	0.4898477492659832
41	196	0.4221373564374058
41	32	0.4180774658821285
41	38	0.3811120292949097
41	40	0.3709894693149206
41	57	0.3248501627682011
41	61	0.30700012932569504
41	195	0.3059581483548151
41	130	0.30258255258850264
41	34	0.29541618239076245
41	98	0.2874093086382981
41	142	0.2658752101125503
41	199	0.2652245718659615
41	114	0.2584623678164128
41	30	0.257342184278446
41	66	0.25499689906568546
41	24	0.2519557155332076
41	62	0.2487031663670405
41	27	0.24387496261025285
41	36	0.2423318858282092
41	81	0.2417011290891721
41	174	0.23641174550883906
41	92	0.23015203541734786
41	7	0.2272710572574061
41	101	0.22133552929116676
41	90	0.2022716682536409
41	42	0.20222371346007487
41	94	0.2019839249499112
41	128	0.19698126073514494
41	67	0.19690436365289274
41	69	0.1940767225873566
41	54	0.1888264997826088
41	99	0.18759184101462706
41	162	0.17770320989781296
41	35	0.1770349171782731
41	133	0.17522292776845266
41	78	0.17495151132003442
41	100	0.16819642688018754
41	23	0.16786602661131494
41	137	0.14950101071013022
41	141	0.14863078714297973
41	65	0.14709511309877873
41	25	0.14557830579238906
41	96	0.14003374905782595
41	138	0.13757210872010672
41	158	0.1371600338902764
41	63	0.13679697624566614
41	180	0.1364240679756102
41	143	0.13468659264243532
41	97	0.1329188188406845
41	10	0.13173983225007432
41	126	0.11957515645259092
41	91	0.1115439041758448
41	74	0.10716688820071064
41	37	0.10197430932182523
41	123	0.09652652171959084
41	127	0.09491244734225486
41	44	0.09092914535455808
41	134	0.08827264682293963
41	2	0.08541039839365007
41	31	0.08526347618806833
41	13	0.0799887474324565
41	194	0.07815528361012161
41	104	0.07692472718624076
41	117	0.06324447396412851
41	140	0.05951856952138656
41	75	0.0486216306952267
93	90	0.5053461776565058
93	196	0.4626832111900035
93	81	0.4609524188621504
93	92	0.3907882316572652
93	91	0.37581724867261657
93	78	0.3707824828540656
93	195	0.366046295340998
93	32	0.35320424092635294
93	57	0.3206397451758923
93	96	0.3138316207859325
93	61	0.3099951105237719
93	98	0.3042350084700531
93	194	0.3035270365830554
93	145	0.3016283837997781
93	23	0.30137383661934275
93	128	0.2900583750345864
93	40	0.2669157274493433
93	133	0.25962848696719143
93	7	0.2558568755299818
93	126	0.2523021949947704
93	180	0.2482903366545597
93	34	0.2193850753325499
93	62	0.2182044357254132
93	65	0.21717561590275736
93	199	0.2104574987972036
93	63	0.20680377597813976
93	101	0.2042753084017808
93	162	0.20356608033888116
93	69	0.2033072546896248
93	38	0.19987274473518615
93	66	0.1984610561773765
93	30	0.19475026493214595
93	99	0.1906580951071564
93	94	0.189559296339515
93	143	0.17652147997310924
93	73	0.1619903418197874
93	25	0.15574214350991858
93	75	0.15478576835008687
93	124	0.15035145490137472
93	104	0.1501755191426777
93	24	0.14378661373972612
93	74	0.13406796873375074
93	35	0.13064893765083874
93	54	0.13020659278955746
93	114	0.128987419229764
93	67	0.1220091160327401
93	193	0.11949629955585632
93	97	0.11575874354164598
93	117	0.10979558324120428
93	31	0.10511032100627553
93	127	0.10383440086072404
93	142	0.09481532925975043
93	56	0.09408292164493813
93	174	0.0873438637234704
93	36	0.08542528895052952
93	100	0.08519696288884535
93	64	0.07759172207364076
93	137	0.07201014271640578
93	138	0.06512867851296428
93	123	0.0585858335743033
93	130	0.05736694455080792
93	141	0.05540918994826163
93	158	0.05347095203835925
93	68	0.05031547504541026
93	27	0.04645853135679645
93	184	0.04412033823742797
90	91	0.6495038203410737
90	78	0.5491056540055322
90	73	0.5059416369915778
90	94	0.4803814171774784
90	84	0.4665489685027294
90	92	0.43700272726402345
90	81	0.3830250410858139
90	64	0.3748292464987231
90	96	0.3406874135362883
90	68	0.33188046324536863
90	184	0.2971858607564988
90	82	0.2948775783022467
90	194	0.2912760065465869
90	162	0.2736453370430101
90	80	0.26421095427596863
90	63	0.25750091908259193
90	75	0.2520119057827375
90	128	0.2494722896649987
90	86	0.242811876845985
90	180	0.2427648241551535
90	98	0.2417952848695221
90	150	0.2369498153504825
90	124	0.2187662715554256
90	110	0.21869962064257634
90	195	0.21783297327144216
90	133	0.21285505343745756
90	193	0.2109353022993217
90	74	0.2105912939239512
90	126	0.20671762347703115
90	76	0.2021373923879786
90	104	0.19816324777002514
90	107	0.1927868600516042
90	23	0.18554563459615075
90	148	0.18344950089762205
90	1	0.1743698151474511
90	69	0.17060525785871347
90	7	0.16538682720029413
90	187	0.15761501039336975
90	159	0.14883614159705602
90	65	0.14846453843278698
90	127	0.14563703369676104
90	31	0.14394330219919005
90	57	0.1415824221876638
90	143	0.1324963917101914
90	188	0.13222129699391305
90	152	0.11059574729729983
90	40	0.10964738906217067
90	186	0.1092620613986116
90	4	0.10563443622436544
90	103	0.10507076276716076
90	25	0.09432574740181364
90	109	0.09276750425786304
90	45	0.09243735980606158
90	102	0.09094600477063418
90	20	0.07947801515373093
90	56	0.07493426997063887
90	53	0.07173059418158466
90	97	0.07087795147908643
90	71	0.06786552106166799
90	138	0.06590035205626553
90	9	0.06164075183324603
90	32	0.05697423233555408
90	189	0.05521877433944036
90	8	0.05405326404893705
90	3	0.05062967258636948
90	116	0.047951197540906716
90	49	0.047901312387212916
90	136	0.04701331690129885
103	109	0.5139772595805014
103	9	0.4903416239148793
103	3	0.4890797198731302
103	105	0.4794501035254294
103	102	0.4434522708601287
103	111	0.401536971199025
103	6	0.39791563610987796
103	8	0.2004199113435935
103	5	0.18720588835410926
103	0	0.1815644537083252
103	169	0.1777128940962954
103	107	0.17184772997851275
103	174	0.1680117960893267
103	71	0.16764249915570814
103	187	0.16751614992380282
103	84	0.1669134856378045
103	186	0.1594380154966566
103	13	0.1554689231747952
103	91	0.1490903721820337
103	177	0.1472125145892373
103	75	0.13299740461188245
103	70	0.13250621614423588
103	188	0.12696115746358794
103	159	0.12030451110071412
103	86	0.1161533652135534
103	96	0.11337050738232357
103	94	0.11263995735201955
103	73	0.11177103667494466
103	140	0.10700872304875783
103	64	0.1058322003167656
103	76	0.10472461400457103
103	53	0.10397288942504417
103	164	0.1019248290075685
103	195	0.1010241994117404
103	185	0.0966077570521265
103	4	0.09211611866784336
103	189	0.09171454028672768
103	194	0.0902755549686724
103	150	0.08470950647142299
103	80	0.08092464953183387
103	173	0.07992913103839255
103	78	0.0779992406916898
103	122	0.07682631226103033
103	156	0.07523953908892853
103	82	0.07475527828436883
103	77	0.07025904900536496
103	65	0.06862695799886911
103	81	0.06313690521506543
103	59	0.06280024540232768
103	63	0.0622474150389713
103	20	0.05822805826049314
103	180	0.0573958490646896
103	184	0.05324758981474298
103	153	0.05159015694043904
103	92	0.05049102791910789
103	101	0.044286013886196816
9	109	0.6580576640898476
9	3	0.5079180737715618
9	111	0.3357989648812735
9	13	0.30680085066709306
9	102	0.30186471054361336
9	0	0.28592243630599723
9	105	0.2737193448810615
9	5	0.2693566365970647
9	6	0.2403447819381169
9	86	0.23155316159579514
9	84	0.2257436596274386
9	70	0.21750908270499048
9	75	0.1939804872973994
9	96	0.19304681148535752
9	7	0.19235354753725512
9	188	0.19198758076192246
9	169	0.18946288778500545
9	101	0.1879777357582377
9	47	0.17255608289175428
9	64	0.1561714415931843
9	185	0.15532254535022358
9	78	0.15093783859682908
9	189	0.15021461680033438
9	76	0.14279735174724348
9	82	0.14264061074081547
9	65	0.13569776731484418
9	193	0.13529529463785442
9	77	0.1319953110938808
9	186	0.12543584317885825
9	116	0.12524882821265973
9	187	0.12331910400735065
9	8	0.11717920965378655
9	150	0.11395288516586707
9	153	0.10763146693769156
9	147	0.10559488240262137
9	159	0.10443778580258542
9	80	0.10127164168495427
9	195	0.09842332601750084
9	73	0.09421870722522747
9	37	0.09409977114085284
9	156	0.0931491773705725
9	81	0.09291720268247898
9	174	0.08837682769062448
9	98	0.08268479081632543
9	63	0.0825745486869588
9	184	0.08247920251281238
9	133	0.07743665939212423
9	91	0.07583014999669792
9	67	0.07547221031701133
9	124	0.07351214820820308
9	122	0.07258512152442845
9	171	0.07120429611217971
9	32	0.07079536795922044
9	158	0.06722346374093463
9	172	0.06522028772327987
9	177	0.057648011943891485
9	1	0.05711876046139944
9	97	0.056530665616951414
9	154	0.05368932332545623
9	199	0.05213069921593138
9	114	0.047600000987333295
9	164	0.0472926943457984
9	68	0.04675588402950253
9	56	0.04669202374970796
9	49	0.04605340004582855
9	4	0.04578895886738739
9	59	0.045679188944105525
9	161	0.044311962863785685
105	111	0.5110426790519786
105	102	0.4687132258158381
105	6	0.462958240126957
105	8	0.35643841259961395
105	107	0.3521447400523084
105	3	0.3145976995013946
105	4	0.3086295787888065
105	169	0.26997791387440034
105	109	0.25070972937439245
105	174	0.20851658573786275
105	71	0.20404531194676287
105	177	0.19140962979433185
105	84	0.18127432760930806
105	94	0.17950387676921514
105	187	0.17115861347993416
105	194	0.1695856370448281
105	186	0.15986680037701145
105	171	0.15766376788450845
105	189	0.15305770349770548
105	80	0.14476579802944742
105	92	0.13688529095097718
105	150	0.12852521098737546
105	53	0.12522914190872803
105	159	0.12372284845449268
105	86	0.11980186162353355
105	64	0.11619282536602515
105	188	0.11566994862459838
105	180	0.11268932268595333
105	60	0.1116920353898799
105	37	0.1059014157720632
105	173	0.10568387803148052
105	122	0.10235034320361378
105	91	0.09935809421836217
105	20	0.09722886752035127
105	185	0.09602422108684908
105	70	0.08854351305633047
105	65	0.08414555519543201
105	45	0.08260930993701761
105	61	0.08164684593938025
105	25	0.07900500407004872
105	151	0.07868401198832367
105	158	0.07856872911276827
105	164	0.07251648471416941
105	1	0.07205789364920723
105	82	0.07030681190022063
105	153	0.06970278662689476
105	81	0.06888771937359102
105	5	0.057114773510699726
105	63	0.05570527322408854
3	109	0.4802352494362809
3	5	0.2767785692716217
3	111	0.2671293282112154
3	102	0.2650107379624208
3	84	0.2554736750769309
3	6	0.25046605589192666
3	187	0.25019422879643805
3	82	0.25019422879643805
3	186	0.21816633991995732
3	169	0.21268320216429867
3	122	0.20797130411268774
3	152	0.20091897185409788
3	0	0.19742337189980155
3	63	0.1890868595316252
3	101	0.1870321907909222
3	150	0.1846668151892201
3	75	0.18411619533516008
3	188	0.18225095948288292
3	64	0.176812116623439
3	86	0.17333215511201194
3	153	0.17320605799603267
3	13	0.17285683635755938
3	76	0.1719544794795168
3	47	0.16357714880771218
3	156	0.13949449277743908
3	8	0.13710116217835008
3	37	0.12151652913594065
3	189	0.11870764782381715
3	70	0.11463387168410738
3	73	0.1143081958809789
3	68	0.1094201485219048
3	107	0.10122215423168217
3	116	0.09895707627582363
3	58	0.09595585685892012
3	31	0.08952764905769016
3	67	0.08883916894020841
3	185	0.08173028540550223
3	71	0.08041995561726396
3	94	0.07966482481032519
3	159	0.07893345307209262
3	147	0.07873867123716823
3	65	0.07810558882838535
3	59	0.07808869251416324
3	53	0.0739686523202539
3	72	0.07259108991022989
3	97	0.06957540737636159
3	78	0.06780281095455591
3	151	0.057622098310682025
3	154	0.05674896304905421
3	148	0.054747204288382964
3	171	0.05369929449466805
3	91	0.04922418503242475
3	193	0.048279435875387466
3	96	0.04791428255017098
3	184	0.04774267601150697
3	49	0.04743337804629887
6	111	0.4528104770589386
6	8	0.4349049735228518
6	102	0.30947075254625084
6	177	0.21791870098213972
6	71	0.2164036841303204
6	4	0.19400935827649501
6	189	0.17230381323591934
6	109	0.16967304737452754
6	107	0.16841019515826208
6	169	0.1594672527423784
6	158	0.1469092189303687
6	94	0.14143542590429367
6	153	0.137778128287273
6	159	0.1337340647611176
6	164	0.13261428319994392
6	173	0.11498912627521166
6	186	0.11267944966366228
6	65	0.10876800354792401
6	53	0.10320125908534833
6	193	0.10249876958486384
6	91	0.10112317782260233
6	180	0.10095491333410428
6	82	0.09843421944704442
6	1	0.09474001195310794
6	80	0.09306887958320342
6	25	0.09060285581317158
6	5	0.08972207466434348
6	35	0.0876514904094677
6	194	0.08737462714269723
6	70	0.08587298050857388
6	13	0.08258348731331082
6	78	0.0816190325296116
6	75	0.07682631226103033
6	84	0.07523059003176304
6	74	0.0752266126691329
6	147	0.07486068508345138
6	187	0.07380057488086594
6	185	0.06892852469208467
6	64	0.060429281916507725
6	171	0.05982248354462572
6	32	0.057309135234571776
6	81	0.04817168705160902
156	122	0.5850785440032666
156	142	0.530441987474133
156	97	0.4590365961243339
156	38	0.4941225711019472
156	31	0.3602298497473592
156	199	0.2798690608205216
156	35	0.2674264682161768
156	60	0.2658845031915685
156	149	0.2452006461309684
156	140	0.23638342202336984
156	70	0.23155316159579514
156	43	0.22281859252117195
156	164	0.219166134145546
156	40	0.2191185353137009
156	98	0.2064017035554804
156	147	0.20359483698878425
156	135	0.19145779745098515
156	53	0.1805005038603668
156	152	0.17391406810204535
156	145	0.1690999755488388
156	0	0.16630097318015194
156	195	0.1618442744022827
156	133	0.15321395140428487
156	177	0.14925658921795815
156	25	0.1457740614815992
156	82	0.1440510213289891
156	72	0.13793508757582298
156	143	0.13782717880869594
156	114	0.1329286421535031
156	196	0.12820064841423448
156	66	0.11694249843342135
156	180	0.11214627346889022
156	130	0.10565421300989827
156	109	0.1034386970798831
156	185	0.10289455093780826
156	2	0.09712089680285303
156	187	0.09672168248417193
156	91	0.09520775448602006
156	92	0.09365671061490248
156	158	0.09028150606739394
156	101	0.08958022400257751
156	27	0.08536473378133465
156	62	0.08404129772448908
156	24	0.08355871064036861
156	151	0.07956545866748899
156	174	0.0786343213515593
156	44	0.07628550055350433
156	54	0.07570487332706029
156	59	0.07535687005007592
156	184	0.072937247377446
156	13	0.07215737369803964
156	127	0.0700092836258181
156	74	0.0673031017929549
156	153	0.0662179599974786
156	7	0.060911500353151765
156	71	0.05674896304905421
156	186	0.05671208212808961
156	69	0.055550752868155265
156	116	0.046622176131684914
156	148	0.045139304499185934
122	97	0.33954664042311883
122	187	0.3325565826503371
122	152	0.3200654257000891
122	25	0.2425483670676568
122	147	0.23641174550883906
122	186	0.23550519493377364
122	149	0.2306065595892868
122	148	0.22522162297444595
122	188	0.2226760349763464
122	43	0.21706127275317805
122	31	0.21217711926153476
122	53	0.20031432751179304
122	38	0.1988644800746594
122	72	0.1888650732733595
122	116	0.18321756758319413
122	164	0.16365500718998893
122	151	0.1584827786185788
122	142	0.15791729444152516
122	133	0.1578490393381622
122	184	0.15492241117937128
122	82	0.14730056298523458
122	140	0.14106300741870226
122	124	0.14071995506573307
122	20	0.1354032795004934
122	60	0.1321426947603599
122	2	0.12989200489481953
122	177	0.12158549491051455
122	153	0.1077500752612827
122	135	0.10631668693082544
122	40	0.10531799630145892
122	0	0.10274613674156144
122	84	0.10127164168495427
122	69	0.10071735363747528
122	46	0.09922244484097502
122	130	0.09259499888601384
122	59	0.0917393299409607
122	91	0.09035093507598599
122	172	0.08601591685977203
122	109	0.08558014847868299
122	143	0.08421406624480747
122	185	0.08305920166335368
122	56	0.07889370216620732
122	70	0.07436744645410234
122	150	0.07283976802551165
122	154	0.06566039487830756
122	23	0.06537462684048816
122	180	0.05513702399673223
122	71	0.053446023483608406
122	101	0.04985064392767225
122	159	0.04958729653087728
122	195	0.0487922250204236
122	35	0.04651441034123132
122	163	0.045863801363068495
122	117	0.04549956305501027
142	38	0.6165932977966289
142	31	0.3916605833116075
142	10	0.3664186210611735
142	199	0.34663137706507385
142	145	0.3461297653986157
142	114	0.34405081275422417
142	143	0.32118692407899463
142	130	0.3071088154316468
142	149	0.2967117136327618
142	195	0.2854724315988517
142	40	0.2696070290714908
142	135	0.2668692890299027
142	36	0.2601133698463477
142	27	0.24094771911850954
142	196	0.2352123670007997
142	44	0.2343052743177047
142	70	0.2325749994439609
142	7	0.22380672913251845
142	2	0.2151451416869764
142	100	0.202568966315664
142	66	0.19108206528906227
142	35	0.17996837032386093
142	98	0.17231351633315967
142	13	0.1697313194446453
142	97	0.16809925424990407
142	43	0.16021757951200954
142	60	0.1600421949970621
142	24	0.1549321711547157
142	30	0.15461983695323034
142	174	0.14079837001434167
142	173	0.1358253712581742
142	92	0.1337929912002139
142	32	0.12908575418560708
142	127	0.12793507678783364
142	110	0.12725631047219174
142	141	0.12471726343752368
142	74	0.12310244380512175
142	57	0.12168401540906253
142	101	0.11958501345862366
142	140	0.11858933711973706
142	0	0.1105167251118526
142	180	0.10996353074288752
142	152	0.10163783324705852
142	54	0.09876002110601023
142	193	0.09624714162030597
142	62	0.09622039166562936
142	164	0.09255335882512096
142	91	0.08020733597837518
142	163	0.07178431612842341
142	147	0.07091377053505059
142	25	0.056389118273346125
142	69	0.05273204152125495
142	162	0.05249370310172444
142	126	0.046432587443737613
142	133	0.045425716002062036
97	98	0.3837501028971053
97	177	0.3309279801374112
97	60	0.3045344339472737
97	38	0.2959819708426588
97	199	0.2857846931453888
97	35	0.2849120457343957
97	70	0.27117347121723084
97	31	0.2487969787070891
97	66	0.2316856509386336
97	71	0.23015203541734786
97	32	0.22663556751487424
97	96	0.22338872735566712
97	61	0.22123091558038616
97	169	0.21228216470511144
97	158	0.2120529683246676
97	114	0.1903111574927396
97	13	0.1729344449253101
97	99	0.16693292837066304
97	164	0.14787771126089433
97	196	0.1457936364229862
97	101	0.14037686891908271
97	0	0.13389119982947448
97	82	0.1312681330423777
97	45	0.11721866023016705
97	162	0.11662686280794585
97	92	0.11583767080361945
97	72	0.11438714984971195
97	24	0.11318294539009027
97	184	0.10750297112973822
97	159	0.0948282123745634
97	36	0.09148944502770692
97	185	0.09087856679363282
97	91	0.08896913352281624
97	53	0.08697568215024253
97	43	0.08362722848320621
97	56	0.08058786034827169
97	81	0.07769310718240725
97	62	0.07692671535110758
97	37	0.07663941919293482
97	67	0.07330725833975353
97	174	0.07297206109408727
97	7	0.07224988885508556
97	25	0.07178232643411384
97	64	0.06708110858960432
97	109	0.06609251143856358
97	163	0.06511672940456327
97	69	0.06319566980623538
97	34	0.06233407746699101
97	193	0.06000482663888121
97	74	0.05734501692439641
97	30	0.05223242147848795
97	195	0.05077828952293189
97	44	0.045394779926873775
137	62	0.5705783827300551
137	34	0.5115006118346368
137	140	0.4613146025589276
137	24	0.4494652916197088
137	37	0.4469801049864921
137	141	0.4436691494100681
137	171	0.42929330495438
137	123	0.4291056737620472
137	36	0.41669840155779225
137	61	0.4065240349485817
137	138	0.3809325166700835
137	174	0.380145741976316
137	134	0.3735908945773309
137	35	0.3663839910578632
137	145	0.3302777679057812
137	67	0.3266558096425595
137	169	0.3122982376686547
137	69	0.3030730320505324
137	42	0.29748668582943755
137	57	0.28925220726487383
137	114	0.2849855500689529
137	172	0.2652617577084969
137	65	0.2579210323479381
137	30	0.2532008669095824
137	32	0.24952855463733956
137	158	0.2302372663553245
137	92	0.2026648609542051
137	66	0.1819319013914492
137	60	0.18190289420964026
137	196	0.17171186114049705
137	54	0.16852678936216414
137	63	0.16233113817907496
137	45	0.16166898414007347
137	177	0.14886547690015126
137	40	0.1446972643346054
137	180	0.14463852006256614
137	70	0.13695397866189987
137	136	0.13408760919668014
137	146	0.1311305428998938
137	194	0.1133211497461769
137	81	0.11095132981365427
137	27	0.1057135428649565
137	195	0.09393622963965928
137	150	0.09164116224406453
137	68	0.08542628165296473
137	162	0.07898115382780642
137	38	0.0775569326958138
137	4	0.07696548444371329
137	130	0.06895639160633184
137	44	0.06852543767383917
137	23	0.06453120028374007
137	86	0.06318670574437134
137	127	0.061221340598128775
137	25	0.05840545290979119
137	10	0.05676590828514325
137	74	0.056578512092709164
137	100	0.05597542820518759
137	71	0.050942862700852215
137	53	0.049784807726879564
137	80	0.0467269473875429
137	20	0.04535286639580075
46	154	0.5741085870634921
46	151	0.5258199084744303
46	49	0.5118697009712662
46	47	0.4565546707295277
46	152	0.4274480193908846
46	116	0.398420513398076
46	149	0.3785876753534345
46	153	0.33916616042060493
46	44	0.332449849657158
46	117	0.3091542385273726
46	136	0.2529855998332128
46	146	0.2321966007138549
46	123	0.2298679067958596
46	42	0.2166514942375398
46	171	0.2039782254029168
46	187	0.1814774191949231
46	59	0.17770320989781296
46	163	0.16917768691325533
46	186	0.16906111907810356
46	31	0.1600421949970621
46	43	0.15924309337981354
46	64	0.15772227585914078
46	189	0.15535182146100476
46	164	0.14309122182416698
46	82	0.14245447150369075
46	56	0.13870016475755473
46	188	0.1284957064355177
46	101	0.1271972816716686
46	195	0.11712989591325915
46	126	0.11391340439633175
46	72	0.1101808652464494
46	84	0.1058618642089361
46	2	0.09892637974925801
46	110	0.0953187380762586
46	147	0.09498379825170958
46	148	0.09205166983169932
46	27	0.08709576554880835
46	138	0.08663526672395999
46	5	0.08203820684376004
46	71	0.0817422052357365
46	86	0.08159717904703699
46	124	0.08114221148565487
46	20	0.08084219252848934
46	172	0.08052725620902279
46	128	0.08047459967020351
46	77	0.072239941048363
46	177	0.07033964870344585
46	57	0.06900615368552253
46	159	0.06736083884447333
46	54	0.06573307980580016
46	109	0.06386396159970613
46	135	0.06208504497567995
46	127	0.05581094367352294
46	76	0.044768056253510234
116	188	0.517156297236771
116	186	0.4935025288464066
116	151	0.3679067500331549
116	187	0.3559931263468944
116	152	0.3498914009235444
116	154	0.3267987295287664
116	76	0.31039277359156103
116	77	0.2998183493001078
116	75	0.2894354632931068
116	117	0.2685866836266328
116	149	0.2600481047856744
116	126	0.23229120699067565
116	124	0.21266410676596548
116	59	0.2100369485187128
116	128	0.19474064419006676
116	153	0.19238243737391705
116	49	0.1870321907909222
116	47	0.18598976015430999
116	5	0.1829179568655601
116	143	0.1770542902824382
116	185	0.17340005120558097
116	110	0.17177979637638816
116	136	0.1641902283318718
116	193	0.16054883376576182
116	56	0.14957922173037702
116	104	0.14781902280929116
116	72	0.13617871249420432
116	123	0.1302262536632192
116	148	0.12410686004187085
116	82	0.12357514181588206
116	109	0.12031436635710355
116	23	0.11081305109431082
116	184	0.10787856415051607
116	150	0.10622770337103916
116	86	0.10522899372730872
116	44	0.10058867067141326
116	146	0.1001531033772361
116	147	0.09837381013142142
116	20	0.08868042946886782
116	135	0.08792337879010077
116	91	0.08395987632462254
116	133	0.08393703841352394
116	163	0.08080841464130246
116	101	0.08041796855168289
116	138	0.07105604997818425
116	43	0.0658346383990669
116	64	0.063477534542707
116	42	0.0605906887599021
116	172	0.059075134200686434
116	195	0.058092518296906225
116	111	0.057722762373564225
116	78	0.055138020956585834
116	161	0.0511762526434264
116	171	0.05085110102717162
116	8	0.04898177093152079
140	35	0.4343939932585806
140	141	0.4340937633299026
140	172	0.3629506070009511
140	62	0.3499177279274156
140	174	0.3396793398753223
140	37	0.33709369821752544
140	180	0.3034816423272709
140	145	0.3019919480431045
140	70	0.3014647512601705
140	24	0.2995817025292388
140	171	0.2890506011434927
140	196	0.2869413681851959
140	177	0.28335848470842423
140	114	0.2833492876026724
140	199	0.2522834680282278
140	189	0.25218046633453106
140	34	0.24751134421367624
140	65	0.2349572885191918
140	61	0.2302372663553245
140	40	0.22770725164343986
140	185	0.2257816208766434
140	169	0.22004176625150187
140	38	0.21558380602412935
140	92	0.21350415044001134
140	60	0.17839070235598986
140	158	0.17209033664003273
140	69	0.17043049160143495
140	195	0.16921654180670942
140	146	0.1682061439634633
140	71	0.16549381644516806
140	164	0.16047089483912969
140	66	0.15526399231020305
140	98	0.15132870208509885
140	193	0.1487090189237298
140	194	0.14772120641005526
140	173	0.1441783213537942
140	138	0.14388454487225202
140	147	0.1401415903566384
140	36	0.13575666200221762
140	67	0.13308581160556568
140	91	0.12296456301937188
140	123	0.12264938911926185
140	134	0.12023552364213905
140	100	0.11996941828677915
140	57	0.10824424355740707
140	54	0.10722619873475632
140	130	0.1023701336512449
140	102	0.10170710963662792
140	45	0.09701985791407547
140	159	0.09457252616128424
140	162	0.09289241846507597
140	31	0.07325752685521728
140	151	0.06951967824057617
140	27	0.0661323366044538
140	32	0.06600788226203805
140	136	0.06430912572517236
140	133	0.061910717630155036
140	77	0.05629940399422589
140	86	0.055474987075775736
140	13	0.055072221370518926
140	68	0.05292350569211831
140	4	0.05133882438741708
140	109	0.050016230031499805
140	186	0.047360542038774385
171	169	0.4659463564516502
171	172	0.4746301496846842
171	146	0.4650847317890124
171	123	0.3605952929068341
171	189	0.3590980155564041
171	24	0.33195164978383235
171	149	0.3182781490235572
171	194	0.3036995221879434
171	153	0.2969852779213341
171	65	0.2963924937394505
171	67	0.29056202101258816
171	35	0.287143241661521
171	154	0.2730253942602168
171	174	0.2496973394445991
171	164	0.2466850748989113
171	173	0.2442605392863946
171	62	0.2368082321015748
171	177	0.2297068831782809
171	159	0.22644583165331764
171	141	0.22043187949940024
171	34	0.21706127275317805
171	151	0.19303718413748674
171	49	0.1892989848590798
171	66	0.1845315859505427
171	158	0.17962000767013106
171	60	0.17260459369308498
171	134	0.1701974532464595
171	36	0.15673724435852535
171	37	0.15619095374185352
171	92	0.15554698855680352
171	114	0.15474672645374582
171	86	0.15313582840808124
171	145	0.14998002381087167
171	4	0.14864056621733582
171	54	0.14796574198548235
171	193	0.14390413076064226
171	30	0.13926896104962466
171	45	0.1371992811599333
171	57	0.13601186122223632
171	61	0.1312583053427049
171	71	0.13038353696434773
171	180	0.12526851441796424
171	42	0.12445145418007783
171	195	0.12169386732707793
171	136	0.11924000423384043
171	69	0.11594619340011372
171	47	0.10988449740604084
171	44	0.10685055248069604
171	138	0.10267687521733287
171	70	0.09800539666152888
171	31	0.08973199415493634
171	196	0.08908917445364482
171	152	0.08691315838819329
171	64	0.0844414377859176
171	107	0.08238683446671625
171	111	0.07687005241272546
171	148	0.0758351212437548
171	25	0.07391793116839518
171	8	0.0667884257890801
171	27	0.06446049562349276
171	23	0.061617839191158534
171	185	0.051061553154910636
171	32	0.050025207512849
171	13	0.0486216306952267
174	195	0.3949319581620739
174	145	0.3650586320990965
174	35	0.3225315337036944
174	66	0.3099408753331913
174	62	0.3016283837997781
174	61	0.2847834050863909
174	34	0.24453321763222294
174	180	0.2418329459068602
174	173	0.2297068831782809
174	24	0.22481339511982396
174	196	0.21826157818667408
174	141	0.2082009121526271
174	194	0.20790433078223344
174	67	0.19788461968092272
174	65	0.19285425746782195
174	70	0.19241132687710708
174	37	0.16369393561667972
174	123	0.15730294426168395
174	114	0.15003867364257056
174	32	0.1440510213289891
174	36	0.1437376471172442
174	177	0.1427189821388261
174	138	0.13060962021118486
174	109	0.12492399159702715
174	130	0.1243726924492407
174	91	0.11634079767001736
174	81	0.11604484790394705
174	92	0.11086243684402576
174	38	0.10580253623623076
174	60	0.10242950450784967
174	27	0.09924917895182156
174	57	0.09893232102715976
174	71	0.09535540177744893
174	158	0.09475685933958454
174	189	0.08550668998678372
174	199	0.0834733104838881
174	169	0.0823322075367188
174	102	0.07137641687126121
174	40	0.0711028125207548
174	25	0.07018342376307693
174	69	0.06764852190358253
174	133	0.06467659092863276
174	23	0.05842139831573818
174	94	0.05185943456607621
174	53	0.05018181338572867
174	45	0.04626295262383258
109	102	0.3167045508718563
109	111	0.3042985279913825
109	5	0.2919439299566425
109	13	0.24304712315905
109	101	0.231960065803478
109	169	0.2238827206156035
109	70	0.2058846508747832
109	84	0.2025401971664239
109	0	0.18866255594750164
109	47	0.17752888844129422
109	96	0.1774901488264681
109	188	0.174457077342866
109	75	0.17202240887774142
109	65	0.16283739267221345
109	64	0.15330183748582246
109	186	0.15312606289894656
109	8	0.14296388121882153
109	86	0.1404258832917513
109	82	0.1337929912002139
109	73	0.11992999380406386
109	159	0.11502859719367507
109	153	0.11403184562507385
109	158	0.11079329664117832
109	189	0.1102994068997898
109	78	0.10232065738025467
109	76	0.10220191226484646
109	91	0.09980660197070863
109	187	0.09647401527159992
109	150	0.08911794420975849
109	107	0.08757607379879076
109	100	0.08593055251997495
109	71	0.08333924962611555
109	195	0.08252488940977508
109	152	0.08206800486239238
109	59	0.0808948459234545
109	25	0.0793130615602677
109	163	0.07860649442428018
109	133	0.07750425127843913
109	104	0.07584705222130941
109	37	0.07484378033201639
109	81	0.07127593070107771
109	4	0.07097247359236579
109	80	0.06941518494169903
109	32	0.060775007513879875
109	53	0.060488066256665425
109	56	0.059836433430728066
109	67	0.0586227064992618
109	185	0.056360210438328825
109	177	0.05386282014034965
109	154	0.051957170507753885
109	164	0.04814375198825744
109	98	0.046838702260563074
109	74	0.04653736055409592
109	1	0.045891742429507935
109	141	0.04572209913649765
109	58	0.04501755241123272
109	184	0.044459671288602384
199	98	0.6412124158863362
199	38	0.4262867660874779
199	7	0.41232562766326425
199	96	0.3763667237293684
199	196	0.3754135595411402
199	31	0.35261768687594924
199	70	0.3521622598105574
199	114	0.3396262617168489
199	193	0.33484039943825805
199	135	0.33401441228927314
199	185	0.3291547462436393
199	147	0.31124196252080205
199	32	0.3015556604196515
199	13	0.2832389182686877
199	35	0.2641179325613791
199	145	0.2612784167277485
199	66	0.24372447273900524
199	78	0.2365155948513121
199	77	0.2069090691242694
199	195	0.19359550881838725
199	177	0.18073267449459468
199	173	0.17282773259122086
199	75	0.1723426254242369
199	172	0.1664079290616603
199	162	0.14998979885613528
199	61	0.1484743180010757
199	60	0.14711468030176536
199	164	0.14492244125805293
199	43	0.1412394211584443
199	10	0.13523639244877886
199	180	0.13248656725011282
199	45	0.12805311088911814
199	163	0.12723663430548712
199	189	0.11268932268595333
199	2	0.11044757955330076
199	91	0.1059014157720632
199	62	0.09523153688327672
199	54	0.09473307477819652
199	92	0.0937062718038021
199	0	0.08754332679993064
199	99	0.08667595884694984
199	71	0.08456157378472583
199	194	0.07708477249911766
199	68	0.07613140075165059
199	100	0.07176342430968156
199	101	0.07077248319759621
199	72	0.07065109321690201
199	158	0.07046402915091596
199	128	0.06841396274114014
199	74	0.0652541430228714
199	184	0.06368668557813792
199	130	0.0631857097368682
199	40	0.06153615011275901
199	73	0.05533441990105555
199	81	0.05341112339504809
199	117	0.044775042222068864
96	98	0.4843408134730218
96	78	0.44697210286286704
96	70	0.3482668355832475
96	75	0.3240091021609223
96	71	0.3203974828669398
96	32	0.3145796788222624
96	81	0.3032637307254689
96	7	0.303145682027897
96	66	0.2993177068680235
96	5	0.28079047594659273
96	73	0.2624520140678355
96	91	0.2415316372154993
96	177	0.2216683571984676
96	35	0.21099263195157664
96	99	0.2034031193563261
96	61	0.2025018377569302
96	193	0.19824010505761666
96	13	0.19262317304002066
96	101	0.16050986455264507
96	163	0.1496085503804523
96	185	0.14782880429019693
96	117	0.14556851770857124
96	68	0.13658108670267727
96	196	0.11834284567477765
96	184	0.10935098608609747
96	102	0.10792798199468842
96	77	0.0984817541362272
96	133	0.09244033417124027
96	82	0.0899224449198981
96	128	0.08510364444289173
96	92	0.07396666326268271
96	74	0.06960327178142663
96	158	0.0676037277017642
96	114	0.06624384594763191
96	111	0.06522825368963593
96	126	0.06459294185153677
96	76	0.06010645875740973
96	38	0.05884792683503545
96	67	0.05637915006505208
96	195	0.052233418750210016
96	63	0.048214587180728366
53	94	0.5377038950609331
53	40	0.3371291524529954
53	150	0.30361782096100776
53	27	0.2983432576190169
53	20	0.2686609109270276
53	25	0.26230302878241896
53	69	0.2393646135287763
53	84	0.2281623135860806
53	130	0.2033072546896248
53	67	0.2029621096254881
53	68	0.18994489399077047
53	4	0.18889400300895925
53	141	0.16228245535389973
53	107	0.15898967606756034
53	37	0.15800504878560512
53	65	0.1563665575924395
53	43	0.1515631974737267
53	158	0.1491588155118896
53	148	0.13853343124281636
53	152	0.13771926676951188
53	61	0.1371305981554099
53	159	0.1360314911843077
53	34	0.12773834523345798
53	24	0.12358498909555618
53	36	0.11476216145136894
53	49	0.11234375367959262
53	64	0.10896563315041433
53	138	0.10531799630145892
53	82	0.10297370330300262
53	80	0.100608468269969
53	86	0.10052927739786716
53	124	0.09639079640519746
53	92	0.09572896040064884
53	146	0.09264060429537573
53	133	0.08557121438745834
53	180	0.08407605041936142
53	62	0.07896823490883717
53	91	0.07878836105258391
53	134	0.07761955343985859
53	1	0.07731041969870392
53	63	0.07385229146305787
53	23	0.06573009276772447
53	127	0.06502014009305644
53	72	0.06244066100321724
53	8	0.05817922425603194
53	2	0.057012108903132575
53	111	0.054444110419221835
53	42	0.04664612393782897
53	35	0.04475208830893571
94	84	0.4395153832633326
94	91	0.4016879385369172
94	92	0.391728309348412
94	80	0.38622878926803705
94	64	0.37715613041088425
94	68	0.35708422636597176
94	63	0.32401805231293984
94	78	0.31490401634269544
94	40	0.3083671784535581
94	81	0.3055230174714517
94	69	0.3020646503555737
94	150	0.2966205147111876
94	82	0.2816285141851365
94	86	0.2758364421264722
94	67	0.2570526909430177
94	65	0.2510189615075179
94	34	0.25024109835246816
94	180	0.24764276299777604
94	61	0.2443733763931284
94	107	0.2348628067923325
94	25	0.23291549811338744
94	4	0.21923277075751804
94	24	0.20537706143414375
94	23	0.20136995606995856
94	159	0.19945028521986471
94	37	0.19293128085814465
94	27	0.1846571561897098
94	1	0.1793296710379074
94	133	0.1791554540597443
94	141	0.17855528741187215
94	128	0.16275951293915716
94	57	0.16096772117258387
94	62	0.15729319168850592
94	45	0.15708838056739555
94	111	0.15447341965257252
94	20	0.15098669911648727
94	73	0.14735926061904112
94	130	0.14336547780141162
94	36	0.14204297008350533
94	8	0.1351774893038091
94	32	0.1266069441779932
94	162	0.12099432167414463
94	124	0.11941744115141015
94	169	0.11581793912522817
94	152	0.10434876661869813
94	43	0.1029242332275166
94	194	0.1027164533531332
94	30	0.10253834918265768
94	148	0.09875110887996484
94	184	0.09246412903327604
94	35	0.09234515366755162
94	134	0.08976274446263459
94	195	0.07408501116341633
94	54	0.07282086880636256
94	158	0.06973960676821553
94	102	0.06358709054357413
94	74	0.060302744711736224
94	71	0.05727624355549931
94	138	0.05387179402516865
94	104	0.04432194322386234
4	107	0.6535324517713121
4	8	0.5303054337667447
4	1	0.4056722490739324
4	111	0.3698333237267079
4	159	0.28954540672750617
4	169	0.2659123821321116
4	158	0.2565483020650017
4	134	0.2465911579350508
4	102	0.24108900564054786
4	84	0.2408535224295106
4	150	0.22107874109405395
4	141	0.2104479417006783
4	177	0.20958763849137396
4	194	0.20257855595437685
4	74	0.19094717341117948
4	82	0.18392296797715624
4	65	0.17254638063103014
4	67	0.1681575582202261
4	146	0.16716623103455058
4	64	0.16357714880771218
4	86	0.15661043542869094
4	188	0.15214936125717562
4	185	0.14921748008566418
4	71	0.1484547588354598
4	37	0.14514760317073389
4	30	0.13934740850795266
4	104	0.13906302815697674
4	186	0.13812146773219813
4	148	0.1355210775001278
4	59	0.13510876776040198
4	80	0.13085534746425678
4	110	0.12497321098936814
4	58	0.12445145418007783
4	36	0.12053117599455118
4	45	0.11651835761713945
4	164	0.11470295126495675
4	173	0.11050684724040152
4	162	0.11034879832939824
4	100	0.10956835017302093
4	24	0.1078390294913236
4	75	0.10773030742026
4	189	0.10716688820071064
4	76	0.103686015788136
4	92	0.10179617783083572
4	123	0.1010538931450719
4	69	0.10064806322804884
4	184	0.09801133902768784
4	153	0.09424943194336896
4	136	0.09370032448565063
4	180	0.0914765538265165
4	161	0.0911721142501016
4	60	0.08595933831049725
4	187	0.08412073215507994
4	25	0.0767865482301448
4	91	0.07564919403982699
4	193	0.07476223916226475
4	5	0.06503706820482695
4	0	0.06455310863856573
4	57	0.06404621308285625
4	43	0.06204420290840509
4	68	0.05959828574483943
4	138	0.05854298105527156
4	172	0.05522076824099408
4	78	0.05171881274429045
4	61	0.05088002599530859
4	27	0.04814275430603026
4	81	0.047556100588860784
4	147	0.04602645727705605
4	35	0.04524109619936795
107	8	0.5045788145123684
107	111	0.4983811490199308
107	1	0.40434305909955054
107	102	0.3845258214235617
107	150	0.3391396111610059
107	84	0.3143634129883726
107	141	0.2581357192589771
107	86	0.2313449467029966
107	169	0.21809014631443946
107	159	0.21109773254387196
107	64	0.2079138985202338
107	188	0.20080381329013589
107	194	0.1890868595316252
107	80	0.17081884648473014
107	158	0.16910968958439468
107	71	0.16854622127109092
107	65	0.1648420943753844
107	134	0.1609092752446151
107	187	0.15616168547314005
107	110	0.15453198738743004
107	82	0.15204190589628433
107	136	0.14824938058694778
107	104	0.14311081226614467
107	75	0.14016119750837325
107	184	0.1399945332162202
107	76	0.13726796284521314
107	73	0.13589407920759872
107	186	0.13205426526118058
107	74	0.12672501886533974
107	146	0.12367361351712085
107	153	0.12109285651901275
107	37	0.12036364228329482
107	189	0.11849074229392405
107	177	0.11787940229534212
107	91	0.11170191062774204
107	92	0.11102046756274546
107	185	0.10931146421877466
107	59	0.09356849055035216
107	162	0.09307482760898382
107	193	0.0917393299409607
107	180	0.09129805712213884
107	68	0.09020414128127767
107	148	0.08919730828312973
107	20	0.08534289405735368
107	67	0.08281489378886697
107	58	0.0827304761508959
107	5	0.07532405736419953
107	78	0.07165001048108473
107	173	0.06778588908781255
107	161	0.061659679619012565
107	24	0.0584622582823933
107	151	0.051752721740240336
107	0	0.04480897400704988
107	36	0.04417922323442558
8	111	0.5547174225064028
8	102	0.40733341159734376
8	1	0.3837501028971053
8	84	0.20932948417315575
8	76	0.2085739762697896
8	188	0.19462519236286124
8	186	0.19325860373134726
8	80	0.19036898373217154
8	110	0.18889400300895925
8	82	0.172410545466102
8	194	0.16595090840239904
8	153	0.1613865505959008
8	75	0.15102578700106398
8	141	0.14702662698177335
8	5	0.14680159124658465
8	173	0.14428603303237564
8	86	0.142336904687679
8	104	0.1412492216588609
8	177	0.13663015364789333
8	47	0.13269287544213124
8	189	0.13262410732143434
8	150	0.13257498645343685
8	148	0.13254551362003586
8	187	0.13092414821540094
8	159	0.12079724483291203
8	45	0.1190034098304851
8	64	0.11840200495289464
8	169	0.11588699959957285
8	164	0.11535421840066043
8	0	0.10547621893306308
8	58	0.10435865772172556
8	193	0.10302317286907957
8	147	0.10068765786731752
8	146	0.0973576369431639
8	185	0.09522757315794934
8	158	0.090547315228569
8	161	0.08415945605241294
8	74	0.08144817593936378
8	78	0.07680643027612888
8	13	0.07126299673245186
8	71	0.06941020903231153
8	77	0.06631055163891228
8	59	0.06383408390063959
8	10	0.05692439449677949
8	134	0.054002412918322064
8	100	0.048174680089642166
1	150	0.3748206514361469
1	134	0.3243939063085238
1	141	0.3165875852872865
1	110	0.2958907286750656
1	104	0.293845491486562
1	102	0.2845904248815808
1	86	0.2466850748989113
1	138	0.2307580452969664
1	188	0.2121389197025497
1	84	0.2120434179690298
1	136	0.20909998916785166
1	30	0.20801914101204613
1	10	0.20763641797218174
1	37	0.20048709863102646
1	78	0.1989893357255534
1	2	0.19337411918532013
1	36	0.19215130934729152
1	68	0.18338185578942684
1	193	0.18288896047581835
1	111	0.17682180398106442
1	75	0.17329335660447126
1	76	0.1683421796961267
1	82	0.16115279249478082
1	81	0.15209074968787106
1	80	0.15078147997907348
1	69	0.14906103888901548
1	127	0.14771142461115394
1	186	0.14740817452102006
1	100	0.14057292227913182
1	73	0.13889631176667416
1	67	0.12909558754159392
1	162	0.1142884571631285
1	63	0.11252147828233004
1	91	0.111731536208951
1	5	0.1002125011815854
1	184	0.09904718434637527
1	159	0.0914517629688246
1	172	0.09025075865461066
1	58	0.09014462916648096
1	187	0.08743516112613138
1	23	0.08040703967956199
1	123	0.08035835628710057
1	65	0.06979732444514912
1	92	0.06557974366382502
1	64	0.05477312632281317
1	32	0.050451129812305325
1	148	0.047755646371735655
1	173	0.047570068917402106
1	0	0.044042489804810514
1	74	0.04394368140865822
91	180	0.5595240119777568
91	92	0.4845091866041189
91	84	0.4508208221829532
91	195	0.3902204024147122
91	82	0.3722306136185966
91	78	0.32552085351575977
91	80	0.3252257898927853
91	73	0.2978785813931417
91	64	0.29572647916705314
91	194	0.2847190809153509
91	74	0.24400663161424999
91	189	0.2372801371173576
91	81	0.23347341409849146
91	124	0.2304740004244366
91	86	0.2294795343095051
91	184	0.2255918077759775
91	23	0.2214686666464594
91	128	0.22143062824431933
91	98	0.22040333701706366
91	40	0.20542495195545493
91	35	0.20104372069869925
91	45	0.19987274473518615
91	187	0.19368213417893496
91	68	0.19351850596364173
91	133	0.189559296339515
91	173	0.1857001216593256
91	193	0.18249264461295306
91	71	0.18085842518039089
91	152	0.1791844910033702
91	60	0.1746025082452825
91	69	0.16939138231651418
91	150	0.16133785248391594
91	162	0.15917486770480752
91	159	0.1582000495016972
91	61	0.15344830889856698
91	65	0.15169997857409975
91	70	0.15166089885232487
91	186	0.15004844851186827
91	75	0.1486503452626206
91	20	0.14744730512347567
91	126	0.14639061722848207
91	63	0.1423564994360066
91	25	0.14220953610487072
91	143	0.13888650467490699
91	38	0.13830783810645186
91	145	0.13251604055224445
91	164	0.13189705207345045
91	62	0.1254555284464558
91	72	0.12418562705864385
91	34	0.11834284567477765
91	57	0.11796815075374345
91	127	0.1160152517931234
91	76	0.1131138415692459
91	148	0.10558499389497182
91	196	0.10452680331303453
91	43	0.10429931079396132
91	153	0.10280550296939428
91	31	0.10139040952759727
91	151	0.0957240062184469
91	56	0.09128020712884097
91	177	0.08886893208893734
91	188	0.07970655811832313
91	154	0.0740233511727848
91	66	0.07353005091186514
91	49	0.0712719510209763
91	136	0.06531687450439815
91	24	0.0644346036141472
91	102	0.06341379216526973
91	138	0.061087841742789625
91	104	0.05728122715123168
91	47	0.04519219638208778
91	110	0.04517722700696062
78	81	0.4983736328201687
78	73	0.4478439131457829
78	7	0.4198253618739288
78	80	0.3753620145006009
78	98	0.3611954235066136
78	75	0.3252973262862414
78	92	0.31851179142900377
78	63	0.3180085135799691
78	162	0.29568085119994525
78	74	0.2767970370418615
78	77	0.2572954949277184
78	86	0.246168474299688
78	68	0.2384594094014537
78	128	0.2240726874124959
78	193	0.22192507487520174
78	76	0.2144583623714779
78	32	0.20142752238280948
78	104	0.19940227376192352
78	184	0.1901955010524094
78	84	0.18561322381540216
78	82	0.1746025082452825
78	110	0.17370071408500753
78	65	0.16664127375415727
78	143	0.16206824154043353
78	150	0.15514688295769827
78	133	0.15447341965257252
78	57	0.14522591683506708
78	30	0.1327419947462416
78	64	0.1275219289137892
78	99	0.1222750879839196
78	100	0.12089578444481625
78	66	0.11824424501115025
78	111	0.11752438964440895
78	61	0.11439701899422212
78	194	0.112412869657618
78	23	0.10893598925879447
78	126	0.1082047120589164
78	195	0.1057135428649565
78	69	0.10284508004776588
78	188	0.09707136818581093
78	5	0.0962560582409715
78	67	0.09399173520276477
78	0	0.09151522733808974
78	180	0.08969826781430043
78	186	0.08954153682748325
78	31	0.08647448038719359
78	185	0.08336109678658445
78	45	0.08119386889660409
78	101	0.07920474629552679
78	102	0.07658374787569462
78	124	0.07227774263742985
78	117	0.07063417805339589
78	40	0.07063019800901986
78	43	0.06916539003015824
78	134	0.06523621964767826
78	70	0.06426132408950845
78	196	0.06398147943809268
78	2	0.06102109149522378
78	10	0.059420916113196
78	60	0.04882215355616956
73	58	0.2683918217880559
73	75	0.4621486145878328
73	184	0.4298478239296958
73	84	0.33902455812704024
73	68	0.3128937449132118
73	7	0.2908824392132092
73	76	0.29086413135857186
73	162	0.29044299193461304
73	82	0.2701818663810464
73	63	0.2543422987208361
73	188	0.2464972363392575
73	110	0.24239777397842335
73	104	0.2416163849951763
73	64	0.23474942286187836
73	187	0.2334450491948792
73	56	0.2184044277913388
73	77	0.20935816942801871
73	80	0.20255937663809967
73	74	0.19444238260842364
73	150	0.1925846568907488
73	81	0.1864627668354658
73	126	0.18225095948288292
73	98	0.17867145908326704
73	92	0.16339222698451658
73	128	0.16296394291043734
73	59	0.15925283978066487
73	148	0.15316512475602462
73	161	0.15312606289894656
73	143	0.14517697100804378
73	31	0.1367380985672421
73	186	0.13405814846278766
73	102	0.13213286936429447
73	147	0.12871206786344794
73	99	0.11967372545181792
73	135	0.11651835761713945
73	133	0.11621255530471965
73	127	0.11475229314358125
73	5	0.10628702593336818
73	193	0.0980856180148415
73	86	0.09439809739719557
73	43	0.09070500934512336
73	124	0.08805038785339384
73	185	0.08767530597255338
73	2	0.0872317246885614
73	20	0.08545109915871797
73	23	0.07517788978269369
73	69	0.06698753098807693
73	101	0.05368533485477345
73	100	0.05311895468632059
73	111	0.04753913902205572
73	152	0.04413530902845541
84	82	0.6044375938303331
84	64	0.5590292210595142
84	86	0.5170903647254012
84	80	0.4173757871508168
84	187	0.3897201277523584
84	148	0.38791213785425294
84	189	0.3843979930676261
84	68	0.37914437467320267
84	159	0.3179006449938765
84	43	0.3107632255204086
84	188	0.3102120311085184
84	184	0.3089642972307937
84	150	0.3014374774434034
84	47	0.28220844300338105
84	49	0.2811681067015671
84	76	0.2807075697479066
84	153	0.2684660574603575
84	92	0.2638481418064021
84	111	0.2538090947800855
84	45	0.2466662918767675
84	147	0.23538240132564545
84	152	0.2346832792854921
84	186	0.23048346921996446
84	63	0.22282809601874431
84	164	0.2223528692916009
84	173	0.21687068760121392
84	169	0.1940574758281372
84	58	0.18170950490918844
84	146	0.17607577733667545
84	69	0.17103241905796684
84	102	0.17011976956274735
84	110	0.16625235557661872
84	31	0.1618053218929001
84	180	0.15918461432290792
84	154	0.15623973358016285
84	65	0.14828850123978862
84	149	0.11823438481650625
84	162	0.1181062001650379
84	77	0.11712003309583235
84	136	0.1143081958809789
84	56	0.11185003654721316
84	75	0.1109414529046719
84	71	0.1085308366762605
84	151	0.10726573866683878
84	20	0.1004698834078252
84	59	0.09985610365574778
84	60	0.097004999085245
84	0	0.09413049655343927
84	74	0.09184840306831588
84	72	0.08447420239284323
84	193	0.08101803323409999
84	161	0.08089285901108523
84	70	0.0749998990464065
84	194	0.07428291601392213
84	124	0.07245580522290247
84	81	0.06989285612475754
84	177	0.0694748955848638
84	172	0.06639716859223348
84	67	0.05452786104647028
84	25	0.053469954897448636
84	104	0.04774666689329235
84	2	0.04380195473392925
180	195	0.4610311675187039
180	145	0.43953151964604426
180	194	0.4181682349430048
180	92	0.4095330109839287
180	189	0.3682006924249911
180	196	0.3647552370782496
180	60	0.34405081275422417
180	35	0.3100403049748039
180	173	0.3093622411746419
180	80	0.30344532593072504
180	74	0.28889479703150106
180	40	0.26829902271471423
180	62	0.2407404804131771
180	25	0.2353918472546625
180	164	0.20971192459715865
180	23	0.1953274408203758
180	45	0.18799702897311846
180	57	0.1873506273819288
180	177	0.1821929517733689
180	38	0.1761436063129963
180	24	0.17357463359063202
180	128	0.16612594602521122
180	151	0.16523119953183732
180	184	0.16161055178496758
180	71	0.15131893107407354
180	147	0.13961215576165187
180	187	0.1372090929100438
180	159	0.13313492568704285
180	130	0.1322409472925191
180	70	0.13200513685328946
180	34	0.13053098409953331
180	185	0.1281219624398952
180	82	0.1139331448260811
180	146	0.1130743531802458
180	27	0.11099083723039367
180	193	0.10875812184196214
180	61	0.10592119142797793
180	153	0.10180607419614304
180	43	0.10151907142904297
180	72	0.10070745506735927
180	169	0.09234416219508748
180	77	0.09099658270603243
180	133	0.08073986482918404
180	66	0.08061170443647239
180	126	0.07922561451958507
180	127	0.07826361688773859
180	81	0.07816422862959428
180	69	0.0780419789414142
180	148	0.07740783322404877
180	64	0.07677859539465147
180	65	0.07484676352657219
180	124	0.07337091410795107
180	98	0.06895738685127926
180	152	0.06710798704428733
180	123	0.06299447396652312
180	136	0.058879815956461315
180	154	0.05560259225228376
180	20	0.05259641872033997
92	69	0.4183497480134191
92	65	0.39345388782107343
92	40	0.3644777795449643
92	24	0.3619169234696822
92	62	0.34855677662006984
92	60	0.3369341423269453
92	80	0.3294043872322178
92	63	0.32925282497893754
92	34	0.3173521858052839
92	81	0.3132094444537147
92	35	0.3104560281599216
92	64	0.3046433010217233
92	68	0.2824477186239546
92	45	0.28002573782716955
92	67	0.2697275754122771
92	61	0.2642667649454527
92	195	0.25574472761615313
92	38	0.2506441280990063
92	86	0.24942540090133106
92	74	0.24070279828948904
92	37	0.2387706201468061
92	31	0.22076484722223386
92	57	0.2194421867920405
92	189	0.21870914232651145
92	36	0.21097352222875373
92	194	0.206315536104744
92	32	0.20477355666252328
92	162	0.1987684328730854
92	145	0.19275797488775476
92	196	0.18739887191707733
92	98	0.18596079775844396
92	169	0.1853621692952115
92	82	0.18514971964444807
92	164	0.17071205417714025
92	141	0.16821586101404964
92	66	0.16383991267556738
92	148	0.1458327859632783
92	128	0.142336904687679
92	23	0.12983301675114114
92	100	0.12977402768842256
92	159	0.12664630280591666
92	149	0.11197840832391172
92	138	0.11190928552368153
92	184	0.11006232045842228
92	151	0.10687032409762992
92	127	0.1054564413959997
92	70	0.1043388754950281
92	30	0.09722589587984254
92	150	0.09355659559774587
92	123	0.090098010893549
92	25	0.08914770586994122
92	172	0.08757905078930249
92	124	0.08596231614270579
92	10	0.08399661538782452
92	27	0.08305026374615136
92	49	0.07913021635731989
92	71	0.07824672099355393
92	7	0.0769446088073773
92	54	0.07544337543949006
92	146	0.07385030237108599
92	110	0.0730914210577172
92	130	0.07065407824153838
92	133	0.06884890434452677
92	173	0.06351338940245023
92	43	0.06330024977417427
92	136	0.0632574219552569
92	158	0.058996409533294235
92	114	0.05679381801446135
92	187	0.05439924369658149
98	38	0.3312663225090274
98	32	0.31338981312145675
98	7	0.31020299339552504
98	70	0.28167454780587897
98	31	0.2631409081647041
98	66	0.23382321522591776
98	114	0.23244256789103984
98	193	0.22857936615247826
98	75	0.2253070560123412
98	196	0.2093868543225544
98	68	0.20649744141279253
98	13	0.2064208514431701
98	61	0.20378653900879012
98	35	0.20301963730778605
98	99	0.19318159045186656
98	101	0.18460886065711088
98	162	0.17495151132003442
98	185	0.14152362442318694
98	81	0.13977883823980694
98	128	0.12632158221095005
98	184	0.1115439041758448
98	60	0.1103290418229446
98	135	0.10167741987613156
98	45	0.10098460748732646
98	143	0.09956007622727572
98	195	0.09898579221082247
98	63	0.09784098842788924
98	40	0.096402684897218
98	74	0.09525432824530304
98	37	0.09104220161765572
98	145	0.08695087121553115
98	133	0.08482368015313015
98	77	0.08441165162116343
98	124	0.08437987954581412
98	72	0.08281787321320684
98	100	0.0823550515858312
98	177	0.07957837635551808
98	62	0.07938063343753103
98	69	0.0751401044399425
98	0	0.07129682398437744
98	36	0.06976349000153031
98	10	0.06670181336639136
98	147	0.06669086229880776
98	126	0.061914702297420424
98	80	0.0556015953438766
98	2	0.054754183304913634
98	5	0.053497874802630664
98	150	0.05009602958216643
98	71	0.0482475104150011
98	163	0.04675787965709053
98	67	0.046683043367240135
62	34	0.6345579610162909
62	61	0.5988485640783403
62	24	0.5549665966252179
62	35	0.5342114361051027
62	37	0.5259356608828716
62	36	0.4149284102711289
62	67	0.3723598230588139
62	65	0.3331434617913397
62	32	0.30359058622638363
62	145	0.30123745438346977
62	141	0.3005280681693097
62	69	0.29990025689588873
62	60	0.28783125493282385
62	66	0.2866017962279593
62	158	0.27938050154431376
62	81	0.2603277954523345
62	40	0.2584157073532318
62	42	0.25300431970421866
62	57	0.2515810704686384
62	138	0.22649326723046506
62	196	0.222647522324379
62	54	0.2196801350147776
62	63	0.21422938876400685
62	30	0.2127213924736015
62	70	0.2110499601523139
62	169	0.20869831749415935
62	38	0.2040069770134739
62	134	0.2021853489269781
62	45	0.19585639989589115
62	114	0.19550056722592052
62	23	0.1912843895726825
62	195	0.1601980928430257
62	123	0.15591777257376166
62	177	0.13003947123056847
62	130	0.12889891560046485
62	25	0.0960886213424821
62	68	0.09462604291394056
62	133	0.08750164852774246
62	172	0.07238816187910065
62	71	0.07021327592882501
62	86	0.06595511300062612
62	74	0.06512071244277201
62	189	0.06327335791510354
62	194	0.062363960844983066
62	80	0.053748153068971835
62	10	0.052749991452187686
62	44	0.04903165084862469
34	24	0.5771976167058878
34	67	0.4829695350625084
34	37	0.5522271579969953
34	36	0.5415102638766371
34	61	0.525827143570625
34	42	0.4347508978369712
34	69	0.4251404913076188
34	35	0.4134371961910521
34	141	0.4058560272749427
34	138	0.3912626071471553
34	30	0.3893129548689927
34	57	0.34654338934659346
34	123	0.34617377434621405
34	134	0.3425952998908677
34	63	0.32245089375622976
34	32	0.3207115185469726
34	65	0.27191448226392473
34	40	0.24382793578672826
34	45	0.239317477735594
34	54	0.225980906183304
34	23	0.2259049902006177
34	169	0.21831871915131407
34	81	0.21283595950165074
34	68	0.20547284149298545
34	114	0.1689639756023073
34	195	0.16605787708185715
34	158	0.16571750863994356
34	27	0.15509808610696954
34	25	0.15142641056855588
34	145	0.1505957943220897
34	100	0.14564682158105008
34	38	0.13914148020196304
34	130	0.13431346694521445
34	104	0.12491414764476677
34	44	0.1220780734079798
34	86	0.12065928537710655
34	64	0.11682413783877625
34	177	0.1139331448260811
34	10	0.11358767433052028
34	66	0.10859012955353242
34	60	0.1078192620338178
34	127	0.10665283166612977
34	150	0.10594096700010636
34	126	0.1051696577412152
34	49	0.08948499354710368
34	70	0.08576180534668469
34	20	0.08515725309443979
34	172	0.08034146604094079
34	110	0.0797254373801569
34	196	0.07583114424641088
34	74	0.06311997296346279
34	159	0.06120639680519487
34	80	0.056672210688073564
34	72	0.05641503556229335
34	194	0.053630493209232986
34	162	0.04666907386840263
34	136	0.046659095643770784
24	36	0.5665586306839229
24	35	0.5701600818144281
24	37	0.5653895931651247
24	61	0.4695399411509115
24	67	0.44449602366973795
24	141	0.4360556799961959
24	65	0.4211013378686725
24	32	0.4050622046040528
24	30	0.4006894720405674
24	134	0.3505844942444896
24	169	0.34807350452712044
24	158	0.3435570054033279
24	69	0.333783399295625
24	66	0.3297520247267716
24	57	0.3224598539815483
24	42	0.31854773298062106
24	138	0.2999548595034579
24	63	0.2995725999939345
24	54	0.29851633615305995
24	114	0.2973773017245144
24	70	0.2891055871748007
24	123	0.2593113773503994
24	38	0.2561372151812967
24	159	0.25072847217304184
24	40	0.2348250128588177
24	74	0.21831871915131407
24	177	0.21101174151311985
24	145	0.2097788450782754
24	64	0.2060187126212063
24	45	0.19999754810682865
24	60	0.19682746414798305
24	27	0.1719350707796314
24	100	0.16807981933175234
24	196	0.16005193884642568
24	81	0.15283308372625345
24	31	0.1496085503804523
24	13	0.1474375225161297
24	130	0.1470168431356792
24	10	0.13789584840288094
24	110	0.13542291276636062
24	71	0.13408760919668014
24	136	0.13169069969564962
24	172	0.12977402768842256
24	164	0.11986100004920608
24	44	0.11532461749610272
24	68	0.11177103667494466
24	195	0.10797739930550684
24	149	0.10440811292715832
24	127	0.09769836491113608
24	0	0.09509775948537108
24	2	0.09404228440364877
24	82	0.09057905277447677
24	80	0.08601293905521748
24	25	0.08419122931678404
24	189	0.08300855328923012
24	101	0.07541652906078954
24	104	0.07338583334216482
24	72	0.06445850393354699
24	151	0.06155308572117867
24	86	0.04956036288512291
24	23	0.04641861761844982
67	68	0.4816035642372726
67	37	0.4772136301557137
67	36	0.4687990552605724
67	61	0.4626439140686261
67	32	0.4617789175439396
67	65	0.44933760548606017
67	42	0.4019478866670119
67	63	0.37872473446957344
67	134	0.3635669175456703
67	66	0.3590021964241854
67	69	0.358305102427908
67	30	0.34632339337181395
67	141	0.3423039995761001
67	86	0.3251542497767556
67	64	0.3049789243854889
67	158	0.2971038073112843
67	169	0.2873634381846912
67	35	0.27213672275979983
67	81	0.2610361495422916
67	100	0.2456517337936771
67	54	0.2249842908111704
67	172	0.22163032233566607
67	45	0.2147540850610925
67	82	0.2106199632820248
67	49	0.20116846302267846
67	104	0.19742337189980155
67	162	0.1945097351427697
67	57	0.19435578379880825
67	138	0.18241530776927264
67	159	0.18073267449459468
67	123	0.17182832054465194
67	177	0.16295420846704095
67	13	0.16210719064331966
67	27	0.16204876679960972
67	40	0.14569576057478706
67	150	0.14237609407275684
67	114	0.1366203403124745
67	70	0.13468659264243532
67	153	0.12525867132764135
67	58	0.12490430366791345
67	130	0.11970329569162876
67	47	0.11124762688312298
67	23	0.1108426826098264
67	161	0.1003510932799124
67	31	0.09824704724396928
67	44	0.09088352549681007
67	146	0.08168459250636716
67	80	0.0733520163641387
67	10	0.07150575337335263
67	71	0.05717358084872035
67	2	0.055055272914795575
67	72	0.053390183279274174
67	133	0.053229640833046384
67	189	0.047686803506519534
67	152	0.04687661882622513
67	193	0.04624698685618854
67	56	0.046041425490199364
67	43	0.046006499627382486
67	164	0.045149284119112745
61	35	0.5392376003342991
61	37	0.5092747064720377
61	32	0.4613303461904194
61	81	0.4197100305628471
61	66	0.3646251869212001
61	65	0.3522148176045279
61	63	0.33477824624807834
61	36	0.33004610970303017
61	70	0.32124073337954745
61	158	0.3165066034730241
61	57	0.24721092422654165
61	69	0.2387517602849259
61	169	0.2363267738473289
61	30	0.23200737498114016
61	60	0.2138286283056353
61	54	0.21369502548249256
61	68	0.20626766391596704
61	177	0.2047352336370224
61	141	0.18180620131738304
61	196	0.17900058509004166
61	23	0.1777128940962954
61	45	0.17639552786177176
61	71	0.16336302775199268
61	134	0.16136707144540416
61	40	0.15962317999384978
61	42	0.15867774907786347
61	13	0.1255834802772903
61	133	0.1188752488840021
61	25	0.10438833090693382
61	64	0.10386407732078796
61	38	0.09839559718132243
61	114	0.0982490279386155
61	145	0.0949857802074892
61	195	0.0943941330397018
61	101	0.09403534630674036
61	159	0.07900997285913254
61	74	0.07408898920788193
61	123	0.07376477086065125
61	72	0.06227530649761221
61	100	0.05641104829201856
61	138	0.04494270415216353
61	128	0.04398360409657751
44	149	0.468682012914181
44	123	0.3638706155719381
44	42	0.3634020205286169
44	2	0.34392737874421664
44	136	0.3354528963456093
44	49	0.3307409649424505
44	43	0.27792318394025783
44	138	0.2610454681192527
44	110	0.2604303377537943
44	27	0.2603557621170786
44	10	0.2590688440255454
44	45	0.25670710624219195
44	30	0.2323101277186739
44	47	0.22223879914430728
44	127	0.20357566592787715
44	31	0.20137955055204573
44	146	0.1990757704693408
44	130	0.1903497084657852
44	151	0.1828696293725493
44	36	0.1744473816786699
44	154	0.17007121618659318
44	57	0.1694302343156296
44	164	0.16850735732224498
44	60	0.16256480473544122
44	153	0.15116259087727488
44	74	0.14913926042060086
44	143	0.13880804696023144
44	104	0.13469641122442833
44	100	0.13254551362003586
44	72	0.12791540408517715
44	152	0.12708905986422908
44	69	0.12531772949963302
44	38	0.12271833552612725
44	7	0.1205705946939074
44	77	0.11980186162353355
44	145	0.11975257895266925
44	54	0.11839214513156855
44	80	0.11124762688312298
44	117	0.09351793681733754
44	114	0.09178890890826943
44	135	0.08807916294665646
44	23	0.08421307333673281
44	40	0.08185345585648868
44	101	0.08108459308994513
44	13	0.07633620356283989
44	0	0.07625766343942435
44	126	0.0749770283816104
44	128	0.06489268016814044
44	161	0.05283874338730304
44	59	0.04843806404262803
44	134	0.04622802747642342
123	138	0.5632563777224162
123	136	0.5191971599759458
123	42	0.3793070503657052
123	134	0.33672137103335514
123	149	0.31967942260598786
123	146	0.3097600767974711
123	104	0.2991174037210356
123	126	0.2942383134035701
123	30	0.29165117661965245
123	69	0.2760674047589815
123	57	0.2667299663364195
123	141	0.2660982303667701
123	127	0.2480369646597103
123	49	0.22474693194838946
123	23	0.22412017645194424
123	145	0.20615276663446847
123	154	0.2033935330651173
123	36	0.20173451920932792
123	20	0.1932393506346916
123	100	0.18462817897715286
123	27	0.1827923035455784
123	10	0.17765478838916082
123	110	0.17677336685038592
123	45	0.16966333524747906
123	195	0.1687891090743992
123	2	0.16831302972160428
123	143	0.16626207916199534
123	130	0.16295420846704095
123	54	0.1627205723120217
123	151	0.161892964329775
123	150	0.15663969948633594
123	152	0.15366312143895386
123	37	0.13819994066173916
123	172	0.12510117853016994
123	169	0.11847102304831587
123	128	0.11364689979722666
123	194	0.11181053678773926
123	153	0.09471127216858066
123	124	0.09214487251502296
123	47	0.09164017064207627
123	74	0.08949193748980543
123	162	0.07808968641624173
123	164	0.07689689281387807
123	25	0.06854036722245811
123	117	0.06534674645703205
123	63	0.06402330739321921
123	186	0.06394363490402866
123	31	0.05654661447106597
123	148	0.054086167572306505
123	86	0.05108050359816122
123	159	0.05025961666031197
187	188	0.629779127565642
187	147	0.5646952516809047
187	184	0.4523254159083941
187	186	0.4960776976747479
187	148	0.434385880204752
187	185	0.3610301999752377
187	76	0.31728024097167623
187	152	0.3168394991941505
187	151	0.2955987174594024
187	173	0.27968471584272925
187	82	0.2680391588219265
187	77	0.2598056709039433
187	75	0.24906900809061944
187	146	0.23928919571820556
187	150	0.2375537907388348
187	47	0.2344659350932661
187	189	0.23072964257861425
187	161	0.2295079542881425
187	59	0.2206506926527562
187	193	0.21772819039356345
187	43	0.20508969765859536
187	102	0.186173181154094
187	149	0.1857097767960438
187	164	0.18473442718682692
187	154	0.17820674253913704
187	159	0.17451525061756173
187	124	0.16844906041667582
187	111	0.15820979921371622
187	136	0.15801479911424438
187	80	0.15506880763323672
187	153	0.15347760237220207
187	71	0.15312606289894656
187	68	0.15245217064235614
187	177	0.15099647113189935
187	172	0.14670374488122984
187	135	0.14608724683689248
187	20	0.1361492687131768
187	64	0.1354032795004934
187	58	0.12781703906232508
187	49	0.11924986204029955
187	56	0.10721631369873427
187	86	0.10560477088938736
187	45	0.10476417514903777
187	126	0.09641358265740706
187	60	0.08282482519757563
187	128	0.0794372740079453
187	72	0.07847431484763494
187	163	0.07166791805095535
187	31	0.07043019788597656
187	5	0.0699077828339373
187	2	0.06603078201533606
187	25	0.053350297214581295
187	63	0.05170883948748865
188	186	0.5585271512374552
188	76	0.5269693328692693
188	148	0.4424073139352003
188	150	0.4272600246279967
188	147	0.36202120087727147
188	75	0.3289407316244796
188	124	0.30840337439440324
188	77	0.2971949775350464
188	184	0.2844801401209838
188	82	0.2768432055728716
188	126	0.2699222862578122
188	68	0.26493635484089223
188	161	0.2443169586668021
188	86	0.23083378395658286
188	20	0.22015595303038316
188	47	0.21908997551394555
188	5	0.21809014631443946
188	185	0.2145823799026268
188	102	0.2127404873845447
188	172	0.21018032667246955
188	146	0.20665061375980426
188	152	0.20065985728089306
188	104	0.2002663333226272
188	135	0.19865317119118145
188	193	0.19207426193312968
188	59	0.17924256395404525
188	110	0.17834229308637636
188	111	0.17189625297942898
188	154	0.16841019515826208
188	143	0.1667676610046367
188	151	0.15548843970238688
188	128	0.14105320639259752
188	136	0.13431346694521445
188	72	0.13340995245310586
188	58	0.12893825080041554
188	43	0.12097461441897545
188	64	0.12032422158977847
188	153	0.10359698252862932
188	56	0.10176648861403176
188	127	0.09744876410381836
188	189	0.09171454028672768
188	63	0.09009106771273112
188	49	0.0863007863817071
188	23	0.07663246030440571
188	2	0.07424711456445593
188	159	0.07192458813640434
188	149	0.06515655969325937
188	163	0.06176228736963596
188	133	0.061559062986276926
188	134	0.05675594050316871
188	162	0.053822936102576
188	117	0.05328149335295243
188	25	0.05278788563886985
188	138	0.04815871721013625
188	100	0.046134227949969284
147	135	0.5728334389307898
147	148	0.5539138510367669
147	185	0.4009328836539561
147	189	0.4085504430137893
147	146	0.3945014168200934
147	164	0.3936144626824186
147	172	0.38209456490151134
147	173	0.36411351830677785
147	43	0.3298322360702652
147	31	0.31817030102261296
147	77	0.2925749931661076
147	184	0.28992098913726644
147	186	0.2747458688417249
147	193	0.27185891760660114
147	149	0.24922845532477694
147	161	0.22335072311703896
147	2	0.19026296795106276
147	159	0.18966534152793246
147	7	0.18869148797694074
147	154	0.18831534606212552
147	13	0.18160313480134607
147	45	0.17788720378144768
147	76	0.17446677297323265
147	47	0.16828387945270112
147	75	0.16657321681238008
147	82	0.1557226285614405
147	102	0.14638083151628514
147	59	0.1329875814819146
147	153	0.12221598462220687
147	68	0.11984128733513966
147	80	0.1124227432799858
147	177	0.10702849398910574
147	60	0.10139040952759727
147	70	0.09735565589979712
147	72	0.0913426818486864
147	10	0.08234809905830494
147	111	0.08163691259334484
147	130	0.08093259713629726
147	152	0.07922462079620435
147	54	0.07783623636459408
147	0	0.07736509073662888
147	38	0.0736722762618456
147	162	0.06571416187809315
147	151	0.06553593276835885
147	114	0.059863336716490335
147	195	0.05429156266635456
147	163	0.053490894834175136
147	49	0.050780284365859935
184	185	0.3308122118902845
184	82	0.31262309026416923
184	162	0.26421095427596863
184	75	0.2640993276287497
184	58	0.2572207894679043
184	148	0.24973484511952335
184	59	0.21829014885609369
184	159	0.2081339455101478
184	80	0.2066218947160536
184	64	0.19943108075158605
184	56	0.17852624371602355
184	74	0.1579952984261538
184	60	0.1553030277914577
184	186	0.1496085503804523
184	151	0.14745708770197336
184	77	0.14516718175736146
184	161	0.14504970853281365
184	193	0.14344383260975652
184	177	0.13681660192371467
184	68	0.1350989502909293
184	136	0.13495168506668268
184	150	0.13452949173479214
184	71	0.13147450877254904
184	135	0.11714962147879715
184	189	0.11708058159511706
184	76	0.11323230459176185
184	169	0.10858024746096412
184	43	0.1078983313521722
184	25	0.10624747764252572
184	124	0.10492241641002187
184	45	0.10173679921594526
184	164	0.1015685558717278
184	23	0.09795488626705434
184	81	0.09163521262940894
184	152	0.08744607702165078
184	86	0.08728332876699904
184	153	0.08611616871594907
184	128	0.07563427986491282
184	102	0.07507845420700067
184	70	0.06777195340356311
184	194	0.06703631094878701
184	0	0.06608653764551514
184	127	0.0653069171608356
184	27	0.06156703266620602
184	47	0.051354782203509405
184	101	0.04714302877504845
186	75	0.38052209425633055
186	76	0.3680450850285989
186	82	0.32272863386503936
186	152	0.28297216140754605
186	77	0.2578930278290257
186	148	0.25427682585561096
186	150	0.23977935983673954
186	5	0.2312597617731802
186	54	0.2242151513376996
186	185	0.2201844987825294
186	172	0.21570776062042804
186	193	0.20568354376550524
186	110	0.1930756933059398
186	159	0.1900605618662222
186	63	0.18647241913383336
186	102	0.18452192645178034
186	43	0.1785746497029115
186	59	0.17754825804239374
186	68	0.1738364867110579
186	146	0.1723620313177343
186	151	0.1710615413458814
186	111	0.15929182507362422
186	101	0.15470768407407334
186	86	0.15181721489334746
186	189	0.15167066882722496
186	154	0.14810267400750082
186	149	0.14751578256704168
186	135	0.13834707272704946
186	124	0.13645350950931567
186	133	0.13207391644269806
186	72	0.12010740099577355
186	64	0.11604484790394705
186	47	0.10878776689535706
186	104	0.1071570030375366
186	161	0.10481362611334236
186	136	0.10474439461824248
186	100	0.10011350444438362
186	143	0.09842728726733688
186	138	0.0971149533942013
186	134	0.09269513199200337
186	31	0.09263663862303248
186	58	0.08776064425038797
186	49	0.0756690795537267
186	173	0.07566112535538859
186	20	0.07252643212055003
186	128	0.06774209113398738
186	127	0.06713287441548045
186	163	0.06696762070799094
186	25	0.06535769947698843
186	0	0.06274845031451443
186	153	0.060576740145312724
186	169	0.05840345973195224
186	69	0.05523971028378625
186	56	0.054523872938750974
186	126	0.05126601651894881
186	70	0.046041425490199364
186	23	0.045769000781687934
186	7	0.045473616849788234
76	75	0.4664237860295988
76	77	0.4016879385369172
76	68	0.3269237721696738
76	63	0.30433482364580905
76	82	0.2997637417803878
76	150	0.2567631514665886
76	102	0.23870460984225456
76	86	0.199258233644732
76	124	0.19852829816776515
76	148	0.19817285506425905
76	110	0.1948753311685328
76	161	0.1885468245551575
76	154	0.17837133875176042
76	47	0.16782715351043245
76	193	0.1652117454945376
76	126	0.16223377173868125
76	128	0.15883371653627373
76	20	0.15539085585088416
76	104	0.1549419310998175
76	189	0.13734645458360367
76	133	0.1305113248149692
76	64	0.12513070891018646
76	111	0.12017639061048525
76	172	0.11464374026354895
76	7	0.11437728068262372
76	185	0.1092719420058349
76	152	0.10707792096963352
76	146	0.10612883075356397
76	72	0.10187534818898193
76	143	0.10103409734285207
76	59	0.10067775923739562
76	43	0.09862237495964543
76	135	0.09527612858509972
76	56	0.09111657945846643
76	49	0.08713049994437833
76	5	0.08564367939707311
76	127	0.08329555506486222
76	23	0.08318035877766089
76	80	0.08020733597837518
76	81	0.07550303366719552
76	58	0.0731142981450703
76	136	0.07186390343216065
76	45	0.070093866511797
76	153	0.06881307490191549
76	162	0.06459095019577575
76	163	0.06412488863314637
76	69	0.06357513905427217
47	153	0.623811165553579
47	49	0.4703891963126236
47	154	0.42587753910102655
47	164	0.34161520999288997
47	146	0.30535074289279235
47	152	0.27717558125500136
47	82	0.26892068134717795
47	189	0.25498754927602946
47	149	0.2511313968578853
47	86	0.24983798186163986
47	43	0.23897806673639616
47	117	0.2295932118757585
47	151	0.21565055167035133
47	64	0.21175688847394888
47	173	0.19000272858781272
47	136	0.1602955249389623
47	77	0.1594380154966566
47	159	0.1474668702516208
47	148	0.1340974293886428
47	5	0.12330925607122073
47	161	0.12254104237393765
47	56	0.1209647607556287
47	177	0.11850060188168092
47	27	0.1112179980652824
47	80	0.10739424110217684
47	58	0.10019270199281337
47	195	0.09938878809085464
47	111	0.09816781882000496
47	2	0.0936041752478868
47	45	0.08668092128118997
47	135	0.08250204600464026
47	59	0.07928623134798543
47	102	0.07848027789551866
47	74	0.059041252788277175
47	72	0.057020082896451
47	13	0.054154965468814265
47	42	0.05311995186464427
47	66	0.0508640674027511
47	0	0.04428501584740365
153	154	0.4727453948930698
153	164	0.4199324430956404
153	189	0.3622992296670771
153	146	0.3255655545968621
153	152	0.3054776839946787
153	149	0.3029549683237047
153	49	0.2739783467856866
153	151	0.25834104810416586
153	173	0.2421530352966849
153	66	0.234154052483715
153	82	0.20335518751033987
153	177	0.19277723170077646
153	117	0.18683917978171968
153	64	0.18468613308121745
153	136	0.17541678035750113
153	71	0.17473823688157333
153	111	0.16942052136521624
153	169	0.16627180271503875
153	195	0.16536737419200348
153	86	0.15386815622509295
153	5	0.13081603218337154
153	194	0.12853504578743633
153	35	0.128456366679202
153	60	0.12644950568101784
153	72	0.11895411762780675
153	80	0.1155811518587689
153	148	0.11384431218396662
153	158	0.1128867784563997
153	65	0.09189401481363214
153	159	0.09110170397160228
153	2	0.08006326712028286
153	70	0.07879034863705904
153	74	0.07698039557121059
153	45	0.07542647217676189
153	43	0.07055457673872857
153	54	0.06945897279534327
153	77	0.05565542823917189
153	193	0.05407619682004928
153	135	0.05404030202264908
153	56	0.05401936332632905
145	196	0.6219935502669397
145	195	0.4674012766791594
145	38	0.400655893584524
145	130	0.33418320410600394
145	35	0.31354310871321833
145	194	0.2954070550710073
145	40	0.29442098741418105
145	66	0.2747551139633995
145	57	0.24807450339381704
145	114	0.24502206125098702
145	27	0.2334450491948792
145	60	0.22099313821391592
145	173	0.1666996070119965
145	25	0.14211155706705791
145	23	0.13814108612720413
145	74	0.13537382940231604
145	127	0.12420531856833385
145	185	0.12145741468101975
145	70	0.1081454141695916
145	138	0.10420039759725644
145	162	0.0987620015985355
145	10	0.09785980650858322
145	158	0.09726848922812803
145	141	0.09230152870592924
145	45	0.06876828784902614
145	143	0.06156703266620602
145	177	0.055219771290272265
145	36	0.052939460864247216
145	133	0.05205989190426855
145	99	0.04965413156242951
145	128	0.048975785325045054
145	189	0.04820361274601898
145	31	0.047507211292528134
145	54	0.0453668375905741
196	194	0.4133791596335976
196	195	0.3802740580407615
196	35	0.2827237622111821
196	38	0.25501559850194633
196	114	0.2477178553548843
196	66	0.23213983483875544
196	185	0.2277262145452285
196	193	0.2161081817878663
196	40	0.209262550510788
196	57	0.1909857146838637
196	32	0.1820962694393748
196	7	0.17062467566937506
196	158	0.14888503362331798
196	70	0.1488752552762922
196	177	0.14875791284152529
196	135	0.1296560468074779
196	23	0.12286607383700808
196	31	0.11184016164047517
196	81	0.10999316788576567
196	74	0.10773030742026
196	162	0.10484329644315124
196	99	0.09320667380725857
196	133	0.08991550151785035
196	130	0.08642683912559841
196	25	0.08180677057636661
196	173	0.07410191783611071
196	126	0.07359072083289345
196	71	0.07338583334216482
196	60	0.07237423522563154
196	101	0.07226779487096098
196	13	0.07170572276894238
196	141	0.07108689339240502
196	189	0.062297221146880764
196	5	0.057628078386777165
196	54	0.05577804640337327
196	65	0.051313890247292285
196	128	0.05007807473899721
196	30	0.04445368314697929
195	194	0.42929330495438
195	38	0.33543514679944225
195	173	0.2891239154280115
195	40	0.2803666891526837
195	35	0.23876119023838105
195	60	0.21725184135839848
195	130	0.2086218006158252
195	27	0.20717706640935848
195	154	0.1977308801462373
195	193	0.19577946746898905
195	72	0.17391406810204535
195	74	0.16917768691325533
195	138	0.1572541810890087
195	23	0.1569225711901319
195	114	0.15490289113796174
195	69	0.15476624746234002
195	189	0.1510941896626289
195	70	0.14730056298523458
195	49	0.14661568069771513
195	57	0.14453081958262382
195	164	0.14419790554955228
195	128	0.13310545731660672
195	126	0.13255533792388202
195	25	0.13147450877254904
195	31	0.12141800456571801
195	66	0.11693263517736675
195	117	0.1151075379408174
195	133	0.11056611414156928
195	124	0.10666271790732043
195	152	0.10507076276716076
195	146	0.1038245086662809
195	45	0.10348816184581064
195	149	0.09796181909618228
195	71	0.08703225067788709
195	7	0.08532303969165905
195	54	0.08444739500076084
195	81	0.07878836105258391
195	177	0.06819001240343707
195	10	0.06748029338039982
195	80	0.06477617197810312
195	141	0.06428920841283076
195	43	0.06260601208100944
195	2	0.04794920213935005
130	27	0.4773912321039203
130	143	0.35461258613191066
130	40	0.34937352423082024
130	2	0.2975140306355405
130	127	0.2737933494780034
130	126	0.2563334273070645
130	138	0.2508690371704269
130	100	0.24327293272596845
130	141	0.23963797887397495
130	25	0.22380672913251845
130	57	0.2127882239509813
130	30	0.21096396730686656
130	36	0.20799043899182845
130	38	0.20792346621844893
130	42	0.20790433078223344
130	128	0.1977020529002738
130	114	0.1934511265098604
130	69	0.18638554715281624
130	54	0.17078001338254645
130	10	0.16027603876960025
130	104	0.15830729463686136
130	146	0.15165112884779033
130	136	0.14130802407988546
130	149	0.132378496471532
130	134	0.13004930211514332
130	152	0.1127288145525819
130	162	0.10888658234221388
130	43	0.1082047120589164
130	0	0.10296380932865047
130	135	0.10236023843755812
130	23	0.10199410130626184
130	31	0.09316503851862397
130	133	0.09150332782546447
130	7	0.06863392502790658
130	68	0.06850652686819644
130	13	0.06800288418373471
130	72	0.06771123332791397
130	32	0.0671358608944105
130	150	0.06538358837063869
130	45	0.060259900966771876
130	173	0.058562912486319375
130	117	0.05780349211063127
130	37	0.05044913490273704
130	49	0.04740045224230866
130	110	0.04551752577651271
130	154	0.0443658567030708
130	148	0.04406145293386249
38	31	0.4073500930512792
38	40	0.3614127883407988
38	35	0.350523096401963
38	114	0.33959972182637704
38	36	0.3021100875166381
38	10	0.28167454780587897
38	70	0.2494629120058375
38	60	0.23360577839421776
38	7	0.2273469237071871
38	13	0.2238542241283936
38	32	0.2144202017397112
38	66	0.206315536104744
38	2	0.18171917470817545
38	149	0.17682180398106442
38	69	0.1677299684750731
38	30	0.16761334212930387
38	74	0.15739071603937402
38	101	0.15549819792066485
38	164	0.14988227174586602
38	43	0.14208216281258834
38	0	0.14033765692553848
38	100	0.13893553986129084
38	135	0.1298231853044994
38	57	0.12718744345063965
38	45	0.11987085637079853
38	37	0.10567398971185124
38	25	0.10312211047204843
38	27	0.10071735363747528
38	185	0.0992036318622882
38	141	0.0938955912677928
38	54	0.07128090529801331
38	127	0.06961322332834526
38	110	0.06310802076398214
38	138	0.05543810086662595
38	72	0.0539206516898197
38	133	0.04776462584246018
38	23	0.04611826199205722
36	141	0.6108210395349979
36	37	0.6047992226606382
36	30	0.5704030022358622
36	134	0.5597094558355773
36	10	0.4094830727941336
36	32	0.4807428753772903
36	42	0.4490901613542893
36	114	0.4320789231197576
36	69	0.4285833746703191
36	138	0.4206076089840365
36	100	0.3582702372300885
36	110	0.3059581483548151
36	54	0.2746903970448994
36	35	0.2746349234195353
36	57	0.2741910686263279
36	63	0.2432917490000202
36	13	0.2422377560217465
36	70	0.2104288273869528
36	68	0.2097023643680232
36	40	0.20906173776015607
36	101	0.19303718413748674
36	104	0.18861433517066992
36	45	0.18337219206075595
36	0	0.17584320815623644
36	127	0.164803181035466
36	65	0.15778078272642224
36	2	0.15196375428515738
36	27	0.1487774702050037
36	158	0.13964157089182064
36	172	0.13870016475755473
36	66	0.1275416036267603
36	7	0.11205740448295964
36	150	0.11125750311179072
36	159	0.11106985101136477
36	31	0.10464549072142967
36	81	0.10460592858299994
36	169	0.10161803981180886
36	177	0.07293326865565346
36	162	0.07002520518718551
36	136	0.06896037258529797
36	193	0.06619306957673464
36	74	0.0648727643634941
141	37	0.5587197743865214
141	134	0.557969580699308
141	138	0.4810196265323207
141	114	0.4404024628825535
141	100	0.3637231147594821
141	30	0.3587408330561305
141	69	0.3519081991658121
141	110	0.3205051601808348
141	32	0.3150571501716859
141	150	0.3141921793903441
141	42	0.2893988137843161
141	172	0.27745251032844714
141	65	0.25750091908259193
141	127	0.2542674723988692
141	10	0.2530791972936475
141	104	0.2317897436788728
141	54	0.22387322182906355
141	102	0.2234647337953056
141	57	0.20081341004915065
141	86	0.1998439430359172
141	70	0.18816101544052052
141	68	0.1879777357582377
141	40	0.18796808909639587
141	13	0.16796320707937212
141	27	0.16644682113880735
141	35	0.1603247539587356
141	158	0.15986680037701145
141	136	0.15766376788450845
141	0	0.14591108367352448
141	2	0.1418372009517614
141	63	0.13282058427652993
141	169	0.1273645275983699
141	162	0.12697099625974112
141	101	0.1244711443677768
141	81	0.1124029960130517
141	194	0.10470483330803873
141	143	0.10117266627748492
141	159	0.08514236185178578
141	193	0.08374837403798707
141	111	0.08016461245937173
141	66	0.06946394867087062
141	177	0.06363589226889414
141	146	0.05759917464734806
141	5	0.05721045982441007
37	134	0.4504223521037115
37	69	0.44696410066770703
37	32	0.4254189979306777
37	30	0.4112377569503544
37	35	0.3897031652557076
37	138	0.3261375998508739
37	42	0.32156354561428235
37	65	0.3166505679524754
37	100	0.29840702567822314
37	114	0.2862070680600013
37	158	0.25581949365705564
37	150	0.2523677378892683
37	54	0.2518620613421079
37	70	0.2504848011331201
37	63	0.24646905895752225
37	68	0.24374328461493225
37	172	0.21722325712298493
37	169	0.21618444424952935
37	40	0.1979999179437542
37	13	0.19602948904062234
37	57	0.19097607942089415
37	66	0.18123564174409254
37	10	0.16779799834225395
37	110	0.16446266743913476
37	81	0.16130863323957895
37	101	0.1517585972674722
37	86	0.15057624784508536
37	127	0.11693263517736675
37	159	0.1038245086662809
37	45	0.09338015066617007
37	102	0.09297866704470584
37	104	0.08475021212630585
37	0	0.07660860120134444
37	162	0.06176029499855015
37	2	0.06036451902259389
37	58	0.05387877370734513
37	82	0.05273204152125495
37	60	0.04667306515564772
37	5	0.04516225761154522
37	177	0.043893777851409285
30	100	0.4828851891347298
30	57	0.39371586601084596
30	54	0.3356037578712137
30	134	0.5507310368681853
30	69	0.40666593063646495
30	10	0.4013859820367273
30	114	0.40115106663901823
30	32	0.3755595912120309
30	42	0.3554690531335101
30	138	0.34114697676466843
30	63	0.3309814082768129
30	2	0.3280397166114826
30	110	0.3224419334731264
30	104	0.3082857343219625
30	7	0.2903972091263646
30	13	0.2535564706195609
30	127	0.2473235872948891
30	162	0.2366855184825616
30	31	0.21455376108633556
30	101	0.20136995606995856
30	159	0.2000647472345952
30	27	0.18484067107849428
30	45	0.18171917470817545
30	135	0.16767165588883648
30	126	0.15995449894951894
30	68	0.15777103165879125
30	193	0.15625924530210314
30	0	0.155517714266176
30	40	0.15429770993555192
30	172	0.15233495749831094
30	23	0.12657742494543134
30	158	0.12176283008168705
30	99	0.12092534586387098
30	81	0.11822452459854592
30	143	0.10501142478506202
30	35	0.09752800378497456
30	65	0.08373844416757283
30	136	0.07939355150749497
30	75	0.07491736540656795
30	150	0.07394677265460603
30	74	0.0625313056938255
30	128	0.06010645875740973
30	169	0.058825006454822026
30	82	0.04813676821064996
30	70	0.047526168393647095
134	100	0.4519674122890426
134	138	0.4218496839277879
134	110	0.3793669776057576
134	104	0.3556525042044413
134	10	0.3352576382408288
134	42	0.32313170610350084
134	69	0.2997455388372763
134	114	0.2819783371750485
134	127	0.2682526213105598
134	57	0.2569873150927862
134	150	0.21678491888794335
134	54	0.21421984768587746
134	136	0.2091573650796164
134	63	0.2055398851923784
134	32	0.20522380515737787
134	65	0.19270020355788392
134	86	0.18818995314013148
134	172	0.1827439737552148
134	101	0.17905866199365625
134	2	0.14944235121715366
134	68	0.14867968222402894
134	158	0.13290899550175178
134	27	0.12421516428649301
134	169	0.12135888867503487
134	162	0.11330140653509267
134	193	0.1094201485219048
134	13	0.10492241641002187
134	0	0.09554069814513903
134	159	0.09397984120270554
134	7	0.06897928220539268
134	135	0.06701938732524093
134	40	0.06534475499716634
134	5	0.06429617947797725
134	102	0.05823104808845055
134	126	0.051716818093755314
134	143	0.05101467558470791
10	110	0.4682995598991762
10	100	0.3704115399844316
10	114	0.3699282744279651
10	2	0.3181972637950286
10	7	0.31772084572863085
10	13	0.3017919985721119
10	104	0.2918981908519299
10	135	0.2714791772823477
10	31	0.27012624537390123
10	138	0.2630943697093118
10	127	0.2565015923174399
10	0	0.21554566475034084
10	42	0.19384575161935005
10	149	0.19180457734251335
10	193	0.19112060450024865
10	101	0.18521731913890785
10	172	0.16289580114049124
10	69	0.15257914670876646
10	32	0.14643954535966971
10	74	0.14573491125641666
10	143	0.14269938945706107
10	136	0.13416616999483502
10	54	0.11323230459176185
10	43	0.1066923765043458
10	99	0.10655396809470154
10	77	0.10620792901552936
10	27	0.1015487621549529
10	40	0.09015752351266544
10	146	0.08662931175488123
10	162	0.08590772230823397
10	45	0.07928026906298803
10	49	0.07890960255867507
10	57	0.07759967390490195
10	75	0.07279102782754814
10	126	0.06179516142147695
10	5	0.056752950166369914
10	72	0.05283475455419122
10	70	0.052093799696337734
70	35	0.4936311154505231
70	177	0.4918895861331059
70	71	0.4605112922329409
70	114	0.394847551954042
70	13	0.36194299367083216
70	66	0.35203085560878805
70	32	0.27781244920323983
70	158	0.24821526701089655
70	60	0.23173296647843505
70	185	0.20068864917621335
70	164	0.18925077610811006
70	193	0.17393346311251975
70	82	0.17324485771365708
70	74	0.1669426496884089
70	172	0.1564641110166717
70	31	0.14924681197865955
70	0	0.14900237151598356
70	173	0.14659611056348856
70	45	0.1459208707588003
70	159	0.14573491125641666
70	101	0.1361198246916233
70	80	0.1283678507495345
70	189	0.127974421891113
70	102	0.1254653710432112
70	169	0.124963367160101
70	81	0.11436741149295933
70	194	0.11383444177800425
70	54	0.10892610791852804
70	72	0.10559488240262137
70	43	0.09582507059661173
70	111	0.0843262637796252
70	7	0.0752484881339742
70	151	0.06447144990901456
70	40	0.059755723052021474
70	77	0.05086805705332595
177	71	0.5660219716557924
177	35	0.4561192046177399
177	164	0.29837969683616705
177	66	0.2907085059951738
177	169	0.2770094017003433
177	194	0.2673986135001897
177	185	0.2522085582723674
177	158	0.2485249100662759
177	159	0.2460275589350677
177	173	0.24453321763222294
177	60	0.2304929379718444
177	193	0.18227029510415704
177	45	0.1744279902487963
177	151	0.16265242499483085
177	172	0.15285261650751608
177	114	0.14432520006793134
177	111	0.13966118084168433
177	189	0.13890611883119794
177	72	0.13601186122223632
177	82	0.12659710445871894
177	32	0.1114648988344129
177	102	0.11076366479733432
177	64	0.1038739694330477
177	80	0.10250866451474368
177	161	0.09493821306097723
177	43	0.08220606709968309
177	13	0.07558953713715233
177	81	0.06231714350318071
177	74	0.05972583012083536
35	66	0.4566496524652655
35	71	0.4037573387294512
35	60	0.3131733680079984
35	158	0.2758272029584156
35	32	0.2732937555734381
35	169	0.2506441280990063
35	164	0.2476803095483081
35	74	0.21898525303647773
35	65	0.21762340249644352
35	189	0.21351369457941133
35	114	0.2100082718036186
35	45	0.1853911383600956
35	54	0.17781941800749168
35	40	0.1634798229643694
35	173	0.16093849834969248
35	159	0.15760525880291512
35	172	0.13610019521032013
35	185	0.13597260097771866
35	151	0.12791540408517715
35	31	0.12640030484386214
35	57	0.12246224290617752
35	69	0.11910199247583428
35	81	0.11443649534644378
35	82	0.10771053949405328
35	193	0.10659351377620582
35	63	0.09712188737028822
35	25	0.0957240062184469
35	13	0.08338989519385576
35	194	0.08127234758995035
35	149	0.06542839586315982
35	64	0.048852082004245095
35	42	0.045325921898640265
111	102	0.5195914839093091
111	80	0.2332937630000069
111	86	0.2198799913259417
111	173	0.18170950490918844
111	169	0.1809841699531277
111	71	0.17351644067385855
111	75	0.16794377124686324
111	189	0.16410265329679855
111	64	0.15426842403349705
111	13	0.14881658458278374
111	0	0.14609703340775834
111	150	0.13878843225925852
111	194	0.13340013042215676
111	65	0.12425454691451365
111	164	0.12232434012290598
111	5	0.11337050738232357
111	159	0.10695929532767956
111	158	0.09769143172118823
111	82	0.0956308667106711
111	77	0.09360516648605237
111	59	0.08576379063616965
111	185	0.08492395259300778
111	74	0.08008015812513668
111	193	0.0641527734470344
111	81	0.062216535096354136
111	66	0.04805695327533389
111	58	0.047198904169429366
111	161	0.045772992401751415
71	66	0.28884896937975824
71	173	0.2277736210439643
71	164	0.1987972474345568
71	194	0.1889711473674764
71	158	0.1841548390996064
71	185	0.1802779881258596
71	151	0.17629863769122042
71	169	0.1656883323636818
71	60	0.1569713395727808
71	102	0.15122121933772587
71	189	0.14826894097137194
71	82	0.13314474842488064
71	193	0.10716688820071064
71	80	0.0948113652180337
71	72	0.09112252964182707
71	159	0.08704614461637986
71	64	0.08613205003815327
71	172	0.06939428609906335
71	152	0.06384802684111446
71	59	0.056189751974118296
82	64	0.5516569628893757
82	159	0.3419066658115553
82	75	0.33653516793855365
82	68	0.3320584225023789
82	86	0.3255029726758719
82	152	0.3054051475514057
82	63	0.28964618149774257
82	58	0.2599828373488701
82	148	0.25501559850194633
82	43	0.2498098542213431
82	189	0.24045784680292365
82	59	0.2354485218948444
82	80	0.22453803408329814
82	169	0.2159365816088855
82	69	0.20927211258262732
82	162	0.2039782254029168
82	45	0.20311551366367486
82	150	0.1890868595316252
82	164	0.18198024599080048
82	151	0.17751920358916345
82	65	0.17568815112846034
82	72	0.1648226377695632
82	49	0.1473201289784732
82	54	0.14480495951720554
82	2	0.13917089926860648
82	31	0.1311305428998938
82	104	0.12799409429170594
82	158	0.11893440058254293
82	77	0.118441444004696
82	161	0.11833298571340063
82	5	0.1159955209381174
82	110	0.11502859719367507
82	57	0.11417989260238047
82	0	0.09164116224406453
82	124	0.08333229824007411
82	193	0.08077463656850649
82	20	0.075767511960874
82	135	0.07222004539180209
82	143	0.06830049543029232
82	25	0.06809346280326498
82	56	0.06791529060629725
82	136	0.06744445722259869
82	185	0.06726826025065898
82	7	0.06630457801907122
82	81	0.06538956271821311
82	133	0.062271322009474876
82	100	0.062163740079866935
82	40	0.05825496667449957
82	154	0.054754183304913634
82	101	0.0478624018014352
64	169	0.4589813443708046
64	65	0.39972366228901385
64	86	0.39150818421153744
64	159	0.35530304999087114
64	63	0.3260750440242321
64	80	0.2657172202097704
64	152	0.2638667493913695
64	68	0.25274222427593185
64	56	0.2479712700826984
64	49	0.23742168679873624
64	81	0.22195359716313312
64	148	0.21145121688494292
64	59	0.20750244988221492
64	45	0.19522163535646955
64	151	0.19481760907736725
64	58	0.17891346739565786
64	110	0.17586258967139465
64	164	0.1659898065560109
64	161	0.15555674659296834
64	162	0.1537314678388374
64	158	0.13569776731484418
64	69	0.131022432815032
64	54	0.12989200489481953
64	189	0.11963429813512495
64	194	0.11889496621062548
64	104	0.11831326572064292
64	31	0.11378508941115215
64	60	0.10400256502161948
64	25	0.1020534767750317
64	75	0.10032139530077222
64	0	0.09377664789401984
64	150	0.08946614565877781
64	5	0.08783804296981823
64	149	0.08004836325428633
64	100	0.07849717316735765
64	74	0.07762949318419231
64	133	0.07692373310357795
64	43	0.07529721049987391
64	124	0.07372299926340202
64	57	0.07341666632211452
64	136	0.06552398429846458
64	154	0.06058072546618125
64	101	0.05208781597705131
64	102	0.04655831505336985
86	49	0.4644340129081506
86	68	0.3842104848132923
86	65	0.37317781420911
86	150	0.2899851040433877
86	63	0.2515904375147222
86	162	0.2456329405968343
86	69	0.24083468254714546
86	80	0.22755554221227264
86	148	0.20326890773138906
86	102	0.1990085437139925
86	172	0.18642415728205328
86	169	0.18067463372325032
86	189	0.17035281426671112
86	45	0.1565616613882297
86	81	0.15570311349140528
86	193	0.13772907709003648
86	42	0.13286970188491715
86	154	0.13096346236418974
86	110	0.12523898507302136
86	104	0.12392962853685642
86	100	0.12008768946418165
86	75	0.10537733041363004
86	146	0.10511032100627553
86	138	0.09992540518432133
86	159	0.09842431633025228
86	161	0.09077046594485486
86	77	0.08440569437010789
86	173	0.08341770042043622
86	31	0.08154552504909354
86	194	0.07055159167194164
86	5	0.06880411751352175
86	56	0.06844581289635189
86	27	0.06643997890086845
86	136	0.06270462343773245
86	133	0.06215577099054865
86	54	0.0617244322348548
86	13	0.0611037820196176
86	7	0.06086865978003801
86	58	0.05851109066851996
86	43	0.05536931266703342
80	45	0.4262458512357862
80	74	0.3428424121486884
80	60	0.3375545286736905
80	81	0.2960549606880437
80	43	0.2923097947090369
80	173	0.2752450326779565
80	164	0.244871661085733
80	159	0.19736570977610604
80	194	0.1970197083675028
80	189	0.19029188178610787
80	63	0.1902436918776543
80	169	0.18884578660082854
80	68	0.14553915328614445
80	77	0.1323686716991897
80	102	0.12055088539174888
80	148	0.11910199247583428
80	0	0.11364689979722666
80	65	0.09396794717581916
80	150	0.09024579937836999
80	136	0.08259937817179426
80	158	0.06621198630401466
80	110	0.06208703726632695
80	162	0.0591648196351749
80	146	0.05660143843692623
80	58	0.054054261127127815
80	40	0.05064263925410558
80	49	0.048712415163563616
80	59	0.04498062733320626
117	152	0.3478801438596223
117	128	0.3206128292123761
117	154	0.3131823872041681
117	126	0.2671757596871167
117	124	0.2196611001183828
117	143	0.20500348162801407
117	151	0.20221412238498265
117	49	0.18720588835410926
117	133	0.18711904103511115
117	23	0.1861538742912757
117	20	0.14379640697974153
117	163	0.13277146601575546
117	149	0.12183179166071212
117	43	0.11744549386137587
117	66	0.11502859719367507
117	25	0.11376534830716135
117	7	0.09098468205757476
117	75	0.08418328601673891
117	5	0.08031165961164392
117	2	0.07497205648752048
117	77	0.06711495551664022
117	56	0.06351239343633759
117	42	0.05996795977847817
117	104	0.055959478322881125
117	136	0.054742219273300315
117	161	0.04751020452129615
66	158	0.3879036425795659
66	32	0.3698505880652603
66	65	0.3206487170486627
66	81	0.2629640555209053
66	60	0.21050528367638946
66	169	0.19850908636118944
66	13	0.1904557206143592
66	74	0.18759184101462706
66	193	0.13142537272690594
66	114	0.11980186162353355
66	164	0.11654795021785826
66	185	0.1143081958809789
66	173	0.09691188277360666
66	194	0.09461514139756176
66	57	0.09005535978735313
66	25	0.059958992139044265
66	40	0.05678684059045189
66	27	0.054326459434947134
66	101	0.05341910056965453
66	23	0.053376223176003816
66	189	0.05161708504122752
66	162	0.04971198839483913
66	56	0.04724081052139621
146	149	0.5976221262103214
146	189	0.5326087763520294
146	172	0.5306647265428066
146	164	0.4520708505204374
146	148	0.4461635200110397
146	154	0.4215865947117209
146	136	0.4035397010844585
146	49	0.3773448204671301
146	43	0.3545426441547749
146	173	0.3338900256613825
146	27	0.23800665180052405
146	135	0.2291195140578012
146	45	0.21629883299581995
146	151	0.20869831749415935
146	152	0.19739454100868656
146	42	0.19244021604677894
146	159	0.1658050357279376
146	138	0.14078856824235125
146	169	0.1372973974491827
146	2	0.13597260097771866
146	31	0.12853504578743633
146	68	0.12399855284012234
146	60	0.1223637414003281
146	150	0.1134692209756791
146	69	0.1038739694330477
146	161	0.10381461645129668
146	77	0.10109348450944353
146	72	0.10025209932101943
146	194	0.09796181909618228
146	54	0.08867447665101193
146	127	0.07650421659423508
146	20	0.0489358811919948
146	193	0.04658425866236463
146	40	0.04526005729468816
149	136	0.4812809146298762
149	43	0.4297907560532754
149	49	0.4616136818742999
149	154	0.4299945541279002
149	164	0.3828116977068191
149	152	0.3767958169900328
149	148	0.3705668327811388
149	31	0.36133454152418587
149	172	0.3122892129423634
149	151	0.30498799423638434
149	2	0.26515949474301065
149	27	0.2619398247684976
149	189	0.2592367551937625
149	42	0.24340464279852694
149	135	0.2148113171645511
149	110	0.19354738231362534
149	138	0.18372972640304988
149	173	0.18330454496780224
149	127	0.1681575582202261
149	72	0.15189537006661766
149	60	0.14648847277436125
149	159	0.11581793912522817
149	45	0.11223514066090033
149	100	0.0987966600910648
149	59	0.09542971929686772
149	54	0.08564070140082744
149	25	0.0789871163968448
149	69	0.07716926687000683
149	114	0.06943707890196665
149	74	0.05902730157891978
149	40	0.05851308382119125
149	56	0.05788920433737766
149	193	0.05743372379929235
189	164	0.4256646721718205
189	173	0.3880905233964623
189	154	0.3714378135255017
189	172	0.3672061792682952
189	148	0.32695949653637657
189	159	0.31583157568405873
189	43	0.2576876481188568
189	169	0.22636044490767626
189	60	0.225980906183304
189	45	0.22300865442373805
189	135	0.1964621584419763
189	151	0.18743746689426272
189	193	0.187061141197262
189	68	0.18616352774065606
189	65	0.17302175199721656
189	49	0.1647350814561589
189	31	0.1626232185266652
189	185	0.15448318101711975
189	161	0.1531065317909575
189	77	0.15309676619210685
189	152	0.1527940178055109
189	194	0.12137859406760655
189	74	0.10895575187473952
189	27	0.1072855085056498
189	102	0.08912389655452778
189	25	0.08821212181278063
189	69	0.07440324725962462
189	72	0.07437142433085066
189	136	0.07030084155598898
189	54	0.0700341610497768
189	40	0.06529994701260332
172	193	0.4051039999880516
172	68	0.3685723377084056
172	148	0.3378026011638177
172	135	0.3076973925706221
172	42	0.2570153336023622
172	31	0.2551184419914925
172	114	0.2513937196513562
172	69	0.24951917725893635
172	164	0.2493409981796177
172	185	0.21139389885484106
172	43	0.1940863459109371
172	173	0.18006512972074354
172	150	0.17511630305192796
172	54	0.17404983034119176
172	72	0.16716623103455058
172	2	0.15042964551592286
172	49	0.14898281549184267
172	13	0.1464591164115387
172	45	0.13857266336493412
172	159	0.13701285279451011
172	154	0.1359431555140607
172	100	0.12726614851798632
172	27	0.11686359173922126
172	162	0.10695929532767956
172	138	0.10182586686630526
172	161	0.09076550713899176
172	77	0.08912588066803624
172	136	0.08827066240670964
172	151	0.0874401228994252
172	7	0.06848662070380952
172	169	0.06552597571141858
172	32	0.06299746206104717
164	45	0.3787589966535378
164	148	0.3673618977060177
164	60	0.3297520247267716
164	43	0.3114406371706699
164	173	0.29701263166995706
164	31	0.2590035410080098
164	135	0.2496317027107469
164	169	0.24100423495319914
164	49	0.2330668125324587
164	74	0.23249932532655904
164	159	0.1920164748185598
164	154	0.1814387362762878
164	151	0.1709353426068053
164	194	0.12026508983804858
164	185	0.11977229209184932
164	152	0.1179385681435959
164	77	0.11132663609702843
164	158	0.09929472562546976
164	13	0.09795587667179756
164	193	0.09783108414678926
164	2	0.0959915252647386
164	72	0.08982126876895452
164	0	0.08085014023966837
164	54	0.07415562110207645
164	161	0.05898943389444796
164	114	0.0581911836298163
164	59	0.04683471103527144
136	138	0.5705176799851838
136	127	0.4139179412747504
136	42	0.3677511036952447
136	150	0.3190148897741538
136	154	0.2739690974016907
136	110	0.27134949048629564
136	49	0.2685866836266328
136	151	0.25965646454073243
136	152	0.2332559396862636
136	2	0.21898525303647773
136	27	0.20867918851407274
136	20	0.20831570756963624
136	104	0.2047352336370224
136	126	0.1519539852001384
136	148	0.14938369067222207
136	100	0.1270300285119138
136	159	0.11990042519379022
136	43	0.11936815388342585
136	74	0.11809633964413747
136	57	0.10981534209641096
136	69	0.10249876958486384
136	128	0.09645717346698557
136	162	0.09420284923595956
136	45	0.09154398438569393
136	59	0.08667595884694984
136	23	0.08029774989548262
136	143	0.07660164227975721
136	124	0.07613140075165059
136	173	0.07604092756021234
136	72	0.07032372784818823
136	77	0.06461086673022759
136	161	0.061668645396792066
136	58	0.0451742331295004
43	148	0.3777135332988785
43	45	0.3690216118656728
43	31	0.3241075506429116
43	49	0.30127382418505555
43	77	0.26781638729320423
43	173	0.25072847217304184
43	152	0.23177081812084574
43	68	0.22930900622165976
43	2	0.20363317864221128
43	72	0.1648420943753844
43	159	0.16224350852491765
43	27	0.16012988851832946
43	154	0.157429724920268
43	69	0.15502000957167955
43	7	0.13829802938346675
43	60	0.12477632973170967
43	135	0.12128006614832673
43	151	0.11458452844755505
43	40	0.11390353414772555
43	20	0.11067476808443658
43	25	0.08342663778711147
43	13	0.07953068014382972
43	63	0.07252145841916323
43	128	0.07172760961677685
43	114	0.06611541093468781
43	161	0.06013635031990895
43	150	0.0520459298373462
43	127	0.04804099021459321
43	124	0.0478065299370729
43	143	0.045886752958623225
43	59	0.045038509833236616
127	138	0.5177054961407136
127	143	0.3919229980582914
127	110	0.3402718989528659
127	42	0.28581224272245803
127	150	0.2767139304657313
127	69	0.2665163165544597
127	128	0.22631300632335574
127	126	0.22517415867895896
127	57	0.22130699878422666
127	104	0.2014083337664452
127	40	0.1943750282405864
127	100	0.17070234558662126
127	20	0.16483236608850918
127	2	0.16325596145112228
127	27	0.15700060023493606
127	54	0.14497139077761895
127	133	0.13793508757582298
127	162	0.1198807126687613
127	23	0.09958680852577254
127	68	0.0963224370424588
127	31	0.07853195740856034
127	72	0.07296907706819912
127	101	0.07241004656323334
127	152	0.06252134478923907
127	49	0.05965209376601052
127	114	0.05887582982285342
127	148	0.0564050673832325
127	99	0.05518089012626115
127	59	0.05367137519389485
127	0	0.04584384341452972
143	126	0.4110217041425768
143	128	0.3483459170233151
143	104	0.29933591493722816
143	133	0.25194635032643753
143	23	0.23147744954277905
143	162	0.209788404986582
143	152	0.20697607135832213
143	124	0.19771166202025886
143	27	0.19435578379880825
143	40	0.1830532691424776
143	75	0.18275363978395087
143	2	0.1826666442536552
143	57	0.17837133875176042
143	138	0.17041107246629458
143	110	0.14882636310447284
143	20	0.14863078714297973
143	100	0.1451965494241362
143	42	0.12585905464101887
143	25	0.113617287164809
143	31	0.10406191565917927
143	5	0.10138051231771424
143	150	0.0941295054138964
143	7	0.08589481823560123
143	54	0.08064349641055123
143	101	0.07777759354565628
143	77	0.07353800765383739
143	135	0.06906984864578176
143	154	0.06456505862406223
143	69	0.06405119257167458
143	72	0.051975121899107066
114	13	0.4610390419850257
114	32	0.4180279519661974
114	7	0.3463585952884334
114	100	0.3371291524529954
114	101	0.3108896996875625
114	31	0.2563427702148556
114	193	0.2465441977160498
114	110	0.2389592088565939
114	135	0.23860087490683576
114	54	0.2262276141662191
114	57	0.22424364297302066
114	158	0.18927005971799354
114	69	0.18299527901559087
114	162	0.1645502318255935
114	0	0.15642509001319851
114	40	0.15129938896331238
114	185	0.1406611426955844
114	27	0.13451967270342444
114	163	0.13280093705049356
114	138	0.1319363559927728
114	2	0.1134494784361605
114	42	0.1117611615915539
114	159	0.1079576324451972
114	99	0.10736458701233603
114	194	0.10718665846349512
114	45	0.10361676784093693
114	74	0.09368644738395883
114	63	0.07248664240847323
114	169	0.04939377169820429
193	185	0.3920668758525833
193	135	0.3574157278929149
193	7	0.30572246831300776
193	75	0.27655694008408466
193	173	0.2572861569134095
193	162	0.2571834355849778
193	194	0.2348628067923325
193	31	0.2344848355191391
193	13	0.19956550881159332
193	159	0.17610484710273133
193	68	0.16111383105255295
193	77	0.14975518968082652
193	72	0.14924681197865955
193	2	0.14121982007455974
193	100	0.13639462620091175
193	110	0.12446129928618065
193	74	0.10415094022576674
193	102	0.1032804063917412
193	32	0.10323093947845152
193	148	0.0912445069662862
193	45	0.0768620996798747
193	54	0.07403926348263302
193	63	0.07086601175313989
193	161	0.0662607713283687
193	104	0.05555872817752167
193	57	0.04403550338084309
154	152	0.4649514929031591
154	49	0.4401041773927152
154	151	0.3649892914985632
154	148	0.2625823659290724
154	173	0.1952023975110975
154	124	0.15724442836244718
154	128	0.12921358583257378
154	20	0.12383116317218995
154	25	0.12223568583911025
154	31	0.11524568074939515
154	126	0.11438714984971195
154	77	0.11303486443403415
154	133	0.11052660296147032
154	42	0.10019270199281337
154	2	0.09908283104684433
154	23	0.09602223952777056
154	27	0.09564870206524018
154	194	0.09247404352795677
154	135	0.08983912351859953
154	72	0.08474723367334394
154	138	0.08194682533891373
154	59	0.07057746220877614
154	110	0.06588840416109445
154	161	0.046535364885362016
151	152	0.4697971469284167
151	49	0.26709218213744257
151	59	0.2578370174912406
151	169	0.1598960335149846
151	159	0.15773202708059758
151	56	0.15462959786519795
151	161	0.13058013186183656
151	148	0.1208169529458085
151	77	0.11969343896862025
151	163	0.11059574729729983
151	25	0.10297370330300262
151	133	0.09852928837600734
151	173	0.09723580134146326
151	57	0.09628677092722572
151	194	0.0926465527983798
151	101	0.0856595620178707
151	124	0.08499543288622012
151	128	0.08419222222853735
151	158	0.08050142475555888
151	20	0.07878637346748239
151	5	0.0750913809163175
151	58	0.07387516597849719
151	74	0.07351015901598247
151	138	0.06770824708174071
151	42	0.05844531636876301
151	60	0.05181854474459677
151	185	0.047203893029569226
49	42	0.3420126334431467
49	152	0.3130651332479801
49	148	0.22774517727428395
49	31	0.2188233992846056
49	69	0.20559734968497045
49	27	0.20283746150767315
49	45	0.17250757125333288
49	138	0.17246876134003905
49	68	0.14718316460535907
49	173	0.14264061074081547
49	2	0.14093559192321836
49	110	0.10718665846349512
49	56	0.09504028369628184
49	126	0.09028249791655406
49	40	0.08758500476563294
49	104	0.08010499775460933
49	72	0.07787897570689423
49	161	0.06286996902474998
49	150	0.06154710845166541
49	20	0.060740136715773385
49	128	0.0587532552985108
49	63	0.044144291493557634
135	7	0.5098595760674699
135	31	0.4276114630541151
135	2	0.3715498725274757
135	148	0.3401038872360424
135	100	0.3179815472051523
135	13	0.2775263502976838
135	185	0.2706082341696009
135	75	0.23812928387387164
135	104	0.2034893942221145
135	162	0.1797845178761447
135	110	0.1789328271258047
135	5	0.1734388482333537
135	72	0.16223377173868125
135	101	0.14529443979867898
135	54	0.13572721477843508
135	163	0.13557015886938656
135	161	0.12212732795449342
135	77	0.1154035527862877
135	126	0.07645749151233258
135	27	0.07632725600163671
135	42	0.058449302704411024
7	13	0.4171280168985685
7	31	0.3836136567831117
7	2	0.3698851159761356
7	75	0.35288035731146744
7	100	0.3473702329766402
7	101	0.3446061186111887
7	32	0.3185836736163221
7	104	0.2751433631812055
7	77	0.2461778682873853
7	162	0.24552957471390965
7	110	0.2425389553419328
7	0	0.23080538228698386
7	5	0.17323515783466012
7	99	0.16525065344056092
7	69	0.15662994483101114
7	63	0.13624741371427548
7	185	0.13090449098658322
7	40	0.11310396950549108
7	57	0.11239312234628886
7	163	0.10887670089433278
7	133	0.10574320751027462
7	54	0.09606484288020614
7	81	0.08886198736842688
7	68	0.08201734814344272
7	74	0.08045870326831582
7	126	0.07842263486413358
31	2	0.4116697239617987
31	69	0.2687908010247757
31	13	0.2668785768129419
31	162	0.2370725126923373
31	100	0.2248798561994377
31	148	0.21559334123979848
31	110	0.1943846504053669
31	45	0.18516903396455106
31	54	0.18105187622636948
31	63	0.17587228037784752
31	152	0.16613567003075738
31	40	0.15948674408411725
31	159	0.15763451348205754
31	32	0.145862147818768
31	75	0.1449028612515835
31	185	0.14005335681389086
31	27	0.13186757386178696
31	68	0.1312189942860386
31	101	0.12026508983804858
31	0	0.11190928552368153
31	72	0.10177638503977816
31	104	0.08949987341366862
31	77	0.08060971743264582
31	74	0.07324161270320917
31	60	0.06913652870396056
31	59	0.06896833453664143
31	169	0.049656126631165816
148	68	0.35851427262552993
148	152	0.27668622735374393
148	45	0.2107155251920883
148	150	0.20657402885195547
148	159	0.19781735983194373
148	2	0.1903882588517819
148	69	0.18523663295825407
148	173	0.17755794279135897
148	161	0.16926510968384348
148	124	0.15056647456243355
148	20	0.1480244278327542
148	25	0.11964415499967952
148	162	0.11758356050816712
148	72	0.11382457134956996
148	59	0.0992531395486511
148	126	0.0941532927114228
148	110	0.0890832220717492
148	54	0.08882627152648698
148	104	0.0838317842926382
148	40	0.08196172459136566
148	42	0.0794313118667867
148	77	0.06703631094878701
148	27	0.06104500209443538
148	56	0.04467524225598736
185	75	0.3079508609744488
185	77	0.18460886065711088
185	74	0.17148863386990515
185	59	0.1569225711901319
185	102	0.15022439114134062
185	173	0.14919792534443588
185	162	0.14279735174724348
185	163	0.1366007135611966
185	159	0.13564868767608793
185	161	0.12269863667357912
185	169	0.1214377096712276
185	100	0.11694249843342135
185	13	0.1005193784492723
185	5	0.0939243355144352
185	101	0.0922846735122104
185	158	0.0875502731488353
185	0	0.08542727435523033
185	194	0.08400058716476443
185	27	0.07840176398206772
185	60	0.07335002712488348
185	99	0.07079934791015688
138	42	0.5265141307136239
138	150	0.4569661830689091
138	69	0.35691844185764715
138	110	0.3404222068125892
138	104	0.2922091904263739
138	2	0.2646015917845905
138	100	0.2603371177224549
138	126	0.2466850748989113
138	20	0.239506014138039
138	27	0.23225336500727525
138	57	0.2060953158617108
138	101	0.15365335754749956
138	133	0.145862147818768
138	54	0.1450203395875621
138	40	0.13658108670267727
138	68	0.1301869318134964
138	0	0.10112317782260233
138	23	0.09522063663136042
138	128	0.094831185396548
138	162	0.08620748572072003
138	63	0.07858959944438126
138	72	0.07055955184723196
138	45	0.06795510599864513
138	124	0.0617832072363167
138	65	0.05395455277480864
138	99	0.05255952100473208
42	69	0.408308819297776
42	68	0.34939108287093873
42	57	0.2691154834932861
42	104	0.2546415735512074
42	100	0.253621969095059
42	54	0.2418423610523537
42	2	0.237365068135696
42	27	0.22739433883697746
42	150	0.1920164748185598
42	20	0.1891061443818834
42	72	0.18605733782102515
42	110	0.17868113983106707
42	40	0.1785165624149372
42	32	0.17344854740619045
42	63	0.16646626698318545
42	45	0.1536338296745774
42	126	0.14344383260975652
42	162	0.1331742164814453
42	101	0.12358498909555618
42	128	0.10736458701233603
42	23	0.08269571560186756
42	152	0.07795749607798537
42	124	0.059860347466810765
42	161	0.0489129362447445
150	68	0.4384659101208309
150	20	0.3824019639518996
150	69	0.3235167545158079
150	63	0.20867918851407274
150	124	0.20215657511991705
150	110	0.20156183836769265
150	104	0.17687024025527645
150	102	0.15341901515522866
150	126	0.14342424407622428
150	159	0.14016119750837325
150	75	0.12488461564043515
150	162	0.12040306259722755
150	2	0.09545845511922592
150	100	0.09069409983562472
150	133	0.0887617840111691
150	5	0.08856137190869873
150	72	0.08483360819414135
150	152	0.08088093752336911
150	65	0.07673187228885861
150	81	0.07343059084770501
150	58	0.058362599483662014
150	59	0.05390070981705036
150	128	0.05342807488293695
100	104	0.3697901617629743
100	110	0.3628811436356074
100	101	0.33865277902458313
100	162	0.3096696691278216
100	69	0.29945426207254394
100	13	0.293845491486562
100	2	0.28550917139893595
100	57	0.25476314002323097
100	32	0.25297623982667083
100	75	0.2359774079416939
100	0	0.21686115790949853
100	54	0.18554563459615075
100	40	0.16169819989255332
100	27	0.15625924530210314
100	5	0.14067094482622566
100	63	0.13561923957325292
100	65	0.1172778354010516
100	68	0.11197840832391172
100	126	0.1064847623409924
100	99	0.0861985525993647
100	81	0.08117300730236791
100	128	0.06576991984518595
100	133	0.05673799846710303
100	161	0.056372172312558325
57	162	0.32246881414908074
57	69	0.33150667191424205
57	63	0.27573480847482146
57	40	0.23008574224658904
57	23	0.22920478768150934
57	81	0.21522143737908245
57	25	0.2064017035554804
57	32	0.20111089045287128
57	194	0.19391312037282024
57	54	0.1926809461510374
57	74	0.18319823888591094
57	101	0.1811002367994463
57	158	0.15956470820748833
57	20	0.15867774907786347
57	65	0.1560836354159931
57	126	0.15396578718158802
57	169	0.14562724578396236
57	128	0.14208216281258834
57	27	0.13489277730720942
57	45	0.13138606342542114
57	104	0.11490031538127013
57	124	0.11166240954394273
57	159	0.09443674972584548
57	2	0.08552852909502892
57	152	0.08463405133903094
57	133	0.07384731873202646
57	59	0.07238020379486007
57	99	0.06570420505506115
57	77	0.06480405444085573
57	68	0.06104500209443538
57	13	0.04756607796828855
54	69	0.23069177167583546
54	32	0.21952785116135431
54	159	0.21569822589824114
54	169	0.2026648609542051
54	63	0.20249224780745365
54	59	0.1932682302238637
54	101	0.18915435586929666
54	13	0.1658439358175287
54	40	0.15598607010360788
54	45	0.14935436000539634
54	65	0.13887669755589838
54	158	0.11471281968596678
54	81	0.11065501301879728
54	27	0.1091928965435922
54	0	0.10553555104353864
54	68	0.10466527166645274
54	2	0.10315179135512678
54	110	0.090898401579301
54	72	0.06997146977463027
54	5	0.06456804611754316
54	60	0.06394363490402866
54	23	0.06283411123839604
54	163	0.056194736186276815
54	99	0.0537032829593544
54	194	0.0517946091587119
54	75	0.04549257754425718
54	162	0.044144291493557634
102	13	0.19473102341051649
102	75	0.1656883323636818
102	173	0.15609339177975218
102	194	0.11696222487632275
102	0	0.11013147196553416
102	5	0.10722619873475632
102	77	0.10612883075356397
102	104	0.09564176610131583
102	63	0.09301039030926744
102	110	0.08549676309223624
102	68	0.083458414982142
102	161	0.06804668057940275
102	74	0.06441568247552985
102	58	0.05044315017161684
102	163	0.046636145691783634
102	159	0.04551752577651271
81	32	0.3296183285744594
81	63	0.302237304264425
81	65	0.2806062342606636
81	60	0.2609522801605764
81	23	0.2561839342692829
81	194	0.2525549905404405
81	74	0.23650615422525
81	45	0.2049651623709104
81	162	0.19676978792995495
81	68	0.14130802407988546
81	133	0.13767021476160446
81	99	0.12166431150110428
81	158	0.11839214513156855
81	169	0.11819494380478605
81	101	0.11438714984971195
81	128	0.10838260110552914
81	124	0.08941555364173392
81	77	0.08903857900473709
81	69	0.08480878806003396
81	104	0.07226083142587769
81	75	0.06787846117577448
81	56	0.058027737410528274
81	25	0.055726208034968916
81	58	0.05022669996468857
13	32	0.4509403281886304
13	0	0.3154083952025261
13	101	0.2987713634692196
13	158	0.18688743388693652
13	5	0.15592752945503058
13	159	0.136522205483819
13	2	0.12256074199951345
13	75	0.11804703669032553
13	63	0.10881741175525143
13	169	0.10656385454668564
13	99	0.1029539153339239
13	110	0.0985243369136714
13	45	0.08002948497264498
13	69	0.06600190840191532
13	40	0.061425569681344674
13	163	0.05676690506271832
13	74	0.05482497017014558
13	162	0.050105006991608976
13	104	0.04743736904584021
32	63	0.3457072020163793
32	158	0.3403337925309546
32	69	0.2847007021097982
32	65	0.2646201914061107
32	68	0.2511595046367598
32	101	0.24594300472343406
32	40	0.18081973329129966
32	74	0.14044548884811214
32	104	0.13440184226701
32	45	0.11179078677549943
32	5	0.10562454780026133
32	99	0.105545439655577
32	2	0.091001541301886
32	163	0.08260633040917346
32	75	0.07789289077983362
32	162	0.07710167146191436
32	169	0.07151968177638954
32	0	0.07093764980409671
169	158	0.4788183506634185
169	65	0.4737775060260464
169	159	0.4144564330791194
169	60	0.2883997883667108
169	63	0.2276598436333445
169	45	0.21308416798298752
169	194	0.20418906237254555
169	59	0.17817769511314496
169	162	0.1243234655714891
169	74	0.11295588587046235
169	0	0.11067476808443658
169	161	0.09843520975765137
169	58	0.09723778243147584
169	25	0.0929568571908122
169	56	0.08560397265466188
169	69	0.0769714488988441
169	101	0.04793722972197364
75	5	0.3717739580550779
75	162	0.2796109720761084
75	77	0.26872585719757064
75	104	0.2559783613322121
75	110	0.2292237368979479
75	101	0.21846156501288413
75	63	0.218252054547053
75	59	0.20855484625206314
75	2	0.18759184101462706
75	68	0.17611453695649495
75	128	0.17061496678060914
75	133	0.1547272053243188
75	126	0.12614445047084574
75	99	0.11719893498821245
75	152	0.10506087315542187
75	69	0.09562293986670822
75	124	0.09359228037542594
75	58	0.09343169698349467
75	56	0.07699331852052035
75	0	0.07171467648776772
75	161	0.06584658637923188
77	74	0.2732012219925451
77	161	0.19367250928798455
77	173	0.17427285394030698
77	59	0.12269863667357912
77	126	0.11976243553406375
77	104	0.08852664631015658
77	63	0.08654693404768088
77	0	0.07293326865565346
77	45	0.07048392981927959
77	110	0.060029736587027614
77	68	0.05954348092281115
77	128	0.05948568635799615
77	60	0.0552466889211085
77	58	0.05390968366511818
152	25	0.294347920390766
152	128	0.26888357368135124
152	20	0.25509039433942005
152	124	0.23343559413871698
152	133	0.21923277075751804
152	59	0.1753489334977867
152	2	0.17515507615153147
152	56	0.16058780247836485
152	23	0.1521884350422275
152	163	0.13418580993090867
152	72	0.12880057582624788
152	126	0.12411670600452387
152	159	0.11655781437211445
152	27	0.112412869657618
152	173	0.09012875916045948
152	63	0.08044479388308995
152	69	0.07524749379623435
152	58	0.0708152676913591
152	40	0.06412488863314637
152	194	0.06073814409425975
152	68	0.0579440198489961
152	101	0.055956487716768734
152	5	0.055483959374028134
126	128	0.5153078678158434
126	124	0.4089585736799643
126	104	0.2853713928224552
126	20	0.2655034464462215
126	23	0.24400663161424999
126	2	0.22609477501050065
126	133	0.1989413150856003
126	40	0.15655190648849573
126	69	0.12536694396455342
126	110	0.12266908821348455
126	25	0.10899527684822484
126	27	0.07617315718652147
126	74	0.07239413043623237
126	162	0.06265880417161393
126	72	0.0576111348271017
126	68	0.05675494372434892
126	56	0.04833330986606866
128	124	0.4500077527873279
128	133	0.4449051667597225
128	23	0.2831745326921753
128	25	0.2752542750542369
128	20	0.17758699683189555
128	40	0.1731963579826173
128	2	0.1554591648654851
128	104	0.12600667577774793
128	162	0.12020595723293427
128	68	0.09694754454030467
128	27	0.09464982796180764
128	63	0.0869270526167267
128	72	0.06343869159306445
128	69	0.053647444297870106
128	74	0.04523211461652223
124	20	0.4184074951664129
124	25	0.2965840336275555
124	133	0.25973106927247896
124	23	0.18558425722217906
124	40	0.15701035372773792
124	68	0.14480495951720554
124	63	0.09044218329443214
124	72	0.059467750032636775
124	69	0.05876720695980391
133	25	0.3181343498587065
133	23	0.27172925969058725
133	162	0.17062467566937506
133	40	0.13055064328145186
133	2	0.1262428579869231
133	101	0.1068011230686875
133	104	0.08107565225582182
133	163	0.07681438307742025
133	20	0.07670801355165116
133	63	0.06815218900080257
133	194	0.058170254714734825
133	69	0.05601031847311872
133	65	0.046844689095696335
133	72	0.046207072333724515
173	194	0.4193145060352123
173	45	0.25617459054742786
173	60	0.21831871915131407
173	74	0.2113747925216738
173	159	0.11063525786571787
173	161	0.08333229824007411
173	27	0.07207480535870839
25	23	0.4438217365058901
25	20	0.2465066287072301
25	40	0.2197848239547773
25	27	0.1674675525998257
25	194	0.1426210176117992
25	72	0.1242742380817281
25	159	0.10916325413915856
25	65	0.08915663433695625
25	162	0.06413683927993367
58	56	0.3381303392648517
58	161	0.24510665616232785
58	59	0.21891860883287306
58	158	0.09772609757609046
58	159	0.08875979976812545
58	68	0.08601591685977203
58	104	0.07305959193866876
58	63	0.06486878119636275
58	162	0.06060463735082711
58	163	0.056541630457254924
58	45	0.05073939000486962
58	110	0.04682373515800905
23	40	0.23983590937462276
23	20	0.19981514099129544
23	194	0.18803561496761967
23	104	0.14717338121979934
23	69	0.11962444124698594
23	162	0.11770189973058523
23	72	0.09572499705526667
23	2	0.08760683595863622
23	45	0.05937507840681978
23	63	0.059224609394303185
23	65	0.04834528182581824
23	159	0.046752890587420735
194	60	0.2311556420434584
194	74	0.19283500124884412
194	45	0.15802454941206973
194	159	0.15290144793815616
194	162	0.10399267317666734
194	65	0.08399959422077967
194	158	0.07602004895355112
60	45	0.3487324660048766
60	74	0.2714235984337262
60	158	0.11928929303100902
60	159	0.0860476800127183
60	65	0.07316403067819123
60	0	0.06812730507643205
60	72	0.05561156442295925
5	101	0.3611606414894664
5	99	0.2794634746459759
5	0	0.24407246274317726
5	163	0.2179663260351687
5	110	0.15584947355306733
5	104	0.14619489754334905
5	158	0.09178692575831296
5	2	0.07905866678436088
5	63	0.06972268942957721
5	65	0.06565740781158155
5	59	0.06233009300814641
101	99	0.3755166426559071
101	0	0.3513911571090939
101	163	0.1940767225873566
101	110	0.1780905509721307
101	56	0.13085534746425678
101	104	0.10633646082401854
101	2	0.09532864721019473
101	63	0.08650723352513542
101	69	0.08018249675899178
101	59	0.06858416038795416
101	74	0.04581590222509435
101	162	0.04546263959064588
68	69	0.4775147582854573
68	63	0.4428575967618208
68	162	0.2858489747569762
68	45	0.26781638729320423
68	159	0.2395625715373724
68	104	0.23084325109237105
68	65	0.18848895689488412
68	20	0.1807423478341152
68	40	0.14639061722848207
68	161	0.14140602589894746
68	72	0.1398866873875206
68	110	0.10649464894041824
68	2	0.08511555751916143
68	56	0.0651027887544937
68	27	0.05525865228681706
69	40	0.4712453603683413
69	63	0.3773019391137897
69	162	0.30756158795644106
69	45	0.3045616514619617
69	2	0.266441997445797
69	104	0.2153835570005374
69	20	0.21342779585779306
69	65	0.19445200451131267
69	159	0.18307259890172065
69	110	0.14945212787237944
69	27	0.14173921134138814
69	72	0.11462400308204032
69	0	0.04382391250331901
63	65	0.31375048262017496
63	45	0.2585930106969009
63	162	0.2225714867237459
63	159	0.16076315548813636
63	110	0.1190034098304851
63	40	0.11518647723410512
63	74	0.10888658234221388
63	56	0.09491542031629037
63	104	0.09362994737987693
63	158	0.08173227204549839
63	161	0.06015727434948845
63	0	0.048949847656338884
158	65	0.41884461383084337
158	159	0.2600853993970467
158	74	0.16899311898982156
158	40	0.07460710929947277
158	45	0.04637171878650525
158	27	0.04635974458387828
65	162	0.1826956430816452
65	40	0.1267053400000744
65	159	0.11575874354164598
65	56	0.07583810399017935
65	45	0.06289088599183776
159	59	0.30127382418505555
159	45	0.21809014631443946
159	74	0.1412296206303433
159	72	0.1263117417699411
159	162	0.1244809894248644
159	161	0.1055256624106283
159	2	0.0959667555646248
159	0	0.0958121899523407
159	27	0.09043424872699947
159	40	0.06963312638061504
159	20	0.05443513709227562
40	27	0.32245089375622976
40	20	0.1605780603471436
40	2	0.11554168603643634
40	162	0.10419050616417844
40	72	0.07530317647915907
40	45	0.06966397600207137
40	0	0.06958535896206429
40	74	0.054314494843518114
40	104	0.048160712571419975
40	99	0.046191106483418634
27	2	0.24871254781105864
27	20	0.15245217064235614
27	104	0.11453518464560235
27	162	0.09802718530327542
27	110	0.0831684417934314
27	72	0.08072993001042074
27	45	0.07438335794689475
110	104	0.4267612508836246
110	2	0.32134834575763954
110	74	0.15745898125853602
110	0	0.1486894611530102
110	162	0.13343941838870313
110	161	0.10061836703937077
110	45	0.04499759292486533
104	2	0.3581307664464233
104	162	0.1482396003512374
104	161	0.13944546537120306
104	99	0.08756714281787004
104	0	0.07067099335724057
104	74	0.06911662427363277
104	59	0.04453951287146391
20	72	0.11415028361240308
20	2	0.08574790830122149
72	2	0.1264396655633503
72	45	0.0888887740999261
72	161	0.06968089347985218
72	162	0.04770276710983845
2	162	0.18310159327517567
2	45	0.14409019107540064
2	0	0.11863863365584985
2	59	0.08293506272901276
45	162	0.17313815719658238
45	74	0.13297775832581962
45	161	0.0749104046911992
45	56	0.045276024507559375
74	0	0.13435274512987386
74	59	0.06025093364320978
59	161	0.17052758529109202
59	0	0.0990541156691564
59	163	0.0913228486821673
59	99	0.07327145170762157
59	56	0.05813537307598018
99	0	0.347167970018491
99	163	0.1128867784563997
162	161	0.13750343288482414
162	56	0.1116920353898799
56	163	0.3497070964224885
56	161	0.1996327200251093
163	161	0.17035281426671112
