111	113	0.8857616476929678
111	12	0.8525186913248957
111	8	0.7035522680632391
111	105	0.6036118937323289
111	13	0.7047521903929297
111	139	0.6395488647128633
111	108	0.6032176415754833
111	10	0.5485675947191263
111	103	0.5447321916538888
111	110	0.5440144609361869
111	142	0.5321143284758427
111	9	0.5053461776565058
111	145	0.4901972931025962
111	104	0.488227156070428
111	1	0.44938548993800337
111	3	0.4443114474474748
111	40	0.4195040480813488
111	6	0.40713321295173294
111	124	0.38507957386992864
111	112	0.3789645479539231
111	32	0.3776277968121048
113	139	0.7101765635575001
113	108	0.6266009126900982
113	12	0.8383811695745667
113	13	0.6721967830743646
113	142	0.6643999992973897
113	110	0.6492551486471518
113	8	0.5768707712648639
113	103	0.5527898927448589
113	10	0.55254679755452
113	105	0.5175078336409553
113	124	0.5132115901066855
113	9	0.4938579803440038
113	40	0.4696256852687371
113	164	0.43285124828124943
113	104	0.4231558548469231
113	38	0.4206734539074473
113	145	0.4153753406716111
113	36	0.4034559821353807
113	39	0.3994127345499797
113	144	0.3929635634403035
113	143	0.3858628727711645
113	3	0.38126587439125204
113	112	0.3741844380728555
113	6	0.3736683306593885
113	32	0.37348763836753823
113	165	0.358941216672247
12	13	0.7787553393104729
12	8	0.7007588391259605
12	108	0.6054963982533579
12	139	0.5588710788729986
12	110	0.5300034805492727
12	10	0.5190364460732583
12	103	0.5117885175654927
12	9	0.5100371647042421
12	36	0.5019578285500508
12	142	0.4942434964021645
12	105	0.4774838785094271
12	32	0.4767887717538759
12	1	0.4329081313434036
12	3	0.4114122274170568
12	112	0.4090002104727941
12	98	0.4050538453240889
12	104	0.40484484131837706
12	6	0.3942227389017925
12	38	0.380145741976316
12	145	0.3723167548488977
8	1	0.6029694931039377
8	13	0.55253290356025
8	105	0.543725736764434
8	6	0.4744131975162998
8	10	0.4053463798237012
8	104	0.3977809614333154
8	3	0.38859154620735936
8	103	0.3812402350080063
8	9	0.3797863791509024
8	139	0.3756798385879203
8	108	0.3679413353091015
105	6	0.642394472557942
105	9	0.6030649486382634
105	103	0.5991563381765709
105	108	0.5913568451960917
105	3	0.5873233197185025
105	1	0.5558102797166881
105	107	0.5029968762054204
105	139	0.4613303461904194
105	145	0.4370917161337429
105	4	0.4316640447528869
105	176	0.4273090703029038
105	104	0.4199324430956404
105	140	0.4104397940021272
105	179	0.4065407295770242
105	13	0.4058393215216399
105	70	0.40343086513326576
105	124	0.37870760298830336
105	10	0.3659596911602059
105	2	0.3650499647455046
105	112	0.3649979592950973
105	146	0.3554515801742452
139	142	0.7671646300232999
139	10	0.6835460876701229
139	13	0.6419537633024625
139	110	0.6253663803295932
139	36	0.6151843533232905
139	141	0.6145437529821333
139	114	0.6095217203808997
139	39	0.6054710626752794
139	143	0.5788889144821845
139	40	0.5757019573142634
139	176	0.5731155530178828
139	38	0.5730080969951826
139	145	0.5714949097727405
139	134	0.5591254616129063
139	104	0.5321214969811122
139	32	0.531949431799128
139	144	0.5284556621157125
139	70	0.5118770808275829
139	199	0.49790748213552
139	108	0.4942661677669904
139	103	0.4813961616112679
139	7	0.4744519432030953
139	156	0.4572035050996061
139	131	0.4553744475660732
139	98	0.4527071258283707
139	140	0.4518241700547605
139	124	0.4476040501777901
139	149	0.4454904799138846
139	112	0.4440385265341433
139	34	0.4366143120835224
139	138	0.4322659653235159
139	31	0.4281669623796681
139	2	0.4094497793043026
139	9	0.4077170162592152
139	33	0.4022999711245655
139	24	0.3898473380482461
139	35	0.3722822991264159
139	127	0.3683735653423201
139	79	0.3554690531335101
108	103	0.8230824183164953
108	9	0.8028927961261132
108	3	0.6277959574299287
108	112	0.588285413824488
108	109	0.5848154091965498
108	13	0.5757554402314391
108	6	0.5645181346695309
108	70	0.5107470844910943
108	11	0.5080664625417828
108	106	0.5074133264409331
108	110	0.4933739206648229
108	142	0.4933360906229164
108	145	0.4618969234038585
108	144	0.4552476168682814
108	5	0.43851437370453455
108	176	0.4278729147690035
108	153	0.41909195350119605
108	124	0.4158055286440177
108	141	0.41282349697901627
108	168	0.4075919435858168
108	1	0.37260097539519627
108	40	0.3611432501040263
13	32	0.6022562125801885
13	10	0.595135008740982
13	36	0.5754745999532405
13	70	0.527950961270509
13	142	0.5253929031324378
13	98	0.5061350575393363
13	9	0.4937974896106062
13	103	0.4911311686932173
13	38	0.4865726594964958
13	39	0.4682136789681006
13	110	0.457472391375765
13	112	0.4378275684996328
13	1	0.4306138311908872
13	144	0.4273499397775968
13	2	0.40963288000104
13	11	0.4071582399224536
13	104	0.4044768915106247
13	114	0.40442670638610745
13	37	0.40115106663901823
13	106	0.3959190152574757
13	40	0.3804964378753802
13	3	0.3663320441497088
13	134	0.35820922072936234
13	176	0.3559145296284569
23	25	0.8425213038661161
23	28	0.7313901582130412
23	128	0.7288876047208568
23	29	0.6909492934462874
23	26	0.6652370234527497
23	126	0.657569802419536
23	130	0.6311348053419963
23	27	0.6204522058522384
23	131	0.6032812505859528
23	125	0.5981104686383173
23	129	0.5883508020047667
23	182	0.5507589040672783
23	133	0.5330026412758053
23	132	0.5313468576544281
23	135	0.513866876964711
23	21	0.5124745982558095
23	22	0.4966353839669336
23	34	0.4667601715489221
23	181	0.45258785929161
23	148	0.4512748589950923
23	186	0.44742011160347306
23	143	0.43756887401763467
23	20	0.4353346290091113
23	147	0.4293830285154837
23	104	0.4288853637960103
23	33	0.4127239428364584
23	123	0.4009160984629074
23	100	0.3902543110069229
23	187	0.3873343090856488
23	184	0.3794611425524333
23	138	0.3794354619828589
23	157	0.3776620921839342
23	18	0.3733155241165267
23	73	0.3708859806905957
23	45	0.3689697813351413
23	7	0.36363634105403225
23	127	0.3612388996147107
23	185	0.3602124449328599
25	128	0.7292295903812287
25	148	0.5241393101807752
25	28	0.7024344504483035
25	126	0.6645731211536635
25	29	0.6641876881014218
25	129	0.6350176851692513
25	26	0.6280806333621614
25	27	0.623615651450297
25	130	0.5996112628692295
25	131	0.5788091224247164
25	182	0.5735183376020163
25	147	0.5451399575435426
25	186	0.5447954825663679
25	143	0.5150140241429856
25	135	0.4882423886065685
25	123	0.4724658030769018
25	20	0.4672996708198871
25	22	0.464512439370263
25	125	0.4541053093761012
25	133	0.4536289066102564
25	187	0.4522617814684019
25	18	0.4515535378180252
25	132	0.4397573992135147
25	39	0.4203688839925732
25	157	0.41869618018762894
25	181	0.4117693824027617
25	138	0.4115451370636792
25	53	0.41147037754084403
25	73	0.4071749242299416
25	104	0.4051374350762139
25	188	0.404986968646548
25	136	0.40178018560855
25	34	0.3914997169649707
25	21	0.39122873007409015
25	19	0.3815222359608931
25	127	0.3776449446275342
25	33	0.3744853937482473
25	7	0.3721789258020543
25	194	0.36613289318179415
25	184	0.3651366354336264
25	120	0.3648852730051352
28	131	0.7401133591923498
28	26	0.7077094732502045
28	29	0.7188687481149773
28	132	0.6931274123161697
28	128	0.6663615793681278
28	126	0.6578024564836501
28	130	0.6410003821608026
28	129	0.6121420890208119
28	21	0.5802834811157748
28	27	0.5564733576449257
28	120	0.55253985059577
28	182	0.5285925879423152
28	24	0.5239942393785426
28	186	0.5191898555949312
28	135	0.5180421272189828
28	123	0.5162033429258852
28	125	0.5071533941883132
28	19	0.5064027865745029
28	143	0.5057407233246122
28	22	0.4921927443228164
28	136	0.4881738398512999
28	133	0.4856180205584066
28	33	0.4812962818555794
28	18	0.4666741322880539
28	52	0.4537321492272376
28	121	0.4483953533787808
28	34	0.44786789589844345
28	147	0.4408537371152863
28	39	0.4369703655537
28	116	0.4333387055029913
28	127	0.4260576204565198
28	7	0.4192403274549861
28	134	0.4020401107576238
28	2	0.4017634140201334
28	148	0.4005803381233273
28	149	0.3962646908603698
28	100	0.3853180279951301
28	53	0.3805990598845022
28	20	0.3756970157520333
28	157	0.3746143506068916
28	138	0.37377157066702976
28	118	0.3735306629132449
28	30	0.3636970833105691
128	29	0.7445800292047969
128	130	0.7456297999584429
128	133	0.7472858694231178
128	129	0.735024627707024
128	126	0.6980668241886402
128	132	0.6691266138848317
128	26	0.6570757061779856
128	131	0.6461961854421486
128	27	0.6222080969600475
128	182	0.6071595198853522
128	125	0.5996304765136053
128	136	0.5316697321639613
128	21	0.5161006407292005
128	143	0.51413912329801
128	135	0.5076657436675436
128	149	0.4955120571411629
128	22	0.4879757762779626
128	123	0.4775456368818663
128	7	0.4712298016654976
128	187	0.4641123882535283
128	147	0.4588076728893588
128	185	0.4560796059511285
128	127	0.4549542501117833
128	118	0.4544307020061133
128	124	0.44948125109527465
128	33	0.4416187820592067
128	181	0.438910064170634
128	138	0.4366790592572196
128	157	0.43009236164263737
128	104	0.4292688334214737
128	73	0.4242388889138961
128	120	0.4208298178382999
128	18	0.4176152394222129
128	45	0.4147462700763793
128	148	0.4070247556808931
128	188	0.3973599925883397
128	19	0.3965259807859896
128	186	0.3957587860608866
128	34	0.3894656625423207
128	20	0.38703677851591706
128	164	0.3659250477129225
148	147	0.5230578021629864
148	186	0.5127842269035202
148	39	0.5115006118346368
148	104	0.4683073668178382
148	116	0.4647711950003624
148	126	0.4633902483997558
148	7	0.4586734481832059
148	26	0.4570373865120137
148	134	0.447476096917016
148	129	0.4327374718156724
148	143	0.4182177418204504
148	138	0.40425940504828
148	33	0.40302053471836985
148	123	0.3995892183326833
148	10	0.3982438337883434
148	30	0.3784848701187841
148	34	0.3770188816092521
148	130	0.373892005637934
148	131	0.37260097539519627
103	9	0.7438394175239447
103	3	0.6909545193009181
103	6	0.5623681629134831
103	106	0.5525745846218194
103	109	0.5334463576620305
103	142	0.5110426790519786
103	153	0.5046906160826161
103	110	0.4750174208576293
103	1	0.4470761248900424
103	70	0.4452419687499295
103	112	0.4354075696895608
103	0	0.4214467996876601
103	5	0.4176317512345351
103	168	0.4175161627561611
103	141	0.4122758271766767
103	145	0.3896946839082259
103	11	0.3673186446497719
103	10	0.3665225049801713
103	124	0.3542191109082097
9	3	0.7646844931625605
9	109	0.6325406317002887
9	0	0.5578180547130934
9	5	0.5332674750638154
9	6	0.4962360016336501
9	112	0.4780086742522332
9	11	0.4685103210362244
9	110	0.463233179949515
9	142	0.4287711089081809
9	70	0.42224418458110347
9	153	0.4060397726603879
9	106	0.4050454859764054
9	144	0.40347272646567606
9	10	0.3901864927639392
9	1	0.38994061614363773
9	124	0.3894232458914796
9	102	0.3751558111224035
9	2	0.3653012923035347
9	155	0.3614562565950846
9	104	0.35669154240804035
87	191	0.8223715545126096
87	89	0.6696343891655173
87	82	0.6352861470787879
87	66	0.6115164241707293
87	83	0.5688154721829098
87	170	0.5532133481364336
87	168	0.5411497133511742
87	179	0.5210281601148783
87	190	0.496507303094337
87	67	0.4908048200176192
87	192	0.4675106845657288
87	88	0.4666663100990076
87	47	0.4504143808707602
87	54	0.4478119351397753
87	50	0.4413692063159143
87	193	0.4375931297036362
87	93	0.4346049079158537
87	171	0.4262376680561629
87	46	0.4259102836760695
87	86	0.4207557538295513
87	84	0.4027357203895745
87	64	0.3899745334672254
87	159	0.3802997194972255
87	91	0.3662887533151324
87	5	0.3637404687431546
191	168	0.5785364159236255
191	179	0.6165994958854628
191	89	0.6034148045280311
191	82	0.5308730290156434
191	170	0.5276335297278499
191	193	0.4723803532691727
191	171	0.4699529904115216
191	66	0.4690564904821588
191	192	0.4501592635053771
191	67	0.4495211485288298
191	83	0.4389504311825045
191	190	0.4197924114539884
191	159	0.4104647398702214
191	86	0.40881699584796616
191	46	0.3987401442065636
191	70	0.3959864729713771
191	54	0.39137270031113336
191	47	0.3753791964387711
191	180	0.3732983112776235
191	88	0.3645037939389529
191	5	0.3553816858529383
89	179	0.7570594157452869
89	192	0.5975835539596139
89	50	0.5584445800130994
89	91	0.54250604386347
89	47	0.5011345321238256
89	86	0.4768428570213792
89	168	0.4563646760350316
89	51	0.3920838013911594
89	82	0.38535208867083626
89	88	0.3824275767201996
89	93	0.3822226581205129
89	66	0.3763753071779556
89	90	0.36211678054219343
89	46	0.3561852304551705
82	168	0.5344043551725445
82	66	0.5080961366774952
82	47	0.5049216190222934
82	153	0.4910856399411282
82	46	0.4901593068408981
82	70	0.4208380468263138
82	69	0.4185807163289672
82	159	0.4099407476596263
82	11	0.40328015035368414
82	95	0.4015872960701724
82	170	0.3989083320511515
82	171	0.3881754586744865
82	189	0.3781164080175123
82	65	0.36187347187639984
66	65	0.6376894682507696
66	67	0.6320604749483995
66	92	0.6150040721842512
66	85	0.5957804387292278
66	94	0.5906019831042467
66	86	0.5622655929545393
66	93	0.5481689981791278
66	170	0.5178152847670539
66	50	0.5119434961345921
66	88	0.5048024007265844
66	180	0.4982533634354031
66	41	0.4941074540948617
66	84	0.4399509660035763
66	83	0.43515630550592826
66	59	0.4162768671659676
66	47	0.4061817352493156
66	69	0.3935975611962722
66	91	0.3823763505959303
66	68	0.3796237725810843
66	64	0.3555738856715117
83	55	0.5915453990087308
83	64	0.5713467445615019
83	190	0.5590910917161718
83	93	0.5429152136424589
83	193	0.5149625890499384
83	54	0.4933890521589994
83	173	0.479342278424836
83	170	0.4777771887513528
83	85	0.4642143800591568
83	67	0.4573300502342134
83	192	0.4353103141787423
83	169	0.4089502461170581
83	88	0.3962899797885723
83	50	0.38792063306303176
83	96	0.3854627786149231
83	171	0.3826751365109729
83	74	0.3777478260802168
83	90	0.35767737602915417
168	153	0.6965769744666528
168	47	0.5337682261180782
168	179	0.5234063916737187
168	140	0.4495929593897231
168	106	0.4413208934431204
168	5	0.423689318471558
168	86	0.42085450459455737
168	154	0.41830849797618935
168	189	0.4094830727941336
168	46	0.3863223762970565
168	109	0.3785619749203841
168	180	0.3706185924435984
168	3	0.3670417874726313
168	70	0.3639833979991013
168	49	0.3595247542556105
168	11	0.3555302065343987
19	121	0.8121456609544628
19	131	0.5284052088265097
19	120	0.5177713713629128
19	20	0.5095042683972963
19	18	0.4811810204518502
19	29	0.4467320058932969
19	126	0.4313792185789272
19	132	0.41796192954789096
19	123	0.4175822149700978
19	129	0.4075002139046485
19	186	0.39942113921108496
19	135	0.39056791529191903
19	118	0.3694102676718513
19	16	0.35997745539558884
121	120	0.562477551797752
121	132	0.4347427878851451
121	118	0.4321521179756017
121	77	0.42276172404458506
121	131	0.41908370984730253
121	18	0.4170949761785971
121	29	0.368762436266036
121	16	0.367422449315342
120	18	0.7312319956200245
120	16	0.6741817208501444
120	149	0.649214654064189
120	118	0.5979049048638457
120	136	0.5795799813097465
120	117	0.5703490285398333
120	115	0.5560935558697321
120	130	0.5406191303662311
120	157	0.5350113294994965
120	44	0.516951153714594
120	124	0.5167899278500697
120	154	0.5144406807080799
120	15	0.5019952295282518
120	143	0.5007749908589955
120	146	0.4957760750723879
120	17	0.4867329249980458
120	119	0.4785099984271529
120	21	0.477916088016954
120	125	0.4677138326454902
120	116	0.4529217647773585
120	20	0.4517604993599113
120	33	0.44933760548606017
120	53	0.4454744490064083
120	144	0.4436289906349481
120	131	0.4361771503666996
120	150	0.4322984906065245
120	52	0.4308337399843504
120	48	0.4289832856372374
120	27	0.4275052278523864
120	132	0.4221620101267501
120	138	0.42107665734699257
120	123	0.41288156567409695
120	152	0.4083004864246715
120	155	0.3944507535030216
120	129	0.3895335257475608
120	39	0.3885830562082661
120	7	0.3788446475713921
120	142	0.3761091902322021
120	29	0.3672494364551393
120	49	0.36478991471695815
120	42	0.3595247542556105
120	26	0.3585055579191236
70	176	0.8053663955833292
70	112	0.7455765108464549
70	197	0.675026330033911
70	11	0.6628330850357063
70	114	0.6565355302102751
70	95	0.6514766854906474
70	32	0.6294109254280442
70	98	0.60472945405033
70	199	0.5925910214727621
70	141	0.5924677287749969
70	36	0.5614512581611886
70	106	0.5397055207898115
70	37	0.5191241127526908
70	140	0.499365123302314
70	5	0.4785870975557662
70	101	0.4465238697890347
70	31	0.44628365268732784
70	30	0.4391199532825174
70	3	0.4244930621015986
70	1	0.4243536850861247
70	35	0.4206487625804897
70	134	0.4187703998064189
70	71	0.4108471662366484
70	144	0.4099906633468224
70	6	0.3960539264114392
70	102	0.3803510406535197
70	110	0.3802056246277688
70	99	0.3785962420347225
70	2	0.377001724344624
70	79	0.3692116375064168
70	40	0.36400074819451506
176	114	0.7444195699919882
176	112	0.6794167913274545
176	141	0.6608155510762824
176	199	0.6406998334943016
176	197	0.6321625489040623
176	140	0.5885599924796734
176	95	0.5202700787645694
176	11	0.5157924450881076
176	144	0.4692826556539222
176	145	0.4678700667829839
176	172	0.4595494785336581
176	134	0.4548590829209973
176	5	0.4439582399906837
176	98	0.4384578326089573
176	32	0.42640131839325934
176	71	0.4242060875026829
176	167	0.4176730295585618
176	37	0.4175657023303176
176	40	0.4056054125028689
176	106	0.4054717263483016
176	35	0.4004208142592287
176	36	0.39322566119121977
176	177	0.39070349989053016
176	69	0.38416786487940857
176	166	0.38322128091257424
176	150	0.3611954235066136
112	11	0.6967056471860197
112	197	0.6686624466585662
112	114	0.6517241147569591
112	95	0.637202665051367
112	199	0.635137020519553
112	98	0.5509678689231103
112	141	0.5445985571249597
112	5	0.526543041419539
112	36	0.52635510006374
112	101	0.5204742583478855
112	106	0.4966504508831841
112	110	0.4850523277736121
112	35	0.4748315536435869
112	32	0.4648103934762286
112	156	0.4547559734066303
112	79	0.44520989779520254
112	144	0.4301983083912045
112	140	0.4277095158346251
112	198	0.419652359824275
112	177	0.4084921252885975
112	109	0.4083754798328337
112	190	0.4024173061779071
112	34	0.3903645066201976
112	71	0.3883113414040377
112	37	0.3860926484845859
112	181	0.3814538786119737
112	1	0.3781849681820272
112	99	0.3740038268219836
112	3	0.3562638098233099
114	197	0.6955872734333362
114	199	0.7241090442116149
114	141	0.6682531051929507
114	36	0.6394188314242584
114	32	0.5990858222442814
114	140	0.5633997366363868
114	134	0.5460319240127521
114	95	0.5147788620176593
114	98	0.5073613473746464
114	34	0.4995227400107189
114	30	0.4860458422465901
114	2	0.4795656143570455
114	181	0.44239927114193295
114	172	0.4422705767719609
114	166	0.4391764537023568
114	37	0.4321358529440859
114	163	0.42187434490100895
114	195	0.4183662475451321
114	175	0.4179784355664201
114	35	0.4171610565159816
114	31	0.4157393579820408
114	10	0.41348693913814577
114	198	0.4116863343858038
114	101	0.4105562027969044
114	69	0.4004376073881703
114	24	0.3968293336422231
114	71	0.3856841252225456
114	156	0.3797093579109057
114	177	0.3757571337935681
114	100	0.3698333237267079
114	79	0.367560841297428
114	11	0.3675262448276764
114	106	0.3662800949579262
3	0	0.6036436754071997
3	6	0.5487213723486973
3	5	0.5337467730301316
3	1	0.5069602419105904
3	109	0.4506056706412894
3	106	0.4349536237131411
3	110	0.4294808990979167
3	140	0.4048782848029607
3	2	0.3814453336499939
3	104	0.3790587464726276
3	10	0.3762465486654706
3	153	0.3732552780559082
3	11	0.3670850506949372
3	102	0.36022114737145744
109	5	0.5669726844392504
109	0	0.5600321318303316
109	106	0.5213923300413211
109	153	0.5090524807445174
109	101	0.4718285999800118
109	11	0.4331112569929397
109	122	0.41567318291835775
109	110	0.4000680964289995
109	99	0.3951345058595922
109	119	0.35928092196983297
95	197	0.7949723410181191
95	11	0.6780361072816218
95	99	0.5357674890390792
95	5	0.5327878344791546
95	199	0.5165040282555685
95	98	0.5121500823961496
95	101	0.5104809460983584
95	190	0.4820335607070094
95	79	0.4808735753633279
95	32	0.4676747695434675
95	71	0.4406361862701176
95	106	0.43046719691566665
95	171	0.41908370984730253
95	170	0.4150277454543353
95	177	0.4061399835815146
95	36	0.3839291629947542
95	61	0.3678808104081635
95	30	0.36296797221203214
95	31	0.3619603734904064
95	198	0.3618474001656573
197	199	0.6455492238128525
197	101	0.5823491403436117
197	11	0.5474901119850629
197	71	0.5097263560643949
197	106	0.496740846094928
197	32	0.4948478360135121
197	98	0.4922382077583017
197	177	0.4862520302316336
197	99	0.4818723392236706
197	79	0.4796734094740784
197	170	0.4682058711720356
197	35	0.4644340129081506
197	5	0.4504223521037115
197	30	0.4455546006871168
197	140	0.43579649009618815
197	181	0.4320382568510298
197	36	0.4317291357971482
197	198	0.43084188377214894
197	34	0.420928561123062
197	195	0.4106144021765254
197	141	0.4013524259262501
197	69	0.3793156115948471
197	172	0.3700577402038033
197	163	0.35946380078513485
197	166	0.3569795229772892
136	138	0.7943458627047155
136	123	0.7718143894117713
136	149	0.6982615995415119
136	150	0.6740016727271797
136	33	0.6545224404201238
136	7	0.6447611281034396
136	127	0.6357094082674117
136	130	0.6229858104861418
136	129	0.6186777274451439
136	22	0.5860116781157271
136	134	0.5732901270270193
136	126	0.5629900497530049
136	27	0.5300753863690602
136	118	0.516951153714594
136	143	0.5166726496464839
136	18	0.4980202869306062
136	34	0.4691500835347065
136	24	0.4679247418242802
136	186	0.4642222250728325
136	131	0.45618255872753705
136	132	0.4539465372847689
136	21	0.4394185590097625
136	125	0.4258529799376074
136	104	0.40864207841418093
136	26	0.4037154888840559
136	141	0.3964417007296912
136	116	0.3876402563789157
136	144	0.3853009972635413
136	163	0.3847558753043416
136	133	0.3825385585913592
136	2	0.3823251221210881
136	142	0.3794012203139693
136	44	0.3718515160309753
136	39	0.3716015884160453
138	33	0.719477063727172
138	127	0.6579896235039309
138	123	0.7244846055078457
138	150	0.649544288636221
138	149	0.6493361267713315
138	7	0.6336730730562977
138	34	0.6271715054585698
138	134	0.6113536258980329
138	143	0.6112722073509402
138	130	0.569565856437286
138	27	0.568950746583593
138	129	0.5101185449681167
138	144	0.5035345171842884
138	22	0.4949837465175956
138	141	0.4923367026560499
138	24	0.4851517356558206
138	118	0.4749787020155613
138	142	0.4709185660270845
138	39	0.4608657869544192
138	126	0.4544545064636941
138	10	0.4525321960321512
138	18	0.4501752104945509
138	137	0.4374880171318095
138	116	0.4371726076809394
138	186	0.4163512685996108
138	44	0.4162768671659676
138	2	0.4141665119822978
138	125	0.3945689641787173
138	145	0.3897794944082565
138	56	0.38693474947387857
138	104	0.3829397086358617
138	146	0.3770703518506498
138	42	0.3709291020703703
138	133	0.3687278751856374
138	40	0.3674137992761227
138	35	0.35945509289607425
138	26	0.3583399666263516
123	22	0.6465164083695568
123	126	0.6808838789257887
123	129	0.6500065221183967
123	7	0.597712117371631
123	127	0.5795069270775772
123	134	0.573041679119052
123	186	0.5451399575435426
123	33	0.5230214806863254
123	131	0.5084224725590285
123	149	0.5079180737715618
123	150	0.493563042877493
123	34	0.4907364970432332
123	118	0.4821256726160058
123	2	0.4708952186261247
123	26	0.4651552614939192
123	104	0.44559467384923457
123	132	0.44141751662991824
123	116	0.44053142110180027
123	130	0.43356609882488456
123	24	0.4323554071451375
123	133	0.41922384256580897
123	4	0.4169297560421329
123	27	0.4149780790993897
123	137	0.4109635281877505
123	146	0.4042426734263354
123	135	0.3954551278168821
123	141	0.39441697662598457
123	163	0.3893638598052448
123	18	0.3863223762970565
123	29	0.3829909088901766
123	147	0.3677943408564696
123	21	0.3640874953821531
123	143	0.3626987831136226
149	142	0.7064593958718441
149	118	0.7302346950253291
149	44	0.7179057485996218
149	45	0.6137652353766091
149	116	0.5756217237010093
149	18	0.655424635261161
149	7	0.6448546037535573
149	143	0.6421300979473004
149	33	0.6420066708284634
149	130	0.6398796934526406
149	150	0.6136343271361517
149	144	0.5981682692748137
149	124	0.591434875308277
149	157	0.583464910592775
149	164	0.5808072250644686
149	146	0.5751668571767852
149	154	0.5527829484731271
149	129	0.5420118752469013
149	52	0.5367008021433135
149	39	0.5326302658453986
149	27	0.5255666321742221
149	21	0.5179323738381107
149	155	0.5129758349607956
149	43	0.5099335766155035
149	119	0.5088968823430888
149	125	0.4900681322160548
149	16	0.4857173570546541
149	131	0.4848152276151626
149	156	0.4777849060040602
149	40	0.4741031658523806
149	152	0.4650455460681983
149	20	0.4546369857402723
149	145	0.4461875478328248
149	110	0.4440866950379824
149	49	0.4375931297036362
149	134	0.4336391778124913
149	127	0.4314361906963574
149	42	0.4158137996672496
149	10	0.4035648154517011
149	165	0.4001940806954447
149	47	0.3991101220425359
149	115	0.38909233933293297
149	34	0.3833151225158489
149	133	0.3804793332960025
149	122	0.3788703415813535
149	26	0.3741930379007391
149	53	0.3719980002661031
149	78	0.3668341019032913
149	38	0.3666350355806223
149	51	0.3636189855555833
149	24	0.3635322042770063
149	15	0.3548923143523176
150	146	0.5798853799076875
150	144	0.5549458359172801
150	33	0.5315477755019198
150	134	0.5219746070718191
150	42	0.5143524331664047
150	145	0.4820105310645938
150	18	0.4808043839145977
150	130	0.4801583083310344
150	157	0.47401013341741494
150	155	0.4730404163610649
150	34	0.4407248243461228
150	24	0.43805386671710456
150	44	0.4349130820642272
150	143	0.4323310147647022
150	20	0.4267857868145301
150	118	0.4266303819752176
150	141	0.4209532453857381
150	137	0.4200806901021509
150	172	0.4161115106873845
150	125	0.41189394160473497
150	119	0.4102235707472463
150	27	0.40929994510491546
150	154	0.4057390813069376
150	7	0.3793755383802436
150	142	0.37376296768674494
150	152	0.37264403301865145
150	22	0.3709635980225792
150	131	0.36882291570335096
150	156	0.3669639096708824
150	116	0.3553205250615432
33	7	0.6665283347009837
33	44	0.643385981772676
33	143	0.6242751987863076
33	39	0.6099363524804698
33	34	0.5928245525600976
33	130	0.5838473309800465
33	31	0.5469436801761124
33	42	0.5265069028468669
33	18	0.5233337832986764
33	52	0.516951153714594
33	129	0.507019678804942
33	27	0.4979150029794652
33	156	0.4750638810404027
33	116	0.4715642491400186
33	142	0.4605034129031586
33	10	0.4570373865120137
33	131	0.45628549929370205
33	144	0.4555012597834647
33	40	0.4518798781371062
33	26	0.4441268334970657
33	21	0.4427691659679411
33	134	0.4393782125568473
33	125	0.4366547795971781
33	104	0.42788925312456255
33	30	0.4202206805799084
33	38	0.4182012398040153
33	22	0.4144564330791194
33	126	0.4091667406139676
33	24	0.4091584147541175
33	127	0.39235457390261175
33	110	0.3915505194498573
33	115	0.3827263489194423
33	45	0.3819920797537044
33	32	0.3815478688910035
33	118	0.38072732421429
33	36	0.3786390744681528
33	2	0.3641221924886516
127	129	0.5554162422118197
127	7	0.5189999150668599
127	134	0.5165113604535851
127	143	0.5137711982653965
127	27	0.5105400964189168
127	130	0.5037211069393066
127	126	0.4932452909077764
127	22	0.4544068968994752
127	24	0.4444559016138197
127	39	0.4421418641870256
127	34	0.4146220645205235
127	26	0.413975946629646
127	118	0.4091833921292681
127	133	0.4038494024414824
127	21	0.399521989907199
127	2	0.3971157539899745
127	125	0.3890753670578302
127	141	0.3774048516434129
127	131	0.3687451558532789
127	132	0.3665138483359096
181	198	0.7896118737653683
181	182	0.6542537055939702
181	183	0.6286555291444476
181	147	0.5979049048638457
181	185	0.5974035135484561
181	135	0.5698697961464451
181	177	0.5528454441548379
181	96	0.5489938869100567
181	29	0.5342686031131619
181	71	0.5297301689190742
181	166	0.5217126425537124
181	194	0.5122238488472646
181	193	0.5005127163575404
181	100	0.4970194968246222
181	195	0.4683854319827472
181	22	0.4675106845657288
181	175	0.4511792917001001
181	196	0.4404750041174591
181	162	0.4342398331837177
181	73	0.4210931110973973
181	161	0.41990773308205465
181	26	0.4189353122625783
181	199	0.4170619343561177
181	188	0.39032212501542063
181	81	0.3868497180340352
181	126	0.3823507366523177
181	187	0.3802483959987874
181	184	0.3762122106073211
181	132	0.363358622791538
181	79	0.3574942282273211
181	30	0.35708422636597176
198	177	0.7404884814097511
198	96	0.7230227339398343
198	183	0.7213673554370325
198	195	0.6885219581021006
198	196	0.6705490106812998
198	166	0.6478472535590422
198	71	0.6393419763736148
198	199	0.5975964116838617
198	194	0.5678541388216031
198	81	0.5647020628351695
198	193	0.5477631529563379
198	175	0.5353467136929939
198	190	0.5068859390126645
198	97	0.4935327864592629
198	185	0.4842030269463422
198	61	0.4703969836160326
198	147	0.4421820888263388
198	184	0.4419648546461238
198	182	0.3930481180811132
198	167	0.3912371994417628
198	158	0.3876402563789157
198	85	0.3831786230227464
198	174	0.38211164484585547
198	161	0.3818383344148736
198	73	0.3764439724405481
182	29	0.6686513887000383
182	147	0.7377390157617839
182	135	0.689829298478054
182	188	0.6100179831013471
182	185	0.5949993707836796
182	183	0.5771309285657596
182	187	0.5697549927950226
182	126	0.5424495864379213
182	162	0.5269259932996709
182	132	0.5217126425537124
182	131	0.4876862083332152
182	129	0.4852511309995645
182	133	0.4568949737688017
182	100	0.4562459082133365
182	26	0.4536924419696099
182	186	0.4418521942865749
182	73	0.4353346290091113
182	194	0.4276441484324986
182	21	0.42441107805768336
182	164	0.37017856196111815
182	125	0.3639660475510786
177	71	0.7182157573758841
177	97	0.6380987010990614
177	166	0.6559604983931507
177	195	0.6323786331028407
177	196	0.6221100300645495
177	183	0.5581141844423124
177	175	0.5282249880390423
177	199	0.5130863548247756
177	167	0.5031089168725434
177	171	0.5026232852077371
177	96	0.5001828694489585
177	193	0.475358067355865
177	190	0.4487707767875465
177	61	0.4314768829591857
177	81	0.42118360177057895
177	185	0.4040167700530184
177	194	0.3930565731796491
177	147	0.3865690676087085
177	30	0.3805477500515184
177	170	0.3695311564665823
177	161	0.36856369613223655
177	22	0.36784622335085204
177	174	0.3555738856715117
96	81	0.7564740093185208
96	85	0.6352145722413116
96	93	0.620814946068547
96	61	0.6164941179800796
96	97	0.5807542095638537
96	71	0.561437562557708
96	196	0.5600527224047236
96	195	0.5379171230148567
96	194	0.5153519339214158
96	63	0.5141979737542504
96	190	0.5033030806385511
96	183	0.5004452594871818
96	50	0.4930939341619944
96	92	0.4898325481334096
96	185	0.4815113919500252
96	88	0.4747076186296172
96	90	0.4643163595555521
96	173	0.4311920002538976
96	73	0.4210602033194538
96	166	0.4199324430956404
96	68	0.4108471662366484
96	98	0.3991605635012026
96	193	0.38758927109124175
183	185	0.633481527522442
183	187	0.6023199374875446
183	188	0.596212446816781
183	196	0.5831878238542995
183	81	0.5793408600914276
183	147	0.5563628938262838
183	193	0.5521020374313764
183	194	0.542618944013444
183	175	0.5269259932996709
183	195	0.5241538155883867
183	135	0.4565705017416239
183	166	0.4550018298107493
183	174	0.4542243695205312
183	73	0.41312210022248297
183	60	0.4051290764057631
183	71	0.3961719596462467
183	80	0.3926929439354885
183	190	0.38703677851591706
183	199	0.37791070263844573
183	184	0.3734015844554192
183	29	0.35622015524082845
183	63	0.3561415730736209
195	196	0.6581540365265782
195	174	0.633768816698091
195	199	0.6287583328350437
195	166	0.5980526617786759
195	175	0.5883900312199143
195	194	0.5667147829363453
195	71	0.5196279841955093
195	167	0.5042433082558327
195	61	0.4921093877168578
195	97	0.4867405558715009
195	170	0.4756057207822103
195	81	0.4545814526082601
195	63	0.4394508348956404
195	193	0.4112377569503544
195	98	0.4061232824395821
195	190	0.4020736447682989
195	172	0.39161825238330106
195	147	0.3795296212127914
195	68	0.37638389056193106
195	55	0.3755681807297063
195	93	0.37167915792494377
195	85	0.3662108258169583
195	92	0.3646858787651311
195	171	0.35861884422813745
195	173	0.3580697429519269
196	175	0.7527410526469198
196	194	0.6308398964230619
196	174	0.6240432371895328
196	166	0.6155509336719445
196	81	0.5863923710621465
196	92	0.5863333149867587
196	97	0.5317342885313778
196	85	0.5097781667485967
196	71	0.494817630390873
196	68	0.4905846466034535
196	61	0.4877547999170228
196	94	0.4806890515259538
196	67	0.472209427012239
196	63	0.4708796533256728
196	199	0.4691344854243691
196	167	0.4653668151766753
196	88	0.4615192471066227
196	180	0.44809170384379504
196	93	0.4455866593596563
196	185	0.4070748143092227
196	50	0.40434305909955054
196	69	0.3870537824349334
196	147	0.3773190918492871
196	190	0.3696606662955835
196	170	0.3631676540163122
196	73	0.3578779349122571
64	169	0.7870758574780573
64	55	0.6582050484985827
64	65	0.5485675947191263
64	67	0.5202700787645694
64	170	0.5127842269035202
64	92	0.4676747695434675
64	174	0.4309070315482337
64	54	0.4257465496449993
64	63	0.41312210022248297
64	93	0.3947378139183939
64	68	0.3911694426448871
64	61	0.3682352690457311
169	55	0.7231992648132158
169	170	0.3720496961614628
169	54	0.3605430935154415
55	54	0.5301113364204566
55	170	0.4341343405793842
55	90	0.3826751365109729
55	190	0.37598898804092334
55	65	0.37245456747557903
55	63	0.36756949025591695
55	173	0.35819178688138176
55	84	0.3557223831197835
22	34	0.6626031551189094
22	134	0.6744489172742396
22	30	0.5978663528973829
22	126	0.5964895239739104
22	26	0.5692347226283185
22	24	0.5570667636799524
22	186	0.5411497133511742
22	137	0.5268176323861187
22	141	0.5148891039127858
22	135	0.4901745015690176
22	29	0.4821640494326416
22	100	0.4773835110909461
22	132	0.470653923525341
22	166	0.4704748526206191
22	37	0.4443596014039558
22	161	0.4293504027465502
22	131	0.426090358894726
22	171	0.4188858414268845
22	147	0.4160370912916158
22	2	0.40954133377697294
22	36	0.4076586509151268
22	35	0.39953879741648896
22	129	0.3991353430738637
22	167	0.3927775198391488
22	69	0.3879716029315815
22	31	0.3852839662694724
22	104	0.38243611417903534
22	175	0.38065036737412256
22	71	0.3776792394812967
22	172	0.36943617346637175
22	163	0.3558097261711194
39	143	0.7688871950404754
39	142	0.6532287120654872
39	44	0.5889911990243212
39	24	0.5733035536416757
39	52	0.5678609141998986
39	131	0.5357389703000105
39	7	0.5325156472785011
39	31	0.5280302961189232
39	130	0.5258488484026814
39	144	0.5007525137890675
39	10	0.4919123271365687
39	124	0.4767810449923646
39	38	0.4767733181571735
39	104	0.4636885982510003
39	115	0.4631546348092059
39	134	0.4557944422413078
39	110	0.4545100476738455
39	42	0.4462436102487797
39	36	0.442431441888019
39	116	0.4355129183581915
39	34	0.4353913611434512
39	40	0.4282567921842248
39	157	0.4223017025703461
39	129	0.4153422415886325
39	30	0.4117444687157369
39	156	0.4020401107576238
39	26	0.3986223967526079
39	18	0.39647541355418336
39	27	0.3939439884656864
39	119	0.3743220275952727
39	32	0.3735822902467512
39	141	0.35533799988384696
143	130	0.7457097157480673
143	142	0.7071599836733361
143	131	0.6263032093736052
143	129	0.6103569255700195
143	52	0.6098295852110809
143	7	0.5968501556116981
143	24	0.5792877084946834
143	44	0.5763367488386373
143	144	0.55835511536403
143	26	0.5377465461561366
143	27	0.5243133549997836
143	124	0.52338460995923
143	156	0.519211768510431
143	157	0.5156823428474092
143	110	0.5099853725088673
143	40	0.5088301871318975
143	18	0.5073316433933086
143	34	0.5049290695262603
143	119	0.4599753325231975
143	45	0.4586734481832059
143	115	0.4586497592972112
143	118	0.44672400155239017
143	38	0.4458350753215291
143	42	0.4417556171696927
143	10	0.4305405168942168
143	145	0.4298478239296958
143	116	0.42983151917256135
143	104	0.4146469068678189
143	20	0.4136278640844796
143	17	0.40807547313196735
143	125	0.40648229718979584
143	134	0.4006978664864015
143	16	0.3848240302396688
143	21	0.3774648796479316
143	126	0.3753791964387711
143	186	0.3626032498473297
143	31	0.3549272759138039
143	53	0.35430656069242644
130	27	0.7546502317666129
130	157	0.6124671321984393
130	129	0.7111417417473421
130	125	0.621484394590431
130	26	0.5875328967445139
130	18	0.5789753433686532
130	131	0.5692347226283185
130	21	0.5553194228922449
130	7	0.5408243401649846
130	132	0.5398472490797794
130	118	0.5350113294994965
130	52	0.5261743387041808
130	44	0.5182762107595661
130	133	0.5179982279132685
130	126	0.5138889548493343
130	24	0.5071459661962946
130	156	0.50050522144982
130	124	0.4942963952075742
130	29	0.4932377237796221
130	119	0.4671824179492846
130	142	0.4374718449056112
130	45	0.4331762479120623
130	34	0.40888362316186616
130	20	0.3911270924932612
130	53	0.3704633065513361
130	165	0.3607692745640677
142	38	0.6962319105271866
142	110	0.6922951710430912
142	40	0.644153066174589
142	144	0.6367688632245924
142	124	0.6116165819962447
142	10	0.5827587314824194
142	45	0.5768173911924447
142	156	0.5761964863147183
142	44	0.5573563600873574
142	7	0.5565838017948641
142	52	0.550647427904057
142	164	0.5455404418409873
142	145	0.5411921413927926
142	131	0.5151903448789483
142	157	0.4909414478589314
142	141	0.4577332892532869
142	36	0.4547559734066303
142	146	0.4529058673958554
142	165	0.4296603022985759
142	32	0.4245176559576004
142	24	0.4204676738088836
142	134	0.4188116305106869
142	31	0.4102069362783313
142	34	0.4050872820376198
142	155	0.4017047113381671
142	47	0.4006139190009441
142	41	0.37941834127833335
142	119	0.3723856632150161
142	42	0.3683735653423201
142	20	0.35590579634889835
142	116	0.3542278561654467
10	2	0.5800247468527949
10	110	0.6786892941878723
10	7	0.6264915735257963
10	36	0.5726116826082154
10	104	0.5651718467023092
10	38	0.5515108543001291
10	32	0.546803494321085
10	98	0.4596520182631914
10	31	0.4540021107966501
10	34	0.4519037519507282
10	79	0.4391845249073349
10	35	0.4203688839925732
10	102	0.4180692137353032
10	52	0.40884198160143786
10	116	0.4054048767656645
10	134	0.4028530063274082
10	141	0.3921176516719629
10	0	0.3838865322565405
10	40	0.3559581950937419
10	101	0.3557835239082737
38	79	0.6271897047932236
38	36	0.6370600897869868
38	31	0.6342651752677407
38	98	0.6289940935648137
38	32	0.6186406917982268
38	110	0.5741689198856693
38	40	0.5280014481493792
38	41	0.4899617482661859
38	52	0.4836746227645157
38	156	0.4576226149286776
38	124	0.4350184866836295
38	34	0.4290159240107931
38	30	0.4286160267621742
38	7	0.4224002969261259
38	35	0.3981596902527745
38	44	0.3864840078852494
38	131	0.3853776334885489
38	42	0.3850880909743485
38	57	0.3707307304817707
38	24	0.3688574739797713
38	78	0.3621776000010394
38	45	0.361386706634126
110	156	0.5784898433445448
110	144	0.5686057360290984
110	40	0.5623613254545381
110	104	0.5061499339348156
110	79	0.4947647676740553
110	7	0.4797580954815848
110	52	0.4711131020464187
110	36	0.4700854343407909
110	11	0.44931366229182107
110	124	0.4407248243461228
110	45	0.43929751433277897
110	32	0.4367761715358303
110	145	0.41244181921602746
110	41	0.41003225787691777
110	31	0.4015118078540894
110	98	0.3990849004072427
110	101	0.39396933241017457
110	0	0.38929598602840776
110	44	0.3843042429037711
110	164	0.35754655897738885
40	41	0.7410074675624406
40	145	0.6660890689102775
40	144	0.6457300001519406
40	156	0.5476511502566194
40	44	0.5454421003430485
40	42	0.4992299969525906
40	52	0.4907820463634438
40	32	0.4754741642830226
40	45	0.4586102763718875
40	34	0.45584197602689797
40	124	0.43913609661407055
40	155	0.42205517296317824
40	51	0.4130308697626921
40	157	0.4118690309955005
40	31	0.4017047113381671
40	47	0.4014614793456111
40	146	0.39043231374665094
40	180	0.3892535627709199
40	20	0.3877167298635781
40	78	0.3858543616398893
40	36	0.3835198403628153
40	69	0.3748464364305745
40	98	0.3720410803391721
0	5	0.6910433477809516
0	101	0.5213704851984903
0	99	0.5074801512435044
0	106	0.38463659407164064
0	102	0.3815136915204598
0	11	0.3719290688158374
36	98	0.7574433289979302
36	32	0.7053054180776797
36	30	0.6938437393419148
36	141	0.640399088350907
36	31	0.6173117663289593
36	199	0.6029440353783265
36	79	0.6023390534629081
36	34	0.5993742377511886
36	134	0.5637409308619645
36	37	0.5331601226074787
36	35	0.5234426930111286
36	69	0.5106288128404899
36	100	0.4600226365792269
36	104	0.4483394257109378
36	2	0.42384519851985547
36	11	0.40301215894012815
36	190	0.3936989661214361
36	24	0.3785191395680708
36	56	0.37828780065035134
36	101	0.3651539688117924
98	199	0.6565241508389059
98	32	0.6692039243824979
98	31	0.609930072665708
98	69	0.5360668619988999
98	11	0.5343900667801275
98	79	0.5310597284369143
98	35	0.5286646431208889
98	30	0.5018755397895598
98	34	0.4736378978443142
98	141	0.46523362090699893
98	190	0.4230080745503299
98	93	0.40865873851105344
98	41	0.383426016026484
98	37	0.3820262425137302
98	71	0.368840194969026
32	79	0.6142262621549455
32	31	0.5877685767195141
32	30	0.5785031501806085
32	34	0.5540386108965144
32	141	0.5241465629225958
32	37	0.5090154365230833
32	199	0.477669139470664
32	69	0.4445120719927664
32	41	0.43417491606730624
32	11	0.4164339303198176
32	145	0.4106393437436586
32	35	0.4057307275150643
32	2	0.394847551954042
32	106	0.3928367190187984
32	134	0.3757571337935681
32	146	0.3561939617448868
30	31	0.6570643409983046
30	100	0.5824218313295115
30	134	0.6000210040280233
30	34	0.569687451022203
30	79	0.5132926130573635
30	24	0.5077770765126337
30	104	0.5011944388564482
30	26	0.4996803236546783
30	101	0.4954743328164901
30	199	0.4815805221641578
30	141	0.4610469163787391
30	171	0.43567496994050803
30	163	0.4298722805397577
30	69	0.4139593740141226
30	7	0.3929128274658527
30	131	0.3886085260075973
30	37	0.3879631081182711
30	2	0.38172728296979
30	106	0.3704891889718287
30	71	0.3692202743021957
199	140	0.5993614225871063
199	141	0.642799550187834
199	166	0.5399464406750405
199	35	0.5375190418465408
199	175	0.532759188383741
199	34	0.5282177782173382
199	71	0.4941603623124776
199	167	0.4678075766360871
199	190	0.4508925277261536
199	11	0.4448570419115652
199	69	0.4404185836539726
199	134	0.4338664981833161
199	62	0.4284690835326725
199	31	0.4235498255741809
199	26	0.4168471356398653
199	170	0.4071165279649369
199	101	0.4037405989940491
199	24	0.4019730395005926
199	99	0.3875382834321506
199	106	0.3840485203541987
199	174	0.3813171513981615
199	193	0.37595464223316105
199	172	0.368036439568626
199	165	0.3625424519824199
65	92	0.7570935625604033
65	68	0.6627882304732045
65	63	0.6044312472400205
65	67	0.6037771374926532
65	69	0.5878602031132304
65	61	0.5445352469050098
65	93	0.5257982027293218
65	85	0.5246903018569068
65	175	0.5077844980993542
65	91	0.502473796215767
65	167	0.48005827384752503
65	86	0.4671902353186465
65	84	0.4575514596594586
65	166	0.4552159063065586
65	94	0.4500715499322495
65	81	0.4418521942865749
65	88	0.4302960948724806
65	50	0.3990933076861128
65	174	0.3953285780248342
65	90	0.388710399266072
65	180	0.3769845668212611
92	93	0.7113640954165092
92	63	0.6880746495390951
92	67	0.6637235829446343
92	69	0.653549638294383
92	175	0.6504336603105885
92	174	0.6492725023416959
92	68	0.6143570177679465
92	61	0.5963091177783305
92	81	0.5879060106548771
92	85	0.5774642922863691
92	88	0.5587472870601802
92	94	0.5549112332012174
92	50	0.5030267553699407
92	84	0.4883566231450854
92	97	0.4680340811618429
92	91	0.4657741021185078
92	180	0.4571955954138938
92	86	0.4544307020061133
92	41	0.4195864462598015
92	71	0.4167314555045191
92	166	0.4156400937360038
92	170	0.4085587738451086
92	90	0.3751729961558075
92	74	0.3612302045187268
68	69	0.6783817281584577
68	61	0.6096536849747504
68	91	0.5908233430067821
68	63	0.5735250483306931
68	67	0.5660559516504731
68	166	0.5486654575058408
68	93	0.5370139871545285
68	50	0.536850295264455
68	88	0.5093635777532254
68	86	0.5000478902203628
68	167	0.4956101316371477
68	174	0.48031218315191604
68	81	0.4744829384289925
68	175	0.4687288318277801
68	94	0.4683932380970553
68	85	0.4094747495239204
68	84	0.4087337055768053
68	90	0.4036066713790736
68	180	0.3986139857172319
68	76	0.3828287666802148
68	35	0.3591589874267287
68	97	0.3579651241300271
93	50	0.6225756739407605
93	67	0.6319643853027436
93	61	0.5842953561977212
93	85	0.5820318343223986
93	90	0.564872316691004
93	88	0.5410789938256511
93	81	0.5404421737144094
93	97	0.5356106208482457
93	69	0.5227526427172472
93	63	0.5200293621599871
93	190	0.512076308388749
93	41	0.46534331183673205
93	74	0.4527230268095633
93	94	0.4443997277396282
93	91	0.4233856905634471
93	170	0.4180362044580132
93	79	0.4051792274125322
93	174	0.4025932839693081
93	84	0.3994295438050504
93	180	0.3982270056173344
93	173	0.3856415620140057
93	54	0.3773705485024662
93	175	0.37089460509450173
63	81	0.7038551486951419
63	61	0.6395370450166866
63	167	0.5631061558142313
63	174	0.5371420656487238
63	166	0.5219455047638251
63	88	0.4886307177562207
63	69	0.482141023564698
63	91	0.474769588490225
63	175	0.4546766500991548
63	90	0.4304427556602679
63	50	0.4182919974781353
63	67	0.404401612910486
63	76	0.3971747132863769
63	84	0.3860926484845859
63	86	0.37902449337461946
63	85	0.3752503256145915
63	60	0.3721358508581514
63	170	0.3703770276614575
63	97	0.3634367375828075
67	180	0.6017907881986956
67	50	0.568341769374617
67	69	0.5568667251494304
67	88	0.5443804624644054
67	170	0.542724770101404
67	41	0.5343900667801275
67	175	0.5249583888317387
67	171	0.5220328080421065
67	190	0.5134914487832991
67	61	0.4866566121779317
67	86	0.4767269555987776
67	94	0.4745139324783758
67	84	0.4630682267510543
67	85	0.4566179930431956
67	58	0.3810350988304947
67	174	0.3635322042770063
67	54	0.3595334616438157
179	47	0.5050333686815289
179	153	0.4873584098826749
179	50	0.4740876611816038
179	192	0.4612909865669786
179	155	0.4483394257109378
179	6	0.4309803174276043
179	178	0.3996228309336797
179	154	0.3924307164236186
179	173	0.3752761009402116
179	91	0.373892005637934
179	86	0.3707307304817707
179	5	0.3600296792414581
179	51	0.35445521110384426
81	90	0.5899243302470616
81	60	0.5017408658552338
81	61	0.608080484522626
81	88	0.5792810641986861
81	85	0.5673322036184865
81	97	0.5338254309936875
81	50	0.5025485444680258
81	174	0.4847157773024101
81	73	0.4678934993820928
81	91	0.43285124828124943
81	166	0.41905073454077796
81	194	0.3990933076861128
81	185	0.3929551076106974
81	74	0.3802312876455344
90	50	0.5564595507432194
90	88	0.5554300723141464
90	74	0.5076954340843238
90	85	0.5015837155175656
90	173	0.4309803174276043
90	91	0.4057975559519138
90	194	0.3949066369996247
90	84	0.3831359634983281
60	62	0.5275036288775495
60	174	0.4828928573166423
60	80	0.4300434591471132
60	91	0.41032337182851697
85	50	0.5847561868952947
85	88	0.5554162422118197
85	97	0.5478681376587775
85	61	0.4808658877203153
85	194	0.4750251644053447
85	190	0.4354480898198013
85	94	0.42947274360131743
85	174	0.4168058228555685
85	160	0.4090335186809671
85	173	0.402266444395742
85	175	0.39072892011582455
85	170	0.3796237725810843
85	84	0.3595944116080645
85	91	0.35819178688138176
85	193	0.3556961789925652
29	132	0.7560759245942936
29	133	0.6764174320785314
29	126	0.6285285060096257
29	21	0.5829568145243548
29	26	0.5570046896721048
29	131	0.5517334824511693
29	135	0.5478121479646002
29	125	0.5399110168266608
29	27	0.5040941454777392
29	129	0.4941603623124776
29	187	0.4831995238607943
29	147	0.4777849060040602
29	185	0.40876702250239455
132	21	0.6696343891655173
132	133	0.6574903308302266
132	125	0.6244216441564481
132	126	0.5958384897265572
132	131	0.5952189581073304
132	26	0.5614238666466548
132	129	0.5172368730827773
132	135	0.42715375037244296
132	27	0.4044852554612364
132	100	0.37976070598921424
132	162	0.366366675675562
132	187	0.3569097157342436
21	125	0.7323096609354656
21	18	0.5081480635126552
21	133	0.5028175759696665
21	27	0.4893383492058284
21	118	0.4867100319319768
21	43	0.4710586365791943
21	126	0.4342885180612411
21	116	0.4269084570443495
21	164	0.4245832365110347
21	52	0.42340210531559
21	129	0.4197182689631719
21	26	0.4124169221556045
21	45	0.4006894720405674
21	131	0.39559853276588297
21	135	0.36860690337606417
21	7	0.35711912550168723
27	129	0.5803365403390337
27	125	0.5453086128569299
27	133	0.5426753867377
27	157	0.5422943032509423
27	26	0.5039747935976251
27	18	0.4967182483022228
27	43	0.4881814566771371
27	34	0.4565625862717151
27	7	0.45628549929370205
27	24	0.4516251838523734
27	44	0.44491318731796425
27	52	0.4389262111880015
27	118	0.4318511693864103
27	126	0.4279709407076725
27	156	0.4242306886654564
27	20	0.4137770571332055
27	78	0.3957503522776769
27	53	0.38478143389681196
27	131	0.3731089530879429
27	45	0.3719376854714671
27	144	0.3654052743407639
157	53	0.7379895717013714
157	124	0.7231754148096519
157	20	0.6412654090254001
157	119	0.6323306228929411
157	155	0.5899438895794373
157	18	0.5316266911532427
157	156	0.5090154365230833
157	52	0.5064473985920153
157	144	0.5026457059646493
157	145	0.4814960288664887
157	44	0.4725823112288489
157	164	0.4706928468535513
157	118	0.4579862058742709
157	154	0.4551524817186518
157	131	0.442471653719398
157	125	0.4122758271766767
157	129	0.41032337182851697
157	146	0.4091750664056848
157	17	0.3847643949007259
157	24	0.3786476407602299
157	43	0.3781249782649264
157	45	0.3682352690457311
175	166	0.6766560432081482
175	174	0.6728649795796955
175	167	0.5612320915971327
175	69	0.5347114817314383
175	170	0.5060160355331936
175	194	0.4897869429486428
175	172	0.4538909602409392
175	71	0.4509801599315309
175	180	0.4492737555336779
175	147	0.41210980776126666
175	190	0.4022999711245655
175	193	0.4015621339377271
175	61	0.37779926330913055
175	134	0.3638012056975792
175	94	0.36157795934809794
175	171	0.3596379454182597
175	100	0.3549622364825994
166	167	0.7505485133486804
166	172	0.6001873715166661
166	61	0.6099865882407872
166	71	0.5700993361241635
166	140	0.5438454672911245
166	69	0.5068710775291083
166	141	0.4659698429431272
166	97	0.46140905999001897
166	137	0.4193886790169019
166	91	0.41095521706381016
166	174	0.3935384038992896
166	147	0.3861437032498196
166	35	0.3801542968359433
166	171	0.3673705481266002
166	62	0.3619082332768263
174	170	0.529075212162238
174	88	0.4592575676299943
174	50	0.4480517422572583
174	61	0.4263194967130776
174	97	0.42107665734699257
174	91	0.39413827672916985
174	194	0.3926168199426316
174	167	0.3737887764346662
174	69	0.3644864510728403
174	84	0.3586972670239861
194	193	0.5845455682264975
194	73	0.5644840677442082
194	173	0.5629695581407976
194	185	0.5597369242335918
194	187	0.4617474465533982
194	50	0.4321033220376084
194	180	0.42778304881516427
194	88	0.4150443003563283
194	170	0.4051792274125322
194	135	0.4043514241326324
194	147	0.4027440983952281
194	161	0.3861011577763997
194	184	0.36382723487397
147	188	0.7521163073808841
147	135	0.6327865237796426
147	186	0.5378176251988583
147	162	0.4921548560753102
147	126	0.4885469768531538
147	26	0.4736534110401938
147	185	0.4610626649483383
147	187	0.43825587179308345
147	129	0.4144895615644924
147	134	0.4113789972710577
147	131	0.4035397010844585
147	172	0.38483254931154265
147	100	0.3756197164808305
188	135	0.5776708811447192
188	187	0.5617935482854085
188	185	0.5101259427210798
188	162	0.4726056108772851
188	80	0.43579649009618815
188	186	0.4329568855099695
188	107	0.3997992794579149
188	77	0.39907649306126775
188	129	0.3922868871471125
188	161	0.3595769976456449
188	26	0.3577732996131152
167	172	0.5969595853890002
167	141	0.5248352266642737
167	69	0.5066183862093322
167	137	0.471642008188814
167	61	0.4658054237143714
167	171	0.42085450459455737
167	140	0.4182507450251488
167	71	0.40420920937081
167	35	0.3900593221467248
167	56	0.3822055798731692
172	141	0.5239434574133668
172	171	0.4784406029024333
172	134	0.4437012751473574
172	163	0.4433799664670924
172	37	0.4241732849782861
172	140	0.4168884467020863
172	146	0.4141913656564941
172	189	0.3942480762550921
172	159	0.3795210616076392
133	125	0.5626005907598958
133	126	0.4877471789272997
133	131	0.44029767094637295
133	129	0.4386112932212838
133	45	0.4301820096626637
133	26	0.3831359634983281
133	164	0.37987195213129293
133	62	0.3655265751925832
129	126	0.7161127912334623
129	26	0.6948380887292339
129	7	0.6635948849690788
129	131	0.6371195014461092
129	104	0.5410507038724843
129	118	0.5181445483197511
129	125	0.4878462459948113
129	18	0.44706812362488535
129	186	0.4318837090070019
129	187	0.4257383622113872
129	135	0.4243290870544855
129	24	0.4215208113137365
129	44	0.4001184919503339
129	34	0.3887019101908194
129	45	0.3846536350343567
129	116	0.3740382311527721
11	5	0.5493291292840484
11	79	0.4387728030778128
11	190	0.4381589148796157
11	99	0.4334848932605623
11	106	0.3984625756148436
11	101	0.3981849340170672
11	153	0.39528639142522093
11	35	0.3606648885817945
141	134	0.6734938333259067
141	37	0.6314656083505468
141	34	0.5909925582312429
141	24	0.5779040377180588
141	140	0.5716497699352611
141	35	0.5588435717334076
141	144	0.4365333717555732
141	69	0.4199983334213999
141	31	0.4195287682608442
141	145	0.4009832376119504
141	137	0.39958081501453896
141	56	0.37824495492299226
41	145	0.6204337543369878
41	94	0.5964251001065302
41	180	0.5649880618502711
41	50	0.49064539035568894
41	69	0.4578439493941951
41	156	0.43242858048979177
41	74	0.4213069846306679
41	51	0.4037238589883045
41	47	0.402442447683729
41	79	0.3678375764274852
41	42	0.3663320441497088
145	42	0.5133515330932509
145	180	0.4930939341619944
145	146	0.4852358402243719
145	20	0.4837052645260453
145	134	0.463303864354311
145	144	0.4503426365429377
145	156	0.4339476706474195
145	140	0.4274071541079935
145	44	0.4124584169140288
145	53	0.4102734725162536
145	106	0.3780307019789133
145	34	0.3735650813927269
145	124	0.3604125851566794
144	124	0.5376470226529143
144	156	0.5276551774709304
144	146	0.5069973905345718
144	34	0.466048126505635
144	155	0.4583812396989445
144	44	0.44933760548606017
144	119	0.4396121973040617
144	37	0.4383689753035031
144	164	0.4342154897935806
144	52	0.4322415706231165
144	154	0.4167810343584353
144	45	0.4003872271944279
144	15	0.3901271483280979
144	106	0.3872408081676229
144	7	0.3836989375675731
144	42	0.3803852534564214
144	116	0.3795895366295797
144	20	0.37189460155236986
144	134	0.3677943408564696
144	125	0.3670504402441343
144	24	0.3555302065343987
71	97	0.616351512711499
71	61	0.5571288314638262
71	69	0.427578776557581
71	185	0.3606387906742801
71	35	0.35852298726944976
71	190	0.3578866541148898
97	61	0.5579075972916069
97	91	0.5294999263942777
97	160	0.38165893814029406
97	190	0.3755424119831277
97	69	0.37233398232529497
131	26	0.6271047687054447
131	126	0.611435031504518
131	124	0.5446407604905702
131	135	0.536430205114462
131	7	0.5333819654222071
131	24	0.5316553854654911
131	104	0.4997028329044731
131	156	0.4717586330095813
131	134	0.4613775753417693
131	52	0.4587208239994233
131	20	0.4523174618552349
131	186	0.4517525401994429
131	164	0.4257137994922675
131	162	0.4188693505956941
131	34	0.4154994524366896
131	45	0.4148125067210425
131	125	0.3947209301439376
131	165	0.3937919122195034
131	100	0.38299944203713226
131	118	0.3613693185154863
26	34	0.6130354597378967
26	126	0.5881676957114877
26	24	0.5746848458272587
26	135	0.5321286654100917
26	125	0.5038404997232091
26	7	0.457606803153117
26	134	0.44037828119295
26	187	0.426548579833845
26	104	0.4237795678748014
26	116	0.4081004770581021
26	156	0.3985130480626501
26	165	0.3976125939795426
26	52	0.3954888718927688
26	100	0.36183001871069104
26	45	0.36080406788317604
26	43	0.3579564054891186
53	20	0.6303098061840018
53	119	0.5274386692008063
53	18	0.5007899751970882
53	124	0.4957383638334336
53	155	0.493873102280545
53	118	0.4602827622081362
53	135	0.4386839761639385
53	125	0.3929128274658527
53	164	0.3802483959987874
53	51	0.3769588300511066
53	43	0.35706677642424645
124	20	0.6399328402498287
124	164	0.6045581644692524
124	44	0.5122533533118799
124	119	0.5085188620442517
124	156	0.4986366552329646
124	155	0.4915180547429778
124	45	0.4852740666058675
124	52	0.4654999883733931
124	165	0.4577649078837905
124	146	0.430809308199922
124	154	0.4055051495133631
124	118	0.4022748261791017
124	18	0.38767424525314464
124	104	0.3875042903420689
124	78	0.366366675675562
124	17	0.3615084164262864
20	155	0.5463476785181022
20	18	0.5051674459250275
20	156	0.4509721937266517
20	52	0.43873242827071396
20	44	0.4345237925334083
20	146	0.4237385464617411
20	42	0.3991689701760917
20	164	0.37830493848748603
20	125	0.3640701464499107
20	118	0.35897606262004145
119	155	0.5460599973650978
119	17	0.501531324713822
119	44	0.4998978847988868
119	154	0.4946288181597378
119	18	0.4715175901903771
119	14	0.4380700287517026
119	15	0.4371483409593516
119	118	0.39867286155665177
119	152	0.3962984092976859
119	51	0.38264952942480784
119	115	0.3786390744681528
119	49	0.3748722208450837
119	52	0.3573895599924146
155	51	0.6594783843454375
155	52	0.5071013966620143
155	18	0.4903188366269237
155	154	0.4861374880335718
155	44	0.4459472406717673
155	118	0.4103566366717467
155	156	0.4034810985294868
155	47	0.3831786230227464
155	42	0.3664965348570197
155	43	0.3655525666172435
155	146	0.3649632877293254
135	162	0.58268608367704
135	185	0.5585890723925897
135	187	0.5223964539679146
135	164	0.5119951482534737
135	186	0.4991774412573498
135	126	0.4841877158494967
135	100	0.4285833746703191
135	165	0.4261230962169885
135	134	0.37429623081500174
126	186	0.5650289077749725
126	104	0.5785231098573574
126	7	0.5268104077162359
126	125	0.4099740250572745
126	34	0.375370605501934
126	24	0.36781163527570815
126	134	0.36528396107759775
126	100	0.3566828146654738
125	18	0.5554923039722275
125	118	0.5472309653076055
125	43	0.4545100476738455
125	100	0.4016795520352297
18	118	0.6979540122694304
18	44	0.6504567371523193
18	16	0.5975771249822353
18	17	0.5292120134985108
18	43	0.517749413637637
18	117	0.5008124511414319
18	115	0.4744906870516378
18	42	0.463555138941826
18	52	0.4432353403693175
18	154	0.4336635362075053
18	152	0.413975946629646
18	48	0.3964838415932325
18	7	0.388158472146348
18	146	0.3807871758884123
18	15	0.3741930379007391
118	43	0.5653079474731687
118	16	0.5702478145836536
118	7	0.4737232167844287
118	44	0.466384662674637
118	154	0.4551128390055914
118	152	0.42281921141997664
118	116	0.4171280168985685
118	77	0.3980755400164261
118	146	0.37397802289834253
118	52	0.3676127340946168
118	102	0.3609084418146021
118	107	0.3579215303013146
16	117	0.6613559979551408
16	15	0.6456367052711036
16	115	0.6041201703278536
16	17	0.4354237779533796
16	154	0.41442330349530304
16	116	0.3974947208272984
16	44	0.3897286089015256
43	45	0.5516013064656105
43	116	0.4487068861107092
43	164	0.4459712742819847
43	44	0.444439852292127
43	52	0.4283874386102665
43	78	0.4166157618702712
43	152	0.4030875385138021
43	146	0.3690820779171427
43	165	0.3596379454182597
43	7	0.3554865258443328
44	52	0.6490352766658458
44	42	0.5770242115297111
44	156	0.5516500061050454
44	45	0.513955184418825
44	7	0.5069082306730228
44	116	0.4777540365507745
44	146	0.4668931239381552
44	115	0.4660246422029843
44	152	0.4481716216449729
44	164	0.4314768829591857
44	154	0.4139842328344989
44	49	0.3857181746074572
44	17	0.3760920192655007
44	47	0.3703338858196871
45	164	0.6516838450224148
45	78	0.6002769325072785
45	165	0.6029185764247191
45	156	0.5061201808426754
45	52	0.4732577327456015
45	62	0.45831804645062396
45	80	0.4443596014039558
45	116	0.3997824761128349
45	7	0.39178756614865134
45	187	0.3836307134634927
45	49	0.3789645479539231
45	47	0.35783433796298897
116	115	0.5554715607775464
116	146	0.5473150243797079
116	15	0.4651082423467411
116	34	0.4467079926560325
116	186	0.43396390429490905
116	7	0.4298152141350927
116	134	0.41884461383084337
116	52	0.4166736103746221
116	164	0.4003116523651573
116	165	0.3947462557056533
116	159	0.3930819380764547
164	165	0.7293091786287512
164	146	0.5759359087042354
164	156	0.4259102836760695
164	162	0.3984878121404367
164	49	0.3847473556423978
164	187	0.3837671574833797
164	78	0.38159058913716415
164	122	0.3800174112773945
164	52	0.3795210616076392
165	62	0.4503426365429377
165	156	0.4263604084253065
165	187	0.4124916114885285
165	153	0.3846962362940376
165	78	0.3725579161673799
165	146	0.3631589728922348
140	137	0.575140089237502
140	35	0.5127694857056083
140	134	0.466869663285229
140	101	0.464128080101692
140	153	0.4612909865669786
140	2	0.4463317012547533
140	24	0.4328187421265792
140	1	0.41853122767509177
140	106	0.4126160813867444
140	5	0.4090501723763385
140	62	0.4079837868317897
140	156	0.404401612910486
140	34	0.3935806594440282
185	187	0.5683620786573281
185	193	0.4736999488643427
185	73	0.4667288855671266
185	80	0.4487707767875465
185	100	0.4456988557139357
185	162	0.4397009345353652
185	161	0.4071916082656945
187	193	0.4166736103746221
187	73	0.3759804016858311
7	104	0.64758023879429
7	2	0.4670807855008542
7	34	0.4578044295436317
7	52	0.4569345352141447
7	31	0.452015154521803
7	134	0.4495211485288298
7	156	0.4039581944650616
7	101	0.37902449337461946
7	78	0.37341879575201703
7	163	0.3549360161490702
52	156	0.6444279643372438
52	42	0.4944550696599516
52	24	0.44817961303113296
52	31	0.4265731212090661
52	78	0.37587736038883895
52	79	0.3670763981775198
52	34	0.3649979592950973
42	146	0.5015612627664245
42	34	0.4871220048220112
42	115	0.450876593663896
42	24	0.43825587179308345
42	156	0.4110050827827698
42	31	0.3713947110275085
42	134	0.3589673512269053
42	152	0.35622015524082845
186	134	0.5278571900234523
186	104	0.4524606238023182
186	24	0.42615583242325983
186	161	0.391474314827482
186	34	0.3893553758143648
186	2	0.3847388359148954
186	184	0.3669639096708824
14	46	0.7148144157012578
14	59	0.4389019905556427
14	152	0.6639864522957204
14	15	0.5212102688042373
14	154	0.4831688625393834
14	49	0.40775036638868706
46	152	0.7065195005908086
46	154	0.6325706253691153
46	49	0.4568712360339509
46	54	0.4173675291418271
46	47	0.4136444421871352
46	122	0.411910548335546
46	153	0.39844575092924894
46	15	0.3845684275990003
46	171	0.3563773044589619
59	151	0.4468120453689017
59	180	0.4258939115280052
152	154	0.6367748084408834
152	146	0.4495291278003312
152	15	0.4217181481957141
152	49	0.4159874752648287
152	189	0.4095663017470808
152	122	0.3929804749001458
50	173	0.6637179881974464
50	88	0.6035801101390205
50	84	0.5439229281887165
50	74	0.5084150574554348
50	94	0.5056365242627057
50	190	0.4996578137300274
50	180	0.4547163126546326
50	91	0.4066075053759308
50	61	0.4048281191698926
50	170	0.3930819380764547
99	101	0.7090844306367621
99	5	0.5583688800016201
99	190	0.4235744434277245
99	57	0.4183579978137891
99	106	0.4164091325265753
99	163	0.4147628296496458
99	100	0.39441697662598457
99	79	0.3800773007578624
101	106	0.6258167703187633
101	5	0.6126982868897014
101	100	0.5567701316964474
101	163	0.5505707766463903
101	102	0.4993801358418498
101	2	0.4315663997570793
101	156	0.4307848757839589
101	79	0.4235005879902504
101	24	0.3846195528467392
101	134	0.37578289770042334
101	78	0.3661761897243702
101	34	0.3569707972899389
106	5	0.6530681608742961
106	156	0.4803814171774784
106	163	0.4326318098957009
106	162	0.3999252959801943
106	153	0.3958346871057093
106	102	0.38402294485751903
154	47	0.5789553993956941
154	49	0.5636249463999117
154	153	0.5168412309660138
154	15	0.4961455462679372
154	146	0.4560479257174755
154	51	0.4253125196146447
154	122	0.4159461266838175
154	17	0.3568399045047029
61	91	0.587977986317435
61	69	0.4766419506863873
61	190	0.46140905999001897
61	88	0.4556359775126678
1	2	0.5336394972848817
1	4	0.4638141877938349
1	6	0.41899302509431774
1	107	0.38322128091257424
1	102	0.37993184934946495
1	104	0.3636623738283744
153	47	0.6246534262399042
153	137	0.411785991185494
153	5	0.4093831890529574
153	146	0.3815307803361288
153	189	0.3625858793436961
47	51	0.5715151112334267
47	49	0.4158303415073609
47	122	0.4144647153034437
47	156	0.3969894016027537
47	78	0.3653619495999713
79	31	0.5651310104705672
79	156	0.4504303232648546
79	34	0.4389342845903762
79	78	0.403347137402004
79	35	0.4032717766687117
79	190	0.3642869899409488
34	35	0.6949104896900519
34	24	0.6693750603676585
34	134	0.5355393049024422
34	31	0.530068196130099
34	69	0.5238636496561883
34	37	0.4678934993820928
34	156	0.4675028701915978
34	137	0.45796249808948597
34	56	0.4454263545700585
34	2	0.4408134538282443
34	100	0.4087836805566334
34	146	0.3788789061215473
34	62	0.3561939617448868
35	24	0.5819657065793904
35	37	0.5225127805551274
35	69	0.5171050169249632
35	62	0.4704359190341352
35	137	0.4618811902338755
35	31	0.4311187307994047
35	56	0.3712136630563053
24	134	0.5234499530505976
24	37	0.4630053789975744
24	31	0.4506056706412894
24	156	0.41681408555018906
24	137	0.3868667248483644
31	57	0.5232902146255959
31	134	0.4795656143570455
31	2	0.479550213872906
31	104	0.4591313051553002
31	37	0.425378046125818
31	69	0.40428450197390536
31	190	0.4022832078950261
31	54	0.3843298119164417
100	163	0.6205690494980599
100	162	0.4348319934767438
100	2	0.4219729825514658
100	134	0.4199324430956404
100	104	0.3612215093599242
5	156	0.37089460509450173
5	171	0.3562812712208465
162	163	0.4506694247052848
2	102	0.6056420540118526
2	104	0.5221419217592462
2	107	0.4948327333516598
2	4	0.4678778777224447
2	134	0.4671433300068392
2	184	0.436063778515321
2	37	0.3786390744681528
69	180	0.4842259930355887
69	56	0.4521742765945802
69	86	0.4210602033194538
69	91	0.4151187940140787
69	37	0.38861701580874014
69	94	0.3830677048596087
69	134	0.35718892078193604
134	104	0.501366643953443
134	146	0.4957157361926801
134	37	0.4911463443476533
134	137	0.4794424022125233
134	163	0.4434844042934645
134	161	0.3550321546418394
134	171	0.3546038436017713
117	115	0.6111406577456352
117	15	0.5754879763789791
117	17	0.4466119332709184
117	146	0.35713657469566
15	115	0.6396788614150545
15	17	0.4620621041379226
15	146	0.4522299625215582
146	189	0.43199758882532574
146	137	0.3938932987795764
37	56	0.4601566505570791
37	163	0.3831786230227464
104	107	0.4598886016389182
104	102	0.4160867048414118
104	184	0.3769073547644977
180	94	0.5760094168081807
180	84	0.4231148070223505
180	86	0.41385164532457375
180	170	0.398420513398076
180	91	0.3638098821528412
180	171	0.3570493262332877
173	193	0.5080590438193946
173	170	0.4891938316549519
173	190	0.4532237602987882
173	73	0.3982774893261549
173	88	0.38746179749754794
88	86	0.6345937998233867
88	74	0.5255449184404136
88	94	0.5865695018899706
88	73	0.5486584678053337
88	80	0.4480517422572583
88	58	0.4464277906692566
88	84	0.42824862618805415
88	91	0.4062067854359988
88	184	0.3971747132863769
88	193	0.3776792394812967
88	190	0.3580087163982605
84	58	0.556604507883265
84	74	0.486290207251574
84	54	0.4296603022985759
84	86	0.4294238091506653
84	170	0.4169462792959205
84	94	0.36478991471695815
51	49	0.5243568593614825
51	78	0.4760853347972936
51	75	0.4122094226952752
57	158	0.3823507366523177
57	56	0.3664965348570197
78	80	0.6507796868607967
78	122	0.4954743328164901
78	62	0.44669998810058265
78	156	0.4221784455727236
80	76	0.5818135835593212
80	62	0.4896197010053848
80	73	0.4701944899187359
80	75	0.450733174172325
80	86	0.4010251973928149
80	77	0.387606266450634
80	94	0.36814018088795575
80	184	0.3659423695633393
122	86	0.361751799050322
76	75	0.5768040454045403
76	77	0.5361666230359713
76	86	0.3900847574608349
76	94	0.3763581402161704
4	107	0.6471445473913829
4	102	0.378913163633331
107	102	0.6380453433306396
115	17	0.5879256413043211
115	48	0.4058810853963892
17	48	0.4674247224317919
17	49	0.4074668556178992
49	86	0.39331019522478095
86	94	0.6136467960413744
86	91	0.5949476902638984
86	62	0.4314199132996393
86	75	0.3573721144136713
94	91	0.4787952283416716
94	75	0.4669791407093279
94	74	0.4129811041994316
91	178	0.4317698154166507
91	62	0.3753190585265312
74	190	0.4191331707341967
56	161	0.3940369133332551
56	189	0.366366675675562
193	170	0.6279474017167044
193	190	0.6259749164590649
193	161	0.5262104947811951
193	171	0.5061424957747238
193	159	0.41697106365990616
193	184	0.36087365150851103
73	184	0.4826167561149355
73	58	0.4790880619979214
170	171	0.5304707321161399
170	190	0.5485606039448372
170	54	0.4147876684944257
171	159	0.5491964503111373
171	190	0.5280375079209063
171	54	0.4403540988643924
171	163	0.3641568885844458
190	159	0.5046533507731727
190	54	0.4811656510074315
190	161	0.3680105028068891
161	184	0.479904350260377
163	189	0.4478758900061184
189	159	0.3872068058586981
178	72	0.47571404545649604
75	77	0.4302472028940134
54	159	0.5803033789018243
54	58	0.4045187105870591
184	158	0.3923038092343075
62	160	0.427145574940786
