9	108	0.8695910848666913
9	12	0.8339289191212795
9	109	0.7507754967430934
9	112	0.6252019450084668
9	5	0.5663548926657759
9	3	0.7776905446907474
9	102	0.6035610390621791
9	103	0.5896373804977619
9	113	0.5829568145243548
9	0	0.5597712580014517
9	1	0.5261815700717839
9	111	0.523776576157661
9	105	0.4776768577557278
9	13	0.4362257340647853
9	106	0.4128898609279743
9	10	0.3851221587360544
9	161	0.33846684980256786
9	4	0.3162456306911656
9	184	0.307480099172742
9	6	0.28750104559031764
9	110	0.2634480312486706
9	11	0.2331330090426386
9	73	0.2271667363845056
9	141	0.19229576686370034
9	8	0.18707079126050466
9	36	0.17919416991520862
9	75	0.17446677297323265
9	107	0.17136245414332646
9	37	0.16980901369184376
9	92	0.14668417526358898
9	70	0.1448734910290934
9	69	0.13616889792725664
9	95	0.13251604055224445
9	139	0.1271677669335056
9	147	0.12473695230049425
9	40	0.11715948422690453
9	101	0.11563048362350345
9	38	0.10999316788576567
9	197	0.10979558324120428
9	2	0.1019347251107739
9	32	0.09731504434078866
9	65	0.096701869547525
9	58	0.09307482760898382
9	155	0.09118599785941768
108	3	0.806138074005346
108	102	0.6558978251304729
108	12	0.7930136059370605
108	109	0.7449318466444645
108	103	0.659986661964433
108	112	0.6060597974528111
108	1	0.5838473309800465
108	105	0.5617114161877562
108	113	0.5320856536918702
108	111	0.5173979972692836
108	0	0.5126073125735929
108	5	0.4676591437911154
108	13	0.4665724381360299
108	6	0.35898477395063433
108	4	0.3523899942066852
108	161	0.3289942384480857
108	110	0.3212766050942388
108	106	0.3197512451743598
108	10	0.30717221196095285
108	184	0.2611759230876459
108	37	0.2497817261594495
108	73	0.2344375841220961
108	141	0.22184901358408007
108	92	0.2082009121526271
108	107	0.20649744141279253
108	11	0.20030472875086375
108	35	0.19992074679972652
108	36	0.1993254534379781
108	75	0.1901955010524094
108	65	0.17698648381768872
108	61	0.16585366075928967
108	67	0.15236426118620466
108	69	0.15203213704884344
108	32	0.15064465999943735
108	74	0.14866012427883227
108	8	0.1472809968767123
108	38	0.13381263313636232
108	147	0.1324963917101914
108	70	0.13030489613357482
108	40	0.12997065432274232
108	47	0.12285622478562827
108	42	0.11696222487632275
108	68	0.1150088617798384
108	134	0.11335076439499965
108	58	0.1060695061755953
108	60	0.10012340420733457
108	139	0.09944918515860636
108	30	0.09694754454030467
108	86	0.09279526322307644
108	101	0.09147159566404826
108	62	0.09082203725895906
108	2	0.08953657691369679
12	111	0.6393419763736148
12	3	0.6711045019479707
12	109	0.6285103571099041
12	102	0.6247875655851667
12	113	0.6074687929348749
12	112	0.6058319788089452
12	1	0.5388899893370199
12	103	0.5179909110970091
12	0	0.5170464063083431
12	13	0.4883642381859829
12	5	0.484095843041197
12	105	0.4716886600975447
12	10	0.4094747495239204
12	4	0.3941805086478147
12	161	0.3469920629268562
12	110	0.33375674136942324
12	106	0.2989261806686904
12	6	0.27307166648520803
12	107	0.24898458938187104
12	184	0.2292995320261382
12	73	0.21421984768587746
12	11	0.20947290684374945
12	8	0.18372972640304988
12	2	0.18197057714130466
12	141	0.1592236004849898
12	37	0.15745898125853602
12	70	0.14718316460535907
12	69	0.123003958014233
12	40	0.12105344286732128
12	92	0.11734687204783872
12	65	0.11729756027296966
12	58	0.11712989591325915
12	134	0.11478189799899215
12	32	0.11108960423724627
12	27	0.10885693793402083
12	75	0.10311221680354286
12	35	0.09260788741065913
109	0	0.5830228268111435
109	3	0.6894622264087886
109	112	0.6183134241664415
109	102	0.5794471485050179
109	103	0.5671151612880257
109	113	0.5295287109777227
109	106	0.5186564309346459
109	5	0.4945457259825495
109	1	0.4512111486150257
109	105	0.4451056593036511
109	111	0.4198006491627197
109	184	0.37196353505377
109	10	0.3586972670239861
109	13	0.33886523718347505
109	110	0.331132776480598
109	75	0.3116392845972454
109	161	0.29052539763847546
109	197	0.2836435691275891
109	6	0.2687908010247757
109	101	0.2655685107912734
109	11	0.24330115706837954
109	73	0.23653447596946384
109	95	0.19080263839593567
109	90	0.18002642638003702
109	37	0.1794070971964844
109	147	0.17901026466062026
109	8	0.17742235317696978
109	88	0.17613391656162922
109	4	0.16513392805986324
109	92	0.16491019148537878
109	96	0.15582020208797004
109	38	0.15074238914551555
109	36	0.15015597013769566
109	30	0.14786792992460515
109	199	0.1403278538583609
109	82	0.13513822000964165
109	70	0.13015744015743885
109	93	0.12988217360137913
109	68	0.1294495714336486
109	194	0.12601651698852362
109	172	0.1226789377243499
109	185	0.1193385812402186
109	148	0.1192794353186045
109	81	0.11694249843342135
109	176	0.11576860952935784
109	182	0.11505820014416546
109	115	0.11236350121283993
109	139	0.10696918091419713
109	198	0.10609916855899396
109	98	0.1057333193160782
109	78	0.1042597457627675
109	186	0.1017170061832006
109	142	0.09917392701470948
109	107	0.09828666098897912
109	94	0.0964581641629037
109	58	0.09636900076506508
109	59	0.09558528719228077
109	35	0.09351991932575772
109	195	0.09170462439320268
109	100	0.08904849971721801
112	113	0.4509243949885259
112	0	0.412757128646458
112	111	0.3997824761128349
112	103	0.3886679532298714
112	3	0.3824958745624207
112	5	0.38087267274518455
112	102	0.3700836316344232
112	11	0.365613211057806
112	10	0.3399446982101568
112	106	0.3343608565471615
112	110	0.31490401634269544
112	105	0.3122621384252948
112	1	0.3023099947156416
112	184	0.2930595499159555
112	197	0.2674264682161768
112	37	0.26543837968265155
112	13	0.2570059941471758
112	4	0.24994111293506746
112	73	0.2466193335106317
112	70	0.2341256971281468
112	176	0.22701498762641645
112	172	0.21388588421005247
112	185	0.20958763849137396
112	198	0.20666018669525968
112	161	0.20116846302267846
112	81	0.18388432079917869
112	147	0.1798425779014054
112	195	0.1788747475197309
112	139	0.17309935600074344
112	96	0.1697021835579199
112	95	0.1682547288894653
112	104	0.1667968265151293
112	107	0.16545491171578033
112	186	0.16534792105503673
112	25	0.1640929225776387
112	101	0.15995449894951894
112	6	0.15430747184265628
112	182	0.14859167055487887
112	199	0.14827872112008214
112	75	0.140180804550182
112	58	0.1398866873875206
112	135	0.13538364612828954
112	97	0.1332920863525799
112	88	0.12827933277457546
112	7	0.12703986713313406
112	85	0.11610403950733968
112	183	0.11597578999156358
112	72	0.10824424355740707
112	61	0.10445756761624136
112	59	0.10314189774784227
112	194	0.1019347251107739
112	196	0.10183576317115632
112	38	0.10098460748732646
112	23	0.09654138193753273
112	19	0.09287159963349646
112	71	0.0921062035125034
112	35	0.08912290449750829
5	106	0.6079292052981018
5	3	0.4911691072703017
5	0	0.4601330025549242
5	102	0.41994891609215207
5	103	0.4024592083503487
5	113	0.3726784779621912
5	10	0.3666956245380889
5	111	0.3653359539956714
5	101	0.3598991153968988
5	1	0.3522323363755633
5	184	0.31286668173405113
5	95	0.2920262569800401
5	197	0.2827605644859387
5	73	0.2714421249177575
5	75	0.26862379767561456
5	105	0.25918078654499643
5	110	0.2588449381079798
5	4	0.250119235067728
5	13	0.22809595658927126
5	185	0.21562194664011225
5	58	0.19795187766657096
5	181	0.178613373870064
5	100	0.1740110418049046
5	139	0.17184772997851275
5	6	0.16357714880771218
5	2	0.16237008387023336
5	142	0.1617371537882676
5	161	0.16079238000341595
5	114	0.15180744536318333
5	115	0.1475353472911948
5	93	0.14613617940524606
5	87	0.14083757682627054
5	23	0.14048469963039864
5	88	0.1349811385887107
5	186	0.13257498645343685
5	148	0.13058013186183656
5	182	0.12637078404303978
5	16	0.12618381377531093
5	17	0.12482555096796333
5	162	0.12389024268374765
5	107	0.1213884467280162
5	31	0.1213293304068248
5	147	0.12111256320168536
5	135	0.12009754524181412
5	69	0.11950615675042095
5	7	0.11937801138409715
5	46	0.11787940229534212
5	198	0.11703126669959665
5	8	0.11668604628422412
5	59	0.1123141322133376
5	79	0.11108960423724627
5	15	0.1102006224064482
5	99	0.10928182259146477
5	199	0.10629691295354042
5	96	0.09968779591129903
5	141	0.09954522488822952
5	89	0.09775085875583628
5	193	0.0975448420579596
5	14	0.09700400849511877
5	53	0.0952008179330129
5	82	0.09408886853200417
5	194	0.09057111840524584
5	30	0.09014462916648096
5	175	0.0885107716791464
5	172	0.08745203113762841
3	103	0.6994893734191965
3	1	0.6369115275188088
3	102	0.6222080969600475
3	0	0.538378880857682
3	111	0.5126515452376864
3	105	0.4941376878102496
3	113	0.4879681574443671
3	106	0.4028781373073367
3	13	0.3643476990419893
3	6	0.3034725633107904
3	4	0.2585276904387749
3	10	0.2512813001167817
3	161	0.244871661085733
3	36	0.2397322339788586
3	110	0.2310136520608828
3	141	0.2286267531845224
3	35	0.222932631696398
3	47	0.2204413935762929
3	67	0.21565055167035133
3	184	0.2120720689144308
3	119	0.1886046909061541
3	147	0.18785232632608892
3	37	0.184377029693574
3	86	0.1814774191949231
3	75	0.1776160505628566
3	167	0.17601763688327954
3	73	0.17587228037784752
3	92	0.17301205134569936
3	61	0.1590481588465749
3	68	0.15872648975971712
3	65	0.15655190648849573
3	38	0.1554689231747952
3	42	0.15393649821022048
3	101	0.14970631064571455
3	69	0.14137662564415993
3	63	0.14000433721780153
3	129	0.1341268898064999
3	30	0.12788589484246346
3	49	0.12497321098936814
3	53	0.12475664106522792
3	40	0.12474679669514165
3	154	0.11744549386137587
3	60	0.11502859719367507
3	134	0.11474242481314526
3	2	0.11472268808433612
3	27	0.11310396950549108
3	32	0.10665283166612977
3	140	0.10597063020116636
3	138	0.10442789486476692
3	146	0.10225138975042702
3	8	0.10007390519437884
3	137	0.0981311752529887
3	149	0.09604403663577027
3	62	0.09417509763971753
3	74	0.09308672364061417
3	14	0.09276948704587544
3	46	0.09275461611784896
3	41	0.0925761617557184
3	95	0.09153803466423248
3	93	0.091010466763051
102	105	0.7119464804126572
102	13	0.6021096161618805
102	10	0.4997553518628314
102	1	0.6657885451544404
102	113	0.6041265206776878
102	111	0.5608415061228085
102	110	0.5484767086709869
102	103	0.5397196949958282
102	0	0.5363447304965275
102	107	0.4098658695247178
102	4	0.3802911657434624
102	6	0.3724890180661162
102	73	0.3405813373497877
102	92	0.3213393783764165
102	90	0.3047703025485505
102	8	0.30402628242461355
102	184	0.2774986606934076
102	65	0.25451999903038924
102	106	0.2494910448429521
102	161	0.2439031781538908
102	78	0.2341918590047811
102	68	0.2109066369289868
102	37	0.20176329813066107
102	2	0.1946925399176389
102	194	0.19189126483621405
102	91	0.1885757578943387
102	141	0.1765311683576779
102	82	0.17278892709998106
102	61	0.17090621902420713
102	189	0.17050816681801378
102	115	0.17035281426671112
102	75	0.16780771676426384
102	35	0.16596063298922065
102	167	0.1651144733798972
102	30	0.16210719064331966
102	84	0.16182479821062626
102	185	0.15901891759656564
102	85	0.15889220228986242
102	134	0.15575190093856914
102	94	0.15422937574242726
102	64	0.1512016766357666
102	101	0.15087920499976493
102	81	0.15016574465486462
102	76	0.14214095107089267
102	100	0.1416608176529612
102	86	0.13448039631380132
102	114	0.12961671903115446
102	97	0.12869239914874686
102	172	0.12597715199662124
102	67	0.12519961226793722
102	77	0.12514055232092586
102	15	0.1250814914870125
102	7	0.11843158427677496
102	187	0.11747507995380355
102	80	0.1087284765951182
102	47	0.1068802098744029
102	70	0.10509054192829012
102	183	0.1036068751950326
102	58	0.10146958648399412
102	69	0.1002125011815854
102	60	0.09019521450511477
102	88	0.09016248286853457
102	93	0.0882547870516472
111	113	0.6206551271867694
111	1	0.6314175058258046
111	0	0.5355535687027219
111	110	0.522745375382512
111	105	0.4969065426614397
111	6	0.4514500388206914
111	4	0.36695525626423786
111	13	0.3503827471624344
111	103	0.33200503720657804
111	161	0.3230511010285275
111	8	0.3048428699840985
111	73	0.2992630813524447
111	10	0.2728588037908628
111	2	0.2582850516420901
111	92	0.21410535156032304
111	107	0.21264501120519533
111	184	0.2082009121526271
111	65	0.20752158865745146
111	58	0.20086139326604416
111	69	0.1965390694426282
111	37	0.17828420082323784
111	90	0.16930396339366535
111	187	0.1607826385296474
111	114	0.1558982587199492
111	40	0.14987249637816866
111	86	0.14933480608148672
111	115	0.14772120641005526
111	75	0.14516718175736146
111	74	0.13676753752724244
111	106	0.13588426386626826
111	141	0.13079637438862862
111	134	0.1244809894248644
111	76	0.11955544236980804
111	47	0.11655781437211445
111	51	0.1125905914620317
111	78	0.11006232045842228
111	61	0.1055256624106283
111	119	0.1053971082843093
111	32	0.10524877222285824
111	144	0.1047542848940006
111	104	0.1045070217887354
111	167	0.09903827263153392
111	53	0.0983876746286346
111	25	0.09758842321104902
96	198	0.8145150879924825
96	85	0.7808325091874
96	88	0.7729842450791697
96	98	0.7139624266657236
96	7	0.555077308725891
96	97	0.5193213228482402
96	135	0.5012393657534353
96	193	0.6561940190641927
96	197	0.6555558117502217
96	194	0.6503009451664642
96	199	0.6492262243206148
96	95	0.6242874042434382
96	182	0.5873953707083097
96	90	0.5705851270946646
96	185	0.5655868578517913
96	87	0.5585133901353114
96	78	0.5411143545450964
96	81	0.5307078288672621
96	195	0.529377578311544
96	93	0.5178445588539299
96	186	0.5173320872621899
96	75	0.4988695412872704
96	89	0.49759906305440704
96	82	0.4634687717085695
96	148	0.43991064295922616
96	73	0.4282976211159248
96	184	0.413254784271846
96	180	0.4032215331406157
96	101	0.3988074225640853
96	94	0.398647629456395
96	80	0.3952020132232713
96	43	0.38507957386992864
96	177	0.370998092951064
96	176	0.3700663707445541
96	50	0.3596118253200077
96	71	0.34748454122381106
96	159	0.3370139226920005
96	191	0.33004610970303017
96	181	0.3238121841450109
96	79	0.31183790478689816
96	174	0.2934617091171906
96	91	0.2930686910501683
96	84	0.2915871295408163
96	100	0.2904704609813121
96	179	0.2890139427296676
96	188	0.28806969690723505
96	10	0.2853713928224552
96	183	0.2787442358813411
96	70	0.2635410883102736
96	83	0.25979634586958306
96	77	0.25430488594042666
96	21	0.2509533710914469
96	192	0.2506816148239952
96	11	0.2444297924650401
96	99	0.2398830327463184
96	55	0.2372235144231073
96	76	0.2307201749184495
96	164	0.22197261181073727
96	190	0.21846156501288413
96	147	0.20309633870402066
96	162	0.19891250224305246
96	106	0.1927868600516042
96	118	0.19094717341117948
96	92	0.18791985524324076
96	25	0.18104220400667687
96	121	0.1803263626821258
96	142	0.17629863769122042
96	110	0.17581413562789466
96	64	0.1753198557622873
96	52	0.17385588226113996
96	115	0.15838528875296914
96	187	0.15122121933772587
96	68	0.1490903721820337
96	116	0.14750600016167245
96	156	0.14715381436229033
96	160	0.14510844565647826
96	172	0.1446972643346054
96	189	0.1429442899362339
96	122	0.14125902213159133
96	54	0.1244908344574416
96	175	0.12016653502229008
96	107	0.1150384648665424
96	6	0.11224501468254988
96	4	0.11102046756274546
96	59	0.11085255973787513
96	66	0.10972642656470734
96	105	0.1051399894673253
96	51	0.10255813885980994
96	16	0.1017862814453801
96	56	0.10041048870170202
96	125	0.09120979825005787
96	124	0.08995914561406766
198	197	0.7606223071987522
198	199	0.7538354198572538
198	193	0.7023939213034387
198	182	0.6993412361346396
198	195	0.6377428668787559
198	185	0.5995600231047482
198	85	0.6973380644450707
198	98	0.6278747143925141
198	95	0.6247631793558157
198	88	0.620353789833448
198	194	0.6055470657278682
198	87	0.5583895263815803
198	186	0.5561764415331267
198	97	0.5084669615971854
198	101	0.4929122666571855
198	183	0.4919805461198034
198	81	0.4905770532991568
198	181	0.4898173467029928
198	135	0.486397093030831
198	75	0.4699062404421524
198	89	0.4592733491347682
198	148	0.4565546707295277
198	93	0.4428013236170142
198	90	0.4412162067746849
198	176	0.43726966820194063
198	7	0.4325017481390637
198	78	0.4289996049640339
198	180	0.4269656977755485
198	174	0.4236154717933056
198	100	0.4110549460423824
198	191	0.4063988165825281
198	82	0.3997320644653662
198	177	0.3966355348670904
198	184	0.3886764425690972
198	190	0.3852924817993164
198	80	0.379846280919748
198	79	0.3684686345904261
198	142	0.365734490626402
198	164	0.35929834018905216
198	179	0.3418095211768572
198	159	0.3375633892131828
198	10	0.33740389035104223
198	73	0.33269888005670634
198	55	0.32681659346381337
198	147	0.3165695897273286
198	83	0.3116212268655719
198	160	0.3087110038273497
198	188	0.3011556191253778
198	99	0.29697615989680826
198	94	0.29517885455479737
198	192	0.2932332223025974
198	162	0.2873083919003961
198	71	0.2864824700593974
198	50	0.2825029310853849
198	43	0.2771386538977203
198	156	0.2741170814629253
198	175	0.2567538107157648
198	52	0.2472860336816667
198	106	0.23947773482877974
198	122	0.2310704492351129
198	56	0.2237497337343499
198	70	0.2214591571091021
198	21	0.2130746220112733
198	172	0.2108588605056834
198	77	0.208946979698948
198	139	0.20748331094812414
198	196	0.2050130613441002
198	91	0.1934511265098604
198	163	0.18081973329129966
198	11	0.1654257328307897
198	132	0.15767351929049667
198	187	0.15412199045808178
198	54	0.15397555011191985
198	84	0.15048828724187022
198	125	0.14936413692354522
198	76	0.148053770365506
198	58	0.13687547831337424
198	25	0.13550144476616635
198	189	0.1281219624398952
198	121	0.12763997568571386
198	64	0.12665614240059472
198	173	0.12452036940809193
198	115	0.12440222828202947
198	57	0.1174652179461626
198	116	0.11479176623882377
198	124	0.11413054417308542
198	178	0.10743377959138664
198	118	0.10370580073130753
198	92	0.09827972860608382
198	59	0.09383512872086623
85	194	0.6928935309069962
85	88	0.6669227233812586
85	193	0.66676168015529
85	90	0.6224164242888031
85	185	0.5956320578954623
85	87	0.5624365332732578
85	89	0.5053834079778012
85	182	0.5004227725133158
85	78	0.4999953917353015
85	73	0.498711787634943
85	98	0.4865573944070056
85	82	0.4826090852672478
85	7	0.4816650065104294
85	97	0.4814653018117394
85	135	0.4648025539268085
85	197	0.4576305207079218
85	81	0.4509482946809101
85	199	0.4475000895492057
85	93	0.444046554796364
85	75	0.4401041773927152
85	186	0.4358369932845581
85	184	0.42431268801879823
85	80	0.41730146258839584
85	195	0.4105728315324484
85	84	0.4059228475760563
85	101	0.3980082150033791
85	94	0.3889310920554783
85	100	0.3873003096735812
85	95	0.3859479804712324
85	159	0.3700663707445541
85	64	0.3628724604313421
85	177	0.3480031949826036
85	91	0.3441125253005428
85	183	0.341270677479477
85	191	0.3384845584865213
85	55	0.3284679963153457
85	174	0.32313170610350084
85	189	0.3176848831330398
85	50	0.3161736297736357
85	180	0.3119733120202872
85	190	0.29597284686892433
85	162	0.2840205392606869
85	10	0.2819967468355709
85	43	0.2755500042228135
85	179	0.27398759611900003
85	160	0.2710622918060747
85	21	0.2668878645464069
85	110	0.2652803503338541
85	71	0.25492209941343336
85	181	0.2487875976831159
85	148	0.2428777486937371
85	83	0.24204006858569965
85	188	0.2412867896032827
85	115	0.2368648666084883
85	172	0.2209170439061436
85	107	0.219166134145546
85	54	0.21835681229611067
85	92	0.21401947560491072
85	118	0.20999871281828653
85	76	0.20573142798700672
85	176	0.2025210175393629
85	105	0.1994598873965501
85	25	0.19605833604415054
85	8	0.1900798393325984
85	16	0.18951109251902246
85	77	0.18700324005970104
85	187	0.1834205103496631
85	192	0.17991998931926456
85	121	0.17441829448312232
85	124	0.17199329647878528
85	79	0.1688959732158752
85	6	0.16645654407718086
85	116	0.16206824154043353
85	147	0.15388768265681044
85	163	0.15104533076626234
85	122	0.1409845984357859
85	164	0.14067094482622566
85	125	0.14065134053736755
85	128	0.13781736875848752
85	15	0.13667921992271148
85	58	0.13392066190552251
85	68	0.13204443963149548
85	142	0.1315236441721826
85	59	0.1311403709348131
85	117	0.1308848336548364
85	4	0.1307079130397691
85	86	0.13035404684500712
85	178	0.12834818026513808
85	99	0.12472710788128764
85	29	0.12048190208585945
85	56	0.11837242541887855
85	169	0.11803717602971435
85	66	0.11238324865733136
85	132	0.10112317782260233
85	131	0.09976700026694114
85	156	0.09724966895536946
85	52	0.09542080125069044
85	74	0.08884313736920643
85	31	0.08861594027143531
85	30	0.08778644394131536
88	87	0.5935957933849145
88	89	0.5773643033774449
88	193	0.645140752958195
88	90	0.5946310397274269
88	194	0.5795268518828185
88	82	0.5588435717334076
88	98	0.535853037922274
88	186	0.5010970879765935
88	75	0.4909566272397812
88	185	0.490334028226716
88	73	0.4756289344269379
88	199	0.4680028428130802
88	97	0.4613933178111622
88	7	0.44385385682629336
88	148	0.4425681548553312
88	94	0.4416831776121132
88	80	0.4324854891536679
88	135	0.4302960948724806
88	182	0.42985597620313576
88	197	0.4293259326844207
88	95	0.4250012077967496
88	78	0.4095080421957825
88	180	0.4041841106190114
88	84	0.4028865141656528
88	50	0.4023921640650353
88	184	0.39857192953453824
88	188	0.3771818627173225
88	101	0.3486358398752458
88	179	0.3388475336564746
88	81	0.32898532079083675
88	91	0.32578009952583603
88	191	0.31854773298062106
88	76	0.315948603432516
88	176	0.3054232819945533
88	187	0.2951240814181613
88	43	0.29402821171124954
88	93	0.2916603259888796
88	110	0.2883906200846491
88	10	0.28462718479470306
88	177	0.2838826335365209
88	195	0.27443150448736525
88	159	0.2732197291132653
88	192	0.2604023722541355
88	6	0.2598616200925231
88	100	0.2523677378892683
88	116	0.2515529690476038
88	164	0.2390817818527557
88	66	0.2279063534953419
88	106	0.2269770487141129
88	21	0.2224954484153276
88	70	0.22214373604033766
88	77	0.21802347472855355
88	11	0.21644181057809167
88	71	0.2153358759909232
88	174	0.20711964103580496
88	115	0.1951543022405217
88	52	0.19042680865061987
88	122	0.18694533762280152
88	68	0.185487699582196
88	142	0.1789812258449272
88	121	0.17262399777918244
88	59	0.1682061439634633
88	181	0.16485182263018702
88	118	0.1645210439848801
88	25	0.1636647393444476
88	0	0.1628665970490442
88	92	0.16234087464928507
88	189	0.15981807785728958
88	147	0.15933080986978362
88	47	0.15230565354257755
88	99	0.1469874914247971
88	172	0.14608724683689248
88	105	0.1377585078894631
88	162	0.13742494459712332
88	79	0.13431346694521445
88	1	0.1308651762201754
88	31	0.13006896380758132
88	183	0.12816130562875486
88	64	0.12169386732707793
88	16	0.12124065431133076
88	117	0.11125750311179072
88	4	0.10816518021822467
88	56	0.1023701336512449
88	83	0.10136071783774693
88	178	0.09848076383478556
88	156	0.09637989859668493
88	8	0.09538611981440394
88	113	0.09248494945092668
88	15	0.09142399707363176
88	51	0.09128417379908774
88	104	0.09075658127709613
88	163	0.08799283722605825
88	86	0.08767034440517478
98	81	0.6448604453412877
98	199	0.6910015487429259
98	78	0.5707334836440645
98	182	0.5520950855595927
98	43	0.5310669081544338
98	93	0.5186929797621336
98	90	0.508155481330417
98	195	0.4996353031305308
98	77	0.4966278503965654
98	7	0.4926245385286358
98	95	0.4902428741587491
98	194	0.4719762885150621
98	80	0.4700075287103783
98	148	0.4570690306065887
98	197	0.4552079784856836
98	193	0.4505897314070537
98	79	0.4350265942375223
98	180	0.4319569190427347
98	185	0.42485370919946097
98	186	0.42267959332021776
98	92	0.4137604812250933
98	94	0.4049451685223963
98	97	0.3907967044697341
98	68	0.3841763889971773
98	91	0.3568748106177507
98	174	0.35681372426596963
98	135	0.34192432768741604
98	75	0.3393785350450089
98	73	0.3373684435280743
98	183	0.33465393112875336
98	76	0.3318270708607524
98	38	0.3306964336853666
98	50	0.33050047866104537
98	176	0.32005645009012884
98	70	0.30501520345712274
98	101	0.30069180222878245
98	184	0.2979879296860048
98	84	0.29667523471347257
98	181	0.2961461931327829
98	164	0.2919713727785342
98	192	0.2890506011434927
98	82	0.2880605267223215
98	87	0.2600108093984226
98	89	0.25049417368328697
98	159	0.23223444375189845
98	191	0.23069177167583546
98	175	0.2289205285943829
98	54	0.2207458218805892
98	71	0.21296961363788866
98	142	0.21162316224755387
98	116	0.20986488280889667
98	52	0.20290458054206031
98	55	0.2019455565401771
98	21	0.19789422807868184
98	100	0.19512544462763012
98	188	0.19341262314547408
98	187	0.19218020151696227
98	177	0.18441566961301764
98	172	0.17726738536975678
98	10	0.1759788758987353
98	162	0.17440859868362588
98	139	0.17371041234878054
98	61	0.1714595159706586
98	69	0.1695856370448281
98	11	0.16291527037621895
98	156	0.15275495140724238
98	106	0.1508010252190356
98	99	0.14987249637816866
98	115	0.14670374488122984
98	121	0.14564682158105008
98	196	0.13814108612720413
98	59	0.13756229796746114
98	63	0.1344116616152602
98	57	0.13393048254493348
98	169	0.13296793514359942
98	147	0.13222129699391305
98	66	0.1293905764069992
98	64	0.12566221778923034
98	83	0.11826396533048175
98	110	0.11807661853246905
98	118	0.11472268808433612
98	160	0.11342973580705044
98	122	0.11268932268595333
98	74	0.11025001492539377
98	25	0.1068999813645514
98	190	0.10134092327752416
98	189	0.09442683889948336
98	31	0.08789857199859198
98	133	0.08739149733410419
7	90	0.5260586264731528
7	135	0.4873279100169038
7	78	0.4679403626068109
7	73	0.4547321771718534
7	194	0.4450575451616328
7	199	0.4275297447163512
7	93	0.4101071237332232
7	186	0.3916013195477912
7	182	0.38178708127152783
7	184	0.3612215093599242
7	94	0.3584184074185261
7	79	0.3497070964224885
7	185	0.3490749898125237
7	95	0.346420196295453
7	101	0.3424805530811268
7	43	0.3360828508640845
7	193	0.32195799240925305
7	77	0.3201821034006724
7	195	0.3156875283396077
7	25	0.3111426149913952
7	81	0.31083549782090164
7	197	0.3060487845425705
7	68	0.303881064478706
7	31	0.30076456723344586
7	89	0.28884896937975824
7	10	0.2792422037693923
7	75	0.2765846453419807
7	21	0.2748013388097029
7	110	0.2723033840829026
7	100	0.2669900263422165
7	115	0.25610918315409376
7	172	0.2556045330439567
7	148	0.2554269378198957
7	15	0.253631325830296
7	97	0.2493878890483192
7	82	0.24454261964428636
7	116	0.2444015846359069
7	84	0.2425577787477249
7	128	0.24082526253790226
7	91	0.238930921698923
7	55	0.2341256971281468
7	180	0.232338508481008
7	188	0.23120296984987204
7	69	0.2290342369172073
7	2	0.2284182421425215
7	118	0.2281623135860806
7	121	0.21968965240025232
7	4	0.21768056015332546
7	29	0.21645134208688752
7	54	0.21311280565403254
7	107	0.21273093994938347
7	30	0.20439988040076015
7	159	0.2014563050174692
7	162	0.20085179669976175
7	92	0.1983649929502976
7	64	0.19513506386946888
7	50	0.19169862189698728
7	134	0.19108206528906227
7	181	0.18764008102717444
7	125	0.18278263765817251
7	74	0.1820672640524706
7	80	0.17810991657826458
7	87	0.16822557803194474
7	174	0.16255506899277206
7	83	0.15976935455888744
7	99	0.1575857555297934
7	76	0.1537314678388374
7	6	0.14998979885613528
7	191	0.14857211208644816
7	53	0.14750600016167245
7	114	0.14126882257663365
7	16	0.14101400201170364
7	189	0.1360216762166225
7	1	0.13481423214467256
7	23	0.1315236441721826
7	183	0.1312583053427049
7	142	0.12706938284679975
7	132	0.12547521361526856
7	58	0.12498305479403107
7	59	0.11547261996963333
7	178	0.11534435145523585
7	20	0.11482137082237615
7	160	0.11439701899422212
7	133	0.11285716065884735
7	175	0.11037843292556627
7	35	0.10962762946984013
7	124	0.1069296384412518
7	37	0.10676157915897078
7	27	0.10620792901552936
7	17	0.10353762609983908
7	105	0.09977690072252003
7	104	0.09875209912808557
7	71	0.09682966164121536
7	57	0.09646906180538868
7	169	0.0961183442660976
7	120	0.09551097190069603
7	177	0.09282897034404636
7	106	0.09165405305337247
7	0	0.08941952165974977
7	113	0.08898897517737328
97	177	0.4827318099450442
97	182	0.4854881000605847
97	199	0.41834149814402255
97	176	0.4020484943614115
97	81	0.3976967810543888
97	90	0.3919145340614834
97	194	0.37791927444106
97	71	0.3693498185850244
97	193	0.3671802241937199
97	78	0.3604386879574921
97	191	0.3599165247241191
97	80	0.3589586397712268
97	87	0.3544814416700092
97	95	0.35295039337044404
97	70	0.3461209634262947
97	195	0.34606815031285393
97	122	0.3373950287349954
97	183	0.3306340874514187
97	135	0.317864686969456
97	82	0.3020101239505889
97	164	0.2994360554206067
97	93	0.2973955329508892
97	197	0.2956169697794574
97	10	0.2887114784827405
97	110	0.2849487983205737
97	50	0.2815548576953924
97	73	0.27888257534374883
97	148	0.27477360405433915
97	186	0.2675007452736541
97	43	0.26054219538222434
97	101	0.2486750217550081
97	181	0.24124911801231
97	91	0.24017517241284805
97	75	0.2398264845646532
97	147	0.23794061600208585
97	92	0.2355618663711101
97	156	0.2315815528925644
97	77	0.2286362304609317
97	185	0.22353123720080784
97	89	0.22274256301608505
97	94	0.2187662715554256
97	58	0.21722325712298493
97	179	0.2172042007590665
97	11	0.2149543909680999
97	76	0.20947290684374945
97	52	0.2044957005107681
97	84	0.2014850873042244
97	174	0.20111089045287128
97	184	0.18847931215757396
97	64	0.1837393888191732
97	159	0.18362343748271087
97	180	0.17961033028622045
97	79	0.17933934942924165
97	68	0.1765989860917929
97	100	0.17515507615153147
97	187	0.16728287534825606
97	51	0.1658050357279376
97	105	0.16335329461088105
97	160	0.16228245535389973
97	6	0.15615192932262512
97	1	0.15412199045808178
97	175	0.1526572833231575
97	54	0.14930547497662008
97	190	0.14899259351848165
97	142	0.1482396003512374
97	55	0.1327419947462416
97	165	0.12958722293128322
97	21	0.12861372327760365
97	113	0.12799409429170594
97	30	0.1173074226742245
97	66	0.11654795021785826
97	4	0.11610403950733968
97	59	0.11536408532332115
97	192	0.11138589208395687
97	56	0.1105167251118526
97	107	0.11048709143200686
97	74	0.10027189827165067
97	170	0.09590532619552927
97	188	0.09483217640350028
97	57	0.0934297144420882
97	121	0.08871217772376835
97	162	0.08770507528546509
135	199	0.4894676316065002
135	181	0.4593917011791057
135	197	0.4243372864679513
135	31	0.4242224883474405
135	142	0.4192897804638351
135	93	0.39895878317212585
135	182	0.3861096670025049
135	195	0.37747345481820943
135	101	0.3692289110341973
135	186	0.3650846337801784
135	193	0.3642783169594648
135	95	0.3579215303013146
135	89	0.35724126462456696
135	148	0.35430656069242644
135	79	0.3414915422123845
135	100	0.3388475336564746
135	90	0.3306340874514187
135	194	0.3302510401430809
135	147	0.3246623107579064
135	185	0.3078331846493641
135	99	0.2998547532218028
135	55	0.2837723005004093
135	172	0.28222685006738
135	75	0.27843062361010984
135	64	0.2708399112872403
135	160	0.2676307224743241
135	38	0.2670550352699472
135	52	0.26445278772643377
135	175	0.2642295580290927
135	50	0.2563334273070645
135	39	0.25329445347175017
135	110	0.24751134421367624
135	87	0.24631877255177664
135	43	0.2443451677367462
135	77	0.2424824840289025
135	192	0.2363739807722747
135	94	0.2318370568062348
135	30	0.2299436782619377
135	184	0.22917636353111026
135	118	0.22838032879187145
135	81	0.22463299021798036
135	139	0.21766150776690668
135	125	0.21752813641807964
135	114	0.21556473546945426
135	58	0.21467777329555826
135	191	0.2127118449572004
135	72	0.21268320216429867
135	78	0.2032976680085328
135	131	0.2019647408225348
135	54	0.19436540603839955
135	156	0.19241132687710708
135	29	0.18759184101462706
135	162	0.17488365305130366
135	179	0.1729247439717565
135	196	0.17012948013886747
135	83	0.16817699261557498
135	190	0.16700097691320376
135	180	0.16656349426255074
135	25	0.1656883323636818
135	104	0.1634506245907533
135	35	0.1607339306909619
135	177	0.16066573840156947
135	188	0.1601396320869148
135	73	0.1578100357446846
135	4	0.15749798927959752
135	183	0.1557616583368251
135	159	0.15479552874863794
135	23	0.1547272053243188
135	107	0.152540077686183
135	10	0.15063488692285093
135	16	0.15056647456243355
135	116	0.14762338712086528
135	26	0.14702662698177335
135	21	0.14632211664154182
135	59	0.14560766987284354
135	145	0.14514760317073389
135	91	0.1432381474048364
135	68	0.13612963939219644
135	82	0.13405814846278766
135	28	0.1332920863525799
135	164	0.12700051249828434
135	189	0.12623301734709225
135	86	0.12600667577774793
135	174	0.12444160904947026
135	178	0.12401824527846092
135	42	0.1206691397785845
135	141	0.11557128543739215
135	57	0.11182041176073633
135	124	0.1088272933322072
135	69	0.10863953969440672
135	128	0.10847154302677084
135	53	0.1076611193059566
135	169	0.10379483195971273
135	176	0.10348816184581064
135	51	0.10263729675643044
135	115	0.10137061508776347
135	134	0.1008460332338234
135	126	0.09879269913261966
135	71	0.0955297985419596
135	74	0.0939748853614296
135	67	0.09367950881946152
135	84	0.09336329887691328
135	15	0.09208439010646556
135	157	0.09034399221463536
197	95	0.8049795295478186
197	181	0.6064076618001584
197	101	0.5248279811463985
197	199	0.6898188156226486
197	195	0.5801508115040379
197	182	0.5061424957747238
197	193	0.483230183996985
197	148	0.4747231115360595
197	142	0.4631389249080006
197	186	0.4450014087481445
197	185	0.4350752380795204
197	79	0.4324692298869988
197	176	0.4251486838284152
197	75	0.4027440983952281
197	93	0.39677878084983614
197	139	0.3828629038428651
197	100	0.3761006047811414
197	81	0.3630547944854871
197	177	0.3629592896380059
197	87	0.36022114737145744
197	83	0.3566828146654738
197	99	0.3544901850680903
197	106	0.3401569459140041
197	147	0.3312930301223065
197	190	0.31887116571934576
197	89	0.31762194639150704
197	184	0.30812283250098405
197	52	0.3060759743171648
197	179	0.3045162886611881
197	183	0.30237359597632363
197	194	0.2835148275304916
197	10	0.2833033012921405
197	156	0.2775724986135213
197	174	0.27654770489595554
197	55	0.26938445978229525
197	180	0.24165404949204194
197	191	0.2332370277647077
197	82	0.21772819039356345
197	164	0.21564101670139374
197	192	0.2136186774225527
197	162	0.21345642913172896
197	196	0.2090713006720614
197	50	0.2089947962573356
197	70	0.20425614289151492
197	38	0.2018016694838244
197	11	0.1912651212933245
197	121	0.19100498509938935
197	72	0.18789091449625306
197	71	0.18353647062673328
197	160	0.1805972440706893
197	19	0.17177009144270178
197	159	0.16744811344234325
197	90	0.16729259549639172
197	175	0.16623290830887294
197	78	0.16448212641574705
197	131	0.1627984530592593
197	58	0.16119175343471234
197	188	0.1554201313248587
197	73	0.14836674115308734
197	43	0.13648295080197806
197	56	0.12784654883329644
197	172	0.12312214067239105
197	163	0.11680441075027052
197	25	0.10350794760886332
197	166	0.09922739561305104
197	125	0.09849561833592853
197	103	0.09479749104834824
199	148	0.579114931780641
199	186	0.55929041036761
199	182	0.6524942843078222
199	195	0.6261877242174511
199	95	0.5911487107509179
199	193	0.5150654555275952
199	181	0.501366643953443
199	81	0.4923139741832184
199	176	0.4805198672693154
199	79	0.45035858022952735
199	142	0.4291383079347193
199	174	0.42877927042654795
199	93	0.42641768189202217
199	164	0.4156070034533764
199	194	0.4137936327669707
199	180	0.4014698675987413
199	185	0.3981260309622793
199	101	0.3964332723564987
199	183	0.3877677092218271
199	43	0.3835539563407129
199	139	0.3752159576110206
199	77	0.3709463501744362
199	75	0.3449409484657399
199	38	0.33544402160229564
199	80	0.3188262489442664
199	90	0.3065743649908045
199	78	0.30245536506963056
199	184	0.2999457592053388
199	188	0.2974319947530059
199	191	0.2949962698894406
199	70	0.2944301205501126
199	156	0.2931052550512113
199	192	0.28996678576436097
199	87	0.28907809439757554
199	52	0.2852152295094004
199	100	0.2852060429604707
199	147	0.283211324762774
199	99	0.2818218466780261
199	175	0.2807259937096749
199	177	0.2681505338401685
199	55	0.2627406374476526
199	162	0.2497160923757189
199	89	0.2493785109681237
199	172	0.2480932724815072
199	10	0.2460839263293388
199	50	0.2460275589350677
199	160	0.24417590711511086
199	196	0.2359679647727811
199	159	0.23122190066606696
199	73	0.22692962410496964
199	190	0.2258100913635817
199	106	0.21199566558334587
199	71	0.2080287082725138
199	54	0.1999591477604201
199	94	0.19569291560815524
199	56	0.18406788982917832
199	179	0.18094547988384768
199	11	0.17837133875176042
199	82	0.1675258692909161
199	92	0.1593892861322708
199	83	0.15901891759656564
199	122	0.15811230070557597
199	125	0.1557616583368251
199	132	0.15542988975551958
199	91	0.14497139077761895
199	21	0.14204297008350533
199	76	0.13212304394226382
199	58	0.13000997842344278
199	31	0.1295085655438794
199	68	0.12548505616262595
199	116	0.1232698640838512
199	173	0.1174159075604623
199	57	0.1118006617926597
199	121	0.10889646376857584
199	166	0.0987491283831367
199	30	0.08926476685499464
199	25	0.08814564277232997
199	63	0.08754034979065098
193	194	0.7199301687444545
193	82	0.5606701178947188
193	180	0.5225418591631205
193	182	0.6155136664727143
193	185	0.5765103601669961
193	174	0.5103108620148359
193	87	0.500864892385135
193	80	0.4956025878937861
193	186	0.485816681006834
193	90	0.4846316172477662
193	164	0.48070443013882
193	148	0.470303531139973
193	89	0.4610705391242231
193	176	0.4311512957034119
193	75	0.4301168119439672
193	183	0.4064989924969081
193	159	0.4001100928648039
193	84	0.3934116272878222
193	187	0.3894402127500428
193	95	0.3878781563600655
193	177	0.3867561758513458
193	195	0.3866115950044827
193	189	0.371153307458921
193	191	0.3694016322794102
193	184	0.3644430928013522
193	160	0.3627682570650432
193	78	0.3618647813690479
193	162	0.3606387906742801
193	188	0.35124213908541474
193	73	0.3451171394567075
193	179	0.3380063398934352
193	181	0.3370316510048226
193	81	0.331462166010255
193	190	0.3268523206333145
193	122	0.3162996289885613
193	91	0.3100854980246474
193	10	0.30700918680709416
193	101	0.3064475178450794
193	94	0.30356335099566234
193	100	0.2842871236723843
193	192	0.2823925042911365
193	21	0.2768155046076293
193	50	0.2678256700121702
193	71	0.2676678570286259
193	76	0.26680427316067706
193	83	0.2616231248159608
193	55	0.2593953235758956
193	116	0.24943477874763376
193	56	0.223626238455516
193	43	0.223160691739947
193	70	0.21705174388845624
193	54	0.2141721416820957
193	169	0.2057984642420624
193	106	0.20315386311560413
193	142	0.19861474940919452
193	147	0.1963948593331442
193	99	0.1803263626821258
193	25	0.1749708990915671
193	173	0.17345824654538114
193	8	0.15893119217275614
193	93	0.15708838056739555
193	156	0.15330183748582246
193	172	0.1511039613533226
193	107	0.14955966915075788
193	11	0.14472663608814704
193	163	0.14006316065073246
193	79	0.13897476751989582
193	175	0.13557997506339864
193	118	0.12847603660790202
193	52	0.12740387852895674
193	115	0.1237917763433972
193	168	0.12369330756515196
193	77	0.1193385812402186
193	124	0.11611390469440555
193	110	0.11434767304590948
193	165	0.10914349242833724
193	121	0.10909408777386556
193	59	0.10513010000110172
193	29	0.10329029971309958
193	92	0.1001333039504616
193	66	0.09516910785868486
193	178	0.09412554085385884
193	57	0.09299750275581056
182	183	0.6845729676497548
182	174	0.6222080969600475
182	194	0.594197769845509
182	185	0.5723494988852507
182	195	0.5634679908643937
182	81	0.5132336881823625
182	80	0.4935025288464066
182	181	0.4853734465162999
182	186	0.4772059074473482
182	176	0.460684619126906
182	164	0.4556439014351233
182	78	0.453652732910453
182	187	0.4374556723964147
182	148	0.4374152398853425
182	90	0.41340403285523947
182	180	0.4016627788297332
182	95	0.3940960431459707
182	75	0.3896437944352056
182	73	0.3883113414040377
182	184	0.38708778948319306
182	177	0.3522148176045279
182	93	0.32756666774051
182	92	0.32451022131988555
182	160	0.3225136141199089
182	71	0.31191012355479125
182	162	0.3114316070952517
182	142	0.3068370851519241
182	175	0.30523285929390065
182	43	0.3013011009609999
182	165	0.3006190337232605
182	139	0.2972952585222974
182	191	0.2929681356272569
182	76	0.27610435582244364
182	77	0.2745147242931493
182	188	0.2734232940895453
182	84	0.2728402927283833
182	79	0.2672779045672127
182	82	0.2652245718659615
182	94	0.2625451235178801
182	50	0.2537436029505845
182	101	0.2509908516114138
182	122	0.2462905925316784
182	159	0.2440160361989392
182	89	0.2406933776451847
182	10	0.2401092091919059
182	70	0.2380443855546165
182	100	0.2373933776688296
182	55	0.23127869206407306
182	87	0.2258100913635817
182	91	0.2141721416820957
182	190	0.21259727159269515
182	25	0.20974060504397152
182	196	0.2086218006158252
182	115	0.2024634777260034
182	172	0.20177289102702106
182	106	0.19724077049021624
182	169	0.1970197083675028
182	116	0.1834205103496631
182	189	0.17329335660447126
182	107	0.17169245077310502
182	147	0.17157598576984287
182	179	0.16844906041667582
182	56	0.16424861025079254
182	110	0.15855101968603666
182	178	0.15855101968603666
182	21	0.15204190589628433
182	11	0.15000934885869147
182	58	0.14899259351848165
182	99	0.14015139394624568
182	4	0.13982786099096794
182	54	0.13909244787845804
182	156	0.13377334915894706
182	163	0.13261428319994392
182	74	0.1277285083917413
182	38	0.12757111550801206
182	83	0.11476216145136894
182	192	0.11269919568599272
182	173	0.11174141135855516
182	121	0.11062538025639293
182	59	0.10489274657804383
182	105	0.10203368503288043
182	132	0.10108358669836393
182	68	0.0957319329076936
182	37	0.09420185811004302
195	174	0.5646407596774926
195	183	0.4957157361926801
195	181	0.4862443946048745
195	139	0.4553744475660732
195	95	0.4545973195780602
195	81	0.4442071050672991
195	93	0.4439261233771176
195	142	0.4412564722993053
195	79	0.4348076655252705
195	196	0.4211424706857463
195	185	0.4142162187130475
195	180	0.4035062143155607
195	194	0.39446764154185066
195	160	0.34231282782559924
195	147	0.3402188449676759
195	101	0.3388386818029913
195	55	0.3367302371906834
195	176	0.330170853677404
195	175	0.3045888684792895
195	186	0.3019192422176683
195	77	0.2964837061846435
195	132	0.2922823578189255
195	172	0.28704230811040105
195	75	0.28516010942983
195	148	0.28175740505558594
195	192	0.2815548576953924
195	131	0.27768324934498834
195	80	0.2739598479670137
195	191	0.26828974253347176
195	78	0.26751931404133394
195	162	0.2653082389019688
195	100	0.2551745360076214
195	169	0.25023172453508435
195	89	0.24766153636603044
195	90	0.2461121094023044
195	11	0.2459805848352485
195	164	0.24400663161424999
195	190	0.2422942344529797
195	159	0.2395437192515625
195	43	0.23851599681836175
195	170	0.2367043979924957
195	50	0.23366250329949176
195	10	0.23345450420689665
195	177	0.2325939175333536
195	166	0.2268727131534089
195	184	0.2266545401552649
195	38	0.22155425058702624
195	87	0.2206316663033585
195	70	0.2192708479032764
195	83	0.21317962546235705
195	71	0.20859310612791565
195	91	0.20370027503268706
195	179	0.19312382893004146
195	52	0.18441566961301764
195	173	0.17884570724916146
195	92	0.17518415561969916
195	94	0.16934281657724393
195	156	0.16608704967996202
195	73	0.16591200973236894
195	82	0.16384964422445306
195	178	0.16281792292913705
195	189	0.15950623530151206
195	54	0.15056647456243355
195	99	0.13054081370332418
195	19	0.12717760520458468
195	28	0.12634126301838255
195	188	0.12543584317885825
195	72	0.12385085644027505
195	171	0.12163475545937645
195	25	0.1098351008648248
195	125	0.10601018084251837
195	165	0.10562454780026133
195	133	0.105545439655577
195	31	0.1036266604663404
195	121	0.09857385131746324
195	64	0.09664837423581477
195	68	0.09552385329420644
195	124	0.09250477834492904
185	159	0.4923063978764113
185	194	0.5719055366489391
185	186	0.5574873234557562
185	73	0.4833298212538245
185	184	0.4705605000632627
185	55	0.4620778339647957
185	81	0.4596677925186182
185	162	0.4559924825273721
185	183	0.4495690230817564
185	75	0.4495371070000948
185	90	0.4269493436300392
185	84	0.4208298178382999
185	174	0.4189682914380806
185	82	0.4108970372835856
185	180	0.4104647398702214
185	188	0.4063821196467804
185	78	0.3943831986831569
185	100	0.3881414853544689
185	101	0.37899023923797465
185	94	0.3774048516434129
185	115	0.3713860903358058
185	169	0.3692634573244096
185	95	0.3686414680244464
185	89	0.3648852730051352
185	80	0.3547786824225571
185	181	0.3427100364800173
185	187	0.33482264168120196
185	190	0.32636992505459345
185	189	0.3209178464718641
185	76	0.3190508184956669
185	54	0.3142192176337121
185	79	0.3121809118306334
185	192	0.3113683949925305
185	91	0.3106186701392165
185	10	0.3097510362825193
185	148	0.3087290976659542
185	116	0.3046433010217233
185	93	0.3019646837702054
185	87	0.29861653054226844
185	106	0.2856102015220107
185	25	0.2803206187809116
185	160	0.27439451658738545
185	172	0.26546626573458
185	15	0.25774366307728824
185	29	0.2446084324410989
185	74	0.2442605392863946
185	132	0.23932690498448114
185	92	0.2369026220521493
185	164	0.23224390440155854
185	77	0.2312597617731802
185	142	0.2187567501214119
185	175	0.21670867722194712
185	16	0.211814197286959
185	83	0.21068685704184892
185	163	0.2088609073762
185	121	0.205070538815694
185	117	0.2040932297333866
185	131	0.20349898012327228
185	128	0.1979999179437542
185	64	0.1975194724034554
185	59	0.19617372066440686
185	176	0.19430767203984325
185	191	0.19120731557081824
185	139	0.18980994147174174
185	8	0.1858352903093998
185	105	0.1849565685783872
185	57	0.1840099220483314
185	107	0.18225095948288292
185	110	0.18014253472946773
185	147	0.17788720378144768
185	133	0.17625988066631473
185	58	0.1704887482124948
185	179	0.1661453940039935
185	43	0.16216561335052956
185	21	0.15695183231157073
185	50	0.15408294036088122
185	4	0.15277448466606014
185	99	0.1440803986811228
185	6	0.1384941986858993
185	28	0.1335572797714493
185	177	0.13078654545268856
185	124	0.1295478944413793
185	196	0.1266364631863156
185	71	0.11802731534582467
185	114	0.11145502306764196
185	1	0.10972642656470734
185	68	0.10841224860547537
185	165	0.10443778580258542
185	178	0.10311221680354286
185	113	0.10265708602751177
185	11	0.09457549932855257
185	0	0.09154001790544583
185	56	0.08782812011632046
185	2	0.08744905408042061
103	0	0.42705564058313294
103	106	0.4084921252885975
103	1	0.391694446860568
103	113	0.3811034817261229
103	105	0.30605784785624685
103	147	0.27726789606566804
103	10	0.2768986061229408
103	13	0.2744037636385043
103	172	0.25879828753935474
103	67	0.24913466446984897
103	4	0.2285983210952889
103	63	0.22686322784416935
103	184	0.22399670273611025
103	47	0.21658477887676686
103	129	0.2148971625534904
103	35	0.20955895612038467
103	61	0.20512801487287285
103	92	0.19636601629143727
103	93	0.1836814137898852
103	101	0.17765478838916082
103	14	0.17043049160143495
103	30	0.1647350814561589
103	60	0.1589799288292345
103	167	0.1530284061630068
103	36	0.15107464619265645
103	42	0.14770164278335504
103	137	0.1448441205513042
103	65	0.1437376471172442
103	46	0.14070035105267722
103	74	0.13923954280202733
103	69	0.13702266505584745
103	140	0.1366203403124745
103	81	0.13626704239363086
103	2	0.1355996073715683
103	38	0.1337340647611176
103	31	0.12941024151768174
103	37	0.1273055004507362
103	141	0.12103373589833258
103	119	0.12051146650232936
103	86	0.11964415499967952
103	107	0.11697208806316575
103	68	0.11611390469440555
103	73	0.1149299192167423
103	32	0.11159328179828708
103	75	0.1080070494358888
103	95	0.10751285555022384
103	41	0.1074930866880005
103	154	0.10223159881689076
103	139	0.10202378913151244
103	45	0.0979637999027582
103	161	0.09722193368980098
103	59	0.09688117383066228
103	62	0.09666620606844296
103	79	0.09633828856983767
103	115	0.09510865999454543
103	58	0.09467262186461403
103	196	0.09003552195098223
103	8	0.08919334010635316
103	114	0.08890861604036572
95	148	0.4825860722799419
95	79	0.4626360544261765
95	181	0.4500157276816642
95	101	0.43989451324479145
95	186	0.4278729147690035
95	177	0.41385164532457375
95	142	0.4056722490739324
95	93	0.4025430076360513
95	81	0.39292973972314976
95	75	0.3846621554173931
95	176	0.3521972985866759
95	106	0.3406962528270361
95	99	0.3249485512129315
95	10	0.3193202546709993
95	87	0.3110974547752127
95	184	0.3106457753678794
95	52	0.3022554772068101
95	100	0.30127382418505555
95	43	0.2877762247924052
95	89	0.2732845024429185
95	78	0.2703209110087649
95	121	0.2684938950154257
95	179	0.26054219538222434
95	139	0.2604210159691261
95	83	0.25793036709127226
95	71	0.2551558381930763
95	11	0.2505035461864987
95	82	0.2427930559067393
95	70	0.2398830327463184
95	194	0.2306160277735989
95	73	0.2259524380114135
95	147	0.22441458473325146
95	180	0.2132750788718954
95	156	0.2105148405315269
95	55	0.2104861698454099
95	90	0.20508011825679007
95	19	0.19910458136239406
95	191	0.19386500002121465
95	190	0.1927194608162948
95	38	0.19248836392162189
95	50	0.18239597320562695
95	164	0.17273071785737584
95	162	0.16892511729270387
95	77	0.16619401338546125
95	118	0.1563860685214131
95	117	0.14712446386008046
95	183	0.14509865620688325
95	159	0.14184699975994694
95	25	0.13902380147983046
95	72	0.1347553221608603
95	192	0.13451967270342444
95	174	0.12814163408474002
95	27	0.1271284135989854
95	31	0.1185498994699178
95	188	0.11046733553630153
95	17	0.10066786058754226
95	131	0.09891053630703976
95	128	0.09619463231865033
95	16	0.09127524878695906
181	139	0.6082632213491402
181	79	0.5672847323413737
181	175	0.4982458459620889
181	183	0.5346186444065376
181	166	0.5193870472589022
181	93	0.4757682023832697
181	142	0.4736766802829264
181	81	0.410007301363511
181	147	0.4072917067734003
181	101	0.3990176397605882
181	174	0.39515138310066
181	160	0.3836904097835993
181	99	0.3706444714116219
181	176	0.3541578923728728
181	100	0.3480471389067497
181	83	0.34737902628530704
181	196	0.3440860774304215
181	55	0.3287534411106959
181	156	0.3270755942744102
181	162	0.31591259591827464
181	131	0.3099499146717123
181	170	0.30462515706199417
181	186	0.2870881877875601
181	148	0.2755869667032002
181	171	0.2755500042228135
181	167	0.2708399112872403
181	63	0.2689856178413783
181	190	0.26228440474229675
181	145	0.2620981535964201
181	52	0.2549407996125536
181	38	0.25291071845495755
181	172	0.2448152579849336
181	114	0.2294226931783408
181	75	0.2217063913867849
181	74	0.22153523222847585
181	125	0.2197753069875492
181	191	0.2170231570461058
181	177	0.2090521748082659
181	30	0.2087843959282336
181	184	0.2083922346594078
181	164	0.2014563050174692
181	137	0.18315958106643904
181	43	0.1802392878529281
181	124	0.1741758893535627
181	169	0.1731090563500814
181	165	0.1694787985739614
181	179	0.169187400685924
181	61	0.16647598985681936
181	89	0.16451131464061275
181	67	0.16298341170204675
181	180	0.16003245111650988
181	58	0.15963292518269798
181	77	0.15554698855680352
181	106	0.15407317776136412
181	168	0.15115281936379313
181	192	0.15028303657061012
181	132	0.14729077994538298
181	173	0.14500076014875424
181	140	0.14340465543031294
181	72	0.14310101705917286
181	128	0.13914148020196304
181	141	0.13340013042215676
181	29	0.13326261923816532
181	57	0.1312681330423777
181	41	0.12726614851798632
181	87	0.1237031545526282
181	163	0.12021581272636553
181	19	0.11691290859605916
181	35	0.11038831108067804
181	122	0.10611894337635812
181	71	0.10560477088938736
181	50	0.10534766345130513
181	152	0.10002440568606467
181	78	0.09928779463675017
181	25	0.09874813813442927
181	36	0.09738636198527972
181	92	0.0871136289786987
101	100	0.6304122558284609
101	99	0.5049141684430877
101	79	0.4184322429108058
101	87	0.41346206797310137
101	75	0.40826715425179627
101	106	0.3930819380764547
101	30	0.3762207952187504
101	93	0.3691425408443225
101	83	0.346772144726904
101	142	0.3269416344698229
101	82	0.31995771458886124
101	186	0.3168215068255041
101	90	0.3038356809742519
101	147	0.2998729548551828
101	55	0.29970003052467115
101	28	0.28690466117785624
101	184	0.2859867124046629
101	10	0.28550917139893595
101	57	0.276806270850305
101	124	0.2737933494780034
101	194	0.2610454681192527
101	86	0.25889158746909424
101	89	0.2559877060590766
101	64	0.25566995851582464
101	162	0.2357035379552509
101	52	0.2341824074409149
101	196	0.2335490518987696
101	156	0.23314246551059306
101	31	0.2255918077759775
101	73	0.22303716224720627
101	139	0.21316053429201687
101	152	0.2108301941681271
101	78	0.21012297649548886
101	125	0.209348607716432
101	190	0.2068803532869176
101	59	0.20527169882538174
101	180	0.20326890773138906
101	14	0.2021086179992579
101	35	0.1963948593331442
101	16	0.18937611696237944
101	192	0.18821889051299728
101	56	0.18808384664449104
101	148	0.18310159327517567
101	163	0.183082263728262
101	189	0.176812116623439
101	131	0.1739916473342635
101	81	0.16816727543424168
101	191	0.16762306117068854
101	46	0.1598570559353723
101	94	0.15981807785728958
101	21	0.15217866664055904
101	159	0.15058602109830468
101	63	0.14673309909236698
101	91	0.14440353278226348
101	105	0.1437376471172442
101	118	0.14216054693418315
101	175	0.14140602589894746
101	114	0.1402494283306308
101	58	0.1362375993344814
101	29	0.1320837419945267
101	115	0.13207391644269806
101	128	0.13201496258675707
101	168	0.12907592080423325
101	172	0.12872190218282553
101	0	0.12585905464101887
101	72	0.12499289857408785
101	110	0.12486492751460734
101	74	0.1235652945118703
101	77	0.12301380670238148
101	15	0.12281682833812407
101	160	0.12088593059081068
101	174	0.12040306259722755
101	54	0.11874708397631513
101	132	0.11364689979722666
101	121	0.11258071821732853
101	1	0.11122787435986692
101	178	0.10916325413915856
101	188	0.10868894929849447
101	151	0.1077994944910593
101	183	0.10661328649050672
101	50	0.09988580442952164
101	179	0.09984620335827643
101	68	0.09651760556816982
101	133	0.09467658601149154
101	67	0.09301039030926744
101	107	0.09038862474149076
70	176	0.8039209524538478
70	11	0.5385847916754668
70	177	0.5457581445608236
70	71	0.4957081934962011
70	148	0.3725234676300712
70	81	0.3359054292773085
70	164	0.3316134800639927
70	139	0.3305539237671796
70	50	0.3248680520994066
70	66	0.3222627156781419
70	61	0.2943205193697584
70	179	0.28938048871172184
70	80	0.28313773978808104
70	173	0.2744869848147264
70	180	0.26185599791500275
70	38	0.2594885925628415
70	175	0.2564735658937895
70	183	0.25252690384834336
70	165	0.251927619771327
70	52	0.24858120334893594
70	187	0.23549574953849794
70	122	0.22818127233873775
70	166	0.21438204045334608
70	153	0.2035085659854157
70	36	0.20229084989948465
70	170	0.19939267135544425
70	156	0.1899352547630891
70	174	0.18116794013035567
70	186	0.17988128388883226
70	91	0.17552339348472928
70	82	0.17215826276578414
70	0	0.17192536637963207
70	113	0.17010034831139112
70	147	0.16447239694344318
70	192	0.15829754523342304
70	26	0.15751749310582613
70	6	0.15407317776136412
70	37	0.1484743180010757
70	45	0.14834718134884706
70	1	0.14735926061904112
70	10	0.14618511125852304
70	168	0.14548042367207575
70	76	0.1355210775001278
70	92	0.13516767202007485
70	142	0.13098311928413084
70	194	0.12951839780645996
70	159	0.12453021434260868
70	60	0.11023025798314816
70	77	0.0963937685307811
176	177	0.6392651085463782
176	71	0.5127915973890916
176	183	0.4681512145524323
176	164	0.4528661226820939
176	139	0.4431389101488608
176	148	0.4380861905030991
176	11	0.3997908778189641
176	81	0.3990176397605882
176	179	0.3637838525976653
176	80	0.35434153887112985
176	173	0.3498738492805722
176	174	0.3446501801831084
176	175	0.31900590745049817
176	122	0.30757064198728995
176	156	0.3012647318168344
176	186	0.3007008980458325
176	170	0.2989717121450505
176	166	0.2913126124515909
176	142	0.2775632690528227
176	191	0.26581945060075396
176	165	0.2657172202097704
176	180	0.2609709181414511
176	160	0.25835038067908433
176	50	0.2521523739716371
176	52	0.2415410538174371
176	147	0.21380954267766236
176	194	0.2092529883989288
176	187	0.20686120919732096
176	168	0.2032976680085328
176	192	0.19421144571755405
176	159	0.19235354753725512
176	66	0.1827923035455784
176	113	0.18096482498850308
176	89	0.17513568966963527
176	10	0.1723426254242369
176	38	0.16962448640974392
176	87	0.1643848302527144
176	190	0.15865825258855393
176	0	0.15456127084761054
176	54	0.14930547497662008
176	82	0.1454608469061911
176	196	0.12685292905744155
176	61	0.1266069441779932
176	188	0.12431362012249016
176	184	0.123003958014233
176	162	0.11829354563455947
176	45	0.11451544696656225
176	153	0.11353831915824245
176	93	0.10661328649050672
176	172	0.10560477088938736
176	91	0.10380472421577333
176	75	0.09393424728731732
11	164	0.2898660314321254
11	177	0.24909714681923276
11	52	0.2468259416564691
11	71	0.2412585359782195
11	66	0.21844251943877996
11	13	0.21394313864494094
11	51	0.2136854821177384
11	139	0.19535629606700644
11	180	0.1951543022405217
11	81	0.19044608332981988
11	38	0.18081006023156868
11	148	0.1704693294745492
11	192	0.16570778324675392
11	10	0.15983756695863252
11	45	0.1590091704512277
11	0	0.14933480608148672
11	155	0.14745708770197336
11	94	0.14137662564415993
11	50	0.1382391764758788
11	80	0.12992149862189262
11	122	0.12872190218282553
11	147	0.12796458565305205
11	179	0.1275219289137892
11	186	0.11367651222772192
11	106	0.11088219099062524
11	174	0.11030928522930207
11	194	0.10945966943815223
11	104	0.10852095445496067
11	159	0.09672267312899224
11	173	0.09493325812494667
11	59	0.09365076324103712
11	36	0.09287953062653162
11	82	0.08957923202710517
11	6	0.08794917773758439
177	71	0.6253115747249871
177	179	0.4215865947117209
177	80	0.3041805610126517
177	183	0.29195307761735384
177	173	0.2804772527747039
177	122	0.2731456994169435
177	148	0.2663955463939103
177	50	0.2599828373488701
177	164	0.2573328465044144
177	81	0.2479712700826984
177	156	0.2403447819381169
177	52	0.2400809385612433
177	82	0.2376198394141744
177	159	0.2361568196814415
177	190	0.23122190066606696
177	160	0.23122190066606696
177	10	0.2276503619018028
177	87	0.220707770693339
177	89	0.21889004640601506
177	191	0.20948246803473405
177	170	0.20828700925331614
177	194	0.1860476839763933
177	78	0.17177979637638816
177	153	0.16959534943547405
177	54	0.16126967380722634
177	139	0.15982782242353555
177	165	0.159340555991185
177	142	0.15618119768275607
177	166	0.15550795610859516
177	8	0.15183675386468304
177	174	0.14222913157809167
177	186	0.1385824713275123
177	107	0.13159243264593015
177	163	0.13140571812781826
177	66	0.12936107855014362
177	175	0.1264396655633503
177	168	0.12623301734709225
177	105	0.12114212304668548
177	180	0.12025523446311465
177	91	0.11972300906685099
177	73	0.11457465973238895
177	83	0.11137601614112634
177	19	0.10977582429922
177	158	0.10419050616417844
177	21	0.1009747094562408
177	43	0.09693070429260042
177	6	0.09391045900112056
177	90	0.09071393529124798
123	136	0.7937546884135742
123	146	0.7550589165266307
123	127	0.7321380370936472
123	44	0.7287094406953633
123	22	0.7044601429263655
123	138	0.6504163518912481
123	140	0.5987908367314445
123	49	0.5701128357051788
123	126	0.5475741370135885
123	33	0.6375232999854784
123	154	0.6215089442660198
123	119	0.5657500624566207
123	18	0.5575906959932769
123	62	0.5100741568653735
123	42	0.4972528820602029
123	41	0.4838661143204482
123	149	0.4814729836863853
123	14	0.4679872232000995
123	34	0.4656409723157746
123	171	0.4651160790535207
123	120	0.4500237025042244
123	143	0.4457789873952102
123	129	0.43907152158653817
123	137	0.4382477924397672
123	157	0.4353184191927639
123	155	0.4078504102497015
123	53	0.392633736850446
123	48	0.3858884057708922
123	166	0.38535208867083626
123	40	0.3802483959987874
123	17	0.37371995182069456
123	141	0.37205831191964345
123	153	0.3649546196797044
123	46	0.3495315431570424
123	32	0.3291993283675325
123	67	0.3174960645128469
123	167	0.30187379929314256
123	144	0.2985800969803939
123	145	0.292584137138088
123	150	0.2868220673310033
123	152	0.2856653061864045
123	63	0.2690134470189223
123	60	0.2628988948281821
123	151	0.2613063685163128
123	31	0.2564268542293132
123	130	0.2444768045942705
123	24	0.23074857776787425
123	35	0.22417716189437106
123	51	0.21638462065890493
123	39	0.2161272476505333
123	134	0.20782778744616207
123	26	0.20758857311960835
123	170	0.20650701498108995
123	45	0.1981536404377149
123	69	0.1896364205516352
123	61	0.1890482893935394
123	19	0.1879295020863921
123	30	0.18784267919293196
123	125	0.1822992982717415
123	20	0.1789618664612145
123	27	0.17682180398106442
123	104	0.17229411010524134
123	158	0.16518256419753902
123	36	0.15811230070557597
123	131	0.15797579761482214
123	47	0.15013642101529728
123	124	0.14675266842288764
123	52	0.12989200489481953
123	2	0.12851537616203412
123	72	0.1271284135989854
123	173	0.12580000462526908
123	65	0.11557128543739215
123	28	0.11549235324553835
123	156	0.10553555104353864
123	23	0.10291433915131136
123	64	0.0984322388252456
123	86	0.09440602610320137
123	74	0.0911284798186814
123	16	0.0905056594204614
123	196	0.08743913054511351
136	154	0.6494460021072138
136	149	0.5589123372764935
136	146	0.7064443680996938
136	44	0.6017971666387828
136	127	0.5706593100257219
136	119	0.5573012093173549
136	18	0.5387835410963256
136	22	0.5136534223198861
136	120	0.4991999655764983
136	33	0.4869999613666574
136	49	0.4845627523466815
136	138	0.4673231194216839
136	14	0.4570373865120137
136	129	0.4497445410118581
136	126	0.4421177285497335
136	53	0.4381750750733053
136	46	0.4347914465383497
136	153	0.4246897954086143
136	140	0.4190754661243134
136	42	0.4187868922953303
136	155	0.40752523190606577
136	157	0.4034141201274177
136	62	0.3858288278519792
136	17	0.38153932464616586
136	40	0.35835739835078595
136	41	0.3578953732551129
136	48	0.347765871369643
136	137	0.32912799626491
136	150	0.3266200773364109
136	144	0.3051875169568596
136	34	0.2938089448639338
136	143	0.2917518167455767
136	152	0.2834320596779515
136	51	0.2823556936964139
136	130	0.2641365372974537
136	47	0.2634015008790511
136	141	0.26223784378717346
136	19	0.2557540735385941
136	32	0.2513656154034761
136	67	0.24731419896123816
136	171	0.24362100414350876
136	20	0.23794061600208585
136	27	0.20931036046975413
136	39	0.20311551366367486
136	26	0.1995943138473607
136	69	0.18903864676786766
136	104	0.1853911383600956
136	151	0.1816224751371268
136	24	0.17130421545004226
136	167	0.16888625845796534
136	16	0.16384964422445306
136	60	0.16192217790792504
136	166	0.14808311263760254
136	30	0.13912186735441667
136	29	0.13795470699992854
136	145	0.12750225410045948
136	125	0.1271972816716686
136	31	0.124343156396044
136	124	0.11551208643028192
136	63	0.1138837935830596
136	35	0.11350870578588128
136	65	0.1128077972172732
136	134	0.10490263654278678
136	117	0.10239981917074076
136	61	0.09884815226591877
136	45	0.09269314917641076
136	118	0.08749767915250714
146	129	0.4747386041483109
146	127	0.6030904005309929
146	154	0.5997265343667479
146	49	0.5640955688742318
146	138	0.5624980600217951
146	140	0.5621630056926686
146	22	0.5594072222803497
146	119	0.5500339578724769
146	44	0.5386202870406829
146	33	0.5131821249472756
146	149	0.5036464766756289
146	18	0.4809735079942074
146	42	0.4725124083195783
146	120	0.4567287959604071
146	14	0.4471401324356904
146	62	0.4218250223303656
146	137	0.4139510876034537
146	126	0.4091500888261353
146	48	0.4012349710550774
146	171	0.39905127062072426
146	17	0.39884946935760696
146	67	0.39687145913035454
146	166	0.383426016026484
146	53	0.37416723822401343
146	46	0.3635148472640829
146	141	0.3608301622134579
146	40	0.35691844185764715
146	41	0.3543590275886646
146	157	0.3539392299703568
146	143	0.34706242869405834
146	155	0.34043988894662114
146	34	0.3333212530297446
146	150	0.3168394991941505
146	144	0.29840702567822314
146	153	0.2964928271317207
146	151	0.2895087597647896
146	167	0.2830273560757186
146	134	0.27383960070489
146	130	0.2713124353059587
146	35	0.2603184731336771
146	30	0.2566884241170458
146	31	0.2467132490846129
146	32	0.2397416592408228
146	63	0.2374783038486996
146	152	0.2310515170186721
146	20	0.22679682947453375
146	61	0.22205817563551652
146	60	0.22017498357371376
146	19	0.21477316259280935
146	36	0.2024251170737511
146	117	0.1995367034309144
146	145	0.18884578660082854
146	69	0.18257964586289974
146	26	0.17611453695649495
146	28	0.17492242940834474
146	104	0.1735940309602231
146	29	0.17224559395034825
146	27	0.17150804563629368
146	65	0.17141098547292913
146	51	0.17073147125873422
146	125	0.16508529111903314
146	24	0.1634700902049838
146	47	0.1633143617284636
146	131	0.15770277332394975
146	15	0.14289531123971475
146	121	0.1272169580386411
146	118	0.12401824527846092
146	170	0.12384100981842668
146	2	0.1168734551567034
146	16	0.11418976222063228
146	168	0.11350870578588128
146	72	0.1119586590629632
146	39	0.1056641013713232
146	52	0.09281707373740757
146	74	0.091660994245661
127	143	0.5186929797621336
127	22	0.6687785373673152
127	138	0.6003217073580948
127	44	0.5988998720519583
127	33	0.4943946261344249
127	140	0.4735603274563726
127	154	0.4610705391242231
127	62	0.4528422749898588
127	49	0.4459712742819847
127	42	0.4430263952623508
127	141	0.4417556171696927
127	126	0.4406361862701176
127	171	0.4366143120835224
127	129	0.4349617318313266
127	41	0.4332412343269376
127	119	0.4138433580221203
127	34	0.4079837868317897
127	18	0.4050287670778835
127	155	0.40183888404535495
127	137	0.3790929985319365
127	149	0.3601254170988475
127	40	0.3390776607877294
127	157	0.3360384977029368
127	14	0.33167578089269417
127	67	0.3276202286924499
127	32	0.3255744946384528
127	166	0.325288384440659
127	53	0.3172172862461705
127	145	0.3097691172564153
127	31	0.30719032475431945
127	153	0.29959080501000424
127	60	0.29537967278819355
127	39	0.2933429001560087
127	24	0.2780892721963933
127	120	0.2709881681801464
127	35	0.27085844410169835
127	26	0.24166346550249115
127	36	0.23728957407633056
127	45	0.23665719888252465
127	130	0.2364778320791372
127	125	0.2360151801716557
127	17	0.2334072287053788
127	69	0.23314246551059306
127	48	0.23054974956642865
127	27	0.2200227345353269
127	63	0.21959447666399434
127	52	0.21595564895439065
127	131	0.21464915570765047
127	170	0.21413397614340712
127	61	0.21405764310470934
127	46	0.2117377852126428
127	167	0.20988400186326506
127	150	0.19542362366042668
127	152	0.1897328225259814
127	151	0.17848751830429194
127	64	0.16777856140039188
127	23	0.1675453079274464
127	144	0.16012988851832946
127	158	0.15741997274609834
127	173	0.15202236817169887
127	38	0.1451965494241362
127	28	0.13392066190552251
127	30	0.13287952532828765
127	124	0.1286727303327969
127	72	0.1243234655714891
127	86	0.12292516763697378
127	51	0.12249179288757785
127	134	0.11319281727512542
127	66	0.10624747764252572
127	104	0.10377504738598743
127	47	0.1017862814453801
127	29	0.09955710596301492
127	147	0.09092220322690583
127	57	0.09056120042753824
127	19	0.08891258441998638
127	20	0.08797299204592429
44	18	0.5878340256824337
44	34	0.4816880461421459
44	22	0.6379979090583351
44	33	0.6311648878355399
44	49	0.5244946051144858
44	138	0.5119951482534737
44	154	0.508726426883394
44	126	0.4726677400430706
44	149	0.4393217245445242
44	157	0.4350265942375223
44	62	0.4313710794241189
44	155	0.4255254644699084
44	42	0.4095995914194688
44	119	0.3980082150033791
44	48	0.3976041749038165
44	140	0.3833748357797011
44	153	0.3818383344148736
44	41	0.3795296212127914
44	31	0.3769845668212611
44	53	0.3755767701828629
44	14	0.3354085220336551
44	129	0.3344319108717959
44	171	0.3208729951654314
44	151	0.3177927681775117
44	143	0.3138766955642901
44	24	0.30647470029273555
44	39	0.3017283727168197
44	17	0.28233728808723296
44	46	0.27715711767870765
44	52	0.27579024577651906
44	137	0.2704506758216871
44	40	0.2681876572536102
44	120	0.26421095427596863
44	51	0.2631502157088364
44	145	0.2598616200925231
44	45	0.2587889572807448
44	67	0.2576876481188568
44	141	0.25379973894690583
44	86	0.24721092422654165
44	28	0.2452476393869472
44	32	0.2394211749912871
44	47	0.23459823435118746
44	26	0.2319222176712131
44	150	0.2296216302887215
44	130	0.22605681942115
44	27	0.2163464932210799
44	125	0.2013891449954904
44	30	0.1984994804006947
44	69	0.19312382893004146
44	144	0.18684883067489666
44	35	0.1860669916297336
44	167	0.18491793664988904
44	72	0.1689542610741441
44	156	0.16833246307066452
44	124	0.1651242007359424
44	173	0.1619319157042401
44	63	0.15822929854520254
44	60	0.14299326793263556
44	166	0.13856285537517354
44	134	0.13795470699992854
44	152	0.13490259533335158
44	64	0.11994970609271105
44	131	0.11912170872317455
44	104	0.11675509262580143
44	57	0.11433780378852786
44	16	0.11155377974440328
44	36	0.10451691256122246
44	29	0.0973952766205345
44	118	0.09334942089265254
44	19	0.09216767718110506
44	20	0.09149440317384604
44	128	0.08911397597637588
22	33	0.7019731625963894
22	42	0.5265141307136239
22	41	0.5176030113707161
22	31	0.4809120124693525
22	49	0.5501106741215184
22	62	0.5207658402465445
22	140	0.5086745412162046
22	18	0.5065291802492642
22	126	0.4963189095890804
22	171	0.4860687546956652
22	138	0.4816880461421459
22	34	0.4770823340897093
22	154	0.4696958329580798
22	32	0.4396283319845191
22	35	0.4192073574001952
22	143	0.4094664261855437
22	141	0.4001940806954447
22	67	0.3964079868359685
22	40	0.38649251415349023
22	14	0.3739866242705591
22	137	0.37167915792494377
22	63	0.3712395287807369
22	129	0.3688315553680542
22	167	0.3675954367498899
22	119	0.3675262448276764
22	36	0.3656738523943108
22	30	0.3435305460731061
22	120	0.3407492873066521
22	72	0.3196704445266194
22	46	0.3175500152599743
22	53	0.3168754832473546
22	145	0.31686648731956785
22	39	0.31526430512512266
22	151	0.30662872472034514
22	170	0.296565792761139
22	166	0.2953522900200853
22	23	0.2908458232909293
22	155	0.2902049068151444
22	24	0.2819967468355709
22	28	0.27927908430909376
22	17	0.2748013388097029
22	38	0.27455170955365543
22	149	0.2694122825178213
22	131	0.2558568755299818
22	48	0.25530541536503953
22	144	0.25272350175393354
22	134	0.2517965006012125
22	152	0.25104707098025797
22	61	0.2421436216548148
22	60	0.2362417985711477
22	26	0.2346832792854921
22	196	0.22597141683555985
22	64	0.21955640519897054
22	69	0.21729948092274096
22	157	0.21597471613518854
22	158	0.21497346677828488
22	153	0.21384771377036665
22	86	0.20832527359536812
22	130	0.19965192288397826
22	150	0.18591252638057004
22	2	0.18100351477770749
22	125	0.1746218984568506
22	55	0.17381709102610915
22	132	0.1730702547512414
22	114	0.15901891759656564
22	52	0.1484254198692659
22	104	0.14146482566014887
22	124	0.13972001003391846
22	45	0.13343941838870313
22	29	0.1311993386029465
22	16	0.1309929477054816
22	20	0.13032455649501626
22	169	0.1239690139994812
22	57	0.11237337494618108
22	147	0.11095132981365427
22	47	0.10991413507024723
22	178	0.10866918552128904
22	51	0.10197430932182523
22	142	0.09544061911028086
22	156	0.09514433422872516
22	27	0.09479451800719567
22	65	0.09306094887182956
22	133	0.08858915223253945
138	141	0.4885317502673496
138	145	0.4169875862247566
138	140	0.5773176359591511
138	137	0.5170683858578147
138	143	0.4681199805899476
138	41	0.4535574238186922
138	33	0.44533817475998494
138	166	0.4392248798687915
138	62	0.4357640862745778
138	42	0.4257219871350205
138	67	0.410764042361205
138	171	0.3945014168200934
138	154	0.37549946278186097
138	49	0.366080935238174
138	119	0.3644691079538764
138	155	0.3614040945014142
138	32	0.35997745539558884
138	18	0.35442897997981976
138	126	0.3509528180040266
138	40	0.3466577721912377
138	157	0.33761655119388245
138	35	0.3315600770515169
138	129	0.327522032005579
138	36	0.3226480053627562
138	30	0.3135250747857529
138	31	0.3069095514531957
138	14	0.3000367597296668
138	147	0.2996727248824232
138	63	0.2963833721975186
138	39	0.2912393997885792
138	149	0.2823648964230515
138	34	0.2726088874053642
138	144	0.2655871001598575
138	60	0.2611852409346816
138	24	0.2520493650050844
138	61	0.24769908254459685
138	156	0.2455483689261753
138	86	0.2385065656946747
138	53	0.2384216835572278
138	153	0.23574131535274795
138	26	0.23299115673311996
138	45	0.23180866906143055
138	38	0.2252595936411749
138	170	0.22400620096960586
138	48	0.21376182789363526
138	52	0.20850702050958325
138	47	0.20648786780495665
138	175	0.20547284149298545
138	46	0.1923920672453684
138	167	0.1878619734230013
138	125	0.18755324835301349
138	173	0.18614422080595489
138	134	0.18260864564423548
138	196	0.1806843072725396
138	150	0.1795716204029631
138	151	0.17306055426758385
138	72	0.16086056944253793
138	120	0.15673724435852535
138	131	0.15132870208509885
138	139	0.14726143065292108
138	51	0.14514760317073389
138	114	0.14492244125805293
138	69	0.13897476751989582
138	152	0.1337438858999823
138	57	0.13157277892557376
138	74	0.1289775855946234
138	124	0.12783671226812154
138	130	0.12061986753340832
138	165	0.11354819023753547
138	17	0.1020930600169414
138	28	0.10113307555362214
138	68	0.09839658749953144
138	65	0.09093608747337296
138	64	0.08991450960255858
138	142	0.08796406169207982
140	166	0.5940942513630704
140	137	0.639915125330944
140	62	0.5921950885122428
140	171	0.5810192378024425
140	67	0.4817494819046814
140	141	0.4615428567792625
140	42	0.4479398402896109
140	33	0.4369299118248983
140	36	0.4144564330791194
140	41	0.4006894720405674
140	63	0.3961213755772046
140	167	0.3913218894734688
140	61	0.3731347764901606
140	35	0.3706185924435984
140	60	0.3674656985579557
140	145	0.3619343036666863
140	129	0.3547437166429113
140	49	0.3515927413920865
140	30	0.34832834379844435
140	32	0.34381275080522355
140	143	0.3285839655035122
140	119	0.31581357056201337
140	40	0.3056862065186905
140	154	0.3033000515292433
140	196	0.2951514682289749
140	170	0.29091905428342474
140	34	0.28964618149774257
140	175	0.27530972824339056
140	14	0.27165516502329595
140	172	0.26859596221364523
140	139	0.2545574074323256
140	18	0.24833725366750475
140	120	0.24523824082794404
140	147	0.24274600275896946
140	150	0.2384216835572278
140	149	0.2269011688228867
140	126	0.22386372299999308
140	65	0.22260950486258735
140	153	0.20854528118335405
140	157	0.20098614511891372
140	134	0.19591409763403084
140	144	0.19573138347833036
140	38	0.1870225405832774
140	165	0.18519800517647106
140	46	0.16961477411793374
140	131	0.16897369009764246
140	20	0.16859480047022318
140	72	0.1683518962888746
140	152	0.16041243933086075
140	74	0.15994475478835035
140	24	0.15525423336412433
140	86	0.15331160245631853
140	156	0.1475255649435497
140	155	0.14302265439432454
140	114	0.13715022200556767
140	53	0.13560942348572216
140	69	0.13148433590416395
140	52	0.12536694396455342
140	15	0.12330925607122073
140	169	0.12153623376271218
140	48	0.12084651493656838
140	168	0.12068884851019125
140	31	0.11448584027848625
140	151	0.11427858777036365
140	47	0.11279792446212746
140	125	0.11059574729729983
140	23	0.10828377471357464
140	4	0.10496197589543507
140	19	0.1036068751950326
140	37	0.10109348450944353
140	27	0.09927789320758122
140	17	0.09064847801463416
49	18	0.5418847426820731
49	154	0.5268898748982355
49	17	0.4867176630282834
49	119	0.4751413087927249
49	42	0.4647555150998872
49	34	0.4637278469852008
49	33	0.4508128545411708
49	14	0.4482355507285445
49	53	0.4198747854288454
49	46	0.4099906633468224
49	31	0.40958294671962375
49	126	0.3985971634453144
49	120	0.3872748094231973
49	129	0.34586567972851345
49	48	0.3452052258324073
49	152	0.3380240548079617
49	149	0.3373595816728444
49	35	0.3324765337039406
49	141	0.304507215935261
49	67	0.3001914480883815
49	40	0.2790670099560037
49	134	0.27033018024975863
49	155	0.2596751160142789
49	28	0.2588635979973373
49	62	0.2580610484410846
49	171	0.2560624621515336
49	167	0.2556325728186161
49	41	0.25535215572559145
49	137	0.24894706874123865
49	153	0.24859058539946705
49	151	0.23944945511318175
49	144	0.23069177167583546
49	39	0.22430062509359475
49	157	0.2228851161147126
49	69	0.22021304415755824
49	72	0.21948026026288944
49	117	0.2136568517787684
49	15	0.20680377597813976
49	63	0.20531001305195476
49	150	0.2034414641311693
49	30	0.1997767377279966
49	128	0.19298904684063545
49	27	0.18498554214964516
49	64	0.18036506169908387
49	32	0.17446677297323265
49	19	0.1683421796961267
49	124	0.1662231846265074
49	125	0.16153264021546312
49	29	0.1589604342596076
49	20	0.15882396880228644
49	143	0.1582195488948853
49	104	0.1536045376401874
49	130	0.15285261650751608
49	166	0.15237402902264074
49	118	0.15225681302128896
49	131	0.14963787876725973
49	86	0.14459935664806492
49	2	0.13574684628760522
49	51	0.13535419587063507
49	26	0.1270497057293563
49	23	0.12703986713313406
49	36	0.11451544696656225
49	47	0.11073403275656178
49	16	0.09245917177906003
49	100	0.0915291100697864
126	18	0.4778620744751694
126	154	0.4572509616950053
126	33	0.4089502461170581
126	129	0.40785874679612905
126	41	0.3867816881451403
126	34	0.3825812409875
126	120	0.3812402350080063
126	14	0.3805734052609176
126	119	0.3675954367498899
126	42	0.3633933411073612
126	31	0.3627682570650432
126	155	0.34418305028450435
126	26	0.33609172131744564
126	53	0.3346095300485216
126	24	0.31022106876543976
126	149	0.3077064457659113
126	39	0.2930229848433372
126	51	0.2900034221099346
126	152	0.2856744901134973
126	17	0.2804403990608313
126	157	0.27955566208600025
126	48	0.2724237404343894
126	27	0.2605608376403685
126	46	0.2464408811590928
126	40	0.2460651373828441
126	143	0.24076874152969344
126	104	0.2311651076922692
126	118	0.2271667363845056
126	130	0.21566008659818453
126	62	0.20942510028801545
126	144	0.2045436090962968
126	145	0.20368110483063107
126	128	0.19697164873238227
126	67	0.19346075225785545
126	141	0.1922668760269001
126	38	0.19113987388488127
126	150	0.18833463673607712
126	124	0.17866177830087346
126	32	0.16914854539805374
126	2	0.16663155143109734
126	69	0.16070470561194106
126	153	0.1557226285614405
126	171	0.13207391644269806
126	151	0.13157277892557376
126	19	0.11670577392551475
126	59	0.11641971412085655
126	29	0.10945966943815223
126	16	0.10774019135142032
126	23	0.10754250868414887
126	35	0.10422018040156908
126	156	0.09171850663904496
126	86	0.09114633031020204
126	125	0.0875572194892258
154	14	0.5854927316304533
154	157	0.4732810132286162
154	53	0.4643791100499917
154	153	0.4358612943502702
154	46	0.5822433913746644
154	119	0.5820318343223986
154	120	0.5635976527077982
154	18	0.5532827397965075
154	149	0.4771904618094974
154	17	0.4657036242605681
154	129	0.4584602247420642
154	152	0.4402089914760352
154	48	0.4362500249601567
154	155	0.4297662973407385
154	33	0.35818306986372034
154	41	0.353099206863337
154	51	0.3301084831314836
154	40	0.32925282497893754
154	150	0.3236331434184046
154	144	0.3225136141199089
154	34	0.32103445313211265
154	47	0.276833971968914
154	42	0.27591959234516783
154	16	0.26765857346459393
154	130	0.25433294559709657
154	62	0.24145630276254976
154	2	0.23815758250502606
154	29	0.22689168364276915
154	69	0.2259619274449291
154	118	0.22216274899907373
154	27	0.21055306754968894
154	117	0.209262550510788
154	125	0.2056069269625775
154	143	0.1996327200251093
154	171	0.1975194724034554
154	104	0.1914192633994281
154	28	0.18566150075387727
154	67	0.18131301291350735
154	30	0.1781970600983135
154	26	0.1780518193460157
154	31	0.1762211230949005
154	141	0.17280832991266007
154	19	0.17223589061908134
154	32	0.17036252404935665
154	124	0.16711762785579046
154	137	0.16335329461088105
154	15	0.15881422103733564
154	39	0.15718591135904408
154	167	0.15332136739687294
154	20	0.14950101071013022
154	151	0.14881658458278374
154	24	0.1395533247621533
154	134	0.138101849228803
154	86	0.13036387691041762
154	64	0.13034421675396882
154	115	0.11617309533563135
154	23	0.11044757955330076
154	145	0.10932134471801172
154	128	0.10093511713202696
154	52	0.09653741921695616
154	121	0.08909413476703022
149	120	0.5538306639742747
149	18	0.488280468645421
149	119	0.4832761719789194
149	157	0.4176069834126168
149	14	0.4154332614202423
149	17	0.4139925189707449
149	15	0.3621689116957121
149	69	0.3568224510744926
149	53	0.3556437690604123
149	155	0.32705773372646496
149	152	0.32272863386503936
149	48	0.3153093348361678
149	46	0.3113322725537504
149	16	0.3059672122231977
149	129	0.29954529206080144
149	150	0.2968667393786449
149	33	0.28941713864478136
149	117	0.28923388049564325
149	42	0.2757440481524982
149	153	0.269913014813193
149	40	0.2689577882146917
149	27	0.25966579030172143
149	20	0.2520025408591436
149	19	0.2459336095799434
149	51	0.2447776549971439
149	144	0.23734619488961295
149	115	0.2313449467029966
149	118	0.22627505468289125
149	143	0.21400039160994516
149	130	0.211814197286959
149	34	0.2012740091241159
149	65	0.2003719192697483
149	121	0.19703893195644195
149	47	0.1917178868558906
149	4	0.18524628981426375
149	141	0.17962968501927676
149	29	0.1783326111288447
149	137	0.17732549932802955
149	2	0.17584320815623644
149	151	0.17574629853585513
149	104	0.17104212652047993
149	116	0.1670690238647788
149	67	0.1609774620508313
149	39	0.1597108855732639
149	41	0.1583267933511323
149	62	0.15667871780202422
149	26	0.15637631307218156
149	31	0.15167066882722496
149	128	0.14322835256247546
149	24	0.14263081419028026
149	125	0.12532757244196446
149	21	0.12072826568795547
149	68	0.11135626418947056
149	60	0.1085604832114494
149	86	0.1070878063022366
149	6	0.10399267317666734
149	107	0.1029934911905759
149	1	0.1017565921681429
149	32	0.10111328007156464
149	134	0.09886300567953607
149	30	0.08817739405382069
87	89	0.5158658371177165
87	82	0.4767887717538759
87	75	0.4032717766687117
87	194	0.3996984553569331
87	191	0.371558492002372
87	179	0.34845135123015114
87	100	0.34022768744896703
87	50	0.3277719732870841
87	186	0.32524367434016505
87	83	0.32235232746419784
87	73	0.31984101821767724
87	90	0.31581357056201337
87	184	0.28259494769497484
87	78	0.2804772527747039
87	94	0.2732474894151058
87	190	0.25868632124912605
87	192	0.253631325830296
87	188	0.2497817261594495
87	55	0.2313070871720469
87	159	0.22175393317353034
87	66	0.20847832458542087
87	76	0.2032497340184202
87	93	0.19576023398567885
87	163	0.1932778566791704
87	64	0.19272908938983255
87	52	0.19052318057817344
87	80	0.1902533299326952
87	168	0.18888435980018786
87	148	0.18822853623133445
87	10	0.18765937677875855
87	122	0.18529457355760987
87	106	0.1743698151474511
87	162	0.16656349426255074
87	47	0.16590228498418444
87	187	0.1597401202061733
87	189	0.15889220228986242
87	152	0.14888503362331798
87	142	0.1488752552762922
87	156	0.14664503568385448
87	56	0.1453629613684643
87	84	0.14448186368677327
87	21	0.14345362683437582
87	46	0.13674791158074764
87	164	0.13029506591442544
87	99	0.12618381377531093
87	28	0.12399855284012234
87	180	0.12103373589833258
87	8	0.1134494784361605
87	147	0.1103685547486478
87	71	0.10843201349830464
87	173	0.1036068751950326
87	153	0.10028179771718816
87	86	0.09983630304103493
87	51	0.09833419707182783
87	116	0.09282103927589858
89	179	0.5118770808275829
89	50	0.4313873576635144
89	82	0.4366871523358706
89	194	0.3732552780559082
89	191	0.3713516069286817
89	90	0.3471064053144195
89	94	0.34036031744741657
89	192	0.32246881414908074
89	73	0.3049063635868281
89	148	0.2941195637660086
89	80	0.2712105294131834
89	93	0.26781638729320423
89	184	0.26325259546092256
89	106	0.2456893196333633
89	100	0.24228482149513345
89	78	0.2407404804131771
89	159	0.24065569461448424
89	66	0.23588297424729274
89	71	0.22284710288682905
89	188	0.21555520013045154
89	83	0.2020222927396661
89	75	0.19247873442078894
89	186	0.18759184101462706
89	190	0.1842514460197448
89	180	0.18381668686975236
89	118	0.18086809806519671
89	31	0.17468976313067422
89	174	0.173787997245842
89	91	0.17105183394978535
89	84	0.16770081232864084
89	64	0.16564943021081652
89	178	0.16534792105503673
89	147	0.16114305218130964
89	183	0.15631777973613556
89	173	0.15498097057776208
89	162	0.1530284061630068
89	110	0.15232518954282406
89	10	0.1475744763931089
89	55	0.14187639601770474
89	47	0.14159222171796634
89	189	0.1394062429539609
89	86	0.1331742164814453
89	76	0.12829900361236124
89	54	0.12249179288757785
89	117	0.11490031538127013
89	15	0.11355806129441168
89	72	0.11142539563525207
89	156	0.10734481751297867
89	116	0.10506087315542187
89	114	0.1001333039504616
89	168	0.09878972841173143
89	77	0.09798063672731323
89	122	0.09630163183862714
89	115	0.09116913918635113
89	6	0.09006527867874202
89	125	0.08940364957065637
89	81	0.0877646134412719
89	43	0.08772988292656025
129	119	0.3894062787686228
129	53	0.3567351801869213
129	41	0.3532480024916876
129	157	0.3530817003207061
129	14	0.3522235770208981
129	48	0.32771841830190723
129	33	0.3215814774366781
129	120	0.31023010636628784
129	155	0.30839432549290985
129	42	0.30488822283401706
129	18	0.2832849064031268
129	34	0.2826317528827384
129	153	0.26698073915416265
129	17	0.2579023627168133
129	2	0.25516518712420405
129	20	0.2484873802784493
129	141	0.24605574284024606
129	46	0.24295302806281696
129	137	0.24246365989271576
129	130	0.24025997900924964
129	47	0.2303603714741444
129	29	0.22913846405592794
129	27	0.22845615480036985
129	104	0.21975627292759856
129	150	0.21166137054959105
129	62	0.20680377597813976
129	40	0.2004103130057655
129	30	0.19477912693354005
129	134	0.18590287199729635
129	145	0.18081973329129966
129	60	0.1780518193460157
129	51	0.17282773259122086
129	32	0.1725754873127498
129	86	0.17078001338254645
129	144	0.1681867097642242
129	173	0.16571750863994356
129	67	0.15709813378448093
129	69	0.15103555889842218
129	4	0.1490219274235691
129	143	0.14259162770869946
129	118	0.13534437906493132
129	31	0.13465713673777185
129	19	0.13294828870079062
129	25	0.12566221778923034
129	36	0.12323047170801213
129	63	0.11625201490695013
129	45	0.11198828292121467
129	24	0.11150440168131773
129	167	0.1058322003167656
129	171	0.1028648684648506
129	15	0.10281539726950764
129	147	0.10155865902339148
129	23	0.10028179771718816
129	16	0.09556943335278988
129	61	0.09517307162853957
129	26	0.09201200862608198
129	131	0.08847703793897012
129	35	0.08762172081470929
148	186	0.5161666652738219
148	116	0.35400045934475743
148	164	0.34044872992334285
148	194	0.33298342941849923
148	77	0.30194650731383976
148	43	0.2988806478312549
148	81	0.2965475516783365
148	180	0.28982023188418576
148	142	0.28532546400874703
148	188	0.2800902475535881
148	71	0.27523579025079764
148	187	0.27495849378461346
148	75	0.27183113459815017
148	82	0.2693566365970647
148	50	0.2687165793085021
148	90	0.2628337317371203
148	79	0.2614181712878157
148	139	0.2537248905719448
148	80	0.2298868499236772
148	179	0.2288541958541352
148	68	0.22811491594746935
148	192	0.2146014589087886
148	174	0.2119479121853213
148	147	0.2105721808173142
148	38	0.2100273896538334
148	121	0.2098457635940309
148	93	0.20871744631455927
148	106	0.2076459868234924
148	162	0.20274157386661126
148	76	0.19483684992437944
148	159	0.1882960552428642
148	73	0.18805490774721256
148	59	0.18100351477770749
148	184	0.17963936233365568
148	10	0.17620174410428782
148	100	0.1760563973220183
148	78	0.1604806373144146
148	175	0.15362406569311318
148	183	0.150185293601133
148	172	0.13997492513070894
148	91	0.13803318361356898
148	56	0.13800375508650778
148	191	0.1298231853044994
148	163	0.1288202439838132
148	99	0.1261247686696411
148	54	0.12574095371809352
148	92	0.12401824527846092
148	84	0.1239690139994812
148	94	0.12206822242651433
148	117	0.11490031538127013
148	25	0.11351857693241345
148	52	0.10602006845045177
148	15	0.10528832896414303
148	189	0.09346143501567147
148	72	0.0908002186855012
148	118	0.09042730597107797
148	19	0.08739248969674365
186	188	0.4516013024880186
186	184	0.5168852021109134
186	116	0.4855874529591314
186	194	0.456063765978784
186	75	0.42379597595328816
186	159	0.40036203618980176
186	81	0.3863819275380509
186	73	0.3642002572827839
186	79	0.3628898267768537
186	164	0.3625598231158723
186	76	0.3620472688136528
186	90	0.35475245818085593
186	82	0.3452756905544385
186	180	0.3423039995761001
186	187	0.3298767958701676
186	10	0.3262180245739361
186	162	0.3147148283878035
186	115	0.3080413748134881
186	94	0.3025734681230263
186	77	0.3009828412354976
186	43	0.2965110688636167
186	84	0.29463103593155715
186	25	0.2921360196129128
186	80	0.2860509859298847
186	78	0.28528872001422323
186	55	0.28474664873121897
186	192	0.2835883954091335
186	93	0.26649773707436725
186	174	0.2656335727173046
186	172	0.2582850516420901
186	100	0.2573888724276751
186	142	0.2571740969941562
186	183	0.24570811227618214
186	91	0.2294321668088843
186	15	0.22701498762641645
186	189	0.2258575413179402
186	121	0.2226950431993593
186	54	0.21304598385205628
186	175	0.2080956779811483
186	99	0.20231962207722698
186	147	0.1989413150856003
186	106	0.1984706622904036
186	191	0.19735609928937245
186	92	0.19260391503956836
186	50	0.19104352548873926
186	29	0.1887782820997612
186	74	0.18681022688581533
186	83	0.18463783808367448
186	57	0.1824443093502187
186	68	0.1815354425198374
186	128	0.1808390793058154
186	179	0.17075088820772438
186	139	0.16263295404772066
186	190	0.15415127771502046
186	21	0.1540927029303133
186	58	0.15294051254510269
186	124	0.15187583145133268
186	6	0.13521675817331294
186	132	0.1298231853044994
186	133	0.1289775855946234
186	56	0.12822031965566946
186	107	0.12507164792849554
186	160	0.12252134265180112
186	169	0.12192045481960218
186	178	0.12043262758350275
186	16	0.11942729853438587
186	8	0.11851046144607046
186	163	0.11788926332818282
186	117	0.11258071821732853
186	59	0.11225488868203326
186	114	0.11197840832391172
186	110	0.1076215827723802
186	0	0.09978680115834217
186	122	0.09773996385165612
186	131	0.09491839328863276
186	38	0.09204770372427867
0	1	0.540873863922364
0	113	0.5204815493754013
0	110	0.4571164945789486
0	105	0.4006642882994392
0	13	0.3992614391701931
0	106	0.3883198335140829
0	10	0.38367335401933
0	6	0.3274595395206458
0	73	0.32497538320452485
0	184	0.3168394991941505
0	4	0.2661446893351887
0	161	0.2653826062464583
0	37	0.2448622606840184
0	8	0.23935518646039364
0	2	0.2006406624914296
0	75	0.19536591440739196
0	59	0.1952120164525608
0	90	0.18642415728205328
0	92	0.1809938423829241
0	84	0.16311968968866064
0	68	0.15967190562694258
0	58	0.15779053376328273
0	82	0.15720541714950614
0	65	0.1543855660147792
0	107	0.15388768265681044
0	194	0.15239356460620945
0	86	0.15186606209917752
0	187	0.1516902086881142
0	69	0.1469190030928085
0	31	0.14325773700537675
0	164	0.14195478481487614
0	47	0.13467677403399367
0	30	0.13147450877254904
0	180	0.12656758515142175
0	188	0.1217332747593374
0	91	0.12108300314188032
0	36	0.119476585096055
0	189	0.11946672783082207
0	114	0.11907241792870984
0	172	0.11321256097814822
0	43	0.11171178584354252
0	61	0.10850118994801716
0	76	0.10278571430813806
0	32	0.1027164533531332
0	94	0.09958383827748243
0	78	0.09379250716526777
0	50	0.09328498691921124
0	71	0.09259103317988034
0	35	0.09130004045110623
143	171	0.3761607015823281
143	141	0.3658990644619089
143	33	0.3580348710101147
143	45	0.3213393783764165
143	40	0.3186645366974161
143	131	0.3140389530509425
143	137	0.3024008528353165
143	39	0.2886014771903692
143	166	0.2863723149377029
143	60	0.2856469381748081
143	145	0.2739968454016296
143	26	0.2696719396898508
143	41	0.2652524613218384
143	62	0.2563240843513752
143	32	0.2529387993269452
143	170	0.2487969787070891
143	24	0.2487875976831159
143	34	0.24331056509095905
143	157	0.2398641835332767
143	132	0.23291549811338744
143	158	0.22754606000594355
143	173	0.22037479415727296
143	119	0.21940411265279167
143	42	0.21865201159821548
143	67	0.20489810215911447
143	169	0.2031442758110484
143	18	0.1971062133244892
143	36	0.19155412999748184
143	64	0.18778479563294884
143	31	0.1832368961388235
143	155	0.1830436042097794
143	61	0.17554277724744746
143	196	0.16664127375415727
143	167	0.16619401338546125
143	160	0.16575640989035131
143	86	0.16061702868428576
143	35	0.15775152943122472
143	156	0.15620070977047484
143	165	0.15452222617369746
143	28	0.15355571698297354
143	130	0.14867968222402894
143	175	0.14618511125852304
143	147	0.14068074692928945
143	104	0.13740532225550187
143	52	0.13450003456143966
143	72	0.13197565949724807
143	125	0.1314450272226694
143	14	0.13020659278955746
143	120	0.12731533837130726
143	144	0.1238705496107993
143	151	0.12293501651889832
143	63	0.1163309330103531
143	153	0.11320268913781202
143	38	0.11270906866377853
143	55	0.10746343323529373
143	47	0.10454658475462586
143	65	0.10410148233917116
143	152	0.10070745506735927
143	107	0.0985896958236056
143	183	0.09507496743795198
143	54	0.09466072940596792
143	122	0.08907925381361699
143	114	0.08868241374007875
18	14	0.4688536693894746
18	17	0.4633509840161677
18	119	0.4461234722120092
18	53	0.44449602366973795
18	120	0.43767397739081104
18	33	0.4367114311477256
18	34	0.4300353084858297
18	39	0.4253452834276593
18	48	0.4082421544076825
18	31	0.3739952255784396
18	155	0.3619516836120727
18	46	0.3561241096856359
18	42	0.3531254662136678
18	41	0.3515752136179521
18	16	0.33028667704231635
18	27	0.2933794577247502
18	152	0.2746071859212479
18	24	0.26199570714185344
18	26	0.2570900475154566
18	157	0.2534254666937828
18	40	0.2320168366849675
18	117	0.22711931608223535
18	104	0.22505074650927984
18	67	0.2225714867237459
18	15	0.21920421245993235
18	134	0.21641321580414813
18	30	0.21557427076734745
18	69	0.20739718377925012
18	51	0.20590380302612865
18	118	0.1982016767184858
18	151	0.1972215484928224
18	62	0.1906677315836911
18	28	0.18100351477770749
18	72	0.17939741904818668
18	141	0.17873922359130512
18	144	0.17677336685038592
18	128	0.1734097505129845
18	29	0.17320605799603267
18	19	0.17162451343754864
18	35	0.17050816681801378
18	32	0.1683421796961267
18	130	0.1679923605832939
18	145	0.1364240679756102
18	137	0.13456876759605493
18	150	0.13084551868261526
18	167	0.12680373332873196
18	171	0.12042277261181235
18	131	0.11764273053702864
18	153	0.1099734098122429
18	38	0.10500153504867037
18	125	0.1029934911905759
18	156	0.08819525407092067
34	33	0.4640574644908872
34	41	0.3931157570082906
34	42	0.3895929025826775
34	36	0.377816408533912
34	32	0.3541841292597229
34	155	0.3515226288166143
34	62	0.3298233239339099
34	31	0.3139037397522252
34	40	0.2924012475338681
34	38	0.2845904248815808
34	35	0.2751895773518757
34	17	0.2693009888776473
34	53	0.2681505338401685
34	134	0.2484310841978745
34	67	0.24139038272871094
34	48	0.2370536366703656
34	144	0.2360151801716557
34	120	0.2264648060130884
34	39	0.2226950431993593
34	104	0.2200607978001668
34	2	0.21729948092274096
34	145	0.21049572678101652
34	141	0.19000272858781272
34	119	0.18946288778500545
34	24	0.18810313906124929
34	72	0.18535251286865054
34	63	0.18480203743581955
34	30	0.18435770952011415
34	61	0.18224129161938585
34	27	0.1785746497029115
34	153	0.1699935290672575
34	26	0.16845877664944905
34	69	0.1648226377695632
34	157	0.15849252743521713
34	46	0.1578587901595781
34	171	0.15332136739687294
34	150	0.15212005560626327
34	128	0.1419939785458685
34	130	0.1414452258506358
34	137	0.13624741371427548
34	118	0.13240797063248094
34	170	0.12048190208585945
34	4	0.1182738254551655
34	86	0.11142539563525207
34	167	0.11114886338818046
34	51	0.11074391012536376
34	14	0.10881741175525143
34	23	0.10518943648647187
34	152	0.1030132789966284
34	166	0.10293412728335503
34	66	0.10159824629610424
34	29	0.09922739561305104
34	64	0.09424744970890617
34	37	0.0928319444915649
34	133	0.08867943733299842
6	105	0.7225403713496755
6	8	0.5246903018569068
6	1	0.6425588951945268
6	110	0.5421107389821037
6	73	0.44688407478183256
6	13	0.4337609634494443
6	4	0.3771475528460008
6	90	0.3717222498542675
6	50	0.3482580484505328
6	92	0.3296272420626533
6	184	0.31576855676182003
6	113	0.3016465640964635
6	115	0.28767533126609984
6	75	0.2758641593248174
6	76	0.2730809207785865
6	94	0.27255334543328624
6	194	0.27244225603961797
6	66	0.2641830482776357
6	10	0.25167473880830626
6	69	0.24132446046708986
6	114	0.2385725826156525
6	107	0.2376104040236352
6	161	0.2287310008412336
6	82	0.22748916586181495
6	86	0.21996563838187105
6	68	0.2156124115477916
6	187	0.209788404986582
6	84	0.18996417233627635
6	65	0.1869163859172164
6	180	0.18460886065711088
6	53	0.18384567305266808
6	188	0.1787682650042697
6	77	0.16932339005124214
6	157	0.16879882416036748
6	32	0.16537710071223422
6	116	0.15057624784508536
6	163	0.13902380147983046
6	67	0.13688529095097718
6	59	0.1366007135611966
6	15	0.1351774893038091
6	47	0.13223112215620794
6	25	0.13095363386560302
6	2	0.12739404083390612
6	117	0.1237031545526282
6	58	0.12064943095184805
6	74	0.1194470132297011
6	145	0.11850060188168092
6	27	0.11784981905733795
6	134	0.11617309533563135
6	155	0.11353831915824245
6	29	0.11276830606306235
6	91	0.10774019135142032
6	51	0.10722619873475632
6	30	0.09808660839395593
6	36	0.09702679201939636
6	189	0.09564275695387364
6	78	0.0947073080479792
6	48	0.0946250518679348
6	122	0.09433268511580634
105	1	0.7162540448113566
105	110	0.6064772068331356
105	73	0.4627539414266474
105	13	0.5676982838829754
105	113	0.48164196621286
105	8	0.4640417713318458
105	107	0.4097577024659392
105	4	0.3997992794579149
105	92	0.3757141926580119
105	10	0.3670590929521173
105	90	0.35848812831885485
105	184	0.33137314977675003
105	161	0.32378532951406136
105	115	0.28846396486035675
105	65	0.28560101722765185
105	75	0.25863966657635873
105	86	0.2533506031335294
105	194	0.23888377553499565
105	78	0.23613793499311875
105	76	0.2298394917775543
105	94	0.21525958423997696
105	68	0.2062485147639561
105	84	0.2044190447361917
105	50	0.19525049184285126
105	82	0.19269057487301428
105	67	0.18121629860113853
105	77	0.16793405328164587
105	114	0.15933080986978362
105	187	0.15485409050531854
105	35	0.15440508925643462
105	69	0.1537119404460846
105	189	0.15160227838066365
105	64	0.14097479718853795
105	117	0.14049450225711882
105	106	0.13897476751989582
105	61	0.13842554066541468
105	59	0.13716984574806915
105	183	0.13651239185354738
105	66	0.1278072024217073
105	25	0.12601651698852362
105	134	0.12541615781249096
105	27	0.12299410930185585
105	2	0.1181062001650379
105	30	0.1179089853241118
105	16	0.11439701899422212
105	58	0.11340999308836418
105	32	0.1133310213181602
105	100	0.112412869657618
105	15	0.10941026823878316
105	91	0.10723608374957973
105	47	0.10506087315542187
105	81	0.10098460748732646
105	80	0.097573566041807
105	167	0.0927367709495955
105	141	0.09199416098829956
105	37	0.09109872886935057
105	165	0.08822799728831776
8	13	0.3980502936390015
8	107	0.3428247628460635
8	1	0.32533309308680897
8	113	0.31900590745049817
8	194	0.3001368539994566
8	10	0.29352567941875746
8	82	0.2891422434692581
8	110	0.2799888739908301
8	73	0.2790209032325011
8	90	0.2744962313582972
8	159	0.2484967627953531
8	76	0.2456423372183377
8	58	0.24277423478470905
8	184	0.22465198093305305
8	4	0.21931844339618453
8	2	0.2033360144990096
8	117	0.20216616642771867
8	115	0.19023405378594171
8	29	0.1897617424050429
8	94	0.18507246093375346
8	78	0.16916797310771953
8	21	0.16594118378330122
8	84	0.16038321115473345
8	86	0.15643484530985058
8	189	0.1524228677582763
8	180	0.1516804387724886
8	92	0.1481124546489946
8	16	0.14489307120578973
8	75	0.13186757386178696
8	77	0.13130744358303778
8	25	0.12618381377531093
8	69	0.1218219400785647
8	130	0.11937801138409715
8	91	0.11639998514591912
8	161	0.11481150265051768
8	174	0.10576298383592904
8	57	0.10294402131882477
8	163	0.10100440348952301
8	173	0.0988808297177256
8	118	0.09681876476542636
8	164	0.0918335295897626
8	122	0.09078038354307738
8	54	0.08997104848944325
8	15	0.08947209763043543
1	4	0.5363589770303058
1	110	0.5488821001778317
1	113	0.4868473802997712
1	13	0.4584681228480776
1	73	0.4243618842908303
1	92	0.3687105942631193
1	65	0.3571104008112279
1	10	0.32250465424132524
1	90	0.3051603108903943
1	75	0.2836711552826125
1	67	0.2751433631812055
1	68	0.2700335396888303
1	184	0.26844749884119296
1	115	0.2599641890734222
1	107	0.2592180991709433
1	134	0.24928472759385376
1	69	0.24928472759385376
1	161	0.24382793578672826
1	61	0.2437620963074493
1	2	0.22032722188562115
1	74	0.20488852197180785
1	37	0.19400935827649501
1	50	0.18846002257388492
1	119	0.186173181154094
1	59	0.18418382154933707
1	15	0.18402924478418906
1	167	0.18376837585449254
1	35	0.18182554017716526
1	106	0.17773226238999834
1	30	0.17672492886346036
1	47	0.1698478600239195
1	53	0.16967304737452754
1	36	0.16797292494666005
1	58	0.16654404906572862
1	91	0.1554591648654851
1	194	0.15525423336412433
1	86	0.15506880763323672
1	27	0.15355571698297354
1	78	0.15329207248538668
1	66	0.15177813659472747
1	76	0.14665482062184013
1	77	0.1435319796195652
1	81	0.1384059238437141
1	82	0.13196583366002768
1	42	0.13021642323918914
1	114	0.12791540408517715
1	147	0.12687260717420218
1	32	0.11338037884241248
1	187	0.11223514066090033
1	144	0.1099240142482174
1	141	0.1036068751950326
1	60	0.10139040952759727
1	120	0.09577156617178656
1	93	0.09315909059364563
1	84	0.09197333866951522
1	94	0.09109476206381872
110	113	0.5467964842233678
110	4	0.5125557043598279
110	107	0.5042582228791403
110	10	0.4716497836903023
110	90	0.4141913656564941
110	73	0.4066158520453581
110	13	0.4002108774549589
110	194	0.3692030006468615
110	114	0.3430982998333864
110	2	0.3311683900522397
110	92	0.2862346103889345
110	115	0.27127537932133056
110	161	0.26953284250756143
110	37	0.26544767508264355
110	94	0.2593580146261605
110	69	0.2575569398136016
110	68	0.2546883308393019
110	78	0.25240518993217576
110	104	0.2517496700855493
110	86	0.24149397035288084
110	184	0.2370441985922592
110	25	0.2337381340323293
110	75	0.2221247229126565
110	65	0.22053653203793008
110	187	0.2070047860071927
110	50	0.2059516827143532
110	32	0.20378653900879012
110	84	0.20195514870072773
110	58	0.19767322531235584
110	35	0.1897617424050429
110	21	0.1891639980573543
110	91	0.18850824626042748
110	30	0.1806843072725396
110	134	0.17938774086516426
110	82	0.1768896145251015
110	15	0.1724008427033356
110	77	0.1647350814561589
110	189	0.16278871807677442
110	116	0.1605293492217605
110	180	0.15287214916935368
110	59	0.1495498928170831
110	64	0.145862147818768
110	76	0.13694416621238434
110	172	0.13586463310358396
110	118	0.13564868767608793
110	188	0.13044251651087654
110	122	0.1220780734079798
110	178	0.1151075379408174
110	106	0.1136666414399958
110	80	0.10714711785317728
110	16	0.10644521573275348
110	100	0.10594096700010636
110	40	0.10429931079396132
110	61	0.09851047279317847
110	163	0.09820842354280633
110	159	0.09654534465504873
110	141	0.09361309638469643
110	23	0.0922390650758348
110	165	0.08931536024649551
110	71	0.08856335622211407
110	183	0.08802855837426893
73	184	0.6758637416074149
73	75	0.5862873781743722
73	90	0.5617867043668692
73	194	0.5207658402465445
73	78	0.44956104416895104
73	76	0.4444318275242852
73	92	0.4367033382811241
73	94	0.375928882199421
73	115	0.3621515348962595
73	82	0.3570144251037039
73	187	0.35065465951742303
73	4	0.3454870613622947
73	77	0.31883523241385425
73	84	0.31621863077398343
73	81	0.3065743649908045
73	10	0.2897103075537352
73	93	0.2808641668277891
73	161	0.2767693353098284
73	50	0.26940300832261554
73	107	0.2656149838424495
73	188	0.2593486872677671
73	68	0.2572114510692297
73	116	0.24873131055909675
73	25	0.24562354392916835
73	59	0.2451348536367909
73	80	0.2446742429841789
73	118	0.2421342079673555
73	113	0.2290910887349775
73	106	0.2164036841303204
73	128	0.21611771473980207
73	69	0.21433433792502102
73	159	0.2133037141008934
73	183	0.2123299110124146
73	43	0.21120282825525147
73	2	0.20419864542124572
73	162	0.20281828429059434
73	15	0.1978750112451365
73	65	0.19662559142742547
73	29	0.19356663302732025
73	174	0.1914866976023355
73	21	0.18403890609877974
73	74	0.18239597320562695
73	100	0.18097449748832006
73	13	0.17859401185564674
73	91	0.17638583899850388
73	180	0.16823529501714696
73	134	0.15984731146257872
73	121	0.15731269680417986
73	71	0.13968079068199835
73	16	0.13256516220168302
73	163	0.12151652913594065
73	189	0.11273868746359568
73	66	0.1095387102323026
73	117	0.10824424355740707
73	17	0.10652430861234387
73	58	0.09997490568263216
73	27	0.09870159622460987
73	53	0.08844528835104921
194	90	0.6335713241622348
194	94	0.4846928254502062
194	80	0.5094080093200023
194	180	0.5009922343822432
194	82	0.4928668430640066
194	78	0.4862138513552827
194	84	0.4848228771200272
194	184	0.4637435459692762
194	174	0.4355534339008029
194	75	0.4166074975227714
194	187	0.4164669930803288
194	189	0.4089252630196742
194	10	0.3938003614655293
194	188	0.3861522121473672
194	159	0.3804280179959834
194	76	0.3691425408443225
194	164	0.3376874304844783
194	183	0.3374393362172315
194	21	0.3180354794402585
194	81	0.31557948328097496
194	107	0.3116302557595453
194	115	0.30059174463126315
194	50	0.3004916804166977
194	91	0.29984565232324395
194	116	0.2876661588106754
194	162	0.2617814818392547
194	92	0.2551745360076214
194	71	0.24833725366750475
194	192	0.2456047504553551
194	122	0.2117377852126428
194	43	0.20996047647549895
194	77	0.2029333452588928
194	100	0.19650061424456344
194	191	0.1954524777794742
194	4	0.1942306912810844
194	15	0.17685086584838167
194	93	0.17521323478221282
194	172	0.17519384870783433
194	106	0.17031397480532856
194	118	0.16858508469591066
194	113	0.16728287534825606
194	25	0.16658293932981902
194	86	0.15054692790884
194	178	0.14745708770197336
194	13	0.14659611056348856
194	66	0.14533359515212646
194	16	0.14406081380791513
194	169	0.1422193338554155
194	68	0.14064153835157694
194	55	0.13803318361356898
194	54	0.13096346236418974
194	179	0.12883007802459204
194	160	0.10713723264763453
194	69	0.1038245086662809
194	132	0.10128153911547652
194	59	0.10081633824166622
194	190	0.09583398794692356
194	117	0.09558528719228077
194	64	0.09396497366490622
194	56	0.09346936512942336
194	114	0.09331175189539476
194	29	0.08926774294960185
82	84	0.4966881168642933
82	90	0.4891101513188821
82	159	0.4870609854720385
82	189	0.4396041298574367
82	75	0.4009664532284845
82	80	0.35981206500157925
82	91	0.3436981126190303
82	184	0.3359941430513272
82	180	0.3338900256613825
82	94	0.32340035582282195
82	191	0.31863758285235555
82	78	0.3163356267148875
82	10	0.3147508661171917
82	179	0.2989717121450505
82	76	0.2856102015220107
82	50	0.2678071045245168
82	192	0.26144612088480296
82	168	0.2553988948926335
82	100	0.2521898303610404
82	187	0.2519088890274657
82	164	0.24012805605275045
82	83	0.2306823038409294
82	116	0.20810524492312765
82	113	0.1906388220438523
82	21	0.18542976327867894
82	93	0.17122656199675726
82	59	0.17122656199675726
82	71	0.17103241905796684
82	162	0.17058583991554016
82	174	0.1698187253243409
82	122	0.16280818801004746
82	106	0.15995449894951894
82	54	0.15974986502154656
82	86	0.15836579040920062
82	107	0.14910014988806494
82	188	0.14435457504783486
82	178	0.1415530234302704
82	56	0.1407591627607898
82	169	0.1358253712581742
82	47	0.13174965868329466
82	117	0.13060962021118486
82	92	0.13024591443446673
82	190	0.1289775855946234
82	66	0.12809245478360448
82	163	0.1264593457737999
82	15	0.1195948704410814
82	45	0.10086582979544427
82	43	0.10032139530077222
82	68	0.09918976962208456
82	13	0.0959736910926384
82	115	0.09373105222411053
82	81	0.09020116569083374
82	58	0.08907627761816203
180	91	0.4956025878937861
180	174	0.4927078393313821
180	80	0.4054048767656645
180	84	0.3934285317006424
180	189	0.3908983730537296
180	164	0.3807102231499835
180	187	0.3606648885817945
180	172	0.3570755014262638
180	90	0.3514875710500319
180	159	0.3338633698708645
180	81	0.31630862850554264
180	10	0.307742657989912
180	94	0.3017192830895032
180	183	0.2881613958503331
180	160	0.279445036539596
180	79	0.26590308920135064
180	175	0.2650944152042006
180	169	0.25962848696719143
180	116	0.251178242920696
180	92	0.24622483753206498
180	165	0.2460369536163564
180	43	0.2351556856923944
180	188	0.2239017180610852
180	50	0.22317019371179864
180	115	0.21908045549726216
180	162	0.21869962064257634
180	78	0.2175471899653808
180	142	0.2102090012185646
180	76	0.20991268014385592
180	77	0.20320179905404065
180	75	0.2001415439330395
180	21	0.1974425923041524
180	147	0.19331636212826453
180	68	0.18995453318183345
180	184	0.18747606129272087
180	16	0.18720588835410926
180	4	0.1867330175769705
180	15	0.18451226691737013
180	122	0.1843480493799559
180	114	0.1766086742026646
180	196	0.17542647263003067
180	121	0.17408861833739162
180	192	0.16781743515365724
180	178	0.16693292837066304
180	66	0.1611722730275408
180	191	0.15637631307218156
180	93	0.15626900111734104
180	132	0.14797552303240147
180	168	0.1268332508408316
180	45	0.126587264714531
180	107	0.12323047170801213
180	156	0.121703719221115
180	59	0.12018624617499228
180	57	0.11935829635922103
180	86	0.1118006617926597
180	54	0.10960786979086147
180	52	0.10533777442218953
180	56	0.10158834950808612
180	20	0.10095491333410428
180	106	0.10077674463938233
180	71	0.09982640270402517
180	69	0.09879566985174698
180	117	0.09758842321104902
180	173	0.08946416166680525
180	19	0.08901774545102496
90	78	0.5877031200623736
90	84	0.5472729962237546
90	21	0.3394493188998524
90	92	0.5302910580913384
90	68	0.5061350575393363
90	80	0.5034897286517876
90	91	0.4926245385286358
90	76	0.4794809080385731
90	115	0.4513863410913239
90	184	0.442342969596539
90	94	0.4321033220376084
90	77	0.4126160813867444
90	81	0.4049033667055345
90	93	0.3947378139183939
90	75	0.3765297982029641
90	43	0.3760576765571565
90	189	0.3532917625111809
90	50	0.34780103323644884
90	187	0.330170853677404
90	174	0.3127945107726571
90	15	0.3040444336746339
90	118	0.29595459875942953
90	100	0.28538057842792336
90	116	0.2709418392818205
90	65	0.2622005941439313
90	86	0.2610454681192527
90	64	0.2515810704686384
90	159	0.2502973402715201
90	121	0.2443733763931284
90	172	0.2417482075483969
90	107	0.23947773482877974
90	25	0.2275745064954657
90	16	0.2272995074994161
90	188	0.22443357740988745
90	59	0.2197848239547773
90	10	0.2187662715554256
90	69	0.21383817105840694
90	183	0.21380954267766236
90	74	0.20446695488917185
90	122	0.20201270085035636
90	4	0.20089977914564186
90	162	0.2006502599054185
90	191	0.17418558596426892
90	152	0.17138186677497813
90	30	0.15876548174819186
90	125	0.1564153346860269
90	113	0.15548843970238688
90	117	0.14976496540001816
90	79	0.14637104577543938
90	164	0.14350259753593114
90	178	0.14220953610487072
90	71	0.14218994052018294
90	124	0.14086698164533126
90	192	0.13964157089182064
90	57	0.1374151334397946
90	29	0.13239814593817945
90	169	0.12987234228240052
90	54	0.12748257918678618
90	120	0.12584921303364902
90	147	0.1240773220072848
90	128	0.11590673095790452
90	31	0.09698419665223812
90	67	0.09236795748368336
94	76	0.473079227081305
94	188	0.4064739494344433
94	50	0.4054048767656645
94	84	0.4020065756683699
94	78	0.3616474982467961
94	184	0.34552228642310095
94	80	0.3361272025346235
94	51	0.32690590963593863
94	116	0.3219400654327983
94	189	0.3143814363879437
94	107	0.30957925585869595
94	66	0.2995543947597145
94	21	0.28924304390676303
94	114	0.2831745326921753
94	91	0.27012624537390123
94	86	0.2608963650507243
94	159	0.2573982099133247
94	115	0.2560904948966455
94	69	0.2549127492423657
94	75	0.2533599612445392
94	31	0.2434516799350281
94	92	0.24155988688484184
94	187	0.2388366282448095
94	77	0.2299910340126818
94	64	0.22567722579174626
94	93	0.22358823846340545
94	192	0.22125944709747572
94	81	0.2107633046370272
94	54	0.20755986573130789
94	45	0.2043902981742856
94	29	0.19694281249690546
94	68	0.18867219999370646
94	169	0.18215427926242214
94	53	0.18056822237439785
94	2	0.17911673764938352
94	15	0.17755794279135897
94	10	0.1753877033358969
94	57	0.1711003705981359
94	118	0.16995468471514366
94	133	0.16056831818463474
94	55	0.15984731146257872
94	162	0.15565432528459966
94	113	0.15365335754749956
94	4	0.15099647113189935
94	155	0.14933480608148672
94	100	0.14788749256825476
94	191	0.14496160093046825
94	26	0.1446678923260619
94	173	0.14440353278226348
94	121	0.14053371248853844
94	157	0.13557015886938656
94	32	0.13495168506668268
94	25	0.13469641122442833
94	104	0.13262410732143434
94	122	0.13032455649501626
94	59	0.12946923623890308
94	35	0.1222750879839196
94	117	0.12197956251130684
94	16	0.12058044930934228
94	71	0.11987085637079853
94	172	0.11491018334910673
94	30	0.11471281968596678
94	13	0.11443649534644378
94	150	0.11188953595324468
94	106	0.11132663609702843
94	132	0.10285497426648492
94	125	0.1017170061832006
94	39	0.09306689690646708
94	47	0.0910511270121999
94	178	0.0904828477722909
94	28	0.08861296382899865
4	107	0.5850325043009488
4	2	0.4573458670740441
4	104	0.3698074267400088
4	10	0.42998640304601693
4	113	0.3097781576593506
4	69	0.30051897131316896
4	13	0.2856836739881181
4	114	0.26430397107521697
4	184	0.24751134421367624
4	27	0.2448340592026637
4	134	0.2405049552377003
4	40	0.2352218137300036
4	92	0.2330762693090267
4	75	0.2254304531723199
4	30	0.21932796236951124
4	21	0.2053674832118462
4	15	0.2011588676908811
4	53	0.2008709897937751
4	37	0.19852829816776515
4	161	0.1944327606681164
4	32	0.1898292208422732
4	16	0.1868970845997708
4	51	0.18669441205742826
4	25	0.18391330623596788
4	155	0.18268597684096574
4	118	0.1720030006451541
4	141	0.1602565524753112
4	29	0.15990577783198812
4	115	0.1592041074660164
4	74	0.14953034006201232
4	20	0.14596980575670152
4	47	0.1458327859632783
4	78	0.14025923161785994
4	65	0.13663015364789333
4	42	0.13513822000964165
4	187	0.13462768059512048
4	50	0.12791540408517715
4	116	0.1264396655633503
4	117	0.12515039570702913
4	86	0.1240871680432494
4	165	0.11901326820063747
4	175	0.11401210564529307
4	35	0.11105997436551313
4	152	0.11080317387868883
4	106	0.10970666731912147
4	119	0.10534766345130513
4	64	0.1044971309955752
4	100	0.10410148233917116
4	58	0.10396299751837697
4	120	0.10349805473757592
4	36	0.1029934911905759
4	14	0.1019446211938042
4	61	0.10047978245590458
4	17	0.09960066966099217
4	157	0.09752800378497456
4	67	0.09748838409889543
4	183	0.0952166728977293
4	77	0.09193466843553227
4	144	0.09065442870851816
4	33	0.08975976863388413
81	92	0.5770175410606281
81	93	0.5958513891027197
81	183	0.5896243337887168
81	79	0.565137816701513
81	61	0.5460529791419815
81	78	0.5357960065558213
81	77	0.4878005242941403
81	68	0.484998795259322
81	174	0.4644340129081506
81	80	0.4163926003202073
81	91	0.3932087535866644
81	175	0.3891687113019419
81	43	0.37810783770528705
81	172	0.367993211314226
81	63	0.36363634105403225
81	165	0.3534055313263444
81	60	0.3446325557365593
81	76	0.34402436361008937
81	184	0.3373507197578217
81	74	0.33668590580696645
81	162	0.32784337665729196
81	65	0.3251631924948162
81	115	0.3230600573794549
81	38	0.2908824392132092
81	147	0.28363437363825
81	160	0.2808918000545392
81	166	0.2741818204083916
81	139	0.2721182038269262
81	55	0.26757501915213244
81	75	0.26229371678678265
81	71	0.2620795274076272
81	187	0.2617162777126113
81	196	0.2506253844546281
81	121	0.24375269048411774
81	169	0.24176703861342985
81	84	0.2361757041913753
81	64	0.2290152859640351
81	164	0.22600937396920145
81	67	0.21434387851248776
81	133	0.2033360144990096
81	159	0.18954001492095468
81	50	0.18803561496761967
81	131	0.18614422080595489
81	25	0.1727986285230845
81	100	0.17075088820772438
81	167	0.16630097318015194
81	36	0.1644237491018902
81	132	0.15797579761482214
81	54	0.15713714634636258
81	35	0.14966720689075014
81	69	0.13556034264875874
81	59	0.12869239914874686
81	20	0.12333879980674242
81	57	0.12031436635710355
81	122	0.11466347735454803
81	189	0.11462400308204032
81	170	0.11453518464560235
81	15	0.11225488868203326
81	190	0.11081305109431082
81	116	0.10633646082401854
81	58	0.10483340635395057
81	10	0.10430920200018223
81	142	0.10380472421577333
81	29	0.10161803981180886
81	192	0.09604502741121812
81	52	0.09584686853688344
81	99	0.09478559887359236
81	107	0.0907278200673607
13	10	0.4074418361892218
13	113	0.4058894379679327
13	107	0.35394797720961146
13	32	0.2446742429841789
13	161	0.22573416920801356
13	188	0.2015522446201025
13	189	0.1612404539030973
13	92	0.15354595276156252
13	114	0.15063488692285093
13	65	0.14893392492165627
13	184	0.14573491125641666
13	36	0.13875901000363114
13	106	0.13857266336493412
13	58	0.13142537272690594
13	69	0.12058044930934228
13	84	0.10903480147706886
13	187	0.1076116985857938
13	35	0.106573740977599
13	117	0.10001450572497997
13	115	0.09776868673031876
13	159	0.09140614749451016
13	104	0.09013570229372632
13	172	0.08998592704751905
13	86	0.08901675337509564
13	2	0.08812480589650391
13	37	0.08758401243667907
10	107	0.4614484141660354
10	113	0.4070748143092227
10	164	0.3259231108424576
10	75	0.29243782716642897
10	184	0.2907085059951738
10	2	0.2653733105010663
10	106	0.25872364411839743
10	159	0.253257019415703
10	100	0.2445708254045679
10	147	0.2323763488820156
10	21	0.2168802172515952
10	116	0.21389542671792744
10	54	0.2080669769163157
10	104	0.20619106636009668
10	78	0.20201270085035636
10	174	0.18399059917025015
10	189	0.1826956430816452
10	80	0.1807520211386681
10	187	0.17079942999996506
10	172	0.16033449690284765
10	134	0.1601591191304639
10	191	0.15045896651124413
10	37	0.14664503568385448
10	69	0.14350259753593114
10	178	0.1407493608784121
10	188	0.13992590443664968
10	162	0.1385824713275123
10	114	0.13159243264593015
10	165	0.1277285083917413
10	25	0.1272169580386411
10	122	0.12674469763085314
10	77	0.12547521361526856
10	53	0.12532757244196446
10	55	0.12015667941040865
10	142	0.11739618324405293
10	30	0.11553181952384887
10	183	0.11122787435986692
10	92	0.11099083723039367
10	79	0.11062538025639293
10	71	0.11007219931040522
10	45	0.10815529720459714
10	156	0.1077500752612827
10	84	0.10736458701233603
10	192	0.10393332167497576
10	52	0.09920561217917412
10	43	0.09339799367883116
10	15	0.09212702531761896
10	91	0.09203382232530773
10	27	0.08811091460310627
33	62	0.4946288181597378
33	42	0.4881052850722989
33	31	0.4332818485487599
33	67	0.3710153400313896
33	141	0.3677251606352629
33	41	0.3652926267222211
33	32	0.3560193241339194
33	155	0.35559135689149984
33	30	0.3385553908246112
33	171	0.33384559904720124
33	145	0.3287445218696243
33	40	0.3256549523930459
33	137	0.3221641360423708
33	119	0.32168009833653904
33	48	0.3142192176337121
33	72	0.3130470933305823
33	35	0.305858442142305
33	53	0.2941378335321805
33	39	0.2748937846913884
33	36	0.2724607714430705
33	167	0.2690505518902471
33	157	0.2687722458949235
33	46	0.2655034464462215
33	24	0.2592554110231297
33	14	0.2579677055830524
33	63	0.2534909698189627
33	120	0.2501004861665763
33	26	0.2494910448429521
33	60	0.249247212934817
33	151	0.24759582876357225
33	166	0.2453040297728255
33	17	0.2447588532271091
33	144	0.2337664948279917
33	69	0.23029408501842075
33	38	0.228588843645548
33	47	0.22541146946451665
33	86	0.20792346621844893
33	61	0.20010314589116254
33	64	0.19544285977738654
33	124	0.18542976327867894
33	23	0.1852849168805068
33	51	0.18429974814494976
33	170	0.18310159327517567
33	153	0.17545554924357873
33	131	0.17342914902687254
33	150	0.17260459369308498
33	125	0.17202240887774142
33	52	0.16860451621177516
33	20	0.16446266743913476
33	130	0.16142550851964005
33	196	0.15492241117937128
33	104	0.15003867364257056
33	114	0.14751578256704168
33	152	0.14744730512347567
33	134	0.13856285537517354
33	28	0.12922341885836022
33	147	0.12830883899339893
33	57	0.12472710788128764
33	178	0.11837242541887855
33	16	0.1160053863770648
33	158	0.11547261996963333
33	45	0.11524568074939515
33	118	0.10452680331303453
33	29	0.10381461645129668
33	156	0.09856493876079404
33	2	0.09576363954325667
42	67	0.4817418026933203
42	35	0.4344670075711313
42	62	0.41967707627000495
42	36	0.4163678014943615
42	41	0.4135118096861639
42	53	0.4034476098688978
42	32	0.3728076373537933
42	69	0.3536242881269281
42	31	0.3473614396068825
42	119	0.3428335875276297
42	40	0.34272768735565023
42	61	0.3340677172832741
42	63	0.324340219148028
42	120	0.3066377844808168
42	26	0.2981246040549471
42	137	0.2949871400905008
42	141	0.2910655060418947
42	155	0.29057117672310434
42	14	0.2851968563591397
42	51	0.28161930730540763
42	30	0.2696533940489297
42	68	0.25672578817550595
42	17	0.2544732374568357
42	145	0.2523021949947704
42	48	0.2506722432132228
42	171	0.2487406918631137
42	72	0.2441665033108855
42	65	0.241352713137683
42	150	0.2397322339788586
42	166	0.2348911517764681
42	24	0.22640788241818696
42	151	0.21376182789363526
42	39	0.2124444980133016
42	153	0.2116136100709676
42	93	0.21041927016975592
42	60	0.205693120688605
42	38	0.2022333044963764
42	144	0.2016961467723562
42	86	0.2001511433474507
42	167	0.2000647472345952
42	79	0.19860514386830366
42	46	0.1948560906214391
42	74	0.1915444969088768
42	47	0.19095680878455035
42	134	0.1906966407928048
42	130	0.1895785776118769
42	104	0.1886046909061541
42	20	0.18046180679826965
42	128	0.17925224265772924
42	27	0.16700097691320376
42	19	0.16104564732034932
42	16	0.16023706605610952
42	147	0.15301864032499354
42	118	0.14953034006201232
42	157	0.1469874914247971
42	172	0.14526507298490984
42	15	0.14390413076064226
42	124	0.14162162014236238
42	131	0.1371796575789441
42	29	0.1360216762166225
42	152	0.13258481067914168
42	132	0.12641998525336598
42	133	0.12239329210528488
42	64	0.1204621923561434
42	170	0.11876680191208452
42	57	0.11267944966366228
42	121	0.1113167600222331
42	117	0.10399267317666734
42	99	0.0995640365768634
42	2	0.09611041816989184
42	125	0.09024183195415507
41	40	0.4246160251171685
41	38	0.5071905330182662
41	62	0.4155325462948537
41	36	0.3994127345499797
41	166	0.3802826119246408
41	63	0.3800088553772097
41	145	0.3739952255784396
41	61	0.3606387906742801
41	119	0.3563161932693761
41	14	0.3432394574522959
41	32	0.33505347396879337
41	137	0.325216847581847
41	35	0.3099408753331913
41	46	0.298252155771295
41	155	0.2954070550710073
41	39	0.2920354041599799
41	144	0.2891972263211027
41	79	0.28768450366875065
41	67	0.2826041490699273
41	24	0.28174819890200026
41	26	0.278070818766628
41	69	0.2733677787967266
41	53	0.26144612088480296
41	60	0.2600574285112599
41	171	0.25568865107768585
41	120	0.2533131702153276
41	153	0.2447964565830895
41	52	0.241352713137683
41	17	0.2410607491534457
41	150	0.2404484249800293
41	175	0.22880681402414615
41	147	0.2283234574671169
41	31	0.22399670273611025
41	20	0.2172042007590665
41	48	0.20942510028801545
41	139	0.2062006411927954
41	170	0.20553030763913704
41	130	0.20502264102090706
41	51	0.2029333452588928
41	30	0.19624102585104372
41	151	0.19458670722189472
41	93	0.19385537583893936
41	157	0.18975210248193916
41	99	0.18508211839772185
41	141	0.17971677959687551
41	167	0.17598856619603448
41	104	0.17424376491906152
41	134	0.17409831525203973
41	156	0.1623895565261125
41	152	0.1618442744022827
41	19	0.15921385399102084
41	57	0.1513384730665515
41	74	0.15043941921043744
41	29	0.14118061757463718
41	27	0.1411512154091189
41	133	0.13954351949977456
41	45	0.13012794827106688
41	124	0.130108286885558
41	128	0.1154035527862877
41	173	0.10005410545048274
41	23	0.0970357072838256
41	72	0.09504920239475316
41	125	0.08779140540683887
41	59	0.08761378222967238
41	47	0.0875373727798077
31	39	0.4856027369072061
31	72	0.4162272631128942
31	35	0.4305323705105104
31	30	0.3866711305964075
31	64	0.3439009270525562
31	32	0.3202449258319928
31	67	0.3060034671420675
31	155	0.2981883812443265
31	28	0.2936079230866758
31	55	0.288133886722231
31	142	0.2851141745893296
31	192	0.2792883043152746
31	69	0.2722570909093009
31	125	0.2709789025009107
31	86	0.27078431163924355
31	54	0.2661261058961867
31	79	0.25976837047579404
31	141	0.25670710624219195
31	134	0.25574472761615313
31	151	0.2522179221571819
31	23	0.24832787035811846
31	51	0.2457644890963937
31	38	0.2391760635884955
31	100	0.2374877398668428
31	53	0.2374311230857585
31	26	0.2372046398334758
31	40	0.2360435088761089
31	14	0.2279158340606752
31	93	0.2275365777564616
31	16	0.22403469541476714
31	104	0.2220296547405272
31	17	0.22176344140437634
31	46	0.21982289140533756
31	131	0.2168802172515952
31	114	0.21394313864494094
31	52	0.2136568517787684
31	48	0.21296961363788866
31	171	0.20502264102090706
31	119	0.1959910258414689
31	62	0.19264243089209207
31	15	0.1857966714125552
31	77	0.18457022358907896
31	2	0.18418382154933707
31	132	0.17480609870979855
31	99	0.17419528254119498
31	156	0.17223589061908134
31	172	0.1666509960448144
31	37	0.16647598985681936
31	68	0.1626232185266652
31	21	0.15675675296609287
31	63	0.15640557932833762
31	124	0.1484938770505307
31	196	0.1480342087059634
31	191	0.1477701149710317
31	57	0.14658632545334058
31	152	0.1459306578155134
31	29	0.14350259753593114
31	118	0.14111201213442065
31	157	0.1387197799484254
31	147	0.13811165849404833
31	117	0.13435274512987386
31	36	0.13402868749192706
31	178	0.1337340647611176
31	144	0.12650854586436167
31	107	0.122905469800486
31	167	0.12287592286418565
31	188	0.12176283008168705
31	189	0.12149682441339132
31	91	0.11809633964413747
31	128	0.11640984964487107
31	116	0.11528514930475366
31	158	0.11441675721550047
31	145	0.11281766995014453
31	45	0.1121660218888603
31	50	0.10881741175525143
31	58	0.10495208605521868
31	120	0.1045564754444013
31	162	0.1036068751950326
31	43	0.09742301094137644
31	190	0.095009563618104
31	61	0.0892607987263722
31	115	0.08874789429506998
55	190	0.7006621282112453
55	54	0.6615584887035725
55	162	0.494817630390873
55	64	0.4287058142417096
55	28	0.3800858561377996
55	158	0.6140643275121132
55	160	0.5430844499247718
55	169	0.5140581960156612
55	159	0.4206240706303418
55	79	0.4041004437171346
55	100	0.3710412101719591
55	192	0.3465521883928936
55	131	0.3302243118507629
55	83	0.32293466320098946
55	189	0.31965248819568176
55	191	0.3098866381254088
55	132	0.2954709451767788
55	183	0.2810575896337397
55	63	0.26179079651942794
55	142	0.2588169479116941
55	124	0.2542207044017052
55	139	0.24567992324269555
55	196	0.2399772760983261
55	72	0.2306254959142409
55	170	0.2280011572037928
55	171	0.21984192487958332
55	57	0.2179282260757801
55	93	0.21663243291234816
55	58	0.20597083431355234
55	174	0.19985354364071495
55	172	0.1997479348777292
55	99	0.1906002754763528
55	78	0.18494691064984714
55	179	0.1810905647548882
55	29	0.1808294063160492
55	25	0.1808294063160492
55	23	0.17925224265772924
55	125	0.17423406851106255
55	84	0.17375890316220424
55	188	0.16702041906173815
55	166	0.16297367732210655
55	30	0.1626037473895627
55	114	0.1609482393220127
55	77	0.15269635091473255
55	147	0.1475255649435497
55	74	0.1414844253587549
55	128	0.14062193389728173
55	178	0.1370521016785119
55	2	0.12588857931448255
55	151	0.12333879980674242
55	175	0.11958501345862366
55	107	0.10137061508776347
55	35	0.09378160392139756
55	43	0.09280815126503698
55	76	0.09136449824816036
55	80	0.08789559517628387
55	106	0.08771896757788301
190	158	0.661833946167579
190	160	0.6100744890243542
190	191	0.4630132352213898
190	83	0.3696692997735866
190	54	0.5602036988088316
190	162	0.3631242477654073
190	169	0.36060399258581055
190	179	0.3582005038365961
190	159	0.3558533953661248
190	28	0.2842963154545661
190	183	0.2820887920230972
190	64	0.2794265982271175
190	58	0.2729328460203144
190	131	0.26809484722681953
190	56	0.2569966546439833
190	192	0.24471184799671264
190	132	0.24363981702796875
190	99	0.2431129870050958
190	170	0.23583575572930685
190	100	0.2313449467029966
190	124	0.2221912681203773
190	171	0.21776629383909968
190	189	0.21336098345941168
190	79	0.20731105339506034
190	57	0.20413156325856474
190	142	0.20186881786120248
190	174	0.19252688155422368
190	163	0.18002642638003702
190	72	0.16161055178496758
190	156	0.1485818913351937
190	173	0.14686029768699074
190	29	0.13488295925457958
190	166	0.13337066417208546
190	168	0.12972486943440342
190	106	0.12739404083390612
190	25	0.12150667678663725
190	84	0.11649862910172057
190	196	0.11013147196553416
190	139	0.11000304688992933
190	164	0.10887670089433278
190	122	0.107325047928735
190	71	0.10709769161366772
190	125	0.10323093947845152
54	192	0.36695525626423786
54	158	0.6241287095269301
54	169	0.5205981954935431
54	159	0.4898249474554314
54	160	0.4545576516125941
54	189	0.4518878361469026
54	162	0.4218250223303656
54	191	0.3771647079110664
54	84	0.3641829099929766
54	64	0.3507511303400336
54	2	0.2647596822913939
54	132	0.2610268309166805
54	116	0.2580890503591484
54	58	0.2546696280669542
54	114	0.2541926430326966
54	45	0.251740303840934
54	28	0.24861873127118014
54	131	0.2432541162688163
54	80	0.2392232027652584
54	142	0.21993708973995008
54	170	0.21971820430576586
54	21	0.1978077511300149
54	23	0.1975963500731462
54	164	0.19640447360485425
54	77	0.1879487956639178
54	172	0.18709009127867385
54	91	0.1850628034340383
54	113	0.18450260734731375
54	25	0.18215427926242214
54	171	0.17812928204643064
54	57	0.1777128940962954
54	183	0.17146922197036027
54	100	0.15958419892736295
54	174	0.15633729097016866
54	156	0.15532254535022358
54	76	0.15253031035603726
54	107	0.15197352334048547
54	29	0.15094761075976765
54	78	0.14399226586303726
54	71	0.14365929905738206
54	139	0.14304224522868986
54	79	0.14022001830396189
54	63	0.13728758594146556
54	188	0.13659090014534114
54	125	0.1361198246916233
54	122	0.13340995245310586
54	173	0.13095363386560302
54	72	0.13002964032042552
54	165	0.12685292905744155
54	179	0.12532757244196446
54	178	0.12511102201480662
54	151	0.1229448653766074
54	196	0.10444767671974424
54	187	0.10160814306401246
54	86	0.09923135622717484
54	83	0.09665530884476543
54	175	0.0920913307452473
54	115	0.09082203725895906
162	189	0.4495690230817564
162	159	0.4418924317295115
162	169	0.43749610313878257
162	183	0.3628290434647641
162	160	0.35681372426596963
162	76	0.3497597576142685
162	84	0.3177028645450895
162	174	0.3172712476106555
162	158	0.3123614091743194
162	63	0.2952610106219536
162	57	0.2917152210834251
162	79	0.27965706231691784
162	139	0.2733585260708577
162	184	0.2605888006632746
162	58	0.2544732374568357
162	172	0.253603255482202
162	100	0.2513937196513562
162	164	0.2506441280990063
162	131	0.2456141472153415
162	64	0.24175762310367616
162	80	0.2396756814581193
162	142	0.2373933776688296
162	163	0.2363645394765461
162	191	0.2326601294600778
162	178	0.23086218523282065
162	132	0.22127846789844396
162	93	0.22054604565332908
162	115	0.21584124241120894
162	196	0.2127500347790835
162	77	0.20954939524991026
162	116	0.20752158865745146
162	106	0.20181126222532772
162	99	0.201437116633016
162	86	0.1997383338509265
162	29	0.1977789247961536
162	187	0.19705815539386992
162	74	0.18872041967882805
162	91	0.17892314727805078
162	61	0.17870050122287953
162	192	0.17345824654538114
162	75	0.16935252979089968
162	170	0.16909026148042988
162	25	0.1675453079274464
162	167	0.16551326861671553
162	78	0.1633143617284636
162	72	0.16273030751633366
162	121	0.15978884397167553
162	68	0.1597790992808515
162	188	0.15762476195308453
162	165	0.15518591989320746
162	128	0.1412296206303433
162	60	0.135717398983881
162	173	0.13285005491986362
162	124	0.13029506591442544
162	2	0.12784654883329644
162	28	0.12596731068665198
162	45	0.1242840836286298
162	92	0.12403793761911085
162	133	0.12129977192343686
162	147	0.11876680191208452
162	59	0.11387392326700364
162	122	0.10734481751297867
162	179	0.10733493273146667
162	36	0.10559488240262137
162	175	0.10353762609983908
162	166	0.10040058951442496
162	35	0.09224203955087634
162	114	0.0892479022887805
64	86	0.3846025113596604
64	35	0.3826239217507236
64	100	0.3597772430893089
64	63	0.317451103986694
64	169	0.3128757028502214
64	28	0.29779656504301355
64	189	0.2926024249215252
64	158	0.2670550352699472
64	61	0.2631595232039832
64	30	0.2540242658324298
64	171	0.2500161137904489
64	84	0.2484686151047568
64	151	0.2431412136814857
64	159	0.2379123142721727
64	78	0.2337759483381513
64	91	0.22609477501050065
64	124	0.21347551777729185
64	77	0.21089708172492955
64	93	0.21072508116162653
64	192	0.2027895181732674
64	107	0.20093816440830733
64	178	0.19870119755999066
64	79	0.1985186922835468
64	72	0.1978750112451365
64	68	0.1973080462867312
64	141	0.19637563067643404
64	131	0.19411521565754167
64	76	0.19233428746090772
64	172	0.1882960552428642
64	57	0.18808384664449104
64	45	0.1857870165986483
64	115	0.18275363978395087
64	160	0.1791844910033702
64	152	0.16880853921353786
64	196	0.1608118628569701
64	16	0.15859001390167926
64	125	0.15777103165879125
64	67	0.15702986062145613
64	15	0.1568933097931879
64	74	0.15623973358016285
64	69	0.15077170731488548
64	21	0.1502439397352506
64	167	0.14864056621733582
64	37	0.14222913157809167
64	23	0.13935721431728562
64	147	0.13550144476616635
64	156	0.1354523624657478
64	170	0.1341072495542682
64	191	0.1320837419945267
64	32	0.12894808453701054
64	62	0.12764981275352355
64	99	0.12641998525336598
64	183	0.1261247686696411
64	40	0.12495352330623145
64	114	0.12472710788128764
64	66	0.11892454202473444
64	50	0.11416015329826397
64	118	0.11207715330145898
64	92	0.10807623232612808
64	58	0.1063463477390758
64	59	0.1037156931721171
64	52	0.09933037055810627
64	83	0.09591424340734783
64	144	0.0951948723087912
64	39	0.09137143981142
64	155	0.09103625134650027
64	60	0.09079228463717573
64	166	0.08709973520473586
28	100	0.3516628500234982
28	131	0.3367745670816538
28	132	0.3342098534864054
28	151	0.26543837968265155
28	14	0.2604210159691261
28	99	0.2493691328411544
28	29	0.2407875820472289
28	158	0.23244256789103984
28	72	0.2272331229979107
28	15	0.2178615495485606
28	169	0.21483993266307508
28	128	0.2080669769163157
28	192	0.2064017035554804
28	125	0.20512801487287285
28	83	0.2028662270415489
28	171	0.19784618570963186
28	196	0.1944038946227025
28	152	0.1910724303942088
28	16	0.1849662264712014
28	53	0.1830049441251824
28	20	0.18076169440825168
28	48	0.17548462555102926
28	17	0.17366192069301362
28	189	0.17122656199675726
28	30	0.1553030277914577
28	124	0.14908059444684713
28	160	0.1463123307288414
28	57	0.14165101831695226
28	191	0.13862170290596465
28	119	0.13739551104424694
28	25	0.1334197744578479
28	142	0.12998048538625465
28	163	0.1298526795678361
28	147	0.12922341885836022
28	159	0.12085636888585816
28	157	0.12061001301304658
28	21	0.11976243553406375
28	46	0.11441675721550047
28	24	0.11339025028011683
28	35	0.11041794541515394
28	63	0.10944978924153008
28	178	0.10829365744911423
28	179	0.10570365460803506
28	93	0.09939967941950377
28	39	0.0993214593488428
28	32	0.09699905554160483
28	134	0.09611041816989184
28	120	0.0948876724927905
28	104	0.09313529882724396
28	172	0.09294793495214368
28	86	0.09263663862303248
28	56	0.09069707515855592
28	167	0.08709278830504757
158	160	0.5995279957557244
158	169	0.4475320787233763
158	171	0.3649199468485394
158	170	0.3549360161490702
158	132	0.3070454161765335
158	159	0.29929039435546745
158	166	0.2813430768064162
158	131	0.2580517143720445
158	191	0.2407310599502876
158	189	0.2375537907388348
158	83	0.20093816440830733
158	165	0.199219821492342
158	45	0.19525049184285126
158	192	0.18396161458648969
158	183	0.18372972640304988
158	196	0.1629347394850736
158	20	0.1620390293818589
158	173	0.1589799288292345
158	23	0.14574469885550875
158	72	0.14176860851625644
158	58	0.14079837001434167
158	139	0.14041608047227291
158	174	0.13333137547187046
158	84	0.11955544236980804
158	79	0.11604484790394705
158	114	0.11125750311179072
158	179	0.11043770152906933
158	63	0.10895575187473952
158	29	0.10806634912016694
158	122	0.10729539339324104
158	125	0.10518943648647187
158	124	0.1029835972569784
158	156	0.09994520544301567
158	26	0.0946597383665278
158	168	0.09407499245173946
158	164	0.09283293587370296
158	178	0.09267827803603364
158	142	0.08858617577586209
160	169	0.5940424847412009
160	168	0.2898019116933332
160	183	0.4800890550185869
160	170	0.4733198125645604
160	174	0.42322973655403656
160	171	0.4111131167366861
160	131	0.40841714045551375
160	166	0.3783734872426344
160	196	0.3734532175739675
160	191	0.3731261687536567
160	175	0.3688833920178783
160	172	0.34161520999288997
160	159	0.337793742239866
160	189	0.3168215068255041
160	165	0.2943570539568989
160	132	0.28033904708460616
160	139	0.2802745471176738
160	79	0.2589009171963994
160	178	0.25272350175393354
160	83	0.2412302819441676
160	179	0.22459500827593246
160	164	0.22221978686148144
160	20	0.2121102696078619
160	142	0.20974060504397152
160	84	0.19774048915222744
160	80	0.1976251785727185
160	63	0.19531782232968
160	91	0.19434616152181408
160	56	0.1889711473674764
160	192	0.1868295288524793
160	72	0.1760563973220183
160	124	0.17373950693793005
160	74	0.17202240887774142
160	58	0.16633986668086287
160	29	0.16188322640732927
160	99	0.15844378304303927
160	147	0.15234472542403796
160	114	0.1490903721820337
160	93	0.1477407699211572
160	173	0.14688965051924785
160	57	0.14151382469868104
160	25	0.13257498645343685
160	125	0.1312189942860386
160	150	0.13120916645738762
160	61	0.1284662016561866
160	100	0.11643944300392063
160	21	0.11539368595470133
160	60	0.11201790658041537
160	163	0.10404213219565364
160	167	0.09586668476645016
160	137	0.09520973635660968
160	156	0.08732203151843357
191	179	0.4070247556808931
191	80	0.3340499491893561
191	156	0.3067464972723365
191	142	0.26398769390598104
191	189	0.25432359242578084
191	192	0.2503348339457755
191	159	0.2400809385612433
191	83	0.23946830830206045
191	91	0.23699700753058445
191	170	0.2348250128588177
191	168	0.2286836161928935
191	183	0.2270624102978637
191	164	0.2222863291119253
191	52	0.21300779907032152
191	45	0.2038440465683563
191	178	0.2034510502273736
191	84	0.19998794807782164
191	23	0.19158302904185964
191	122	0.19012803235726608
191	173	0.1858352903093998
191	71	0.17784846926014405
191	174	0.1762211230949005
191	106	0.17317695785498766
191	171	0.164365370636188
191	169	0.15580068762586527
191	78	0.1536728853004012
191	132	0.1405239099720064
191	93	0.13371442240458473
191	172	0.1307570584906166
191	175	0.12390008918362612
191	21	0.12389024268374765
191	196	0.1237031545526282
191	131	0.11492005129426475
191	43	0.10151907142904297
191	26	0.10104399525396322
191	188	0.10085593152461683
191	147	0.09414734589711857
191	153	0.09227178421074037
83	124	0.2882347511999175
83	168	0.2569406166167853
83	79	0.2550249481485482
83	99	0.2422565823479262
83	132	0.2267019710036759
83	151	0.18037473636607906
83	58	0.17837133875176042
83	93	0.17744172353440438
83	100	0.17641490548576166
83	125	0.17372011057885978
83	121	0.16881825423390864
83	131	0.1488948119412268
83	184	0.14418811346579227
83	152	0.14378661373972612
83	179	0.1419351877824596
83	19	0.13833726411260516
83	169	0.1382686030517354
83	170	0.12770883463292304
83	128	0.12516023906849433
83	26	0.12286607383700808
83	142	0.12168401540906253
83	78	0.11733700973914972
83	118	0.11622242023967493
83	192	0.11590673095790452
83	159	0.11367651222772192
83	56	0.11257084495039464
83	48	0.10348816184581064
83	139	0.10262740209042202
83	52	0.10075694771852876
83	150	0.09859959861456093
83	196	0.09730612956494172
83	106	0.09677418639552993
83	16	0.09452991057840544
183	174	0.6529018138011228
183	165	0.564572637750027
183	80	0.4307197195873699
183	139	0.4250094015016598
183	175	0.4147379901867244
183	166	0.3958093873582668
183	170	0.3655439028723628
183	196	0.3548486110045942
183	169	0.3502160620009621
183	92	0.34368047506564514
183	78	0.3327344520415053
183	93	0.3259409862084517
183	164	0.31581357056201337
183	187	0.29940874503382203
183	79	0.2940464825520186
183	172	0.26802987724695515
183	122	0.2612690993675151
183	142	0.25652961830976434
183	60	0.2514405591224457
183	131	0.25090651938332936
183	61	0.2444674022603641
183	173	0.2400432437535537
183	184	0.2340500808993764
183	147	0.21869962064257634
183	156	0.21441066147948445
183	171	0.20874613924571736
183	77	0.20732062359649134
183	50	0.2047352336370224
183	71	0.20460109810540594
183	178	0.19245947530791624
183	76	0.18540079464345152
183	159	0.18533319990813948
183	91	0.18343983741708866
183	179	0.18131301291350735
183	37	0.1808390793058154
183	74	0.17969742548973033
183	25	0.1750290615919609
183	84	0.16888625845796534
183	115	0.16664127375415727
183	167	0.1656397045920437
183	189	0.1627497778299032
183	132	0.1469385713314376
183	75	0.14217034482404306
183	192	0.14053371248853844
183	107	0.1353051115764047
183	65	0.13491241333300424
183	137	0.12566221778923034
183	100	0.120067977837905
183	63	0.11396275530201908
183	58	0.09037374727287284
15	115	0.6904211100638483
15	116	0.5447884505492363
15	14	0.5125335854202213
15	120	0.5089487521726763
15	152	0.4871220048220112
15	121	0.4740799087359555
15	17	0.4588392521305619
15	117	0.4472841326705978
15	16	0.4002948572190741
15	119	0.3972252472168959
15	20	0.3858458504429327
15	29	0.36557855747183615
15	25	0.3232302170506385
15	172	0.30934415516266706
15	19	0.30810473118303605
15	46	0.29155967999232985
15	128	0.2801363243809275
15	132	0.26982956955955284
15	68	0.2597217438505418
15	69	0.2494722896649987
15	2	0.2415410538174371
15	61	0.2377330606026289
15	91	0.2316951141342999
15	65	0.2263699324956896
15	151	0.22620863765902965
15	21	0.22468046668568692
15	175	0.22328421406549467
15	30	0.22174442490051444
15	178	0.2209360677352816
15	150	0.22076484722223386
15	79	0.2185663126952013
15	93	0.1967505622212856
15	100	0.19547171367085614
15	187	0.1927868600516042
15	77	0.18740852071562333
15	184	0.18315958106643904
15	35	0.1830049441251824
15	74	0.1815257720534513
15	92	0.17939741904818668
15	114	0.17765478838916082
15	189	0.17529077772091206
15	59	0.17352613957747726
15	131	0.1639274954673421
15	141	0.16350902105158618
15	125	0.16066573840156947
15	53	0.15655190648849573
15	75	0.14882636310447284
15	144	0.14687986627057045
15	63	0.14125902213159133
15	67	0.14087678319645866
15	147	0.1395239088929232
15	134	0.1384941986858993
15	167	0.13686566564890906
15	76	0.13676753752724244
15	196	0.13346888408838636
15	118	0.1282498263286488
15	60	0.12628222029776595
15	192	0.1245991281975662
15	174	0.12329940811080395
15	133	0.11855975891744247
15	48	0.11805689732765627
15	107	0.11780051319583727
15	72	0.10964738906217067
15	40	0.10835295341278586
15	124	0.1071570030375366
15	39	0.107107576903925
15	43	0.09718627384076534
15	58	0.09706839645349707
15	169	0.0885375600928902
15	106	0.08744706937474761
115	121	0.4744131975162998
115	120	0.4955196017817903
115	117	0.4857249978040321
115	152	0.4613854466127824
115	16	0.4475560698524206
115	116	0.4193062642472033
115	14	0.3898388578246562
115	25	0.3689784199162718
115	17	0.35458635835548497
115	29	0.34465899231527003
115	92	0.3316312805959293
115	76	0.3265486099231415
115	172	0.31965248819568176
115	184	0.3173611786526463
115	119	0.30625722671893624
115	20	0.3023099947156416
115	68	0.2999457592053388
115	77	0.2982794868962872
115	65	0.29317838048113626
115	91	0.292428682338514
115	19	0.28527953388455424
115	187	0.2801823999175057
115	61	0.2638109260473271
115	132	0.2601693094353322
115	59	0.2525549905404405
115	69	0.24026940173803515
115	75	0.2340217240834885
115	46	0.2293469025692272
115	189	0.2251836516235656
115	58	0.223331720743068
115	74	0.2206602057644834
115	133	0.21028546490659752
115	79	0.2038632154422981
115	174	0.1961641054868315
115	118	0.1928157448813348
115	93	0.1887782820997612
115	84	0.18751465511234128
115	161	0.18213494279560946
115	169	0.1788166666669667
115	78	0.176589297946703
115	40	0.1635576838937067
115	21	0.16047089483912969
115	57	0.15094761075976765
115	159	0.14796574198548235
115	60	0.14727121377922445
115	106	0.14438394977331462
115	188	0.14321855769205658
115	63	0.14047489697613605
115	67	0.13918070556956658
115	107	0.13735626592964195
115	2	0.13392066190552251
115	178	0.13310545731660672
115	175	0.13282058427652993
115	128	0.13087500495036922
115	114	0.12573111181359298
115	100	0.11980186162353355
115	80	0.11645917179509604
115	167	0.11535421840066043
115	124	0.11525554792235405
115	86	0.1145549222342163
115	131	0.11292626854107228
115	35	0.10631668693082544
115	144	0.09743984956235482
115	48	0.09731801592926756
115	196	0.09231342645788412
116	187	0.4636728982477272
116	188	0.3489256960237053
116	76	0.3361449427854358
116	84	0.33399664348312713
116	189	0.3119733120202872
116	159	0.3013011009609999
116	77	0.2919439299566425
116	121	0.2890506011434927
116	68	0.28090101102663256
116	80	0.2656800440403009
116	184	0.2559690165575065
116	25	0.2548379461578425
116	172	0.2530885567791593
116	29	0.2484967627953531
116	20	0.24655358985247944
116	2	0.24191768057674895
116	21	0.2376104040236352
116	164	0.2356657598454059
116	43	0.2350801081264772
116	114	0.2283613718567777
116	91	0.220488963331536
116	192	0.19875882794289326
116	175	0.19598140994744506
116	69	0.19429804957586047
116	117	0.18589321757812696
116	92	0.183082263728262
116	178	0.1764439716653554
116	45	0.17231351633315967
116	128	0.16043192462533068
116	17	0.1537119404460846
116	174	0.14089638621586292
116	79	0.1389453468168228
116	107	0.13200513685328946
116	151	0.11625201490695013
116	59	0.11265970355233285
116	134	0.11257084495039464
116	120	0.11130688392545032
116	50	0.11120812174872943
116	165	0.1069988375468479
116	132	0.1047542848940006
116	78	0.10469494292870453
116	104	0.10314189774784227
116	19	0.10126174423438536
116	169	0.1007470492281808
116	37	0.09771619307031296
116	75	0.09410770029674816
116	61	0.09046995419001984
116	133	0.08857129346874579
14	119	0.6288852952905171
14	120	0.6161096113592368
14	46	0.5986240338875993
14	152	0.5812377933824101
14	17	0.5572943151253128
14	20	0.3997152600454904
14	117	0.3979493020998727
14	53	0.3908051772159804
14	16	0.3883368175363139
14	29	0.3415180434466761
14	48	0.3414915422123845
14	157	0.3342453851623384
14	19	0.3303668566226847
14	121	0.3216711330885565
14	150	0.31413810137449105
14	155	0.2895362450664049
14	125	0.2833308932348099
14	151	0.2577249916169589
14	40	0.25276094660865217
14	63	0.24979110222692225
14	25	0.24631877255177664
14	137	0.24100423495319914
14	128	0.23214929592776296
14	69	0.2314395924646627
14	67	0.2274227873973376
14	144	0.2245570256514341
14	30	0.2208409469086391
14	51	0.2148017785830813
14	62	0.20814351229284295
14	72	0.20629638734774164
14	118	0.20619106636009668
14	27	0.20398780931220287
14	35	0.19981514099129544
14	93	0.19235354753725512
14	100	0.1898292208422732
14	171	0.18202858971038352
14	124	0.18005545393783062
14	24	0.17370071408500753
14	134	0.1683810458708147
14	130	0.16673849520231074
14	99	0.16487127904356744
14	167	0.15800504878560512
14	61	0.1541805647010802
14	23	0.15160227838066365
14	39	0.14828850123978862
14	153	0.14472663608814704
14	178	0.1430716312700601
14	57	0.13696379108453832
14	131	0.1366399669564962
14	147	0.12990183616271975
14	166	0.12770883463292304
14	21	0.1245991281975662
14	132	0.12192045481960218
14	65	0.12014682377484287
14	75	0.11832312572868843
14	59	0.112412869657618
14	79	0.1091533732945332
14	74	0.10726573866683878
14	26	0.10610905597816747
14	141	0.10550588508219916
14	32	0.09666818737934912
14	106	0.09597666345893444
14	2	0.09430196088428884
14	145	0.0891457217642144
14	86	0.08699354595642657
121	19	0.6457416606566863
121	20	0.4797657937663497
121	120	0.4273989808418145
121	150	0.3900593221467248
121	128	0.3597250083416779
121	29	0.3590021964241854
121	17	0.35471749165695965
121	152	0.3257532832439551
121	25	0.3129749314021411
121	16	0.31007645952678153
121	117	0.2948775783022467
121	118	0.2816837543744374
121	119	0.2677142741032849
121	93	0.2658287439762469
121	68	0.25270477904266936
121	79	0.24210596663145825
121	132	0.2352596002023892
121	91	0.19594294599445852
121	144	0.19303718413748674
121	48	0.19189126483621405
121	53	0.18417416076834492
121	130	0.1820479269518329
121	75	0.1770542902824382
121	133	0.17202240887774142
121	74	0.16460860664246044
121	65	0.16127941371244162
121	131	0.16068522206936986
121	61	0.15929182507362422
121	77	0.1531065317909575
121	172	0.15247170574950347
121	124	0.1448832811316258
121	92	0.14022982167367992
121	59	0.13875901000363114
121	69	0.13334119768621722
121	58	0.12330925607122073
121	21	0.12263953953590825
121	46	0.11931886602710495
121	184	0.10965726882583816
121	84	0.10759193014880357
121	27	0.1064748757205111
121	187	0.10574320751027462
121	63	0.09749630806083504
121	76	0.0916471118521774
121	189	0.08904552350532884
174	80	0.5330026412758053
174	165	0.485946547245999
174	164	0.4535097653820011
174	92	0.3865180325636974
174	169	0.3591502773472285
174	187	0.3566828146654738
174	175	0.3298322360702652
174	91	0.3168574913347708
174	78	0.3044799974259589
174	139	0.2924926950106717
174	172	0.2905803323804129
174	196	0.2843514650500715
174	189	0.2833952726102039
174	84	0.2774432801017929
174	43	0.2710993524135841
174	159	0.2682711820216014
174	142	0.26465739005852235
174	77	0.2636062253351614
174	79	0.2559690165575065
174	173	0.2510283313788071
174	178	0.25084092501707544
174	60	0.2378462753313269
174	184	0.21780439662083
174	131	0.19708699026589865
174	75	0.18458954219441487
174	76	0.17668617785756954
174	50	0.17642459424648016
174	147	0.17189625297942898
174	192	0.1632364944377417
174	132	0.16271083707602735
174	170	0.1574004683056496
174	93	0.15673724435852535
174	122	0.1527940178055109
174	71	0.1520614435020481
174	68	0.14926636642807042
174	65	0.1232698640838512
174	188	0.12312214067239105
174	166	0.1211618294906577
174	21	0.11768217675890325
174	59	0.10816518021822467
174	58	0.10555532824674137
174	133	0.099727398247097
174	74	0.09327903912841498
174	38	0.09246214613213967
174	130	0.08715134048003807
184	75	0.5394148821339493
184	78	0.4060898793417905
184	76	0.3725665281412861
184	92	0.34845135123015114
184	106	0.31582257315146817
184	93	0.3131643487553371
184	161	0.303145682027897
184	187	0.2871707678871567
184	188	0.2835700037523829
184	84	0.2783106973395177
184	159	0.27604892892121186
184	77	0.2650758206065961
184	107	0.25752892966450114
184	74	0.2321966007138549
184	113	0.22475642681521554
184	68	0.2143247972966566
184	58	0.19813442565887227
184	50	0.1971831040431276
184	91	0.19343187490214492
184	164	0.18919292440264607
184	189	0.185854599542528
184	79	0.18409687323948012
184	172	0.1791844910033702
184	100	0.17804213635327898
184	16	0.16559107601492995
184	118	0.1549516910146748
184	80	0.1544538968330076
184	69	0.15295027862216226
184	25	0.14540211592515698
184	29	0.14220953610487072
184	65	0.1395239088929232
184	43	0.13418580993090867
184	142	0.121250507306422
184	99	0.12093519962256224
184	59	0.12080709890126465
184	147	0.12038335248771667
184	134	0.11756383697966055
184	86	0.11632106832773748
184	57	0.11281766995014453
184	133	0.10807623232612808
184	2	0.10269666432587846
184	71	0.10268676978176608
184	51	0.10042038786909947
184	128	0.0918097319388488
75	59	0.2559503268645781
75	100	0.3605256932164183
75	78	0.3517241918401773
75	99	0.3151292074747288
75	93	0.3019010652124874
75	106	0.2968120261958161
75	76	0.2930504087281647
75	56	0.25918078654499643
75	21	0.2431035780214661
75	29	0.2311367106145557
75	43	0.2199941866470113
75	187	0.21733759182888504
75	92	0.21439158083630014
75	107	0.20463942332735635
75	163	0.19441351667525408
75	77	0.1796006528675466
75	161	0.17798403767284696
75	147	0.17128480228621829
75	50	0.16733147576369542
75	16	0.166553771680333
75	133	0.1630807537559593
75	142	0.16068522206936986
75	128	0.15490289113796174
75	79	0.15345807341974813
75	69	0.15255961225707831
75	118	0.15254984498653062
75	159	0.1473299119318566
75	25	0.14657654031450532
75	58	0.13932779680730362
75	84	0.13880804696023144
75	152	0.13516767202007485
75	74	0.13477495892799748
75	57	0.13285005491986362
75	51	0.13270269935510334
75	188	0.12475664106522792
75	80	0.11595605895347699
75	53	0.11575874354164598
75	117	0.11407132531450248
75	164	0.11397262541567453
75	38	0.11217589606561984
75	46	0.11116861626287096
75	71	0.1042597457627675
75	113	0.10109348450944353
75	30	0.09597864503551423
75	134	0.09179287520599796
75	17	0.08840460892888828
75	124	0.08697071997193108
192	169	0.35574858668772424
192	159	0.3515226288166143
192	189	0.2680391588219265
192	142	0.2668228493711469
192	188	0.2606726871085872
192	164	0.2401469027325696
192	139	0.2396191273108449
192	173	0.23717632761324536
192	84	0.23638342202336984
192	100	0.2339933668694312
192	114	0.23027514563850265
192	147	0.2223338580230288
192	80	0.21331325909578872
192	179	0.2126259154820015
192	196	0.2059804100539829
192	50	0.20187841033164167
192	79	0.19824010505761666
192	57	0.18313058733009746
192	66	0.17946516535695287
192	72	0.17215826276578414
192	86	0.15703961402236874
192	32	0.1558982587199492
192	77	0.1553323040841348
192	106	0.1531065317909575
192	175	0.15187583145133268
192	156	0.15180744536318333
192	76	0.1482396003512374
192	52	0.1448147498182654
192	124	0.1432969158696804
192	131	0.1383274554710229
192	93	0.13624741371427548
192	125	0.12490430366791345
192	39	0.12474679669514165
192	38	0.12395916767043948
192	170	0.11649862910172057
192	178	0.10969678766381173
192	168	0.1082738919566322
192	45	0.10429931079396132
192	132	0.10249876958486384
192	166	0.10086582979544427
192	91	0.09218354123961778
192	117	0.0917542036789221
192	59	0.08937091324349998
192	36	0.08934611286709769
192	172	0.08856434837855814
68	92	0.6557496523742257
68	91	0.533567970579479
68	69	0.4089669011747581
68	77	0.5859394485255639
68	60	0.5624638792638696
68	61	0.5617524836207198
68	65	0.5226290876936853
68	67	0.4918592637511094
68	172	0.4524367650969543
68	76	0.4486429908467973
68	63	0.4396041298574367
68	43	0.4227452984552113
68	78	0.4104481093597524
68	93	0.4101653489119233
68	74	0.3883792764376682
68	84	0.3844917353035938
68	79	0.35829638622214194
68	35	0.355940729094134
68	30	0.3051875169568596
68	36	0.2828709663149153
68	167	0.2775448097777193
68	80	0.2770001690168545
68	187	0.2611293331224159
68	62	0.25827571872966393
68	38	0.2550529968022212
68	165	0.252349011584255
68	151	0.2298489634938644
68	59	0.22092655584172693
68	134	0.21937555660978034
68	86	0.2172423133213248
68	189	0.21354232675306875
68	175	0.1997479348777292
68	147	0.1988644800746594
68	178	0.1847730618289769
68	45	0.1836524257960104
68	17	0.17074117974980565
68	118	0.16150342285770086
68	50	0.15976935455888744
68	196	0.1584827786185788
68	120	0.15695183231157073
68	20	0.1568835559329917
68	169	0.15466864121118545
68	137	0.15210051835705207
68	40	0.15111373301448555
68	166	0.12973470113623142
68	72	0.12515039570702913
68	66	0.11946672783082207
68	119	0.11548248661898007
68	16	0.11471281968596678
68	117	0.10873835836555737
68	57	0.10742389500093756
68	133	0.10663305912048647
68	100	0.10470483330803873
68	171	0.09872932337183192
68	37	0.09654039125767552
68	164	0.09483812244126692
68	29	0.0943624180719893
68	128	0.09350703300777084
92	77	0.5972234128954289
92	65	0.595025209198663
92	60	0.5728468760138686
92	61	0.5184005360652354
92	76	0.5050259192309419
92	91	0.4595415903546405
92	78	0.450573791885533
92	93	0.4362176369583745
92	43	0.42093678927989137
92	80	0.418597211994548
92	165	0.4089502461170581
92	74	0.4046357950012869
92	67	0.3780049889036601
92	69	0.3737027450241343
92	84	0.34450917780834456
92	187	0.3206038571094733
92	172	0.3018283549967933
92	63	0.28523360245005025
92	50	0.2636713599562202
92	66	0.24856243910794285
92	36	0.2483654033160313
92	79	0.24543560088409336
92	175	0.23901578195519635
92	38	0.2150211555860828
92	167	0.2045436090962968
92	107	0.20126441421707167
92	164	0.1827633057773571
92	169	0.18150643101535432
92	86	0.1755137015523346
92	189	0.17400134458645736
92	30	0.16687459978266975
92	59	0.1618734884533554
92	113	0.1614839444618988
92	35	0.16054883376576182
92	62	0.1569225711901319
92	40	0.15042964551592286
92	147	0.14936413692354522
92	161	0.1424348773133968
92	20	0.13230972251899384
92	120	0.123624377970839
92	178	0.12063957650281094
92	118	0.11991028142085262
92	16	0.1155614189932099
92	134	0.1116920353898799
92	137	0.10637600835806764
92	166	0.08732500864224209
91	84	0.4804275698688112
91	80	0.44949721028390377
91	189	0.4299211918675069
91	65	0.3891941674361568
91	172	0.3859735115003062
91	61	0.34982996909850284
91	43	0.3294935335703684
91	76	0.3270309424664401
91	60	0.3249217186981919
91	169	0.32149181601829496
91	78	0.31864656752463466
91	77	0.3179276129120722
91	93	0.2986256387967463
91	187	0.2910105882306082
91	16	0.2897927515182673
91	74	0.2606633665867895
91	67	0.2603091507664841
91	159	0.2570153336023622
91	165	0.2431035780214661
91	175	0.23701588408947655
91	178	0.22161130465136636
91	45	0.20489810215911447
91	59	0.2034414641311693
91	167	0.19937346642760814
91	168	0.1980767804086888
91	151	0.19082191020945447
91	66	0.19028224387777076
91	79	0.19021477749250856
91	164	0.188074200381682
91	171	0.1804521324454486
91	86	0.1741758893535627
91	30	0.1720030006451541
91	63	0.1704207820504119
91	35	0.16253559741247964
91	131	0.15502000957167955
91	107	0.15448318101711975
91	147	0.1519539852001384
91	69	0.14735926061904112
91	132	0.14308142656112874
91	196	0.14245447150369075
91	71	0.14037686891908271
91	50	0.1395239088929232
91	21	0.13658108670267727
91	47	0.13563887166843766
91	52	0.12735468980306924
91	117	0.11987085637079853
91	170	0.11326191984450673
91	152	0.10652430861234387
91	125	0.10155865902339148
91	114	0.10152896835777674
91	100	0.09639079640519746
91	133	0.0948777625200914
91	57	0.09273280534855922
91	122	0.08891853698412476
91	118	0.0878092666466563
91	173	0.08730913063057283
69	40	0.3829567756487377
69	77	0.37581724867261657
69	76	0.3757399575329603
69	61	0.3366061055550214
69	20	0.3365174329375722
69	53	0.32868208554018025
69	51	0.3063206598147292
69	35	0.3061575406448653
69	118	0.2791131153928377
69	120	0.26680427316067706
69	65	0.26618185561967805
69	67	0.2636899694063609
69	17	0.26313160057158785
69	74	0.2622657805067817
69	32	0.2565483020650017
69	119	0.2546415735512074
69	86	0.25421135065959183
69	150	0.2424260110726517
69	93	0.238846057792938
69	16	0.23600573718102186
69	78	0.23572242674304925
69	30	0.2338610279403988
69	62	0.22921426231144584
69	63	0.22845615480036985
69	172	0.2264648060130884
69	2	0.22508872025387866
69	25	0.2212404261281655
69	36	0.21886148360403268
69	151	0.2186805771497642
69	60	0.2166991468278021
69	175	0.21162316224755387
69	107	0.20931036046975413
69	157	0.20719620788330556
69	43	0.2045436090962968
69	144	0.2033935330651173
69	46	0.20212780096384506
69	155	0.20021833817228965
69	29	0.19684668925128698
69	45	0.1932200973892171
69	133	0.18665580596128686
69	84	0.1865592881990384
69	48	0.1683713293762204
69	124	0.16414157585405326
69	79	0.16058780247836485
69	66	0.15180744536318333
69	130	0.15103555889842218
69	23	0.14866012427883227
69	104	0.14661568069771513
69	134	0.14578384896656124
69	47	0.14542169303271707
69	57	0.14480495951720554
69	19	0.13813127694325072
69	21	0.13573703054634378
69	117	0.12596731068665198
69	27	0.12038335248771667
69	38	0.11786954123925315
69	26	0.11404171558120045
69	128	0.11340999308836418
69	189	0.1080070494358888
69	114	0.10645510241638972
69	50	0.10407180736006257
69	153	0.09555357946481433
69	125	0.0955040357524791
69	152	0.0902408400976538
69	141	0.08810694565584054
77	43	0.5493011991700415
77	76	0.5207731282379873
77	78	0.4436450543587927
77	60	0.3949657187786669
77	80	0.3550845906549385
77	61	0.35495349643346896
77	63	0.3446061186111887
77	93	0.3392369558047921
77	172	0.3235973324913004
77	79	0.3053235398158916
77	38	0.27959253561892417
77	67	0.27053409086996816
77	165	0.26776997295258204
77	74	0.2514499268753434
77	84	0.24713581180049746
77	50	0.2377047559110116
77	35	0.2362417985711477
77	164	0.2310893812765675
77	147	0.21869962064257634
77	175	0.21608911576038706
77	187	0.21578403691695489
77	17	0.2065165885098472
77	30	0.205693120688605
77	118	0.19318159045186656
77	169	0.19246910488288652
77	86	0.1866654575393723
77	66	0.1846571561897098
77	65	0.17432133496643926
77	133	0.17262399777918244
77	167	0.17112949218854115
77	59	0.15847302977104005
77	124	0.15044919287554515
77	159	0.14883614159705602
77	100	0.13541309614672006
77	188	0.1350302272619788
77	25	0.13259463487879575
77	107	0.13227042254553095
77	196	0.12395916767043948
77	139	0.1226592386784546
77	36	0.11858933711973706
77	151	0.11820480409268395
77	134	0.11719893498821245
77	29	0.11116861626287096
77	178	0.10921265803866016
77	45	0.10030159654869718
77	20	0.09966799462495582
77	166	0.09936403498263524
77	131	0.0933434731740076
77	125	0.09277940097490077
77	120	0.09077840002487332
77	40	0.08861891671228943
77	57	0.08756019648964378
77	173	0.0871652341280992
65	61	0.5525606912417101
65	67	0.5405200405332746
65	60	0.4310291715221961
65	74	0.4276850035830068
65	62	0.3429130069387412
65	167	0.3301263035816149
65	63	0.2843882304016536
65	36	0.27982297651024163
65	165	0.2723311593820055
65	120	0.253603255482202
65	84	0.25276094660865217
65	172	0.2509158898190033
65	35	0.24231306023182864
65	137	0.2232462079596784
65	169	0.2209360677352816
65	189	0.2022333044963764
65	93	0.18715764020476425
65	187	0.1764439716653554
65	16	0.17317695785498766
65	134	0.172410545466102
65	76	0.16979930202636412
65	40	0.1647642671825009
65	30	0.1590579058679038
65	24	0.15435628092624196
65	59	0.15100624311780075
65	152	0.1437572338507106
65	86	0.1434732151993117
65	128	0.14164121895318166
65	78	0.13763097266904795
65	171	0.12579016286930012
65	107	0.12112241650722175
65	117	0.12032422158977847
65	80	0.11585740239058405
65	161	0.1154035527862877
65	119	0.11518647723410512
65	79	0.11456479099460876
65	175	0.11245236401387937
65	166	0.10879764853682444
65	32	0.10709769161366772
65	133	0.10659351377620582
65	20	0.1052388829854908
65	144	0.10509054192829012
65	43	0.10232065738025467
65	151	0.10145968943472176
65	141	0.09974719929652097
65	130	0.09100550817531997
65	38	0.0897240585638861
65	113	0.08883520050838996
141	32	0.4403137935636151
141	114	0.4270965208841832
141	145	0.4056137673114747
141	36	0.3881414853544689
141	139	0.3776620921839342
141	37	0.34577763899062136
141	166	0.32099857519621355
141	35	0.2980881587515386
141	39	0.28789545436102465
141	30	0.28035747518165505
141	67	0.26944010480360386
141	137	0.2693937340774397
141	170	0.2656056893309587
141	171	0.2654569704332869
141	167	0.26482477424667106
141	62	0.26203296108139623
141	86	0.2501848547445062
141	113	0.2449844623149243
141	147	0.2300099760080349
141	131	0.22874047764084945
141	2	0.2267683723849788
141	61	0.21364730825088132
141	142	0.2114130050264505
141	104	0.20757900402990126
141	119	0.20745460224916515
141	156	0.2025018377569302
141	144	0.20203188459022048
141	40	0.20062146754791532
141	134	0.19711582479695075
141	196	0.16854622127109092
141	157	0.16854622127109092
141	53	0.1565616613882297
141	26	0.1541610400738071
141	63	0.15030258481203054
141	175	0.14724186431387554
141	38	0.14101400201170364
141	47	0.14038667184866807
141	150	0.13478477727186894
141	24	0.13194618190778815
141	155	0.12800393045423414
141	107	0.12008768946418165
141	72	0.1194568705420368
141	128	0.11928929303100902
141	45	0.11795828990695705
141	60	0.11760328394390746
141	74	0.10934110565167504
141	153	0.1087778852323896
141	17	0.10866918552128904
141	52	0.09472217348474712
141	172	0.09323443048525913
141	120	0.08741233691310596
145	156	0.3952948288785562
145	38	0.3729712185132576
145	139	0.3656911779202722
145	166	0.3126772252568793
145	137	0.31110648693084986
145	36	0.3080956804404043
145	52	0.30123745438346977
145	173	0.28753773889427503
145	142	0.2848477266928981
145	62	0.2801178938048733
145	157	0.278624332322476
145	67	0.27815385758402084
145	32	0.2740153438148312
145	175	0.25433294559709657
145	155	0.24501266158606105
145	147	0.2406085898058889
145	24	0.2255063862916095
145	170	0.2250792268818303
145	114	0.2238827206156035
145	61	0.2207933849196886
145	39	0.21398130745161956
145	30	0.2099891537928069
145	196	0.20328808128846174
145	35	0.1991429953510647
145	134	0.19299867437433305
145	47	0.1910146202519421
145	167	0.18751465511234128
145	63	0.18517869107095736
145	171	0.17824547195731918
145	86	0.1760563973220183
145	153	0.163275428337379
145	40	0.16297367732210655
145	74	0.15041987179200308
145	79	0.1439628877493183
145	50	0.14097479718853795
145	26	0.13811165849404833
145	66	0.13143519998770414
145	60	0.12305320121265215
145	37	0.12156579052325325
145	125	0.1155614189932099
145	72	0.115137140346226
145	144	0.1138048304252934
145	119	0.11368638299300655
145	99	0.11252147828233004
145	122	0.1023701336512449
145	19	0.0939352384635814
157	155	0.4490981444987072
157	150	0.39279443422267296
157	53	0.3721186204317424
157	119	0.3668514104311354
157	153	0.3366681728355433
157	47	0.326968427482052
157	120	0.31299297222305844
157	40	0.2777570790657714
157	125	0.2712197938365444
157	20	0.2616138092581839
157	48	0.2615579148879983
157	19	0.2539120058102721
157	173	0.24571750852833016
157	51	0.24340464279852694
157	144	0.2427365919923441
157	2	0.2352784931719019
157	52	0.2297163555040002
157	45	0.21850917821999236
157	147	0.21525958423997696
157	32	0.21168047445800167
157	137	0.1899256154987911
157	130	0.18734097836642735
157	29	0.1860090682386677
157	17	0.18343983741708866
157	122	0.18240564050508348
157	46	0.17842942914992171
157	86	0.16421941943514384
157	27	0.15351665991742566
157	62	0.15301864032499354
157	152	0.15292098030136736
157	151	0.1464982581712999
157	124	0.14334588881845106
157	156	0.1412492216588609
157	74	0.13674791158074764
157	104	0.13585481768223387
157	66	0.1323490220764774
157	21	0.12424470129420465
157	30	0.1238016230871685
157	134	0.12072826568795547
157	50	0.11922028855039725
157	171	0.1179188462871963
157	67	0.1173074226742245
157	117	0.1160152517931234
157	99	0.1114648988344129
157	114	0.10640566878774936
157	118	0.09989570464789313
157	179	0.0961599560711711
157	188	0.09237787215612936
53	155	0.4809273867942018
53	27	0.3663233861096576
53	119	0.4250421756248152
53	29	0.4205006015324757
53	17	0.4187786460854081
53	120	0.3741844380728555
53	51	0.3724717928991664
53	48	0.34768675359267115
53	20	0.33495581906137545
53	128	0.3170463950416662
53	150	0.3158675852457533
53	130	0.3122531134735445
53	40	0.31022106876543976
53	2	0.30375398719143165
53	16	0.29909919303651955
53	104	0.2887206449130977
53	46	0.2838826335365209
53	24	0.25420199686992184
53	26	0.2521242811837266
53	144	0.2412114456942712
53	125	0.2361568196814415
53	19	0.2196420650547382
53	30	0.2041028131733629
53	39	0.20366193447239014
53	133	0.20298128567528645
53	118	0.1929794192697776
53	57	0.18793914889328509
53	124	0.17080913825893015
53	117	0.16728287534825606
53	74	0.1384451573784968
53	107	0.1371796575789441
53	32	0.1370521016785119
53	25	0.12229478891179547
53	99	0.11848088268280176
53	58	0.115137140346226
53	151	0.11340999308836418
53	153	0.11245236401387937
53	131	0.1080959986739601
53	93	0.09982640270402517
53	23	0.08714737086007884
153	47	0.4880062508687824
153	155	0.3744338069478069
153	46	0.32787907693792423
153	52	0.2779970029951244
153	173	0.26987592853423265
153	45	0.2655963947700941
153	66	0.2644062838754157
153	119	0.2632805161825375
153	150	0.25850902707361195
153	179	0.2450784582731785
153	170	0.2385442899194804
153	171	0.2254684200743751
153	137	0.22236237486247976
153	40	0.18513040518130308
153	51	0.18418382154933707
153	122	0.18350748103620407
153	168	0.17586258967139465
153	19	0.17369101578754256
153	166	0.1626037473895627
153	32	0.1614839444618988
153	156	0.1604806373144146
153	48	0.1583755395965252
153	62	0.15248147325839992
153	26	0.1458523605621541
153	71	0.14513781383479232
153	144	0.14381599337527665
153	50	0.13997492513070894
153	151	0.1255834802772903
153	152	0.1244908344574416
153	120	0.12156579052325325
153	60	0.11158340631787243
153	130	0.10546633017496072
153	104	0.10026199880626044
153	147	0.08973397805091876
166	171	0.6467317029763511
166	139	0.5942495217061562
166	196	0.4949233448386418
166	137	0.5617867043668692
166	170	0.5294135653279569
166	61	0.505614193972822
166	63	0.4826244268885819
166	167	0.481634285965705
166	175	0.4719762885150621
166	62	0.442342969596539
166	60	0.42949720988095735
166	67	0.3678375764274852
166	147	0.356700270088345
166	36	0.3488466509643632
166	79	0.3401038872360424
166	131	0.3352043810306395
166	35	0.3350801058761795
166	38	0.3251631924948162
166	165	0.3217069937344096
166	93	0.31616462940282075
166	52	0.2937267118223309
166	156	0.2806983576894451
166	173	0.2646480904692517
166	119	0.2468071600246652
166	172	0.2452946314904417
166	142	0.2403353595716132
166	169	0.221164340567764
166	72	0.20789476300444956
166	74	0.19689475134725035
166	151	0.19689475134725035
166	168	0.1806843072725396
166	32	0.1742243720692747
166	132	0.1703042648572916
166	30	0.15088897733967516
166	40	0.1481124546489946
166	99	0.1402494283306308
166	152	0.12477632973170967
166	114	0.12256074199951345
166	125	0.11064513545318663
166	150	0.1080959986739601
166	179	0.103686015788136
166	144	0.09781523725672192
166	134	0.09712089680285303
171	170	0.5980269678434869
171	131	0.40904184556271295
171	137	0.5589054610680694
171	62	0.4588787245519894
171	196	0.4510677834428546
171	67	0.3931157570082906
171	60	0.3904238380874757
171	167	0.3870197743336529
171	63	0.3832127494653816
171	35	0.3515226288166143
171	52	0.3466753686370159
171	175	0.3350357190664273
171	61	0.3281735685158165
171	147	0.3087833778410721
171	139	0.3065834250846156
171	132	0.30524192759523705
171	172	0.3040625847039041
171	151	0.2928858581876233
171	169	0.2904246789708693
171	119	0.28929802326024645
171	165	0.2644062838754157
171	156	0.2534722548775195
171	168	0.2519650806927853
171	142	0.22481339511982396
171	72	0.2179663260351687
171	30	0.21604144997072133
171	45	0.2123776563059316
171	36	0.21222486779844066
171	46	0.2080287082725138
171	38	0.19625064072677284
171	150	0.1925942859837036
171	86	0.1815257720534513
171	32	0.18061659169351285
171	152	0.17859401185564674
171	173	0.17665711424368746
171	40	0.17537801092736274
171	125	0.17148863386990515
171	178	0.16428753089082654
171	144	0.1590579058679038
171	79	0.15329207248538668
171	93	0.1452063385895427
171	20	0.1406611426955844
171	189	0.13953371421003058
171	39	0.1313565811781532
171	114	0.12415608961070795
171	120	0.12167416346707068
139	142	0.5394290626126628
139	38	0.4629503833939048
139	175	0.4529774033445227
139	196	0.43756078864745096
139	170	0.4332656030711903
139	79	0.41130422544404494
139	36	0.4028111200109771
139	131	0.3572150929837216
139	147	0.331542275575168
139	61	0.3172532607174146
139	114	0.29180670863726776
139	137	0.2902690101906659
139	173	0.28386424521911324
139	63	0.28342286298920993
139	93	0.2683175829278062
139	156	0.26546626573458
139	167	0.2607472495335328
139	164	0.24854367468038546
139	52	0.2399867001847797
139	169	0.2382424759721053
139	35	0.22558231667120404
139	60	0.21829014885609369
139	72	0.2172423133213248
139	37	0.21339916221718652
139	165	0.18906757453550596
139	100	0.187418169478004
139	67	0.18016188563309035
139	132	0.1764730375372376
139	172	0.17643428297301195
139	99	0.17018774290166402
139	32	0.15887270716255153
139	30	0.15146549313349705
139	62	0.15105510260458266
139	74	0.13754267638119638
139	59	0.1151075379408174
139	71	0.10274613674156144
139	106	0.09364283339881986
139	58	0.09358633292917587
196	142	0.3841167187974535
196	63	0.3459625175063823
196	167	0.34466780438668826
196	175	0.3292439090238093
196	170	0.32574434436685223
196	169	0.32332872099284804
196	172	0.3208191716980078
196	79	0.3170823738487047
196	60	0.31548043478816
196	38	0.3099499146717123
196	72	0.30883765600492946
196	61	0.3078874979699581
196	67	0.3076883393196197
196	131	0.2774063586830155
196	62	0.2742465568688717
196	132	0.2688650195490996
196	35	0.2627406374476526
196	137	0.2602438928372623
196	156	0.2530323991555099
196	93	0.2507753283472561
196	178	0.23822361107176654
196	52	0.2314111991960803
196	147	0.2218585213931385
196	100	0.20172492615813814
196	36	0.1849565685783872
196	165	0.17691867567280248
196	99	0.14992137292360688
196	30	0.14386495887113726
196	151	0.1322409472925191
196	57	0.1239394749391252
196	152	0.11186978629441682
196	125	0.10691975277015718
196	173	0.10678135115605464
196	37	0.0941532927114228
196	168	0.0926128445272597
196	45	0.08936992123057146
196	114	0.08697468971492553
170	131	0.3795809774792536
170	175	0.3639400214054204
170	173	0.3560455213613353
170	167	0.3451259483679065
170	61	0.3106277052715689
170	114	0.28474664873121897
170	66	0.2845260930198051
170	168	0.27780322097517224
170	137	0.27412633003582965
170	169	0.26465739005852235
170	60	0.2585930106969009
170	156	0.25638948403528705
170	142	0.255239976855528
170	62	0.2460463482514163
170	36	0.2443451677367462
170	132	0.24260483646317346
170	52	0.2338988399474529
170	165	0.22602835227867096
170	179	0.2218775368846907
170	32	0.22161130465136636
170	63	0.2209550913962982
170	178	0.20371944507854464
170	147	0.18556494598083492
170	37	0.18455090484111691
170	35	0.1814677485179101
170	189	0.15083034285791666
170	93	0.14901214948434668
170	38	0.14031805076367046
170	67	0.1354327293594134
170	79	0.13029506591442544
170	72	0.12206822242651433
170	24	0.11548248661898007
170	45	0.11107972763527643
170	30	0.103567304406445
170	172	0.10236023843755812
170	151	0.10199410130626184
170	2	0.1001729027246918
170	122	0.09969769652486243
170	71	0.0990362922483006
170	125	0.09544557356335766
170	119	0.0933196822328103
170	159	0.09153208493623556
170	50	0.08769217526910066
131	132	0.4281832957008448
131	142	0.4055469269449661
131	169	0.3090818828454577
131	72	0.2783752741022462
131	39	0.24807450339381704
131	29	0.2417952848695221
131	100	0.2372990109905177
131	137	0.2364023043916536
131	167	0.2347777694434935
131	93	0.2338043086034237
131	172	0.2293658504822774
131	63	0.2268252861768528
131	79	0.2171946725150193
131	147	0.204313638952496
131	60	0.20231962207722698
131	16	0.18569046648674808
131	151	0.18432872899279112
131	119	0.1748448761517507
131	67	0.1729441458453111
131	159	0.16221429807143198
131	74	0.1603539826973422
131	99	0.1534678379109604
131	133	0.15322371664417378
131	173	0.152598681041233
131	35	0.14062193389728173
131	152	0.1403278538583609
131	175	0.13996512104678266
131	125	0.13906302815697674
131	52	0.13845496569430135
131	61	0.1372385279988168
131	120	0.13228024757788825
131	30	0.1311993386029465
131	156	0.13076688750368073
131	38	0.13006896380758132
131	168	0.1295773908470259
131	17	0.12905625396533218
131	124	0.12395916767043948
131	25	0.12148697201620473
131	130	0.11685372829868552
131	165	0.11438714984971195
131	20	0.11359754529771016
131	189	0.10841224860547537
131	178	0.10340901797471458
131	114	0.10321115257013903
131	36	0.09888281016249698
131	128	0.09598954369310404
131	150	0.0937052805845746
131	62	0.09358930665313583
131	58	0.08891159232534585
19	20	0.5417717151352694
19	150	0.4081088115640949
19	119	0.3280397166114826
19	17	0.32250465424132524
19	128	0.3058946997232331
19	120	0.2936992998422273
19	29	0.2647410841467029
19	144	0.2606540460164013
19	25	0.2549127492423657
19	152	0.2399867001847797
19	117	0.2349006000157429
19	16	0.22353123720080784
19	48	0.21411489312887808
19	118	0.20557819501161392
19	79	0.1939419921359056
19	155	0.18519800517647106
19	130	0.17621143361666822
19	40	0.15872648975971712
19	124	0.15187583145133268
19	132	0.15006799816245978
19	27	0.1470168431356792
19	71	0.12930208214962274
19	151	0.10609916855899396
19	74	0.10443778580258542
19	93	0.10424985445340104
19	99	0.10259771797054858
19	46	0.1020534767750317
19	52	0.09798063672731323
20	150	0.4699451989330376
20	29	0.3906018130304679
20	119	0.3740210291160572
20	144	0.3732983112776235
20	25	0.3649979592950973
20	120	0.3557049137637781
20	17	0.3449497585927705
20	40	0.3002278430551235
20	128	0.2965384310557938
20	132	0.2926847172980813
20	21	0.2827053607616484
20	16	0.2492190764496319
20	133	0.24890016688962555
20	151	0.21794727613851225
20	175	0.2152500475863348
20	61	0.2093199223414698
20	63	0.2087748318175053
20	172	0.20508011825679007
20	24	0.20404531194676287
20	79	0.1964621584419763
20	60	0.19551980274127115
20	137	0.18873006350665986
20	117	0.18725413560022885
20	130	0.16756474643370306
20	48	0.16384964422445306
20	46	0.1547272053243188
20	58	0.1536728853004012
20	36	0.1523544933200031
20	2	0.15159250819836026
20	124	0.14848409754032424
20	104	0.14824938058694778
20	169	0.13590389452225235
20	93	0.13364567332947813
20	32	0.12385085644027505
20	51	0.12019610171580924
20	45	0.1196638686580279
20	62	0.11539368595470133
20	152	0.1136666414399958
20	74	0.11295588587046235
20	35	0.11269919568599272
20	118	0.1019248290075685
20	99	0.09954126452365976
20	72	0.09706047182553212
20	23	0.09089939331669143
20	114	0.09051756111224213
93	79	0.5659811931232924
93	61	0.4138599325584333
93	63	0.4124584169140288
93	30	0.3570929512433691
93	147	0.3503652024008793
93	67	0.3478537742022605
93	78	0.3470888148494388
93	100	0.3462089804074169
93	175	0.33214739326813764
93	38	0.3280664880463416
93	35	0.32144698314705056
93	74	0.3194010754598329
93	99	0.30319108647442444
93	50	0.29400994065559344
93	43	0.28667522329708817
93	172	0.2827329628579122
93	151	0.27213672275979983
93	125	0.26649773707436725
93	167	0.2616883323555076
93	134	0.2534628973356409
93	128	0.21624163936474294
93	142	0.20360442246069188
93	72	0.19446162637678188
93	118	0.1877558533637941
93	57	0.18430940846317376
93	124	0.1832272318787164
93	119	0.1809358072790127
93	152	0.17342914902687254
93	60	0.16912911755694068
93	132	0.1667968265151293
93	16	0.16572723400089995
93	156	0.1610846096413192
93	76	0.15984731146257872
93	120	0.15622997767346405
93	17	0.15022439114134062
93	25	0.14787771126089433
93	29	0.14666460553112565
93	144	0.14273857470874166
93	52	0.1376015408160739
93	36	0.13108140233870738
93	48	0.12871206786344794
93	150	0.12302365536629956
93	71	0.12026508983804858
93	133	0.11474242481314526
93	130	0.1036662307629074
93	80	0.10177638503977816
93	59	0.10045008525199488
93	27	0.09807868535560088
93	62	0.09740617226462203
93	114	0.09216668567589438
137	62	0.5228325783845995
137	60	0.4964620929176817
137	67	0.4632881572181841
137	167	0.4515614987761018
137	165	0.3638532634821596
137	119	0.3604299870866088
137	63	0.3544202361478479
137	61	0.3534142823407218
137	36	0.3462089804074169
137	175	0.3238658918416381
137	35	0.31238848183111945
137	147	0.29692145061240555
137	172	0.2469480177427689
137	30	0.23938346753015
137	40	0.19179494521399776
137	32	0.18977138229156093
137	173	0.18166115538715907
137	151	0.17822610731725408
137	38	0.17061496678060914
137	45	0.1657953106249119
137	134	0.15386815622509295
137	47	0.15275495140724238
137	156	0.15011687177549712
137	120	0.14623404239649435
137	46	0.1410434053388435
137	24	0.13611000996433056
137	169	0.11760328394390746
137	48	0.11578834143624946
137	133	0.11292626854107228
137	144	0.1121660218888603
137	125	0.11105997436551313
137	130	0.1110500976977235
137	74	0.10965726882583816
137	152	0.10873835836555737
137	72	0.10203368503288043
137	52	0.09715358542661083
137	23	0.09410670915291414
137	86	0.09340394133638676
62	67	0.5880957445928631
62	61	0.5612046902404321
62	35	0.5471048559982926
62	60	0.5083334863396167
62	63	0.4787335655695506
62	36	0.4321358529440859
62	167	0.4272763734657176
62	32	0.3877167298635781
62	40	0.3115038461236244
62	38	0.3044346321387973
62	119	0.3043892654705381
62	30	0.29460363991283384
62	175	0.2589475651082549
62	150	0.2399772760983261
62	72	0.2341918590047811
62	46	0.2136282210727719
62	48	0.2095302733887543
62	57	0.20935816942801871
62	165	0.2022333044963764
62	147	0.18612491372749815
62	120	0.17353583844743567
62	74	0.17027513481475007
62	172	0.169527362009239
62	151	0.16590228498418444
62	144	0.16464752254646875
62	152	0.16299314605025614
62	79	0.16295420846704095
62	134	0.1551761607047602
62	47	0.13687547831337424
62	45	0.12669550053003945
62	169	0.11970329569162876
62	86	0.11099083723039367
62	52	0.11069452306262058
62	37	0.09713971755121756
62	24	0.09539305612018947
60	61	0.6398855989546314
60	165	0.565137816701513
60	63	0.537476376073793
60	67	0.42616401630044826
60	167	0.41030673899741177
60	36	0.3966186811283472
60	45	0.3618647813690479
60	38	0.3468425227007155
60	76	0.3146337401793416
60	175	0.3139488122668745
60	74	0.2948136636780948
60	169	0.2807812643536416
60	35	0.2721552414910874
60	172	0.2669621646292859
60	80	0.26692501498449744
60	119	0.22104069579002444
60	173	0.22010837593888646
60	178	0.21998467060049848
60	151	0.21602238336650254
60	40	0.20629638734774164
60	43	0.20186881786120248
60	147	0.19295053633425974
60	66	0.18194157038169045
60	187	0.1793780626474187
60	164	0.17858433079656805
60	24	0.16954678715284516
60	59	0.1569225711901319
60	120	0.1446776830239069
60	30	0.14305204060383886
60	84	0.1360609359271387
60	79	0.13518730656100195
60	189	0.13123864986596304
60	32	0.1299313298131614
60	86	0.12279712996920733
60	37	0.12221598462220687
60	17	0.11443649534644378
60	72	0.10849130766237727
60	150	0.10335955239024634
61	63	0.6330023238479013
61	36	0.6118543782770607
61	67	0.5778440921772843
61	35	0.5660899297217504
61	38	0.4737775060260464
61	79	0.4388939168697805
61	74	0.4214714708535761
61	175	0.4161611205213721
61	167	0.37758492614032896
61	172	0.3545251580405163
61	32	0.34982996909850284
61	30	0.3246623107579064
61	165	0.3235257078559375
61	169	0.2866476885408001
61	40	0.28593161876334644
61	76	0.26450859072431515
61	147	0.2138286283056353
61	37	0.21136523929451015
61	120	0.20328808128846174
61	59	0.20275116280571245
61	134	0.19850908636118944
61	119	0.18407755100151416
61	151	0.18002642638003702
61	144	0.1733418546548392
61	72	0.1697798785964644
61	150	0.16600925543912434
61	133	0.15962317999384978
61	86	0.1571956642696063
61	24	0.15594704312628474
61	114	0.15584947355306733
61	152	0.1424348773133968
61	43	0.13778793844563006
61	45	0.12955772660207207
61	66	0.12949873325583158
61	25	0.12007783366287796
61	57	0.11974272234766772
61	29	0.11087231392827644
61	189	0.10796751588602292
61	178	0.09329688248082914
61	78	0.08872011475933149
61	17	0.08740737511552063
165	164	0.4283384482989689
165	175	0.3869942675666836
165	80	0.3735994988436208
165	187	0.34737902628530704
165	169	0.30776981657286184
165	172	0.2713587541556985
165	45	0.2662654768659675
165	76	0.22268553910901712
165	178	0.21975627292759856
165	173	0.21767103398085186
165	167	0.1999399473568522
165	122	0.19694281249690546
165	74	0.19659675110600788
165	63	0.17031397480532856
165	84	0.17018774290166402
165	43	0.1596134347738904
165	37	0.15944776127630994
165	147	0.15860951082398608
165	189	0.15115281936379313
165	107	0.13993570863034346
165	24	0.13923954280202733
165	159	0.12635110338480238
165	25	0.11563048362350345
165	36	0.1155614189932099
165	78	0.1037849396831168
165	66	0.09693466670881834
63	74	0.464630065402618
63	151	0.34546944846678784
63	35	0.4922533616400498
63	167	0.4628718120624524
63	36	0.4547797689921271
63	67	0.442745046983604
63	79	0.4388051016480173
63	30	0.4048113967506221
63	38	0.3873088096253618
63	147	0.3553904228604619
63	172	0.3538430062520728
63	175	0.33115058338435344
63	57	0.3194280146902821
63	169	0.3011192464755213
63	59	0.2519182544229895
63	72	0.22904371232868825
63	119	0.21465869494457376
63	76	0.21434387851248776
63	40	0.20632511042398602
63	150	0.20033352491828407
63	99	0.1998247417112058
63	23	0.1900509230780748
63	100	0.18239597320562695
63	124	0.18058757020686453
63	32	0.17678305434502842
63	152	0.17406922440680964
63	29	0.16206824154043353
63	132	0.1611722730275408
63	45	0.15999347528245114
63	86	0.1593892861322708
63	43	0.15498097057776208
63	17	0.14801464693058872
63	134	0.14289531123971475
63	120	0.13586463310358396
63	142	0.12727598653873992
63	125	0.11935829635922103
63	46	0.11884567271827867
63	56	0.11415028361240308
63	178	0.11373573648274052
63	52	0.09156183351086096
63	37	0.090736745976236
63	24	0.08769217526910066
36	32	0.5513159901959893
36	38	0.5239579669263902
36	67	0.4309477466274873
36	35	0.4304020188318531
36	37	0.3457072020163793
36	40	0.3386085125603091
36	114	0.3344407923950629
36	30	0.3013920199859525
36	79	0.2920994329235589
36	24	0.243921988286925
36	175	0.2360340660192008
36	72	0.2357979801131206
36	167	0.20277034056726329
36	172	0.19929664518481188
36	134	0.1779743544387893
36	39	0.17581413562789466
36	74	0.17269191102530695
36	66	0.16909026148042988
36	147	0.15330183748582246
36	144	0.15316512475602462
36	169	0.15012664641007148
36	86	0.14498118059638473
36	2	0.14322835256247546
36	58	0.1412002188799525
36	150	0.13847458224442805
36	161	0.13362603050029714
36	113	0.12693164092523834
36	133	0.1263806243348536
36	26	0.12608540476936247
36	104	0.12263953953590825
36	155	0.10088562627719347
36	59	0.0985688998990437
36	120	0.09671672925719584
36	29	0.09171354869819362
67	35	0.5855781609015609
67	167	0.4831382000327824
67	30	0.4350509164759596
67	86	0.3507248208538621
67	38	0.3470888148494388
67	134	0.31728024097167623
67	32	0.2963468854891085
67	147	0.27984141038911103
67	172	0.27863355598159073
67	119	0.2638574456234346
67	79	0.25891957650608016
67	47	0.24656298194259585
67	120	0.24264248181356854
67	152	0.2310231183659396
67	40	0.2289394804154429
67	46	0.2192518094138821
67	48	0.21863296768898172
67	151	0.20982664421868105
67	74	0.2063921295523521
67	66	0.20175370519559105
67	125	0.19833617323891448
67	175	0.1917178868558906
67	72	0.1894821697882214
67	39	0.1752423136390248
67	50	0.17205152097622
67	144	0.16518256419753902
67	117	0.16075341392039744
67	59	0.1395631299971649
67	114	0.13711097419761062
67	52	0.12799409429170594
67	100	0.12680373332873196
67	24	0.12025523446311465
67	17	0.11711017025530285
67	57	0.11403184562507385
67	118	0.11175128648609008
67	124	0.10717677334269746
67	43	0.09437827557979117
113	37	0.3606387906742801
113	114	0.3612215093599242
113	107	0.3166865567933334
113	161	0.31446253888110504
113	2	0.31291178675039377
113	106	0.2959089775406035
113	58	0.2239017180610852
113	189	0.20552073004652616
113	84	0.17050816681801378
113	86	0.15914562766434315
113	187	0.15370217670468325
113	32	0.13822936756301848
113	45	0.137307208929958
113	78	0.13348852775708692
113	21	0.11742576968392875
113	188	0.11294601344963275
113	104	0.11019074383733407
113	76	0.09482623035896724
71	179	0.2955987174594024
71	80	0.2848844807450101
71	78	0.219166134145546
71	159	0.21844251943877996
71	187	0.18459920144359374
71	107	0.18295661822350756
71	122	0.18060691789957264
71	173	0.16772024979219555
71	164	0.16578558548963868
71	104	0.1551371236481103
71	50	0.14933480608148672
71	43	0.14873835536167396
71	51	0.12349636270249288
71	84	0.09945611592279843
71	21	0.0949976719263528
78	84	0.4915863086236397
78	80	0.4642614490486551
78	76	0.4439742978697238
78	43	0.4078670832745543
78	187	0.28123257154738385
78	79	0.2583223828096708
78	107	0.2514030876397826
78	118	0.24413829162268366
78	159	0.22827606350616025
78	189	0.19287351353825466
78	188	0.19015694773226804
78	50	0.17939741904818668
78	86	0.16793405328164587
78	133	0.16731203569509495
78	100	0.1601591191304639
78	172	0.15606412259710792
78	51	0.1528819154554835
78	74	0.14947168109516093
78	169	0.13145485443179988
78	57	0.11896397611525833
78	164	0.1119389097135704
78	21	0.10585197626581183
78	25	0.09646410833439883
84	189	0.6188628644384186
84	80	0.5489379959985035
84	45	0.3738661992054336
84	76	0.5175517634153897
84	187	0.4637356965136393
84	169	0.4317454078557098
84	159	0.4139428011241814
84	86	0.37754205384979056
84	164	0.2947862708887187
84	172	0.2700335396888303
84	188	0.26620043846514196
84	21	0.2572581425821832
84	74	0.2524520039223368
84	43	0.20517591050647185
84	66	0.20444779094551935
84	50	0.16592173444828442
84	107	0.16046115233257705
84	122	0.1452063385895427
84	57	0.1412492216588609
84	59	0.1407395589684422
84	178	0.1366203403124745
84	25	0.12229478891179547
84	114	0.11660713479843472
84	16	0.11561075098604705
84	47	0.09928482421006388
21	107	0.29675731106420883
21	29	0.2715625421603252
21	25	0.2405049552377003
21	189	0.2375160476523541
21	125	0.2363645394765461
21	122	0.22680631508500174
21	132	0.1989413150856003
21	51	0.19564482992355486
21	16	0.1954043873930985
21	80	0.1748448761517507
21	56	0.16302234890448164
21	100	0.16269136650899854
21	120	0.1488068060319904
21	130	0.14755491189988873
21	114	0.14218994052018294
21	144	0.14091598912478778
21	117	0.14028864131454008
21	76	0.14022982167367992
21	52	0.13908264133190876
21	159	0.13624741371427548
21	187	0.13363585192801258
21	45	0.1298526795678361
21	164	0.1276596497962193
21	17	0.12728582453445073
21	2	0.12535710112092044
21	188	0.12439238302892615
21	128	0.11878651975418066
21	27	0.11373573648274052
21	23	0.1111883690497257
21	150	0.11100071402977152
21	118	0.11076366479733432
21	86	0.10632657388793444
21	26	0.10490263654278678
21	169	0.0973952766205345
21	99	0.0971258496381049
21	156	0.0968930611852997
21	24	0.0968048959808536
21	46	0.09167685979458574
74	57	0.3306964336853666
74	172	0.3207115185469726
74	169	0.3196435099441149
74	79	0.29797881762691464
74	151	0.29133091508418923
74	124	0.2873817865243238
74	175	0.2850590510519587
74	30	0.2850039256289401
74	76	0.24357397113031945
74	147	0.22890157659978366
74	99	0.2179377511279048
74	38	0.1930853205051182
74	16	0.19248836392162189
74	189	0.1914866976023355
74	40	0.18414517821186333
74	167	0.18205759551975406
74	150	0.17273071785737584
74	56	0.1550395288870919
74	35	0.1491881479300578
74	29	0.1380920399364641
74	25	0.1311108867527316
74	164	0.11551208643028192
74	120	0.10743377959138664
74	159	0.10618815457601168
74	59	0.0987590308594542
74	144	0.0986996157082291
74	100	0.09685640841973096
74	133	0.09683758662720922
74	43	0.09392136197893976
74	130	0.0908736080859492
74	86	0.09041837955769244
151	30	0.2599548648629789
151	35	0.25982432082730106
151	167	0.24474005127299736
151	48	0.23866688867773644
151	119	0.21588891252461406
151	46	0.20161940004100815
151	17	0.1981536404377149
151	172	0.19464443470864773
151	120	0.1846571561897098
151	152	0.17837133875176042
151	124	0.17834229308637636
151	72	0.1729150429846522
151	79	0.17202240887774142
151	100	0.17192536637963207
151	128	0.17175068147530964
151	178	0.16729259549639172
151	125	0.1670106980037062
151	16	0.16656349426255074
151	39	0.15955496280089942
151	45	0.1589116972932688
151	132	0.148190698737776
151	86	0.14791683631674502
151	99	0.1378075586812392
151	52	0.12902675351662515
151	150	0.12061986753340832
151	168	0.11297563064521092
151	117	0.11222526661708647
151	38	0.11210677636319928
151	130	0.11185003654721316
151	29	0.11024013646516102
151	144	0.1099240142482174
151	134	0.10096481140516612
151	25	0.0909033602644502
151	24	0.08751653366012684
100	30	0.3857777585028629
100	99	0.35805230710588065
100	147	0.3072356057640062
100	79	0.3008191386890965
100	125	0.291431575750742
100	142	0.2553895471547149
100	57	0.25206809433301963
100	86	0.24581146850985594
100	156	0.2359585215593024
100	72	0.210046507343438
100	163	0.20641127751908692
100	152	0.20522380515737787
100	134	0.2001607427234353
100	107	0.19755791154205665
100	106	0.19637563067643404
100	114	0.1913132917152872
100	124	0.19116877768559085
100	29	0.185854599542528
100	128	0.18339151948265472
100	43	0.1725851894730177
100	132	0.17064409334751085
100	167	0.16553272065947974
100	159	0.16383991267556738
100	35	0.16367447146705025
100	188	0.1626037473895627
100	189	0.15484433028809827
100	175	0.15132870208509885
100	16	0.14280714782241796
100	117	0.14242508017638536
100	52	0.13742494459712332
100	172	0.1095189501635962
100	46	0.101538865266414
100	118	0.10099450549842118
100	56	0.09833419707182783
100	169	0.09557537854828116
100	50	0.09515820747602413
100	17	0.09120186479808756
99	56	0.3775763518117185
99	57	0.3693498185850244
99	79	0.3620994029875968
99	124	0.3197153343494294
99	30	0.269681212435294
99	163	0.2618746264461675
99	125	0.2406180108582859
99	142	0.2147922399606333
99	29	0.2115658485816567
99	46	0.2070047860071927
99	106	0.19178531304853416
99	147	0.18545873159160936
99	168	0.16301261465147535
99	38	0.1583950378785307
99	58	0.15282331729084225
99	16	0.14771142461115394
99	128	0.14459935664806492
99	86	0.13743475572748606
99	152	0.13026557510328513
99	25	0.12599683454217106
99	133	0.12270848611193926
99	52	0.11689318192249964
99	35	0.10713723264763453
99	156	0.1069296384412518
99	59	0.10341891103023394
119	17	0.6025874982768089
119	120	0.5865563830116806
119	46	0.4407892830036392
119	152	0.4361285641256156
119	48	0.3874023047491798
119	150	0.3372532347465779
119	40	0.32977876237032544
119	29	0.32532415147393384
119	155	0.3164346157648142
119	130	0.3097691172564153
119	16	0.28845479694850124
119	144	0.2883081031666102
119	167	0.2795648805465472
119	2	0.24581146850985594
119	134	0.2382707729855296
119	51	0.22568671646822525
119	27	0.22434810902250052
119	117	0.21408626830064034
119	125	0.2127213924736015
119	128	0.20755029652242502
119	147	0.20495558245845316
119	26	0.19309494766711932
119	118	0.18513040518130308
119	30	0.1829179568655601
119	132	0.17656023330614104
119	47	0.1750581423840806
119	35	0.14345362683437582
119	24	0.13464731804999536
119	124	0.13174965868329466
119	156	0.12922341885836022
119	52	0.11323230459176185
119	104	0.10546633017496072
119	173	0.1017862814453801
119	133	0.1007470492281808
119	32	0.09632838137095202
120	17	0.6244765498556399
120	117	0.5264996749039987
120	16	0.4723026639193548
120	152	0.4675184988667939
120	48	0.4354886081856387
120	46	0.4260821743897923
120	150	0.4079754513054856
120	144	0.3983784495054299
120	29	0.3861266852575853
120	25	0.3004825833418621
120	118	0.29272129029613786
120	130	0.2810944294848077
120	40	0.2485155276892679
120	2	0.2426518930369929
120	128	0.24083468254714546
120	51	0.2081339455101478
120	155	0.19528896663215928
120	132	0.1864338097243943
120	124	0.18542976327867894
120	104	0.16703014008729794
120	27	0.16328516173283142
120	59	0.1537509951115116
120	133	0.14882636310447284
120	24	0.14807333190920174
120	32	0.14750600016167245
120	134	0.13923954280202733
120	167	0.13516767202007485
120	125	0.13271252324200233
120	30	0.13019676231432584
120	26	0.11886539018553086
120	172	0.11378508941115215
120	72	0.0927684956519612
46	152	0.5389609452709783
46	48	0.33740389035104223
46	17	0.3296183285744594
46	47	0.30711787224558695
46	16	0.27723097075560715
46	117	0.26809484722681953
46	40	0.23218713984450126
46	150	0.2295647930713122
46	51	0.20959719920155345
46	155	0.19939267135544425
46	30	0.1861538742912757
46	29	0.1805005038603668
46	144	0.17700585726480028
46	35	0.17326425737082218
46	125	0.17118773447226712
46	167	0.16503665337527207
46	86	0.15025371398815074
46	59	0.1453727500503295
46	128	0.1254260005080199
46	106	0.1231615341159009
46	147	0.12167416346707068
46	23	0.11990042519379022
46	124	0.11206727890327528
46	118	0.10547621893306308
46	32	0.09922739561305104
46	27	0.0959390133593957
46	39	0.09487379852574633
152	16	0.33213849645749594
152	17	0.31997566701519603
152	117	0.2997637417803878
152	48	0.22488935046858946
152	128	0.21842347369826048
152	167	0.21406718487753845
152	125	0.21323689799656534
152	30	0.19537553271019564
152	59	0.17510660969214958
152	29	0.1698672829920268
152	150	0.15703961402236874
152	144	0.1477701149710317
152	147	0.1426210176117992
152	132	0.1380822306170335
152	124	0.13655164621385305
152	40	0.13452949173479214
152	35	0.1142884571631285
152	39	0.11156365529092868
152	23	0.10842213106260476
152	27	0.10287476264286098
152	52	0.09649977321885864
152	79	0.09049871675498376
152	86	0.08745203113762841
17	48	0.4962586137919347
17	29	0.4305242240566581
17	128	0.38346013488279296
17	118	0.3015283882474272
17	117	0.4639397586979847
17	16	0.3963405558410599
17	25	0.3191406362872453
17	150	0.26623760356245
17	155	0.2435363438949153
17	133	0.23353959732828525
17	125	0.2326128354467377
17	104	0.22763139830920945
17	2	0.2227235552163982
17	144	0.22161130465136636
17	130	0.21783297327144216
17	134	0.21335143866813974
17	132	0.18499519993527128
17	124	0.17499998049444054
17	40	0.17208063277417324
17	27	0.17205152097622
17	26	0.15761501039336975
17	51	0.15686404812078766
17	39	0.14057292227913182
17	59	0.13013777892544492
17	23	0.11973286571906099
17	76	0.11514700776925373
17	79	0.10793786549952804
17	167	0.10666271790732043
17	24	0.09898579221082247
17	43	0.09224303104219103
48	150	0.36020374243156744
48	117	0.3545251580405163
48	144	0.2696441211534545
48	16	0.2507659572064089
48	124	0.2420494827289653
48	155	0.23291549811338744
48	130	0.22597141683555985
48	128	0.2072536313532474
48	118	0.19370138384898405
48	51	0.18751465511234128
48	29	0.17533924095327608
48	27	0.17254638063103014
48	30	0.1432675317635526
48	125	0.14159222171796634
48	47	0.1408865847199698
48	133	0.13219182135114402
48	40	0.12230463933959465
48	104	0.11697208806316575
48	132	0.11621255530471965
48	50	0.10839248362693564
48	167	0.0980905699084706
48	32	0.09517406257053168
48	23	0.09246908628290834
29	25	0.5331243346392895
29	133	0.2757070891360724
29	128	0.36249902304668896
29	16	0.35447269820994043
29	130	0.3134890062523373
29	118	0.2837171311642556
29	117	0.2835700037523829
29	125	0.2775078906127276
29	132	0.26581015717585377
29	57	0.23193167977011755
29	2	0.2257531500040157
29	144	0.22300865442373805
29	26	0.2168992764283488
29	150	0.2004103130057655
29	24	0.19855711559156908
29	107	0.1964910003505864
29	30	0.1691388314939272
29	23	0.16504638098824806
29	104	0.1639858825595708
29	79	0.16011040128754625
29	172	0.15575190093856914
29	169	0.14713424738960748
29	76	0.1438355796581386
29	51	0.12911525417739936
29	155	0.12731533837130726
29	27	0.11658740669690633
29	58	0.11378508941115215
29	39	0.10665283166612977
29	178	0.10659351377620582
29	59	0.09916204502618303
29	72	0.09655921414225133
29	40	0.0895683202851804
128	25	0.3121357839723538
128	150	0.2520025408591436
128	130	0.2361851463794423
128	133	0.2246994569741073
128	124	0.2244430736842676
128	104	0.19535629606700644
128	132	0.18554563459615075
128	79	0.17862305482539895
128	2	0.17550400958591852
128	144	0.1689445465131546
128	118	0.16424861025079254
128	163	0.1582195488948853
128	16	0.1517390578216061
128	35	0.14172941222753965
128	117	0.14111201213442065
128	125	0.1271284135989854
128	30	0.1240871680432494
128	23	0.11481150265051768
128	134	0.10980546267965577
128	57	0.10622770337103916
128	24	0.09744876410381836
128	155	0.09408490394137288
128	27	0.08887091629321049
128	169	0.08865761029935586
128	26	0.08723966380803055
118	16	0.2569219368904055
118	117	0.2389592088565939
118	57	0.22433861232193544
118	107	0.2041028131733629
118	144	0.2040932297333866
118	51	0.188074200381682
118	130	0.18389398264697732
118	25	0.173787997245842
118	104	0.17210974427155354
118	26	0.17016832211291966
118	124	0.16854622127109092
118	59	0.15005822335183192
118	155	0.14787771126089433
118	86	0.1445504017428605
118	150	0.14426644934505176
118	125	0.12891858325115058
118	76	0.12183179166071212
118	40	0.11669591011638013
118	133	0.11209690203142286
118	56	0.10468505252866084
118	161	0.10463560021786733
118	24	0.0943098897354284
117	16	0.4685181259804481
117	172	0.22043187949940024
117	25	0.2090521748082659
117	144	0.17749983378174866
117	130	0.16457941937813636
117	106	0.16415130641351178
117	133	0.15408294036088122
117	125	0.15178790621387153
117	86	0.1296265510134717
117	114	0.12111256320168536
117	2	0.11645917179509604
117	134	0.10898539563715888
117	72	0.10713723264763453
117	30	0.105614659355268
117	188	0.10044018614424784
117	132	0.09829458370060754
117	124	0.09705849066661792
117	189	0.0941483370333025
117	79	0.09199416098829956
117	150	0.0875949280456107
16	25	0.2737655981340143
16	125	0.2429059788000104
16	130	0.20376736950973265
16	155	0.20040071462946527
16	30	0.19960391544929496
16	178	0.1948560906214391
16	27	0.19073518589041505
16	132	0.1873216802269668
16	57	0.18433838920418094
16	124	0.18433838920418094
16	51	0.18194157038169045
16	39	0.17871986247629687
16	107	0.17548462555102926
16	58	0.15550795610859516
16	86	0.15481504945508662
16	40	0.15162181865639782
16	104	0.14580342385087222
16	172	0.14389433783053862
16	189	0.13716984574806915
16	144	0.1319068780921664
16	24	0.1283678507495345
16	2	0.1244317638943597
16	150	0.11836256552751848
16	133	0.11711017025530285
16	72	0.10817506321047228
16	106	0.10671214879688802
37	32	0.30118289803770576
37	35	0.2669900263422165
37	39	0.2493597546674125
37	114	0.2365722376698331
37	104	0.20843049724750368
37	2	0.20695692806096289
37	187	0.20067905191629207
37	175	0.1966159780247554
37	38	0.19537553271019564
37	72	0.17780973418772653
37	66	0.17067321961619752
37	161	0.15853152239272986
37	30	0.1540341270624825
37	59	0.1526182152544634
37	167	0.15198329236612082
37	50	0.13266340354679462
37	178	0.1271087367816293
37	24	0.12694147979633466
37	107	0.12111256320168536
37	26	0.11349883461693985
37	134	0.11310396950549108
37	106	0.09231937532397684
37	58	0.08819426184923601
189	169	0.5612115406949434
189	86	0.3928705456597341
189	178	0.2894079762410656
189	159	0.4739791202536728
189	187	0.40000929859620055
189	172	0.3821628831125219
189	80	0.357206368978785
189	45	0.33588768580725675
189	164	0.3189340467982528
189	76	0.3149760813638959
189	114	0.2710993524135841
189	188	0.2236642377678089
189	107	0.2087748318175053
189	59	0.20181126222532772
189	168	0.1799393418255728
189	132	0.17860369288014602
189	25	0.15923334694792127
189	175	0.15111373301448555
189	122	0.1484254198692659
189	66	0.13254551362003586
189	58	0.12005812198926465
189	147	0.11427858777036365
189	142	0.11377521887038698
189	57	0.08942745768726568
189	50	0.08772988292656025
80	164	0.4889503729453197
80	187	0.4825093575097656
80	76	0.4442311851478298
80	43	0.39441697662598457
80	50	0.3527227617213233
80	173	0.34155337758100746
80	45	0.32072946131431856
80	66	0.3054867508008272
80	188	0.2912668549370507
80	159	0.2693659110421063
80	122	0.2492941061417201
80	169	0.1953947692030506
80	52	0.16126967380722634
80	142	0.15002889874394065
80	179	0.14553915328614445
80	59	0.14525528399010448
80	178	0.13478477727186894
80	156	0.13101260447093402
80	147	0.11664659072542455
80	175	0.106722034911511
80	132	0.10483340635395057
80	172	0.09603710120230644
80	25	0.09108881185010063
45	76	0.3710929487252901
45	164	0.3536767840048069
45	86	0.3319338535036405
45	173	0.27383960070489
45	52	0.26511300960463324
45	122	0.2589475651082549
45	169	0.2565015923174399
45	187	0.22630351847765215
45	47	0.20324014710347896
45	159	0.1874567641658396
45	23	0.18426110651599129
45	40	0.1805295262902444
45	32	0.1658342108435112
45	26	0.1491490379808283
45	172	0.14905126106637406
45	175	0.1410728084171557
45	66	0.1360216762166225
45	147	0.13402868749192706
45	51	0.12062972202999707
45	24	0.1205705946939074
45	178	0.11744549386137587
45	168	0.11644930741099535
45	156	0.11265970355233285
45	142	0.10963750927683737
45	155	0.09880062104637928
45	132	0.09417113311402016
45	107	0.09297470162336116
169	159	0.4905390856601472
169	172	0.4047277805927174
169	57	0.34188900369414416
169	175	0.2853713928224552
169	132	0.2619211969203486
169	114	0.24916280221710674
169	76	0.24158813614474825
169	168	0.21568869113492167
169	86	0.2086600593743126
169	79	0.2019455565401771
169	178	0.17550400958591852
169	124	0.17391406810204535
169	25	0.15872648975971712
169	164	0.1481417963996328
169	187	0.14428603303237564
169	58	0.12766948681379922
169	35	0.12682341169508785
169	59	0.1257704792830842
169	133	0.12410686004187085
169	72	0.12042277261181235
169	167	0.11833298571340063
169	142	0.10162793653949152
169	24	0.09489262747208768
169	173	0.08744706937474761
86	76	0.3505406389501571
86	30	0.3221372494744387
86	47	0.30567714093154713
86	35	0.2980881587515386
86	114	0.27009843419418683
86	32	0.2510939191605717
86	107	0.19621218099744286
86	57	0.18121629860113853
86	172	0.1663884828289198
86	66	0.16099694371324078
86	40	0.1582000495016972
86	147	0.14947168109516093
86	159	0.14298347238937567
86	167	0.13201496258675707
86	50	0.1312583053427049
86	122	0.1284957064355177
86	59	0.12576063745284102
86	178	0.11850060188168092
86	2	0.10929170315549927
86	163	0.10615849275925376
86	125	0.09914620233082727
86	124	0.09487974451613568
86	72	0.09360913143685903
86	56	0.08782117410850097
178	72	0.2634294192479105
178	172	0.2227805781073864
178	164	0.21171868178954076
178	159	0.17344854740619045
178	30	0.14156282304381404
178	175	0.14087678319645866
178	187	0.13678716336636984
178	167	0.13563887166843766
178	25	0.11760328394390746
178	114	0.1119389097135704
178	179	0.1103586765499245
178	43	0.10966714856783792
178	35	0.09767360347492512
178	107	0.09741706788536096
32	114	0.4323147528262201
32	35	0.4380861905030991
32	40	0.360682286873056
32	104	0.3068189680206829
32	144	0.2877028483157257
32	39	0.2783752741022462
32	30	0.2511126581033397
32	38	0.24335760451710614
32	134	0.2354674130857545
32	2	0.22259049587779145
32	155	0.21863296768898172
32	66	0.20870788192432105
32	72	0.20612404142571947
32	26	0.1805295262902444
32	150	0.1760563973220183
32	24	0.1448734910290934
32	107	0.14170001471934246
32	175	0.12697099625974112
32	47	0.11716934695190162
32	23	0.10447734934724304
32	79	0.1007470492281808
32	147	0.09867882023902652
32	51	0.09005734356706015
38	52	0.3917706359659328
38	79	0.3897710136557432
38	142	0.3662281434827388
38	35	0.34980364025241056
38	39	0.3490662083153551
38	147	0.3117927662270832
38	72	0.2935713708819146
38	50	0.2503442072470197
38	40	0.24635634526405356
38	30	0.2352218137300036
38	175	0.2310136520608828
38	24	0.2214020990005042
38	43	0.21515467879213754
38	156	0.2107059691822782
38	59	0.20116846302267846
38	26	0.179484521132565
38	164	0.12829900361236124
38	66	0.12768916077360404
38	23	0.12098446805848136
38	167	0.10155865902339148
38	173	0.0931313335225023
38	57	0.0883609526355968
168	179	0.22061263978604756
168	52	0.1694982240468514
168	175	0.15949648970835856
168	156	0.1497160865112847
168	159	0.14713424738960748
168	47	0.13781736875848752
168	172	0.1334492403148127
168	142	0.12288577186715904
168	114	0.11686359173922126
168	58	0.11326191984450673
168	173	0.1090644447224576
168	125	0.10280550296939428
168	150	0.09838668430867166
168	24	0.0982490279386155
142	52	0.4434121024653505
142	156	0.3990849004072427
142	147	0.2861611631274141
142	39	0.28526116146798025
142	79	0.2770463319227777
142	173	0.2465723739863976
142	175	0.23834622971013736
142	164	0.2221247229126565
142	72	0.20819134560890795
142	114	0.1753877033358969
142	172	0.17172156627419932
142	132	0.1672439944305277
142	30	0.16332409499676
142	106	0.15634704654143125
142	179	0.14973563815460694
142	50	0.14813201584506244
142	26	0.14371806027116346
142	188	0.12337819111400085
142	125	0.11848088268280176
142	159	0.102211807802424
142	122	0.09782316070795637
142	23	0.09240959898485067
142	35	0.08713149235256783
142	43	0.08700545512946929
79	175	0.4092000433720297
79	35	0.3625771939974037
79	172	0.3414032008432362
79	147	0.282070383400974
79	43	0.2753559378349313
79	30	0.26096159917533274
79	124	0.24140921725144154
79	57	0.2404013151859485
79	133	0.2249653030843564
79	132	0.22368323716899155
79	144	0.19068700442651695
79	72	0.18310159327517567
79	125	0.17840038410629133
79	59	0.17515507615153147
79	114	0.1579075438048464
79	58	0.15563480978922845
79	25	0.14440353278226348
79	167	0.14087678319645866
79	159	0.12637078404303978
79	106	0.12361453078853413
79	52	0.11852032098709085
79	40	0.10315179135512678
79	134	0.08822502064006843
175	172	0.4640417713318458
175	147	0.44102290752744266
175	35	0.26719433193014186
175	167	0.266850713315108
175	114	0.2633735820689637
175	150	0.2487406918631137
175	164	0.2456047504553551
175	132	0.21016121010750796
175	52	0.18343017390110167
175	30	0.16674821716884236
175	43	0.15625924530210314
175	187	0.15569335591080824
175	144	0.1484058604133114
175	50	0.14748643526435795
175	133	0.14348300933962466
175	122	0.1415824221876638
175	58	0.12055088539174888
175	173	0.1124622375474343
175	159	0.09674545790696427
106	188	0.18866255594750164
106	147	0.17080913825893015
106	161	0.14568597283307352
106	179	0.14250345649092086
106	114	0.1350302272619788
106	164	0.1235259050524848
106	72	0.11171178584354252
106	59	0.10392342968604856
106	2	0.09130995708507814
106	58	0.08815457283835637
159	76	0.33781146002791845
159	164	0.2821808320177868
159	172	0.2423883615224164
159	132	0.238930921698923
159	58	0.2323290482708538
159	107	0.2176424552146083
159	179	0.19516392136973235
159	188	0.18680057584839524
159	187	0.17556216087405885
159	114	0.1709838812473488
159	57	0.1639858825595708
159	163	0.15088897733967516
159	173	0.13536401264976392
159	59	0.1133211497461769
159	2	0.10574320751027462
159	122	0.0990055962078724
43	76	0.24409127122402066
43	164	0.2261232412519914
43	187	0.18132268415188527
43	50	0.1669426496884089
43	172	0.16237982021398278
43	147	0.1507619346212286
43	30	0.13474550373759828
43	59	0.09443674972584548
76	187	0.5296941986689709
76	164	0.2876202957419973
76	188	0.215192826802376
76	107	0.19367250928798455
76	66	0.1912362185978896
76	122	0.18704184096246898
76	59	0.17817769511314496
76	57	0.1755137015523346
76	25	0.1711391993188981
76	173	0.1647934526203184
76	51	0.1624382376124035
76	172	0.15609339177975218
76	50	0.14930547497662008
76	56	0.14885569849489702
76	163	0.12014682377484287
76	40	0.11137601614112634
76	161	0.10177638503977816
76	47	0.08971116320413243
56	163	0.5946375038282554
56	161	0.4019898077192932
56	58	0.2603277954523345
56	57	0.2547537890419836
56	124	0.17388497533335728
56	40	0.16256480473544122
56	59	0.16229219198214542
56	30	0.15604460965641234
56	133	0.13557015886938656
56	107	0.13178896415723187
56	164	0.13153347117456768
56	35	0.1122845105474674
163	58	0.2982248241572046
163	161	0.3179995248455315
163	57	0.20680377597813976
163	59	0.1375819194457586
163	124	0.0884790222822465
161	107	0.20261691412068145
161	58	0.18172884447201876
161	187	0.13258481067914168
161	134	0.10001450572497997
58	2	0.2376764508157019
58	172	0.2254779116928897
58	114	0.20914780252764967
58	132	0.18769796784739126
58	57	0.177315813754182
58	51	0.15431723371963396
58	59	0.15270611773806275
58	72	0.15140686910853302
58	150	0.1455880938477083
58	30	0.1362375993344814
58	107	0.13173983225007432
58	40	0.12206822242651433
58	124	0.11560088463309826
35	30	0.4829158614180304
35	167	0.34592730462164833
35	72	0.32731668879741543
35	40	0.3126862475581964
35	172	0.3064565787165003
35	134	0.2691711372059754
35	57	0.2516560055174979
35	39	0.1936340093513841
35	114	0.19177568084612434
35	147	0.15341901515522866
35	107	0.13439202289236493
35	59	0.1307570584906166
35	133	0.1274530666281648
35	132	0.12598699328179486
35	150	0.12491414764476677
35	144	0.1207479741340828
35	47	0.11884567271827867
35	23	0.09211413563823664
167	134	0.3328856224124708
167	30	0.2811865254879046
167	147	0.2521149168266488
167	72	0.2176329288762584
167	172	0.2120052161414765
167	132	0.13356710138286168
167	47	0.09106798605087127
167	24	0.08743813819062828
167	59	0.08729325257454205
59	30	0.1380626118969044
59	187	0.11151427733798966
59	147	0.10805646589284494
59	172	0.09949869040538084
59	25	0.09832429375823296
59	39	0.09440007957481973
59	50	0.08788666469994044
30	134	0.38194937483554253
30	125	0.326861252279726
30	147	0.26677640847325823
30	72	0.2642946696165244
30	114	0.2511688738022602
30	57	0.24626241209514865
30	172	0.2255158777389028
30	2	0.21857583496205807
30	39	0.18011350811259316
30	40	0.1665051582834794
30	124	0.1662037371647997
30	23	0.15717615841782145
30	107	0.15552747239340547
30	144	0.1538291030011319
30	47	0.15002889874394065
30	52	0.1491588155118896
30	133	0.10903480147706886
30	156	0.101538865266414
30	155	0.08883520050838996
107	104	0.3580697429519269
107	2	0.3342542679328728
107	40	0.21128881202349825
107	51	0.21060085041689494
107	114	0.1859704519263076
107	122	0.1858739086321084
107	25	0.1656397045920437
107	133	0.14365929905738206
107	27	0.13684604023939945
107	134	0.1322998975646215
107	26	0.1318773999582588
107	187	0.12177268180782308
107	172	0.11706085570618105
107	57	0.11303486443403415
107	125	0.09546638221463884
107	188	0.09428511203589654
2	104	0.3672494364551393
2	114	0.32630737983875274
2	134	0.3024462798346306
2	25	0.2564548813717503
2	155	0.2041794792847102
2	51	0.2022045312711013
2	40	0.19598140994744506
2	23	0.16413184526265087
2	150	0.15981807785728958
2	27	0.13793508757582298
2	26	0.13529529463785442
2	144	0.1267545369761982
2	156	0.11876680191208452
2	24	0.11809633964413747
2	47	0.11248198454791834
2	130	0.09214487251502296
104	51	0.32332872099284804
104	155	0.2621074666175893
104	26	0.2372801371173576
104	40	0.21284550648987446
104	150	0.20034312356384235
104	134	0.19230539706856206
104	39	0.1898003017315837
104	27	0.18262797865527614
104	25	0.1784391107620347
104	23	0.17043049160143495
104	144	0.15532254535022358
104	122	0.13183809541688934
104	114	0.1275907899700213
104	72	0.1209647607556287
104	24	0.1173863210511138
104	188	0.11144514727885688
104	133	0.10030159654869718
179	173	0.3373064092858561
179	50	0.31092583314198763
179	66	0.2084687591975977
179	156	0.1832079032522584
179	52	0.1719544794795168
179	26	0.16963419866860532
179	122	0.1557128710416166
179	155	0.1334983495521052
179	147	0.12796458565305205
179	164	0.11459439714010515
179	39	0.0952602738015826
179	47	0.09320171724236888
50	66	0.5497618890922912
50	188	0.3114767569098653
50	173	0.26829902271471423
50	52	0.23218713984450126
50	47	0.2224954484153276
50	114	0.21959447666399434
50	147	0.17463159351184646
50	156	0.17448616413247034
50	122	0.1563665575924395
50	26	0.13784679882798553
50	164	0.13681660192371467
50	187	0.13313492568704285
50	39	0.1031913655801372
50	24	0.10235034320361378
50	23	0.09226781826560523
188	187	0.3151742414442452
188	114	0.2127118449572004
188	164	0.20444779094551935
188	66	0.2017824838846694
188	125	0.11324217636503542
188	122	0.10943002878340444
188	132	0.1086790674206313
188	57	0.10116276862655554
188	173	0.10111328007156464
114	144	0.2034606362845719
114	172	0.1863276308795315
114	66	0.15585923064727658
114	47	0.15196375428515738
114	23	0.1507521618981047
114	147	0.14438394977331462
114	72	0.1383961153921365
114	150	0.1334590622147077
114	187	0.11571927936240235
114	40	0.1041707232361887
114	25	0.1007668461889299
114	24	0.09815692481436873
114	132	0.09777462937453604
114	39	0.09720509434774564
114	26	0.09287754787937776
114	125	0.0921091780610233
66	47	0.3038356809742519
66	173	0.2902873249623737
66	187	0.1618442744022827
66	155	0.1445504017428605
66	52	0.10665283166612977
66	122	0.09355362185542099
66	24	0.08948400155457897
164	122	0.38412524330817255
164	187	0.4092250197251476
164	173	0.33324124990514875
164	147	0.25926473886526497
164	52	0.24941602300824656
164	156	0.15425866200590416
164	172	0.14039647475072947
150	144	0.4146137836007531
150	51	0.32367790577346234
150	40	0.21068685704184892
150	132	0.20849745524141536
150	155	0.19059063874263554
150	57	0.17277922564335155
150	124	0.15197352334048547
150	130	0.14936413692354522
150	27	0.13885708323616405
150	133	0.1296560468074779
150	25	0.1281219624398952
150	172	0.12770883463292304
150	26	0.11123775063248106
150	52	0.11062538025639293
150	125	0.09746758364000037
150	72	0.09115823060534313
52	156	0.5187368358527751
52	147	0.3178197381530725
52	173	0.29734083862118504
52	39	0.2531821490283773
52	122	0.2466569002961975
52	155	0.2456047504553551
52	125	0.23507066073084096
52	26	0.22043187949940024
52	47	0.21429617516619434
52	23	0.1495401164541673
52	24	0.12820064841423448
52	72	0.08826470915381579
52	40	0.08760187433125144
25	23	0.34098791562576153
25	133	0.19824010505761666
25	132	0.19630832918858065
25	134	0.18784267919293196
25	172	0.16988670582816154
25	187	0.1597596098057852
25	130	0.1160349825565664
25	27	0.09486983452839262
23	72	0.1395239088929232
23	26	0.1354523624657478
23	156	0.12154608604017658
23	155	0.1076907714826778
23	124	0.0905294627781674
133	130	0.25436100482558016
133	132	0.20599956141649767
133	144	0.19339337123986125
133	172	0.17221648385627344
133	124	0.15555674659296834
133	40	0.13436256461007953
133	57	0.12346682013359775
133	72	0.11748494193827375
187	122	0.2351745796396013
187	172	0.17656992155387527
187	47	0.12625269860190774
187	26	0.10007390519437884
156	173	0.4132464920327455
156	122	0.37667568716607774
156	147	0.30636596750342593
156	26	0.20038151776145505
156	125	0.19611602903314196
156	39	0.19177568084612434
156	47	0.1848696459356031
156	134	0.15369241293326766
156	155	0.1324669182518609
156	24	0.12018624617499228
173	122	0.2762152041153915
173	155	0.1858256356390096
173	147	0.18490827857846284
173	47	0.13814108612720413
173	125	0.12576063745284102
173	24	0.12364407226240595
173	26	0.10540699718838202
40	155	0.4018472692667723
40	51	0.2528639160547306
40	27	0.2357790920377962
40	26	0.1977308801462373
40	47	0.1973368782021056
40	39	0.18608629913937372
40	124	0.18198024599080048
40	24	0.1776935256649122
40	144	0.16023706605610952
40	134	0.1270201898656975
40	147	0.12127021322492187
40	57	0.11783995793151544
40	125	0.1093806272597051
57	124	0.3586798401735566
57	125	0.1891639980573543
57	72	0.1760854672928198
57	130	0.14671352964698728
57	51	0.142885515416417
57	144	0.1039827813111416
57	122	0.10241960941574844
57	172	0.0918315464561927
172	147	0.3511194049965406
172	132	0.3016374739755401
172	72	0.11536408532332115
172	134	0.10713723264763453
172	47	0.1071273474209103
147	47	0.2418235307158288
147	134	0.18158379432507424
147	72	0.15328230745501284
147	124	0.11190928552368153
147	155	0.09609258440886624
147	122	0.08793230920834896
122	47	0.15094761075976765
122	51	0.13425454887691993
122	26	0.12230463933959465
122	24	0.0982312016587788
47	155	0.2610547866475625
47	51	0.1410728084171557
47	134	0.11930900838526115
47	26	0.11518647723410512
47	39	0.0975359276850998
39	26	0.40802546344307
39	24	0.2998547532218028
39	155	0.25915280156781323
39	72	0.20338394673491253
39	125	0.15299910855930746
39	27	0.12360468358188408
39	51	0.12181208847241445
39	144	0.0879104792721243
72	24	0.1281219624398952
72	132	0.12027494518927735
72	134	0.09110666247174123
26	24	0.4322009113831885
26	51	0.29017743314260097
26	155	0.2893988137843161
26	27	0.13830783810645186
26	130	0.12389024268374765
26	125	0.09410571800889356
134	155	0.12936107855014362
125	124	0.27361758326829233
125	155	0.20168655356636367
125	24	0.14809289333703618
125	130	0.1312583053427049
125	144	0.09793606854006927
125	27	0.09635215861620793
155	51	0.4486669521082915
155	130	0.27620596703826744
155	27	0.27498622549065393
155	124	0.21384771377036665
155	144	0.15036122883107925
155	24	0.1398768830566591
27	130	0.2726921969566618
27	24	0.2362417985711477
27	51	0.1261542913342079
51	24	0.15273541802907215
51	124	0.1522177400688293
51	130	0.14939346750274635
51	144	0.14629275881753426
144	130	0.3170014202495794
144	124	0.18136136875465733
144	24	0.09102930935527001
24	130	0.12369330756515196
124	130	0.3254046238952326
