9	108	0.8657105867668475
9	109	0.7761843506161167
9	103	0.7593846932069251
9	12	0.7392982562011765
9	3	0.7392529090399821
9	112	0.7170031673342818
9	6	0.6202615070706301
9	106	0.6153335028700969
9	0	0.5834451231854803
9	11	0.5534769955962403
9	111	0.5459055787513458
9	102	0.5246033323710224
9	105	0.5147494613033514
9	70	0.5100223673114873
9	1	0.5079106535415701
9	8	0.4722249672306131
9	13	0.4498721686024519
9	5	0.4327618536475517
9	95	0.3889056297802249
9	147	0.3853095126621463
9	10	0.3773276681199561
9	188	0.3762980538147677
9	113	0.3740726344540932
9	135	0.3652319658804127
9	101	0.3147328473659202
9	77	0.30047348621235603
9	176	0.2994360554206067
9	46	0.29044299193461304
9	148	0.2888031404042694
9	116	0.2823280852046926
9	186	0.2822820700125466
9	2	0.2748937846913884
9	110	0.2731456994169435
9	156	0.2728402927283833
9	155	0.2706267694929542
9	179	0.2705155545435629
9	152	0.26569863222381224
9	168	0.2622285314496205
9	104	0.2562399955950043
9	83	0.25567930482065176
9	47	0.2520400002703049
9	178	0.2515248672024263
9	157	0.2499317376172344
9	197	0.2429906666500668
9	14	0.2396756814581193
9	187	0.23363414104564784
9	51	0.2329438704262505
9	7	0.2291953130081403
9	131	0.2277925833411307
9	89	0.2240726874124959
9	82	0.2139526809078599
9	153	0.2070335002994213
9	151	0.19833617323891448
9	99	0.1916311933775952
9	107	0.1910724303942088
9	72	0.18912542908626687
9	87	0.1886818440035201
9	115	0.18588356312306376
9	76	0.18449294774161304
9	154	0.18151610155195635
9	52	0.1759788758987353
9	193	0.17410801213292354
9	180	0.16911940358709593
9	164	0.16811868903737642
9	121	0.16475453863910944
9	149	0.1639469579590553
9	142	0.16251612570559387
9	124	0.1612501939025524
9	173	0.1598765447874944
9	192	0.15841453603699945
9	45	0.15806355029519634
9	30	0.1571956642696063
9	67	0.15584947355306733
9	144	0.15167066882722496
9	182	0.1502048424299632
9	100	0.14985294555487208
9	191	0.14931525204077348
9	48	0.14459935664806492
108	103	0.8243362748504703
108	12	0.7622233981554813
108	112	0.7372509876833161
108	6	0.7149708728201741
108	105	0.6147055344824915
108	3	0.7448205567849793
108	109	0.7416425837446771
108	111	0.6281714520129642
108	70	0.5849140991790714
108	106	0.5626074255271959
108	102	0.5458634581458186
108	0	0.5453086128569299
108	11	0.5278211207321637
108	1	0.5130347810050577
108	8	0.4952328528782906
108	13	0.4834064567779343
108	113	0.42183324293219415
108	176	0.3756884272022431
108	95	0.3508037476513096
108	156	0.34899595413105905
108	10	0.33781146002791845
108	51	0.3120726026043099
108	155	0.3077969746543007
108	147	0.3051693796345664
108	131	0.3028459781674745
108	5	0.3018010877605771
108	178	0.2999275584453257
108	101	0.29243782716642897
108	179	0.29045214833670296
108	47	0.2881155470392813
108	110	0.2841952029763723
108	188	0.2816653411854555
108	142	0.2806799334173745
108	135	0.2785136444043931
108	2	0.2500911116456627
108	89	0.2451348536367909
108	83	0.24280246639921102
108	199	0.24246365989271576
108	104	0.2412773717737074
108	46	0.23834622971013736
108	168	0.2382424759721053
108	52	0.2372046398334758
108	72	0.2312408313071739
108	14	0.23074857776787425
108	173	0.2274227873973376
108	148	0.2232367063271604
108	157	0.22202014769109485
108	195	0.2197467558348795
108	197	0.21947074195784533
108	186	0.21841395076559905
108	50	0.2147827012972088
108	124	0.2127786767189488
108	153	0.21046705585350176
108	149	0.20844962830230754
108	77	0.20828700925331614
108	116	0.2063921295523521
108	152	0.205300434554304
108	7	0.20503222065843302
108	122	0.2031346884675405
108	180	0.20199351695547715
108	107	0.20181126222532772
108	38	0.2013891449954904
108	91	0.2000359478388441
108	144	0.19435578379880825
108	164	0.19300830187086868
108	82	0.1906099121733348
108	193	0.18132268415188527
108	67	0.18072300112010836
108	40	0.17694773651201756
108	45	0.17607577733667545
108	87	0.17542647263003067
108	171	0.17322545792205593
108	49	0.16000321928773978
108	121	0.15475648697314792
108	115	0.15447341965257252
108	151	0.14767229712659022
108	182	0.1457740614815992
108	25	0.14513781383479232
108	187	0.14498118059638473
109	106	0.7645183392989421
109	112	0.6527239248434983
109	103	0.6397733814929298
109	70	0.6121921091361797
109	12	0.6030776747381229
109	95	0.5580040132360146
109	3	0.5339827192090004
109	197	0.5166946407868037
109	0	0.5128947762499927
109	11	0.5065960857360812
109	101	0.4971776043601202
109	13	0.4960701585681696
109	102	0.4761626653908386
109	176	0.4651630977632951
109	111	0.4365819368004199
109	6	0.4313629401990906
109	5	0.4174253337571222
109	10	0.4089335907869122
109	188	0.392041487047022
109	8	0.3848921809787001
109	113	0.3834771939184606
109	99	0.3824531889008048
109	110	0.3776020746032976
109	1	0.3724373417953623
109	105	0.3568486311263881
109	83	0.3512596715414442
109	135	0.33384559904720124
109	147	0.33052720147908843
109	156	0.3143544012035974
109	178	0.29509669412239303
109	2	0.28265015516455977
109	116	0.26994082899689537
109	38	0.26081248910368376
109	152	0.2508221833464477
109	142	0.2507846994411022
109	153	0.24070279828948904
109	131	0.2387800500101996
109	7	0.23422021343075666
109	148	0.2326033765120475
109	187	0.2305213439655808
109	104	0.2263509572767105
109	100	0.2255443518239201
109	199	0.22279958539897515
109	161	0.2214591571091021
109	14	0.22073630914676934
109	46	0.2190233345212442
109	190	0.2188233992846056
109	114	0.2179282260757801
109	77	0.21660384061486584
109	168	0.21217711926153476
109	192	0.19908537413859806
109	47	0.1913999961523562
109	177	0.1857001216593256
109	30	0.18499519993527128
109	82	0.18472476843707014
109	121	0.1831692455744159
109	56	0.18285996376788768
109	52	0.18000707450064654
109	179	0.1783132471101864
109	186	0.17500967422754446
109	78	0.1714498099376732
109	151	0.16833246307066452
109	189	0.16678710471072733
109	97	0.16572723400089995
109	72	0.16435564077994647
109	51	0.16427780077876958
109	134	0.16192217790792504
109	154	0.15800504878560512
109	89	0.15456127084761054
109	155	0.15251077560635856
109	124	0.1512700755754213
109	98	0.14650804353956773
109	195	0.1447853788300266
103	3	0.7922701689754608
103	0	0.7114579353455653
103	12	0.6817839956499591
103	6	0.6633429709372054
103	112	0.6305448051282622
103	102	0.613858720604587
103	111	0.5715824444327714
103	1	0.5527968369398166
103	106	0.5359243202545259
103	70	0.4991924575450749
103	11	0.4891634034837543
103	105	0.4823789254097359
103	13	0.4661968451722531
103	5	0.4463156853515383
103	8	0.40785874679612905
103	101	0.3925237722008781
103	156	0.3454870613622947
103	95	0.3392015585929766
103	113	0.3314265602248951
103	10	0.3225136141199089
103	2	0.30258255258850264
103	147	0.29935412278842105
103	176	0.2918158570990196
103	46	0.275642408895812
103	187	0.2748845403319051
103	179	0.2732937555734381
103	186	0.2705155545435629
103	178	0.2700891637007892
103	104	0.2700057270069047
103	168	0.2629733639954821
103	135	0.25452935120228665
103	47	0.253331886769258
103	99	0.2509346305492786
103	51	0.2469480177427689
103	110	0.2357979801131206
103	89	0.22308467443853036
103	188	0.22183950573283565
103	52	0.2175471899653808
103	100	0.21649899901190303
103	155	0.21236810732834105
103	142	0.21099263195157664
103	151	0.2109066369289868
103	197	0.20951115136733328
103	148	0.209262550510788
103	152	0.2012260342026881
103	30	0.196346787408169
103	195	0.19529858523557
103	87	0.19481760907736725
103	153	0.19404785239250172
103	67	0.19310457479194135
103	82	0.18780409029789194
103	45	0.18661719928865705
103	199	0.1862890193112172
103	173	0.1858256356390096
103	77	0.1818545482031127
103	116	0.17721895612684666
103	131	0.17097417358562705
103	14	0.16992555110445628
103	121	0.1684976412531677
103	180	0.16776884288054325
103	134	0.16748699162709155
103	164	0.16519229132867605
103	50	0.16488100720214166
103	193	0.1645696902259773
103	38	0.16188322640732927
103	159	0.16165924549293376
103	157	0.16110409061352565
103	171	0.1604416672256757
103	72	0.16023706605610952
103	59	0.15597631340492982
103	49	0.15186606209917752
103	124	0.15081079779480602
103	114	0.14695813945505382
103	158	0.14457977477091588
103	149	0.1442174896323507
12	111	0.7412103084806205
12	70	0.6657495725452578
12	112	0.6833222622320497
12	13	0.6468364036456222
12	102	0.6048055648012836
12	0	0.5974163755756177
12	6	0.5947796945971181
12	3	0.5818995711391185
12	106	0.5122459773090762
12	11	0.5090672979050983
12	1	0.5041463558718017
12	113	0.5029296436891775
12	8	0.5019952295282518
12	105	0.4614326727135388
12	179	0.4167892972596906
12	176	0.4148456233949072
12	156	0.4046608827929389
12	10	0.4045772544521121
12	95	0.3628985098550795
12	89	0.3488466509643632
12	193	0.34467661639736197
12	147	0.3313998552663257
12	110	0.3261375998508739
12	101	0.3257890381699829
12	155	0.3236689534183527
12	87	0.32348989414783624
12	135	0.31401191141010776
12	199	0.30818618535685466
12	51	0.3079508609744488
12	178	0.30444370530672266
12	142	0.29856187987309724
12	116	0.2856653061864045
12	52	0.27968471584272925
12	14	0.2790393460762911
12	5	0.2789194639125928
12	188	0.2775632690528227
12	180	0.27695400483220045
12	72	0.26873513503677515
12	182	0.2673707583373001
12	170	0.2668785768129419
12	192	0.26133431986664163
12	91	0.25960983500936724
12	168	0.25926473886526497
12	77	0.2586676595248339
12	2	0.25437971074000104
12	186	0.25074721478371803
12	47	0.2476146025967149
12	50	0.2455765598984549
12	171	0.2418800211789171
12	173	0.2412773717737074
12	195	0.2412585359782195
12	46	0.2412114456942712
12	122	0.24096655791165675
12	67	0.2403824709511944
12	38	0.240250556235186
12	107	0.2396756814581193
12	197	0.238723470154396
12	191	0.2376764508157019
12	131	0.2307107072145971
12	164	0.2265501885048536
12	83	0.2259049902006177
12	115	0.22090753192853327
12	177	0.21399084955120146
12	104	0.21342779585779306
12	43	0.21100218675250906
12	99	0.20997003562141148
12	78	0.20858354121880346
12	88	0.205635658559094
12	194	0.20117805831587024
12	114	0.1958467834743509
12	160	0.1947117817390096
12	153	0.18907721705179734
12	151	0.18892293241668165
12	198	0.18738922308236786
12	90	0.18525594663449568
12	45	0.18464749715452736
12	148	0.18328521690807048
12	15	0.18179653183475208
12	82	0.17924256395404525
12	196	0.17717052602567096
12	98	0.17606608734640766
12	175	0.16915825926931846
12	49	0.16887654366724175
12	29	0.16624263195891067
12	172	0.16593145913192908
12	16	0.1645502318255935
12	152	0.16346035741377782
12	124	0.1634019599984149
12	100	0.162194824277826
12	7	0.1596036895228216
12	149	0.15761501039336975
12	30	0.157439477063732
12	40	0.15633729097016866
12	94	0.15585923064727658
12	145	0.15338972114223598
12	169	0.14980406798395493
12	187	0.1470168431356792
12	97	0.14498118059638473
112	11	0.5986047840639213
112	3	0.6240432371895328
112	70	0.5455615130649143
112	106	0.5299962895480544
112	6	0.5141759054005183
112	111	0.483988644606628
112	0	0.4637592446621422
112	176	0.4636022446295941
112	156	0.4470521208799443
112	102	0.4060063668497214
112	113	0.3827519542416949
112	13	0.3797179160864443
112	148	0.35950733929136897
112	1	0.3509966588406636
112	147	0.34943497839762744
112	105	0.34846892274080904
112	95	0.3394493188998524
112	157	0.3251900203000531
112	155	0.3242417872601821
112	52	0.3209447565648525
112	179	0.31375949819823484
112	8	0.3115489936880973
112	124	0.31116067868444786
112	5	0.3099047174187861
112	135	0.3020828253847107
112	51	0.28540813492975603
112	178	0.284323890487524
112	89	0.2839929590556966
112	101	0.2819967468355709
112	180	0.2778309055055509
112	10	0.2773325133873877
112	50	0.2764461144555981
112	192	0.27045994436093945
112	149	0.2673429027275476
112	173	0.26692501498449744
112	121	0.2599641890734222
112	197	0.25829438450630543
112	47	0.25779967630324635
112	164	0.2528264732824352
112	182	0.2507659572064089
112	188	0.2439313932846201
112	122	0.2392514857300495
112	144	0.2357979801131206
112	199	0.2283329361294623
112	195	0.2276598436333445
112	142	0.22763139830920945
112	168	0.22464248559684724
112	45	0.2245570256514341
112	40	0.21998467060049848
112	87	0.2192518094138821
112	15	0.2169088059547178
112	153	0.20935816942801871
112	14	0.2088513435850116
112	91	0.20795216907436628
112	72	0.2076842618313321
112	193	0.201005337133154
112	20	0.19743298212095067
112	171	0.1968851390037555
112	116	0.19585639989589115
112	43	0.1938361273624484
112	151	0.1862890193112172
112	186	0.18140972371882708
112	196	0.17985225445047415
112	77	0.17969742548973033
112	115	0.1701974532464595
112	131	0.16876967880407628
112	110	0.1654646379464094
112	29	0.165240926502272
112	38	0.16324622796032154
112	133	0.1608703106656398
112	83	0.16028578186989806
112	174	0.15731269680417986
112	18	0.14970631064571455
112	150	0.14884592006053135
112	98	0.14781902280929116
112	78	0.1471440308903447
112	90	0.1463514742078086
6	3	0.6764554024426328
6	105	0.5893568084410788
6	111	0.4910628745589152
6	1	0.4794501035254294
6	8	0.4432514110755142
6	0	0.4389342845903762
6	102	0.3976799441750647
6	70	0.34671935868390497
6	11	0.33601188509081714
6	106	0.3266915410149471
6	147	0.29940874503382203
6	179	0.297112924577473
6	13	0.28053253179500764
6	195	0.2615858622924087
6	173	0.24474945227306205
6	89	0.2441006753955787
6	194	0.24194592464683304
6	50	0.24083468254714546
6	168	0.2388271986516384
6	45	0.2320546830612073
6	155	0.2188233992846056
6	10	0.21597471613518854
6	180	0.2120052161414765
6	174	0.20859310612791565
6	51	0.2069186409908352
6	113	0.205587772367982
6	164	0.2037290300428949
6	95	0.2005734795152459
6	67	0.2005734795152459
6	107	0.1998631442071385
6	135	0.19652945569979194
6	186	0.19585639989589115
6	2	0.1916793567903607
6	5	0.19121694995002092
6	156	0.18962678015307385
6	91	0.18683917978171968
6	82	0.1865110279673096
6	196	0.1843673696246541
6	193	0.18271497545704385
6	87	0.17846815539105754
6	157	0.17798403767284696
6	178	0.17728675682655734
6	149	0.1769380495998917
6	52	0.1760854672928198
6	188	0.17428255021313244
6	142	0.17416619270907815
6	7	0.1731090563500814
6	49	0.17012948013886747
6	4	0.16962448640974392
6	199	0.16761334212930387
6	170	0.16526038034670218
6	47	0.16413184526265087
6	90	0.16407346104351608
6	158	0.16206824154043353
6	187	0.16166898414007347
6	104	0.16130863323957895
6	144	0.1593892861322708
6	72	0.15814155058183524
6	159	0.15760525880291512
6	171	0.15561529417236525
6	83	0.15337019165045715
6	192	0.1495498928170831
6	33	0.14883614159705602
6	176	0.14837652101167814
6	182	0.14415873704509113
105	1	0.4949912963911315
105	107	0.4700386918414037
105	111	0.4611335299172689
105	3	0.4469961090191352
105	8	0.4262131180987369
105	4	0.4124003237730512
105	102	0.4027440983952281
105	11	0.3129568903553693
105	13	0.3078150797632923
105	70	0.28582142580983044
105	0	0.27801545724584403
105	113	0.2649177585678005
105	115	0.23710082638966865
105	77	0.2335017786047594
105	179	0.2328303787959461
105	106	0.22343623169885526
105	67	0.22245742824595788
105	49	0.21845204224663475
105	142	0.2166514942375398
105	171	0.21597471613518854
105	170	0.2109448573421488
105	66	0.20798087157215656
105	155	0.20689949721809348
105	2	0.20578888775243329
105	104	0.20396864145453225
105	169	0.2027223958717658
105	173	0.2011396769114768
105	90	0.20104372069869925
105	131	0.20074623192673746
105	147	0.20031432751179304
105	135	0.19912378843322076
105	188	0.19692358815061395
105	194	0.1966448181193496
105	95	0.19282537308365505
105	199	0.1900220064938156
105	116	0.1889518614964802
105	89	0.18793914889328509
105	186	0.1855359788500604
105	47	0.18409687323948012
105	76	0.1826376451078363
105	50	0.17942645338889854
105	51	0.1790683413562798
105	195	0.1788360270897192
105	174	0.1769089886578427
105	38	0.1709159269182584
105	72	0.1698478600239195
105	15	0.1691971144257237
105	193	0.16844906041667582
105	82	0.16779799834225395
105	176	0.1674578330373607
105	5	0.16588283539101567
105	46	0.16523119953183732
105	120	0.1649004634230491
105	43	0.16353821885235534
105	14	0.16338249393881227
105	156	0.16129889342861972
105	152	0.15911638734467198
105	40	0.15794654616677925
105	178	0.15620070977047484
105	53	0.1548638506923108
105	27	0.1532432470341739
105	196	0.1496085503804523
105	154	0.14827872112008214
105	91	0.14605788695273875
105	100	0.14547063530337262
105	88	0.1450301292643758
51	155	0.8543927993477718
51	40	0.5704030022358622
51	179	0.6430048870411937
51	50	0.6360608418084265
51	52	0.6223551606963831
51	156	0.6219444979043501
51	173	0.6170331721745936
51	122	0.6058256490944635
51	178	0.6046660199857563
51	89	0.5982710105963425
51	21	0.5666604737258505
51	45	0.5498595682347575
51	72	0.5436905176908287
51	53	0.5430985509572138
51	125	0.5310597284369143
51	195	0.5188756954631756
51	157	0.508726426883394
51	149	0.5082444892632207
51	91	0.4931620483924946
51	180	0.4801429192232734
51	144	0.4638063389934392
51	47	0.4537639137361879
51	142	0.4274561922378568
51	48	0.4139842328344989
51	145	0.4082088203296306
51	133	0.3873428087740564
51	182	0.3838694795030093
51	41	0.3793840990897749
51	33	0.3740812351185617
51	29	0.37317781420911
51	49	0.37216169601686144
51	34	0.3673445966741829
51	28	0.3588192479754845
51	38	0.3549360161490702
51	199	0.3535805398602997
51	67	0.35309045362292857
51	131	0.35269649384377205
51	176	0.3504353799717031
51	171	0.35019851490386056
51	62	0.3461209634262947
51	154	0.3382543268969979
51	196	0.3374481975342734
51	192	0.3312129056899656
51	46	0.3297698498812553
51	17	0.3293152350208348
51	44	0.32925282497893754
51	164	0.3282003373155319
51	66	0.3269505655322998
51	97	0.3267094063509562
51	70	0.324179145130063
51	174	0.3207384326116711
51	152	0.314588689190174
51	94	0.31392176892787765
51	98	0.3113774254616383
51	93	0.30047348621235603
51	16	0.2937998080740502
51	153	0.2936627497840069
51	87	0.2921177263751121
51	130	0.2865559025998178
51	193	0.2836711552826125
51	177	0.2824017068098841
51	194	0.2806983576894451
51	26	0.2719607847600869
51	27	0.2672129039746722
51	124	0.2624240802796962
51	132	0.26182805475240783
51	168	0.25811705184359623
51	88	0.2537810271380771
51	120	0.2529855998332128
51	14	0.2528545554326617
51	129	0.2513749835332015
51	147	0.2463469521554019
51	151	0.2394400284510255
51	119	0.2381481496729024
51	137	0.23531627857750406
51	126	0.2347116267986557
51	170	0.22663556751487424
51	115	0.2258480514127965
51	3	0.21600331659753036
51	128	0.21438204045334608
51	118	0.2112792584329338
51	123	0.2074928804350255
51	60	0.20566438980111815
51	23	0.20541537392988848
51	148	0.20531959151027426
51	175	0.1998343423927469
51	7	0.1977212711022472
51	43	0.1949811514962943
51	18	0.19262317304002066
51	165	0.1912362185978896
51	166	0.1877655008230754
51	191	0.18132268415188527
51	69	0.18012318368640776
51	11	0.17921352763481965
51	35	0.17259489159979666
51	113	0.17161480797062814
51	138	0.1637328635335861
51	71	0.16311968968866064
51	90	0.15940877797124176
51	77	0.15552747239340547
51	78	0.15515664223700384
51	20	0.1520614435020481
51	136	0.1516902086881142
51	85	0.14702662698177335
155	179	0.6859414560096638
155	173	0.6415243985501187
155	122	0.6363108541783503
155	125	0.5982003780505459
155	45	0.5668912538623597
155	156	0.6140580982238447
155	89	0.5898395651398933
155	178	0.5835770261497395
155	149	0.5741219948961445
155	52	0.5689777977698653
155	50	0.5368004679688172
155	157	0.5321430020391802
155	53	0.5284989048213401
155	21	0.5274603231116735
155	72	0.5213996115037375
155	40	0.5206929561572696
155	144	0.5037434945523791
155	195	0.4992224892210086
155	47	0.4811656510074315
155	17	0.4552000505926323
155	91	0.4346373520947811
155	180	0.42881191580011424
155	48	0.4130225756734289
155	182	0.41248331294759344
155	49	0.40566389473977815
155	154	0.370471934088759
155	171	0.3689438652092672
155	164	0.368036439568626
155	119	0.36625411950574416
155	131	0.3637231147594821
155	44	0.34934718581055274
155	192	0.3432482792887641
155	46	0.3380949120707635
155	176	0.3374481975342734
155	14	0.3342897984211799
155	142	0.3314710673090753
155	33	0.3293865572597614
155	34	0.3282984850710465
155	152	0.32823602822850545
155	153	0.3279593991454516
155	29	0.3279415501757289
155	193	0.3212766050942388
155	28	0.3160746225647115
155	148	0.3144445165015273
155	124	0.31325453873967457
155	133	0.3110974547752127
155	120	0.3101216514555585
155	145	0.3062209780144551
155	62	0.30594002045166085
155	18	0.2969305689618525
155	67	0.2955804649235315
155	16	0.29407388841023546
155	87	0.28907809439757554
155	70	0.28593161876334644
155	147	0.2818402581031835
155	168	0.27478284902360123
155	129	0.27134949048629564
155	132	0.2708769767153668
155	130	0.2705526269957861
155	66	0.2680391588219265
155	137	0.2657358079981637
155	174	0.26348525466178657
155	115	0.2628988948281821
155	43	0.2626475382661257
155	151	0.26214471821405033
155	199	0.2606354047298593
155	118	0.2521430097562223
155	41	0.2461215036674797
155	196	0.2345131858255565
155	27	0.2344659350932661
155	170	0.2334828689780656
155	194	0.2320546830612073
155	3	0.22926163480958134
155	38	0.2283613718567777
155	97	0.2265122411605111
155	136	0.22453803408329814
155	165	0.2179282260757801
155	175	0.2147063905148548
155	7	0.21428663437425602
155	138	0.21325598851565336
155	88	0.2107441929798806
155	98	0.2089756697538886
155	191	0.20520464741495206
155	26	0.20504180025667634
155	177	0.20369068995118306
155	128	0.2001607427234353
155	123	0.19287351353825466
155	20	0.18964606091363329
155	126	0.1751453829275606
155	77	0.17463159351184646
155	135	0.16966333524747906
155	117	0.1668162700266377
155	23	0.16306128559910912
155	93	0.15798554803589218
155	78	0.1569225711901319
155	60	0.15679576981424184
155	11	0.1555957784340245
155	19	0.15232518954282406
155	69	0.15105510260458266
155	82	0.14869924005291113
155	15	0.14413915262345775
40	144	0.5401235312267985
40	145	0.5596957211753297
40	53	0.5516639195969513
40	41	0.5416304031436496
40	156	0.5090524807445174
40	195	0.4966579842290659
40	142	0.4928971257579773
40	21	0.4822254484905118
40	52	0.4665333217155318
40	38	0.4632724497909773
40	157	0.4539465372847689
40	180	0.4487068861107092
40	29	0.4318430343056041
40	28	0.4297826032191754
40	125	0.4280934589727016
40	34	0.4246897954086143
40	27	0.4220633916228004
40	50	0.40292839744474257
40	69	0.3999924986105791
40	173	0.3673013429824037
40	93	0.36485926695834003
40	91	0.3622036645394136
40	131	0.3523199265281841
40	130	0.3429924214478932
40	133	0.342462898818789
40	45	0.3321029086239445
40	175	0.3306608076193792
40	182	0.3227823835979132
40	196	0.3174600962061135
40	179	0.3058946997232331
40	94	0.3056862065186905
40	62	0.3027188129728088
40	194	0.2982794868962872
40	49	0.2858306088447085
40	199	0.2823833017204142
40	122	0.2821808320177868
40	171	0.2793436232707963
40	174	0.27290508056313273
40	124	0.27247002906912704
40	178	0.2724052246273959
40	129	0.2719607847600869
40	149	0.2646945879233504
40	26	0.2646294911430445
40	140	0.2634480312486706
40	89	0.2622285314496205
40	24	0.261250464500989
40	33	0.2510751800295933
40	164	0.2506628715554661
40	98	0.2482340347013499
40	132	0.2475582805394977
40	35	0.2339461039612971
40	166	0.2312124352798547
40	39	0.23069177167583546
40	90	0.2299815629496568
40	170	0.22246693335173892
40	165	0.22033673642381066
40	23	0.21898525303647773
40	25	0.21831871915131407
40	67	0.21693739428577444
40	135	0.2139526809078599
40	176	0.21293142755486336
40	7	0.212425400585456
40	66	0.21152763866265192
40	44	0.20413156325856474
40	32	0.20362359328740712
40	47	0.2007750227818502
40	138	0.199258233644732
40	137	0.19784618570963186
40	70	0.19642370203497567
40	139	0.19627948512752266
40	37	0.195741000351762
40	141	0.1927194608162948
40	17	0.1875339518050528
40	19	0.1832079032522584
40	42	0.1790683413562798
40	97	0.17825515422557794
40	60	0.17323515783466012
40	14	0.1702848448620006
40	72	0.16938166923446538
40	114	0.16906111907810356
40	126	0.1658925602037328
40	128	0.16465725144238322
40	127	0.1623116651438244
40	48	0.1602565524753112
40	148	0.15750774120807187
40	113	0.15135801494073153
40	36	0.1511235046461159
40	172	0.14899259351848165
40	61	0.1475353472911948
40	18	0.14684072898845682
40	143	0.14500076014875424
179	89	0.8217555531981189
179	193	0.6460272489466332
179	72	0.6293867711444602
179	178	0.602791263236479
179	173	0.5959997098314526
179	87	0.5779240181793448
179	91	0.5679354382825071
179	182	0.5565009705263669
179	45	0.5479870994634518
179	195	0.5438806779390231
179	192	0.5342614575043881
179	180	0.533417739652059
179	191	0.497139962702936
179	171	0.496740846094928
179	50	0.4944626247644357
179	177	0.4812424952713224
179	88	0.4803660323557882
179	122	0.4681980633028568
179	168	0.4654373212589376
179	194	0.4620463740203205
179	47	0.4504382943541889
179	170	0.4449613091686488
179	196	0.4343777670804393
179	156	0.4341181098909737
179	52	0.4232051099436596
179	97	0.4135366796171336
179	66	0.4055803476704031
179	176	0.4022580625449477
179	67	0.3992530332335998
179	199	0.3849773635007096
179	164	0.3803938064944761
179	175	0.3780992673282513
179	49	0.3731950288470048
179	147	0.37071347917935177
179	21	0.3604995922973886
179	153	0.3582789536232311
179	160	0.3578779349122571
179	165	0.3568660841829131
179	174	0.34748454122381106
179	60	0.3349291846557648
179	62	0.3313464437562001
179	70	0.3312930301223065
179	159	0.33004610970303017
179	169	0.3230600573794549
179	166	0.3193112742965739
179	198	0.3179186236631638
179	183	0.31647061007455896
179	149	0.3164076194345267
179	93	0.2985072272458981
179	98	0.2976325191543182
179	80	0.2955713385746685
179	46	0.293964262076394
179	53	0.29324236241856866
179	82	0.29223662859950594
179	154	0.2855459103598659
179	48	0.2826041490699273
179	14	0.2770001690168545
179	78	0.2760304528794317
179	125	0.2758641593248174
179	157	0.27562392836868577
179	145	0.2737470969847717
179	135	0.2695977559259912
179	17	0.26829902271471423
179	94	0.2672964757183717
179	16	0.2643969829576533
179	3	0.2535564706195609
179	151	0.2526954176160665
179	85	0.24642209572866344
179	71	0.2429342084948509
179	44	0.2385254278970595
179	41	0.2353068322927853
179	115	0.22992473565672905
179	152	0.2298584351666334
179	33	0.2298489634938644
179	7	0.2242151513376996
179	142	0.22064117949904727
179	77	0.2200798291813084
179	111	0.21956592312792236
179	29	0.2127691294462872
179	84	0.2127213924736015
179	43	0.21064863227780034
179	18	0.20475439522824093
179	102	0.20195514870072773
179	8	0.19917180544095828
179	131	0.1977308801462373
179	81	0.19728882482018534
179	34	0.19569291560815524
179	83	0.19375913196419506
179	133	0.1933548669818646
179	144	0.19265205976248068
179	189	0.1904364460085729
179	119	0.18934719269747144
179	137	0.18599941421444527
179	113	0.18452192645178034
179	15	0.1838360110272202
179	11	0.18285029812787687
179	1	0.18256031249884644
179	76	0.17712209506644902
179	0	0.17679274180541926
179	68	0.17511630305192796
179	90	0.17475762614478124
179	19	0.17275982262952175
179	172	0.17025571462104785
179	185	0.1695856370448281
179	65	0.16831302972160428
179	38	0.16775912432808535
179	120	0.16753558862546455
179	69	0.1637328635335861
179	188	0.15385839296416576
179	61	0.15232518954282406
179	42	0.14963787876725973
179	118	0.1490219274235691
173	50	0.6568199173802213
173	171	0.5650425224677842
173	45	0.5633383012551034
173	89	0.5176030113707161
173	164	0.5090524807445174
173	193	0.4906150190756072
173	122	0.4661811918162733
173	67	0.4561904776661431
173	62	0.4556122053120508
173	174	0.4501114208149758
173	53	0.4439502109442269
173	157	0.4436691494100681
173	195	0.43953151964604426
173	49	0.4286160267621742
173	47	0.4271128725157434
173	178	0.4259102836760695
173	182	0.3998160825342783
173	125	0.39868127212261534
173	72	0.3916097859987014
173	21	0.3911440327526934
173	149	0.3906696053298323
173	52	0.3892281080237608
173	194	0.3850369873639151
173	156	0.3845172999918683
173	17	0.37915293713616977
173	48	0.3656738523943108
173	170	0.3638792915221198
173	60	0.3636276633363625
173	144	0.3347516082747768
173	180	0.3152102675979465
173	66	0.3127584239374045
173	168	0.29377239738227745
173	119	0.29056202101258816
173	175	0.28967366441161096
173	33	0.28783125493282385
173	44	0.28575714309592065
173	145	0.28572959257409114
173	91	0.2803206187809116
173	166	0.276806270850305
173	124	0.27508790449794485
173	41	0.273608331908798
173	199	0.2724237404343894
173	176	0.27116420654262274
173	42	0.2706267694929542
173	165	0.26376440524396616
173	61	0.26341080705103154
173	142	0.2553895471547149
173	154	0.25498754927602946
173	153	0.24967858632617604
173	196	0.2484686151047568
173	34	0.24718275741488754
173	183	0.24505965945005145
173	88	0.24462723568340336
173	147	0.2413338780694104
173	28	0.2410324922576488
173	18	0.2396191273108449
173	160	0.2362795658067439
173	133	0.2315153059198571
173	14	0.22627505468289125
173	192	0.22476592163936104
173	69	0.21745192057112567
173	94	0.2171946725150193
173	148	0.21438204045334608
173	130	0.21421984768587746
173	38	0.21389542671792744
173	46	0.21348506203895
173	177	0.21046705585350176
173	3	0.2017441122218128
173	169	0.20172492615813814
173	68	0.20129319882233065
173	131	0.1993830689106719
173	16	0.1989893357255534
173	191	0.19768283454632066
173	27	0.19756752123178747
173	35	0.1945193567836837
173	65	0.19373025807440286
173	135	0.18574839698428947
173	137	0.17349704276564776
173	70	0.16516310983886154
173	90	0.1641804979002065
173	111	0.16082160423675218
173	98	0.16040269663673953
173	93	0.15554698855680352
173	29	0.1554103728638646
173	87	0.15537133871659273
173	152	0.15000934885869147
173	20	0.14977474108992864
173	64	0.14634168838102726
122	156	0.6791636658894653
122	52	0.6453917144891729
122	21	0.5552225885171179
122	50	0.4699607818167735
122	195	0.4606609857098356
122	178	0.4454904799138846
122	125	0.4197182689631719
122	45	0.4153836152705038
122	72	0.3903899347889615
122	89	0.3902204024147122
122	176	0.3719463020629996
122	149	0.3696606662955835
122	97	0.3635061686629769
122	199	0.3596988901222732
122	142	0.3596205320820477
122	182	0.35115447311053544
122	132	0.3444739247855076
122	164	0.3382189030573128
122	144	0.3364198861651785
122	133	0.3200744012525939
122	177	0.30617566588508544
122	174	0.2948958391388264
122	124	0.294740615163098
122	34	0.294704089613704
122	91	0.2862346103889345
122	157	0.2761782555007398
122	33	0.2746441691507314
122	165	0.2742465568688717
122	48	0.2702652945104692
122	131	0.2678442353009321
122	20	0.2641737461798914
122	14	0.2627499470967664
122	137	0.2587516357634053
122	70	0.2554923696454358
122	113	0.2554269378198957
122	16	0.2546228703025771
122	62	0.2540429751708222
122	180	0.2525175415230729
122	194	0.24871254781105864
122	28	0.2480651187801289
122	46	0.24505965945005145
122	98	0.2447964565830895
122	171	0.2409759772401387
122	44	0.23433362714955244
122	140	0.2284751108694614
122	193	0.2254968948015085
122	196	0.222647522324379
122	53	0.21914709473797986
122	47	0.21903285478818166
122	138	0.21834728907229112
122	38	0.21783297327144216
122	166	0.21722325712298493
122	18	0.2136759387121985
122	121	0.20956851695078788
122	175	0.20520464741495206
122	17	0.20402614455833168
122	192	0.20063106503892794
122	139	0.19794226949701044
122	29	0.19585639989589115
122	49	0.19041717125596253
122	152	0.18923149235224845
122	136	0.18738922308236786
122	145	0.18140972371882708
122	19	0.18126465619559515
122	119	0.17859401185564674
122	198	0.17714146755308927
122	154	0.1704499106041912
122	15	0.17029455487618173
122	151	0.16909026148042988
122	118	0.16639820596146912
122	41	0.1645599610417958
122	115	0.16256480473544122
122	88	0.15463935874697907
122	153	0.15035145490137472
122	90	0.1468211601749832
122	120	0.14603831355369126
122	3	0.14590129655968773
125	157	0.5991114654768713
125	21	0.6530738958566151
125	53	0.578243611336552
125	149	0.548294897690109
125	130	0.5475531317916029
125	144	0.5331314923855677
125	119	0.4970496150906226
125	128	0.4877929037504826
125	129	0.459210221376209
125	133	0.4561746397166809
125	28	0.4543354776853789
125	156	0.4392168090182935
125	48	0.4344507826617629
125	17	0.4217921392295252
125	126	0.4165331152966641
125	27	0.4095246881227149
125	45	0.398370036525805
125	44	0.3874193030065598
125	26	0.3815478688910035
125	123	0.3802398418546872
125	29	0.37670143033796616
125	16	0.3620820251813021
125	132	0.3574331728481597
125	154	0.35439400428005635
125	52	0.3541578923728728
125	23	0.3527840512736833
125	124	0.3478625641492018
125	120	0.33916616042060493
125	20	0.3382986053486089
125	143	0.3336589910729523
125	180	0.3202000529541407
125	47	0.30491543388026643
125	148	0.3021100875166381
125	18	0.2996545208481613
125	127	0.2965019480247122
125	117	0.29454884642263685
125	118	0.29089159306064755
125	50	0.2693195383172849
125	196	0.2679556228561297
125	49	0.2603277954523345
125	152	0.25977769565550685
125	178	0.2564642236567295
125	195	0.2540242658324298
125	136	0.24861873127118014
125	145	0.2473048105811497
125	171	0.2466944663404819
125	91	0.24374328461493225
125	194	0.2428965688102986
125	153	0.2413998000128095
125	46	0.24046726858050704
125	131	0.2396756814581193
125	115	0.2349667364477186
125	22	0.23211145130818306
125	14	0.23199791323340901
125	25	0.2298205482143169
125	24	0.22230534080315972
125	164	0.2206792318619867
125	138	0.21829014885609369
125	33	0.21671820757478585
125	89	0.21526912085256208
125	72	0.2146014589087886
125	182	0.21339916221718652
125	19	0.20630596174599533
125	62	0.19504848934165087
125	174	0.18764008102717444
125	151	0.18533319990813948
125	34	0.18372006395142104
125	175	0.16982843692385374
125	137	0.1585705168556913
125	43	0.15400483872251822
125	60	0.15204190589628433
125	142	0.15193444694103506
125	93	0.1469385713314376
45	164	0.5828907945406548
45	149	0.5408526399140853
45	50	0.5210645856487298
45	49	0.5133073435200085
45	89	0.4972152441458921
45	44	0.4866031887841719
45	33	0.4840728731711729
45	178	0.4696334797492892
45	47	0.4685649541099398
45	53	0.4594074802194261
45	67	0.4547401093222536
45	157	0.4442392116987145
45	17	0.4401444919212042
45	52	0.4373990663856957
45	182	0.4369137298384494
45	154	0.4301983083912045
45	156	0.4248946832953159
45	62	0.4205170649788979
45	168	0.4179866884721984
45	21	0.4113623817879426
45	60	0.41066428469628014
45	171	0.4022077700241067
45	48	0.3992782508420096
45	153	0.3893638598052448
45	72	0.3863564059720441
45	147	0.3680623757576289
45	119	0.3675262448276764
45	144	0.34815259808436355
45	82	0.34685131967284794
45	46	0.3408023196177372
45	28	0.31878133073709936
45	91	0.3135160577372077
45	151	0.3126591804849818
45	34	0.3121899372332404
45	18	0.3113322725537504
45	152	0.3113322725537504
45	180	0.3081680848197873
45	41	0.30096465293942715
45	16	0.29924487241129905
45	148	0.2962556649337738
45	193	0.2914041234816368
45	195	0.2908275150102925
45	42	0.2855642795256201
45	19	0.28390102164512465
45	136	0.26756573509119963
45	165	0.2649084603573562
45	7	0.262461325232801
45	66	0.26223784378717346
45	192	0.2612131941837414
45	133	0.2517028383909145
45	120	0.2503910730492464
45	174	0.2468071600246652
45	94	0.2453322243433191
45	3	0.2352596002023892
45	14	0.2322155223207541
45	159	0.2314869137027749
45	43	0.23079591497637805
45	194	0.2269391091129021
45	61	0.2265596752334819
45	145	0.2250792268818303
45	88	0.22400620096960586
45	131	0.2192708479032764
45	132	0.2189471708845628
45	69	0.21704221498236909
45	124	0.21658477887676686
45	38	0.20852615092625207
45	97	0.2064591467442353
45	80	0.20592295501973476
45	121	0.19594294599445852
45	169	0.1921320477157848
45	77	0.18739887191707733
45	189	0.1843673696246541
45	142	0.18371040146428844
45	177	0.18268597684096574
45	146	0.18108089267529973
45	118	0.1809841699531277
45	170	0.17697679704269928
45	20	0.17677336685038592
45	35	0.17480609870979855
45	135	0.1683810458708147
45	117	0.16561052754241826
45	98	0.16332409499676
45	115	0.16109435014311374
45	137	0.16109435014311374
45	87	0.1589799288292345
45	123	0.1578100357446846
45	27	0.15338972114223598
45	93	0.14788749256825476
45	183	0.1450692876876531
3	0	0.6290666120624522
3	1	0.4675731969283649
3	106	0.4531919761936685
3	5	0.4460914326863813
3	102	0.4442793433834171
3	11	0.4267857868145301
3	111	0.3946618348340917
3	70	0.3874702961981734
3	8	0.3056136802697718
3	13	0.2819046964566096
3	156	0.27918688141506043
3	148	0.2683918217880559
3	157	0.26554992122521826
3	147	0.2568098545011712
3	101	0.2465066287072301
3	95	0.24567992324269555
3	186	0.24142805159229985
3	187	0.23890263413572854
3	47	0.2323195880167419
3	168	0.2224954484153276
3	10	0.2092243018232495
3	151	0.20822961154476666
3	113	0.2046202607948024
3	176	0.2019071875105716
3	135	0.20099574114532148
3	164	0.2007750227818502
3	180	0.2006406624914296
3	144	0.1931142018795826
3	52	0.19302755675244726
3	82	0.1891832823240307
3	158	0.18634693644786512
3	46	0.18297594869028916
3	195	0.18017156103260829
3	178	0.17736424127990294
3	89	0.17573660738643807
3	121	0.1746703733931999
3	99	0.17159539693685266
3	55	0.16892511729270387
3	104	0.1674967110918887
3	50	0.16710790712256113
3	14	0.16337276086130373
3	149	0.16328516173283142
3	124	0.15410246546965867
3	20	0.14821025947013514
3	2	0.1481417963996328
3	100	0.1454902120122986
3	153	0.14401185113117956
0	102	0.7225929400666259
0	5	0.5720804708879329
0	1	0.6400627288725275
0	101	0.5371847529770016
0	111	0.5292264120390066
0	99	0.5082148211585253
0	106	0.5027279096215634
0	13	0.5013591576010259
0	70	0.4735137816969194
0	30	0.41895180198849613
0	10	0.4174170761617457
0	11	0.41508568640887855
0	8	0.40527952211081214
0	113	0.39391019560784657
0	2	0.3892111378620594
0	186	0.3708601070950389
0	100	0.3502599286682807
0	104	0.3311861964842475
0	110	0.3022827362084213
0	46	0.2950327885465365
0	134	0.29452144895123616
0	187	0.29421091044724057
0	95	0.2887573101052062
0	151	0.2734788075608931
0	147	0.22667351262364704
0	161	0.22644583165331764
0	188	0.22479440585569813
0	107	0.22241940739995267
0	168	0.22034625092007226
0	77	0.2173757020724004
0	176	0.21710891645625174
0	135	0.21352323867805534
0	59	0.20033352491828407
0	156	0.20021833817228965
0	159	0.19442313869039266
0	116	0.1843673696246541
0	87	0.18285996376788768
0	197	0.18173851420071654
0	54	0.1774901488264681
0	14	0.16513392805986324
0	82	0.1634506245907533
0	180	0.15887270716255153
0	114	0.1583950378785307
0	158	0.1475744763931089
0	190	0.14548042367207575
89	87	0.6706920803812235
89	91	0.6275959781691257
89	72	0.6256646581808536
89	88	0.6220977703298031
89	178	0.6083892091914171
89	193	0.5923768637600977
89	192	0.5433100296839171
89	50	0.5350184670900824
89	180	0.5297733307040646
89	182	0.4900757305110755
89	191	0.4788877136429634
89	97	0.4753425865145322
89	177	0.457543553156665
89	93	0.4531919761936685
89	168	0.4514420768561228
89	195	0.4489304834090645
89	94	0.4423670992572416
89	47	0.4396121973040617
89	194	0.4322822281056212
89	196	0.4281832957008448
89	66	0.4115285243149402
89	98	0.4083171521028329
89	159	0.4077587037510781
89	52	0.4026603153020721
89	67	0.3943494196745961
89	156	0.3795381807529713
89	60	0.3734274013039117
89	147	0.3590109075671415
89	90	0.3567613621070497
89	82	0.35083005547635404
89	164	0.3505581812523779
89	78	0.34326592278001505
89	80	0.3362513792808469
89	199	0.336047368454408
89	171	0.3323342126374829
89	198	0.3237137146143545
89	153	0.3223971311908801
89	84	0.32005645009012884
89	62	0.31904183640125755
89	81	0.31710036290998583
89	70	0.31656059186189583
89	174	0.31485897386050554
89	170	0.31357917588961365
89	49	0.3130110128181113
89	71	0.3048519406646931
89	46	0.3024099383450836
89	176	0.29273957647400456
89	149	0.28396537838074715
89	7	0.28389182761692394
89	169	0.2834872387155676
89	41	0.2812141532789759
89	21	0.2790116817334159
89	183	0.2738766007745104
89	160	0.2690319995544087
89	16	0.2684660574603575
89	53	0.2583130500900972
89	85	0.25524932535720873
89	152	0.24842170135460084
89	145	0.2453134280091007
89	175	0.2388743461670529
89	151	0.2383273657987213
89	135	0.2357129823714117
89	14	0.2341918590047811
89	154	0.2338988399474529
89	64	0.2330289849853892
89	157	0.23063496401121114
89	83	0.23054974956642865
89	61	0.22696756387839126
89	48	0.22163032233566607
89	189	0.21905189519694007
89	92	0.21781392221253065
89	115	0.21308416798298752
89	76	0.21065818852920706
89	96	0.20881308802079168
89	29	0.20825831057834465
89	65	0.1996423214737123
89	77	0.19752908224505397
89	38	0.1930756933059398
89	33	0.19040753382460254
89	166	0.18867219999370646
89	34	0.18352680746535868
89	95	0.18113892462733988
89	165	0.18084875226059646
89	11	0.1803263626821258
89	17	0.17991031301388088
89	142	0.17985225445047415
89	113	0.17826483645931848
89	111	0.17725769958984652
89	15	0.17552339348472928
89	79	0.17000324007274986
89	102	0.16872110255443107
89	68	0.16844906041667582
89	43	0.16265242499483085
89	44	0.16250638980468293
89	133	0.1593210637173251
89	119	0.15930157131924355
89	86	0.1582195488948853
89	131	0.1553810972989014
89	120	0.15354595276156252
89	188	0.15286238285336395
89	144	0.14874813411614524
89	35	0.14767229712659022
89	118	0.1473201289784732
89	8	0.14696792347372753
87	191	0.6456833551210801
87	192	0.548735350292406
87	91	0.6001681779175071
87	88	0.5345472222979113
87	193	0.4881281373345833
87	180	0.4767887717538759
87	78	0.4759151815725206
87	159	0.4566259080071384
87	76	0.4182754967039977
87	80	0.4142245029279741
87	93	0.4071415553432373
87	72	0.4070497853007032
87	83	0.3951682600749672
87	66	0.3786048086511445
87	168	0.3717825758642799
87	97	0.36310688482369774
87	170	0.35554767837560586
87	169	0.3541141629891904
87	94	0.34321299157953444
87	198	0.3387944216357897
87	196	0.3362779870627298
87	96	0.335381896732052
87	182	0.3346184103834309
87	77	0.3254672102976694
87	160	0.3245639018616036
87	178	0.3238121841450109
87	185	0.32146491646849645
87	82	0.3195986178253511
87	81	0.3117837383462259
87	194	0.3113413032477953
87	177	0.3076159113060861
87	84	0.2991265089815877
87	71	0.29685762065018423
87	147	0.28481097180323195
87	85	0.28037590307204685
87	98	0.2781077254208917
87	79	0.268781523484786
87	135	0.2650107379624208
87	188	0.2625451235178801
87	75	0.2594139777604391
87	7	0.25665105929130394
87	64	0.2564829080829289
87	47	0.25500624880765826
87	195	0.2534254666937828
87	8	0.2534254666937828
87	115	0.2528826371568493
87	74	0.2467508140167913
87	70	0.2462154437756417
87	95	0.24432636173606556
87	92	0.2303793100688729
87	111	0.229555320049508
87	184	0.22838980719447854
87	11	0.2272900241285219
87	153	0.2258575413179402
87	161	0.2230656696891789
87	1	0.21992757344225491
87	151	0.2186900989169934
87	167	0.21859487937089006
87	16	0.2108110830749612
87	102	0.20942510028801545
87	43	0.20830614150404916
87	15	0.2007750227818502
87	60	0.19975753586617614
87	183	0.19741376164070668
87	54	0.19542362366042668
87	90	0.19424031400677932
87	67	0.1913999961523562
87	46	0.1909375380010116
87	181	0.1908989959924042
87	50	0.1908604533951819
87	175	0.19047499507330773
87	152	0.1895785776118769
87	65	0.1853621692952115
87	176	0.18451226691737013
87	120	0.18346882775232187
87	199	0.18298561387062587
87	106	0.18214461104662594
87	187	0.1785165624149372
87	29	0.17710272244255645
87	56	0.17586258967139465
87	189	0.1747091527326615
87	86	0.17169245077310502
87	171	0.16457941937813636
87	10	0.1630807537559593
87	197	0.16298341170204675
87	154	0.1609287573460183
87	13	0.15789779313737354
87	101	0.15228611742331294
87	63	0.14867968222402894
87	156	0.148190698737776
87	107	0.14694835540762322
87	99	0.1451965494241362
91	180	0.7971334913829123
91	88	0.6447669708966443
91	93	0.6367569725648656
91	94	0.5877685767195141
91	196	0.5759826876662755
91	92	0.5220691811800439
91	193	0.5162840270960842
91	194	0.5102442965036265
91	97	0.4927457003478826
91	195	0.4783866244734737
91	182	0.4669400432723692
91	81	0.4627303653356658
91	90	0.4599832167138666
91	80	0.4579387896532555
91	60	0.4510199898781394
91	98	0.43813467405802375
91	198	0.4317372718615553
91	66	0.4239600414391951
91	50	0.4122924276126417
91	183	0.4111463556302805
91	78	0.40713321295173294
91	174	0.40667427683073215
91	159	0.4044768915106247
91	96	0.3975115606523597
91	175	0.390457740327074
91	72	0.3639313458972389
91	199	0.35703187579310386
91	177	0.3537817690765037
91	191	0.35260893023740314
91	170	0.3506458890735717
91	76	0.34802956152061504
91	84	0.34203912399209263
91	71	0.33819233454853315
91	52	0.3371380158624597
91	168	0.3281021824730936
91	21	0.3279058515338785
91	133	0.3205231055946464
91	160	0.32030774544677737
91	169	0.30495171450087344
91	156	0.3035724294610224
91	86	0.29319666130268746
91	70	0.2909099005957567
91	85	0.2893713260958797
91	82	0.2821072004375069
91	65	0.2788456859518894
91	41	0.27805236513160697
91	145	0.272525573766
91	79	0.2723867086186494
91	192	0.2701911363735911
91	53	0.2684567781756861
91	176	0.26709218213744257
91	185	0.264071419861291
91	29	0.2622657805067817
91	28	0.25868632124912605
91	7	0.2578370174912406
91	67	0.25516518712420405
91	178	0.2477835587259538
91	157	0.24552957471390965
91	167	0.2452852331619508
91	62	0.2443451677367462
91	187	0.2375066117686717
91	47	0.23677047486949765
91	69	0.2361662619587078
91	113	0.2350517658063213
91	135	0.2283613718567777
91	172	0.22591447984853386
91	171	0.22277107439807411
91	189	0.2162797686170536
91	61	0.21375228481442685
91	166	0.21176644004392428
91	181	0.21040971291233854
91	128	0.21024723338410664
91	49	0.20531959151027426
91	164	0.19609679818765186
91	115	0.19439427253273955
91	126	0.1927964883653077
91	130	0.18485032939990464
91	132	0.18473442718682692
91	153	0.18357512291750647
91	77	0.18332387288581764
91	38	0.18307259890172065
91	11	0.1799973985086981
91	16	0.17992966558982912
91	147	0.17985225445047415
91	43	0.17309935600074344
91	55	0.1672439944305277
91	83	0.1664370981680668
91	95	0.16284712749619665
91	142	0.159545217363212
91	34	0.15539085585088416
91	111	0.1508694326303658
91	74	0.15079125261379078
91	1	0.1491881479300578
91	64	0.1481124546489946
91	23	0.1472222978595902
193	160	0.6530394848390871
193	191	0.6036436754071997
193	88	0.5771242593283566
193	170	0.5559484793388835
193	65	0.4819491154286508
193	182	0.4704514926885266
193	183	0.4578913708265214
193	177	0.4393217245445242
193	194	0.4374880171318095
193	64	0.4344021062419242
193	180	0.43128968401404416
193	171	0.4110050827827698
193	168	0.4011930196885945
193	198	0.3977809614333154
193	181	0.3947800221882119
193	135	0.3808299251307923
193	60	0.37672717292801183
193	175	0.3719980002661031
193	192	0.3685723377084056
193	196	0.3684081368695464
193	84	0.36758678798214894
193	81	0.364746567510457
193	72	0.3626640446259477
193	199	0.3501458721377891
193	82	0.3416593741909102
193	195	0.33354345874421315
193	164	0.3274327561500404
193	86	0.32243297313223945
193	178	0.3218593911820273
193	159	0.3211331127044605
193	111	0.3141561276062994
193	169	0.30491543388026643
193	147	0.3036450551994994
193	68	0.301710193407336
193	47	0.30096465293942715
193	174	0.30008225794421256
193	185	0.2935348178186888
193	94	0.29269386062788244
193	166	0.28705148415119514
193	96	0.2866476885408001
193	67	0.2848293493527538
193	93	0.2841768182101454
193	97	0.28225446027375445
193	80	0.2793436232707963
193	98	0.2791684402183871
193	167	0.2770555643504989
193	176	0.27346030327284865
193	14	0.2714699142666378
193	50	0.26863307606324355
193	49	0.2665627643881162
193	76	0.2651223067309064
193	66	0.2515154998264535
193	7	0.2429153887440074
193	78	0.24274600275896946
193	61	0.2423695364735155
193	189	0.2423601238806247
193	42	0.23983590937462276
193	113	0.2370064458323999
193	165	0.23058762308965816
193	70	0.2297921325429417
193	16	0.2295647930713122
193	74	0.22243841790752827
193	90	0.21699456983151255
193	18	0.21654665490516198
193	8	0.21320826191262585
193	92	0.21264501120519533
193	62	0.2107537488285932
193	156	0.20999871281828653
193	153	0.20707178546753852
193	21	0.19824010505761666
193	79	0.1935377569008879
193	115	0.19336449310220585
193	107	0.1881224313328494
193	19	0.18541045089100192
193	172	0.18172884447201876
193	15	0.1807423478341152
193	119	0.17970710256069325
193	190	0.17824547195731918
193	63	0.1763277051011858
193	44	0.1756203109371122
193	116	0.17191566194626404
193	17	0.1704693294745492
193	188	0.16980901369184376
193	48	0.1687308178699345
193	85	0.16657321681238008
193	1	0.16083134558520173
193	69	0.1590676528582259
193	121	0.15809280063390727
193	187	0.15778078272642224
193	83	0.15282331729084225
193	77	0.14966720689075014
193	118	0.1455195768620671
72	178	0.7060333622916485
72	192	0.4584444283127792
72	97	0.4397090011307776
72	177	0.4359584922578774
72	52	0.4219729825514658
72	50	0.3995135860518282
72	88	0.38075297532243785
72	156	0.378039272874396
72	191	0.3764783035210051
72	195	0.3649286151512308
72	47	0.3538167621196839
72	78	0.34686011658395594
72	98	0.3421009331587471
72	199	0.3372886846785609
72	152	0.3353108933084749
72	66	0.3312663225090274
72	149	0.33011739338596346
72	198	0.32836093904302543
72	70	0.3164886068877065
72	46	0.3157415477994138
72	182	0.3099951105237719
72	85	0.3095250052100081
72	147	0.3069548410845283
72	71	0.30261888990063657
72	176	0.3014011115870538
72	21	0.30127382418505555
72	7	0.2962282977131213
72	67	0.29044299193461304
72	151	0.2834780423396425
72	142	0.2820151562884358
72	16	0.2782737952024972
72	135	0.2709325733515183
72	48	0.2628151132706623
72	77	0.2620795274076272
72	33	0.2595445516317498
72	38	0.25724880437567943
72	93	0.25466027660933377
72	131	0.2530604781805037
72	194	0.2528919976368963
72	115	0.2512906686703221
72	154	0.2499317376172344
72	180	0.2442229254473537
72	120	0.23830850170747306
72	62	0.2304171867347524
72	83	0.2286836161928935
72	14	0.22037479415727296
72	34	0.22014643769587144
72	171	0.2147063905148548
72	196	0.2079138985202338
72	43	0.20653573544873485
72	11	0.2060665899424877
72	116	0.19735609928937245
72	80	0.19402860540918795
72	113	0.19309494766711932
72	197	0.1927964883653077
72	170	0.1908989959924042
72	15	0.18871077581459647
72	49	0.18773655833655103
72	118	0.18747606129272087
72	117	0.18443498935897384
72	159	0.1816708253618384
72	76	0.17996837032386093
72	31	0.1783326111288447
72	111	0.17722864204409694
72	168	0.17685086584838167
72	96	0.17489334719142882
72	153	0.16940109536565673
72	133	0.16911940358709593
72	44	0.16848792515134772
72	32	0.16687459978266975
72	114	0.16668988488337982
72	29	0.16445293790282342
72	95	0.16343115884925571
72	90	0.16154237927179252
72	94	0.16006168266459894
72	75	0.157224922817312
72	145	0.15556650459877472
72	53	0.15554698855680352
72	41	0.15412199045808178
72	106	0.1506055675164387
72	17	0.14930547497662008
72	26	0.1458229986210201
72	157	0.14566639726409206
72	82	0.14514760317073389
96	198	0.8157231749724465
96	78	0.5603203369084148
96	98	0.6544366919458741
96	81	0.6343309185262418
96	97	0.6205997932468436
96	181	0.6109652057399751
96	79	0.6066541886859074
96	95	0.5762031662523199
96	177	0.5731021220926773
96	71	0.54843475689246
96	197	0.5442608309092392
96	199	0.4647006331527258
96	88	0.4628403814931123
96	93	0.4595573666401759
96	185	0.4512270766412728
96	76	0.4275951199456139
96	183	0.4234677615441082
96	80	0.4096162358466098
96	92	0.3880820295060421
96	75	0.380855573894794
96	85	0.3688661133895429
96	190	0.3688142759749175
96	176	0.36796727359799386
96	70	0.34110279507407043
96	74	0.340528296004799
96	184	0.3404929339039612
96	167	0.33681002991955433
96	73	0.3230242316285461
96	90	0.32282717345164896
96	160	0.3156875283396077
96	191	0.28897728346824936
96	196	0.2863998544280153
96	63	0.2805509577215958
96	187	0.2777755359833388
96	94	0.2652710540458359
96	84	0.2516372720381149
96	86	0.2508221833464477
96	106	0.2419929971858207
96	66	0.24140921725144154
96	161	0.2408912016497129
96	180	0.2339082928386691
96	182	0.23120296984987204
96	174	0.22913846405592794
96	59	0.2253735015354233
96	55	0.2242626371836033
96	65	0.21494485300149996
96	83	0.2147540850610925
96	128	0.2133323489634137
96	194	0.20840180036623854
96	166	0.20513759407819804
96	60	0.2045244457796652
96	61	0.20302922511858928
96	7	0.20136036154923045
96	192	0.19265205976248068
96	10	0.1909375380010116
96	126	0.1887686384539543
96	159	0.184377029693574
96	188	0.1835557968430684
96	116	0.16928453660452775
96	23	0.16432645101932986
96	118	0.15590801566206725
96	170	0.15344830889856698
96	77	0.1521102869965168
96	113	0.15138732753016124
96	38	0.14828850123978862
198	98	0.6973637495306836
198	181	0.6969885694277019
198	197	0.647284014671735
198	71	0.5721208329385536
198	199	0.6948174001530186
198	97	0.6940407481178188
198	177	0.6811466258439665
198	81	0.5973391988022846
198	183	0.5798256408249295
198	95	0.5713400088940436
198	176	0.5403218158740036
198	79	0.5359813406195532
198	78	0.5214068928902235
198	93	0.4916318078556477
198	166	0.4774993185448929
198	185	0.4625967551230882
198	182	0.4473721214005998
198	88	0.4394427660305448
198	196	0.4270311115644873
198	167	0.42460782807005065
198	80	0.4212823093060577
198	160	0.4160288221258266
198	70	0.4115285243149402
198	85	0.4018137279767638
198	194	0.39687145913035454
198	190	0.3917198438259338
198	174	0.3811462189185335
198	170	0.3807615255616001
198	191	0.3643997329496729
198	90	0.3533267694136779
198	76	0.35317798324520544
198	75	0.3450290470007741
198	187	0.3371025618660326
198	92	0.3338189423667529
198	66	0.3312307115322348
198	60	0.3240986010709495
198	61	0.31961657484503764
198	184	0.3152552990125508
198	192	0.2874918721324564
198	38	0.2828341665378947
198	175	0.27932518382497723
198	180	0.27297912077185904
198	106	0.2701077046375057
198	135	0.268336142941698
198	83	0.2586489976074534
198	94	0.25534280774895585
198	195	0.255239976855528
198	52	0.23677991424457
198	113	0.22117385141007365
198	114	0.21873770712841326
198	188	0.21501161790654855
198	74	0.2134468847478276
198	159	0.21326553371413096
198	156	0.21296006717812127
198	142	0.21230126334967386
198	11	0.20752158865745146
198	161	0.20731105339506034
198	55	0.20532916992926104
198	59	0.20324014710347896
198	172	0.19763478799661546
198	63	0.1936051340075427
198	65	0.1815257720534513
198	15	0.17583351734753472
198	116	0.16533819443830428
198	115	0.16181506006752094
198	50	0.1617955836867654
198	86	0.16132811276722894
198	99	0.15990577783198812
198	169	0.15918461432290792
198	21	0.15889220228986242
198	77	0.15440508925643462
198	7	0.1526182152544634
198	162	0.1520614435020481
198	165	0.14933480608148672
198	23	0.1440412288218507
78	80	0.5521576496421899
78	7	0.4941074540948617
78	79	0.4708096058456203
78	97	0.4588787245519894
78	98	0.4476520279260864
78	182	0.4414980281333323
78	76	0.4408698499328657
78	85	0.4363390861367035
78	75	0.431012887104751
78	197	0.4248782938658804
78	135	0.4112709917439309
78	95	0.3965344084240372
78	77	0.3922445807674272
78	71	0.3891262830906836
78	184	0.3864244621665885
78	115	0.3845513853254343
78	81	0.3814538786119737
78	185	0.375052695506682
78	177	0.371558492002372
78	66	0.3711274398142321
78	88	0.3708256080720464
78	43	0.3652406319048723
78	83	0.3649632877293254
78	159	0.3614040945014142
78	192	0.35236371929016297
78	93	0.3447559217597343
78	181	0.3433894204351292
78	118	0.3338900256613825
78	116	0.3253688589564988
78	151	0.3188082818332413
78	74	0.30812283250098405
78	191	0.3037085998263765
78	199	0.3011374329099812
78	147	0.2975504896177017
78	188	0.2971038073112843
78	10	0.2953157789077679
78	120	0.2922823578189255
78	161	0.2908183607901047
78	180	0.2904613046856031
78	82	0.2903422680014896
78	84	0.2790854522851474
78	15	0.2780800455071683
78	16	0.2770463319227777
78	11	0.2760304528794317
78	94	0.2736638393063368
78	70	0.26593096784536624
78	14	0.2633363563025615
78	152	0.2624333915912817
78	73	0.26107342355822233
78	186	0.2583783781145056
78	170	0.2577903408859111
78	92	0.2571740969941562
78	59	0.2563521130747471
78	131	0.25350032721852445
78	187	0.2532383021032573
78	46	0.2458584467685245
78	117	0.2435551576042604
78	176	0.23625124044696774
78	167	0.23422021343075666
78	154	0.2289489562608917
78	30	0.22248594343642544
78	178	0.2209741148891807
78	52	0.2196515826074659
78	149	0.21805204851458634
78	86	0.2168802172515952
78	99	0.2102663492257401
78	54	0.20849745524141536
78	196	0.20517591050647185
78	160	0.2048693614794238
78	90	0.20224289549388544
78	190	0.19804795726974972
78	168	0.19309494766711932
78	106	0.19229576686370034
78	156	0.18821889051299728
78	38	0.18800667552615385
78	142	0.18360411176307626
78	55	0.18338185578942684
78	183	0.17875858456789026
78	119	0.17855528741187215
78	18	0.1770155439369189
78	133	0.17307995520132166
78	31	0.1729150429846522
78	29	0.1724396535536514
78	47	0.16748699162709155
78	195	0.1646183356665115
78	58	0.16237982021398278
78	13	0.1606267706903391
78	128	0.16003245111650988
78	1	0.15937954016618247
78	194	0.15117236236121492
78	63	0.15078147997907348
78	113	0.1446972643346054
78	126	0.14415873704509113
98	199	0.7672057727098854
98	97	0.7099286509230014
98	38	0.5711985420979488
98	81	0.5531092462499149
98	93	0.5529981851963652
98	177	0.5311602375426471
98	70	0.5050333686815289
98	88	0.5017707954986821
98	176	0.4677763298085541
98	95	0.4641986898132994
98	52	0.4610705391242231
98	79	0.4459792853424824
98	197	0.4451136780774793
98	61	0.4443515759228477
98	174	0.44009611427409895
98	182	0.41677277138830304
98	94	0.4141085176740169
98	71	0.4090085376270141
98	50	0.4031796616767162
98	181	0.4024005448367745
98	66	0.3952779539051813
98	80	0.3884981525884955
98	183	0.3867646800150595
98	92	0.3769502509983629
98	60	0.368071021026684
98	90	0.3669292956632573
98	142	0.3620646471233179
98	156	0.3560193241339194
98	166	0.32396435053087697
98	32	0.32291674882122223
98	196	0.31566952139822985
98	35	0.3048337992482011
98	76	0.29317838048113626
98	41	0.29134921750350384
98	180	0.28837228336188386
98	195	0.2844893308053366
98	184	0.2822452569235813
98	85	0.2806983576894451
98	67	0.2753189702634814
98	178	0.2729883755705913
98	62	0.26481547554365664
98	7	0.2621819690292948
98	75	0.2521991943403197
98	194	0.24784925981783276
98	37	0.24690106632925346
98	69	0.246018164207552
98	185	0.2398453341393842
98	170	0.2347116267986557
98	160	0.2277641398305933
98	106	0.2254779116928897
98	113	0.2216683571984676
98	135	0.2103523685232956
98	187	0.2103236957859312
98	167	0.2032976680085328
98	21	0.1998247417112058
98	59	0.19795187766657096
98	84	0.19794226949701044
98	191	0.19358588359196394
98	68	0.19309494766711932
98	11	0.17914577500917128
98	28	0.17575598965120853
98	190	0.17402073898960338
98	161	0.16926510968384348
98	131	0.16663155143109734
98	192	0.1643848302527144
98	65	0.16115279249478082
98	159	0.15996424307951507
98	114	0.15941852384412067
98	186	0.15626900111734104
98	29	0.15585923064727658
98	63	0.1554201313248587
98	126	0.15372170415746994
98	55	0.14911970521265444
98	34	0.1474375225161297
98	36	0.1453042286797136
181	81	0.6356080988166136
181	183	0.6293505374386642
181	79	0.5757019573142634
181	160	0.4795579141519029
181	166	0.4742349436821243
181	65	0.4493615480347932
181	170	0.4271946264830668
181	199	0.4206240706303418
181	182	0.4199983334213999
181	61	0.4158220706216976
181	197	0.4151270707435888
181	177	0.4110383252291167
181	167	0.40553857159418105
181	93	0.40489500613904617
181	97	0.3834345458386806
181	175	0.3827860937566591
181	60	0.3817699963685827
181	185	0.3772762095251605
181	88	0.3720496961614628
181	194	0.3696692997735866
181	86	0.36452113655220575
181	95	0.35274902904296385
181	90	0.34518760904374035
181	74	0.34438578797820385
181	63	0.33194275167327314
181	80	0.32672727145349595
181	169	0.32328394734214594
181	196	0.3230779699077026
181	190	0.3075253712761213
181	92	0.30709975856207783
181	85	0.3067193198246547
181	174	0.3005553584096643
181	172	0.2891972263211027
181	64	0.2745147242931493
181	135	0.2744499981328449
181	191	0.2643876819907081
181	66	0.25658566900027313
181	71	0.2541084563579364
181	68	0.2516934719105277
181	189	0.243921988286925
181	114	0.22656916191912416
181	171	0.22142111853849347
181	162	0.21629883299581995
181	69	0.21289324082135114
181	94	0.21084930510012587
181	176	0.21021855932023034
181	159	0.20864093007489232
181	84	0.20080381329013589
181	55	0.1954043873930985
181	165	0.1943750282405864
181	62	0.1780905509721307
181	83	0.1765989860917929
181	7	0.17590135229268036
181	192	0.17166333497207442
181	184	0.16851707335857774
181	147	0.161211233716281
181	76	0.15509808610696954
181	19	0.15149480474642898
197	95	0.8025371475390454
197	176	0.5929153432912714
197	106	0.572107379229562
197	199	0.4957685329741625
197	177	0.4828161721649914
197	70	0.465687961712001
197	97	0.4637513953521106
197	99	0.4260166958395392
197	190	0.3942649674909904
197	101	0.3809752603768118
197	114	0.37888747059684297
197	11	0.3759031215846381
197	71	0.3607083838393049
197	5	0.3493823035815528
197	38	0.3413148534418768
197	13	0.31504814275338644
197	79	0.3079780157115877
197	188	0.30501520345712274
197	142	0.29742287938380924
197	135	0.2875102189954316
197	187	0.2869230147868469
197	83	0.28265015516455977
197	10	0.2779877757928101
197	191	0.26090568435727723
197	170	0.2588542680768095
197	75	0.2530417588778762
197	192	0.2514873974158158
197	166	0.25090651938332936
197	182	0.2498942358772781
197	161	0.2475676676652362
197	116	0.2218775368846907
197	85	0.2206506926527562
197	184	0.21039059827684872
197	156	0.210046507343438
197	93	0.20625808935970988
197	115	0.2060953158617108
197	185	0.20277992938970948
197	167	0.20141792809395195
197	172	0.20108210364690748
197	110	0.196798626209228
197	139	0.1964429303140209
197	118	0.19542362366042668
197	52	0.1893568341556215
197	113	0.1871383406921716
197	160	0.16882796922147802
197	147	0.16828387945270112
197	141	0.16653432641873922
197	195	0.161211233716281
197	7	0.15777103165879125
197	90	0.15694207863503915
197	81	0.15575190093856914
197	26	0.15540061437253916
197	59	0.1520516747140198
197	196	0.15062511381682114
197	80	0.14522591683506708
197	183	0.14499097038676378
197	178	0.14438394977331462
71	97	0.5525815311967186
71	177	0.4816803663388916
71	93	0.3702217095540799
71	185	0.3307944005068331
71	95	0.31656059186189583
71	79	0.3151742414442452
71	176	0.3138045752398943
71	196	0.30818618535685466
71	81	0.30541421480067205
71	88	0.3016920138784555
71	85	0.2954800721190166
71	199	0.2940373471584956
71	180	0.29145902753982383
71	194	0.2698017535742922
71	184	0.26608893842472675
71	70	0.25681919496417
71	75	0.25436100482558016
71	66	0.2505129186427535
71	90	0.2503160872025004
71	183	0.2431976657988804
71	161	0.22481339511982396
71	92	0.21709938779838056
71	191	0.2143247972966566
71	76	0.2141244346565733
71	80	0.2132941690652783
71	94	0.1974425923041524
71	167	0.19727921403002865
71	174	0.19340299721128448
71	77	0.18799702897311846
71	52	0.1875339518050528
71	192	0.1865013758129431
71	182	0.17142069163903192
71	187	0.17037223379891855
71	83	0.16844906041667582
71	166	0.1636355427855101
71	116	0.1625940117735192
71	29	0.15999347528245114
71	195	0.15616168547314005
71	11	0.15587874474444935
71	58	0.15118213381561146
71	106	0.14640040291202833
95	106	0.6192760889038341
95	190	0.4741729332321996
95	70	0.51792505633965
95	97	0.4957157361926801
95	5	0.4504861193821769
95	11	0.44757206358054347
95	99	0.4439020351684139
95	176	0.43806194776980345
95	199	0.4060648263062875
95	177	0.4037322290249691
95	101	0.3966439616361913
95	79	0.3877847018141149
95	10	0.3831444955339732
95	13	0.3703425143158627
95	38	0.33871474955609554
95	93	0.330170853677404
95	114	0.32687911539738346
95	188	0.321142081410898
95	90	0.3204333762250339
95	75	0.3119642852656005
95	83	0.30527820024696584
95	161	0.304107961311229
95	191	0.3034725633107904
95	187	0.2910563532065423
95	184	0.271766305816284
95	135	0.2600481047856744
95	156	0.23599629414581585
95	116	0.235750759590806
95	76	0.2326695881307126
95	142	0.227043441358487
95	7	0.22504125296629995
95	192	0.2245095464112723
95	113	0.21960399442575165
95	110	0.21741381165318208
95	111	0.21298870643543572
95	147	0.20972148478619626
95	81	0.20952071239807607
95	85	0.2078373555023843
95	55	0.20306757597246497
95	73	0.20076542586868
95	185	0.19615449027153306
95	163	0.19600064169780032
95	59	0.19162156058427884
95	77	0.1889422185063195
95	52	0.18867219999370646
95	30	0.18835392726470512
95	56	0.18391330623596788
95	100	0.17303145261516548
95	32	0.16942052136521624
95	172	0.1691971144257237
95	170	0.1670106980037062
95	167	0.1624382376124035
95	115	0.15972063048203014
95	178	0.15794654616677925
95	102	0.15655190648849573
95	68	0.15160227838066365
95	182	0.15033190695379592
95	88	0.14591108367352448
95	196	0.14505949812443406
106	101	0.6085907259747796
106	70	0.6075003410599039
106	5	0.5156529793728849
106	11	0.4667914563624954
106	13	0.4653119730293315
106	99	0.4562775812221418
106	102	0.4302879463847109
106	176	0.4218907852030342
106	188	0.4026686939150393
106	190	0.3912202606401479
106	111	0.3812145950382679
106	10	0.3719980002661031
106	8	0.35322174573797904
106	1	0.3369873297746656
106	83	0.3362247709621444
106	187	0.3326099459526541
106	110	0.3234719869462149
106	113	0.3224598539815483
106	161	0.30506055105178265
106	199	0.2982703765756363
106	135	0.2970855726163811
106	116	0.28185866932077885
106	147	0.27141433511628155
106	38	0.26757501915213244
106	97	0.26508511793004397
106	142	0.24377150208492535
106	156	0.24107016802789236
106	177	0.2329060405876523
106	2	0.2324804063573141
106	114	0.21578403691695489
106	178	0.210046507343438
106	77	0.20794260149551685
106	100	0.19481760907736725
106	85	0.19356663302732025
106	75	0.1917082543949052
106	192	0.18813207741421092
106	104	0.17331275592548434
106	186	0.17144010387140576
106	76	0.16944966011771462
106	56	0.16807010182367615
106	131	0.15911638734467198
106	30	0.15042964551592286
106	52	0.14855255350178334
106	55	0.14797552303240147
106	191	0.14429582483365386
190	99	0.3944929731004618
190	101	0.350066903841324
190	13	0.3462705886681948
190	85	0.3272899026208396
190	185	0.3130470933305823
190	30	0.3037176774096708
190	63	0.30267339421937745
190	191	0.30181017689418
190	55	0.29676643038812955
190	167	0.2950236589630647
190	160	0.28622542966517833
190	100	0.2834412563145605
190	10	0.2814811978874387
190	114	0.2737655981340143
190	187	0.2723311593820055
190	161	0.2641737461798914
190	83	0.26021592442542524
190	90	0.2555577991305913
190	110	0.2536126123123605
190	199	0.24016574923135064
190	70	0.23605295168843865
190	36	0.23387048100848756
190	141	0.2275081307491146
190	73	0.2274417528885868
190	188	0.22184901358408007
190	5	0.21836633547834106
190	177	0.21565055167035133
190	163	0.21282641247278813
190	79	0.20911911463175695
190	93	0.20626766391596704
190	7	0.2058176171030696
190	88	0.20408364625429196
190	58	0.2038248775381154
190	2	0.20110129488947648
190	97	0.19976713681626584
190	76	0.19325860373134726
190	111	0.19224761528387094
190	68	0.1872637849410468
190	8	0.18339151948265472
190	74	0.18328521690807048
190	75	0.1787682650042697
190	31	0.1729732484039814
190	1	0.1718089109773871
190	107	0.1705372944779614
190	139	0.16862394759659047
190	116	0.1665051582834794
190	86	0.15917486770480752
190	135	0.1585802653941445
190	38	0.15830729463686136
190	102	0.1554494065258346
190	184	0.14936413692354522
190	158	0.14596980575670152
180	196	0.6437433347115306
180	94	0.6428816960181938
180	93	0.5739744918021797
180	194	0.5523175073819225
180	88	0.5053163920448109
180	92	0.4970270265033958
180	195	0.4957987009183623
180	175	0.4444238026851136
180	174	0.4170123695553071
180	157	0.40970777532100094
180	145	0.4054884380663595
180	182	0.4030959136844056
180	50	0.3984289259755032
180	90	0.39647541355418336
180	60	0.3786904712475185
180	53	0.3737973792220158
180	41	0.3693411827460133
180	168	0.3589063697238265
180	183	0.3467457519799545
180	21	0.3463497949007181
180	133	0.3382011907780303
180	97	0.3361804225714604
180	156	0.3278255261658435
180	52	0.32437601082055145
180	80	0.3233824474627958
180	159	0.3223075222932337
180	29	0.31081743008271634
180	81	0.3087743312848825
180	28	0.3059581483548151
180	66	0.2979241441320329
180	170	0.2802745471176738
180	76	0.2748845403319051
180	191	0.2663862560350329
180	135	0.2634015008790511
180	84	0.26275925669695804
180	177	0.2620795274076272
180	113	0.25862100436936797
180	47	0.25778100542044396
180	199	0.24407246274317726
180	144	0.2407593212028815
180	82	0.2403636265352463
180	160	0.23599629414581585
180	130	0.23422966481753546
180	70	0.2307580452969664
180	176	0.22402519730893594
180	128	0.2236642377678089
180	171	0.22124993663386255
180	147	0.2177853453129471
180	132	0.21316053429201687
180	1	0.21253043443013864
180	178	0.20947290684374945
180	169	0.2092816746144453
180	62	0.2045052823062581
180	142	0.2044190447361917
180	65	0.19778853361211807
180	187	0.19526011059652465
180	192	0.19493305190988072
180	164	0.1897810221414916
180	167	0.18819959896739408
180	172	0.1867233662511472
180	11	0.18622144768208804
180	85	0.1854394194188022
180	115	0.18150643101535432
180	126	0.17911673764938352
180	153	0.17346794565092394
180	185	0.17217766992961075
180	102	0.16968275946861833
180	165	0.16782715351043245
180	49	0.1626134829739453
180	166	0.15914562766434315
180	86	0.15884346423929566
180	124	0.1561324169301904
180	69	0.15467840197220253
180	16	0.15089874965009467
180	189	0.14874813411614524
180	7	0.14718316460535907
180	8	0.14578384896656124
180	77	0.1455489414554471
180	67	0.1451965494241362
180	15	0.1449420211510194
180	43	0.14471684553196976
88	81	0.5900481943262593
88	93	0.5888017707573058
88	94	0.5363732232584373
88	90	0.5241102984532021
88	92	0.5095042683972963
88	97	0.4753425865145322
88	66	0.4699451989330376
88	84	0.4358369932845581
88	183	0.4079587800488359
88	79	0.40519594387294017
88	60	0.4043681539958512
88	182	0.4005635472809536
88	50	0.4000260983130182
88	159	0.39767152563496616
88	80	0.39365671523356105
88	196	0.3888801669108192
88	194	0.3814026078622801
88	86	0.3704201679053829
88	65	0.3675521922753584
88	177	0.3670244817390701
88	76	0.3643216812349852
88	82	0.3530029178192586
88	61	0.3494174203710045
88	199	0.3483459170233151
88	167	0.3245728484153021
88	63	0.3240896514409763
88	7	0.3228988342100595
88	160	0.3221910220905945
88	113	0.32082814241981833
88	74	0.3184399055783401
88	85	0.3180175022572369
88	185	0.3112871182400849
88	174	0.3066106050327237
88	67	0.30045529178933805
88	168	0.2972770261033064
88	69	0.29695792368528723
88	169	0.2933154814164363
88	170	0.2839929590556966
88	70	0.27562392836868577
88	191	0.27250705906885503
88	184	0.2691154834932861
88	178	0.2662097298136737
88	68	0.2631409081647041
88	189	0.2525737147653952
88	47	0.24975359767600014
88	115	0.2497160923757189
88	175	0.2459148191543284
88	62	0.23868574935003056
88	195	0.2381387167958504
88	192	0.23293441303268814
88	147	0.23031302422387456
88	35	0.22688219841960935
88	55	0.22686322784416935
88	172	0.2197848239547773
88	32	0.21776629383909968
88	49	0.211814197286959
88	135	0.20935816942801871
88	54	0.2085644112808756
88	15	0.2076842618313321
88	128	0.2066410407847836
88	38	0.20521422630582206
88	64	0.19696203669175366
88	59	0.19564482992355486
88	187	0.1949138118127672
88	164	0.19468291895075893
88	41	0.19169862189698728
88	176	0.1858352903093998
88	52	0.18081973329129966
88	133	0.1777225782603578
88	16	0.17716083990246326
88	153	0.17449585966133793
88	166	0.1704693294745492
88	111	0.1652117454945376
88	43	0.15679576981424184
88	171	0.15663969948633594
88	188	0.15292098030136736
88	77	0.1517488275593646
88	29	0.15163158874982502
88	46	0.14973563815460694
88	42	0.1497160865112847
88	126	0.14657654031450532
88	107	0.14468747369342205
196	194	0.7088108643758539
196	195	0.5702005754779738
196	93	0.5982517480966859
196	175	0.5451259009417545
196	94	0.4964620929176817
196	174	0.4844173511633743
196	183	0.468252716851706
196	145	0.4570452976441299
196	90	0.4412242600217412
196	170	0.4046525202633999
196	166	0.4041590112585342
196	92	0.3880140760093945
196	199	0.3871643014913597
196	182	0.3850880909743485
196	160	0.37420163766426295
196	81	0.35712785012983145
196	60	0.3553991598058847
196	97	0.3470712241402383
196	41	0.3344585552633756
196	50	0.3286910051917292
196	133	0.3142011921947704
196	191	0.3110342281122859
196	177	0.3039809033338498
196	21	0.3026643103037189
196	66	0.3019283306379401
196	28	0.3011192464755213
196	171	0.2919073387796887
196	185	0.28817973500483673
196	62	0.285334649876333
196	169	0.2760212147820412
196	176	0.2753189702634814
196	156	0.2752265477727617
196	52	0.2721274633185606
196	29	0.269449378798915
196	130	0.26270339836200624
196	167	0.2603557621170786
196	65	0.24718275741488754
196	159	0.2471452010161983
196	165	0.23822361107176654
196	53	0.2377047559110116
196	172	0.2328492945081547
196	142	0.2290247614623224
196	157	0.22806751722763502
196	85	0.22250495335193354
196	61	0.21597471613518854
196	23	0.2062102159860076
196	80	0.20504180025667634
196	144	0.20368110483063107
196	126	0.19993034709748325
196	132	0.1997479348777292
196	128	0.19929664518481188
196	83	0.19736570977610604
196	115	0.1903497084657852
196	70	0.17859401185564674
196	168	0.17674430416096615
196	69	0.17308965561782294
196	15	0.16915825926931846
196	135	0.16229219198214542
196	113	0.1616787227557245
196	55	0.15794654616677925
196	38	0.15598607010360788
196	86	0.15557626257422072
196	67	0.15198329236612082
196	192	0.15190513932974375
196	79	0.15071307071097498
94	93	0.6547167413008748
94	92	0.5707671958465347
94	41	0.5444930366440692
94	90	0.5377394378313911
94	60	0.5124377288218008
94	81	0.5097929691220904
94	194	0.45818374541136697
94	50	0.40888362316186616
94	61	0.3982185914313072
94	28	0.39544669163110224
94	174	0.3878696608217552
94	53	0.3811633133394178
94	97	0.3757141926580119
94	145	0.37489800467964784
94	66	0.3718773675360807
94	133	0.35689226330057083
94	183	0.35444646745781905
94	62	0.34869733008808784
94	65	0.3409614035373184
94	29	0.33665930626027873
94	159	0.33138205166560736
94	67	0.327673787538713
94	168	0.3273256174060427
94	84	0.31250579081321644
94	175	0.3067464972723365
94	82	0.3047703025485505
94	76	0.2973955329508892
94	182	0.2936992998422273
94	38	0.2936261988671052
94	169	0.2779047286636007
94	35	0.2759750235301419
94	199	0.275402146154081
94	63	0.25915280156781323
94	55	0.2566323765907325
94	80	0.2558662208786633
94	79	0.2516560055174979
94	189	0.2507003579045816
94	130	0.25052229105205
94	128	0.2463375590004708
94	7	0.2431035780214661
94	27	0.2428871587748737
94	85	0.2357035379552509
94	195	0.235297385963611
94	170	0.23301007094739815
94	64	0.2310136520608828
94	52	0.22387322182906355
94	157	0.2205079909399669
94	74	0.21980385776373115
94	69	0.2159937831512659
94	167	0.21338961758884306
94	49	0.2090043594491001
94	113	0.20641127751908692
94	86	0.20413156325856474
94	172	0.2032976680085328
94	37	0.2003623207395762
94	132	0.1975194724034554
94	142	0.1966640446600412
94	177	0.19603910474616665
94	70	0.191900896595156
94	164	0.1890097186721197
94	160	0.18838286278513536
94	83	0.186366241872298
94	126	0.18293728761525985
94	47	0.1809358072790127
94	21	0.17487395887727147
94	34	0.1740110418049046
94	166	0.1724881663636285
94	147	0.17215826276578414
94	32	0.1702168738368884
94	184	0.17011976956274735
94	135	0.16914854539805374
94	187	0.16725371470873404
94	178	0.16332409499676
94	153	0.15598607010360788
94	115	0.15249124073750914
199	38	0.6166304851831214
199	97	0.5938483160858001
199	176	0.5854927316304533
199	142	0.5552225885171179
199	166	0.5273809220882661
199	52	0.5238491381666179
199	177	0.5184444103535679
199	70	0.5146244947604021
199	174	0.4988920748254481
199	182	0.4754741642830226
199	156	0.4688770743473635
199	50	0.4606531077589827
199	195	0.4469961090191352
199	170	0.4445361439422866
199	93	0.43935400383416107
199	183	0.4359503928206373
199	61	0.38100090581922497
199	66	0.379503942202422
199	160	0.3770703518506498
199	194	0.3696520327537511
199	114	0.3554777895199772
199	81	0.33734185778300724
199	175	0.3329122977609394
199	35	0.3186106284919797
199	62	0.3173971494712888
199	113	0.31418316652928263
199	85	0.3117927662270832
199	90	0.3029458861133183
199	139	0.3006281299778807
199	67	0.2970946899909198
199	141	0.29328806219431924
199	21	0.2896003755799281
199	41	0.2862805132193382
199	60	0.27933440357364064
199	165	0.2711827358415924
199	178	0.2706916415445347
199	37	0.2622099066279978
199	32	0.2616231248159608
199	172	0.25946061237492385
199	171	0.2571834355849778
199	69	0.2525362661263291
199	36	0.24952855463733956
199	135	0.2449656625705494
199	131	0.2400055482219864
199	191	0.23645895042513915
199	34	0.23255608117857246
199	11	0.22811491594746935
199	145	0.2262655666654263
199	39	0.22040333701706366
199	80	0.216556185959985
199	192	0.21467777329555826
199	79	0.21206251863980174
199	167	0.211355686026962
199	92	0.21038104089877965
199	28	0.20515675237094366
199	185	0.2029525215422077
199	29	0.19824010505761666
199	68	0.1947117817390096
199	13	0.19263280198460486
199	169	0.1883442820185574
199	187	0.18819959896739408
199	133	0.1816804953013827
199	184	0.1784100658220483
199	164	0.17556216087405885
199	111	0.1734776447228172
199	65	0.16699125579023258
199	186	0.15732244931599185
199	101	0.1566201901451289
199	75	0.15033190695379592
199	23	0.14517697100804378
97	177	0.6884641005939025
97	93	0.5489449826309166
97	81	0.5405908205158171
97	52	0.4775379173433552
97	79	0.4576937643369309
97	176	0.4458510998003537
97	38	0.4429058281091252
97	70	0.42600032550456335
97	174	0.410256838866214
97	85	0.40553021617562746
97	80	0.4047277805927174
97	178	0.4040418728622376
97	182	0.4030456616480202
97	183	0.4024508280507655
97	66	0.3958262539233232
97	156	0.3806161626414265
97	92	0.3657258282118971
97	90	0.3654919190729792
97	60	0.3583399666263516
97	76	0.3558271940355875
97	194	0.3282895628407084
97	195	0.3208102009186373
97	50	0.3160656215679322
97	61	0.3145796788222624
97	184	0.31183790478689816
97	166	0.2994360554206067
97	75	0.2993086027516699
97	185	0.2981428263807033
97	192	0.2899851040433877
97	142	0.27963862637525555
97	21	0.26670210045969617
97	83	0.26166970187366834
97	113	0.2572861569134095
97	32	0.25059726863574044
97	41	0.24983798186163986
97	7	0.24506905888465
97	191	0.2278873922350359
97	135	0.22495580915687452
97	159	0.22402519730893594
97	77	0.21607004956810866
97	175	0.20810524492312765
97	187	0.20770339909678714
97	62	0.2014083337664452
97	59	0.1909375380010116
97	82	0.1908989959924042
97	55	0.1908797247673631
97	167	0.1793780626474187
97	35	0.17556216087405885
97	147	0.17479640426457385
97	67	0.17275982262952175
97	170	0.17245905877804185
97	99	0.17166333497207442
97	84	0.17077030502409654
97	10	0.16841019515826208
97	11	0.16543545915796876
97	74	0.16291527037621895
38	142	0.7524114946859761
38	41	0.5941783616292359
38	37	0.5674271348617124
38	36	0.5599428980127684
38	39	0.5505498701464844
38	32	0.5425272141346851
38	52	0.5388119289763474
38	50	0.5147641618118497
38	156	0.5139036730609035
38	35	0.4991774412573498
38	70	0.4704437058979637
38	67	0.4396202646797561
38	145	0.4384820649320753
38	93	0.4212165053911668
38	195	0.41401737696783375
38	34	0.4097160966822959
38	114	0.39844575092924894
38	131	0.36183001871069104
38	139	0.3610649857606587
38	13	0.3573982826882643
38	28	0.35645587150831143
38	178	0.3436011030749899
38	24	0.34314241325442024
38	90	0.34043988894662114
38	176	0.3356481256325624
38	141	0.330821117493628
38	69	0.32507376269736177
38	61	0.31255993020586154
38	26	0.3117205416040338
38	62	0.3113774254616383
38	66	0.3083581293288213
38	113	0.30203738740011643
38	174	0.298862434315217
38	33	0.2956534737720771
38	182	0.29294985212669955
38	29	0.2801455395915097
38	110	0.2767139304657313
38	31	0.2740893354399944
38	11	0.2697368478576171
38	68	0.2615392830413914
38	177	0.2611572872475597
38	99	0.2533131702153276
38	7	0.2511501354241961
38	21	0.2509158898190033
38	101	0.24540740783554
38	135	0.2442041182522395
38	30	0.2294605874396826
38	27	0.2265976217181183
38	132	0.2254684200743751
38	140	0.2204413935762929
38	166	0.21428663437425602
38	170	0.2057984642420624
38	85	0.20424656007766087
38	172	0.18722518736095614
38	111	0.18251197847107792
38	49	0.1801522101987096
38	2	0.16978959032790375
38	53	0.1643069910190267
38	144	0.1631099557531146
38	171	0.16012988851832946
38	10	0.1515143456737021
38	42	0.14867968222402894
101	99	0.6438428748854892
101	102	0.5275397149218196
101	5	0.5202263182558764
101	13	0.4919729665310911
101	100	0.4163926003202073
101	70	0.4080087930026093
101	110	0.4068829096231292
101	114	0.3597337142895439
101	30	0.3513210331975932
101	111	0.3494086412656656
101	1	0.3410939585550972
101	161	0.3236510485342781
101	2	0.3120996806715132
101	134	0.30942554045403153
101	113	0.29603671355079786
101	11	0.2866109747957571
101	10	0.2851049874640616
101	142	0.2836251780967477
101	176	0.27546683566293384
101	163	0.2542207044017052
101	188	0.2441665033108855
101	83	0.2269770487141129
101	139	0.21929940532427133
101	156	0.21811871922812912
101	104	0.21313189723129813
101	36	0.20130279361349773
101	8	0.2008709897937751
101	135	0.18514971964444807
101	56	0.1777225782603578
101	195	0.1739625553752198
101	187	0.16909026148042988
101	191	0.1648129094185482
101	192	0.16407346104351608
101	151	0.1602565524753112
101	186	0.15038077660230936
101	31	0.14908059444684713
101	189	0.14710489671466426
101	141	0.14595023184324402
111	13	0.714555126107162
111	8	0.6240432371895328
111	102	0.6564387960280171
111	1	0.5492802507790606
111	70	0.5332674750638154
111	113	0.5181226021918083
111	107	0.4984563068969836
111	110	0.4945608343236103
111	10	0.3976294319301428
111	2	0.38055630185307376
111	11	0.3774305783194627
111	114	0.30950692121263845
111	104	0.2985800969803939
111	135	0.2710993524135841
111	176	0.2645457917389131
111	142	0.2517122048241501
111	156	0.23208306738231946
111	99	0.2293184803737309
111	116	0.2277736210439643
111	188	0.2272995074994161
111	30	0.2267399149082311
111	191	0.2174042843201236
111	170	0.2145060622404968
111	4	0.2114130050264505
111	131	0.21022811738171035
111	160	0.19742337189980155
111	77	0.1911109697526896
111	100	0.18598010605826354
111	14	0.1806359391765568
111	141	0.17901994419654396
111	195	0.1759788758987353
111	171	0.17352613957747726
111	134	0.16475453863910944
111	90	0.16319756002966648
111	178	0.16295420846704095
111	5	0.16204876679960972
70	176	0.6810769345676289
70	113	0.5464739368587195
70	13	0.5303557462292787
70	11	0.5039374921873366
70	156	0.4602197087041704
70	102	0.4515296545124201
70	52	0.4369380027120681
70	177	0.4138765068203671
70	142	0.3816247641604024
70	10	0.3701008922687752
70	8	0.3553117875572526
70	178	0.3426482565098724
70	110	0.3368454918019285
70	1	0.3359497869094022
70	99	0.3205051601808348
70	50	0.3064475178450794
70	114	0.29215431263695024
70	5	0.2780892721963933
70	161	0.27772016461545995
70	116	0.2547444380130921
70	131	0.24909714681923276
70	195	0.24839355254507714
70	135	0.22886367209001854
70	188	0.22181098192600213
70	77	0.22069825779154406
70	192	0.21968965240025232
70	184	0.2174805018245328
70	186	0.21602238336650254
70	93	0.21553612932912392
70	29	0.21532633966578324
70	66	0.21250178932307529
70	2	0.21014209338184328
70	75	0.2014467108445698
70	35	0.20090937551914986
70	187	0.19899893973888486
70	174	0.1967121103500384
70	182	0.19598140994744506
70	90	0.19526972931263487
70	83	0.1906388220438523
70	145	0.1799877224819165
70	59	0.17973613356489093
70	85	0.1779743544387893
70	32	0.17795498786727354
70	46	0.1744473816786699
70	147	0.17273071785737584
70	76	0.17189625297942898
70	36	0.1702654247344319
70	47	0.16559107601492995
70	30	0.16357714880771218
70	151	0.16307101969340765
70	170	0.15670798121784849
70	41	0.15575190093856914
70	14	0.15554698855680352
70	191	0.15471744471429744
70	107	0.15253031035603726
70	172	0.1468994347391812
70	104	0.14651782887916284
142	156	0.6096536849747504
142	52	0.5653351639347078
142	131	0.5528246129519051
142	195	0.5362663690973763
142	41	0.507027108077727
142	141	0.4981631488115682
142	145	0.4962661510284128
142	139	0.4833528126889608
142	39	0.4754819034894153
142	34	0.4441910513237213
142	114	0.4420292257353863
142	50	0.4191496571436983
142	140	0.3988410601330592
142	36	0.3856585874944018
142	13	0.38045367593883933
142	113	0.38017996102456303
142	26	0.379478262607329
142	176	0.37872473446957344
142	28	0.358305102427908
142	110	0.35782561838592186
142	29	0.3573284993757759
142	37	0.3515927413920865
142	24	0.35015464608574937
142	178	0.3397412616590969
142	182	0.33636667579156915
142	32	0.32863748640293833
142	21	0.32693270334894725
142	132	0.3068733187473193
142	135	0.29917203446723706
142	144	0.29780567818793313
142	93	0.2962647872325581
142	33	0.2880788670393156
142	31	0.2865100076565485
142	35	0.27696323777142123
142	170	0.2769078393689931
142	194	0.2611013785592901
142	99	0.2536968216479025
142	171	0.2488626445677961
142	90	0.2485249100662759
142	166	0.24094771911850954
142	67	0.24056148386389795
142	85	0.2266829987933308
142	174	0.22587652099962416
142	133	0.22019401394944316
142	175	0.22000370265165475
142	127	0.2187567501214119
142	62	0.21846156501288413
142	137	0.2178901254521412
142	2	0.2138572564415127
142	7	0.2102090012185646
142	138	0.20644957297826244
142	11	0.2048022985196623
142	129	0.20257855595437685
142	27	0.19731765696311696
142	130	0.19275797488775476
142	30	0.18709009127867385
142	69	0.18372972640304988
142	172	0.1798135480453747
142	14	0.17923288521566447
142	149	0.17789688732564884
142	177	0.17478670978545804
142	143	0.17463159351184646
142	164	0.16768137473469855
142	83	0.16562025325784274
142	53	0.1558982587199492
142	44	0.155517714266176
142	153	0.15394626123073651
142	102	0.15057624784508536
142	47	0.15025371398815074
142	49	0.14968675882676552
142	66	0.14908059444684713
41	145	0.6161220193852768
41	93	0.5223819117770829
41	50	0.48411115591723203
41	37	0.4615585961977991
41	195	0.4467560184869213
41	62	0.4461314819147512
41	67	0.4351157726745673
41	35	0.4325098775262822
41	34	0.43031239163764456
41	90	0.4090834789496173
41	32	0.3867901921115053
41	69	0.3855394036166356
41	53	0.3517329547102845
41	52	0.3491013339361782
41	36	0.34750212619147075
41	61	0.3467985369247229
41	33	0.3414032008432362
41	27	0.3254135649844451
41	182	0.31686648731956785
41	39	0.3079508609744488
41	24	0.30319108647442444
41	174	0.2989170742100839
41	31	0.2984161351835097
41	156	0.2925109838641495
41	60	0.2916969229320748
41	92	0.2882255819662069
41	130	0.27635375414806085
41	194	0.2748105836265396
41	66	0.27326599603015617
41	7	0.27162737869271586
41	28	0.2686145192381376
41	49	0.267417183360506
41	175	0.2604862674421306
41	178	0.2568752367346125
41	30	0.2352218137300036
41	170	0.23191275552841906
41	68	0.2286077985016993
41	29	0.22488935046858946
41	42	0.22401569916054828
41	164	0.22195359716313312
41	144	0.220707770693339
41	135	0.21864248966441768
41	168	0.21622257449122506
41	114	0.2154503086886594
41	172	0.21413397614340712
41	165	0.21123148987460053
41	26	0.20727277219255053
41	131	0.20619106636009668
41	171	0.2040740627360805
41	47	0.19452897838716585
41	22	0.1940574758281372
41	157	0.19059063874263554
41	166	0.18458954219441487
41	140	0.1777225782603578
41	147	0.17307995520132166
41	189	0.1724008427033356
41	153	0.1685365053330025
41	57	0.16200007939530467
41	85	0.14810267400750082
41	133	0.1469190030928085
41	159	0.14632211664154182
41	132	0.14528465088919895
52	156	0.7478108632708664
52	21	0.5843875525064779
52	50	0.5498595682347575
52	195	0.4876938299176676
52	178	0.4612043890043652
52	176	0.4433880005735239
52	34	0.4057724957965333
52	149	0.3879800976789772
52	28	0.3845939905178068
52	182	0.3642696439147932
52	29	0.3632631422193805
52	174	0.3375456680743797
52	33	0.3335878954411541
52	62	0.3251631924948162
52	144	0.32286300429358644
52	113	0.3189160810621816
52	132	0.3154264054397968
52	93	0.31307415312196524
52	16	0.3097600767974711
52	145	0.30777886932239995
52	177	0.3045253613318594
52	26	0.29501452932572386
52	131	0.2937998080740502
52	32	0.29256584914062106
52	133	0.2815272356562239
52	140	0.2806707212037682
52	53	0.2675378826103148
52	151	0.2662097298136737
52	14	0.2572581425821832
52	47	0.2539026504995851
52	194	0.2530791972936475
52	115	0.2488907863792085
52	114	0.2439313932846201
52	24	0.2419835827691456
52	192	0.2400055482219864
52	35	0.23025620608413294
52	39	0.2289394804154429
52	48	0.2287973375280451
52	11	0.22517415867895896
52	139	0.21905189519694007
52	90	0.21530726689229945
52	15	0.21289324082135114
52	120	0.21230126334967386
52	157	0.2020606599093341
52	164	0.2018304475921775
52	44	0.19742337189980155
52	46	0.19497153165403214
52	138	0.19366288435975265
52	119	0.19240169707976568
52	43	0.1888747165549874
52	152	0.18293728761525985
52	67	0.18033603748870844
52	166	0.17818737762298215
52	171	0.17618236497709022
52	137	0.17060525785871347
52	118	0.16760362305533835
52	77	0.16356741636662855
52	37	0.16310022178581451
52	27	0.1620098169392723
52	66	0.16101642525019105
52	135	0.16058780247836485
52	154	0.1592041074660164
52	129	0.1552737512259776
52	7	0.1526768171785922
52	85	0.15118213381561146
52	141	0.14836674115308734
156	21	0.5563974158824341
156	195	0.5247047957065519
156	176	0.5001153828723941
156	50	0.487731936724826
156	178	0.4658210840746205
156	149	0.44657991118763535
156	144	0.40876702250239455
156	34	0.4077170162592152
156	131	0.3958431202213326
156	29	0.3927352327177172
156	113	0.3900593221467248
156	182	0.3833407143070551
156	28	0.3658730806404542
156	133	0.3498914009235444
156	145	0.34496737866448834
156	132	0.3421009331587471
156	33	0.3198589721372882
156	124	0.3049607845177322
156	114	0.3007736626128408
156	177	0.2910929642282583
156	140	0.2887848084434634
156	171	0.2883906200846491
156	14	0.2868037125636809
156	11	0.28499473787513113
156	139	0.28277896531113894
156	151	0.2810483795415413
156	174	0.2799796579027221
156	44	0.27850442007720355
156	157	0.2774248194948334
156	16	0.2760674047589815
156	47	0.2728588037908628
156	48	0.2678256700121702
156	53	0.26670210045969617
156	32	0.2580423802548309
156	93	0.2575476031453271
156	154	0.25657632733835944
156	13	0.2500817370778593
156	164	0.2498848603251407
156	148	0.2461308978864125
156	115	0.24047669031277796
156	62	0.23975108445759455
156	192	0.23439033161728975
156	20	0.2321209125289639
156	135	0.2318654441561618
156	18	0.2317424294548284
156	194	0.2306160277735989
156	141	0.2287025701822753
156	46	0.2265312149186449
156	152	0.22512669331468665
156	153	0.2241011809638712
156	137	0.2224099020827392
156	110	0.21982289140533756
156	129	0.2186805771497642
156	26	0.2179663260351687
156	90	0.2165943097664597
156	19	0.2153835570005374
156	138	0.21050528367638946
156	102	0.20796173661342385
156	175	0.20299087364180105
156	119	0.2025210175393629
156	118	0.20243470729505755
156	35	0.20001674804964228
156	121	0.1958467834743509
156	166	0.1948657109137326
156	49	0.19112060450024865
156	165	0.1888747165549874
156	67	0.1839326296828043
156	147	0.18121629860113853
156	43	0.18085842518039089
156	116	0.17746109375435504
156	15	0.17183802527825875
156	170	0.1705372944779614
156	17	0.16576613512235652
156	39	0.16416103694102474
156	120	0.15886295955243634
156	27	0.15497121075364895
156	24	0.15186606209917752
156	143	0.15107464619265645
156	7	0.1502048424299632
18	44	0.7431641381544503
18	17	0.7215687386494295
18	19	0.5996304765136053
18	149	0.5763167134136705
18	14	0.5256028202089879
18	49	0.5068562157442348
18	148	0.4744674409631062
18	42	0.4608815388637551
18	119	0.4531522444417605
18	118	0.4438217365058901
18	136	0.4432112337757864
18	120	0.4144729974591145
18	16	0.405897790471672
18	115	0.3786133752026995
18	117	0.3640180981373111
18	152	0.3552943123623997
18	47	0.3539829655474078
18	146	0.34606815031285393
18	154	0.3451083304847059
18	150	0.33797976707256405
18	46	0.3312930301223065
18	48	0.30899143321115513
18	68	0.30442555891562795
18	153	0.3029277215274613
18	164	0.30188288798779883
18	121	0.3003188266474649
18	123	0.29928129007562104
18	33	0.2925384167431382
18	43	0.28999426310322185
18	144	0.2739598479670137
18	182	0.2731919683563413
18	124	0.2695421160030342
18	151	0.268781523484786
18	129	0.26019727857493524
18	133	0.2558755661795216
18	116	0.2540149110919432
18	171	0.24346108722492096
18	26	0.235750759590806
18	69	0.2349667364477186
18	53	0.23230066737665125
18	157	0.22054604565332908
18	137	0.2197372387003332
18	138	0.21439158083630014
18	131	0.21293142755486336
18	20	0.2121389197025497
18	128	0.20438071590864051
18	178	0.20116846302267846
18	22	0.19922942458783766
18	143	0.1927868600516042
18	168	0.19034007077755533
18	130	0.184425329503811
18	189	0.18404856737780934
18	21	0.1802296126974988
18	147	0.1767055534289901
18	7	0.17269191102530695
18	170	0.17244935618257876
18	23	0.17062467566937506
18	86	0.16883768417624426
18	28	0.16771053107671752
18	31	0.16695237097369678
18	160	0.16543545915796876
18	29	0.1650561085691139
18	192	0.1586485042974989
18	25	0.1564836213352551
18	27	0.15625924530210314
18	186	0.146410188566922
18	169	0.14561745784265592
18	15	0.14507907722246885
44	149	0.6564957011030644
44	19	0.6125483606520701
44	33	0.5919288088338327
44	136	0.5498246845529692
44	17	0.6460214224210564
44	49	0.6054077183609493
44	42	0.5757821798425276
44	123	0.5026830723902284
44	68	0.44872285920996935
44	146	0.4359017947142138
44	26	0.3988242414827271
44	69	0.3967956320480913
44	144	0.3867986960120857
44	22	0.3854968348276608
44	153	0.3821628831125219
44	47	0.3795210616076392
44	154	0.373289704761788
44	48	0.37253207986064896
44	129	0.37167053934687505
44	152	0.371118817137997
44	117	0.36485059814955817
44	16	0.3635061686629769
44	164	0.357206368978785
44	120	0.35444646745781905
44	46	0.3541841292597229
44	138	0.3462529866127072
44	148	0.3458744834673799
44	118	0.3430365385012072
44	34	0.3328144855451961
44	189	0.3304737553130829
44	150	0.3276470083788073
44	178	0.32462652651785473
44	119	0.3126682028991407
44	21	0.3079508609744488
44	14	0.3043076019878287
44	126	0.2996181121250538
44	171	0.2990445596757739
44	53	0.2811681067015671
44	67	0.2783106973395177
44	182	0.27662158497064204
44	127	0.2733030086533813
44	31	0.2653175349926889
44	143	0.2621912816110297
44	133	0.2567538107157648
44	128	0.25388393973569195
44	131	0.25262988630519706
44	23	0.2488438831267355
44	124	0.2453604184987936
44	50	0.24237894902077994
44	168	0.24230364736521195
44	130	0.2372707001136005
44	28	0.23661943879028816
44	137	0.2334166838939653
44	24	0.22627505468289125
44	27	0.21883292042697006
44	157	0.20414114654205068
44	43	0.198413025040342
44	62	0.19620256597077707
44	121	0.18980994147174174
44	151	0.1897231824931308
44	147	0.18429974814494976
44	170	0.18360411176307626
44	115	0.18055854840575936
44	192	0.1800748054688112
44	20	0.17285683635755938
44	7	0.17281803126870612
44	35	0.1718574346454122
44	132	0.14976496540001816
44	29	0.14542169303271707
44	169	0.1450301292643758
44	172	0.1440510213289891
17	49	0.6892313139644343
17	119	0.6109652057399751
17	149	0.6284680070155798
17	47	0.5440426222540169
17	154	0.5297445564856045
17	14	0.5288663570913169
17	48	0.4978999612166807
17	152	0.4973657845738834
17	46	0.4721006372649478
17	153	0.4547401093222536
17	120	0.4529456103095962
17	42	0.4481236718237924
17	19	0.4474840945326553
17	136	0.4259102836760695
17	148	0.4205499910409639
17	146	0.4175491894147304
17	16	0.4108721020674762
17	171	0.4092749705916129
17	117	0.4004963812211878
17	53	0.3867816881451403
17	164	0.38297384240017857
17	118	0.38017996102456303
17	157	0.3736511230912191
17	169	0.3238211355727189
17	115	0.32209243737306864
17	43	0.31490401634269544
17	123	0.3023645102467665
17	33	0.2988806478312549
17	129	0.2982794868962872
17	131	0.2938180816001281
17	137	0.2934160144354826
17	150	0.29232808570178004
17	168	0.2840021525095796
17	67	0.27796932123427953
17	147	0.27717558125500136
17	22	0.2742743003053885
17	151	0.27423730895524945
17	68	0.2710993524135841
17	69	0.2668321374020345
17	182	0.2644341863335912
17	144	0.2642853681086653
17	124	0.26211677958993845
17	21	0.26021592442542524
17	133	0.253771671162431
17	86	0.24745501908920825
17	189	0.2451818485059243
17	7	0.24407246274317726
17	28	0.2325844585106575
17	178	0.23206414454549185
17	128	0.2286362304609317
17	26	0.223160691739947
17	130	0.21784249873864986
17	82	0.21662290218781172
17	121	0.21451560209152554
17	138	0.2056069269625775
17	132	0.20356608033888116
17	170	0.20149468132248952
17	64	0.2008326034515491
17	20	0.19728882482018534
17	65	0.1909375380010116
17	59	0.18440600968659554
17	27	0.1815644537083252
17	116	0.1748642646693341
17	62	0.1740110418049046
17	29	0.17062467566937506
17	66	0.1674675525998257
17	25	0.16421941943514384
17	23	0.15380957620891733
17	31	0.15209074968787106
17	50	0.1499115976731326
149	148	0.5465090042123372
149	120	0.5618551400918924
149	136	0.5307581114432315
149	119	0.5211301468267905
149	154	0.5210135893699174
149	123	0.4936008617202975
149	47	0.4872440292548312
149	33	0.4780163892924279
149	144	0.476672862595048
149	152	0.4741651815951498
149	49	0.4672840380534323
149	48	0.4665333217155318
149	118	0.4600935877671569
149	178	0.457519833214176
149	157	0.4490183098279522
149	16	0.4431228374482879
149	129	0.426982051641754
149	46	0.42602488090241786
149	21	0.4258120466040885
149	53	0.41769779572544097
149	117	0.4172353916236703
149	153	0.4147462700763793
149	14	0.3992194088160136
149	26	0.39905967816800775
149	151	0.37140333165517786
149	164	0.3710929487252901
149	19	0.3606213917555346
149	147	0.3558795961372382
149	22	0.35359803935258444
149	115	0.34438578797820385
149	182	0.3432482792887641
149	50	0.3358610701551929
149	138	0.3342098534864054
149	34	0.3249485512129315
149	43	0.3201821034006724
149	124	0.31890709810820145
149	131	0.3138226056605025
149	42	0.3061122265732255
149	130	0.3059672122231977
149	128	0.303881064478706
149	126	0.298607422233393
149	133	0.2950510475518676
149	7	0.2904613046856031
149	192	0.2897927515182673
149	127	0.28722581891555216
149	146	0.2833492876026724
149	143	0.2823740990977188
149	28	0.26347594888206183
149	23	0.2632991297519192
149	171	0.2566697418000791
149	31	0.2470606964043193
149	27	0.2461215036674797
149	168	0.2426518930369929
149	67	0.2358074240839773
149	29	0.22633198188592826
149	69	0.213933596341192
149	62	0.21269274980254727
149	20	0.2010149330824098
149	137	0.20091897185409788
149	132	0.2004679024555917
149	121	0.1964717724492911
149	82	0.18392296797715624
149	116	0.1815257720534513
149	68	0.1777806825218123
149	176	0.17759668144328214
149	24	0.17721895612684666
149	15	0.17218737346140287
149	150	0.17023629429508924
149	186	0.1554103728638646
149	195	0.15529326896660672
149	177	0.15131893107407354
19	121	0.6089368995974843
19	42	0.5995151842784632
19	20	0.5385137952097242
19	150	0.4680340811618429
19	49	0.43700272726402345
19	136	0.4315094355053203
19	69	0.4297989088172954
19	68	0.4077587037510781
19	124	0.40553021617562746
19	164	0.3897794944082565
19	33	0.3282895628407084
19	146	0.32631631504453484
19	148	0.29840702567822314
19	119	0.2768801394774369
19	189	0.2592833944044317
19	144	0.25867699041111675
19	171	0.2428683385668904
19	165	0.22925216039683244
19	133	0.2280769970580901
19	137	0.2270529258497101
19	123	0.2247184470918441
19	172	0.21845204224663475
19	175	0.21510699285597493
19	138	0.20944422303046464
19	14	0.2057026975723067
19	153	0.1985379040138428
19	117	0.1963852450236703
19	86	0.1941825770919336
19	61	0.192767603312826
19	62	0.1870514910979162
19	168	0.18687778313803025
19	120	0.18577736174886653
19	16	0.1827633057773571
19	182	0.1798135480453747
19	21	0.1764439716653554
19	169	0.17140127927355134
19	157	0.16860451621177516
19	25	0.16817699261557498
19	53	0.16795348917943925
19	23	0.16587311054603496
19	154	0.1649782870232043
19	60	0.1621850873336437
19	177	0.15835604119099725
19	47	0.15670798121784849
19	183	0.1561324169301904
19	166	0.1561324169301904
19	28	0.15386815622509295
19	35	0.14709511309877873
19	147	0.14539232732867768
33	34	0.6046406442118442
33	22	0.5116999434245759
33	42	0.4840499026339935
33	178	0.46920467461575704
33	49	0.4637435459692762
33	136	0.434856320793511
33	62	0.4258038597282183
33	67	0.408592096489653
33	26	0.38251294836992417
33	68	0.3766070358633462
33	35	0.36463385737431575
33	138	0.3578517769299129
33	31	0.3474493705552348
33	37	0.3427806385306558
33	123	0.3413413582955984
33	50	0.3311238729402724
33	46	0.3303223129999327
33	24	0.3275041773022542
33	146	0.311846932329958
33	144	0.3105825290485213
33	137	0.3052600640318273
33	32	0.30433482364580905
33	69	0.29969092869847624
33	47	0.2924926950106717
33	164	0.2885464736867479
33	21	0.2728773146513072
33	129	0.2702374855848864
33	154	0.26277787575056943
33	145	0.2624985694038853
33	152	0.257575613005866
33	114	0.2455671629538463
33	48	0.2453134280091007
33	153	0.23269796387852165
33	39	0.2326790467573325
33	140	0.2149925424244388
33	195	0.21444882227491052
33	23	0.21294097413660693
33	2	0.20805740981507886
33	131	0.20626766391596704
33	53	0.20492684248547266
33	61	0.20371944507854464
33	151	0.19484647029165414
33	171	0.19324897720162265
33	143	0.19317196362453845
33	189	0.1868970845997708
33	165	0.18380702473773566
33	192	0.17777099856430725
33	16	0.1742631576336855
33	148	0.17324485771365708
33	14	0.17202240887774142
33	127	0.16882796922147802
33	182	0.16532846778940813
33	150	0.16217535035787767
33	126	0.16034423981571708
33	28	0.1581220506951634
33	117	0.15300887445709316
33	139	0.1505957943220897
33	27	0.14885569849489702
33	120	0.148396080641792
136	146	0.5602997553288513
136	123	0.5443663893129425
136	138	0.4905618664670571
136	42	0.476665134728391
136	22	0.461653026606599
136	150	0.4410470721715717
136	49	0.3870452805083316
136	124	0.3454078014158741
136	148	0.34418305028450435
136	69	0.34148270834695194
136	164	0.3315956792959388
136	121	0.32229856108574056
136	137	0.3143634129883726
136	129	0.3104198830288988
136	20	0.2965384310557938
136	153	0.2948045328021389
136	68	0.2915688298951822
136	34	0.2913583686331765
136	144	0.2851876697054087
136	126	0.2769724706594984
136	117	0.2740338420252799
136	120	0.2648805654304476
136	47	0.2620422744442649
136	14	0.25537085153563993
136	119	0.25451064681088537
136	26	0.2534628973356409
136	46	0.2512906686703221
136	152	0.2503442072470197
136	127	0.24759582876357225
136	23	0.2373933776688296
136	154	0.22632249412611505
136	48	0.2162893008270539
136	189	0.21263546336390055
136	118	0.21047661286957106
136	82	0.2025881455542368
136	53	0.1995367034309144
136	178	0.1957698507461606
136	128	0.19200684350333244
136	16	0.1816224751371268
136	24	0.17133333494635775
136	35	0.17126538898938667
136	143	0.16495883131571526
136	130	0.1594769984287899
136	140	0.15117236236121492
136	157	0.1510941896626289
13	110	0.6503009451664642
13	10	0.495926901331844
13	102	0.60303313204553
13	2	0.5037658814888052
13	8	0.4904403610823218
13	114	0.4587208239994233
13	11	0.4402331776379336
13	1	0.4374556723964147
13	113	0.4262785832566653
13	99	0.4101487134877291
13	36	0.35914156720516344
13	104	0.3402453722310416
13	107	0.33224525428427804
13	141	0.30883765600492946
13	5	0.30629347453531386
13	135	0.30624816462607235
13	30	0.2965110688636167
13	100	0.2681690956464429
13	188	0.2665163165544597
13	116	0.25827571872966393
13	176	0.25556714600881725
13	134	0.24261424786927385
13	139	0.22571518824062595
13	115	0.20817221240197087
13	32	0.19761556911084016
13	170	0.19659675110600788
13	161	0.1964717724492911
13	191	0.1954524777794742
13	131	0.1952023975110975
13	31	0.18449294774161304
13	77	0.1638885701010761
13	140	0.16031501098338286
13	178	0.1594769984287899
13	68	0.15015597013769566
13	14	0.14907081668250713
13	37	0.148053770365506
13	172	0.14771142461115394
8	107	0.6498274636719203
8	1	0.6004048506691686
8	102	0.5288159341983677
8	4	0.4792652516348615
8	10	0.4183579978137891
8	2	0.4116281967051391
8	104	0.3846621554173931
8	110	0.3282449508103158
8	113	0.2764091709452701
8	76	0.2594885925628415
8	11	0.2315247699045775
8	188	0.23147744954277905
8	77	0.2257721306286197
8	83	0.19642370203497567
8	85	0.19455784297300424
8	160	0.18686813235305366
8	187	0.1834011831404379
8	176	0.18003610226747555
8	134	0.1763567722036294
8	185	0.17602732704413787
8	66	0.1689348319193406
8	135	0.16350902105158618
8	75	0.16217535035787767
8	170	0.16168846133988504
8	5	0.1512016766357666
11	176	0.3742790326396279
11	102	0.371558492002372
11	77	0.3631763350773359
11	116	0.3442183113201515
11	5	0.33103483429421016
11	110	0.2968211451949605
11	10	0.2967117136327618
11	135	0.2945853756313148
11	113	0.29164202719705656
11	115	0.2908366691772345
11	1	0.2862805132193382
11	15	0.2595072457794397
11	16	0.2545948150724628
11	186	0.24760521570338603
11	114	0.2463845243123169
11	192	0.2453416224412592
11	188	0.2437997191422045
11	147	0.2418235307158288
11	151	0.2337664948279917
11	187	0.22325570954977247
11	43	0.22102167288571414
11	2	0.21727089730834567
11	76	0.21014209338184328
11	178	0.20876526766684214
11	99	0.20844962830230754
11	120	0.1936243842740428
11	46	0.1869163859172164
11	75	0.18357512291750647
11	50	0.18239597320562695
11	90	0.17419528254119498
11	191	0.17061496678060914
11	32	0.15998373124598306
11	148	0.15968165066020773
11	67	0.15924309337981354
11	131	0.15842428506990291
11	83	0.1554494065258346
11	93	0.15397555011191985
11	47	0.15328230745501284
11	154	0.1521688982091597
11	29	0.14575448642607114
11	152	0.14524549496686098
11	161	0.14456998378987315
126	128	0.7371414176625962
126	123	0.6940200152446534
126	129	0.5794405060565075
126	127	0.5223382833813993
126	130	0.4893687705295592
126	23	0.44102290752744266
126	22	0.4339070852959005
126	26	0.4330950085594129
126	138	0.4105728315324484
126	24	0.3686501090272723
126	117	0.32005645009012884
126	141	0.3051693796345664
126	143	0.2986893950548441
126	31	0.2927578624377489
126	118	0.2895912142371725
126	144	0.2795648805465472
126	69	0.27170147456781185
126	120	0.2630943697093118
126	133	0.2375254834912133
126	27	0.2312313660085072
126	93	0.23058762308965816
126	48	0.22997209184306824
126	53	0.22763139830920945
126	16	0.2255063862916095
126	61	0.21880435687487115
126	37	0.21541216511337852
126	34	0.2080956779811483
126	152	0.2034222918217495
126	21	0.19507734785538214
126	7	0.1824539764733211
126	46	0.1819319013914492
126	124	0.1818545482031127
126	81	0.16817699261557498
126	29	0.16662182907563652
126	49	0.16453077329713384
126	68	0.16413184526265087
126	25	0.16258427612581658
126	140	0.15949648970835856
126	42	0.15715665244340207
126	154	0.15407317776136412
126	35	0.15240333235333833
126	119	0.150185293601133
126	92	0.14630254478750487
126	166	0.14513781383479232
126	47	0.1446678923260619
128	130	0.6501046848289671
128	123	0.6124108895373028
128	129	0.592941280731937
128	127	0.5443945353094256
128	23	0.4467480143605632
128	133	0.4389827235162565
128	26	0.4214879179509194
128	27	0.3850029169784644
128	120	0.34583046416407465
128	117	0.3442800157960545
128	53	0.34035147586878073
128	22	0.32836986080466674
128	118	0.3213931817992367
128	143	0.3170104153220601
128	16	0.3092898957840229
128	24	0.30118289803770576
128	28	0.301110153176146
128	29	0.29324236241856866
128	25	0.2929589939037598
128	157	0.2619863935349581
128	131	0.2576222951447973
128	138	0.24346108722492096
128	115	0.2377141908530742
128	119	0.2364023043916536
128	31	0.23639286322983
128	152	0.23578853609772635
128	144	0.22474693194838946
128	48	0.22425314009960956
128	46	0.2137045688064595
128	93	0.2058846508747832
128	21	0.20070784358049065
128	15	0.19330673582181426
128	132	0.19095680878455035
128	47	0.1886432677459253
128	154	0.1840099220483314
128	90	0.17825515422557794
128	124	0.1723232193969605
128	79	0.17204181697678314
128	76	0.16880853921353786
128	75	0.16707874472795056
128	43	0.16613567003075738
128	81	0.16462806465853108
128	141	0.16460860664246044
128	14	0.16357714880771218
128	7	0.1628860664750545
128	80	0.15990577783198812
128	69	0.14608724683689248
123	129	0.650525960472745
123	22	0.625177579498027
123	23	0.5277129014352344
123	127	0.6321385334763385
123	26	0.5347043408569422
123	138	0.482501685625549
123	24	0.3872918096559596
123	143	0.3859139381794534
123	130	0.3789474201066805
123	120	0.3782106771742322
123	117	0.3547349750429463
123	152	0.3004916804166977
123	31	0.2985072272458981
123	144	0.2762244411414873
123	118	0.2759842618825099
123	69	0.270497018016582
123	46	0.26090568435727723
123	141	0.2459054238722071
123	42	0.24387496261025285
123	34	0.2405049552377003
123	48	0.24013747941528896
123	137	0.2389592088565939
123	27	0.23083378395658286
123	16	0.2276408801270905
123	124	0.22448105835549845
123	25	0.22296114053697466
123	49	0.21520236370232596
123	21	0.20575058139978575
123	150	0.19724077049021624
123	154	0.195741000351762
123	146	0.1888361432099289
123	104	0.18521731913890785
123	7	0.18292762225809064
123	131	0.1826666442536552
123	68	0.1788747475197309
123	178	0.17219707695977854
123	47	0.17097417358562705
123	53	0.16487127904356744
123	14	0.15869724544342706
123	148	0.1546491195985719
123	133	0.14773098818005692
130	27	0.6313633846763765
130	129	0.5333533446644321
130	53	0.5210937247092843
130	133	0.474823808256853
130	127	0.4617631821939903
130	157	0.4457629616304454
130	26	0.4295298306063876
130	145	0.37260097539519627
130	144	0.3592460847804337
130	24	0.3573982826882643
130	143	0.331204002680367
130	29	0.3304113987738873
130	23	0.3278701519555524
130	28	0.32578009952583603
130	22	0.28357919960683564
130	31	0.27652923436646004
130	48	0.26693430247007033
130	25	0.26139022125243305
130	21	0.25703401236871104
130	138	0.2531353534960559
130	118	0.2476803095483081
130	154	0.2456893196333633
130	120	0.24398782230718605
130	16	0.2422659954426052
130	132	0.2412114456942712
130	119	0.24107016802789236
130	117	0.2353540632717912
130	50	0.2326790467573325
130	46	0.2318938311111688
130	131	0.22926163480958134
130	115	0.2239017180610852
130	152	0.2196230298238568
130	93	0.21931844339618453
130	141	0.21826157818667408
130	69	0.21777581959676812
130	90	0.21055306754968894
130	39	0.20684206494931687
130	47	0.19333561462950816
130	194	0.19094717341117948
130	174	0.1812839989879576
130	49	0.17945548741704045
130	14	0.1789425069389177
130	171	0.1771802121145568
130	170	0.1768024292315567
130	15	0.16740923473678515
130	34	0.1619708665741108
130	37	0.1527940178055109
130	124	0.15084011534525318
42	68	0.7325877722402354
42	69	0.6458815632220268
42	49	0.6228083307093956
42	146	0.5059341967233351
42	35	0.4929728272687611
42	61	0.45818374541136697
42	34	0.4124667156603428
42	62	0.408342150109711
42	67	0.3858884057708922
42	22	0.3826836720757079
42	164	0.3814196983729249
42	37	0.35469126611285434
42	150	0.35304668649369925
42	65	0.35288035731146744
42	172	0.3455134802491781
42	86	0.3415887107498726
42	137	0.34122650000945537
42	171	0.31873641109800105
42	138	0.2928584314104219
42	64	0.2851692962407525
42	189	0.28382746795793146
42	121	0.2554082425828041
42	178	0.25276094660865217
42	20	0.2510658103935291
42	60	0.2476896960697019
42	32	0.2460463482514163
42	165	0.2456987159778594
42	31	0.24122086384193786
42	119	0.23910063856061906
42	47	0.2319506038362516
42	148	0.22781154546551904
42	46	0.2172804252212158
42	36	0.21619397687178166
42	53	0.2154884516065024
42	90	0.2130364377176313
42	48	0.2120911693421666
42	153	0.2030771635885912
42	114	0.20097654905393264
42	166	0.1994598873965501
42	169	0.19923902764506896
42	117	0.1978654027713248
42	144	0.1929794192697776
42	134	0.190908631549743
42	124	0.1802005870219677
42	154	0.17929095712546245
42	14	0.17921352763481965
42	175	0.1741371025729718
42	23	0.17384618450295816
42	50	0.17108095603843812
42	145	0.1558982587199492
42	168	0.15347760237220207
42	139	0.1490219274235691
42	81	0.14458956572364706
68	35	0.6346774130936671
68	172	0.5045862684769568
68	69	0.6446968524053815
68	61	0.5376399132579008
68	49	0.5173027919555301
68	67	0.4829925369420713
68	86	0.4776228282118401
68	37	0.4541688101385229
68	65	0.4296766099989311
68	34	0.38767424525314464
68	146	0.3651019679178111
68	32	0.3632110586908712
68	62	0.34499380831618914
68	189	0.33224525428427804
68	114	0.3267362039172117
68	31	0.3098414389115393
68	36	0.30354519389958945
68	137	0.28151802820614685
68	171	0.2782092144859809
68	90	0.27532821223268233
68	64	0.2671386146056285
68	22	0.2565015923174399
68	150	0.25025047212293783
68	164	0.23641174550883906
68	63	0.23362468687267865
68	138	0.2312313660085072
68	166	0.22813387513267186
68	178	0.224708952054312
68	170	0.22379723000577914
68	169	0.22109776349374716
68	60	0.21421030656687026
68	84	0.21041927016975592
68	165	0.2033743603657136
68	47	0.20310592620332052
68	177	0.19748103265745112
68	59	0.1958371670151437
68	66	0.19456746442674205
68	81	0.19385537583893936
68	30	0.19304681148535752
68	134	0.1921031549909697
68	46	0.19023405378594171
68	153	0.1858256356390096
68	93	0.18148708983683595
68	121	0.17777099856430725
68	7	0.1732836568935371
68	160	0.16266216042088202
68	117	0.16194165346901795
68	175	0.16088979301781747
68	141	0.15717615841782145
68	14	0.15433675738320216
68	48	0.15341901515522866
68	139	0.15049806075991595
68	79	0.14664503568385448
69	35	0.5661714692452908
69	49	0.5455685366529507
69	61	0.5284412472710986
69	37	0.4994176658787272
69	172	0.4940621012809378
69	34	0.4623058837809949
69	86	0.4269329892052315
69	62	0.4189023319817661
69	146	0.3836136567831117
69	175	0.3833577751741854
69	138	0.3804451233562964
69	65	0.3733929787107183
69	22	0.3621254692251026
69	67	0.3489783899719849
69	150	0.34883786787358284
69	60	0.34332767309157786
69	32	0.3415268770707674
69	36	0.33812148255616803
69	90	0.3336589910729523
69	137	0.32431337478416755
69	165	0.32238817056109353
69	166	0.3147959120028565
69	171	0.3071993810675428
69	164	0.3042350084700531
69	66	0.3040353580772168
69	189	0.2997637417803878
69	92	0.2898477117722465
69	23	0.2842871236723843
69	50	0.28396537838074715
69	141	0.2833492876026724
69	93	0.275642408895812
69	174	0.2648061767913933
69	145	0.263922570967849
69	169	0.2606447253974241
69	144	0.255081045026664
69	183	0.2448152579849336
69	139	0.24336701226497465
69	81	0.2432447079715813
69	124	0.2388271986516384
69	114	0.2339366512469788
69	182	0.2303035546429565
69	31	0.2261422185317601
69	140	0.2253545173141589
69	195	0.22104069579002444
69	20	0.21903285478818166
69	39	0.21165181853473128
69	24	0.20257855595437685
69	170	0.20181126222532772
69	63	0.20095735680825674
69	84	0.20074623192673746
69	194	0.20000714809743608
69	129	0.19248836392162189
69	27	0.19000272858781272
69	7	0.1860283761793667
69	79	0.17638583899850388
69	127	0.17225529724818808
69	134	0.17128480228621829
69	121	0.1676910935479672
69	53	0.16465725144238322
69	153	0.15897018155991632
69	47	0.15269635091473255
69	14	0.15191490856318993
49	47	0.5511210659208127
49	67	0.5410719214521598
49	171	0.5312033082980699
49	146	0.5073984756559022
49	164	0.4970496150906226
49	189	0.489976946866954
49	153	0.4868321205586242
49	86	0.4763559596559557
49	168	0.4460273502048916
49	46	0.41790415630991296
49	169	0.4153091414058399
49	62	0.3984373384858946
49	182	0.3920838013911594
49	66	0.3897964557149455
49	48	0.3895674557641604
49	154	0.3687537960915186
49	65	0.3637664992452384
49	35	0.3600557903183294
49	34	0.34486165458751394
49	178	0.3394404711282199
49	14	0.3385111210628925
49	152	0.3328055931704192
49	53	0.3317469782974954
49	170	0.3259141730720694
49	61	0.3248948856603394
49	50	0.3227375922984165
49	7	0.3207474038514751
49	150	0.3144174825071335
49	137	0.31429131712381625
49	84	0.30617566588508544
49	82	0.3045979407078682
49	172	0.29661139452143304
49	119	0.29319666130268746
49	148	0.2893255122212752
49	60	0.28538057842792336
49	175	0.2832573136787829
49	22	0.2741078328393171
49	147	0.2703209110087649
49	37	0.2638295340250508
49	144	0.2601320165700365
49	159	0.25311663495143577
49	157	0.24690106632925346
49	31	0.23928919571820556
49	165	0.23578853609772635
49	16	0.23210199004348103
49	138	0.2267399149082311
49	124	0.221164340567764
49	131	0.2205270183805689
49	21	0.22017498357371376
49	145	0.2177567680399433
49	59	0.21539309307923168
49	43	0.21415305899448409
49	195	0.2111646121978048
49	64	0.2008709897937751
49	118	0.19182384148869394
49	135	0.1895785776118769
49	129	0.17923288521566447
49	133	0.17269191102530695
49	120	0.16920682813265278
49	28	0.1604416672256757
49	192	0.1593697941690279
49	117	0.15749798927959752
49	121	0.15116259087727488
49	27	0.14673309909236698
49	90	0.14516718175736146
35	37	0.7043543427357212
35	61	0.6699652100792908
35	32	0.6024346229771048
35	34	0.57767754406976
35	62	0.5670608883943161
35	67	0.5529912432279049
35	36	0.4753967681713856
35	172	0.4404185836539726
35	137	0.4216441515450847
35	166	0.37457996352810136
35	165	0.3553991598058847
35	114	0.3452756905544385
35	90	0.3445620555208541
35	31	0.34227751446497306
35	141	0.336473094390708
35	65	0.3355682625900305
35	140	0.3169744346899669
35	60	0.3150211201579596
35	50	0.31274038018117506
35	138	0.30680085066709306
35	145	0.30632972146350496
35	139	0.30359058622638363
35	171	0.29206284537923904
35	39	0.28898644836306103
35	22	0.28022847416314645
35	93	0.2783199227453996
35	189	0.25882627802542063
35	169	0.24880635968438305
35	174	0.23507066073084096
35	86	0.2328965830178628
35	66	0.22769777012777465
35	164	0.22221028065669374
35	28	0.21699456983151255
35	175	0.2119861149847216
35	30	0.21084930510012587
35	134	0.20186881786120248
35	24	0.2012356292642116
35	146	0.19690436365289274
35	113	0.19416333115465664
35	92	0.19357625832827435
35	63	0.19272908938983255
35	178	0.1820479269518329
35	46	0.17969742548973033
35	81	0.17962968501927676
35	170	0.1731478574115725
35	183	0.1608995341468897
35	64	0.1584340340719168
35	110	0.15669822677647655
35	127	0.15027326240583236
35	153	0.1484254198692659
35	26	0.14756469416093398
35	132	0.14751578256704168
172	175	0.4814422557439754
172	146	0.4356101526958608
172	171	0.41450612539524656
172	166	0.402584904749097
172	86	0.3822141190294788
172	189	0.3809154187314678
172	61	0.3700663707445541
172	170	0.3675262448276764
172	169	0.36064749003953306
172	65	0.3551807175425842
172	114	0.34081999657282674
172	165	0.33381005668795377
172	67	0.32260320972690065
172	90	0.3103656636493442
172	141	0.2965475516783365
172	150	0.2885281387622903
172	84	0.2855550949689701
172	137	0.2815640649380897
172	183	0.273895100505326
172	182	0.2662933497241866
172	153	0.25652961830976434
172	37	0.2550249481485482
172	34	0.24746440672611306
172	93	0.2405049552377003
172	92	0.2403542042593285
172	174	0.23476832062732034
172	139	0.2344375841220961
172	145	0.23177081812084574
172	113	0.2282950212203825
172	194	0.2275745064954657
172	36	0.2270244722468385
172	140	0.219575441015078
172	60	0.21473500736549572
172	32	0.21391451161121006
172	167	0.21096396730686656
172	195	0.2104288273869528
172	160	0.2100751835766717
172	62	0.20861223582642813
172	164	0.19803834948065585
172	81	0.19784618570963186
172	50	0.1900412842532901
172	176	0.18919292440264607
172	168	0.1853042301989264
172	66	0.18172884447201876
172	159	0.1770252305747438
172	124	0.16995468471514366
172	121	0.16379125445284926
172	134	0.1520614435020481
172	138	0.1483276214285408
172	64	0.1480244278327542
46	152	0.7286625390226464
46	14	0.5906475644705699
46	154	0.6057750086175956
46	151	0.5792146170048813
46	48	0.4900377382912357
46	16	0.4601014708697919
46	47	0.4552555443282649
46	31	0.44007192449242544
46	77	0.4325749100924327
46	178	0.42949720988095735
46	120	0.4276359771927319
46	116	0.41898478061132505
46	115	0.41704541303145337
46	82	0.4113956124807647
46	186	0.3663233861096576
46	119	0.3627682570650432
46	117	0.3624469062457168
46	168	0.3521885389851964
46	59	0.338139195913641
46	153	0.3263252501920031
46	159	0.3184219335433516
46	30	0.3177478170754677
46	7	0.3120906547054502
46	147	0.30933511207275644
46	15	0.30390829391942203
46	54	0.3012465469160401
46	118	0.2997910457858105
46	22	0.29092820791783336
46	137	0.27195152436158704
46	129	0.2629640555209053
46	53	0.2603184731336771
46	102	0.2602625382025377
46	2	0.2588169479116941
46	131	0.25856501659009234
46	157	0.2565109343628085
46	134	0.2552960671497245
46	67	0.25108454961860804
46	188	0.2433952352338302
46	133	0.2403636265352463
46	1	0.231960065803478
46	113	0.2308905861156543
46	169	0.2279347950616941
46	135	0.21323689799656534
46	148	0.2131891709864805
46	43	0.21243494931966364
46	182	0.21123148987460053
46	26	0.2026648609542051
46	127	0.2005734795152459
46	171	0.19999754810682865
46	164	0.19996874790461566
46	138	0.1970004846270659
46	5	0.19553903810618545
46	189	0.19289276946012848
46	192	0.1868295288524793
46	75	0.18538148204093574
46	34	0.18413551728854013
46	99	0.18051985218187871
46	144	0.17810023379244272
46	104	0.176812116623439
46	84	0.17418558596426892
46	146	0.17333215511201194
46	29	0.16786602661131494
46	161	0.16350902105158618
46	110	0.15268658406157504
46	50	0.1496476548376831
46	37	0.14784836716524766
46	184	0.1469385713314376
46	56	0.14544127002639998
46	28	0.1453629613684643
152	154	0.7240995307519986
152	151	0.6385904894637858
152	14	0.5749861496848676
152	120	0.5542187756562993
152	115	0.5225127805551274
152	117	0.5135135382389711
152	48	0.4859923772668809
152	16	0.4604403756524473
152	116	0.4593049112745564
152	47	0.4523731387162498
152	118	0.4521742765945802
152	119	0.42989673651903454
152	186	0.4165331152966641
152	77	0.4119437609763096
152	31	0.3959780409908557
152	7	0.36890067039126384
152	178	0.36640996365551004
152	153	0.3610562894084988
152	129	0.3352665142342311
152	82	0.3288426302957692
152	148	0.3254314469882963
152	147	0.31854773298062106
152	188	0.3179815472051523
152	59	0.2826961599588476
152	168	0.2802376888573466
152	22	0.2753929045920509
152	43	0.2728773146513072
152	159	0.27071944309981283
152	135	0.2672871901676113
152	54	0.26447138892250976
152	15	0.2516091714654891
152	127	0.2461402920591013
152	131	0.2436774422468509
152	30	0.2425107198908411
152	26	0.23918549151405194
152	169	0.2314301280856083
152	137	0.23072964257861425
152	138	0.22527857871795035
152	157	0.2237687323704617
152	53	0.21949929674763133
152	2	0.21595564895439065
152	134	0.2154693802297672
152	133	0.21221531817211944
152	58	0.2111263954947624
152	104	0.2072823425526925
152	67	0.20126441421707167
152	75	0.1910531604940456
152	192	0.18873006350665986
152	29	0.18865291186490735
152	110	0.18773655833655103
152	171	0.17408861833739162
152	182	0.16610649791719598
152	102	0.164803181035466
152	184	0.16277898306259456
152	161	0.1589409395660257
152	113	0.15798554803589218
152	21	0.15101601507418955
152	84	0.14978451675055618
152	56	0.148669903265969
152	191	0.14684072898845682
14	115	0.5745642806378674
14	16	0.4754354671471255
14	119	0.451043886983852
14	154	0.4375284464591517
14	116	0.4371159843404633
14	151	0.42535347420671854
14	120	0.4189600467478306
14	118	0.4094747495239204
14	15	0.4051039999880516
14	47	0.39279443422267296
14	117	0.3886085260075973
14	48	0.3491715822348178
14	59	0.32150078241959074
14	182	0.3141561276062994
14	7	0.3092085029401511
14	82	0.3029368038479034
14	171	0.29551657934859005
14	153	0.2863539550146052
14	178	0.2817758172071222
14	43	0.2798598440616391
14	186	0.269903743318524
14	113	0.26971830291691634
14	148	0.2691247592368888
14	137	0.25976837047579404
14	77	0.2510751800295933
14	135	0.24919093954371474
14	31	0.2400809385612433
14	146	0.2375349192852475
14	170	0.2342958232851764
14	176	0.2238162282167385
14	129	0.2231891975282672
14	131	0.2147540850610925
14	22	0.2045436090962968
14	188	0.2042944737554456
14	169	0.20298128567528645
14	164	0.20248265781913924
14	84	0.20027593223736087
14	140	0.19978633860136652
14	29	0.1942306912810844
14	121	0.1928061166418851
14	1	0.1903015196577647
14	138	0.18554563459615075
14	133	0.1827439737552148
14	110	0.1816901652057904
14	192	0.17847783686495394
14	195	0.17735455584346566
14	160	0.17720927017526578
14	168	0.17716083990246326
14	64	0.17223589061908134
14	30	0.17112949218854115
14	144	0.1703916531987844
14	102	0.17006150541226403
14	53	0.16836161284890644
14	20	0.16763278017949054
14	83	0.1675939039487937
14	194	0.1670884655586394
14	147	0.16601897983225178
14	159	0.16570778324675392
14	184	0.16105538794765692
14	21	0.15809280063390727
14	191	0.1551078455376694
14	127	0.153916972079017
14	114	0.1517585972674722
14	157	0.14938369067222207
14	124	0.1468211601749832
14	26	0.14677223763853456
154	48	0.6327685360017156
154	119	0.5682740667637021
154	120	0.5869235952558578
154	117	0.576256602981869
154	47	0.5729476443228874
154	151	0.5533798752211814
154	153	0.5496711735669609
154	118	0.5130642522127911
154	16	0.5005501897707514
154	115	0.4662985848708872
154	116	0.4498721686024519
154	77	0.4153505164624868
154	147	0.378467735005017
154	148	0.37655554467145896
154	43	0.3447999781679828
154	178	0.33686322238477
154	157	0.3241701960222336
154	53	0.3234451257093474
154	168	0.32313170610350084
154	171	0.3179366021038223
154	7	0.3150211201579596
154	186	0.3074891537047869
154	133	0.2895362450664049
154	31	0.28541732032550504
154	164	0.2794819125462458
154	131	0.27938050154431376
154	67	0.27547607681770164
154	135	0.27471813317189875
154	169	0.2716088542207403
154	82	0.2627964946084748
154	159	0.2626940884683042
154	182	0.25802371187588885
154	15	0.25302303938577714
154	129	0.2497629738839869
154	192	0.24331056509095905
154	170	0.2270908633838913
154	28	0.2259619274449291
154	188	0.2227235552163982
154	21	0.20929123660624024
154	56	0.19273871792625627
154	146	0.19165045885346985
154	29	0.19059063874263554
154	50	0.18629867225724733
154	54	0.17916513307563633
154	26	0.17526169937370836
154	59	0.16880853921353786
154	84	0.1687891090743992
154	137	0.16530901439513196
154	75	0.16318782634821768
154	27	0.1624771819120994
154	83	0.16232140167725415
154	22	0.1613865505959008
154	144	0.15780028476937072
154	66	0.14438394977331462
151	186	0.5110943956784489
151	116	0.5027353822304852
151	120	0.4858854363941432
151	77	0.4521424544820881
151	115	0.4431710546953161
151	16	0.4397815972971639
151	15	0.3993707102373884
151	161	0.360682286873056
151	117	0.3589586397712268
151	47	0.3516015051867154
151	119	0.34838106273846536
151	184	0.329350896610099
151	75	0.3202628745807801
151	54	0.3199936192117586
151	43	0.3189160810621816
151	56	0.3183500431144067
151	48	0.3181972637950286
151	118	0.31695644403176265
151	147	0.3064293959356374
151	82	0.3031093574796324
151	59	0.29898081827697875
151	159	0.2943570539568989
151	178	0.28913307947513106
151	30	0.2807812643536416
151	148	0.2588635979973373
151	187	0.24894706874123865
151	102	0.2464314884670247
151	153	0.23652503543271725
151	99	0.23063496401121114
151	163	0.2256962071018659
151	192	0.22336972532124305
151	58	0.22326521109744096
151	188	0.20763641797218174
151	157	0.2059421068555881
151	80	0.19735609928937245
151	168	0.19483684992437944
151	31	0.1936147591594284
151	76	0.19108206528906227
151	1	0.1818545482031127
151	5	0.17917481205684552
151	100	0.1775773121861116
151	182	0.1740110418049046
151	133	0.17345824654538114
151	176	0.16380098616115887
151	29	0.16068522206936986
151	53	0.15914562766434315
151	7	0.15791729444152516
151	132	0.1496085503804523
127	129	0.727929987505057
127	143	0.5217781429106967
127	26	0.6114412929382557
127	24	0.5408950872418832
127	138	0.5278355486771444
127	141	0.5001528761650049
127	22	0.4950365940627498
127	23	0.4007734134715424
127	39	0.3940960431459707
127	140	0.3389006435175782
127	31	0.3280129446496929
127	139	0.3161826300875371
127	131	0.29652018964843263
127	133	0.28964618149774257
127	117	0.2887848084434634
127	27	0.2632246742982918
127	37	0.257360859682328
127	120	0.25658566900027313
127	34	0.2526860561421516
127	118	0.2378745780038472
127	28	0.2220296547405272
127	21	0.219575441015078
127	144	0.21520236370232596
127	137	0.20653573544873485
127	29	0.20439988040076015
127	16	0.20135076698986315
127	7	0.1936147591594284
127	104	0.19229576686370034
127	134	0.18759184101462706
127	2	0.17747077881276954
127	110	0.17402073898960338
127	32	0.16704958204099352
127	58	0.1666996070119965
127	132	0.1510941896626289
129	26	0.5833659666292516
129	138	0.503355346817696
129	22	0.4887829508813677
129	143	0.44791585947037466
129	133	0.4180857179599533
129	131	0.413495229389378
129	24	0.4075669272157045
129	23	0.40735843367632013
129	31	0.3808812220726937
129	141	0.3630547944854871
129	117	0.3264771387757611
129	27	0.32276446725159724
129	29	0.3223702491281931
129	34	0.3217069937344096
129	120	0.320352614875549
129	16	0.3166595652481633
129	140	0.3072356057640062
129	144	0.3070816446560589
129	21	0.2948045328021389
129	137	0.2939094460088645
129	118	0.2796478443718645
129	28	0.2782922463737032
129	48	0.2757810063536346
129	53	0.2534254666937828
129	47	0.227783102214144
129	7	0.21558380602412935
129	119	0.2129505206776935
129	39	0.20941553885671801
129	134	0.20724406087408964
129	132	0.20678463125499352
129	157	0.20451486406255773
129	148	0.2034414641311693
129	139	0.18979066195483307
129	104	0.18680057584839524
129	115	0.18581598093273766
129	110	0.17961033028622045
129	37	0.1565811710960613
129	43	0.15061534068134974
129	2	0.15023416545297993
129	25	0.14843519955369747
143	26	0.4787181491384814
143	24	0.4384901422314448
143	39	0.3999840985169691
143	22	0.3235346611381347
143	144	0.2764645859043844
143	138	0.2264742931285195
143	21	0.1968851390037555
143	133	0.19433653920741875
143	28	0.18923149235224845
143	23	0.1825409789936124
143	157	0.18160313480134607
143	27	0.17427285394030698
143	139	0.1726142957528808
143	53	0.1710227115622479
143	131	0.16980901369184376
1	102	0.7245131115920613
1	107	0.5178884677103714
1	4	0.4384982194599784
1	30	0.42102729443299935
1	104	0.4060063668497214
1	2	0.4033973748513607
1	5	0.3536767840048069
1	100	0.35231116779063193
1	134	0.33733299574840225
1	135	0.3068642604318597
1	186	0.2979879296860048
1	110	0.2939277182462053
1	10	0.2903788956307846
1	113	0.2704414072323009
1	187	0.25873297471501644
1	99	0.2554643277210377
1	188	0.24495626262928144
1	185	0.24136213060363196
1	115	0.22210570961604315
1	82	0.21534541227499293
1	74	0.21444882227491052
1	168	0.20879395999902514
1	76	0.2038344620727724
1	77	0.20247306779198854
1	147	0.1839326296828043
1	158	0.17439890285030885
1	116	0.1703236847202907
1	85	0.1647934526203184
1	167	0.15776128056039146
1	7	0.15461007601107815
1	43	0.15312606289894656
1	195	0.1520809809889755
1	159	0.14924681197865955
1	161	0.14837652101167814
1	194	0.14784836716524766
1	63	0.14684072898845682
1	15	0.14533359515212646
102	100	0.468682012914181
102	2	0.5188318480173862
102	104	0.5173906742382703
102	110	0.4822024243989299
102	134	0.4530886698937116
102	113	0.4390473047815903
102	107	0.43471845760657857
102	5	0.3949403984162246
102	30	0.3948981964788123
102	99	0.38288850602869945
102	10	0.3050061337722025
102	186	0.2671757596871167
102	161	0.2563427702148556
102	77	0.22888262443165794
102	188	0.22515517266149296
102	168	0.22452853823526425
102	116	0.21400039160994516
102	4	0.21138434570845133
102	187	0.20908086354398026
102	135	0.20149468132248952
102	43	0.1868584815320086
102	114	0.17494181738338813
102	176	0.16458914849827108
102	115	0.1641804979002065
102	59	0.16354795138894834
102	82	0.15518591989320746
102	56	0.15252054299609513
102	31	0.14951078718999192
102	178	0.14518676023030266
100	30	0.4386435974598448
100	134	0.4267530721003736
100	99	0.402517868558662
100	163	0.3624382198918321
100	2	0.3553816858529383
100	161	0.32406280220300265
100	110	0.2842871236723843
100	104	0.2641830482776357
100	5	0.2557727652400594
100	73	0.1972119374372596
100	184	0.19243058636061547
100	185	0.18299527901559087
100	162	0.17913609592391894
100	10	0.1765311683576779
100	36	0.1744279902487963
100	114	0.1722261872543892
100	187	0.16800207835263636
100	56	0.16498801482880332
100	31	0.16454050257737227
48	16	0.597712117371631
48	47	0.6458757348143196
48	117	0.5032060051063316
48	120	0.477120952790787
48	119	0.4488107061310521
48	153	0.4310617395148003
48	118	0.4147131501056833
48	53	0.35649951769096155
48	157	0.3435217261751682
48	115	0.3388298298895207
48	148	0.3375722496928553
48	171	0.3210972373026915
48	116	0.3177478170754677
48	178	0.3081318830762977
48	67	0.30145566004272645
48	77	0.2764184068994429
48	21	0.2763260450602668
48	43	0.26633051284239084
48	26	0.24955668649175264
48	133	0.24118319097866486
48	50	0.2393457593468825
48	22	0.22803907747683044
48	144	0.2271098318925326
48	31	0.21150853346066725
48	182	0.21067730091123305
48	27	0.20065985728089306
48	164	0.19860514386830366
48	169	0.19202610609679985
48	168	0.1906677315836911
48	34	0.18809349287101398
48	137	0.18122597019014294
48	146	0.1743698151474511
48	138	0.1727113145083652
48	191	0.16633014335420193
48	28	0.16444320833451098
48	131	0.16169819989255332
48	147	0.1608703106656398
48	29	0.14760382291639368
48	15	0.14556851770857124
48	170	0.14462872925142006
119	120	0.5569357112526361
119	117	0.5070791108777812
119	16	0.5017857598698819
119	115	0.4794192978307249
119	118	0.4762090602122594
119	53	0.44491318731796425
119	148	0.4422705767719609
119	157	0.4152346619736261
119	116	0.3306519009556256
119	47	0.32852152178692096
119	20	0.31578656245247616
119	121	0.3087110038273497
119	15	0.30775171090661657
119	28	0.3063569060767256
119	77	0.30407166013575465
119	21	0.2989079676970359
119	147	0.2910105882306082
119	133	0.2903147967211933
119	164	0.2864732907551571
119	43	0.2840021525095796
119	153	0.2431412136814857
119	144	0.2429153887440074
119	124	0.24171054487205576
119	171	0.2340689852220753
119	64	0.22545892841305926
119	132	0.2120529683246676
119	27	0.20733019375824044
119	182	0.20484062044644588
119	29	0.18827676427830686
119	7	0.1876207851307635
119	178	0.18653033216802697
119	146	0.1769671102334231
119	135	0.1769283626534861
119	169	0.17357463359063202
119	67	0.17251727364797378
119	131	0.1626134829739453
119	25	0.1587167416852302
119	65	0.1565811710960613
119	82	0.14988227174586602
119	159	0.14650804353956773
119	60	0.14406081380791513
117	118	0.7231706446019608
117	120	0.7114283044243576
117	16	0.6627209397101987
117	115	0.5437398238577056
117	116	0.4761549326628577
117	43	0.43754461769481295
117	77	0.3614562565950846
117	15	0.3060669111144453
117	22	0.30141929462484235
117	47	0.2701077046375057
117	133	0.25206809433301963
117	31	0.23948716131035036
117	26	0.22503175938059108
117	153	0.22468996185123172
117	138	0.22378773083652215
117	148	0.2223528692916009
117	75	0.1984226313439964
117	178	0.19789422807868184
117	186	0.18939539962306984
117	21	0.1783326111288447
117	104	0.1761436063129963
117	58	0.17189625297942898
117	53	0.1684684928494866
117	23	0.1666801627223515
117	29	0.16317809263500044
117	80	0.16149368367552802
117	28	0.15941852384412067
117	7	0.15043941921043744
117	192	0.14671352964698728
117	146	0.14596001881425774
117	59	0.14483433033531656
118	43	0.5075840888038038
118	120	0.6652537469100716
118	16	0.5844665659077821
118	115	0.5443312050936073
118	116	0.4326968340224071
118	148	0.3461561709499805
118	77	0.2902873249623737
118	153	0.2837814952071317
118	15	0.2796294083270922
118	182	0.2728125257558732
118	47	0.2623682113839573
118	80	0.2370725126923373
118	192	0.2306633680400749
118	31	0.2271667363845056
118	7	0.21315098864580345
118	53	0.20433280399291864
118	133	0.19462519236286124
118	178	0.19412483883169174
118	79	0.1925846568907488
118	146	0.1903786213103246
118	188	0.18662685101085427
118	22	0.1822026198130373
118	29	0.17788720378144768
118	21	0.17402073898960338
118	186	0.1738364867110579
118	26	0.1736425237949001
118	135	0.1670690238647788
118	59	0.16206824154043353
118	75	0.1568933097931879
118	144	0.15298934263163816
118	170	0.1458523605621541
120	115	0.6397556604522018
120	16	0.6561313795080103
120	116	0.5038330382381069
120	43	0.4586418628570114
120	77	0.4376092998071723
120	15	0.401528583484738
120	148	0.3590457515134785
120	47	0.3318982602343991
120	31	0.2992175585909115
120	186	0.2837723005004093
120	178	0.2487219292084112
120	7	0.2457926768830355
120	53	0.24076874152969344
120	147	0.2394588817301939
120	22	0.23368141124781874
120	21	0.23120296984987204
120	133	0.2270529258497101
120	75	0.22246693335173892
120	26	0.2166133714219837
120	153	0.20867918851407274
120	29	0.20199351695547715
120	28	0.19742337189980155
120	192	0.19050390648637955
120	76	0.18903864676786766
120	188	0.1784391107620347
120	157	0.17153716303617736
120	25	0.17100329647119944
120	27	0.16892511729270387
120	121	0.15605436614198553
120	80	0.1505567012503512
120	23	0.14961832653864252
16	115	0.5685042242442889
16	15	0.5094672471841798
16	43	0.4908124110866479
16	116	0.4520231113088377
16	77	0.4468360558169331
16	47	0.4455546006871168
16	133	0.33101702585753856
16	21	0.3140750077794584
16	148	0.30888288627156296
16	153	0.2844341859148753
16	192	0.2723033840829026
16	29	0.2679370587609615
16	178	0.2652803503338541
16	53	0.24330115706837954
16	31	0.24155988688484184
16	67	0.232338508481008
16	191	0.2322628255690469
16	182	0.2306160277735989
16	28	0.22427213422500025
16	75	0.22073630914676934
16	80	0.21259727159269515
16	186	0.207866059432413
16	22	0.20097654905393264
16	171	0.19916220211591235
16	76	0.19598140994744506
16	26	0.19543324173770352
16	170	0.18586425410526253
16	159	0.17138186677497813
16	157	0.16968275946861833
16	132	0.16626207916199534
16	147	0.16343115884925571
16	169	0.1617371537882676
16	50	0.15875573379749772
16	59	0.1586485042974989
16	138	0.1454902120122986
16	121	0.1448832811316258
43	115	0.4708407387918978
43	80	0.3915674530810619
43	77	0.3615953444499607
43	116	0.3229257060400309
43	15	0.2944118542244696
43	186	0.28229127315489705
43	192	0.2680113139477492
43	148	0.2554175902252254
43	182	0.2415693033503057
43	66	0.24063685282706604
43	47	0.21826157818667408
43	53	0.19080263839593567
43	75	0.19050390648637955
43	171	0.18695498811916744
43	76	0.1803166878406506
43	29	0.17146922197036027
43	176	0.17005179460490624
43	21	0.16700097691320376
43	59	0.16559107601492995
43	170	0.15855101968603666
43	157	0.15827804633394965
53	157	0.7227314902677368
53	27	0.5717305503783625
53	28	0.4497365636775025
53	144	0.4458751359827539
53	133	0.4361366620090537
53	29	0.4069246310891996
53	21	0.3985298716755698
53	50	0.3890329352144689
53	145	0.356604262180762
53	164	0.32293466320098946
53	47	0.30765212575850553
53	132	0.30527820024696584
53	25	0.3002278430551235
53	148	0.2986529632337803
53	168	0.26504792834051755
53	178	0.2606167632489733
53	60	0.25451999903038924
53	131	0.2534161089147398
53	62	0.2502692195231284
53	124	0.24909714681923276
53	171	0.24847799771491674
53	67	0.24811204138293896
53	182	0.2385725826156525
53	174	0.2354390762326696
53	26	0.2301425650951461
53	147	0.20321138612484788
53	153	0.2027319848886285
53	20	0.19948869369677
53	194	0.1909279025540484
53	77	0.17759668144328214
53	66	0.17368131745638746
53	34	0.17266280554941127
53	23	0.17132362848084431
53	195	0.16948851132686835
53	115	0.1636355427855101
53	93	0.14449165492253707
157	144	0.4972001884561558
157	133	0.41358641762784093
157	27	0.4095163651933326
157	28	0.3835795426371707
157	148	0.368036439568626
157	124	0.3670417874726313
157	147	0.3621341578450839
157	164	0.3460329403520573
157	21	0.3410144271717919
157	20	0.3317558777073956
157	50	0.3220476238283115
157	132	0.31546242523262386
157	47	0.300091357423291
157	145	0.29919934910488943
157	168	0.2805509577215958
157	131	0.2587609662151722
157	29	0.2585930106969009
157	171	0.22046042160423898
157	25	0.21473500736549572
157	178	0.20297169766984827
157	182	0.20221412238498265
157	62	0.19990154608905675
157	194	0.18980994147174174
157	153	0.1774029826820653
157	60	0.17165362963841996
157	121	0.17161480797062814
157	82	0.1573614590563643
157	137	0.14486370089819445
5	99	0.4751413087927249
5	187	0.27925142398156155
5	10	0.2768524391257041
5	30	0.2624892584344338
5	186	0.25388393973569195
5	2	0.2460745318792089
5	134	0.2147922399606333
5	188	0.2057026975723067
5	104	0.18463783808367448
5	77	0.18048115539915915
5	75	0.18012318368640776
5	161	0.18004577812007405
5	110	0.17583351734753472
5	76	0.16699125579023258
5	113	0.16439456001299566
5	176	0.16134759216917546
5	116	0.1575662521337338
5	55	0.15605436614198553
5	114	0.15489313107190028
5	121	0.152598681041233
110	2	0.6420889592726091
110	114	0.4656957930227545
110	104	0.5261743387041808
110	134	0.5152491087695393
110	141	0.4603852142484069
110	113	0.4540814954006469
110	140	0.4281506287787537
110	10	0.40598131177965097
110	139	0.3977641258932461
110	36	0.3813171513981615
110	99	0.3594812163754456
110	31	0.3549097952571428
110	135	0.30850290862681834
110	32	0.2774248194948334
110	131	0.27626138873555905
110	107	0.2748475623857588
110	30	0.2666185001541831
110	138	0.25670710624219195
110	39	0.2502785931528464
110	34	0.2238827206156035
110	26	0.20993179879692275
110	161	0.20497474224409684
110	73	0.20304840062339796
110	116	0.1985859326720608
110	37	0.17958129792591612
110	178	0.17687024025527645
110	176	0.17404013325774872
110	22	0.1734776447228172
110	115	0.1697021835579199
110	7	0.16911940358709593
110	137	0.1680312314647442
110	56	0.16469616670563714
110	83	0.1498138435567226
10	2	0.36320237788207343
10	99	0.3508475937187365
10	7	0.3453021138216565
10	188	0.3128847239099421
10	73	0.29696704181812555
10	30	0.29141327429133884
10	76	0.2873634381846912
10	104	0.2778216773800332
10	77	0.2618373691887172
10	135	0.2616044936516652
10	113	0.2610454681192527
10	161	0.2562399955950043
10	147	0.2561559029601015
10	187	0.2503348339457755
10	186	0.20179207670360444
10	31	0.19803834948065585
10	114	0.19463481355448065
10	83	0.188074200381682
10	85	0.17603701717088166
10	184	0.16971189555312705
10	56	0.16966333524747906
10	116	0.1667968265151293
10	107	0.16405399938166826
10	163	0.1636647393444476
10	75	0.16130863323957895
10	59	0.15724442836244718
10	185	0.1496085503804523
10	177	0.1479950850393965
10	176	0.14727121377922445
10	192	0.14491265126900515
115	116	0.5909860509148243
115	15	0.5632700324136518
115	77	0.4209450173674503
115	186	0.376521215917539
115	147	0.29571735368157176
115	148	0.289737789353005
115	135	0.2864365730122833
115	29	0.267686424007594
115	133	0.26238683454466544
115	170	0.2589755532755782
115	182	0.2548285955578021
115	188	0.2499223622525373
115	47	0.2474831818605351
115	75	0.244081867006553
115	31	0.23838395699342235
115	76	0.2347399739126126
115	7	0.23264121198677035
115	66	0.2319411418251309
115	28	0.2041219799359536
115	21	0.1999399473568522
115	85	0.1989509192900248
115	169	0.19336449310220585
115	192	0.19328748309726548
115	191	0.19055209144044905
115	159	0.18994489399077047
115	93	0.1896364205516352
115	176	0.18782338481789093
115	178	0.18774620586828544
115	160	0.17829388295341314
115	90	0.17787752020279485
115	59	0.17224559395034825
115	194	0.1719544794795168
115	185	0.1680117960893267
115	113	0.16253559741247964
115	92	0.15580068762586527
115	131	0.1556445675521015
115	107	0.15157296774489
115	153	0.14977474108992864
115	171	0.14576427396810188
115	30	0.14459935664806492
177	176	0.5053089454537429
177	81	0.4511076094373474
177	183	0.4332412343269376
177	178	0.4303531323233295
177	192	0.3786048086511445
177	182	0.34166820684945265
177	79	0.3361804225714604
177	166	0.3352221336720807
177	93	0.3292260769374222
177	191	0.3286464063476491
177	194	0.3259409862084517
177	174	0.3235346611381347
177	60	0.3037449098287064
177	80	0.294740615163098
177	195	0.2752727596541564
177	185	0.2671386146056285
177	113	0.2639411777671621
177	167	0.26237752298874284
177	85	0.2546789794769441
177	82	0.24995986343013585
177	147	0.2457738850714604
177	83	0.24542620324737036
177	59	0.24488106144140984
177	61	0.24469304558246266
177	165	0.24312239594297666
177	76	0.2409759772401387
177	160	0.23993957930021295
177	21	0.2350801081264772
177	66	0.2341635041803803
177	187	0.2311367106145557
177	135	0.2291289890785745
177	159	0.2227805781073864
177	50	0.22224830522234235
177	170	0.21847108773752646
177	184	0.21692786488343227
177	92	0.21686115790949853
177	90	0.2139240539966144
177	74	0.20795216907436628
177	75	0.20215657511991705
177	175	0.18647241913383336
177	168	0.1860476839763933
177	54	0.1795716204029631
177	7	0.1744376859806461
177	171	0.16795348917943925
177	164	0.16207797886350298
177	65	0.15579093034920632
177	99	0.15484433028809827
177	84	0.15155342717294715
194	175	0.6178128458766626
194	183	0.5764435927375452
194	93	0.5251539541540978
194	174	0.5218800201277498
194	90	0.5188245398443345
194	166	0.5081258096070471
194	195	0.4905618664670571
194	60	0.4483793744033434
194	170	0.4327537264406002
194	171	0.4218250223303656
194	145	0.410863790192168
194	160	0.4036485256171472
194	169	0.4004627965772394
194	182	0.3880140760093945
194	81	0.37196353505377
194	92	0.3665917558497308
194	62	0.3660029940430367
194	28	0.3622992296670771
194	165	0.35501467547434495
194	61	0.32793262560306513
194	21	0.3227375922984165
194	65	0.3158045679156956
194	133	0.3102752935293845
194	50	0.30662872472034514
194	167	0.2886198112682892
194	185	0.28650082851009445
194	29	0.26676712014500065
194	132	0.2635596991340722
194	66	0.26180942573346344
194	191	0.2564735658937895
194	164	0.2506534998507268
194	67	0.23043612480587786
194	159	0.22865518488373826
194	83	0.2239872044600632
194	176	0.22245742824595788
194	55	0.20808611099935204
194	135	0.2077416731507008
194	162	0.2021469837733365
194	23	0.2000359478388441
194	113	0.19622179598637704
194	64	0.19044608332981988
194	85	0.1865399842143745
194	131	0.1756493855091125
194	63	0.17323515783466012
194	168	0.17225529724818808
194	137	0.17213885546831298
194	34	0.17126538898938667
194	141	0.16599953101371018
194	147	0.16555217257344634
194	15	0.1589409395660257
194	20	0.15887270716255153
194	74	0.15868749727611434
194	79	0.15275495140724238
175	166	0.6208641107308887
175	183	0.5940424847412009
175	165	0.5771109206226108
175	170	0.530017862323035
175	174	0.5169804635686949
175	171	0.4992375046092114
175	182	0.4804352617253582
175	195	0.4579150805655954
175	160	0.4359341937342995
175	169	0.4317372718615553
175	60	0.4225317405197792
175	65	0.3798890659472693
175	145	0.3725579161673799
175	92	0.3642783169594648
175	167	0.3526001735371034
175	61	0.3454870613622947
175	137	0.3362425099009245
175	66	0.3251542497767556
175	93	0.3239733009728763
175	81	0.31863758285235555
175	86	0.31602961701184484
175	164	0.3023372527284352
175	150	0.30127382418505555
175	62	0.2815916863550856
175	124	0.27907623114630964
175	141	0.2785966610367444
175	74	0.2717477828541077
175	168	0.2691433105743131
175	189	0.25670710624219195
175	90	0.2409288801437949
175	144	0.2278020644249229
175	135	0.22660710823180005
175	159	0.2249842908111704
175	63	0.2197372387003332
175	67	0.21809014631443946
175	20	0.2147254684562466
175	21	0.20867918851407274
175	176	0.2005734795152459
175	133	0.19235354753725512
175	28	0.190166586117292
175	185	0.18372006395142104
175	85	0.1821929517733689
175	191	0.1792715999609999
175	50	0.1753198557622873
175	114	0.170381943515395
175	139	0.16882796922147802
175	84	0.16610649791719598
175	146	0.16114305218130964
175	140	0.15659092590415538
175	113	0.14780924129946765
175	80	0.1450399189127936
195	50	0.5216034616225805
195	145	0.5105918489860054
195	182	0.4553348149580971
195	93	0.4494652916197088
195	174	0.44857909099613497
195	144	0.3740640337252789
195	21	0.37316920679379945
195	178	0.36784622335085204
195	171	0.3636970833105691
195	170	0.35744189523225217
195	90	0.32040645629271863
195	176	0.31690247068864025
195	166	0.3156425105598452
195	62	0.3128125538516598
195	34	0.30185562173921243
195	191	0.298543662548242
195	139	0.2768155046076293
195	67	0.26703646153858285
195	114	0.26677640847325823
195	165	0.25982432082730106
195	66	0.2472484793255181
195	141	0.2455953536492109
195	140	0.2415975524737239
195	192	0.2337381340323293
195	131	0.22109776349374716
195	137	0.22090753192853327
195	113	0.2174614476970308
195	135	0.21725184135839848
195	164	0.21351369457941133
195	124	0.20884177975387488
195	28	0.20324014710347896
195	168	0.19690436365289274
195	153	0.19294090861477808
195	85	0.19180457734251335
195	24	0.19155412999748184
195	160	0.1900220064938156
195	29	0.18814172345927774
195	47	0.1780905509721307
195	32	0.17419528254119498
195	133	0.17414679931878094
195	7	0.17147892793677635
195	60	0.17130421545004226
195	183	0.1624674458846274
195	92	0.15502000957167955
195	26	0.148396080641792
178	192	0.4864047271723773
178	50	0.4597782041853936
178	47	0.4327862348463476
178	67	0.3426041261452341
178	147	0.3314443632355884
178	153	0.3293063194767151
178	182	0.3228809193675109
178	21	0.31414711451870964
178	34	0.29432965309719444
178	168	0.29139497261860303
178	164	0.2808918000545392
178	176	0.27938050154431376
178	7	0.27914999881578473
178	31	0.26214471821405033
178	144	0.2620981535964201
178	131	0.2515810704686384
178	62	0.24506905888465
178	145	0.2444297924650401
178	135	0.24249189602852916
178	171	0.24100423495319914
178	191	0.2356090913452062
178	82	0.220412851219784
178	83	0.2197848239547773
178	66	0.2105339541210888
178	26	0.20848788993336068
178	113	0.20523338396961752
178	148	0.20370027503268706
178	77	0.19156376304918174
178	93	0.18711904103511115
178	29	0.1857580519416854
178	85	0.18330454496780224
178	159	0.17436011917886896
178	137	0.1656980578213327
178	188	0.1638983014904931
178	32	0.16030526797679115
178	22	0.16024680928132354
178	146	0.15711764012671736
178	114	0.15622997767346405
178	2	0.15355571698297354
178	28	0.147936398671061
28	132	0.7056670662354609
28	133	0.6287946112439126
28	21	0.5618688263141283
28	29	0.5563697983911728
28	131	0.4756134587373914
28	27	0.4335498582753008
28	50	0.35037397481239296
28	90	0.3377583059455703
28	93	0.3284144687339603
28	26	0.3213214434410768
28	145	0.3011919908989386
28	25	0.2893255122212752
28	174	0.2784951956986337
28	144	0.2772402021599031
28	62	0.2612038764827309
28	34	0.2600481047856744
28	169	0.2588449381079798
28	24	0.245538971843116
28	39	0.2361662619587078
28	37	0.22786843080188776
28	60	0.22645531885468725
28	61	0.22587652099962416
28	66	0.21438204045334608
28	67	0.20910955191980088
28	164	0.20822004512055806
28	171	0.2044957005107681
28	170	0.19896052345623397
28	182	0.19750025260637188
28	32	0.19657752403606174
28	166	0.1862600602573448
28	15	0.183062934039792
28	23	0.1788360270897192
28	165	0.1776644727597174
28	124	0.1607826385296474
28	116	0.15531278658599731
28	121	0.1527940178055109
28	176	0.14623404239649435
132	131	0.5605398307035498
132	133	0.5297157810476796
132	21	0.4345967966948621
132	29	0.3349291846557648
132	27	0.2550623462580631
132	34	0.22714776839285256
132	90	0.22071728355314266
132	145	0.18154511295111286
132	140	0.178797306105735
132	25	0.1777225782603578
132	144	0.1771317813269266
132	50	0.17482548749856747
132	62	0.1648129094185482
132	137	0.16385937574144852
132	138	0.15504928849940516
132	121	0.15461007601107815
132	93	0.15385839296416576
132	26	0.1527451847330754
132	15	0.15163158874982502
132	32	0.1501755191426777
132	116	0.1484743180010757
132	174	0.14775055163335438
132	165	0.14739839179829894
133	29	0.5218363602860148
133	21	0.4455866593596563
133	131	0.4326643225217264
133	27	0.3974105176858573
133	50	0.3087019568242597
133	144	0.2718496566541356
133	25	0.2700428104826701
133	124	0.26348525466178657
133	169	0.2617814818392547
133	145	0.2517496700855493
133	90	0.24126795389868586
133	26	0.24096655791165675
133	15	0.2387706201468061
133	93	0.2301425650951461
133	171	0.22274256301608505
133	116	0.22182048990379502
133	121	0.2165943097664597
133	23	0.2161463133483748
133	20	0.2132846239889451
133	174	0.2104861698454099
133	176	0.20828700925331614
133	170	0.20644957297826244
133	47	0.20575058139978575
133	166	0.19059063874263554
133	182	0.1892989848590798
133	66	0.18746641274736806
133	77	0.18541045089100192
133	62	0.17790657083539665
133	60	0.17238143707743858
133	183	0.16702041906173815
133	61	0.16459887758637973
133	138	0.16408319182654396
133	85	0.16332409499676
133	148	0.15909689364313367
133	186	0.15887270716255153
133	81	0.1578587901595781
133	153	0.15253031035603726
133	159	0.15143618125418198
133	164	0.14766251518321868
21	29	0.42991304015477344
21	50	0.3979577184299093
21	144	0.3958262539233232
21	26	0.35839226105003696
21	174	0.3338544844886973
21	34	0.3264592704055341
21	27	0.3187903144930923
21	23	0.3031093574796324
21	131	0.282144016643141
21	171	0.2760951181330913
21	24	0.2725348310388877
21	145	0.2636899694063609
21	93	0.25958185670946543
21	182	0.2573888724276751
21	25	0.24890016688962555
21	62	0.24478705581312865
21	138	0.22878786098857995
21	20	0.22769777012777465
21	166	0.21917565378673828
21	176	0.21551705836337773
21	124	0.21424847079762546
21	164	0.20896610644220945
21	165	0.20889916214143736
21	192	0.19503886976202034
21	47	0.19077373039987724
21	60	0.18813207741421092
21	90	0.1876690246002363
21	140	0.17800340403755294
21	67	0.1701974532464595
21	183	0.16924568263162673
21	137	0.16271083707602735
21	170	0.15145572253665435
29	27	0.4402009292801068
29	131	0.3670331346376095
29	26	0.3653359539956714
29	25	0.3285482837314484
29	145	0.298798685294493
29	144	0.270728710184556
29	93	0.2560718064477609
29	116	0.2504285648461434
29	23	0.2477366279791583
29	15	0.24547319096966824
29	176	0.2421436216548148
29	90	0.2329438704262505
29	24	0.21809967066054825
29	34	0.2154789159386822
29	50	0.2028758154750362
29	174	0.18695498811916744
29	77	0.17637615010105634
29	31	0.1709838812473488
29	182	0.16985757152446887
29	114	0.16300288036673294
29	186	0.16217535035787767
29	170	0.15859976237829373
29	148	0.14435457504783486
29	113	0.14430561660667374
131	26	0.3207743172255828
131	31	0.314570668397661
131	7	0.2897835912901103
131	176	0.2523677378892683
131	34	0.2521430097562223
131	27	0.25054103572976205
131	135	0.2397699347555545
131	144	0.2386385973316912
131	145	0.2328587522981924
131	113	0.2290910887349775
131	77	0.2155075228188518
131	141	0.21376182789363526
131	170	0.20580804069227504
131	39	0.2025401971664239
131	83	0.191900896595156
131	137	0.1918431054870623
131	147	0.1914674308716588
131	116	0.18994489399077047
131	140	0.18818995314013148
131	114	0.18777514824612754
131	138	0.18557460161942535
131	182	0.1830436042097794
131	47	0.17133333494635775
131	23	0.17077030502409654
131	171	0.16932339005124214
131	2	0.1675064305241264
131	148	0.16194165346901795
131	164	0.1550395288870919
131	66	0.14497139077761895
131	139	0.14474621711548266
37	36	0.6457008475723849
37	32	0.5900025634226375
37	39	0.5789686954546459
37	61	0.5514830202550093
37	34	0.4695945066144323
37	22	0.45891819516215293
37	141	0.4439582399906837
37	67	0.43998322316179694
37	31	0.4060147184041141
37	62	0.4000176984882104
37	139	0.3858969166394324
37	24	0.3803681471851051
37	140	0.3514262175864657
37	90	0.3144985829601709
37	114	0.29797881762691464
37	26	0.28938048871172184
37	57	0.2861428007865505
37	50	0.2738581008410279
37	138	0.26623760356245
37	137	0.2440630584338949
37	166	0.2342485674582641
37	145	0.23401227172304165
37	30	0.2213830792940755
37	66	0.21991805710270174
37	93	0.2188424415276638
37	63	0.20999871281828653
37	2	0.19760595961098215
37	92	0.18497588432828796
37	134	0.18180620131738304
37	60	0.1816804953013827
37	165	0.17734487037267313
37	65	0.17629863769122042
37	162	0.15480528911697186
37	174	0.1481124546489946
61	60	0.6941081220058041
61	62	0.6526378236924111
61	67	0.5976735515751179
61	65	0.5321214969811122
61	81	0.62052600504445
61	166	0.5719391818896735
61	183	0.5676440639279666
61	90	0.4481716216449729
61	93	0.44617953863036736
61	63	0.4365009936456117
61	165	0.4236318826529067
61	32	0.4048030354394442
61	92	0.3964669854483038
61	169	0.39331019522478095
61	79	0.3773533965436329
61	164	0.3743994144597482
61	66	0.3715412529885278
61	174	0.360751877527933
61	171	0.34125300667237485
61	182	0.33218297991968393
61	167	0.3299926444704065
61	50	0.32740597225324475
61	170	0.3117115132728515
61	34	0.3099137569814329
61	86	0.2854265056688207
61	64	0.2809931179012345
61	189	0.2669528772924659
61	36	0.24816834696956094
61	160	0.2288447195748783
61	80	0.21948977852615195
61	7	0.21532633966578324
61	159	0.20517591050647185
61	55	0.19682746414798305
61	162	0.1937398827416278
61	57	0.18919292440264607
61	74	0.17706397678307048
61	84	0.17671524116334492
61	137	0.1710615413458814
61	54	0.1707217627345118
61	147	0.16716623103455058
61	121	0.15710788697092215
61	168	0.14910992756493913
32	34	0.5084817906733606
32	114	0.4632253257629222
32	36	0.4522299625215582
32	62	0.392041487047022
32	31	0.3864755015512576
32	67	0.3798805090717871
32	90	0.36834763602828696
32	39	0.3639833979991013
32	93	0.3490398634560137
32	141	0.3250290456181413
32	140	0.32380323265933136
32	30	0.2794819125462458
32	24	0.27657541030709865
32	50	0.2630943697093118
32	138	0.2571834355849778
32	139	0.2292805835047507
32	26	0.2284182421425215
32	22	0.22645531885468725
32	145	0.20935816942801871
32	7	0.19369175903260205
32	2	0.19344150072462293
32	99	0.1702848448620006
32	27	0.15357524533583278
32	66	0.15209074968787106
36	139	0.5913178259867835
36	39	0.5808138516556537
36	141	0.547237970651976
36	140	0.4417636656538849
36	114	0.4075335711039347
36	24	0.3343875023644023
36	34	0.28577550984805294
36	145	0.2832021268232694
36	2	0.2602532155441626
36	113	0.2464502738048661
36	57	0.2439690128165515
36	99	0.2272900241285219
36	90	0.2200607978001668
36	134	0.2154217010688278
36	22	0.20304840062339796
36	50	0.18770761552401105
36	62	0.16592173444828442
36	138	0.15788804243910853
36	67	0.15166089885232487
36	92	0.1440803986811228
90	93	0.7015265211675065
90	92	0.50050522144982
90	81	0.4362824118316175
90	79	0.3818297923873934
90	174	0.3724201158585243
90	50	0.36183001871069104
90	62	0.33950240426819506
90	60	0.3325210059323318
90	55	0.33148886972968394
90	67	0.32232544453492323
90	145	0.30529633624064195
90	183	0.2989170742100839
90	65	0.2926572869875488
90	113	0.2621819690292948
90	7	0.25882627802542063
90	63	0.24417590711511086
90	30	0.22425314009960956
90	182	0.2108397496542732
90	86	0.2075407272738202
90	162	0.2026360929706819
90	57	0.2024251170737511
90	34	0.2005734795152459
90	166	0.19896052345623397
90	169	0.19704854369409566
90	64	0.19564482992355486
90	114	0.19547171367085614
90	167	0.19512544462763012
90	159	0.1914866976023355
90	135	0.19135182738934767
90	84	0.18258931249197927
90	164	0.18010383250392445
90	76	0.17877794540603814
90	31	0.1779743544387893
90	147	0.17523262072072388
90	66	0.17508722287075215
90	170	0.16364527500367582
90	39	0.1617371537882676
90	27	0.16161055178496758
90	15	0.16027603876960025
90	141	0.1590676528582259
90	85	0.15726393378489714
90	121	0.1560836354159931
90	23	0.1534678379109604
93	92	0.6276565866939756
93	81	0.5611772876534821
93	174	0.4658210840746205
93	79	0.4502708863991639
93	60	0.4342398331837177
93	50	0.4331112569929397
93	66	0.4089502461170581
93	183	0.3923376526120643
93	182	0.3627595730416239
93	62	0.3615171095115083
93	145	0.35018974126313396
93	85	0.3473438526840989
93	67	0.3426659082323496
93	65	0.3064293959356374
93	7	0.2996727248824232
93	170	0.2920262569800401
93	55	0.2874093086382981
93	166	0.2731919683563413
93	76	0.2600014854303896
93	191	0.2520587296926565
93	63	0.24190826579561497
93	80	0.2417764540776564
93	159	0.2340689852220753
93	160	0.2234552331389478
93	167	0.21899477347021865
93	135	0.21889004640601506
93	185	0.21212936971150329
93	34	0.21088752648056894
93	84	0.19543324173770352
93	169	0.18987741862811136
93	86	0.18945324672859803
93	83	0.18725413560022885
93	23	0.18062626545250812
93	192	0.1780227702643683
93	184	0.17420497908433913
93	176	0.16562997894105186
93	74	0.16541600647143098
93	24	0.1651242007359424
93	64	0.1649199195156234
93	147	0.1585217736997113
93	27	0.15763451348205754
93	113	0.1567177356286484
93	171	0.14422728163138546
92	81	0.5721813708189682
92	60	0.4778697909166729
92	183	0.4341099944410767
92	174	0.4265649408204484
92	79	0.3504441518914075
92	86	0.3411734850555711
92	76	0.3405194555698989
92	167	0.33691641269979866
92	66	0.33056283107877066
92	63	0.3140028974166081
92	80	0.29793325651692804
92	65	0.28847313271932035
92	74	0.279445036539596
92	55	0.25567930482065176
92	187	0.2499692386073681
92	107	0.2433952352338302
92	185	0.2368648666084883
92	162	0.2323952688187317
92	182	0.21529773044395886
92	159	0.21380954267766236
92	84	0.2120052161414765
92	50	0.2047831373208092
92	7	0.19428842707448515
92	57	0.19080263839593567
92	4	0.18634693644786512
92	169	0.1836814137898852
92	67	0.17836165689783604
92	82	0.16953707459750847
92	85	0.1685656530490112
92	166	0.1629250049465063
92	113	0.16103590666166795
92	160	0.14526507298490984
79	81	0.7002291587602394
79	80	0.4194381245607833
79	183	0.3692030006468615
79	60	0.3686328269579116
79	63	0.32720954093514754
79	7	0.31460670975592303
79	76	0.3049698544792711
79	167	0.2984161351835097
79	185	0.2944118542244696
79	55	0.2943205193697584
79	159	0.27165516502329595
79	85	0.2715347543203786
79	184	0.2673707583373001
79	66	0.2659123821321116
79	86	0.2630664460483447
79	74	0.2628058039640341
79	65	0.2612784167277485
79	182	0.2425013079825092
79	84	0.218032999365432
79	75	0.21142255805166685
79	160	0.1912843895726825
79	64	0.1876883201345543
79	83	0.18047148111617373
79	59	0.16892511729270387
79	162	0.16723427411980812
79	54	0.16633014335420193
79	170	0.16599953101371018
79	187	0.16319756002966648
79	192	0.1624382376124035
79	166	0.1617468921834475
79	191	0.15990577783198812
79	147	0.15929182507362422
79	135	0.15436604265255918
79	188	0.15177813659472747
79	189	0.1477407699211572
81	183	0.6893152983335086
81	60	0.6819445139884758
81	80	0.5128947762499927
81	65	0.490728905229073
81	63	0.44498536913046943
81	167	0.4209861567661625
81	74	0.41782161724923256
81	174	0.4111380460093736
81	66	0.3962984092976859
81	182	0.383502781981332
81	159	0.3778764147801209
81	166	0.3760834336852809
81	76	0.3470536331868269
81	62	0.3362425099009245
81	55	0.33482264168120196
81	185	0.331462166010255
81	160	0.3307498710171353
81	86	0.3287534411106959
81	84	0.3132635574273624
81	82	0.3060669111144453
81	169	0.29338859698287506
81	85	0.291367519709524
81	64	0.2693659110421063
81	170	0.2530791972936475
81	184	0.2494722896649987
81	67	0.2472484793255181
81	54	0.2385820134243811
81	189	0.2332843072377461
81	168	0.21384771377036665
81	162	0.21243494931966364
81	50	0.2034414641311693
81	7	0.1995943138473607
81	187	0.19290239736535147
81	164	0.18460886065711088
81	59	0.18257964586289974
81	165	0.16997410695722592
81	75	0.14725164749780414
183	60	0.6924409464527124
183	166	0.6781009340511904
183	174	0.5518099927254774
183	167	0.5452664531665734
183	160	0.5239216925736639
183	165	0.4989146076891276
183	182	0.484095843041197
183	170	0.4579387896532555
183	65	0.4556835199642473
183	169	0.4272191513112863
183	63	0.38444060415775605
183	74	0.3770960860980262
183	185	0.3489169134844745
183	66	0.346939286037634
183	80	0.3447294871857057
183	171	0.342515860880249
183	62	0.3347249697664435
183	159	0.3309903127604141
183	164	0.3231227502155567
183	162	0.2664698674828761
183	86	0.2628244225283583
183	176	0.24142805159229985
183	67	0.2410513302335885
183	168	0.2297542443716729
183	76	0.22254297267536316
183	85	0.21993708973995008
183	64	0.2174042843201236
183	55	0.20834440552725994
183	84	0.19944068300487613
183	189	0.18550701139681736
183	187	0.18181587076485467
183	82	0.18003610226747555
183	191	0.1790489825963691
183	50	0.17448616413247034
183	54	0.1624382376124035
183	147	0.15196375428515738
139	141	0.6966490367112259
139	140	0.6402161864540334
139	39	0.4660872655507575
139	114	0.428754785661481
139	138	0.4053798070541937
139	34	0.3611954235066136
139	137	0.34995282973943426
139	166	0.346420196295453
139	24	0.3401481029514031
139	176	0.3278255261658435
139	113	0.3064022126549936
139	134	0.2982612662006385
139	2	0.2961097008032281
139	26	0.2570807084443724
139	145	0.24704191709128334
139	22	0.24070279828948904
139	165	0.19325860373134726
139	146	0.18237663850091893
139	31	0.1489143684896864
139	99	0.1488068060319904
139	104	0.14527486195127529
139	171	0.14483433033531656
141	140	0.6304363584361731
141	138	0.4732654929800592
141	114	0.4547083802878131
141	39	0.4429620947744949
141	24	0.3877167298635781
141	113	0.38211164484585547
141	34	0.374545575418839
141	134	0.3739522183956893
141	2	0.3645644919790215
141	137	0.3449585686590203
141	166	0.3398474064361913
141	26	0.3218056057514725
141	22	0.28001652194550153
141	145	0.2788180183679453
141	31	0.2516934719105277
141	176	0.23059709136130602
141	104	0.22339822830920766
141	23	0.2090139226008897
141	162	0.18947252880488044
141	58	0.16645654407718086
141	165	0.1633338282332629
141	99	0.16253559741247964
141	57	0.14731034599626525
141	174	0.14468747369342205
140	138	0.5885992069229384
140	137	0.4796734094740784
140	34	0.4770437135461577
140	114	0.3787161687613783
140	134	0.3721358508581514
140	2	0.3428159381039905
140	24	0.3319783437610572
140	39	0.32380323265933136
140	145	0.2929132844828541
140	22	0.2876019501451588
140	146	0.2709511051619124
140	26	0.26659063249402914
140	113	0.23498563217157406
140	104	0.2218870445671812
140	31	0.21905189519694007
140	144	0.2081339455101478
140	166	0.1863758945305473
60	62	0.5756952716032103
60	182	0.4771518464250269
60	65	0.474939981334387
60	166	0.4654686553995569
60	174	0.4597860901891648
60	164	0.440692593312771
60	67	0.4324204503994076
60	165	0.4173592710639047
60	66	0.4140256628296444
60	168	0.3816760247389653
60	80	0.3783906237830349
60	50	0.3671975276403072
60	159	0.3648072531568205
60	169	0.36411351830677785
60	171	0.3558533953661248
60	63	0.3505669523112454
60	167	0.35042660799051856
60	170	0.34439460193214
60	82	0.29837058711342057
60	160	0.2936810249204577
60	74	0.2799612255716877
60	64	0.2658845031915685
60	147	0.2522085582723674
60	189	0.247276645162275
60	84	0.24468364430632425
60	86	0.2424354233461252
60	55	0.21743286619501515
60	153	0.20324014710347896
60	7	0.20112048597767074
60	85	0.1939804872973994
60	76	0.1911109697526896
60	54	0.18299527901559087
60	145	0.1727016127835911
60	47	0.1718574346454122
60	135	0.17177009144270178
60	162	0.15210051835705207
60	20	0.14910992756493913
62	67	0.5528593312395855
62	34	0.5103478402124918
62	50	0.4960701585681696
62	166	0.4541529353804906
62	171	0.4239928511981072
62	165	0.3974863008143605
62	164	0.3908390675387203
62	65	0.3796152136906802
62	145	0.378193537910916
62	182	0.33339236288878105
62	66	0.3325743706544111
62	174	0.32243297313223945
62	137	0.29913561418766765
62	169	0.28964618149774257
62	170	0.2790393460762911
62	47	0.27005208122644003
62	168	0.2373556315350528
62	153	0.2367138376804309
62	144	0.2288352432522493
62	63	0.21008474224076346
62	189	0.20948246803473405
62	24	0.2062389401287073
62	64	0.19369175903260205
62	147	0.18033603748870844
62	159	0.1710227115622479
62	146	0.1683810458708147
62	138	0.15867774907786347
62	7	0.15755650038960678
62	114	0.15667871780202422
62	82	0.15226658118504482
62	124	0.15215912974803128
67	66	0.5103922115586688
67	171	0.5659811931232924
67	50	0.5376043651361423
67	169	0.4530250907367103
67	164	0.4418843843831633
67	65	0.4082088203296306
67	182	0.4069746946074917
67	47	0.4063236782343096
67	34	0.379135812145307
67	170	0.3740038268219836
67	153	0.3451083304847059
67	166	0.3237942811156811
67	147	0.3187723469238292
67	189	0.3173881568522517
67	168	0.3143003293051713
67	165	0.3062753507381432
67	7	0.2917518167455767
67	64	0.2760951181330913
67	174	0.2680113139477492
67	145	0.2628523500078369
67	31	0.2558475301334789
67	135	0.22435760568045449
67	86	0.220412851219784
67	159	0.21145121688494292
67	137	0.1894821697882214
67	192	0.1822026198130373
67	82	0.17453464143842531
67	63	0.1723426254242369
67	114	0.16956621216471293
67	146	0.15868749727611434
67	80	0.15389744582759707
67	158	0.1538193396200426
67	160	0.1501950680302288
67	191	0.14668417526358898
65	64	0.6200030239700439
65	86	0.5753809563514473
65	169	0.5040941454777392
65	160	0.5277489764380251
65	84	0.5008199429727994
65	63	0.4413853100382327
65	171	0.3984625756148436
65	170	0.3984121007536135
65	189	0.3807102231499835
65	166	0.33686322238477
65	74	0.32639672927230323
65	167	0.31357917588961365
65	164	0.28113126850744674
65	182	0.2720996846924779
65	82	0.268707301369571
65	165	0.2518807925577928
65	66	0.2414657197283501
65	47	0.23911006684692204
65	146	0.231060983148765
65	191	0.21013253495875145
65	168	0.20939641587398586
65	174	0.20756943490046725
65	135	0.2025018377569302
65	159	0.198902897885784
65	153	0.19439427253273955
65	7	0.14637104577543938
22	26	0.6254090026460288
22	24	0.5219164012406202
22	23	0.5014265320703093
22	31	0.4650847317890124
22	138	0.4588313574289311
22	34	0.4529456103095962
22	39	0.4346130190663422
22	137	0.3380860551225145
22	134	0.2714235984337262
22	2	0.2675843031633817
22	146	0.249594194975722
22	27	0.2480275798597912
22	57	0.2447588532271091
22	25	0.21353278273594167
22	104	0.1727016127835911
23	26	0.5223455549705939
23	25	0.4854651706874925
23	24	0.3796580074928624
23	27	0.3374216134037389
23	138	0.3160206157305867
23	39	0.2257626403377433
23	137	0.2115562961625302
23	34	0.1812549847468204
23	31	0.16934281657724393
23	144	0.1672439944305277
23	166	0.15621046576861825
23	145	0.15334089718814964
166	165	0.6559604983931507
166	171	0.5367079216275926
166	170	0.5059862770200068
166	174	0.4448971461301127
166	182	0.4283792737332651
166	167	0.4105395737882768
166	137	0.3932848357128539
166	169	0.3882688798645513
166	160	0.3862798377243332
166	176	0.3768901958182348
166	66	0.31003126619668736
166	145	0.3080323236804931
166	114	0.2772863584135615
166	34	0.2740800866642828
166	63	0.23090005298916824
166	164	0.2303035546429565
166	50	0.22799167702745504
166	162	0.1873506273819288
166	189	0.17141098547292913
166	74	0.17078001338254645
166	191	0.17031397480532856
166	159	0.166602384267519
166	80	0.16454050257737227
166	86	0.16164950681430715
166	185	0.15430747184265628
166	85	0.15127984673428246
174	50	0.4804275698688112
174	165	0.3688747527355789
174	182	0.3488729998690268
174	171	0.33325902879204045
174	160	0.3175140483236291
174	145	0.3147418567699122
174	176	0.30889193215724714
174	66	0.3033908496829064
174	170	0.28077205270896144
174	164	0.25276094660865217
174	169	0.19517354046139698
174	167	0.18802596852340614
174	124	0.17326425737082218
174	55	0.17298294918975465
174	113	0.17208063277417324
174	27	0.16573695932962115
174	34	0.16387883867976186
167	63	0.4868702693543091
167	162	0.33812148255616803
167	185	0.5378958033157533
167	187	0.516151993682891
167	76	0.38674767162185103
167	74	0.3854627786149231
167	159	0.35745061755399005
167	160	0.3424099345807795
167	170	0.3065653048414414
167	169	0.3028459781674745
167	55	0.27066383953771395
167	66	0.2651316038078822
167	184	0.25989891858234154
167	86	0.25753826642895983
167	80	0.2524613665785574
167	165	0.24742685589973726
167	54	0.2437150667322669
167	75	0.2354768586144868
167	30	0.22216274899907373
167	147	0.22080289740149708
167	85	0.2149925424244388
167	188	0.21011341799205707
167	161	0.2078373555023843
167	158	0.2042369772246616
167	186	0.2008709897937751
167	84	0.1924498456958798
167	135	0.187418169478004
167	73	0.17387527767634134
167	189	0.17335155416403986
167	182	0.172410545466102
167	134	0.1697021835579199
167	59	0.16942052136521624
167	4	0.161892964329775
167	191	0.1601980928430257
167	168	0.15882396880228644
167	107	0.15818054998511658
167	82	0.15103555889842218
167	163	0.14988227174586602
176	113	0.4435567003501572
176	182	0.34241876210491984
176	50	0.3208550542398792
176	170	0.29620093000604786
176	171	0.2917609655276589
176	114	0.25944195867431585
176	192	0.2466381169960686
176	160	0.21705174388845624
176	116	0.2120434179690298
176	66	0.20089977914564186
176	47	0.19966152425590547
176	165	0.19875882794289326
176	83	0.1955678908714588
176	161	0.1932393506346916
176	191	0.18652068008567144
176	145	0.18271497545704385
176	15	0.18215427926242214
176	85	0.1809067892545001
176	99	0.1745249460449144
176	135	0.17149833976974485
176	75	0.17090621902420713
176	77	0.1579367956224934
176	184	0.15033190695379592
176	153	0.14639061722848207
113	2	0.31250579081321644
113	104	0.29284928904425644
113	114	0.2722200554629362
113	99	0.2663212221370678
113	82	0.2298773783815413
113	135	0.22552536914338675
113	107	0.21092574721618448
113	116	0.20678463125499352
113	83	0.20182085492811264
113	184	0.2012260342026881
113	59	0.19966152425590547
113	145	0.1975963500731462
113	50	0.18777514824612754
113	30	0.18329488095565
113	134	0.1831885744841536
113	77	0.17594980480220992
113	73	0.17412740579339134
113	15	0.1680117960893267
113	186	0.16704958204099352
113	84	0.16318782634821768
113	161	0.1625745404464567
113	182	0.14745708770197336
113	124	0.14491265126900515
165	137	0.5164746987060792
165	171	0.4419004790047388
165	164	0.4373020194455655
165	182	0.3358255817847832
165	169	0.32291674882122223
165	145	0.31014876594012564
165	170	0.3052691321670787
165	168	0.27116420654262274
165	189	0.2512250878068503
165	34	0.2498942358772781
165	124	0.2344281337097496
165	20	0.2177567680399433
165	150	0.2139049691849805
165	66	0.20509927702110786
165	50	0.2000647472345952
165	63	0.17409831525203973
165	160	0.16735091570217894
165	86	0.1654451854529662
165	153	0.16241876527276575
165	138	0.15453198738743004
165	121	0.14688965051924785
24	26	0.6715933705112518
24	39	0.6330502660646365
24	138	0.4678544446847917
24	34	0.4446805621558972
24	27	0.3776792394812967
24	145	0.3228002997129075
24	50	0.2466193335106317
24	31	0.21377137093204496
24	144	0.1792812785605831
24	114	0.15506880763323672
24	146	0.14957922173037702
24	57	0.14625361465134604
26	39	0.5373483622442525
26	27	0.4886307177562207
26	138	0.4249274613185344
26	31	0.4239026216834029
26	34	0.381077838628864
26	25	0.2714791772823477
26	145	0.2489376884643173
26	144	0.2367043979924957
26	114	0.22600937396920145
26	50	0.2147922399606333
26	137	0.2049172624159485
26	2	0.17836165689783604
26	7	0.14696792347372753
26	47	0.1469190030928085
39	34	0.3440684452136575
39	27	0.3171453345649141
39	145	0.2845260930198051
39	114	0.2825029310853849
39	138	0.2559596717349613
39	31	0.2534816123719606
39	57	0.24744563140584305
39	50	0.22282809601874431
191	160	0.5421813467488135
191	192	0.4716808849627913
191	170	0.4587681972078396
191	64	0.3518643903640468
191	135	0.3251363641661693
191	185	0.3173521858052839
191	182	0.29104720031791
191	80	0.2680670032482964
191	76	0.2554269378198957
191	188	0.22953637387542586
191	47	0.22192507487520174
191	83	0.22112629677784865
191	159	0.2173757020724004
191	7	0.21573636454017708
191	77	0.2155265938668023
191	171	0.21299825277321213
191	147	0.2096163205016772
191	75	0.1993158507252017
191	184	0.1898966974862143
191	84	0.18758219290351646
191	116	0.18572908696189552
191	169	0.18299527901559087
191	114	0.18170950490918844
191	168	0.1753198557622873
191	99	0.15137755669659916
191	161	0.15068375201131295
192	80	0.3887528436523831
192	182	0.3646425277642009
192	83	0.3632805028910385
192	159	0.317451103986694
192	168	0.3168574913347708
192	170	0.29714939310044475
192	153	0.2930412674867971
192	147	0.29068104109871745
192	85	0.2705711629210053
192	66	0.2702745640521224
192	50	0.26176285233260466
192	188	0.2580610484410846
192	47	0.2490127293718974
192	171	0.2334923238134887
192	76	0.20739718377925012
192	189	0.18862397939880485
192	164	0.18627936632922226
192	135	0.18358478590150973
192	75	0.18024896297348053
192	77	0.17844879233959615
192	7	0.17244935618257876
192	148	0.15822929854520254
192	169	0.1538291030011319
192	15	0.14896325935116092
192	160	0.1462438285382318
2	104	0.6640870822259999
2	134	0.6405524339568174
2	31	0.5032881467680475
2	30	0.37411563713295853
2	107	0.3434158826736936
2	114	0.30247353537475685
2	99	0.2798690608205216
2	34	0.2306728359623421
2	138	0.2224099020827392
2	137	0.20975016511270575
2	186	0.17420497908433913
2	4	0.16517283703426694
2	135	0.15806355029519634
104	134	0.6165561076584953
104	107	0.4303042432901254
104	31	0.31653359792379704
104	30	0.24866564012434314
104	4	0.2413150428193153
104	138	0.20863136536531374
104	73	0.2022716682536409
104	137	0.18131301291350735
104	74	0.18018123639726166
104	158	0.1561129044158946
134	31	0.4756134587373914
134	30	0.4421177285497335
134	137	0.40206526136674986
134	99	0.31806244478598683
134	138	0.31070901893668895
134	114	0.3037993731778484
134	146	0.281950722294932
134	34	0.2347966669427362
134	86	0.23314246551059306
134	107	0.2218870445671812
134	74	0.1739237656241488
134	189	0.16836161284890644
134	4	0.16168846133988504
134	158	0.14717338121979934
134	135	0.14646890189447884
134	73	0.14642975979074455
31	30	0.4461955569638103
31	7	0.4013440367302781
31	34	0.3833833659843511
31	114	0.2887114784827405
31	138	0.2640063000176922
31	77	0.2503442072470197
31	137	0.2480932724815072
31	135	0.239317477735594
31	27	0.22230534080315972
31	147	0.20379612369972272
31	99	0.1832368961388235
31	145	0.17344854740619045
31	116	0.17031397480532856
31	47	0.16529928764975552
31	146	0.16477399569383402
31	148	0.1630515514730655
31	161	0.1609774620508313
31	186	0.15489313107190028
31	159	0.1510844179424062
31	188	0.14559788187452705
75	76	0.6618564246055952
75	184	0.5750865496639755
75	77	0.5264779906187325
75	185	0.5251032573578165
75	187	0.4486110414947897
75	56	0.44045082434482624
75	73	0.4396041298574367
75	161	0.4316965908370092
75	15	0.4142327870742705
75	83	0.3538255102257197
75	80	0.3354883947234423
75	186	0.3062662887562935
75	116	0.304507215935261
75	163	0.2909373614989811
75	58	0.28527953388455424
75	85	0.25991756753644457
75	59	0.25435165179699776
75	99	0.2192708479032764
75	188	0.20891828928432307
75	30	0.1806939807868718
75	7	0.17346794565092394
75	135	0.16916797310771953
75	162	0.16220456119042265
76	77	0.6422593668497835
76	187	0.5184736583627487
76	80	0.44278524493486704
76	185	0.4406442446321228
76	15	0.4029116443356081
76	184	0.3781678285297936
76	73	0.32762915531306164
76	116	0.3036904444943725
76	7	0.28638149482038633
76	56	0.2814259508543308
76	85	0.27216450078113275
76	186	0.2652896465725499
76	107	0.26268477852568906
76	135	0.2607845295795605
76	55	0.2606260840137086
76	147	0.2570246730095411
76	188	0.2514873974158158
76	82	0.24972546877103635
76	83	0.2415316372154993
76	74	0.22627505468289125
76	161	0.22393971244161065
76	63	0.2239017180610852
76	159	0.22125944709747572
76	30	0.20864093007489232
76	84	0.1945193567836837
76	66	0.19172751927994186
76	160	0.1831499165230592
76	4	0.1639761514573103
184	161	0.5176396147795148
184	73	0.4847693290283733
184	59	0.3920330239791192
184	163	0.4728230424012216
184	185	0.4551286963073276
184	56	0.3497597576142685
184	99	0.3182242260526805
184	186	0.3173971494712888
184	187	0.31608362350459124
184	80	0.3129568903553693
184	77	0.3095250052100081
184	58	0.3076340186437037
184	54	0.2882347511999175
184	30	0.2809746969403599
184	116	0.2752635173796373
184	83	0.25826638576902833
184	82	0.2495660636829532
184	84	0.23500452771782135
184	162	0.2315910165704916
184	159	0.2218680291600092
184	85	0.21772819039356345
184	15	0.20247306779198854
184	188	0.19337411918532013
184	7	0.18025863805915446
184	182	0.16421941943514384
184	57	0.15781978668922253
184	135	0.15580068762586527
77	116	0.5506056192781897
77	15	0.54148199259892
77	187	0.3240717520070017
77	186	0.3189699775828033
77	7	0.27482907310777754
77	30	0.2746719060396004
77	147	0.2655778055002501
77	135	0.2520119057827375
77	161	0.24880635968438305
77	185	0.24039189309122144
77	59	0.2342674699218769
77	56	0.2274038217335602
77	188	0.22028916331361603
77	80	0.2141912242062288
77	159	0.19703893195644195
77	83	0.17991998931926456
77	99	0.17550400958591852
77	73	0.16826444577657795
77	163	0.16571750863994356
77	82	0.15431723371963396
77	85	0.14862100803955414
77	107	0.14518676023030266
187	186	0.4800659692511196
187	185	0.4755979827534245
187	161	0.3564122237698399
187	147	0.34249820710161644
187	55	0.30655624463652764
187	56	0.29517885455479737
187	159	0.28755608522974146
187	188	0.28577550984805294
187	135	0.27221079647531765
187	116	0.2605608376403685
187	158	0.25665105929130394
187	80	0.2473048105811497
187	30	0.2270529258497101
187	54	0.22423414580383835
187	15	0.222856606257338
187	73	0.22104069579002444
187	99	0.211699578204656
187	82	0.1987684328730854
187	168	0.19097607942089415
187	85	0.1902436918776543
187	162	0.18692603652182424
187	58	0.1714498099376732
187	59	0.16923596905619814
187	163	0.16454050257737227
187	63	0.1509769270715662
187	83	0.14504970853281365
50	66	0.45796249808948597
50	182	0.4419407143140379
50	171	0.41892706729599605
50	164	0.41548290509508295
50	145	0.3936651655442011
50	47	0.3908305950573738
50	168	0.31041084660588597
50	144	0.29935412278842105
50	153	0.2985345538042332
50	34	0.2971858607564988
50	27	0.254145873133296
50	170	0.2501004861665763
50	169	0.21162316224755387
50	124	0.2115849532986503
50	147	0.20280869562371154
50	85	0.1932682302238637
50	189	0.17004208376452154
50	159	0.16318782634821768
50	7	0.15135801494073153
148	144	0.34593610793419416
148	47	0.3341210201404204
148	124	0.3034362466938331
148	121	0.30261888990063657
148	153	0.2964198580408147
148	147	0.2873726123808715
148	146	0.28363437363825
148	135	0.28119573480338783
148	116	0.2583037173223083
148	150	0.2582103869929005
148	164	0.2540149110919432
148	168	0.22429112817999766
148	138	0.21993708973995008
148	137	0.1913614612156944
148	186	0.18494691064984714
148	27	0.18467647415305655
148	20	0.1802296126974988
148	188	0.1788553873739786
148	182	0.16840047876183736
148	82	0.16477399569383402
148	7	0.15467840197220253
148	15	0.1459306578155134
137	138	0.5069751015861858
137	34	0.4691968761094332
137	171	0.3898897381743828
137	146	0.3735306629132449
137	145	0.3238390382542143
137	114	0.2690134470189223
137	144	0.25862100436936797
137	169	0.23538240132564545
137	150	0.2348061156258027
137	164	0.21934700019089665
137	124	0.21818538790580472
137	20	0.2134468847478276
137	189	0.1955678908714588
137	153	0.16729259549639172
137	86	0.1534678379109604
160	170	0.6527985322044684
160	64	0.40862541804498576
160	171	0.3696088640871836
160	182	0.3656998405882173
160	185	0.3654139390989569
160	169	0.3386085125603091
160	135	0.2935348178186888
160	86	0.28022847416314645
160	66	0.26812269075745665
160	84	0.2616324403249945
160	74	0.2529855998332128
160	85	0.2354390762326696
160	63	0.21627023636582068
160	168	0.20958763849137396
160	107	0.1931527098583059
160	159	0.17246876134003905
160	83	0.17181861577769414
160	7	0.1715565744696131
160	80	0.1623992928066208
170	171	0.5992845251505388
170	182	0.561759327923743
170	66	0.4933436567806063
170	169	0.4930106752254077
170	135	0.35876697192525125
170	168	0.3382454710269395
170	153	0.3336678777600775
170	189	0.3107632255204086
170	159	0.307480099172742
170	85	0.30123745438346977
170	86	0.2975231454624381
170	147	0.282944563370594
170	84	0.27806159197477376
170	114	0.26631193138225856
170	47	0.25952589880241306
170	64	0.2468259416564691
170	145	0.2403636265352463
170	7	0.2340406286716574
170	188	0.2276408801270905
170	164	0.22172540822797965
170	80	0.21948977852615195
170	74	0.2130364377176313
170	185	0.21211981967994006
170	83	0.1675550271968598
171	182	0.485709716231051
171	169	0.4793961927843157
171	66	0.4132713685444387
171	164	0.40405024033007897
171	153	0.39833638393701576
171	168	0.3651106348916977
171	47	0.3641221924886516
171	145	0.3074076609119416
171	86	0.2967846688735916
171	146	0.2827329628579122
171	189	0.2785689892884612
171	135	0.2672686189171772
171	34	0.2641365372974537
171	147	0.2364872728391609
171	114	0.21809967066054825
171	144	0.19994954757783168
171	159	0.19727921403002865
171	64	0.18562287927479149
171	124	0.16290553577421332
182	164	0.4812348111777361
182	168	0.4765646657578364
182	135	0.4648103934762286
182	66	0.4595179253825944
182	80	0.43829626749740896
182	153	0.4347508978369712
182	147	0.4312164221417422
182	169	0.3964922695654502
182	47	0.39559853276588297
182	159	0.38717280249648295
182	189	0.3684254222510764
182	7	0.3578866541148898
182	85	0.31388571035019425
182	82	0.2589755532755782
182	86	0.2564081692281203
182	84	0.2387423302864423
182	144	0.22286610958548944
182	185	0.218385381718028
182	145	0.2164704049806914
182	83	0.2119383613842537
182	146	0.1997767377279966
182	188	0.19439427253273955
182	186	0.19263280198460486
182	74	0.18285029812787687
182	59	0.1820672640524706
182	124	0.16858508469591066
114	34	0.3709722218506771
114	99	0.3265486099231415
114	30	0.27317346093225364
114	145	0.2710066993879633
114	135	0.25858367937622284
114	138	0.2309189866050409
114	146	0.15918461432290792
27	25	0.4998753813982682
27	145	0.3676732727981232
27	144	0.3296183285744594
27	34	0.18285996376788768
27	138	0.17673461652933473
107	4	0.6402987963019953
107	74	0.223151189725686
107	86	0.21662290218781172
107	25	0.19053281756898907
107	66	0.17355523608636486
107	73	0.1624479737347776
4	74	0.213933596341192
4	158	0.17794530452981897
4	185	0.17717052602567096
4	63	0.1748642646693341
4	57	0.16391776417362786
4	73	0.1621850873336437
4	162	0.1506544330465786
47	153	0.6412300809456506
47	168	0.473079227081305
47	82	0.3784763025943267
47	164	0.362855093833758
47	7	0.3168844791181298
47	84	0.31477789381874216
47	189	0.30747104458501506
47	147	0.2984161351835097
47	159	0.2968029071425388
47	146	0.2963377636768421
47	169	0.2815916863550856
47	66	0.2731364454773981
47	144	0.24234129855797
47	86	0.2248039005091053
47	135	0.2096258810916181
47	34	0.2022716682536409
47	186	0.1919105283171312
47	64	0.19073518589041505
47	124	0.17655054502419554
47	116	0.16153264021546312
47	145	0.15813180065391708
47	80	0.1510941896626289
47	54	0.14710489671466426
153	189	0.6212879532427322
153	168	0.5795202103580498
153	146	0.4975012453549206
153	159	0.4279546037503617
153	169	0.4099074691706194
153	164	0.36928073008682505
153	84	0.3484249935049528
153	82	0.3415003760174835
153	147	0.3366061055550214
153	7	0.2989170742100839
153	150	0.23109884723167096
153	144	0.2310704492351129
153	86	0.22890157659978366
153	188	0.2142007654069868
153	64	0.20944422303046464
153	66	0.20817221240197087
153	34	0.19415370812996416
153	124	0.18085842518039089
153	83	0.16376205913665096
153	80	0.15970114063337015
153	135	0.1565811710960613
153	145	0.14990182239334984
99	30	0.5562593161334869
99	161	0.3760920192655007
99	163	0.3470976101124573
99	73	0.2930047019855865
99	59	0.278033911291342
99	56	0.25567930482065176
99	188	0.23593963499865395
99	58	0.2294795343095051
99	54	0.2159365816088855
99	83	0.21389542671792744
99	135	0.20554946270624846
99	186	0.20424656007766087
99	7	0.19251725220168614
99	116	0.18590287199729635
99	159	0.1594380154966566
99	185	0.15189537006661766
99	63	0.1457055482879799
30	186	0.34805592750805203
30	7	0.3326277332468042
30	63	0.30288230909988845
30	161	0.2833952726102039
30	163	0.2753374541509919
30	135	0.2621633437193305
30	54	0.24841231846470904
30	59	0.2374405593279715
30	159	0.23167618769911744
30	185	0.22119287296847875
30	188	0.22102167288571414
30	73	0.20959719920155345
30	74	0.19312382893004146
30	116	0.18679092477491868
30	158	0.18058757020686453
30	57	0.17478670978545804
30	56	0.1645502318255935
116	15	0.5037285695521797
116	186	0.4139345145763062
116	188	0.3581656356410605
116	135	0.30527820024696584
116	161	0.25283583404651244
116	185	0.2339555566313871
116	147	0.2170326860349185
116	59	0.20598998575496524
116	121	0.1934222490424281
116	73	0.1606267706903391
116	83	0.15443437389282727
116	58	0.1474668702516208
189	168	0.6057813389456372
189	84	0.501366643953443
189	146	0.5263478705226009
189	169	0.477939235571454
189	86	0.4644889121966001
189	159	0.4415624322177451
189	82	0.3374570587915107
189	164	0.3049335743012017
189	64	0.2849487983205737
189	74	0.2827605644859387
189	147	0.27693553880033395
189	150	0.27172925969058725
189	7	0.2537529590686832
189	66	0.2397699347555545
189	188	0.21433433792502102
189	63	0.20379612369972272
189	34	0.19012803235726608
189	80	0.15851202497578515
189	124	0.14780924129946765
138	34	0.537632803786441
138	146	0.4323716683805609
138	144	0.34011273049942464
138	150	0.2785597652695841
138	124	0.1863758945305473
138	145	0.18131301291350735
15	186	0.2981610484891466
15	185	0.2432447079715813
15	85	0.21827110178472228
15	147	0.20262650356511244
15	121	0.1803070129642846
15	59	0.17951355453542509
15	161	0.16540628007989427
15	56	0.16427780077876958
15	25	0.16317809263500044
15	135	0.1529795766740872
15	80	0.1491685930137828
15	83	0.14760382291639368
186	159	0.33478712545361083
186	185	0.3264860728733716
186	161	0.3194908708867575
186	188	0.3029549683237047
186	147	0.2889406233593257
186	54	0.2798967107876261
186	59	0.2674357530221875
186	80	0.2572207894679043
186	82	0.24637513134251265
186	158	0.2456893196333633
186	168	0.2448622606840184
186	135	0.2161081817878663
186	163	0.2029333452588928
186	7	0.1799006366736797
186	58	0.17975548739376254
186	56	0.1750678359135788
186	55	0.16217535035787767
186	73	0.14924681197865955
25	20	0.2590781728347176
25	124	0.2315247699045775
25	121	0.18353647062673328
159	168	0.6286192402421573
159	54	0.4551683382986741
159	158	0.33806834104635264
159	82	0.5146465492687836
159	169	0.4363633740648203
159	80	0.3904662157215111
159	147	0.37993184934946495
159	7	0.3559931263468944
159	84	0.3440772613523737
159	66	0.329422216969745
159	188	0.317864686969456
159	86	0.2967846688735916
159	83	0.287473525058497
159	185	0.2855642795256201
159	74	0.28098390744667723
159	55	0.2808365331353643
159	85	0.2786427795893052
159	63	0.2579490364334766
159	164	0.2204223653805634
159	135	0.20215657511991705
159	59	0.18645311450110225
159	146	0.17188654844596546
159	161	0.16412211463930645
159	64	0.15148503423838616
168	82	0.5690251343830394
168	169	0.4541291227027212
168	147	0.43638766135704377
168	164	0.4184074951664129
168	66	0.3519958121442835
168	84	0.3393785350450089
168	80	0.3012556393938288
168	146	0.29627390947729026
168	7	0.2878587692902913
168	86	0.26199570714185344
168	188	0.25456675941378226
168	135	0.2544451799415049
168	54	0.21955640519897054
168	83	0.20821047865651102
168	85	0.20259773511524196
168	64	0.2024634777260034
168	74	0.19848026836530008
168	150	0.1843963497245464
168	144	0.1807423478341152
168	124	0.15949648970835856
168	145	0.1491588155118896
54	82	0.37862194168938657
54	59	0.3583399666263516
54	58	0.3142282302682252
54	63	0.29935412278842105
54	158	0.2623682113839573
54	161	0.253631325830296
54	84	0.2083731031261424
54	169	0.20508969765859536
54	73	0.19756752123178747
54	55	0.19387462416617413
54	64	0.1922572456739006
54	163	0.18641450480372326
54	7	0.17784846926014405
54	74	0.17642459424648016
54	80	0.16703014008729794
54	188	0.16281792292913705
54	147	0.15478576835008687
158	55	0.3855138625401827
158	169	0.2484404669945284
158	58	0.2424542477561587
158	162	0.19897973167400004
158	56	0.1983938123186735
82	84	0.5012768027700698
82	7	0.3567089977063864
82	64	0.3486358398752458
82	74	0.31539938999868083
82	169	0.31490401634269544
82	147	0.3068733187473193
82	164	0.3042531571808136
82	59	0.2906444204916464
82	80	0.28597753026240025
82	83	0.2581917203485836
82	86	0.24583025995190935
82	73	0.24168229738685784
82	121	0.23439033161728975
82	63	0.216556185959985
82	185	0.20752158865745146
82	135	0.2061144662771876
82	146	0.18298561387062587
82	55	0.1674772721297366
82	66	0.165240926502272
82	188	0.1560836354159931
82	85	0.1457740614815992
84	86	0.4551286963073276
84	64	0.3907119733651755
84	74	0.3434423443670105
84	169	0.3183410565532978
84	146	0.2832573136787829
84	59	0.2823188822701874
84	7	0.2820335655336321
84	80	0.2619863935349581
84	73	0.25825705276018474
84	63	0.2441288876347796
84	56	0.1868295288524793
84	147	0.1598570559353723
84	66	0.1575467486147507
84	185	0.15420008920794095
84	188	0.15398531301218674
84	135	0.15225681302128896
84	161	0.1512016766357666
64	169	0.4077587037510781
64	164	0.2292995320261382
64	63	0.2284371985580523
64	86	0.21536448471991532
64	146	0.2086600593743126
64	74	0.19810560320507828
64	7	0.18598010605826354
64	163	0.16688432129512626
64	55	0.15146549313349705
64	83	0.14851343598380998
64	135	0.14453081958262382
86	66	0.3761521165187688
86	169	0.3712567722769507
86	146	0.3428247628460635
86	74	0.3420038031393605
86	63	0.3234988476617561
86	7	0.26504792834051755
86	135	0.2337854018041109
86	80	0.21024723338410664
86	59	0.18492759468559636
86	150	0.16006168266459894
169	66	0.38209456490151134
169	164	0.2954070550710073
169	63	0.2395908496273623
169	74	0.2362606822781749
169	80	0.2304740004244366
169	147	0.2220296547405272
169	83	0.2085739762697896
169	146	0.2075120192896908
169	7	0.16982843692385374
169	59	0.15935030208152734
169	188	0.15539085585088416
145	34	0.3942818584605061
145	144	0.3652926267222211
145	164	0.18438668972687192
145	146	0.14775055163335438
121	20	0.5623818376006638
121	150	0.4955724121726007
121	124	0.4415946325537278
121	164	0.4168058228555685
121	146	0.2375349192852475
121	147	0.19411521565754167
20	124	0.4707862553663671
20	150	0.36189085270241145
20	164	0.3242775814864594
20	144	0.2275839885723265
63	74	0.6067679309894378
63	185	0.2799888739908301
63	66	0.2784859712686846
63	55	0.2733307675897388
63	7	0.2461496861855445
63	162	0.2408064223833026
63	73	0.2182234833787696
63	57	0.2006502599054185
63	164	0.16383018109479336
63	85	0.1610748691081437
74	185	0.4066909690156156
74	73	0.3928367190187984
74	7	0.2773509750185254
74	80	0.22787791154006626
74	85	0.2193565190389521
74	66	0.2161272476505333
74	59	0.20195514870072773
74	57	0.20074623192673746
74	162	0.17336125363961202
74	55	0.15338972114223598
74	83	0.14492244125805293
34	144	0.3341299037421772
34	146	0.3018283549967933
34	7	0.18357512291750647
34	164	0.16241876527276575
66	85	0.5849272565350828
66	80	0.3857096623597264
66	7	0.3004098047751533
66	147	0.22973530002488066
66	164	0.2177091384219008
66	135	0.20433280399291864
66	188	0.19921021835858368
66	83	0.18297594869028916
57	162	0.5968759057925942
57	73	0.2934799866144189
57	58	0.18508211839772185
162	185	0.25123445664286564
162	73	0.21235855831019235
162	58	0.1955582733206497
162	163	0.16859480047022318
162	55	0.1494325745327068
85	83	0.4402493013909535
85	7	0.3399712310676225
85	185	0.2997728431700959
85	80	0.26904127574728465
85	135	0.2582477197031348
85	147	0.2109353022993217
85	188	0.21063907598613324
85	55	0.18633728368168512
83	7	0.3447206755395229
83	188	0.2944575196352142
83	55	0.2882622585838977
83	56	0.2821532205647111
83	147	0.28075362926441977
83	135	0.2798967107876261
83	185	0.23838395699342235
83	161	0.23734619488961295
83	163	0.2343525288159877
83	73	0.17801308716819786
83	58	0.16352848628392944
83	80	0.15660068068169922
164	124	0.3890838532283997
164	147	0.3694879833327073
164	150	0.328699924784642
164	146	0.30721749352706296
164	7	0.2635410883102736
164	144	0.2500254886864382
164	135	0.18473442718682692
161	56	0.5376256942385349
161	163	0.5114636925342507
161	58	0.4982383284138635
161	73	0.3990680856481893
161	185	0.35457761563934004
161	59	0.3248680520994066
161	188	0.2386291667929881
73	58	0.3815649571850761
73	185	0.36036907923428857
73	56	0.3253420346415043
73	59	0.3093712840967036
73	163	0.18233796866837146
73	7	0.1663787596640141
59	58	0.3119010964058867
59	185	0.26618185561967805
59	163	0.2461402920591013
59	188	0.2148590094571701
59	80	0.19054245452308147
59	7	0.16904169064565394
144	124	0.496914073462897
144	150	0.3628811436356074
144	146	0.24646905895752225
144	147	0.20627723843272572
80	185	0.3487324660048766
80	7	0.2378368410173949
80	135	0.21165181853473128
80	188	0.19142889696764329
80	147	0.16329489509649756
80	55	0.14794617980481034
7	147	0.5036837927472191
7	135	0.4738007717415997
7	188	0.2965840336275555
7	185	0.19865317119118145
7	55	0.1582195488948853
7	163	0.1484156401558033
146	150	0.5376754594685017
146	124	0.21632742925469656
150	124	0.5521298441508864
124	147	0.19317196362453845
185	56	0.24916280221710674
185	188	0.2352501536509605
185	55	0.21425801175311132
185	163	0.206889925272309
185	135	0.18449294774161304
185	58	0.163275428337379
135	147	0.5418564876326231
135	188	0.3847388359148954
147	188	0.4353751523150568
147	56	0.25673512907022195
188	163	0.16991583983488387
188	58	0.1450105498823543
56	163	0.4648495901301511
56	58	0.3782021075749846
163	58	0.2647968779898825
