74	75	0.8735804001585065
74	73	0.6311588714887236
74	14	0.6990754601527513
74	49	0.544556351001192
74	63	0.5418352955417329
74	57	0.5371562950638837
74	84	0.4983435672719455
74	76	0.478980188315248
74	17	0.4603221682901471
74	86	0.4514818859600766
74	46	0.43581269158335934
74	186	0.4183662475451321
74	48	0.37460575393380413
74	47	0.3462177817703642
74	164	0.3069095514531957
74	146	0.3057677943087297
74	82	0.30402628242461355
74	43	0.29627390947729026
74	152	0.2595072457794397
74	189	0.2569406166167853
74	12	0.24124911801231
74	165	0.21494485300149996
74	50	0.2127691294462872
74	180	0.2080669769163157
74	153	0.20750244988221492
74	92	0.19812481821234326
74	59	0.19082191020945447
74	112	0.18554563459615075
74	154	0.18198991480510548
74	64	0.16535764763960376
74	80	0.16303208312574996
74	15	0.1590481588465749
74	172	0.1516804387724886
74	148	0.14950101071013022
74	77	0.14596001881425774
74	175	0.14388454487225202
75	14	0.8087828938827835
75	73	0.6140331803057357
75	17	0.5582243359741711
75	46	0.551907356005667
75	49	0.5493081818136114
75	57	0.5181518635441179
75	48	0.4713853754960226
75	186	0.4641359259165296
75	43	0.4447527625939381
75	86	0.4210108395740957
75	152	0.4164504618377632
75	146	0.41554081958750494
75	164	0.3997740743395285
75	84	0.3756712499090658
75	15	0.3646858787651311
75	76	0.3611954235066136
75	63	0.34136786260649343
75	189	0.29704910257651
75	154	0.2955987174594024
75	59	0.29373584904167976
75	12	0.2783106973395177
75	148	0.2766400544784328
75	149	0.2693473621020604
75	176	0.2678349526814134
75	150	0.2664327073344246
75	112	0.25929272210146
75	116	0.2522647408727041
75	165	0.2353918472546625
75	153	0.2242626371836033
75	135	0.21615584613548205
75	72	0.2132750788718954
75	47	0.21288369403634685
75	180	0.20775124156479527
75	113	0.20678463125499352
75	147	0.2019263721028515
75	157	0.1989413150856003
75	64	0.1984898744020644
75	103	0.18529457355760987
75	45	0.1812453132629856
75	110	0.1727501210723248
75	39	0.17103241905796684
75	108	0.1706829283061481
75	82	0.16383991267556738
75	111	0.15691281742175986
75	115	0.15148503423838616
75	119	0.14924681197865955
75	139	0.1474277398799372
75	104	0.14217034482404306
75	7	0.14156282304381404
73	57	0.6518333998020076
73	14	0.5447392242839734
73	76	0.4817418026933203
73	84	0.4136610200154954
73	46	0.34563676114593833
73	63	0.32968963483459673
73	49	0.2874093086382981
73	17	0.2839561847180018
73	48	0.25300431970421866
73	112	0.2306823038409294
73	167	0.2281433546603957
73	86	0.22174442490051444
73	64	0.22154474142881814
73	162	0.20790433078223344
73	92	0.2058176171030696
73	180	0.2039782254029168
73	90	0.1984514500262205
73	12	0.1896171397179508
73	163	0.18720588835410926
73	78	0.1834011831404379
73	198	0.17907802068423812
73	91	0.16446266743913476
73	194	0.16440428974128654
73	85	0.16023706605610952
73	164	0.15745898125853602
73	182	0.15634704654143125
73	183	0.15497121075364895
73	66	0.153916972079017
73	65	0.15233495749831094
73	59	0.1459991664125938
73	186	0.14308142656112874
14	46	0.7148584265013787
14	17	0.7089103677004283
14	49	0.6617215361241812
14	48	0.5436200737989985
14	152	0.5856570071468027
14	15	0.5118770808275829
14	186	0.4945986038686698
14	57	0.4732499724376913
14	43	0.4630603710365034
14	154	0.4312082815826662
14	164	0.42802811785584177
14	146	0.4097909858654071
14	148	0.4018221134003498
14	86	0.3953285780248342
14	84	0.3661502119890627
14	149	0.35395672438694503
14	150	0.350680970479926
14	12	0.34075812617576545
14	115	0.336446490546469
14	116	0.33636667579156915
14	120	0.3319694458277256
14	157	0.3250827059387774
14	76	0.32296153433675184
14	112	0.3182332133574999
14	113	0.3173431929008433
14	189	0.3160746225647115
14	119	0.31384063585477795
14	103	0.3082042856707901
14	45	0.3047521601367138
14	59	0.2883906200846491
14	16	0.2843606564663785
14	20	0.28386424521911324
14	135	0.2818310524165494
14	18	0.2780246842942464
14	47	0.2764091709452701
14	153	0.2713865448622489
14	176	0.2524613665785574
14	63	0.2254684200743751
14	9	0.2243196187929779
14	72	0.22383522625761426
14	187	0.22135454941863705
14	111	0.21713750218160854
14	124	0.21572682994139766
14	147	0.21429617516619434
14	108	0.2115562961625302
14	109	0.21122193604184328
14	11	0.20869831749415935
14	31	0.20401656080545527
14	82	0.2008326034515491
14	53	0.19551980274127115
14	3	0.1892989848590798
14	139	0.18795844239828866
14	184	0.17355523608636486
14	39	0.15921385399102084
14	165	0.15605436614198553
14	110	0.15556650459877472
14	106	0.15468816270302407
14	13	0.1532432470341739
8	105	0.8330741503070718
8	107	0.7858169038423167
8	1	0.5879583575145736
8	102	0.5750530849287278
8	10	0.5208460039774622
8	6	0.4821333481273579
8	108	0.3864329688950665
8	13	0.2733307675897388
8	111	0.2580890503591484
8	55	0.2520868234721131
8	160	0.2499129868409779
8	92	0.2237687323704617
8	196	0.1945193567836837
8	77	0.19218020151696227
8	183	0.1859511435546742
8	81	0.18345916434270046
8	194	0.1809358072790127
8	90	0.1807810408425039
8	91	0.1780227702643683
8	69	0.1554103728638646
8	193	0.14389433783053862
8	195	0.14289531123971475
105	1	0.6697446923484551
105	102	0.6112972605898938
105	107	0.728052195035742
105	6	0.5210718705277465
105	108	0.50437752903549
105	10	0.4670651486439866
105	13	0.3705668327811388
105	111	0.3161556289750938
105	92	0.2600387810115964
105	160	0.2442229254473537
105	55	0.2299815629496568
105	69	0.21270229740018176
105	61	0.2017057399396506
105	2	0.17854560621449278
105	90	0.17726738536975678
105	196	0.17305085375035084
105	91	0.1617566305471244
105	77	0.16030526797679115
105	183	0.15978884397167553
105	36	0.15886295955243634
105	60	0.15612266068827418
105	194	0.15049806075991595
105	166	0.14876769153781202
107	102	0.5298236826519892
107	1	0.4668618429215434
107	10	0.4351319860187589
107	6	0.4276359771927319
107	183	0.34730867810549065
107	196	0.3208102009186373
107	166	0.3063206598147292
107	92	0.3018192659729192
107	194	0.27508790449794485
107	160	0.26261029722406914
107	55	0.2529387993269452
107	91	0.2490127293718974
107	108	0.24841231846470904
107	169	0.2308148495538877
107	81	0.2226570265840257
107	2	0.21745192057112567
107	171	0.21623210694859615
107	4	0.21592704787437175
107	69	0.2144202017397112
107	180	0.2041219799359536
107	61	0.2033072546896248
107	173	0.18175785355266905
107	111	0.17485457042749325
107	162	0.16886682884370605
107	13	0.16788546296600054
107	90	0.1636647393444476
107	76	0.1571956642696063
107	136	0.15252054299609513
107	175	0.14559788187452705
107	195	0.14220953610487072
1	6	0.6301108706612742
1	10	0.5423648911116336
1	111	0.5122976077417793
1	13	0.5035121232563115
1	102	0.4769973664619162
1	108	0.4515376156861837
1	3	0.4115783617407297
1	0	0.3286285663995988
1	9	0.3096877511097508
1	103	0.2932606424896941
1	2	0.27571632896660725
1	110	0.2684382194568793
1	36	0.2382330435444072
1	92	0.22238138587741552
1	66	0.19224761528387094
1	69	0.18712869088169892
1	50	0.18497588432828796
1	140	0.1822219557866801
1	173	0.1739916473342635
1	126	0.1726531036571042
1	137	0.16091901631099192
1	60	0.15483457004065168
1	169	0.14948145766271292
1	170	0.14784836716524766
1	47	0.1476918609266602
1	180	0.14620468379956109
1	82	0.14472663608814704
1	91	0.14352218561979976
1	51	0.14314019771883696
102	108	0.6030267684967394
102	13	0.5287510992791299
102	10	0.4107391038668523
102	103	0.3873768068692212
102	111	0.35849684315023145
102	6	0.3579128113483264
102	104	0.3170014202495794
102	9	0.2811128490996864
102	91	0.2489376884643173
102	110	0.2366288788803627
102	0	0.2017153330682452
102	12	0.20073663489796847
102	2	0.1961641054868315
102	195	0.18608629913937372
102	136	0.1752423136390248
102	196	0.16906111907810356
102	25	0.16645654407718086
102	160	0.16488100720214166
102	139	0.16041243933086075
102	36	0.15660068068169922
102	55	0.15542988975551958
102	71	0.14989204708426035
102	109	0.14855255350178334
102	77	0.1453727500503295
152	154	0.8251996194058178
152	46	0.6893677791576985
152	186	0.640056825637712
152	148	0.6143009837789343
152	184	0.5052419227476104
152	119	0.5898004383979865
152	115	0.5788290714783035
152	17	0.5319279205617874
152	116	0.5289599897022254
152	120	0.5202481988517177
152	157	0.5183274061860016
152	45	0.4743434506478709
152	48	0.4674637972249761
152	146	0.463123214715758
152	15	0.4507889511847944
152	49	0.44075705424309297
152	189	0.44029767094637295
152	151	0.4360394827460611
152	124	0.43328997118196294
152	121	0.41915790024479627
152	12	0.388820751238421
152	149	0.3878356780094887
152	164	0.3838694795030093
152	103	0.3803082731859291
152	43	0.3754736924869633
152	150	0.3638012056975792
152	147	0.362533766321226
152	18	0.3468425227007155
152	113	0.3383074608591867
152	31	0.3275845216251045
152	176	0.32187731919726503
152	135	0.31092583314198763
152	155	0.31081743008271634
152	112	0.3051875169568596
152	16	0.2982339347495768
152	44	0.2954435640264603
152	153	0.2918890428707656
152	117	0.28925220726487383
152	11	0.2867853575857886
152	20	0.2788180183679453
152	3	0.2717570443603646
152	0	0.2683918217880559
152	53	0.2550623462580631
152	156	0.2518245983446252
152	72	0.2268252861768528
152	125	0.2248798561994377
152	9	0.22391121672002368
152	188	0.22177294959305094
152	109	0.21904237501341411
152	142	0.21783297327144216
152	52	0.21579357126887505
152	108	0.21557427076734745
152	70	0.2026360929706819
152	111	0.19563521267373424
152	47	0.1891061443818834
152	104	0.18763043309707145
152	161	0.18215427926242214
152	22	0.17367161909154388
152	139	0.16978959032790375
152	126	0.16826444577657795
152	118	0.16556189848212616
152	106	0.15994475478835035
152	187	0.15898967606756034
152	130	0.1575467486147507
152	13	0.15005822335183192
152	80	0.1499115976731326
152	57	0.1428169438696135
154	119	0.6365964190150668
154	46	0.5658656389070131
154	120	0.5579833539445452
154	115	0.5571839976021489
154	186	0.5375688151032499
154	148	0.5228107786598283
154	17	0.4997178386960782
154	189	0.4966805838177321
154	157	0.4922533616400498
154	151	0.460928792849417
154	48	0.4395153832633326
154	116	0.4358936947826527
154	124	0.4310291715221961
154	146	0.42343493398587184
154	121	0.4198500739626444
154	184	0.4019478866670119
154	49	0.3929804749001458
154	45	0.3819579159496703
154	149	0.3767100112659652
154	12	0.3653966095192476
154	103	0.34895204327366003
154	18	0.34002429515886584
154	155	0.3272006115667669
154	15	0.3271113146692856
154	43	0.3225584126459001
154	117	0.3219400654327983
154	113	0.3143724247164884
154	125	0.29919934910488943
154	16	0.29696704181812555
154	150	0.2867670023973376
154	53	0.2805970216333997
154	156	0.2805509577215958
154	164	0.2789471297990674
154	112	0.27546683566293384
154	3	0.26231234072920395
154	11	0.25802371187588885
154	147	0.2565202763602505
154	135	0.2550249481485482
154	9	0.2461778682873853
154	153	0.2455859567969103
154	176	0.245538971843116
154	20	0.2415033871367624
154	44	0.2368082321015748
154	109	0.2305686864153679
154	142	0.2269011688228867
154	111	0.21526912085256208
154	52	0.20641127751908692
154	0	0.2034031193563261
154	29	0.1970004846270659
154	108	0.1959910258414689
154	118	0.18430940846317376
154	31	0.1827246415917595
154	126	0.18040376015765
154	59	0.1750193679267185
154	80	0.166923207020461
154	161	0.15805380012064452
154	19	0.15268658406157504
154	104	0.14888503362331798
154	130	0.14447207242271634
154	82	0.1429442899362339
46	59	0.34743178485433623
46	148	0.6063064888250574
46	45	0.5545789494293298
46	164	0.5197812646861898
46	48	0.5189779955529351
46	17	0.5137785586191392
46	186	0.5033105474610604
46	49	0.4865192303834908
46	149	0.4646222241771624
46	146	0.42520602952345504
46	150	0.41132915000151415
46	157	0.3984289259755032
46	43	0.3737113484545663
46	15	0.3726957000488642
46	57	0.3611432501040263
46	135	0.32740597225324475
46	151	0.3272184702450929
46	120	0.3254940321686228
46	184	0.3220117719533707
46	115	0.3211779556605915
46	147	0.3106909496262944
46	12	0.3081590344675823
46	119	0.3025916369990032
46	189	0.3024008528353165
46	113	0.2938546280079858
46	176	0.2922183365375381
46	124	0.28167454780587897
46	103	0.27745251032844714
46	116	0.2742927956760937
46	72	0.26945865274424874
46	44	0.2692638893989344
46	112	0.2610827419405693
46	18	0.2548846984431507
46	155	0.2525362661263291
46	31	0.2507659572064089
46	142	0.2462436249061318
46	156	0.2441665033108855
46	82	0.23981705970947725
46	121	0.2308148495538877
46	22	0.21906141533875773
46	47	0.2159937831512659
46	144	0.21405764310470934
46	52	0.2067750588340368
46	20	0.2063442589439432
46	80	0.20562608139964095
46	11	0.20403572827210145
46	130	0.20219494011843256
46	16	0.19794226949701044
46	153	0.1931142018795826
46	117	0.18533319990813948
46	39	0.1747285421991476
46	123	0.1709450504012974
46	111	0.16678710471072733
46	0	0.16653432641873922
46	161	0.16612594602521122
46	114	0.1611722730275408
46	139	0.1608703106656398
46	104	0.1598765447874944
46	27	0.14216054693418315
186	189	0.5172222236108919
186	184	0.5022943697613221
186	116	0.49451550840381
186	119	0.4526117138946023
186	17	0.4173923029619946
186	115	0.4141665119822978
186	146	0.41077235505607423
186	49	0.4089585736799643
186	151	0.3707738576185809
186	48	0.3550321546418394
186	147	0.34574242099056124
186	148	0.3282895628407084
186	43	0.3073442745109617
186	57	0.288363114921183
186	120	0.28049567932155034
186	150	0.2759473081670961
186	188	0.2725626025547943
186	31	0.2655871001598575
186	15	0.2647689812898799
186	45	0.2515529690476038
186	47	0.223626238455516
186	82	0.2172423133213248
186	121	0.21430571591724165
186	12	0.20442862684514526
186	164	0.2006406624914296
186	149	0.1966736578736705
186	161	0.1920164748185598
186	153	0.19050390648637955
186	76	0.17952323226688932
186	18	0.17854560621449278
186	135	0.1780905509721307
186	103	0.17116832051060973
186	157	0.16005193884642568
186	16	0.15836579040920062
186	113	0.15823904816466627
186	80	0.15425866200590416
186	124	0.14575448642607114
186	20	0.14559788187452705
148	45	0.693407877484696
148	147	0.5735518904756506
148	157	0.5307652943633788
148	164	0.5565009705263669
148	135	0.4906757604436721
148	149	0.4489624212923745
148	184	0.4463317012547533
148	146	0.43630670124341264
148	31	0.4247881470251918
148	48	0.4192403274549861
148	142	0.411337458050644
148	43	0.4089918832504577
148	156	0.3938257088043273
148	80	0.39155898629861213
148	176	0.3837415755057965
148	151	0.3608301622134579
148	182	0.3568311778207374
148	116	0.3449585686590203
148	155	0.34392737874421664
148	150	0.34133252340467035
148	15	0.3318270708607524
148	44	0.3314265602248951
148	72	0.3289318136151942
148	17	0.32731668879741543
148	52	0.3213035082752204
148	49	0.31174762625985863
148	60	0.3069095514531957
148	119	0.3056046142392808
148	195	0.3041987103859616
148	115	0.2958816041613005
148	174	0.29342515347909165
148	189	0.2841952029763723
148	18	0.2727940141883561
148	120	0.2665627643881162
148	125	0.26435047763112857
148	38	0.2639504810931532
148	22	0.2596191610124914
148	124	0.2554362853668136
148	59	0.2273848558972674
148	134	0.22236237486247976
148	117	0.22179196584387914
148	159	0.221715899828464
148	70	0.22161130465136636
148	153	0.21678491888794335
148	161	0.213370528209954
148	130	0.1996327200251093
148	33	0.19615449027153306
148	82	0.19526972931263487
148	173	0.19010875525734008
148	104	0.1900509230780748
148	121	0.1892411342484256
148	112	0.18815136946804825
148	113	0.18803561496761967
148	178	0.1818738867112401
148	144	0.17976516425601508
148	170	0.17672492886346036
148	126	0.17519384870783433
148	71	0.1688959732158752
148	180	0.1655035425470388
148	103	0.16348955569193285
148	23	0.15998373124598306
148	87	0.15252054299609513
148	12	0.14936413692354522
148	79	0.14191559063878234
184	151	0.4693138460199857
184	159	0.3465257910710384
184	147	0.4475960536358549
184	116	0.434150570985945
184	119	0.4169875862247566
184	161	0.35794768678579203
184	157	0.32887830432748444
184	115	0.3161556289750938
184	189	0.30175564126965365
184	45	0.2999275584453257
184	120	0.2994724685064002
184	146	0.2680577218225985
184	135	0.26541049318659776
184	155	0.2584810316640207
184	80	0.2544638849993224
184	150	0.23542018477488874
184	60	0.23000050503214176
184	164	0.2279632362390795
184	188	0.21993708973995008
184	117	0.21787107489126056
184	156	0.2171470306739698
184	176	0.21583170826504988
184	99	0.2147445462337783
184	23	0.20707178546753852
184	43	0.206133616534778
184	195	0.2020222927396661
184	48	0.20034312356384235
184	82	0.19904695923215251
184	121	0.19676017509453456
184	103	0.1935377569008879
184	12	0.19261354405834127
184	44	0.1907930024340185
184	31	0.19062918545708624
184	118	0.1854394194188022
184	0	0.17574629853585513
184	52	0.170896511096973
184	22	0.16884739909820548
184	178	0.1610261659716146
184	16	0.1491490379808283
184	149	0.14792661750837197
184	108	0.14618511125852304
184	72	0.1447755884439111
184	70	0.14273857470874166
119	120	0.6898607453087772
119	115	0.6637235829446343
119	116	0.5391737671836256
119	121	0.5211301468267905
119	189	0.4754973816814104
119	17	0.4612831144244082
119	151	0.4209532453857381
119	117	0.4167314555045191
119	16	0.4024927288741296
119	18	0.393606011972608
119	124	0.36834763602828696
119	146	0.3601863372409028
119	118	0.3363844128214322
119	149	0.3279058515338785
119	15	0.31581357056201337
119	157	0.2938546280079858
119	147	0.2882989343557996
119	161	0.2882255819662069
119	48	0.2875193923477967
119	49	0.26369927405782545
119	53	0.2606633665867895
119	135	0.2539213610734508
119	44	0.23142066366274694
119	20	0.2309757864033011
119	43	0.22561078985705615
119	12	0.2245855126837836
119	23	0.2147922399606333
119	103	0.20779908303888053
119	112	0.20504180025667634
119	188	0.19622179598637704
119	125	0.1829082914376701
119	108	0.1806359391765568
119	45	0.1792812785605831
119	19	0.1788360270897192
119	109	0.17726738536975678
119	9	0.16554244663256365
119	113	0.16317809263500044
119	11	0.1626718958152616
119	150	0.15941852384412067
119	77	0.15522495634408098
12	112	0.8197320190266408
12	113	0.802002603262265
12	103	0.7076495704870651
12	9	0.6917480097412316
12	109	0.6324866383152313
12	11	0.6189800823175212
12	13	0.6128731451138261
12	111	0.587977986317435
12	108	0.5760495082116559
12	110	0.5680844585149988
12	0	0.5612526418073042
12	139	0.5420048129773524
12	3	0.5381942164858317
12	106	0.4866566121779317
12	176	0.4725823112288489
12	70	0.4323228838306131
12	20	0.4196935535547331
12	104	0.40340574752316494
12	144	0.3712567722769507
12	150	0.3557223831197835
12	157	0.3480822929448846
12	17	0.3454078014158741
12	36	0.3347960045996905
12	5	0.31763093752594057
12	39	0.30912710556602857
12	142	0.30844861806463364
12	101	0.2980881587515386
12	52	0.2973226067442521
12	120	0.28577550984805294
12	141	0.28424116397756943
12	135	0.27938050154431376
12	48	0.264071419861291
12	7	0.2589009171963994
12	155	0.2404955336413761
12	124	0.2345887846923346
12	49	0.2276029525965688
12	121	0.22414866936475586
12	25	0.2227520668524218
12	53	0.21791870098213972
12	114	0.2151165301252756
12	164	0.2148017785830813
12	149	0.20711964103580496
12	64	0.19821128386039735
12	95	0.1934992548773785
12	79	0.18987741862811136
12	24	0.18901936140715614
12	63	0.18542010710274495
12	27	0.17855528741187215
12	156	0.17792593775152513
12	122	0.17744172353440438
12	115	0.16585366075928967
12	31	0.15305770349770548
12	45	0.15244240304410892
12	78	0.1484058604133114
12	30	0.1462438285382318
112	109	0.7103351352751777
112	176	0.6110278740626872
112	113	0.7997794680836848
112	11	0.6441179608081972
112	103	0.6380097680803736
112	106	0.6067489756640613
112	110	0.5787359699674897
112	9	0.5642864416544761
112	0	0.5420048129773524
112	139	0.5158364812144599
112	108	0.4679481728884337
112	111	0.4550018298107493
112	20	0.44219817818405455
112	3	0.43534273381143584
112	144	0.432989386880496
112	135	0.4255909764859331
112	104	0.4253862366261559
112	13	0.4114620705853795
112	70	0.4107307908988224
112	17	0.3785277067682518
112	39	0.3756798385879203
112	142	0.3723684365083623
112	7	0.3561852304551705
112	157	0.35414914662002656
112	101	0.35115447311053544
112	5	0.3499791554535524
112	149	0.3314176586310413
112	52	0.3279415501757289
112	150	0.3132725760585459
112	120	0.3056862065186905
112	121	0.3024371945446747
112	25	0.2831101445630826
112	27	0.28141674283407553
112	36	0.2785597652695841
112	95	0.27822766637596824
112	124	0.2735065636134185
112	141	0.2631781380473141
112	164	0.2607472495335328
112	79	0.2603744063175363
112	48	0.2482715695231938
112	53	0.2458396556036446
112	114	0.23153423384547495
112	78	0.2285983210952889
112	18	0.2282002309183544
112	156	0.21464915570765047
112	24	0.21208161914855295
112	155	0.211881055727748
112	197	0.20678463125499352
112	115	0.1895978587380268
112	122	0.18821889051299728
112	26	0.18796808909639587
112	125	0.1816901652057904
112	45	0.1806843072725396
112	49	0.17944580944239272
112	23	0.17628894848623533
112	181	0.17620174410428782
112	59	0.17581413562789466
112	38	0.16864337885034233
112	40	0.15013642101529728
112	29	0.14694835540762322
112	58	0.14616553860303608
113	110	0.6918366517138066
113	139	0.6778199418510749
113	11	0.6469992228992271
113	104	0.4935403506758177
113	103	0.6798741609844865
113	109	0.6385253426472692
113	0	0.6326246091919503
113	9	0.6155509336719445
113	3	0.6087292232413684
113	111	0.5754879763789791
113	106	0.5430703485860044
113	13	0.5277273316648053
113	176	0.5215379448625241
113	141	0.4876785866744237
113	144	0.4713309279915648
113	20	0.4540100495814415
113	142	0.4369865465502781
113	114	0.421635929348322
113	108	0.41730146258839584
113	70	0.4056555403378425
113	150	0.4038912468795123
113	135	0.3829823756778584
113	39	0.37784212588525456
113	7	0.3682093366756635
113	36	0.3639573722323413
113	157	0.3394670142629143
113	124	0.3329923206092501
113	101	0.3273256174060427
113	79	0.3266647425731995
113	17	0.32108826830825066
113	52	0.31616462940282075
113	5	0.3083309816197706
113	24	0.2912485515580454
113	164	0.2600760758169475
113	181	0.25452935120228665
113	122	0.24841231846470904
113	121	0.2398264845646532
113	120	0.2370630747037255
113	49	0.23304789884708024
113	156	0.22925216039683244
113	25	0.22403469541476714
113	48	0.22205817563551652
113	95	0.2217063913867849
113	127	0.2204794494643888
113	10	0.21411489312887808
113	31	0.21290278756570652
113	126	0.21164226647943732
113	149	0.2104574987972036
113	58	0.20574100471309945
113	115	0.19882606165233493
113	155	0.1965390694426282
113	2	0.1921031549909697
113	53	0.18448328810026968
113	29	0.1842514460197448
113	45	0.1826956430816452
113	125	0.1785746497029115
113	78	0.17854560621449278
113	27	0.16848792515134772
113	30	0.16647598985681936
113	117	0.1638691072265521
113	59	0.15640557932833762
113	187	0.15567384065846446
113	147	0.15395602422119292
113	23	0.15083034285791666
113	116	0.14713424738960748
103	3	0.6805404351398764
103	108	0.6688724916800759
103	9	0.6769811931198525
103	0	0.6441413646872929
103	13	0.6395134047172234
103	109	0.6346953282899899
103	11	0.5713534801519928
103	106	0.5653555754730936
103	139	0.5552779242892825
103	111	0.5260007630523912
103	110	0.5166506578244201
103	176	0.5071905330182662
103	70	0.453724207919838
103	142	0.3635929518346003
103	104	0.3619603734904064
103	20	0.31683050303832994
103	120	0.3138947250795064
103	36	0.3115489936880973
103	17	0.3099318359386368
103	39	0.3087110038273497
103	150	0.30494264442869623
103	101	0.30344532593072504
103	157	0.2893896512745344
103	135	0.2827605644859387
103	124	0.2806522966214206
103	115	0.26595884604455783
103	5	0.2636434454130024
103	10	0.2607658896537603
103	141	0.2578743579090074
103	52	0.2538745842824889
103	25	0.2501098606405985
103	144	0.24804634941307396
103	79	0.24026940173803515
103	7	0.23841225198373314
103	121	0.2314395924646627
103	155	0.22308467443853036
103	18	0.21915661446262594
103	95	0.2142389298012567
103	187	0.2049651623709104
103	116	0.1996711255894923
103	126	0.18942432334019865
103	156	0.1866654575393723
103	49	0.1824829776309652
103	164	0.1786520974838881
103	114	0.17856496857467893
103	149	0.17520354176200612
103	181	0.16937195611951222
103	78	0.16554244663256365
103	197	0.1606267706903391
103	45	0.15694207863503915
103	122	0.1556445675521015
103	53	0.1546588804199746
103	29	0.15456127084761054
103	178	0.1534678379109604
103	59	0.15044919287554515
103	19	0.14522591683506708
103	16	0.14461893841195322
9	3	0.6569279355419754
9	109	0.6385194197555822
9	111	0.63385855872911
9	108	0.6202676597890953
9	13	0.5799185655927734
9	11	0.5638773547111782
9	0	0.5446548276661775
9	110	0.5182250116183237
9	106	0.5157484062360506
9	20	0.4626360544261765
9	139	0.4173097211488257
9	144	0.35309045362292857
9	101	0.34398028048998064
9	70	0.32845907519828904
9	16	0.32834309534397016
9	5	0.32231648344296165
9	17	0.31023010636628784
9	120	0.30158293209843545
9	95	0.2819599273068801
9	157	0.2819046964566096
9	176	0.2802192594173017
9	53	0.2684567781756861
9	104	0.2607379294005125
9	25	0.2544919422290643
9	142	0.2515810704686384
9	36	0.2417952848695221
9	150	0.2397039579218269
9	115	0.2353068322927853
9	7	0.2254684200743751
9	121	0.22164933985137086
9	52	0.2200512820467739
9	141	0.2196230298238568
9	117	0.20949202918566054
9	10	0.20582719347444434
9	18	0.20150427530209186
9	124	0.19572176656725213
9	30	0.19497153165403214
9	19	0.19461557113379124
9	122	0.19433653920741875
9	39	0.19328748309726548
9	114	0.18427076697663675
9	155	0.18214461104662594
9	181	0.17873922359130512
9	15	0.1734776447228172
9	118	0.17263369977198806
9	135	0.16537710071223422
9	6	0.16464752254646875
9	79	0.1554201313248587
9	48	0.15111373301448555
109	106	0.7241185573956838
109	11	0.6126982868897014
109	139	0.5066332528149112
109	108	0.4813270154194479
109	0	0.4556042811007638
109	176	0.4516172234694896
109	110	0.4483474155927093
109	3	0.4395153832633326
109	5	0.4323391456284864
109	95	0.4209697012144973
109	101	0.4182919974781353
109	39	0.41669840155779225
109	20	0.4154911788002626
109	144	0.4049368082944373
109	142	0.40048798516107575
109	13	0.39559853276588297
109	111	0.3849177364238803
109	197	0.36202989025231497
109	25	0.35414914662002656
109	104	0.34450917780834456
109	7	0.33009957281817665
109	70	0.3281021824730936
109	79	0.326530742486345
109	52	0.30653812406005304
109	121	0.3030276240256107
109	135	0.2982248241572046
109	124	0.2871707678871567
109	16	0.2677606899353093
109	120	0.2660796464332336
109	141	0.26532683103408083
109	36	0.2593673419361716
109	115	0.2560718064477609
109	27	0.2460463482514163
109	19	0.23687430553648015
109	181	0.2365627973117365
109	17	0.232981699559877
109	18	0.22295163763248907
109	149	0.21939459401355416
109	53	0.2121962187978837
109	38	0.20666018669525968
109	24	0.20240593651466166
109	157	0.2007846196564841
109	122	0.19668327104948666
109	26	0.18652068008567144
109	114	0.1723426254242369
109	21	0.16758418480967174
109	156	0.16587311054603496
109	150	0.16483236608850918
109	118	0.16460860664246044
109	58	0.16374259543314548
109	40	0.16086056944253793
109	15	0.15940877797124176
109	78	0.15606412259710792
109	116	0.15578117304214545
109	29	0.1513677858334553
109	59	0.1491490379808283
176	70	0.671313303813366
176	7	0.39090684500523204
176	142	0.5786428533687193
176	139	0.5561695348170546
176	135	0.5496223213752893
176	106	0.4856333039127293
176	0	0.4758378274173819
176	197	0.4706928468535513
176	199	0.4664237860295988
176	156	0.4510598180283781
176	11	0.4280607889736711
176	164	0.405396520262928
176	101	0.3924899346660845
176	52	0.3816674814722366
176	38	0.3704805615622568
176	79	0.3665657872496061
176	45	0.3591328570005347
176	39	0.35439400428005635
176	98	0.3530729469566709
176	110	0.3519344837068926
176	95	0.34896960780050396
176	147	0.33940507944104154
176	108	0.3331790219348102
176	144	0.332369794323308
176	104	0.32601248534182004
176	157	0.3022554772068101
176	149	0.2931692399899666
176	78	0.29141327429133884
176	177	0.2888673005993144
176	59	0.2848293493527538
176	114	0.2807259937096749
176	5	0.2796017538732906
176	17	0.2791961019361701
176	198	0.2782092144859809
176	141	0.2777755359833388
176	3	0.2684103810050305
176	31	0.2666092109836629
176	80	0.25879828753935474
176	150	0.25834104810416586
176	192	0.2559596717349613
176	181	0.25370617800339235
176	122	0.2456047504553551
176	48	0.23831793377557545
176	13	0.2352784931719019
176	146	0.2329060405876523
176	155	0.2284940667653141
176	120	0.2250602400095293
176	71	0.2157172953014808
176	116	0.21215801956308566
176	43	0.20979796485477756
176	182	0.20644957297826244
176	36	0.2046490045348133
176	96	0.19970953054040164
176	161	0.1971542703078661
176	111	0.19706776705576293
176	124	0.1890868595316252
176	72	0.18888435980018786
176	125	0.18698393939175373
176	58	0.1857001216593256
176	27	0.18034571226039686
176	191	0.17775163054600693
176	20	0.1728665375459312
176	18	0.17064409334751085
176	99	0.1687793939556349
176	83	0.16157159625198134
176	189	0.15549819792066485
176	178	0.15466864121118545
176	151	0.15336042685963805
176	24	0.1465569699507802
176	33	0.14531401753230094
17	53	0.32599461090808857
17	49	0.5522549591895164
17	15	0.5232248564860426
17	18	0.4999878916517193
17	48	0.4949384457068189
17	115	0.4809581345566328
17	120	0.4677841416250646
17	43	0.4578281416710878
17	86	0.43722113921454747
17	20	0.40876702250239455
17	189	0.3874108039107964
17	16	0.3764611381100197
17	146	0.35563503385425105
17	149	0.3490398634560137
17	116	0.3485743466610538
17	124	0.3357989648812735
17	111	0.3352398860754802
17	157	0.3333656971361132
17	121	0.3318003738711455
17	150	0.33091907524122305
17	76	0.3055683495632038
17	59	0.29091905428342474
17	135	0.2839561847180018
17	84	0.28033904708460616
17	11	0.27953722501028305
17	108	0.27584568124355896
17	164	0.26085908733825125
17	117	0.2526205245001412
17	77	0.2406462737434461
17	3	0.23758209758298954
17	153	0.23476832062732034
17	45	0.23367195729574655
17	106	0.22331271819934287
17	188	0.21889004640601506
17	57	0.21867105534089035
17	13	0.20161940004100815
17	147	0.2006502599054185
17	110	0.1950292501448658
17	104	0.17991998931926456
17	0	0.17920384879235898
17	187	0.17471884748284305
17	47	0.17005179460490624
17	63	0.16571750863994356
17	151	0.1649393754798502
17	72	0.1589799288292345
17	7	0.15247170574950347
17	31	0.1494619044983825
17	44	0.14861122890706094
49	86	0.5536989285104517
49	48	0.5215816233859953
49	47	0.4967709754375258
49	84	0.4907592720386449
49	146	0.4649358163551995
49	189	0.4047528661508337
49	43	0.3970146732842189
49	76	0.382606849641392
49	164	0.3558009921456555
49	150	0.3414385381148252
49	63	0.3238390382542143
49	153	0.3222179076190767
49	57	0.31011261318191624
49	82	0.2894629498678085
49	31	0.2878129117638579
49	77	0.28748269862184905
49	116	0.282953762768305
49	45	0.2785505411993182
49	15	0.272525573766
49	115	0.25552975820927826
49	187	0.2340028193183553
49	40	0.2337664948279917
49	149	0.2284371985580523
49	66	0.2237307349281998
49	59	0.22320820117507864
49	147	0.2196515826074659
49	67	0.20835397143341644
49	24	0.2074928804350255
49	50	0.20681334828032602
49	20	0.2059421068555881
49	51	0.20063106503892794
49	165	0.1951543022405217
49	114	0.19399011099443644
49	39	0.1913999961523562
49	16	0.19047499507330773
49	92	0.1807036542662452
49	157	0.17871018186688847
49	38	0.17260459369308498
49	80	0.17107124870876622
49	134	0.16991583983488387
49	11	0.16224350852491765
49	124	0.15498097057776208
49	138	0.15388768265681044
49	64	0.15328230745501284
49	62	0.1529795766740872
49	139	0.14852321540687924
49	7	0.14665482062184013
48	146	0.44706812362488535
48	164	0.4439100646426023
48	45	0.3839035847482207
48	149	0.35897606262004145
48	43	0.35871469362437897
48	150	0.3374216134037389
48	31	0.3048337992482011
48	116	0.30247353537475685
48	59	0.3010919664131109
48	157	0.2903147967211933
48	135	0.2840481189956807
48	57	0.2833400904448005
48	15	0.28161930730540763
48	189	0.2779600938780661
48	115	0.27472737844597306
48	147	0.26565216139464737
48	16	0.25863033549699643
48	120	0.2584437037758478
48	151	0.23966625587985155
48	47	0.2354768586144868
48	124	0.20951115136733328
48	114	0.19915259875261396
48	156	0.1903015196577647
48	142	0.19000272858781272
48	134	0.18742781820421767
48	139	0.17708334968142553
48	80	0.17405952739087932
48	7	0.17342914902687254
48	64	0.1684976412531677
48	117	0.16658293932981902
48	130	0.1649199195156234
48	20	0.1618734884533554
48	18	0.1557616583368251
48	111	0.1547369659041355
48	153	0.15442461237751084
48	72	0.15234472542403796
48	52	0.1499115976731326
48	86	0.14350259753593114
110	0	0.6110216075750263
110	111	0.6073867588404979
110	13	0.5952706127989048
110	139	0.5540594017874685
110	3	0.498696761754016
110	141	0.4818646611961857
110	108	0.4234759682599045
110	101	0.3942142929841757
110	104	0.3895674557641604
110	114	0.3827690241298525
110	10	0.38251294836992417
110	106	0.3823251221210881
110	36	0.3748808155210447
110	144	0.34838106273846536
110	135	0.3316579809510929
110	150	0.32461758031263044
110	11	0.3241970431716545
110	5	0.3194729122603392
110	7	0.29289500033958765
110	2	0.291779262931667
110	79	0.2849396102525693
110	181	0.2838550509821116
110	39	0.2784121739796168
110	20	0.2663769656266589
110	142	0.2377330606026289
110	29	0.23422966481753546
110	24	0.2313544114762563
110	95	0.2234172300889376
110	25	0.21929940532427133
110	140	0.21607958268484695
110	30	0.1975963500731462
110	100	0.18596079775844396
110	70	0.17315755759297125
110	155	0.16880853921353786
110	59	0.1636647393444476
110	58	0.15695183231157073
110	63	0.15625924530210314
110	66	0.1551761607047602
110	84	0.14613617940524606
110	52	0.14382578653079267
139	141	0.75088892199965
139	36	0.6477195706969916
139	142	0.6072226517837698
139	114	0.6378259192279716
139	0	0.571575711459195
139	106	0.5548766285649578
139	13	0.5067893339835756
139	39	0.49170005167078396
139	101	0.4840039595582186
139	144	0.4789878940581306
139	79	0.4681590228602805
139	11	0.4609602940545245
139	111	0.4471241309785554
139	70	0.4454744490064083
139	104	0.4410873451574304
139	3	0.43958799475139737
139	32	0.3864244621665885
139	2	0.3847217962632187
139	38	0.3733585550892571
139	140	0.3614475630699159
139	181	0.3546038436017713
139	24	0.35000548061486914
139	95	0.3392015585929766
139	150	0.3389449000853036
139	31	0.329983733392455
139	10	0.32852152178692096
139	135	0.3127042919915608
139	20	0.31053735142235744
139	5	0.3082404856292232
139	52	0.2969852779213341
139	7	0.2858306088447085
139	134	0.2692824392381933
139	108	0.2678999299737525
139	197	0.2399772760983261
139	156	0.23786514382455465
139	155	0.2364211865813848
139	58	0.22926163480958134
139	164	0.2222578112581233
139	127	0.2205175046812473
139	33	0.2198704747771228
139	157	0.21713750218160854
139	30	0.2157745025238873
139	153	0.2144011211783469
139	100	0.20369068995118306
139	122	0.19923902764506896
139	175	0.19369175903260205
139	59	0.1871383406921716
139	178	0.176589297946703
139	34	0.17029455487618173
139	40	0.16899311898982156
139	27	0.1665051582834794
139	37	0.16336302775199268
139	172	0.1605293492217605
139	199	0.15007777294374988
139	146	0.14713424738960748
139	130	0.14648847277436125
11	106	0.5933690708787116
11	3	0.4985089129530782
11	0	0.46083428226460205
11	144	0.4488426483155979
11	70	0.44721213545108346
11	142	0.4383528185090227
11	20	0.413975946629646
11	95	0.3828116977068191
11	101	0.3820433235022208
11	39	0.3756283055468539
11	52	0.3708514824352441
11	13	0.3645731628747221
11	5	0.3492857273496656
11	104	0.3463937962296674
11	79	0.3374747811265673
11	7	0.3126411354874084
11	38	0.310013188472317
11	108	0.3083762275224859
11	149	0.2914681780295063
11	197	0.2877945683837146
11	141	0.2843514650500715
11	157	0.284231971881835
11	36	0.27213672275979983
11	122	0.2664605775200242
11	31	0.2566230351685268
11	135	0.2549127492423657
11	124	0.2542394117432559
11	150	0.2541271648407024
11	25	0.2530885567791593
11	121	0.2477647865667671
11	111	0.2473893043300674
11	114	0.23520292022715594
11	181	0.2307864476220718
11	24	0.2270339568241959
11	120	0.2265501885048536
11	134	0.2178615495485606
11	21	0.20011274545926327
11	45	0.1972119374372596
11	156	0.196346787408169
11	44	0.1913614612156944
11	115	0.18805490774721256
11	117	0.1731478574115725
11	18	0.17245905877804185
11	125	0.17227470374357945
11	22	0.17182832054465194
11	58	0.1679243352837889
11	32	0.1674967110918887
11	27	0.16629124972411888
11	19	0.16127941371244162
11	23	0.15504928849940516
11	164	0.15365335754749956
11	96	0.14622425622613555
104	13	0.3686414680244464
104	142	0.3567700892892192
104	20	0.35039151945100244
104	0	0.33398775899103217
104	141	0.3257175273861324
104	135	0.3142642802398613
104	144	0.30551395088689354
104	134	0.3003097285341184
104	108	0.2932332223025974
104	3	0.2868312446356974
104	2	0.2840573121362284
104	111	0.2801363243809275
104	106	0.2780892721963933
104	150	0.2720441260798003
104	39	0.26434117641829125
104	23	0.26318744539549543
104	101	0.2448246586168137
104	100	0.23083378395658286
104	114	0.2253735015354233
104	117	0.22508872025387866
104	7	0.2245190423445884
104	10	0.2235027359961093
104	180	0.22183950573283565
104	36	0.21871866396879708
104	70	0.2179568011076007
104	5	0.2108110830749612
104	147	0.2010629122499772
104	175	0.19899893973888486
104	22	0.1963371729099008
104	24	0.1929697916617613
104	124	0.19192016000213788
104	157	0.18564219008603214
104	181	0.18246364356114747
104	198	0.1803166878406506
104	173	0.18028766310688735
104	58	0.17687024025527645
104	79	0.17436011917886896
104	25	0.17410801213292354
104	121	0.16641765212949147
104	31	0.16633014335420193
104	120	0.1614547266322908
104	164	0.1562787569020883
104	95	0.15292098030136736
104	155	0.15244240304410892
104	182	0.14997024873628675
104	125	0.14596001881425774
104	171	0.1440510213289891
104	19	0.1430716312700601
104	185	0.14267000022472764
95	197	0.7989491307026382
95	79	0.6647126836050524
95	101	0.6377962593772671
95	5	0.6023390534629081
95	96	0.5934597711838947
95	106	0.5916039025575796
95	181	0.5800579244552276
95	198	0.4736999488643427
95	99	0.4694152066221346
95	142	0.3822482750019535
95	0	0.3614910300672852
95	78	0.3509352812385468
95	199	0.3404045244377799
95	98	0.33759883077294345
95	70	0.3215994090284138
95	163	0.3098143187109766
95	56	0.3019283306379401
95	88	0.28748269862184905
95	52	0.2666463673685385
95	135	0.2645922919000069
95	83	0.2541271648407024
95	185	0.2403447819381169
95	97	0.23963797887397495
95	36	0.23741225046690625
95	7	0.22831397876148746
95	196	0.2231226834284624
95	19	0.2202225591987564
95	87	0.219166134145546
95	191	0.21903285478818166
95	30	0.2149162388556896
95	156	0.20906173776015607
95	32	0.2074928804350255
95	38	0.20408364625429196
95	190	0.2035085659854157
95	177	0.19756752123178747
95	114	0.19296016401658808
95	58	0.1895978587380268
95	21	0.18454124541365552
95	141	0.1824829776309652
95	90	0.1776644727597174
95	3	0.17684117859353748
95	81	0.17147892793677635
95	39	0.1702848448620006
95	100	0.1662815262357472
95	13	0.1579075438048464
95	144	0.1482200397928293
95	111	0.14263081419028026
197	99	0.5010821097923166
197	79	0.6250922906145134
197	181	0.5728535944399485
197	101	0.5662054407769475
197	106	0.5585065094689521
197	198	0.5331314923855677
197	199	0.5054950876524466
197	96	0.5017109350104074
197	5	0.4744131975162998
197	142	0.3633499430548873
197	163	0.36153449549339006
197	78	0.3596031184953462
197	83	0.3536680348465389
197	135	0.32939547227535515
197	98	0.3272899026208396
197	196	0.31917656179878523
197	185	0.29980924818324706
197	191	0.2990172422601685
197	70	0.29696704181812555
197	7	0.26709218213744257
197	38	0.2632339814015013
197	177	0.2622471560758857
197	190	0.24469304558246266
197	0	0.2410795868569269
197	156	0.2372140771506781
197	56	0.2298016044769339
197	58	0.2238447252142668
197	19	0.2153168032995748
197	88	0.2151165301252756
197	193	0.2137427416944212
197	52	0.19497153165403214
197	192	0.16845877664944905
197	116	0.16006168266459894
197	87	0.15939903206729114
197	97	0.14884592006053135
197	25	0.14459935664806492
197	39	0.14324794221913745
79	181	0.6733900028898863
79	101	0.5695185629203265
79	142	0.5278571900234523
79	99	0.4790572424221722
79	198	0.4369622749493504
79	106	0.4334118022329543
79	96	0.42267959332021776
79	10	0.4107889802409352
79	5	0.3961213755772046
79	78	0.39457740729872814
79	0	0.3898049362691196
79	199	0.3886000361404701
79	135	0.3832809992119939
79	141	0.3598294755818437
79	114	0.3551370244337787
79	7	0.3491276775080323
79	56	0.33887408885698983
79	185	0.3386350726187538
79	38	0.3275398864749929
79	36	0.3186645366974161
79	156	0.315381379420577
79	196	0.2859040712337716
79	58	0.2788180183679453
79	98	0.2739968454016296
79	52	0.2690691040264259
79	39	0.2672964757183717
79	13	0.2597590452476334
79	182	0.2561185272110255
79	88	0.241352713137683
79	31	0.23993957930021295
79	70	0.23948716131035036
79	30	0.2391666356178403
79	81	0.2380632521622023
79	4	0.2369026220521493
79	32	0.2236357383473261
79	80	0.2096450021512497
79	144	0.20311551366367486
79	191	0.2011588676908811
79	111	0.19516392136973235
79	134	0.19156376304918174
79	163	0.18951109251902246
79	2	0.17964903961326614
79	3	0.1728859398220524
79	193	0.15787829171005308
79	83	0.15746873330987246
79	45	0.15724442836244718
79	100	0.15358500946727735
79	150	0.15102578700106398
79	87	0.14785814855938895
79	90	0.14497139077761895
101	106	0.5851969144934247
101	0	0.5200950203384577
101	5	0.5168778737761561
101	181	0.475574768225444
101	142	0.45895766396098
101	99	0.4063654224396171
101	114	0.38065891839455107
101	141	0.3593941359198497
101	156	0.3400508263925809
101	144	0.3271827526547045
101	36	0.31907776443500163
101	39	0.3092085029401511
101	100	0.3000731584105221
101	135	0.2971949775350464
101	96	0.29550745262210604
101	30	0.29210857967605386
101	163	0.28840895659589005
101	52	0.2854724315988517
101	7	0.26221921906322804
101	3	0.2616976475232977
101	70	0.24512545452471535
101	56	0.2434799016672869
101	150	0.2397699347555545
101	198	0.2388366282448095
101	13	0.2376670156942299
101	83	0.2339744618388754
101	20	0.23193167977011755
101	19	0.2309189866050409
101	2	0.22664505385656986
101	191	0.22610426380057386
101	178	0.22128797823579574
101	122	0.22054604565332908
101	32	0.21438204045334608
101	111	0.20825831057834465
101	78	0.20810524492312765
101	10	0.2001415439330395
101	29	0.1965390694426282
101	31	0.1916311933775952
101	88	0.1835944488500336
101	38	0.17064409334751085
101	87	0.16780771676426384
101	140	0.1585705168556913
101	108	0.15385839296416576
101	33	0.15061534068134974
101	58	0.14263081419028026
5	106	0.4886687788273818
5	0	0.3977977967055127
5	181	0.3223792098735309
5	88	0.2838366623515193
5	96	0.27939894037198953
5	56	0.2791592195428264
5	141	0.27361758326829233
5	36	0.2534441821095776
5	114	0.2513843516158287
5	3	0.2486750217550081
5	70	0.24264248181356854
5	99	0.2338043086034237
5	30	0.2329060405876523
5	198	0.229555320049508
5	78	0.22447156225163747
5	135	0.2204794494643888
5	142	0.21175688847394888
5	7	0.20699521449719385
5	20	0.2057218512215092
5	19	0.20294293342000871
5	39	0.20164818035544527
5	32	0.19371100862807936
5	25	0.1835944488500336
5	144	0.18161280498679871
5	140	0.1744376859806461
5	52	0.1703042648572916
5	121	0.16887654366724175
5	191	0.1666801627223515
5	188	0.16624263195891067
5	87	0.16591200973236894
5	163	0.16411238398402175
5	199	0.1623895565261125
5	111	0.1601591191304639
5	90	0.15958419892736295
5	98	0.1523544933200031
5	58	0.15202236817169887
5	21	0.15031235888866953
5	4	0.14867968222402894
5	192	0.1432675317635526
96	198	0.7921211985817456
96	98	0.6268013037740473
96	78	0.5590635944152001
96	97	0.5534353744211877
96	81	0.5482669221683637
96	88	0.5332817874271679
96	177	0.4837205849621733
96	90	0.4735137816969194
96	193	0.4680340811618429
96	93	0.4414577732701859
96	196	0.4413853100382327
96	181	0.3866115950044827
96	199	0.3844320820707751
96	56	0.3823934262318717
96	99	0.3717998112904468
96	87	0.3512509053442209
96	167	0.3429659504895561
96	194	0.3415092097622477
96	61	0.3226838408308328
96	185	0.31995771458886124
96	163	0.28040354452012795
96	91	0.2779877757928101
96	183	0.2741540754503043
96	85	0.25901287015550417
96	70	0.25300431970421866
96	71	0.2512250878068503
96	190	0.2481214257638041
96	54	0.2372235144231073
96	166	0.18945324672859803
96	191	0.18784267919293196
96	83	0.17907802068423812
96	106	0.17847783686495394
96	135	0.15623973358016285
96	58	0.15223727660454275
96	76	0.14818091832811456
96	162	0.14381599337527665
99	56	0.4464998509742815
99	163	0.39564914167262616
99	83	0.3642002572827839
99	181	0.3580087163982605
99	106	0.3386793381836029
99	78	0.3266915410149471
99	88	0.30433482364580905
99	198	0.25905951516803705
99	135	0.2588542680768095
99	87	0.2266545401552649
99	190	0.21797585092121446
99	0	0.21529773044395886
99	191	0.20975016511270575
99	116	0.20946334561270846
99	193	0.20673676875435806
99	177	0.20368110483063107
99	98	0.2024251170737511
99	97	0.19910458136239406
99	90	0.1918527374308125
99	30	0.19129402365707676
99	161	0.186366241872298
99	185	0.17304115319954413
99	59	0.17056642183986934
99	156	0.16998381802874893
99	81	0.1629250049465063
99	142	0.16101642525019105
99	199	0.1553030277914577
99	196	0.15502000957167955
99	7	0.1539950758823868
198	196	0.65550448653018
198	177	0.4985013980269789
198	78	0.5649880618502711
198	81	0.5524217405513261
198	98	0.5439862983927171
198	97	0.5385421947136627
198	181	0.5223673692823853
198	194	0.4870075896398838
198	199	0.4851058566527757
198	193	0.4772676870504409
198	183	0.4585155099633118
198	185	0.4571797758254923
198	56	0.4453301579851823
198	88	0.4057724957965333
198	167	0.4018053424857899
198	166	0.3906526576522264
198	93	0.3815649571850761
198	90	0.35852298726944976
198	61	0.3283252514105591
198	182	0.3271113146692856
198	163	0.28233728808723296
198	85	0.28223605352145603
198	190	0.2594139777604391
198	135	0.24305653241714
198	162	0.23178028092179215
198	191	0.2049843220780107
198	91	0.2041603129916407
198	161	0.19411521565754167
198	80	0.18392296797715624
198	70	0.1746025082452825
198	87	0.1631099557531146
198	58	0.15810255068515666
198	83	0.15217866664055904
98	199	0.6259080147582321
98	78	0.5784166502421526
98	70	0.5537127967068051
98	97	0.5367008021433135
98	61	0.5058746718671223
98	93	0.4830078711581281
98	177	0.4409826316995963
98	81	0.4298396715861708
98	71	0.3730228709055139
98	80	0.3714895344098151
98	88	0.3352132573811147
98	63	0.32939547227535515
98	183	0.3187184428414559
98	193	0.3131282711798012
98	90	0.3039809033338498
98	87	0.2997546403361141
98	185	0.29722232754554945
98	60	0.2951971118358881
98	182	0.2827881656456899
98	56	0.2789471297990674
98	41	0.2759380696107717
98	195	0.2756701293044486
98	194	0.267686424007594
98	167	0.2624985694038853
98	166	0.2560904948966455
98	54	0.23035090211133846
98	38	0.2298773783815413
98	191	0.22732795735342515
98	76	0.22562028083335825
98	66	0.21682303872932845
98	196	0.2132178073146445
98	85	0.20607616528836087
98	77	0.19551980274127115
98	132	0.1863758945305473
98	181	0.172410545466102
98	147	0.17159539693685266
98	89	0.16875996361972515
98	162	0.16823529501714696
98	32	0.1677299684750731
98	190	0.1629347394850736
98	145	0.16123071387223245
98	37	0.15874598581585264
98	52	0.14962810266757898
98	156	0.14785814855938895
98	62	0.14662546572179014
98	64	0.14557830579238906
196	194	0.6816930061056922
196	183	0.6033321322687825
196	81	0.5301760417105811
196	166	0.5159172070333004
196	193	0.4786410625550951
196	185	0.441876336965695
196	181	0.4412806307612654
196	167	0.4349049735228518
196	180	0.3721789258020543
196	91	0.3687019537062841
196	61	0.3642436244016618
196	182	0.3536155385973596
196	90	0.35079497825323996
196	162	0.3441566038706033
196	177	0.33966164739620797
196	97	0.3374570587915107
196	145	0.3355682625900305
196	93	0.3272006115667669
196	88	0.2960002186280947
196	78	0.28999426310322185
196	56	0.27071017596489394
196	173	0.2672500474682015
196	199	0.2646201914061107
196	169	0.2620609010235715
196	10	0.24155047037388525
196	170	0.2407875820472289
196	85	0.2347210758809997
196	191	0.22739433883697746
196	175	0.22472794208670216
196	190	0.2147254684562466
196	195	0.18751465511234128
196	4	0.17890378747862767
196	171	0.1770349171782731
196	63	0.17468976313067422
196	100	0.16861423192056485
196	163	0.15802454941206973
196	80	0.14474621711548266
196	65	0.14297367681810372
177	71	0.4165000547392945
177	97	0.4720617802983457
177	193	0.4030037830943753
177	199	0.3501721937973353
177	191	0.33664157293064906
177	70	0.3307944005068331
177	195	0.3128937449132118
177	87	0.2979423688475257
177	78	0.2974502253287263
177	183	0.2836251780967477
177	182	0.28247532508861223
177	194	0.28186787485173725
177	185	0.2642853681086653
177	93	0.2611572872475597
177	88	0.2482434184766961
177	81	0.2408723621303706
177	179	0.2370064458323999
177	190	0.20683249276591625
177	56	0.2053962177607085
177	166	0.2040644791787541
177	167	0.20001674804964228
177	83	0.1967313363613089
177	156	0.1951543022405217
177	173	0.1826376451078363
177	170	0.18087777091501234
177	181	0.17971677959687551
177	85	0.1673703555105312
177	80	0.16525065344056092
177	192	0.16228245535389973
177	128	0.15602509659392086
177	135	0.15315535933662214
177	90	0.15252054299609513
177	61	0.1480048659994689
177	159	0.1472125145892373
177	60	0.14448186368677327
177	129	0.14257203430027074
177	52	0.14161182069531747
171	175	0.7663817187660972
171	173	0.6156006189889756
171	172	0.5610334038884115
171	180	0.5497479337015442
171	169	0.5424566438840996
171	166	0.528095199594932
171	145	0.5204086356849453
171	170	0.4973582582636871
171	165	0.4962435390945531
171	69	0.4334848932605623
171	179	0.4306138311908872
171	168	0.4047194186046382
171	67	0.4038494024414824
171	183	0.3979661346929592
171	182	0.3742102373634261
171	153	0.3661502119890627
171	60	0.3056499438375841
171	65	0.3013920199859525
171	158	0.29374498620735023
171	35	0.2884823005253903
171	47	0.2848844807450101
171	134	0.28342286298920993
171	160	0.2827697649245549
171	37	0.2825213348232789
171	61	0.28233728808723296
171	42	0.2808088989773024
171	140	0.2792053224057932
171	141	0.2783844991486333
171	194	0.27307166648520803
171	4	0.26714790095042656
171	162	0.26578227660472376
171	137	0.2648805654304476
171	167	0.2592740666590328
171	174	0.2556512657627973
171	68	0.2524239156700457
171	146	0.24753011888342455
171	92	0.24716397930836875
171	62	0.24192709531233103
171	34	0.2346454819803595
171	185	0.21304598385205628
171	2	0.21150853346066725
171	50	0.20952071239807607
171	63	0.20356608033888116
171	100	0.19799030996440575
171	84	0.19175641633047288
171	32	0.17142069163903192
171	199	0.17128480228621829
171	86	0.16006168266459894
171	6	0.1590676528582259
171	40	0.1578295376029826
171	33	0.15429770993555192
171	159	0.1527451847330754
171	127	0.15044919287554515
171	45	0.1468994347391812
171	22	0.1435907430276786
171	31	0.14318917291247002
175	145	0.6742853485861331
175	173	0.6225389285963863
175	180	0.5973199028800569
175	172	0.569498293115817
175	169	0.5483508450523507
175	166	0.5053387313664693
175	165	0.4994852152219154
175	182	0.4985690296645493
175	170	0.4669947791729121
175	183	0.4500077527873279
175	174	0.3946618348340917
175	168	0.39038145879888414
175	69	0.388362293074998
175	179	0.3880395590650579
175	141	0.3716274454955661
175	60	0.3675954367498899
175	62	0.3554515801742452
175	65	0.3408288349600028
175	61	0.3321029086239445
175	67	0.32678979747367304
175	47	0.31994873828953235
175	34	0.3196884006279543
175	50	0.31900590745049817
175	35	0.3167135478256368
175	134	0.3126321129039964
175	42	0.3064203348976189
175	37	0.3008555185651585
175	4	0.29861653054226844
175	140	0.2976872030707224
175	24	0.2948045328021389
175	199	0.28908725870963664
175	32	0.2850866130563689
175	92	0.2790024601828725
175	158	0.2772032762356165
175	38	0.2729883755705913
175	41	0.27158106713542285
175	36	0.2662561858142707
175	194	0.26482477424667106
175	153	0.2634294192479105
175	2	0.2585743480072862
175	160	0.25397749165476163
175	63	0.2481964991341051
175	162	0.2425389553419328
175	146	0.2364306276092893
175	40	0.2326128354467377
175	185	0.22501277208099327
175	84	0.22438609539863255
175	114	0.22344573244013047
175	68	0.2202320741980461
175	137	0.21878531429847345
175	33	0.2150974555456436
175	195	0.2115180860818651
175	31	0.20477355666252328
175	22	0.1970004846270659
175	167	0.1802779881258596
175	150	0.17867145908326704
175	6	0.17776131457237154
175	80	0.17129450888475706
175	100	0.16951764938803845
175	82	0.15686404812078766
175	159	0.14446228113036808
145	173	0.5987010262684171
145	166	0.5425483837167839
145	172	0.5209115856526819
145	170	0.5093117374927261
145	183	0.4999203875245513
145	182	0.4711753438960562
145	179	0.4600147527512215
145	41	0.4536606748664032
145	169	0.4534064965381858
145	50	0.4526991752297959
145	62	0.4158965061163261
145	60	0.4041255444977717
145	174	0.4035397010844585
145	180	0.4019898077192932
145	194	0.3931749375797682
145	199	0.39104238722073903
145	165	0.3880140760093945
145	35	0.3737543646421504
145	195	0.37237704989376336
145	38	0.3718515160309753
145	61	0.3593157581579396
145	162	0.35137362650079995
145	32	0.33844914087886085
145	140	0.3018192659729192
145	65	0.2999548595034579
145	34	0.2997546403361141
145	134	0.2964016152273113
145	42	0.2959181018923735
145	89	0.27667699288087777
145	185	0.2752080626640643
145	160	0.27299763031879465
145	67	0.2720996846924779
145	4	0.2659216750134507
145	168	0.2615858622924087
145	141	0.25758494952985284
145	47	0.25254562835702865
145	69	0.2523583747603904
145	94	0.2523021949947704
145	137	0.24510665616232785
145	191	0.2441006753955787
145	167	0.2403730487658688
145	158	0.2387329002429318
145	37	0.23749717584016736
145	93	0.2368176712978338
145	22	0.22268553910901712
145	36	0.21994660599578555
145	33	0.21164226647943732
145	40	0.21008474224076346
145	51	0.19882606165233493
145	24	0.19698126073514494
145	92	0.1964429303140209
145	68	0.19231502723638494
145	114	0.18988705807546688
145	81	0.1867233662511472
145	63	0.17507752940913654
145	153	0.1672439944305277
145	138	0.1639858825595708
145	97	0.16039295391136313
145	178	0.15759550718172244
145	192	0.14895348123712182
145	80	0.1454608469061911
145	144	0.14349280345183174
173	170	0.7397060790181766
173	179	0.5724032897062541
173	195	0.5015088703860725
173	180	0.5898460859943047
173	182	0.5218436371161721
173	183	0.4695009636236856
173	60	0.4584997145479226
173	50	0.4546449187563175
173	174	0.4540973714563751
173	194	0.4144398684245135
173	158	0.3634020205286169
173	166	0.3593157581579396
173	169	0.3560542536461113
173	67	0.3412883480453595
173	65	0.33077658888770395
173	162	0.3255655545968621
173	191	0.3121267582316579
173	160	0.3117115132728515
173	185	0.2970399849311197
173	172	0.2924195374571145
173	165	0.2896095368696213
173	168	0.28704230811040105
173	167	0.2783844991486333
173	47	0.275651649082966
173	66	0.2740338420252799
173	82	0.270895509128234
173	193	0.2613995379796021
173	69	0.2605328741802947
173	80	0.2583130500900972
173	92	0.2580050433042705
173	199	0.2453416224412592
173	89	0.2390912102292297
173	159	0.2354863040987352
173	94	0.2318843688367158
173	63	0.2316856509386336
173	61	0.23048346921996446
173	155	0.21636555702248705
173	153	0.21031413812639954
173	76	0.19032079529103085
173	51	0.1877944429835376
173	157	0.1865013758129431
173	71	0.18564219008603214
173	4	0.18558425722217906
173	134	0.18349781776842755
173	35	0.18062626545250812
173	62	0.17027513481475007
173	72	0.1601591191304639
173	125	0.15883371653627373
173	187	0.1543855660147792
173	45	0.1534971312047661
173	6	0.15016574465486462
173	38	0.14381599337527665
180	170	0.5154841158875032
180	182	0.4204347449776696
180	194	0.4084921252885975
180	183	0.4042343075139073
180	169	0.3775163296985127
180	179	0.36615887129757896
180	166	0.3371911950641677
180	60	0.3303223129999327
180	65	0.306936725398806
180	91	0.3050061337722025
180	159	0.29959990743622944
180	195	0.28582142580983044
180	193	0.2847098915387377
180	80	0.27346030327284865
180	92	0.2707935783727161
180	63	0.26872585719757064
180	165	0.2678906476526103
180	158	0.26684142538335537
180	76	0.2580423802548309
180	187	0.25085966649965713
180	82	0.2375160476523541
180	6	0.2335963240887293
180	69	0.23109884723167096
180	94	0.2294605874396826
180	185	0.22861727586477765
180	167	0.22230534080315972
180	147	0.22064117949904727
180	172	0.220584099695272
180	50	0.2196420650547382
180	84	0.2114894280970454
180	153	0.2082009121526271
180	47	0.20376736950973265
180	162	0.20318262479554114
180	61	0.19880685221200656
180	57	0.1964717724492911
180	55	0.1920164748185598
180	168	0.18739887191707733
180	174	0.1829179568655601
180	134	0.1802296126974988
180	67	0.1777806825218123
180	10	0.17190595747952914
180	62	0.16807010182367615
180	66	0.16700097691320376
180	86	0.1667093291081997
180	4	0.15930157131924355
180	150	0.1440803986811228
172	165	0.5762632822266546
172	140	0.5477561533627144
172	35	0.5211082937840467
172	42	0.4963415192786247
172	137	0.4919502273174794
172	32	0.4832761719789194
172	68	0.4785022881084445
172	141	0.4399509660035763
172	62	0.4314850212010655
172	34	0.4311920002538976
172	169	0.427358113462956
172	174	0.4216605957305999
172	37	0.4173097211488257
172	69	0.4122260242262437
172	114	0.3888971422231053
172	67	0.3833663055096456
172	134	0.3718859845762708
172	36	0.36202120087727147
172	47	0.34539018742518185
172	24	0.3220476238283115
172	33	0.31816131331742153
172	138	0.3048156576105031
172	179	0.302164610297961
172	166	0.3013829283300484
172	146	0.30101012326902515
172	100	0.2908732853125169
172	50	0.29009500925508724
172	2	0.2785228686802007
172	41	0.2770463319227777
172	51	0.2728865700057626
172	40	0.2658380373023311
172	153	0.2613529538567103
172	168	0.2602532155441626
172	22	0.2560811506961319
172	65	0.2550529968022212
172	127	0.24277423478470905
172	38	0.22508872025387866
172	61	0.22441458473325146
172	144	0.223151189725686
172	150	0.2213165089953024
172	4	0.21190015777516272
172	30	0.19337411918532013
172	6	0.1858352903093998
172	89	0.18533319990813948
172	162	0.18372006395142104
172	86	0.1822606273111406
172	155	0.17958129792591612
172	59	0.17163421887115532
172	160	0.16814784097353005
172	64	0.1554396481558455
172	158	0.14875791284152529
169	166	0.43958799475139737
169	69	0.4355777423793528
169	65	0.4238698088643495
169	183	0.4050120479084941
169	170	0.3925914440827685
169	162	0.3824019639518996
169	160	0.3306340874514187
169	61	0.3288426302957692
169	194	0.3270845244607577
169	185	0.3117205416040338
169	158	0.3025552990271512
169	92	0.29236466704562275
169	67	0.28485691528445034
169	167	0.2844893308053366
169	91	0.27195152436158704
169	100	0.2673707583373001
169	42	0.2534816123719606
169	41	0.2490783877135495
169	6	0.24759582876357225
169	68	0.24703252736517506
169	4	0.24228482149513345
169	55	0.2384311150857488
169	134	0.23476832062732034
169	50	0.23249932532655904
169	165	0.2214020990005042
169	84	0.22073630914676934
169	94	0.2174042843201236
169	179	0.2159365816088855
169	62	0.1992870423572019
169	63	0.1964910003505864
169	81	0.19219946277832992
169	140	0.18793914889328509
169	159	0.18494691064984714
169	141	0.17794530452981897
169	66	0.17591104286277678
169	168	0.17463159351184646
169	34	0.16739951497903244
169	2	0.15720541714950614
169	64	0.1540927029303133
169	36	0.15268658406157504
169	35	0.15189537006661766
169	85	0.14697770746364258
169	47	0.14459935664806492
169	190	0.14363971176099075
169	182	0.14305204060383886
42	68	0.7544952085675546
42	35	0.6722954384037244
42	32	0.6657161645604177
42	62	0.6210300054115047
42	67	0.5785164567087542
42	41	0.559214814351045
42	37	0.5472449759196751
42	51	0.5384001849590045
42	34	0.5256317692673597
42	69	0.5223891829104822
42	40	0.5188391561146042
42	50	0.5036091587245808
42	89	0.4666741322880539
42	36	0.4619913163192879
42	47	0.4556280535180036
42	137	0.441876336965695
42	38	0.39354685514127696
42	165	0.3898473380482461
42	22	0.3632805028910385
42	33	0.3540791783672841
42	140	0.34946131497740807
42	65	0.34649939320033635
42	174	0.34558392793657505
42	61	0.33495581906137545
42	30	0.3271202446219526
42	92	0.2864549319889
42	24	0.2695606628440026
42	134	0.2676121548990137
42	4	0.26593096784536624
42	138	0.26211677958993845
42	114	0.2515810704686384
42	94	0.24327293272596845
42	64	0.2428683385668904
42	179	0.23360577839421776
42	146	0.2266829987933308
42	86	0.21146076974857173
42	60	0.2103714834804967
42	132	0.20032392623426706
42	31	0.19760595961098215
42	168	0.1903015196577647
42	6	0.18869148797694074
42	141	0.18127432760930806
42	178	0.18002642638003702
42	2	0.15925283978066487
68	67	0.6296705071684937
68	69	0.6085277604101378
68	40	0.5557826361048003
68	32	0.6146122053118165
68	35	0.5589123372764935
68	41	0.5546620369621614
68	37	0.5521785029546523
68	51	0.4809735079942074
68	50	0.4781629610415593
68	36	0.4638534307036913
68	62	0.4581916460517216
68	92	0.4361285641256156
68	61	0.4260821743897923
68	47	0.3940791492466409
68	65	0.3915166513918044
68	34	0.3562638098233099
68	64	0.3351866281511663
68	89	0.32635205528451233
68	137	0.3029640504790613
68	86	0.2900400576055449
68	165	0.2883264406296239
68	30	0.28515092256651314
68	94	0.2764184068994429
68	38	0.2505785245216194
68	140	0.2236167385212172
68	22	0.21504023082210166
68	146	0.1919105283171312
68	6	0.1870514910979162
68	84	0.17847783686495394
68	33	0.17668617785756954
68	55	0.17451525061756173
68	2	0.16198060421272215
68	134	0.1586485042974989
68	24	0.15084011534525318
68	100	0.1482591607936599
35	37	0.5930320520855168
35	32	0.6198614166416757
35	62	0.6160289517362364
35	34	0.5716766979811315
35	137	0.4790957667072973
35	165	0.4774529975538066
35	36	0.47190633408925897
35	41	0.4491620070726545
35	40	0.4424073139352003
35	50	0.44106318157907204
35	140	0.4293096189594742
35	69	0.4040084023147164
35	51	0.3795125019375157
35	67	0.3732638848287567
35	174	0.3677251606352629
35	22	0.3631676540163122
35	47	0.36274220480577296
35	89	0.34474711029581245
35	61	0.339175010053746
35	38	0.33485815695747506
35	33	0.3348315205894593
35	24	0.3144985829601709
35	114	0.3112148684146025
35	141	0.3021191747841345
35	92	0.2924012475338681
35	134	0.2802561180908077
35	138	0.2754945589744934
35	94	0.268642354401023
35	65	0.2550997436044777
35	31	0.2375537907388348
35	127	0.22645531885468725
35	60	0.22104069579002444
35	179	0.21862344567190944
35	30	0.21264501120519533
35	146	0.18609595284030192
35	168	0.1802199375071945
35	178	0.17148863386990515
35	153	0.1606365126650959
35	64	0.15903841179424105
35	166	0.1497160865112847
32	36	0.7293513055944923
32	38	0.5422660659628941
32	30	0.4204594417049177
32	41	0.5750865496639755
32	37	0.527308731345003
32	62	0.5036091587245808
32	40	0.4985464864596959
32	34	0.4831458657705425
32	114	0.4566179930431956
32	141	0.4353022090941567
32	50	0.40403350532677984
32	51	0.3961803900906312
32	140	0.3782278161782602
32	61	0.3603429749282789
32	69	0.3586885536300255
32	134	0.35414914662002656
32	67	0.3529854099168539
32	137	0.3504792389554027
32	33	0.3450026180785179
32	24	0.3398562514435349
32	31	0.32897640307491205
32	22	0.3251900203000531
32	47	0.3080232724917372
32	70	0.29898992435445604
32	89	0.2968667393786449
32	174	0.2913126124515909
32	2	0.2594699391526305
32	64	0.25393071628911945
32	178	0.24347049446900776
32	39	0.23785570960038066
32	165	0.2130268915425328
32	144	0.19685630174617413
32	4	0.1941825770919336
32	3	0.19391312037282024
32	65	0.1895978587380268
32	199	0.18455090484111691
32	93	0.18037473636607906
32	142	0.1778581529421413
32	13	0.17656023330614104
32	100	0.17349704276564776
32	60	0.1729150429846522
32	138	0.1726142957528808
32	146	0.1670106980037062
32	52	0.1652895608722225
32	92	0.1597108855732639
32	150	0.15570311349140528
32	0	0.15241310007069458
32	6	0.14783858574218306
62	34	0.5754210911711345
62	41	0.5562731274912955
62	50	0.4871601395007884
62	37	0.4722016567929772
62	40	0.4665802612011292
62	51	0.4646143828788422
62	22	0.4569028862024793
62	38	0.4526117138946023
62	60	0.4371564299372704
62	165	0.4318186286416172
62	67	0.4079171007170092
62	33	0.3891687113019419
62	47	0.38525841928623467
62	89	0.37630663778021306
62	174	0.37216169601686144
62	134	0.3637838525976653
62	137	0.3564209534419935
62	36	0.34079348104982604
62	138	0.33887408885698983
62	24	0.30175564126965365
62	61	0.3015192974137053
62	31	0.2982248241572046
62	69	0.2899301485689116
62	92	0.2795280063951155
62	140	0.27932518382497723
62	94	0.26642341717354817
62	65	0.2560063953692764
62	179	0.2326885053399361
62	114	0.22194408977602445
62	141	0.21928988622568807
62	93	0.2084113660331993
62	4	0.206372981427537
62	146	0.20212780096384506
62	178	0.18909650197498776
62	63	0.1812549847468204
62	182	0.17826483645931848
62	80	0.17737392668198335
62	64	0.16149368367552802
62	199	0.15601534001700615
62	30	0.1533311323074839
62	70	0.15117236236121492
62	144	0.1446972643346054
67	50	0.6095719965910278
67	69	0.5236677188912043
67	65	0.4893839807448177
67	51	0.4667445287040498
67	41	0.4489224987590085
67	40	0.4440947228724045
67	47	0.4146551875129095
67	64	0.4065991586386269
67	92	0.37036839942092703
67	134	0.3630461125418051
67	66	0.3399446982101568
67	89	0.3359054292773085
67	162	0.33214739326813764
67	60	0.3266111441139826
67	61	0.32209243737306864
67	63	0.3135160577372077
67	170	0.3127584239374045
67	167	0.31080839612938593
67	37	0.3097510362825193
67	34	0.2997546403361141
67	174	0.2920811392582643
67	22	0.2915962792835953
67	86	0.27537442131528805
67	33	0.2690319995544087
67	38	0.25867699041111675
67	36	0.2532850950288477
67	165	0.2431412136814857
67	55	0.2363739807722747
67	100	0.2348250128588177
67	146	0.2256582443102799
67	94	0.1998823452248562
67	72	0.1934222490424281
67	54	0.1868295288524793
67	137	0.1827053092870052
67	30	0.1753198557622873
67	76	0.17500967422754446
67	93	0.1704207820504119
67	6	0.16690376422269534
67	195	0.16290553577421332
67	179	0.16126967380722634
67	132	0.15607387902177772
67	164	0.15099647113189935
67	185	0.1491685930137828
67	178	0.1474766527724163
67	45	0.14590129655968773
67	158	0.14344383260975652
69	61	0.6808892428607005
69	92	0.5691400790302401
69	37	0.5680031793688194
69	65	0.5669794698205299
69	41	0.4872897835125243
69	50	0.4276032915348063
69	86	0.4054383020990507
69	84	0.4036401549046816
69	63	0.388362293074998
69	36	0.3797435902230949
69	166	0.3671888759487817
69	47	0.35118954023939825
69	40	0.33384559904720124
69	89	0.31405698052843284
69	94	0.3125509071147589
69	91	0.3117747104090736
69	6	0.30494264442869623
69	167	0.3000549591793105
69	51	0.2877578809899405
69	183	0.287143241661521
69	55	0.2770094017003433
69	81	0.2761782555007398
69	76	0.2647782802391243
69	90	0.2606447253974241
69	162	0.2431788486094499
69	100	0.2360907224919421
69	64	0.2357790920377962
69	168	0.22808647684530275
69	77	0.225980906183304
69	54	0.22449055441672566
69	30	0.21649899901190303
69	160	0.2088609073762
69	194	0.20544410788853254
69	60	0.19990154608905675
69	66	0.199411876130108
69	170	0.17971677959687551
69	165	0.17810023379244272
69	187	0.16775912432808535
69	4	0.16574668462610553
69	34	0.15563480978922845
69	140	0.14314999281365387
69	158	0.14225852457889054
40	51	0.5336394972848817
40	38	0.5210791553308445
40	50	0.471292034717201
40	41	0.4666741322880539
40	36	0.4537718546832603
40	47	0.4238369949326081
40	37	0.3220565866527265
40	31	0.3140750077794584
40	24	0.31357015918033504
40	65	0.3119462315872665
40	114	0.3086838626505109
40	34	0.29811549281058003
40	86	0.2897652706745281
40	137	0.2858306088447085
40	165	0.2695235689620984
40	141	0.2446178340852492
40	92	0.2444862068822039
40	22	0.2442041182522395
40	39	0.218032999365432
40	84	0.2166133714219837
40	153	0.21266410676596548
40	33	0.211670922524015
40	140	0.20951115136733328
40	30	0.20628681290998446
40	144	0.2043711336038268
40	146	0.20156183836769265
40	174	0.1996231185381709
40	7	0.1991141849169294
40	63	0.19600064169780032
40	164	0.19516392136973235
40	27	0.1918431054870623
40	94	0.1877558533637941
40	66	0.1781970600983135
40	134	0.1774029826820653
40	70	0.17734487037267313
40	20	0.17715115374493545
40	89	0.1735940309602231
40	138	0.16992555110445628
40	150	0.16888625845796534
40	53	0.1496574308788472
40	64	0.14708532945411082
141	114	0.7111911659747286
141	24	0.5887495032974233
141	144	0.516951153714594
141	36	0.6231020555743124
141	140	0.598566282342379
141	39	0.4818569830947049
141	127	0.4594232589697889
141	2	0.4511553982592985
141	150	0.4358774947076876
141	142	0.4350184866836295
141	34	0.4286976520934699
141	0	0.3807615255616001
141	33	0.3785705417962644
141	10	0.371739486177502
141	138	0.3582876699539159
141	134	0.3512859697636057
141	13	0.3435305460731061
141	137	0.3416593741909102
141	31	0.3412795127925713
141	165	0.32555661449706
141	181	0.3177747879081042
141	38	0.3177028645450895
141	22	0.3060034671420675
141	106	0.29767808922030065
141	3	0.28948127398573603
141	20	0.2775355800633174
141	30	0.2584437037758478
141	7	0.2576129588132147
141	111	0.2524988167306842
141	37	0.2406462737434461
141	153	0.2376009685882569
141	174	0.2364778320791372
141	70	0.2335963240887293
141	100	0.22799167702745504
141	130	0.22422464859206406
141	52	0.22127846789844396
141	155	0.21600331659753036
141	122	0.21530726689229945
141	146	0.2120338675728902
141	58	0.18906757453550596
141	164	0.1739625553752198
141	168	0.17266280554941127
141	4	0.15984731146257872
141	166	0.15685429416878344
141	27	0.15219820341416326
141	26	0.15102578700106398
141	59	0.14210175901008054
36	114	0.5302982459671585
36	37	0.5300394344119894
36	41	0.4787027324122045
36	13	0.4528979185971022
36	38	0.4168471356398653
36	30	0.4008237751007291
36	24	0.3915420525347982
36	140	0.3819408336561693
36	34	0.3678635170067409
36	70	0.3580784607813025
36	0	0.3569271679187606
36	61	0.3411999928038437
36	2	0.33387225519370195
36	3	0.3256996491078224
36	39	0.31783771785106485
36	10	0.3090004784261479
36	51	0.3019919480431045
36	50	0.2938363549114436
36	31	0.2869780743499246
36	106	0.2774248194948334
36	144	0.2764645859043844
36	150	0.2760304528794317
36	47	0.26908765596293355
36	108	0.2613529538567103
36	134	0.2603557621170786
36	111	0.2485155276892679
36	100	0.2482621858876195
36	20	0.24298125707184345
36	92	0.23810098483839046
36	64	0.2331708346498863
36	86	0.2284940667653141
36	63	0.21386679907184344
36	6	0.2055111524145472
36	7	0.18384567305266808
36	33	0.18139038183841072
36	142	0.17793562115790226
36	94	0.17273071785737584
36	137	0.16266216042088202
36	22	0.16249665387212905
36	65	0.15895068692831016
36	178	0.15237402902264074
36	181	0.14723208110113695
36	78	0.14222913157809167
142	156	0.6090815943756663
142	39	0.6030140411689132
142	125	0.4056889575388936
142	58	0.3204782416287479
142	52	0.5956836732319809
142	38	0.482770157519416
142	135	0.4797119042218133
142	70	0.4476600239669106
142	164	0.4460513816714098
142	114	0.4426324832518827
142	106	0.4373586313985817
142	144	0.43462113014632653
142	0	0.42236743325131215
142	45	0.416185924509344
142	122	0.3948391109666061
142	181	0.3675262448276764
142	27	0.3630808399382873
142	130	0.3514875710500319
142	33	0.349013518044942
142	149	0.34219805586818924
142	7	0.33290340603731805
142	22	0.3252973262862414
142	155	0.32250465424132524
142	134	0.3213393783764165
142	157	0.3120906547054502
142	31	0.3099318359386368
142	127	0.2981610484891466
142	3	0.2976051764636779
142	174	0.27179408988200315
142	26	0.2653361270261431
142	124	0.25178713459240665
142	24	0.2433293809987727
142	178	0.2432258912398015
142	2	0.2390534964528409
142	59	0.2334072287053788
142	147	0.2322817465607487
142	44	0.2227805781073864
142	150	0.22236237486247976
142	143	0.2206316663033585
142	199	0.2130364377176313
142	29	0.20996047647549895
142	182	0.20967368344004667
142	191	0.2084687591975977
142	153	0.18969426217511312
142	21	0.185854599542528
142	13	0.1787682650042697
142	192	0.17627925924708818
142	117	0.1744279902487963
142	195	0.1727501210723248
142	72	0.1707605966324886
142	4	0.17067321961619752
142	10	0.16541600647143098
142	111	0.16142550851964005
142	136	0.15412199045808178
142	83	0.15239356460620945
142	20	0.1513384730665515
142	185	0.15005822335183192
142	146	0.14448186368677327
142	126	0.144070606258627
114	140	0.6148486057865742
114	2	0.4614562847833271
114	144	0.4698439030488514
114	137	0.459005024128506
114	127	0.4558974288238699
114	150	0.4309314608063292
114	24	0.4016627788297332
114	0	0.4009328836539561
114	33	0.3977893791028985
114	39	0.3878186862079532
114	34	0.3876402563789157
114	134	0.37924711994325294
114	38	0.35988170581905243
114	31	0.3477922428614633
114	52	0.3374127519072905
114	111	0.3233734931959128
114	165	0.3183770024544249
114	138	0.30121017645708165
114	3	0.2970946899909198
114	156	0.2938363549114436
114	30	0.28964618149774257
114	22	0.285334649876333
114	174	0.2786520031456179
114	181	0.2739136000334633
114	164	0.2606447253974241
114	130	0.2570526909430177
114	10	0.24890016688962555
114	146	0.2409194605883536
114	155	0.2344848355191391
114	135	0.22461399933226914
114	178	0.22441458473325146
114	20	0.22216274899907373
114	70	0.2114416639809148
114	153	0.2064208514431701
114	106	0.2029621096254881
114	122	0.19897012758422636
114	13	0.19504848934165087
114	157	0.18448328810026968
114	7	0.1745734226740154
114	58	0.1680117960893267
114	47	0.16711762785579046
114	27	0.16474481006366148
114	41	0.15936004814080895
114	59	0.15296981068665638
114	100	0.15113327624821182
114	37	0.15087920499976493
114	4	0.14875791284152529
24	39	0.5375759252627182
24	34	0.5341471173801564
24	138	0.5109170661256505
24	22	0.4915635580010946
24	33	0.4744054481583557
24	26	0.4402251156549494
24	127	0.4091084581642699
24	38	0.38758077331273616
24	137	0.3828202322261887
24	144	0.3825727046389013
24	140	0.3695138874044674
24	134	0.339175010053746
24	150	0.33889179202404257
24	27	0.33529314185733555
24	130	0.3330367756747741
24	31	0.3262537673795369
24	164	0.32156354561428235
24	165	0.28944462553771355
24	174	0.2775632690528227
24	146	0.2741818204083916
24	2	0.26237752298874284
24	7	0.2548379461578425
24	122	0.2517777685364359
24	149	0.22441458473325146
24	52	0.2205079909399669
24	47	0.2144583623714779
24	155	0.2053674832118462
24	51	0.19513506386946888
24	30	0.18773655833655103
24	13	0.18048115539915915
24	37	0.1799877224819165
24	70	0.1760854672928198
24	64	0.17278892709998106
24	0	0.16933310333069082
24	45	0.15308700056335448
144	29	0.2877762247924052
144	150	0.4394750410654216
144	52	0.4177225612716414
144	127	0.4063988165825281
144	157	0.39532014083832573
144	155	0.3939186439221455
144	130	0.3651886348085993
144	39	0.3533880291120306
144	20	0.3479680387421917
144	106	0.3375013641805891
144	122	0.32452811506607426
144	0	0.3239554000308851
144	38	0.32238817056109353
144	124	0.31425526783191715
144	140	0.3135340917777569
144	33	0.3122350634009605
144	22	0.31030240515428104
144	134	0.29917203446723706
144	178	0.28988435087959563
144	149	0.26247994741610164
144	174	0.2563147413477893
144	31	0.25573538164590864
144	164	0.25383716199466794
144	156	0.2535096845706443
144	3	0.25218046633453106
144	45	0.2453698164583847
144	27	0.2433293809987727
144	137	0.2398641835332767
144	34	0.23728957407633056
144	70	0.2360151801716557
144	58	0.2303035546429565
144	138	0.22409168315597994
144	125	0.2082678768431825
144	2	0.2022716682536409
144	25	0.1991333919112664
144	111	0.1925846568907488
144	146	0.18922185041958015
144	7	0.18793914889328509
144	121	0.17177009144270178
144	117	0.1684199115219601
144	72	0.16776884288054325
144	21	0.16553272065947974
144	135	0.1637231316021581
144	165	0.1600909139319583
144	153	0.15781978668922253
144	118	0.1549516910146748
144	13	0.1536435936260402
144	26	0.1519539852001384
144	51	0.14744730512347567
144	53	0.14650804353956773
144	128	0.14165101831695226
170	60	0.5466352308173549
170	183	0.5312176646064509
170	182	0.5231013854272759
170	195	0.45736959179126097
170	162	0.4363714698995506
170	194	0.4308826016585259
170	66	0.4291709409870446
170	50	0.3886000361404701
170	179	0.3722736850354499
170	185	0.3663580178892535
170	158	0.3430453617302725
170	174	0.34255116771190597
170	159	0.32544038790293256
170	166	0.3126140675679281
170	193	0.3123704334496313
170	65	0.3077969746543007
170	80	0.3051512420908737
170	94	0.2928858581876233
170	167	0.2832481159997876
170	91	0.2751710918362074
170	160	0.2717107363257344
170	71	0.26994082899689537
170	92	0.2562680256114633
170	63	0.2493597546674125
170	191	0.2455671629538463
170	81	0.2332370277647077
170	76	0.222856606257338
170	134	0.2226000003913464
170	187	0.21651806149302885
170	45	0.209262550510788
170	82	0.19537553271019564
170	10	0.19293128085814465
170	55	0.19112060450024865
170	61	0.191062795462536
170	97	0.19081227432108155
170	147	0.19062918545708624
170	168	0.18239597320562695
170	199	0.17788720378144768
170	77	0.1646377936185174
170	93	0.1602565524753112
170	47	0.14633190252560438
179	174	0.5249656329806096
179	192	0.4036820077912389
179	89	0.5057779336996795
179	191	0.4081504830736308
179	87	0.3606648885817945
179	158	0.3604125851566794
179	195	0.3420214636865315
179	153	0.3366061055550214
179	168	0.33167578089269417
179	155	0.3310971619655181
179	165	0.3229525773493511
179	82	0.310338553202283
179	60	0.2936627497840069
179	50	0.28610607547432043
179	4	0.251571703375423
179	182	0.2399584277897262
179	47	0.23774249541011785
179	51	0.2312502965620654
179	185	0.2255158777389028
179	159	0.2233792263596783
179	132	0.222999151731146
179	194	0.2021182095009376
179	193	0.1929120252334297
179	137	0.1914866976023355
179	138	0.19088936039827697
179	38	0.18841179797851013
179	22	0.17639552786177176
179	125	0.17577537177971747
179	33	0.17429224645216018
179	34	0.17218737346140287
179	129	0.17217766992961075
179	71	0.1670690238647788
179	128	0.1545807930035316
179	70	0.14428603303237564
195	60	0.4643477353855329
195	182	0.4527945776615152
195	50	0.4332087416825536
195	174	0.4088919512696407
195	191	0.3962899797885723
195	80	0.3958684191676177
195	87	0.37870760298830336
195	71	0.3639226703259113
195	156	0.3509528180040266
195	89	0.34192432768741604
195	199	0.3219848824410549
195	193	0.3170014202495794
195	97	0.3026007213545266
195	38	0.2902873249623737
195	93	0.28406650522454874
195	52	0.28251213298032835
195	70	0.2710159649165416
195	185	0.25407103882193555
195	21	0.24860934936059065
195	183	0.24484345974248226
195	194	0.2397322339788586
195	125	0.23830850170747306
195	155	0.2332464837475413
195	66	0.2285983210952889
195	82	0.2273469237071871
195	45	0.2176329288762584
195	132	0.21555520013045154
195	51	0.21387634166135727
195	159	0.21160405785395373
195	72	0.19620256597077707
195	88	0.19388424827381606
195	134	0.1923728074654132
195	157	0.18520766217557494
195	22	0.1839326296828043
195	158	0.18040376015765
195	47	0.17856496857467893
195	192	0.1661551179449178
195	147	0.16526038034670218
195	178	0.16346035741377782
195	4	0.16191244008007466
195	6	0.161259933870596
195	164	0.15394626123073651
38	31	0.4667445287040498
38	70	0.4625653143716433
38	39	0.41834149814402255
38	199	0.4159461266838175
38	174	0.3906187615025367
38	52	0.3894062787686228
38	51	0.3797778214953397
38	34	0.3704546789499894
38	22	0.3680969564519984
38	41	0.3553729487833151
38	50	0.3549360161490702
38	33	0.32475176729168903
38	134	0.3207474038514751
38	47	0.3122170131029406
38	164	0.30523285929390065
38	156	0.30114652604506315
38	146	0.2970035138079099
38	165	0.2917518167455767
38	45	0.28365276456476346
38	155	0.2653082389019688
38	178	0.25386522878178336
38	153	0.2537529590686832
38	137	0.2521617381398278
38	72	0.24079700223794925
38	60	0.2378368410173949
38	182	0.21952785116135431
38	37	0.21921373193419733
38	140	0.21529773044395886
38	125	0.20923386405515795
38	130	0.2073014831539491
38	26	0.20414114654205068
38	192	0.20261691412068145
38	138	0.19861474940919452
38	27	0.19676978792995495
38	106	0.1869163859172164
38	157	0.1846571561897098
38	59	0.18431906874578816
38	7	0.18353647062673328
38	89	0.16771053107671752
38	191	0.15973037535966725
38	122	0.15849252743521713
38	135	0.15478576835008687
38	87	0.1540634151317639
38	4	0.1429442899362339
30	2	0.3649892914985632
30	100	0.30899143321115513
30	134	0.2848201606041644
30	7	0.276806270850305
30	37	0.2741448270295205
30	41	0.2714235984337262
30	90	0.2655871001598575
30	150	0.24862811313511946
30	31	0.2400809385612433
30	56	0.2376198394141744
30	163	0.22255247740046388
30	20	0.2210692298311245
30	61	0.21900429386226106
30	64	0.2185663126952013
30	34	0.2087748318175053
30	22	0.19748103265745112
30	33	0.1772964425034441
30	140	0.15248147325839992
30	135	0.15210051835705207
30	63	0.14310101705917286
106	0	0.5430139401677065
106	3	0.3992866565772312
106	20	0.39084753995383936
106	135	0.3821970406515849
106	181	0.36993690592675216
106	39	0.33898030425947034
106	7	0.3270666640296455
106	70	0.32069357554944705
106	124	0.31233433601012744
106	108	0.3078150797632923
106	13	0.30776076376760025
106	121	0.28098390744667723
106	19	0.2793528429164429
106	111	0.2691896880440839
106	52	0.25364068251806965
106	16	0.247276645162275
106	120	0.23337886287479595
106	15	0.2312313660085072
106	118	0.23119350437612055
106	115	0.21900429386226106
106	163	0.2189281295584572
106	156	0.21843299658932128
106	27	0.2032497340184202
106	116	0.19869159236256448
106	150	0.1957698507461606
106	25	0.1913999961523562
106	18	0.18906757453550596
106	122	0.18529457355760987
106	100	0.18180620131738304
106	78	0.17351644067385855
106	31	0.16414157585405326
106	117	0.16134759216917546
106	83	0.15555674659296834
106	149	0.1472809968767123
106	21	0.1427875556440919
19	121	0.7224782339099103
19	124	0.5315621244886216
19	44	0.5060904265458194
19	117	0.4964319513035192
19	20	0.4591155210414702
19	136	0.4419809478452142
19	18	0.44154633162318985
19	23	0.36757813915082427
19	120	0.34493213827792946
19	16	0.3319961394504846
19	15	0.2819783371750485
19	126	0.2558849114325554
19	123	0.2555204111399673
19	151	0.24637513134251265
19	115	0.2436304106086557
19	25	0.21753766321245452
19	116	0.20854528118335405
19	53	0.19547171367085614
19	0	0.1932200973892171
19	21	0.19129402365707676
19	83	0.1898388604726432
19	161	0.1847730618289769
19	56	0.1783326111288447
19	191	0.17478670978545804
19	118	0.1721679663644039
19	58	0.1609287573460183
19	181	0.16010065762535194
19	188	0.15428794799832268
19	135	0.1517390578216061
19	190	0.15132870208509885
19	45	0.1512700755754213
121	124	0.6783871261041479
121	117	0.5669658989810279
121	120	0.5284052088265097
121	20	0.5114636925342507
121	18	0.5240160019375456
121	115	0.4707551203679964
121	44	0.41220112182714014
121	136	0.4115285243149402
121	15	0.3989251493598304
121	23	0.39390174722698973
121	16	0.3748894101325665
121	116	0.3500493546552019
121	151	0.3382631827071459
121	118	0.324000151950906
121	126	0.30127382418505555
121	149	0.29144072640044033
121	123	0.27899323858087216
121	150	0.2721552414910874
121	53	0.2676678570286259
121	157	0.23992073062979896
121	161	0.2344753853283611
121	0	0.22331271819934287
121	135	0.21806157302685897
121	29	0.19875882794289326
121	21	0.18396161458648969
121	25	0.1724784638685685
121	143	0.16735091570217894
121	45	0.1589799288292345
121	111	0.15414151532613607
121	108	0.15390720896833318
121	127	0.1527451847330754
121	83	0.14901214948434668
121	3	0.1454902120122986
121	43	0.14388454487225202
124	118	0.3696951998246093
124	117	0.4946665843423065
124	120	0.457741194019463
124	15	0.438869695386976
124	18	0.4272763734657176
124	16	0.4217345911330959
124	20	0.4149284102711289
124	115	0.3843468575973295
124	44	0.3640874953821531
124	116	0.31465176017813595
124	149	0.3116753993852865
124	157	0.3087381445014662
124	23	0.307842237008802
124	45	0.2982157135104921
124	135	0.2930047019855865
124	43	0.28612443823551553
124	150	0.28408489124450137
124	126	0.2840481189956807
124	29	0.2576222951447973
124	187	0.2558755661795216
124	136	0.2557727652400594
124	0	0.2500817370778593
124	123	0.2493128630971705
124	127	0.2179282260757801
124	125	0.21768056015332546
124	164	0.2136759387121985
124	151	0.2091573650796164
124	72	0.18827676427830686
124	3	0.18717693957287546
124	53	0.1768605530689619
124	25	0.16766193701038287
124	58	0.16424861025079254
124	7	0.1547272053243188
124	122	0.1524228677582763
124	147	0.1441783213537942
124	156	0.14231730982778892
117	120	0.5064102220990264
117	44	0.4629032414679482
117	23	0.4333630717132087
117	18	0.40875036417578303
117	115	0.3947378139183939
117	16	0.3777049599416284
117	118	0.3651106348916977
117	123	0.35456887286119554
117	136	0.3514262175864657
117	20	0.3002460402107004
117	151	0.2945671111345789
117	126	0.2744869848147264
117	149	0.2731271914873009
117	125	0.2677328405852211
117	15	0.2600014854303896
117	45	0.24957544082734925
117	22	0.24588663316934464
117	4	0.2293942720258999
117	21	0.21948026026288944
117	157	0.21727089730834567
117	116	0.19324897720162265
117	135	0.17800340403755294
117	150	0.16277898306259456
117	164	0.1605390915094013
117	143	0.15908714674584268
117	188	0.1549419310998175
117	131	0.15437580434873888
117	52	0.15394626123073651
117	156	0.1448147498182654
120	18	0.5601625271160585
120	115	0.5945599295445132
120	116	0.4924806340589341
120	16	0.41354496945699787
120	44	0.4107058515850074
120	149	0.3525563891093389
120	15	0.347906512966581
120	151	0.325967798820469
120	118	0.3258694833462663
120	157	0.3232481273793887
120	43	0.32279134168432616
120	20	0.3060669111144453
120	135	0.30065541841358645
120	108	0.2980152655374368
120	161	0.2944301205501126
120	23	0.2856836739881181
120	147	0.2812601985615081
120	189	0.27795086647055584
120	25	0.2469761880343585
120	53	0.2304929379718444
120	0	0.22442408109288156
120	45	0.21586031058005392
120	126	0.2077608099391328
120	146	0.20755029652242502
120	111	0.20304840062339796
120	3	0.18863362359055724
120	136	0.17036252404935665
120	150	0.1653187411083501
120	188	0.15880447324142313
120	164	0.15548843970238688
120	123	0.14801464693058872
120	125	0.14315978788042746
20	150	0.419858311187214
20	16	0.33271666616745976
20	0	0.3242238897988545
20	15	0.30065541841358645
20	3	0.2886931454632401
20	111	0.2839561847180018
20	115	0.28075362926441977
20	53	0.27940815970855165
20	135	0.27351581552971016
20	18	0.2615765465396738
20	157	0.2532850950288477
20	7	0.2508784077941804
20	23	0.2489939694252584
20	13	0.2457456970077096
20	116	0.2438937730185548
20	31	0.2323195880167419
20	100	0.21424847079762546
20	58	0.2064591467442353
20	86	0.2042944737554456
20	25	0.20356608033888116
20	126	0.18652068008567144
20	146	0.18454124541365552
20	151	0.1753877033358969
20	187	0.16656349426255074
20	44	0.1636647393444476
20	108	0.15293074643817042
166	183	0.7222582692296637
166	61	0.5746044718055193
166	194	0.5536018425356706
166	81	0.4957987009183623
166	199	0.42027831790495945
166	167	0.4164091325265753
166	182	0.3962394013308937
166	162	0.3371734689026685
166	185	0.3338811404572084
166	160	0.2962465425809387
166	181	0.28465475418025515
166	97	0.2733955366708005
166	65	0.269449378798915
166	63	0.264192350326231
166	165	0.26375510093603977
166	37	0.25254562835702865
166	193	0.2415316372154993
166	4	0.2393740405520289
166	91	0.2317897436788728
166	168	0.220878995743556
166	92	0.21228216470511144
166	41	0.1957698507461606
166	140	0.18211560618792236
166	190	0.1810905647548882
166	10	0.16930396339366535
166	78	0.15726393378489714
166	76	0.15625924530210314
166	93	0.15113327624821182
166	158	0.1455489414554471
183	194	0.6684744211380802
183	81	0.6509986972934738
183	182	0.5700520851663123
183	61	0.5250235834334614
183	162	0.5197374736743247
183	167	0.5093191434705469
183	63	0.4227370855563656
183	91	0.4115202178380202
183	185	0.4096578457213376
183	97	0.39507543341521983
183	193	0.3894402127500428
183	65	0.3801542968359433
183	93	0.3366061055550214
183	76	0.3302777679057812
183	60	0.3234719869462149
183	80	0.3217428534573448
183	199	0.3127223361992238
183	92	0.2957629805692372
183	94	0.28961869810625074
183	90	0.2887848084434634
183	160	0.2638295340250508
183	66	0.2382047459916644
183	181	0.2342958232851764
183	78	0.21859487937089006
183	41	0.21496392889369545
183	158	0.2057697346549324
183	159	0.20338394673491253
183	77	0.18081006023156868
183	84	0.18061659169351285
183	85	0.18026831310994804
183	88	0.17917481205684552
183	54	0.17600794668830833
183	4	0.17405952739087932
183	10	0.17146922197036027
183	55	0.16891540263324625
183	100	0.1471635978054425
183	50	0.14566639726409206
183	190	0.1450692876876531
194	167	0.551169802630494
194	162	0.5243858607485455
194	81	0.6124796297255904
194	193	0.5478891325288106
194	61	0.5197885629226234
194	185	0.4809735079942074
194	90	0.4650141961794466
194	93	0.4614956367801946
194	97	0.442592278537882
194	91	0.4127737211405374
194	182	0.38913476886502096
194	88	0.3622905422429211
194	85	0.34349526611777864
194	65	0.3330812292598055
194	94	0.28559183288083195
194	60	0.27668622735374393
194	63	0.2404390031118257
194	78	0.23964740458777786
194	92	0.23742168679873624
194	163	0.237138577359542
194	160	0.2295647930713122
194	199	0.22474693194838946
194	100	0.2141626003587239
194	191	0.2120052161414765
194	181	0.2062389401287073
194	190	0.20237716538486086
194	55	0.19254614014806276
194	54	0.1897617424050429
194	56	0.1860283761793667
194	41	0.18362343748271087
194	10	0.17784846926014405
194	76	0.17070234558662126
194	158	0.17040136284908486
194	66	0.14304224522868986
81	61	0.6558294439835172
81	90	0.6743616888767302
81	93	0.6250740124829068
81	97	0.5861364163850816
81	167	0.5265647236497996
81	91	0.5135871648425043
81	88	0.4808043839145977
81	78	0.4415302307442657
81	63	0.4251650686610259
81	162	0.4180362044580132
81	193	0.40701641233845137
81	56	0.40033684458003693
81	185	0.3947462557056533
81	76	0.3516716133250797
81	41	0.31972431214177555
81	54	0.30771549890548633
81	181	0.3042803798328185
81	85	0.2831653345442885
81	94	0.27530048617241115
81	65	0.27361758326829233
81	77	0.2735898290379355
81	66	0.25991756753644457
81	80	0.2596191610124914
81	182	0.25932070490230746
81	92	0.2492190764496319
81	60	0.2350234230864479
81	100	0.21216756943257184
81	163	0.20844962830230754
81	10	0.1999399473568522
81	190	0.17010034831139112
81	199	0.15685429416878344
81	131	0.15001912381598032
81	71	0.14175880948574845
182	60	0.5596545153496338
182	80	0.5216325782082254
182	199	0.4293096189594742
182	185	0.3948644337289396
182	45	0.32705773372646496
182	147	0.30122836179611906
182	193	0.2768986061229408
182	181	0.2669900263422165
182	63	0.2610827419405693
182	93	0.2524520039223368
182	134	0.24120202750116904
182	167	0.2402882470597653
182	162	0.2383556615984043
182	97	0.2380443855546165
182	164	0.2267588866024155
182	135	0.2137045688064595
182	76	0.20949202918566054
182	174	0.20898523302559785
182	156	0.20575058139978575
182	61	0.20149468132248952
182	50	0.1811292527229208
182	4	0.17011005895358794
182	165	0.1631586251132679
182	191	0.1618734884533554
182	57	0.1617468921834475
182	31	0.15679576981424184
182	78	0.1540341270624825
182	52	0.1469287872264987
182	22	0.14328712119570622
59	164	0.3362159014032892
59	149	0.3080685278778941
59	27	0.3022736499294815
59	15	0.2917518167455767
59	45	0.2715162288422309
59	146	0.2624985694038853
59	58	0.2546976821540263
59	39	0.2263794200407489
59	43	0.21482085570504109
59	115	0.2078851951868837
59	156	0.19869159236256448
59	64	0.19794226949701044
59	7	0.19657752403606174
59	157	0.1896171397179508
59	82	0.1776451039841947
59	150	0.16805066670953206
59	165	0.16663155143109734
59	83	0.16458914849827108
59	57	0.15653239659740062
59	18	0.1480439895502146
59	174	0.14777989659650828
0	3	0.7122816480005941
0	111	0.5737397510054687
0	13	0.5712928570667432
0	108	0.40085734817448826
0	135	0.3803595939518455
0	10	0.3612649845257385
0	150	0.35210969979547524
0	39	0.3312485171385919
0	70	0.32436706298949114
0	7	0.3164076194345267
0	156	0.3105192799790553
0	181	0.29541618239076245
0	2	0.2701633262456831
0	52	0.25311663495143577
0	78	0.24108900564054786
0	29	0.23337886287479595
0	58	0.22368323716899155
0	122	0.22151621370139526
0	56	0.21530726689229945
0	164	0.2066218947160536
0	140	0.2019647408225348
0	116	0.1958371670151437
0	149	0.1818545482031127
0	126	0.1807810408425039
0	157	0.1748448761517507
0	155	0.16384964422445306
0	147	0.1599155221178283
0	178	0.1598862891668194
0	100	0.15660068068169922
0	33	0.15604460965641234
0	127	0.15044919287554515
0	161	0.14773098818005692
3	111	0.5590085961237221
3	13	0.5543365476223014
3	108	0.4831228683350443
3	70	0.319562703097299
3	10	0.2690598279832947
3	187	0.2503348339457755
3	39	0.2493972670817392
3	150	0.2448246586168137
3	135	0.22357873835916844
3	157	0.2070813566604756
3	6	0.1943172944664316
3	2	0.1915252306209582
3	52	0.18431906874578816
3	155	0.1786327357461491
3	7	0.1748448761517507
3	181	0.17454433679809264
3	100	0.16534792105503673
3	53	0.1643167210351663
3	58	0.1625745404464567
3	126	0.15917486770480752
3	78	0.1475353472911948
3	16	0.14508886672887952
3	63	0.14393350938183674
140	137	0.5996432852258266
140	165	0.5321860100954652
140	34	0.4597151135446757
140	127	0.4389019905556427
140	138	0.4270965208841832
140	33	0.35533799988384696
140	2	0.33636667579156915
140	168	0.2911387268064708
140	37	0.2798967107876261
140	150	0.2760858803927293
140	146	0.2553895471547149
140	153	0.2520400002703049
140	22	0.2408912016497129
140	155	0.2403824709511944
140	39	0.2320357599609045
140	174	0.1915926619828341
140	134	0.17923288521566447
140	47	0.17558154436454948
140	4	0.174457077342866
140	122	0.17061496678060914
140	130	0.1623603474948661
140	156	0.15141663985333892
140	178	0.15053715453790184
140	31	0.14709511309877873
2	134	0.3666696582228762
2	10	0.3568573576857918
2	137	0.3226300872818412
2	127	0.28175740505558594
2	33	0.2817297864392008
2	111	0.2732104755781869
2	13	0.25203063548831955
2	100	0.24573630089409534
2	165	0.24076874152969344
2	34	0.2403730487658688
2	150	0.2380349521834561
2	4	0.2379972182497349
2	29	0.2346643807216226
2	22	0.2330668125324587
2	164	0.22763139830920945
2	6	0.198547509821778
2	181	0.19782696849585732
2	39	0.19572176656725213
2	130	0.18127432760930806
2	138	0.1684393441511687
2	174	0.16258427612581658
2	31	0.15911638734467198
2	64	0.15443437389282727
53	157	0.3005280681693097
53	125	0.2638109260473271
53	18	0.2617349077068929
53	86	0.21638462065890493
53	21	0.205693120688605
53	115	0.20510885634432607
53	77	0.2035085659854157
53	111	0.20195514870072773
53	51	0.1927194608162948
53	84	0.1917178868558906
53	108	0.16809925424990407
53	25	0.1667968265151293
53	15	0.15937954016618247
53	158	0.15935030208152734
53	126	0.1546588804199746
53	132	0.14966720689075014
53	155	0.1491588155118896
53	65	0.14556851770857124
108	13	0.6871098432583167
108	111	0.5604369527895169
108	10	0.3308033062280191
108	70	0.3032818912375105
108	6	0.2741818204083916
108	25	0.21658477887676686
108	64	0.2104288273869528
108	55	0.1937206333698862
108	150	0.16859480047022318
108	18	0.1669134856378045
108	189	0.15096715499713806
108	78	0.148669903265969
108	115	0.14402164372294407
108	187	0.1436690926633702
108	7	0.14322835256247546
45	164	0.5858606419893198
45	44	0.5270921134335924
45	72	0.3795895366295797
45	149	0.5544404456311484
45	43	0.4765182912647041
45	147	0.4598491756086678
45	146	0.43534273381143584
45	22	0.4272191513112863
45	80	0.4225235258157872
45	33	0.4047361425131103
45	157	0.4008489550069798
45	31	0.3960033367320829
45	156	0.3804622284563054
45	60	0.3740812351185617
45	52	0.3716963948888803
45	135	0.36982469146165664
45	134	0.3199846431421994
45	150	0.3138316207859325
45	130	0.3026824780800471
45	125	0.2992994985808176
45	15	0.29571735368157176
45	18	0.2767231647341853
45	155	0.2737655981340143
45	174	0.2734510510529225
45	136	0.26506652323385793
45	39	0.2464502738048661
45	23	0.24517244962426865
45	115	0.24271777032203426
45	116	0.2397322339788586
45	27	0.2381198509069677
45	151	0.23516513268821385
45	137	0.21246359527886213
45	7	0.20033352491828407
45	165	0.1918334735063556
45	122	0.19003164539186976
45	70	0.18902900410573945
45	123	0.18610560650529984
45	58	0.18511109057512964
45	64	0.1803166878406506
45	16	0.1784100658220483
45	26	0.17625019132469194
45	126	0.17481579312113035
45	127	0.16553272065947974
45	153	0.1633143617284636
45	29	0.15918461432290792
45	47	0.15795629668026387
45	178	0.14493223121872498
45	82	0.14367888624121766
164	149	0.6184369465915789
164	146	0.5215525046740936
164	33	0.4478279242859856
164	150	0.43649289894145293
164	156	0.4059479040701733
164	174	0.3854712927665669
164	22	0.37863050811120463
164	43	0.3653012923035347
164	39	0.3634540957313889
164	147	0.3616822661873085
164	31	0.3606387906742801
164	134	0.3603951829758733
164	135	0.35905446234368565
164	72	0.3494437573189092
164	157	0.3183500431144067
164	130	0.30818618535685466
164	165	0.3076340186437037
164	52	0.3037085998263765
164	7	0.2891147513279009
164	137	0.2767601012969215
164	27	0.2682711820216014
164	44	0.26812269075745665
164	26	0.2643225738450962
164	64	0.2625451235178801
164	138	0.2603464399440367
164	153	0.24129620738741014
164	34	0.23868574935003056
164	57	0.2323952688187317
164	155	0.22983002001770456
164	178	0.2255918077759775
164	47	0.22195359716313312
164	80	0.220584099695272
164	127	0.2079138985202338
164	60	0.20186881786120248
164	29	0.20060227245036372
164	122	0.19835538641794626
164	136	0.19652945569979194
164	70	0.1878716204836672
164	125	0.18783303202353208
164	58	0.18339151948265472
164	15	0.16646626698318545
164	51	0.16237982021398278
164	151	0.15301864032499354
44	136	0.5128800373198344
44	123	0.4654138198877928
44	23	0.457725384414745
44	149	0.5057481655501812
44	18	0.4779855286891066
44	33	0.3963068387399878
44	22	0.3912456687431653
44	15	0.3761778715156844
44	72	0.3746143506068916
44	16	0.3673445966741829
44	43	0.3490486451370989
44	125	0.3474933337381942
44	116	0.2975687187833399
44	115	0.2957447299760962
44	147	0.29155967999232985
44	25	0.2792975242699548
44	118	0.2730346488062901
44	135	0.26546626573458
44	52	0.2565576438707222
44	151	0.2438561520184545
44	156	0.2431976657988804
44	157	0.2291289890785745
44	26	0.2213165089953024
44	122	0.21853774564488745
44	137	0.21043838456392747
44	126	0.2038344620727724
44	143	0.1988740845847448
44	127	0.1957890841541624
44	29	0.18953037415685445
44	21	0.18783303202353208
44	191	0.18087777091501234
44	83	0.17432133496643926
44	161	0.17177009144270178
44	131	0.16387883867976186
44	138	0.16168846133988504
44	129	0.15522495634408098
44	58	0.1512114480015216
44	27	0.15027326240583236
44	130	0.14796574198548235
44	146	0.14525528399010448
44	39	0.14524549496686098
44	7	0.14207236467207718
72	149	0.3666177238786694
72	125	0.35151386446739163
72	157	0.3271916821399521
72	33	0.3174960645128469
72	26	0.28895895351972023
72	136	0.2732012219925451
72	156	0.25519323363131924
72	146	0.2462718056202595
72	43	0.24474945227306205
72	130	0.24354575077249796
72	80	0.2428212872470597
72	155	0.238478272053693
72	52	0.23337886287479595
72	22	0.21800442533020245
72	178	0.2142389298012567
72	123	0.20245388762118535
72	23	0.2019071875105716
72	151	0.1973080462867312
72	27	0.18998345053529506
72	134	0.18995453318183345
72	122	0.1814774191949231
72	138	0.1769671102334231
72	150	0.17075088820772438
72	137	0.16735091570217894
72	60	0.16591200973236894
72	18	0.16518256419753902
72	147	0.15670798121784849
72	165	0.15582020208797004
72	161	0.15553723049028198
72	15	0.15326277730445848
72	39	0.15010709711157594
72	25	0.1500875476957005
72	127	0.14968675882676552
72	31	0.1490903721820337
72	174	0.14576427396810188
147	135	0.5505080550748287
147	116	0.4873507850277117
147	43	0.4437574924436979
147	146	0.35818306986372034
147	115	0.3195986178253511
147	15	0.31730722071232464
147	161	0.30141929462484235
147	60	0.2885464736867479
147	151	0.28622542966517833
147	78	0.2798137594934324
147	149	0.26601460110831043
147	31	0.26238683454466544
147	80	0.2493222415047516
147	71	0.24375269048411774
147	189	0.2425107198908411
147	70	0.23417295583278075
147	7	0.234154052483715
147	187	0.22631300632335574
147	199	0.2262845426574183
147	16	0.22282809601874431
147	188	0.21730900871139275
147	18	0.2104574987972036
147	22	0.206133616534778
147	157	0.1925750277607055
147	23	0.1882960552428642
147	77	0.1878716204836672
147	156	0.1868584815320086
147	58	0.1839422913529104
147	134	0.17108095603843812
147	150	0.1623992928066208
147	174	0.1526377493484431
147	159	0.15126030438699836
147	118	0.1475255649435497
147	125	0.14320876279358144
157	155	0.5577147202149157
157	125	0.4049284479987709
157	149	0.38147951310676936
157	150	0.3708342329237468
157	52	0.35003180522335475
157	156	0.3495139864803056
157	43	0.3045888684792895
157	146	0.2991902442801531
157	130	0.29133091508418923
157	70	0.2860877125029761
157	151	0.2679370587609615
157	153	0.2616044936516652
157	122	0.2609336419851559
157	51	0.2583783781145056
157	18	0.2473611401650873
157	25	0.24409127122402066
157	115	0.2427554134799065
157	174	0.2407875820472289
157	111	0.2329438704262505
157	27	0.2285414557469422
157	126	0.22520263738451826
157	21	0.21492577694529308
157	15	0.20793303387687714
157	47	0.2038919684601207
157	135	0.19235354753725512
157	127	0.17355523608636486
157	128	0.1603637255477211
157	31	0.1602078361931272
157	28	0.15752724497285858
157	80	0.15672749000887465
157	178	0.1459306578155134
157	39	0.14296388121882153
157	116	0.1428169438696135
115	116	0.6658497804869628
115	15	0.6062369210170256
115	16	0.5764168836103315
115	18	0.5073093646161251
115	189	0.4145144072076377
115	43	0.3589586397712268
115	118	0.35336177532667884
115	149	0.2931875209187104
115	188	0.2797584563094234
115	146	0.2741818204083916
115	151	0.2693009888776473
115	77	0.2289584320629509
115	135	0.22767880696691015
115	126	0.2117473368635212
115	23	0.20522380515737787
115	7	0.20275116280571245
18	15	0.4970420856363964
18	16	0.4784714460957311
18	116	0.4053296658019567
18	43	0.3887188882753291
18	149	0.3712309069366068
18	136	0.3150751648380131
18	25	0.2909556685014885
18	23	0.2526766946209264
18	118	0.2522179221571819
18	143	0.2473235872948891
18	125	0.2448622606840184
18	83	0.21618444424952935
18	135	0.21136523929451015
18	77	0.20575058139978575
18	126	0.20053508839608414
18	151	0.1894821697882214
18	123	0.18215427926242214
18	188	0.17074117974980565
18	128	0.16216561335052956
18	133	0.15632753536840285
18	80	0.1550395288870919
13	111	0.6616540758146767
13	10	0.5390177045115341
13	6	0.4132962444392947
13	150	0.3003370227102174
13	70	0.291120421935053
13	39	0.2376104040236352
13	100	0.2151737528793413
13	7	0.16966333524747906
13	64	0.16590228498418444
13	63	0.1631099557531146
13	77	0.161396290123995
13	91	0.15096715499713806
13	66	0.14685051335209212
111	10	0.4685649541099398
111	6	0.33409436897897
111	150	0.2879504803828957
111	126	0.232981699559877
111	181	0.20994135806325304
111	135	0.19375913196419506
111	77	0.1920646308398521
111	7	0.1544538968330076
22	33	0.6832316296880034
22	134	0.5631744431144322
22	34	0.6153707833744704
22	137	0.5285709699032285
22	31	0.4531284045263736
22	127	0.42603306589555606
22	138	0.4120267877895743
22	39	0.4003536390537832
22	23	0.3958937175130069
22	174	0.3693670900716679
22	165	0.3643216812349852
22	52	0.3346983307231104
22	146	0.3192843328291973
22	149	0.304107961311229
22	26	0.2860877125029761
22	130	0.2763814627764081
22	123	0.2624333915912817
22	150	0.2515623362350776
22	51	0.2498192301482881
22	60	0.2389497798490977
22	125	0.2386103055805587
22	50	0.2380726853986246
22	47	0.2375632263983847
22	37	0.2326885053399361
22	21	0.2304929379718444
22	156	0.2284656328565697
22	58	0.22504125296629995
22	122	0.22194408977602445
22	89	0.2190709354388657
22	4	0.20952071239807607
22	155	0.2087748318175053
22	64	0.18865291186490735
22	126	0.1811872836238141
22	27	0.16966333524747906
22	178	0.1680409491034677
22	136	0.16066573840156947
33	34	0.6773602009760279
33	137	0.5654576227793685
33	138	0.5392659686348095
33	134	0.5034673333707261
33	127	0.4699997377445309
33	52	0.4325098775262822
33	174	0.3979745508890217
33	39	0.3798206091231294
33	130	0.3409967528680412
33	123	0.3378291775765618
33	156	0.3352132573811147
33	149	0.334467436608419
33	31	0.3312574198533004
33	150	0.3257532832439551
33	122	0.3182422006051183
33	165	0.30203738740011643
33	58	0.28622542966517833
33	178	0.28303655500483993
33	26	0.2560811506961319
33	136	0.2490127293718974
33	146	0.23230066737665125
33	125	0.23136387620572185
33	23	0.22918583829133998
33	60	0.2268727131534089
33	64	0.21222486779844066
33	27	0.1994982957202256
33	51	0.19549094941183584
33	155	0.187061141197262
33	50	0.17067321961619752
33	132	0.16056831818463474
33	4	0.15889220228986242
33	29	0.15844378304303927
33	185	0.15124076192147465
134	34	0.4151850059260213
134	137	0.4083754798328337
134	150	0.3581307664464233
134	174	0.3562026929724025
134	146	0.3520571375595194
134	31	0.3231227502155567
134	60	0.3203346672765173
134	100	0.2957538552996551
134	39	0.2785228686802007
134	64	0.27290508056313273
134	149	0.2670828954949766
134	178	0.2579490364334766
134	52	0.25715541966841554
134	165	0.24793372930038846
134	4	0.2428589283943352
134	50	0.2358924178172413
134	162	0.2326506707454299
134	58	0.23026567588312344
134	127	0.22701498762641645
134	138	0.2178615495485606
134	185	0.20919561488745214
134	80	0.2091573650796164
134	41	0.205587772367982
134	130	0.2016002129712905
134	156	0.19042680865061987
134	47	0.1882960552428642
134	23	0.18280196939764728
134	37	0.16718567207857427
134	167	0.14638083151628514
34	138	0.5909274816058683
34	137	0.5549389155276839
34	165	0.4533667745102626
34	127	0.4459552519466264
34	37	0.3219848824410549
34	41	0.3147598754077574
34	174	0.3118198495318716
34	50	0.31135936446718665
34	31	0.31015780398952386
34	39	0.2989717121450505
34	89	0.2843606564663785
34	47	0.2746996424713605
34	150	0.2648991620976483
34	146	0.2550716956662112
34	130	0.2541645812357051
34	51	0.23653447596946384
34	4	0.2179663260351687
34	60	0.19324897720162265
34	178	0.17989096029866294
34	26	0.17780005033352372
34	155	0.17393346311251975
34	58	0.17238143707743858
34	123	0.1609092752446151
34	64	0.1583950378785307
34	52	0.15549819792066485
167	61	0.5018082058635187
167	162	0.4678544446847917
167	65	0.4543354776853789
167	185	0.4528025273962233
167	193	0.3990428630063397
167	91	0.3942396305372515
167	63	0.37054957904881897
167	90	0.35711912550168723
167	97	0.3551108078236557
167	93	0.34995282973943426
167	100	0.326343120311993
167	76	0.3094978791299957
167	78	0.3090457036625958
167	88	0.30273698008922123
167	190	0.2701447859099642
167	66	0.2679927504495352
167	163	0.2652896465725499
167	84	0.24321648280525976
167	86	0.2280485574370036
167	92	0.2059516827143532
167	41	0.2028758154750362
167	187	0.19935426134661333
167	85	0.19604872041401
167	199	0.18065528651980728
167	54	0.17721895612684666
167	181	0.17678305434502842
167	56	0.1751744624976025
167	55	0.15090852193102164
167	94	0.1502048424299632
162	100	0.3328233778607829
162	185	0.4180857179599533
162	85	0.3789559840627553
162	91	0.3529941638989572
162	65	0.3512070734343828
162	160	0.3437245684944588
162	61	0.3405901773632066
162	97	0.30982335883384804
162	93	0.29714939310044475
162	193	0.29551657934859005
162	90	0.2823464909178072
162	88	0.2643876819907081
162	66	0.2547444380130921
162	163	0.2399867001847797
162	64	0.2384688407500641
162	60	0.22246693335173892
162	55	0.20683249276591625
162	190	0.19448086999545366
162	158	0.18967498178023012
162	94	0.1781583299899596
162	92	0.16619401338546125
162	50	0.15797579761482214
162	56	0.15547868145376306
162	41	0.1545807930035316
61	41	0.5458985588420332
61	37	0.4966278503965654
61	65	0.4753116239488179
61	63	0.472885155121269
61	93	0.4590287032340689
61	90	0.4525242438500498
61	92	0.4277176864453789
61	97	0.42236743325131215
61	78	0.3867136540460807
61	91	0.3752846925864495
61	94	0.34434171729792284
61	50	0.3414915422123845
61	199	0.3182961228895381
61	60	0.30051897131316896
61	54	0.2838550509821116
61	85	0.2773602057572901
61	185	0.2643132724847414
61	84	0.2539026504995851
61	76	0.2492941061417201
61	88	0.24542620324737036
61	89	0.24335760451710614
61	4	0.2314490567999086
61	56	0.22806751722763502
61	193	0.22770725164343986
61	6	0.205635658559094
61	86	0.2032497340184202
61	55	0.2022716682536409
61	64	0.1876690246002363
61	77	0.18448328810026968
61	70	0.17619205455776127
61	160	0.1732739571489868
61	190	0.1686336632398502
61	100	0.16762306117068854
61	187	0.1668551566604222
61	66	0.1585607682863214
61	71	0.15783928848596313
61	80	0.14560766987284354
92	84	0.5729677959064132
92	94	0.6292599412016714
92	65	0.5755347914442301
92	50	0.5137785586191392
92	41	0.5125188390825869
92	76	0.4669713213679922
92	63	0.4160867048414118
92	66	0.3997824761128349
92	86	0.3843127659735052
92	91	0.3813598804449625
92	90	0.3589325050289479
92	77	0.3567177252621637
92	47	0.33902455812704024
92	55	0.31669555386108805
92	60	0.2992539769091173
92	93	0.29842524463442793
92	51	0.2640993276287497
92	89	0.2492378341531725
92	57	0.2346738300257324
92	37	0.2264742931285195
92	82	0.2206316663033585
92	187	0.1911013349683044
92	6	0.1855359788500604
92	133	0.18198024599080048
92	189	0.17537801092736274
92	80	0.17487395887727147
92	126	0.16847820901678676
92	64	0.1620974534149478
92	78	0.15250100818682927
118	16	0.3604125851566794
118	116	0.2669528772924659
118	128	0.2544825898667502
118	149	0.2478117166158743
118	15	0.24066511544017866
118	133	0.2377141908530742
118	135	0.23293441303268814
118	23	0.21406718487753845
118	123	0.18969426217511312
118	125	0.1839326296828043
118	151	0.18065528651980728
118	87	0.17905866199365625
118	126	0.16859480047022318
118	130	0.1581220506951634
118	132	0.1481417963996328
50	51	0.6783277446734065
50	41	0.6422946156657497
50	89	0.5567218293225623
50	47	0.5927402333858459
50	94	0.5651173977778899
50	65	0.5025560188800675
50	66	0.4895892895078628
50	60	0.4813731135463497
50	174	0.4524765292460625
50	93	0.3946111791124723
50	63	0.3705236979708361
50	82	0.3694275382653331
50	84	0.3277005661721341
50	37	0.2660982303667701
50	6	0.2642295580290927
50	165	0.24626241209514865
50	64	0.2407875820472289
50	137	0.2404201592394965
50	86	0.2346832792854921
50	80	0.23262229433742265
50	76	0.22461399933226914
50	178	0.19684668925128698
50	132	0.19267131739195506
50	158	0.1853042301989264
50	57	0.17563000249515534
50	85	0.17217766992961075
50	91	0.17041107246629458
50	55	0.16940109536565673
50	155	0.16775912432808535
50	168	0.16241876527276575
50	138	0.1582877957991185
50	146	0.15730294426168395
50	54	0.14988227174586602
51	47	0.6150973290792261
51	41	0.4584049359722524
51	89	0.4386597491540339
51	174	0.4176482627710253
51	94	0.3519782900419671
51	155	0.3506108066831116
51	132	0.29411042880231913
51	65	0.2841860106193823
51	178	0.28137991023480863
51	66	0.2703950635334141
51	37	0.25466027660933377
51	125	0.2517965006012125
51	86	0.2515904375147222
51	82	0.21791870098213972
51	28	0.20311551366367486
51	6	0.1989509192900248
51	137	0.18843108792570615
51	146	0.18446396871066195
51	153	0.18443498935897384
51	27	0.16788546296600054
51	138	0.16232140167725415
51	60	0.1620974534149478
51	192	0.16046115233257705
51	70	0.1590091704512277
51	129	0.1530381719711311
51	39	0.1517683669459271
51	130	0.15035145490137472
51	128	0.14786792992460515
51	84	0.14775055163335438
51	64	0.14726143065292108
51	52	0.14572512362879655
41	93	0.5241538155883867
41	65	0.4940091862661876
41	94	0.4884936825010667
41	89	0.4367033382811241
41	63	0.4129147462786018
41	47	0.3591764073980305
41	90	0.3167045508718563
41	60	0.2996545208481613
41	37	0.2960002186280947
41	66	0.27482907310777754
41	84	0.2716366408532284
41	91	0.2481964991341051
41	88	0.23381376193677386
41	78	0.2323479686472028
41	174	0.20509927702110786
41	85	0.20290458054206031
41	97	0.1911302392109797
41	54	0.19077373039987724
41	86	0.18717693957287546
41	132	0.16810897165997604
41	64	0.1662815262357472
41	76	0.15752724497285858
41	199	0.14629275881753426
41	80	0.14252305029037232
89	87	0.4593364722546341
89	82	0.3866115950044827
89	47	0.3801200770071851
89	88	0.3768558771496665
89	174	0.36972109930113095
89	94	0.3691339034745931
89	192	0.3649632877293254
89	93	0.3622905422429211
89	60	0.3293865572597614
89	66	0.3004916804166977
89	191	0.28406650522454874
89	65	0.28390102164512465
89	37	0.2697924814791385
89	132	0.26859596221364523
89	85	0.2563521130747471
89	158	0.21849013306198328
89	6	0.2093199223414698
89	4	0.20714835390101527
89	165	0.19525049184285126
89	54	0.1932778566791704
89	168	0.17914577500917128
89	137	0.1741177089800414
89	159	0.1725269760091382
89	193	0.16814784097353005
89	138	0.16191244008007466
89	97	0.15032213293592522
47	153	0.4585470999250004
47	82	0.4268512128919308
47	146	0.438910064170634
47	86	0.39440008778779095
47	174	0.37869903715034975
47	168	0.36153449549339006
47	165	0.3245549552498304
47	84	0.3130831729394727
47	37	0.3033908496829064
47	137	0.2871891184407608
47	65	0.2854816166275386
47	6	0.28130624254898795
47	94	0.27137728134367656
47	60	0.2602252472778921
47	189	0.2338043086034237
47	155	0.22613272991333275
47	63	0.20186881786120248
47	31	0.1971254362315209
47	66	0.19218983216615526
47	138	0.15038077660230936
47	64	0.148396080641792
47	132	0.1475353472911948
138	127	0.4774066739087128
138	137	0.5291904151162704
138	123	0.4161445841853033
138	165	0.3807957258671215
138	130	0.3539042403941486
138	39	0.34064321617913795
138	122	0.3205859127310787
138	26	0.3016374739755401
138	174	0.2942565817723611
138	146	0.20413156325856474
138	31	0.1966448181193496
138	150	0.19588524893449305
138	125	0.1852752601676189
138	149	0.17273071785737584
138	136	0.17027513481475007
138	129	0.16936224297165636
138	156	0.16420968909934222
138	27	0.1636647393444476
138	52	0.15730294426168395
138	153	0.1548638506923108
90	88	0.6158241423589585
90	91	0.5888736304750146
90	54	0.34638499608580525
90	93	0.5244656082897858
90	78	0.4892775029856072
90	97	0.4344426701013437
90	193	0.4019059639296889
90	63	0.3991101220425359
90	94	0.3911609727470844
90	76	0.3788617769762622
90	85	0.36614155261713416
90	56	0.3604038840976354
90	66	0.3552768369191915
90	65	0.3244207491050931
90	77	0.2926207124909216
90	55	0.2918433021639106
90	100	0.2613436368860253
90	185	0.25080344148778594
90	64	0.2495848179249394
90	84	0.2198324081633813
90	87	0.19289276946012848
90	163	0.19053281756898907
90	86	0.18526560341894796
90	131	0.16945937296938274
90	6	0.1680409491034677
90	10	0.16220456119042265
90	187	0.16140602962065084
90	181	0.15377052226409266
93	88	0.613833792893671
93	97	0.5274025778265253
93	87	0.4624867074028256
93	85	0.4244028792705189
93	193	0.4171693162480544
93	91	0.3773877002023954
93	94	0.3773791243847942
93	78	0.3713171224971049
93	60	0.3662974116089097
93	66	0.3564034940354588
93	63	0.29871671834935903
93	185	0.2927487194826427
93	80	0.2911936401416662
93	65	0.2754298705347488
93	131	0.266850713315108
93	56	0.2605328741802947
93	54	0.24231306023182864
93	76	0.2151642158562597
93	163	0.205760158047064
93	199	0.201206843963796
93	191	0.19042680865061987
93	71	0.18770761552401105
93	132	0.1771317813269266
97	88	0.4839120654013475
97	193	0.4541529353804906
97	78	0.4201795089859043
97	56	0.4182919974781353
97	87	0.3698851159761356
97	85	0.3605952929068341
97	185	0.3581569184360643
97	71	0.3355327663559473
97	191	0.3041170364671091
97	54	0.26057015869657996
97	60	0.2567911734312514
97	199	0.2277641398305933
97	66	0.22435760568045449
97	21	0.2135614146650384
97	163	0.2128646003443984
97	190	0.20673676875435806
97	91	0.20511843562824827
97	131	0.2048022985196623
97	133	0.17744172353440438
97	80	0.1698187253243409
97	181	0.16935252979089968
97	63	0.1637328635335861
97	132	0.15853152239272986
97	76	0.14784836716524766
97	160	0.1454902120122986
88	87	0.6071342649793189
88	193	0.5705109348509335
88	85	0.4275951199456139
88	91	0.4848075780361257
88	78	0.435196836573516
88	66	0.34700085886141746
88	56	0.34244524431461243
88	185	0.3364287543519458
88	54	0.3296094150275044
88	191	0.3165066034730241
88	163	0.2436962545812484
88	94	0.24139038272871094
88	190	0.22402519730893594
88	131	0.21818538790580472
88	192	0.20215657511991705
88	83	0.15835604119099725
91	66	0.5041090631091892
91	76	0.5060457928417421
91	63	0.4295298306063876
91	65	0.4246324190025684
91	94	0.4116281967051391
91	193	0.37020445070857466
91	84	0.3504441518914075
91	54	0.3396970321140473
91	77	0.2844709493843396
91	78	0.2688928506726447
91	185	0.2660610623019038
91	55	0.21041927016975592
91	10	0.2001991398430739
91	131	0.18822853623133445
91	82	0.1813033416400589
91	86	0.17054700363171527
91	159	0.1583950378785307
91	80	0.1468994347391812
91	60	0.14528465088919895
91	100	0.14248386257978168
54	63	0.3058312483743888
54	76	0.3057405988775943
54	78	0.28967366441161096
54	185	0.2600574285112599
54	193	0.2530136795686796
54	159	0.24588663316934464
54	66	0.2435363438949153
54	87	0.2400809385612433
54	86	0.2346832792854921
54	77	0.23001944694035995
54	55	0.19643331619338367
54	82	0.1784100658220483
54	65	0.16904169064565394
54	190	0.16360634593991552
54	43	0.1494325745327068
54	94	0.14809289333703618
181	185	0.3708428577114799
181	135	0.3672407851448535
181	10	0.3281735685158165
181	199	0.3241433483506249
181	78	0.2680484403471414
181	56	0.2443169586668021
181	193	0.2409759772401387
181	100	0.2250032783671076
181	58	0.2171946725150193
181	7	0.18750500671170825
181	191	0.1627984530592593
181	156	0.16061702868428576
37	165	0.27601197663365235
37	31	0.2734417987823956
37	86	0.2714606512006352
37	70	0.2714328617008854
37	153	0.2280011572037928
37	137	0.21692786488343227
37	168	0.2071100700014388
37	65	0.20573142798700672
37	4	0.18391330623596788
37	63	0.17504844882064374
37	146	0.16017860604917236
37	64	0.14931525204077348
37	6	0.14618511125852304
37	199	0.1458915094172918
37	94	0.1448734910290934
37	100	0.14285612777856924
70	199	0.44460835593852144
70	71	0.4151932821057681
70	52	0.3866456157373364
70	156	0.3388386818029913
70	155	0.3148139299600902
70	39	0.30116471215092405
70	174	0.2460275589350677
70	192	0.24169171326077235
70	135	0.239317477735594
70	78	0.2349478405462677
70	31	0.2323858088723573
70	125	0.2317424294548284
70	122	0.2261232412519914
70	80	0.22463299021798036
70	60	0.215049768378583
70	7	0.2106104068695867
70	87	0.20279910691793526
70	21	0.18166115538715907
70	150	0.1689445465131546
70	178	0.16844906041667582
70	63	0.1620585041858019
70	191	0.15680552394981315
70	188	0.14726143065292108
7	135	0.3550408941325028
7	43	0.3372266466699088
7	78	0.3000549591793105
7	16	0.2895545683355533
7	39	0.2799796579027221
7	156	0.2642760665516408
7	31	0.26125978195859473
7	149	0.2569966546439833
7	116	0.24347049446900776
7	15	0.22691065395996035
7	27	0.2039015527212308
7	10	0.19670249728767225
7	77	0.19068700442651695
7	150	0.18900007590063175
7	83	0.17598856619603448
7	199	0.17537801092736274
7	143	0.15984731146257872
7	159	0.15308700056335448
6	4	0.3114406371706699
6	10	0.3039809033338498
6	100	0.17469945794860464
6	55	0.15601534001700615
6	60	0.14696792347372753
10	77	0.2456423372183377
10	150	0.21535494851799086
10	4	0.17451525061756173
10	56	0.1632364944377417
10	185	0.15185629271734966
10	60	0.14351239159192114
10	100	0.14214095107089267
116	188	0.3519782900419671
116	15	0.5925391121414909
116	16	0.5446266930084972
116	43	0.4669009440097516
116	189	0.4633981010581442
116	146	0.3564907885789038
116	151	0.3298589721265862
116	135	0.29061695447754426
116	161	0.2844525677541821
116	187	0.24521004487435355
116	77	0.22824762661026002
116	150	0.22096460316375707
116	31	0.21578403691695489
116	78	0.2108015274679447
116	149	0.1805972440706893
116	25	0.14953034006201232
15	16	0.6363644108758391
15	43	0.4807505642032043
15	146	0.3049063635868281
15	31	0.2790209032325011
15	187	0.2670828954949766
15	135	0.25279839070621085
15	149	0.2494535342998886
15	189	0.2489095473533464
15	153	0.22335072311703896
15	151	0.21613678052005805
15	188	0.21461099835045486
15	150	0.17939741904818668
15	136	0.17481579312113035
15	83	0.17218737346140287
15	23	0.16191244008007466
15	165	0.15298934263163816
188	16	0.2949232299898165
188	43	0.22795375588983885
188	187	0.1781389647287714
188	126	0.17699617055838962
188	156	0.17458311789829073
188	189	0.1689348319193406
188	135	0.14827872112008214
86	84	0.647911081343179
86	187	0.30035521855437297
86	76	0.4804121859339936
86	65	0.4639554537503575
86	63	0.4184157444835767
86	94	0.34075812617576545
86	77	0.338457995370683
86	189	0.3181073858853064
86	66	0.2938911735567071
86	43	0.2882072433402181
86	64	0.2361284925820653
86	55	0.23131655212046776
86	82	0.1948560906214391
86	146	0.18158379432507424
86	78	0.17481579312113035
86	153	0.15519567905136494
86	100	0.1467624530450712
63	76	0.6534980767033711
63	84	0.5346186444065376
63	78	0.4095995914194688
63	77	0.401998191727535
63	65	0.3954551278168821
63	66	0.3889989885512194
63	80	0.35461258613191066
63	94	0.3247964933798899
63	60	0.24257660197088746
63	82	0.22400620096960586
63	57	0.2133037141008934
63	64	0.18227029510415704
63	55	0.1590579058679038
63	43	0.14474621711548266
76	84	0.6359655638559447
76	77	0.6213432102679599
76	66	0.4950969867725359
76	78	0.3868667248483644
76	94	0.3229794481379868
76	65	0.3176758923413274
76	80	0.2932149419098448
76	82	0.291431575750742
76	133	0.28225446027375445
76	57	0.2644248855633861
76	187	0.24720153533574216
76	43	0.2325277034505253
76	55	0.1927868600516042
76	189	0.17859401185564674
76	193	0.17846815539105754
76	185	0.16581476079871385
76	131	0.1417784075189806
84	65	0.5075321218699619
84	94	0.42847724764013617
84	77	0.4014027596879072
84	66	0.3964922695654502
84	82	0.3697124662061255
84	189	0.34314241325442024
84	57	0.335834453966774
84	187	0.2571367421505548
84	55	0.18819959896739408
84	64	0.17301205134569936
84	158	0.1681284063821034
84	146	0.1572541810890087
84	168	0.14474621711548266
77	78	0.3906611315241333
77	66	0.38402294485751903
77	43	0.3012192691539893
77	55	0.2446648416160284
77	133	0.22743227016452897
77	94	0.2263699324956896
77	187	0.1890097186721197
77	80	0.1753198557622873
77	126	0.17255608289175428
57	64	0.2859683480676197
57	146	0.21566008659818453
57	150	0.1991333919112664
57	65	0.1746122033679954
57	80	0.16606760131352358
57	66	0.16086056944253793
57	82	0.1583950378785307
57	161	0.14935436000539634
187	94	0.2691804126499973
187	43	0.2633456628176883
187	185	0.22641736979141436
187	65	0.2253640094461829
187	16	0.2202511040708937
187	126	0.20125481927140507
187	64	0.19788461968092272
187	66	0.18985813962358306
187	55	0.1699352623410249
187	193	0.1685656530490112
187	158	0.15908714674584268
187	78	0.15436604265255918
187	80	0.14563703369676104
187	150	0.1439628877493183
189	146	0.5160492840649151
189	82	0.3119733120202872
189	151	0.28039433075577025
189	168	0.2717570443603646
189	159	0.2319032933417371
189	16	0.1987972474345568
189	43	0.1976443973825294
189	31	0.1910242553676858
189	161	0.18752430347679006
189	150	0.1820769325499807
189	153	0.16177610717996174
60	80	0.6396611367462892
60	174	0.4667679928618376
60	71	0.3300906624460435
60	94	0.2636806647058253
60	199	0.24718275741488754
60	82	0.245924214390241
60	66	0.24464603874171725
60	87	0.2419929971858207
60	4	0.21948026026288944
60	165	0.20126441421707167
60	31	0.197375320224904
60	185	0.1827439737552148
60	155	0.17962968501927676
60	146	0.17400134458645736
60	159	0.1686336632398502
60	193	0.1612404539030973
60	137	0.1541805647010802
60	132	0.15063488692285093
60	168	0.14673309909236698
60	156	0.14553915328614445
60	126	0.14486370089819445
80	199	0.2506628715554661
80	78	0.24994111293506746
80	71	0.23868574935003056
80	174	0.2326601294600778
80	82	0.22164933985137086
80	66	0.21214846965307765
80	193	0.2072632017927349
80	156	0.19892210656211248
80	185	0.18782338481789093
80	87	0.1835944488500336
80	43	0.17157598576984287
80	56	0.15026348821167862
16	43	0.3561939617448868
16	135	0.2581730535114828
16	151	0.2390252106472198
16	23	0.23235742876943674
16	25	0.19946948953493052
16	149	0.18773655833655103
16	83	0.1486014497455019
16	123	0.14553915328614445
43	149	0.43434531387835984
43	135	0.35501467547434495
43	146	0.3512947357144864
43	125	0.20603786366809526
43	78	0.20303881289046047
43	150	0.2029333452588928
43	156	0.1816224751371268
43	153	0.18087777091501234
43	136	0.1689834045601478
43	123	0.1611722730275408
43	31	0.15744922917648865
43	126	0.14241528301146664
4	165	0.2902140645996883
4	191	0.2510095915891883
4	174	0.23473052491898594
4	192	0.2225714867237459
4	137	0.18038441099817293
4	168	0.1618442744022827
4	136	0.14169021549439895
94	65	0.5452453722868873
94	66	0.4670495114949789
94	55	0.3735994988436208
94	82	0.32631631504453484
94	85	0.2275176131280456
94	158	0.1600421949970621
65	66	0.4691656813523325
65	55	0.3226300872818412
65	85	0.27589187606439536
65	158	0.2546415735512074
65	64	0.21955640519897054
65	185	0.19120731557081824
65	160	0.18933755120280968
65	100	0.16968275946861833
65	82	0.15414151532613607
199	78	0.35587086260902706
199	71	0.2646294911430445
199	185	0.2644062838754157
199	193	0.24783048830989698
199	191	0.24126795389868586
199	135	0.19981514099129544
199	156	0.16352848628392944
199	192	0.163265694910142
199	31	0.15999347528245114
199	87	0.15118213381561146
199	52	0.14683094459608653
199	168	0.14247406558233386
78	56	0.35812204899166256
78	193	0.33517775162217056
78	135	0.33401441228927314
78	185	0.2753374541509919
78	66	0.2422659954426052
78	163	0.2349950799668995
78	190	0.20626766391596704
78	85	0.18970390231769502
78	64	0.18231863354055974
78	58	0.17952323226688932
78	87	0.17864241663231273
78	131	0.1604416672256757
78	161	0.15169997857409975
149	146	0.4447286964234355
149	135	0.4187374139998075
149	136	0.3670504402441343
149	26	0.3455134802491781
149	39	0.3282627957982083
149	150	0.3249396070994773
149	27	0.3217787122572831
149	123	0.3068189680206829
149	156	0.28840895659589005
149	130	0.28750104559031764
149	23	0.27974002150215754
149	125	0.2714235984337262
149	52	0.25918078654499643
149	151	0.25535215572559145
149	127	0.24424173245874284
149	29	0.2311556420434584
149	178	0.2095302733887543
149	122	0.2082678768431825
149	143	0.1973849306357648
149	31	0.18634693644786512
149	155	0.1736231267620611
149	64	0.1549516910146748
149	137	0.14324794221913745
146	150	0.5516500061050454
146	31	0.4554140783693226
146	151	0.35274902904296385
146	153	0.3287356025699094
146	165	0.3248948856603394
146	64	0.31943699431903266
146	137	0.3034271674018416
146	174	0.24521944357164566
146	168	0.2136282210727719
146	135	0.2040069770134739
146	130	0.19083154606105268
146	82	0.18701289033953644
146	39	0.1815257720534513
146	155	0.1790489825963691
146	127	0.14974541393235544
146	178	0.14956944545518974
146	125	0.14894370309395302
87	191	0.5729543615943693
87	193	0.4583496436540763
87	192	0.3509528180040266
87	156	0.34388329228821884
87	85	0.31003126619668736
87	174	0.30356335099566234
87	83	0.3015647510340746
87	71	0.28877564238364944
87	132	0.27092330737100706
87	131	0.2522647408727041
87	52	0.22672094304198026
87	185	0.2166514942375398
87	66	0.1985379040138428
87	190	0.1857966714125552
87	155	0.18284063245251872
87	128	0.16907083324506053
87	178	0.1656397045920437
87	126	0.1626232185266652
87	82	0.1501755191426777
87	28	0.14453081958262382
87	129	0.14371806027116346
87	123	0.14229771485635098
193	185	0.5006026493980849
193	191	0.4935706067953871
193	190	0.37539637811895343
193	85	0.3342276194431286
193	83	0.2504191919673323
193	159	0.2461590802657406
193	71	0.2425389553419328
193	66	0.2297921325429417
193	192	0.2148971625534904
193	158	0.20112048597767074
193	56	0.1891832823240307
193	55	0.15224704482778764
85	160	0.5996945170024925
85	190	0.4697971469284167
85	55	0.4609917940979892
85	158	0.4220469542341812
85	64	0.3068189680206829
85	185	0.2972314441073328
85	83	0.29550745262210604
85	163	0.2841216626576163
85	191	0.24597118987662014
85	66	0.20349898012327228
85	56	0.15982782242353555
85	131	0.15502000957167955
153	168	0.4692202714088595
153	165	0.3668081386353223
153	155	0.3233734931959128
153	31	0.3123614091743194
153	174	0.2764645859043844
153	82	0.243846746653748
153	150	0.19761556911084016
153	137	0.19409596919716254
153	192	0.15585923064727658
153	39	0.14754512960997512
82	66	0.3001095562176065
82	174	0.2821072004375069
82	159	0.25456675941378226
82	168	0.24015632600459064
82	155	0.21028546490659752
82	165	0.16540628007989427
137	165	0.6147241982514805
137	127	0.4478359187516861
137	174	0.3960033367320829
137	123	0.29294071029607743
137	130	0.2688279106859779
137	155	0.2531540718511441
137	150	0.20985532322152514
137	39	0.2063921295523521
137	31	0.17588197105021391
137	168	0.1579270450474081
165	174	0.4128981561133514
165	168	0.30054626171755866
165	127	0.3000549591793105
165	31	0.2695235689620984
165	130	0.17965871685810644
165	155	0.174457077342866
165	150	0.15098669911648727
52	156	0.6108335773349823
52	122	0.4481156799362316
52	21	0.4074835348972033
52	39	0.4531125108893582
52	155	0.3714895344098151
52	27	0.3330723386612457
52	125	0.3306251806109678
52	130	0.3021191747841345
52	178	0.2976416332760267
52	127	0.2898019116933332
52	28	0.2530417588778762
52	135	0.2492565916697089
52	174	0.24575509307514296
52	26	0.23822361107176654
52	31	0.21590798028183025
52	29	0.2127213924736015
52	132	0.1913229256890999
52	136	0.1816321452523286
52	150	0.17862305482539895
52	58	0.17844879233959615
52	143	0.1730023506606154
52	191	0.16623290830887294
52	123	0.1517585972674722
52	128	0.15077170731488548
52	151	0.14788749256825476
156	178	0.30506055105178265
156	125	0.3854712927665669
156	155	0.34606815031285393
156	39	0.3451083304847059
156	122	0.34105861187639697
156	191	0.33370342391552826
156	192	0.3257085882760929
156	135	0.3057949892409404
156	27	0.298798685294493
156	130	0.2862988739835642
156	174	0.26081248910368376
156	127	0.23923263046529744
156	31	0.2328871254040205
156	83	0.21994660599578555
156	21	0.2166800859155997
156	143	0.21240630299533853
156	71	0.20334560102416846
156	58	0.191900896595156
156	28	0.18150643101535432
156	151	0.1768896145251015
156	159	0.17342914902687254
156	150	0.16699125579023258
156	29	0.16592173444828442
156	26	0.16390803284801087
156	185	0.1634992883876724
156	126	0.1621850873336437
122	127	0.3489608255677287
122	39	0.3424805530811268
122	125	0.3250022146729391
122	130	0.2881889045028151
122	123	0.2672129039746722
122	136	0.25161853837016906
122	128	0.2353540632717912
122	26	0.23459823435118746
122	21	0.22254297267536316
122	27	0.219899024298028
122	126	0.20972148478619626
122	23	0.19753869204868815
122	150	0.1844446491785044
122	178	0.1760854672928198
122	29	0.1746800682788721
122	132	0.15951598086357596
122	155	0.15917486770480752
122	174	0.14972586234758276
21	128	0.2504285648461434
21	28	0.2433858276233382
21	125	0.2324614872121369
21	25	0.2319884514417756
21	26	0.2127882239509813
21	155	0.20780865121440856
21	191	0.20433280399291864
21	129	0.2039782254029168
21	23	0.19875882794289326
21	132	0.18557460161942535
21	143	0.18449294774161304
21	136	0.18252164534721155
21	185	0.17626956997378074
21	39	0.15411222797891538
21	83	0.1500973224183098
21	58	0.14568597283307352
21	130	0.14483433033531656
178	174	0.2662747678681867
178	155	0.2148590094571701
178	27	0.21437250002948613
178	150	0.20444779094551935
178	125	0.2039303052700454
178	130	0.1899256154987911
178	71	0.18564219008603214
178	39	0.1671759515728128
178	161	0.16017860604917236
178	191	0.15515664223700384
178	127	0.15432699556648324
178	129	0.14879702745209475
178	159	0.14791683631674502
178	192	0.14510844565647826
39	27	0.5416304031436496
39	26	0.5113307674177201
39	130	0.3947040461029041
39	127	0.3807358746487817
39	125	0.3254582695576203
39	143	0.2718681785087134
39	29	0.2396191273108449
39	31	0.2370819506361995
39	174	0.22383522625761426
39	150	0.22230534080315972
39	123	0.2060474391323532
39	135	0.20559734968497045
39	155	0.1980095258850551
39	136	0.1725366783368242
39	58	0.16018834946170682
39	25	0.14457977477091588
125	132	0.33812148255616803
125	143	0.32497538320452485
125	155	0.34547825494496553
125	126	0.32046926866302544
125	130	0.2961188239666641
125	28	0.2674357530221875
125	127	0.2415222205680732
125	26	0.2399867001847797
125	27	0.20861223582642813
125	23	0.20274157386661126
125	133	0.2017057399396506
125	151	0.18795844239828866
125	131	0.1872155378755981
125	168	0.183062934039792
125	25	0.17976516425601508
125	123	0.17498059292645016
125	128	0.1741371025729718
125	58	0.1718574346454122
58	135	0.2053962177607085
58	100	0.18684883067489666
58	56	0.17777099856430725
58	23	0.16495883131571526
58	136	0.14438394977331462
58	185	0.14226832219007413
191	129	0.23923263046529744
191	83	0.4028111200109771
191	185	0.3955226149010397
191	192	0.3719204520961119
191	190	0.3128937449132118
191	71	0.24646905895752225
191	136	0.24378090781654424
191	128	0.2367327169222299
191	174	0.23481556426449696
191	132	0.2182425308658609
191	158	0.1681284063821034
191	133	0.16220456119042265
191	131	0.15191490856318993
191	159	0.1510844179424062
27	130	0.4543037339375547
27	26	0.4286568403025535
27	143	0.3039809033338498
27	136	0.24847799771491674
27	83	0.2470043579085077
27	127	0.23392719848843366
27	155	0.1895014516452941
27	123	0.17321575797584615
27	174	0.1689542610741441
27	135	0.1605001221711741
27	25	0.15552747239340547
26	130	0.3433629576513479
26	127	0.3321295995877547
26	123	0.2813707019554375
26	143	0.2702374855848864
26	23	0.2630012891254617
26	136	0.23002891782911505
26	25	0.21798537576573648
26	29	0.1977500981202158
160	158	0.5996176674941607
160	55	0.4020736447682989
160	190	0.3997488686165536
160	64	0.3261197270489771
160	185	0.20759814216958689
160	83	0.15117236236121492
190	55	0.5107766493836984
190	83	0.4824019443937824
190	158	0.4207804424557761
190	185	0.2964289793664545
190	25	0.17162451343754864
190	163	0.15149480474642898
158	55	0.44901032596652907
158	64	0.3133357048946017
158	159	0.24676959620481406
158	66	0.2053866396170984
158	83	0.16607732551289245
158	155	0.16474481006366148
158	168	0.15898967606756034
127	130	0.41508568640887855
127	123	0.2978785813931417
127	143	0.28313773978808104
127	150	0.2792145428239284
127	136	0.24967858632617604
127	29	0.2365816779832633
127	126	0.2197753069875492
127	174	0.2137236553320248
127	129	0.21104040555300607
127	155	0.21016121010750796
127	128	0.1967313363613089
127	31	0.1744279902487963
127	23	0.14500076014875424
66	64	0.2885373062509706
66	55	0.2708121116890978
66	131	0.2503442072470197
66	133	0.19981514099129544
66	132	0.19464443470864773
66	185	0.18717693957287546
66	159	0.16909026148042988
66	71	0.1610066844973992
135	150	0.3132274823375977
135	161	0.2618839406385759
135	151	0.2546509251040843
135	31	0.23491949636112736
135	126	0.18457022358907896
135	23	0.17568815112846034
135	185	0.1750290615919609
135	56	0.14989204708426035
129	123	0.2371291396842107
129	143	0.22983002001770456
129	23	0.21948977852615195
129	131	0.21258772354839545
129	130	0.2022812590959632
129	128	0.19724077049021624
129	126	0.18893257547971945
174	155	0.38165893814029406
174	192	0.2845077120171622
174	31	0.2541645812357051
174	71	0.24877821661246485
174	130	0.24539801006043566
174	168	0.2422565823479262
174	150	0.1610748691081437
192	155	0.22914793898985986
192	159	0.18531388680445468
192	168	0.17104212652047993
192	28	0.14512802447043466
185	100	0.3045525790123262
185	83	0.19430767203984325
155	130	0.3213124758869626
155	150	0.25753826642895983
155	151	0.2442229254473537
155	128	0.2312976221798398
155	29	0.20920517723939494
155	71	0.1814387362762878
155	25	0.1648129094185482
155	159	0.16240902905550586
155	28	0.1594672527423784
155	132	0.15921385399102084
155	126	0.1473396948564136
150	31	0.4422464445496714
150	130	0.2268252861768528
150	64	0.2166514942375398
150	151	0.21098307711032435
150	29	0.14303244982551785
31	151	0.16018834946170682
130	143	0.3066468441857273
130	123	0.2616883323555076
130	29	0.21869962064257634
130	128	0.1891157867523104
130	28	0.1624577098255195
130	136	0.14471684553196976
130	132	0.14418811346579227
136	123	0.4353589432043832
136	23	0.2917884115535901
136	143	0.2860785309385016
136	83	0.212396754139432
136	29	0.16794377124686324
136	64	0.1536435936260402
123	23	0.39932868424643575
123	126	0.30145566004272645
123	143	0.23944945511318175
123	25	0.20706221423496293
123	128	0.1805972440706893
123	133	0.1674967110918887
123	132	0.14218994052018294
23	25	0.3704891889718287
23	126	0.3177028645450895
23	161	0.26633980349822595
23	159	0.19387462416617413
23	29	0.1886046909061541
23	143	0.17939741904818668
23	151	0.15687380204219095
23	131	0.1505957943220897
100	132	0.20653573544873485
100	56	0.20117805831587024
100	163	0.1885757578943387
100	64	0.1709450504012974
29	28	0.23223444375189845
29	151	0.21140345196084132
29	132	0.16781743515365724
29	143	0.15329207248538668
29	133	0.15207121226036727
55	64	0.4247225803947658
55	83	0.2582383865978799
83	163	0.2599082430836281
151	161	0.4214796944369084
151	159	0.2445144134701511
151	71	0.21700409894440129
159	168	0.3007281851687639
56	163	0.24166346550249115
56	161	0.23740281409027025
56	131	0.1567177356286484
163	161	0.19156376304918174
25	128	0.204763975965
25	126	0.19322972403055585
25	133	0.1883442820185574
25	28	0.142885515416417
28	132	0.43710789500894137
28	133	0.2477178553548843
28	128	0.2166896163923524
28	143	0.2021086179992579
132	131	0.32723632868967284
132	128	0.32267488205053585
132	143	0.3242507359038005
132	133	0.26874441282611405
132	126	0.246168474299688
131	133	0.2696997577761381
131	143	0.26543837968265155
131	126	0.2245190423445884
131	128	0.15574214350991858
128	126	0.3679499814690262
128	133	0.32070254707698165
128	143	0.2815272356562239
143	126	0.22045090761123967
143	133	0.19699087270004007
126	133	0.3202897972728368
