137	171	0.8862990223674356
137	140	0.8742655486191662
137	141	0.8518342042033931
137	145	0.7588210889085788
137	15	0.5263984757123465
137	165	0.7839354646242316
137	172	0.7830860215838422
137	180	0.7809885806698397
137	175	0.7354978002729647
137	146	0.7139379129079836
137	35	0.6889004454164946
137	36	0.6870623311146027
137	24	0.6853214620623473
137	114	0.6717031482335271
137	67	0.6662559331670178
137	32	0.6363525099176421
137	167	0.6288852952905171
137	127	0.5948701602596129
137	123	0.5926104862031557
137	168	0.5880695782415367
137	166	0.5860970283538401
137	138	0.5816084837579019
137	189	0.5652739251653168
137	174	0.5649199791549104
137	173	0.5611567349059217
137	42	0.5587954312799142
137	62	0.5585340316732392
137	72	0.5540455412702935
137	31	0.5514482259716968
137	2	0.5504313869354879
137	143	0.5409021615286645
137	57	0.5403218158740036
137	13	0.5013366980933714
137	39	0.5006251309700704
137	164	0.4985013980269789
137	41	0.4901365141901265
137	34	0.4865573944070056
137	169	0.4829772024297591
137	49	0.4778929397986894
137	30	0.4751877619125621
137	178	0.4721938865003327
137	132	0.4698594878365362
137	196	0.45245267097249603
137	147	0.4500715499322495
137	33	0.4452660212163251
137	144	0.4366628728878725
137	43	0.3994379483318752
137	101	0.39540450970139823
137	153	0.3952442031579961
137	134	0.3896268307487428
137	183	0.3884811710728433
137	0	0.3846451145857723
137	187	0.3843127659735052
137	56	0.3650239623050495
137	51	0.3557747896963581
137	65	0.35575732108608216
137	156	0.34946131497740807
137	46	0.3442976451000783
137	129	0.34043988894662114
137	170	0.33875015996905283
137	100	0.32735240288121314
137	47	0.3208999061220025
137	104	0.3178826660959706
137	139	0.3121177324346183
137	50	0.31180179405164404
137	131	0.2976872030707224
137	106	0.28843646096611925
137	10	0.2867302913888035
137	103	0.273608331908798
137	135	0.2704692128500566
137	151	0.2663026405779643
137	179	0.2574915821257827
137	40	0.2572768188510497
137	159	0.2549033990236284
137	122	0.2462999859179834
137	102	0.24573630089409534
137	194	0.2447964565830895
137	22	0.2359018613426365
137	1	0.2307580452969664
137	163	0.22634146960279394
137	37	0.22452853823526425
137	154	0.222932631696398
137	152	0.2222863291119253
137	45	0.2217349165853304
137	150	0.2194231498059596
137	53	0.21351369457941133
137	26	0.21063907598613324
137	181	0.2016098065254908
137	5	0.2010629122499772
137	176	0.19960391544929496
137	110	0.19760595961098215
137	68	0.19608718270833908
137	108	0.19088936039827697
137	188	0.1885468245551575
137	125	0.18280196939764728
137	52	0.18086809806519671
137	93	0.1795909754141112
137	44	0.17840038410629133
137	29	0.1763373941695051
137	21	0.1760563973220183
137	12	0.15868749727611434
137	136	0.15845353198326853
137	148	0.15185629271734966
137	115	0.14227811977337995
137	197	0.14176860851625644
137	7	0.1397690336073387
137	27	0.1176525921273064
137	160	0.11479176623882377
137	18	0.10553555104353864
137	14	0.0956368118356838
137	16	0.09017438530437634
137	3	0.0897677041736571
137	28	0.0888758768008074
137	130	0.08590275920678593
171	165	0.7888198841778917
171	67	0.7162102137731045
171	189	0.7105134423090982
171	140	0.8162911994221287
171	172	0.8030704063892763
171	141	0.7437768726021491
171	175	0.7417370619471613
171	180	0.7064894495052271
171	146	0.7040922265764341
171	173	0.6731822622979963
171	145	0.6607366785869306
171	35	0.6355008061204238
171	166	0.6107959630160141
171	24	0.5973584940329523
171	36	0.5931033618618131
171	174	0.592642925882506
171	167	0.58488120444224
171	168	0.5639046357889901
171	114	0.5496083629157767
171	132	0.5392801523261334
171	57	0.5365868800017122
171	32	0.5286286164838628
171	62	0.5203211292384436
171	147	0.5146024395710227
171	164	0.5136092513489205
171	187	0.5051376530889654
171	72	0.5044371748932966
171	31	0.5018381328037804
171	169	0.5014714450049994
171	127	0.4999878916517193
171	15	0.4946514780934506
171	178	0.4926321117019686
171	143	0.4841341246753037
171	42	0.4829311971153273
171	39	0.4705527142984686
171	41	0.4507570790372473
171	13	0.4478838840421863
171	123	0.4436209586661295
171	183	0.4341181098909737
171	2	0.42776670864210253
171	196	0.42617220010788376
171	43	0.42384519851985547
171	138	0.42367290858527773
171	156	0.3970315207374268
171	30	0.3890074753160747
171	34	0.38367335401933
171	144	0.3802569500778338
171	135	0.3772075944414217
171	46	0.3757914855402895
171	170	0.3670763981775198
171	153	0.35656934834675585
171	65	0.3534405350127229
171	49	0.3453021138216565
171	151	0.3224598539815483
171	139	0.3168215068255041
171	134	0.3110522931540854
171	148	0.309606380427302
171	104	0.3059037639798325
171	33	0.30462515706199417
171	51	0.3034544051125161
171	179	0.3032909714109161
171	10	0.29528839500744736
171	50	0.2948501866435249
171	194	0.28593161876334644
171	131	0.2818310524165494
171	106	0.2767693353098284
171	152	0.2736360858353998
171	0	0.2652803503338541
171	103	0.2628337317371203
171	188	0.2626661584937249
171	129	0.25297623982667083
171	159	0.2319695277268085
171	1	0.2311651076922692
171	108	0.23048346921996446
171	100	0.22819075165017694
171	122	0.22099313821391592
171	181	0.22094557958680588
171	150	0.22046042160423898
171	101	0.2176996123738516
171	40	0.2175948231082252
171	56	0.21387634166135727
171	186	0.20939641587398586
171	102	0.20840180036623854
171	52	0.2057984642420624
171	8	0.20574100471309945
171	160	0.20495558245845316
171	12	0.2044094625880628
171	7	0.2040932297333866
171	163	0.2012836039925361
171	26	0.20081341004915065
171	47	0.19572176656725213
171	22	0.19474064419006676
171	5	0.1942210685180087
171	68	0.18087777091501234
171	115	0.17698648381768872
171	176	0.17558154436454948
171	110	0.17188654844596546
171	53	0.17177009144270178
171	154	0.1551761607047602
171	45	0.15400483872251822
171	93	0.15284285013181198
171	89	0.1469190030928085
171	37	0.13880804696023144
171	21	0.12225538695968614
171	125	0.11834284567477765
171	18	0.11576860952935784
171	28	0.10624747764252572
171	191	0.10302317286907957
171	3	0.08253581448592608
140	172	0.86348892132169
140	175	0.8054015312503902
140	180	0.7850123445621904
140	35	0.7801289800714094
140	141	0.8391519918438783
140	146	0.7498708763220666
140	166	0.7196554867409266
140	165	0.7046666150016252
140	114	0.6578024564836501
140	145	0.6522932504822024
140	189	0.6456600307984908
140	32	0.6410475092248304
140	24	0.6190232609026213
140	169	0.6174169727384053
140	36	0.5900677492739537
140	168	0.5900221199857335
140	167	0.5757353847148416
140	196	0.5667758749121572
140	42	0.5649540214641805
140	2	0.5563421796706413
140	138	0.5448587672726429
140	123	0.5425554400910128
140	173	0.5236677188912043
140	127	0.5232030690715711
140	30	0.5178079660558481
140	13	0.5165920096326734
140	15	0.5163133645223454
140	67	0.5127989677990731
140	147	0.5002878364914878
140	143	0.4971173768103678
140	31	0.486946561373705
140	34	0.4804352617253582
140	57	0.4781938148587243
140	10	0.4639397586979847
140	170	0.4625888950443065
140	187	0.4598570609597638
140	183	0.452675323002164
140	132	0.4502629138019773
140	62	0.4384739875618703
140	178	0.4375365321123599
140	144	0.4361933452152909
140	39	0.4268430348766025
140	188	0.4195452480348192
140	101	0.4188198764443332
140	43	0.4173675291418271
140	104	0.4135366796171336
140	174	0.4078670832745543
140	194	0.4056889575388936
140	72	0.4028948909564705
140	1	0.3967029471480965
140	49	0.3963405558410599
140	100	0.3961382372007336
140	0	0.3917621707750809
140	134	0.3895929025826775
140	139	0.3872748094231973
140	102	0.3809325166700835
140	148	0.3685464127888008
140	135	0.36586441923987617
140	33	0.3648939415608801
140	41	0.3626640446259477
140	151	0.3606909859245592
140	156	0.3554515801742452
140	164	0.3504178359478552
140	37	0.33950240426819506
140	150	0.3382543268969979
140	7	0.3369873297746656
140	56	0.3350801058761795
140	153	0.3248948856603394
140	131	0.3215994090284138
140	159	0.3210075447665683
140	110	0.31581357056201337
140	129	0.313308650018211
140	106	0.3077336050174879
140	51	0.2965931539796157
140	122	0.27441301063887497
140	8	0.2725348310388877
140	181	0.26997791387440034
140	65	0.2624054575099157
140	22	0.259199442954684
140	163	0.2591248161554835
140	47	0.25345353974632645
140	103	0.246872894924692
140	197	0.2324047287211373
140	160	0.2286267531845224
140	46	0.2254968948015085
140	50	0.21972772152396144
140	176	0.21777581959676812
140	12	0.2129505206776935
140	53	0.20944422303046464
140	195	0.1927098322056447
140	179	0.18361377464063586
140	93	0.17629863769122042
140	26	0.17341944978674895
140	17	0.17177009144270178
140	68	0.17003237289111184
140	152	0.16890568794096944
140	40	0.15925283978066487
140	116	0.1536826491318397
140	108	0.15353618851016634
140	115	0.14299326793263556
140	186	0.1409453932809937
140	44	0.1350989502909293
140	4	0.13270269935510334
140	136	0.12293501651889832
140	18	0.11989056894309247
140	142	0.11743563178423395
140	59	0.11465360882036313
140	27	0.10342880406529076
140	154	0.10112317782260233
140	5	0.09967789527799617
140	111	0.08420215133687466
140	29	0.08345642891242458
140	74	0.08293804209359755
141	114	0.740998449270129
141	172	0.7554455511128528
141	146	0.7353784262715263
141	24	0.7304073485661033
141	145	0.7214872410987616
141	175	0.7210314454748041
141	127	0.6960102819052227
141	180	0.6775495701787357
141	36	0.6742308109820558
141	39	0.6705435070041523
141	123	0.6527239248434983
141	32	0.6367866986463209
141	143	0.6232733139625648
141	35	0.6184678224239699
141	2	0.6089935241207707
141	134	0.6046533322522356
141	167	0.5991499280213402
141	166	0.5957546362875848
141	57	0.5689372205287224
141	30	0.566606159591151
141	173	0.562327137006272
141	165	0.5588848319816166
141	31	0.5466913235582082
141	138	0.5443452790111711
141	174	0.5260586264731528
141	169	0.5249656329806096
141	67	0.5101037492357655
141	41	0.5078290260368744
141	13	0.4947572155584437
141	104	0.4815958836202137
141	189	0.4687834505653494
141	42	0.4681668310950182
141	168	0.4627382241053906
141	101	0.4513624532567196
141	15	0.4443034215384383
141	132	0.4269575207377064
141	196	0.4174418487410592
141	135	0.4090335186809671
141	151	0.40295352660217343
141	34	0.40246758858247744
141	56	0.3880055815256669
141	49	0.38692624662598185
141	33	0.3863734204151204
141	144	0.3823507366523177
141	62	0.3803767003532975
141	72	0.3793156115948471
141	163	0.3637578224743353
141	139	0.3627769410254569
141	129	0.3613954005991896
141	178	0.3602820626860981
141	100	0.3597685374546347
141	10	0.3554428436014495
141	147	0.3525213604556746
141	187	0.3514086874709853
141	170	0.3430453617302725
141	50	0.34219805586818924
141	110	0.3377583059455703
141	136	0.31485897386050554
141	47	0.3137685137197204
141	153	0.30230090860150266
141	194	0.289316349287285
141	150	0.2889039624029848
141	183	0.28840895659589005
141	43	0.2811681067015671
141	131	0.2677978217061094
141	7	0.2638016219848293
141	51	0.25953522524128675
141	46	0.2498942358772781
141	26	0.24280246639921102
141	65	0.2414845535235173
141	102	0.2373273214643493
141	0	0.23229120699067565
141	37	0.22913846405592794
141	40	0.2221912681203773
141	1	0.22208669615051055
141	159	0.20535790495020748
141	164	0.2016961467723562
141	29	0.1978077511300149
141	53	0.19542362366042668
141	188	0.1859511435546742
141	148	0.17792593775152513
141	106	0.16945937296938274
141	27	0.16870167182507514
141	156	0.16600925543912434
141	68	0.16011040128754625
141	44	0.1508694326303658
141	93	0.1480244278327542
141	179	0.14352218561979976
141	181	0.13992590443664968
141	103	0.13819994066173916
141	45	0.13204443963149548
141	22	0.13185774773940018
141	158	0.13060962021118486
141	59	0.12425454691451365
141	12	0.11696222487632275
141	122	0.11693263517736675
141	4	0.11564034990800726
141	52	0.1126300842184987
141	130	0.11076366479733432
141	197	0.10134092327752416
141	161	0.09826883484226284
141	5	0.09761714694824096
141	28	0.08383972806516604
145	24	0.8019312334505896
145	41	0.7888954248973453
145	36	0.7563584940177897
145	31	0.699571078612829
145	143	0.7347440612796858
145	180	0.7244513452771966
145	127	0.7118182423035451
145	32	0.6595179386976469
145	39	0.6414243517442321
145	174	0.6372442412902803
145	35	0.6334994882157322
145	114	0.6333857256283765
145	146	0.6262545873943467
145	33	0.6185851331725019
145	172	0.6068121573983585
145	123	0.6014462384273622
145	62	0.5987266879371026
145	167	0.596341337589458
145	72	0.5868842626291902
145	51	0.5656888659227962
145	165	0.55354635807849
145	144	0.5477701524732796
145	34	0.5445774544078433
145	173	0.5401376964051978
145	131	0.5341971435895694
145	67	0.532759188383741
145	129	0.5229270359563001
145	164	0.518137233019577
145	49	0.5094820558957677
145	138	0.5066704180107812
145	175	0.5053163920448109
145	134	0.4978322695769578
145	2	0.4941301294934466
145	50	0.4940394238656207
145	26	0.4905314919088427
145	42	0.4866566121779317
145	132	0.4795425135200556
145	179	0.4722948945807238
145	40	0.4706227835437407
145	189	0.4694853721003798
145	52	0.4672371380008832
145	168	0.4626753519111792
145	156	0.4588392521305619
145	57	0.4578518531471879
145	153	0.4572667799815053
145	101	0.4458671239933996
145	196	0.4367114311477256
145	27	0.43075229824698796
145	13	0.4232789878987052
145	178	0.4150608549834829
145	30	0.4140339486228439
145	130	0.4102817892389096
145	181	0.3978314664462621
145	15	0.3912880142560895
145	47	0.3791015613844597
145	166	0.3427100364800173
145	147	0.3380151973806379
145	46	0.33387225519370195
145	155	0.3278612269146555
145	5	0.32286300429358644
145	22	0.319885902586
145	38	0.31863758285235555
145	152	0.3177837780713771
145	100	0.31448056103398964
145	44	0.3047521601367138
145	29	0.303145682027897
145	136	0.2982248241572046
145	159	0.2954709451767788
145	106	0.2918158570990196
145	197	0.2865650814306619
145	53	0.2860785309385016
145	148	0.2772586648149349
145	0	0.27284954828487673
145	176	0.2686701891152499
145	43	0.2656428670806658
145	45	0.24751134421367624
145	125	0.246872894924692
145	157	0.2463375590004708
145	56	0.2427554134799065
145	122	0.23166672441575306
145	149	0.23147744954277905
145	28	0.2174614476970308
145	150	0.21694692364677096
145	139	0.21168047445800167
145	104	0.2038632154422981
145	89	0.20068864917621335
145	151	0.1957890841541624
145	103	0.1889518614964802
145	187	0.18350748103620407
145	169	0.18135169765657874
145	135	0.15442461237751084
145	68	0.14525528399010448
145	154	0.13557015886938656
145	99	0.13180861673880792
145	183	0.12998048538625465
145	37	0.12272818491614113
145	93	0.11321256097814822
145	21	0.1124326168801532
145	16	0.1116920353898799
145	163	0.11117849266727878
145	3	0.0864635626330022
145	194	0.08367687859989258
145	191	0.08213256673266882
15	24	0.5182908384033279
15	180	0.4801583083310344
15	39	0.4543672202794393
15	175	0.4278810839817374
15	127	0.424730776467252
15	151	0.4178051086093583
15	189	0.4114122274170568
15	172	0.4098325885803467
15	196	0.4095746242674391
15	165	0.40841714045551375
15	146	0.400655893584524
15	34	0.3936905160769279
15	123	0.3870962910807165
15	2	0.38178708127152783
15	166	0.3763924738812937
15	129	0.3763581402161704
15	49	0.3696002301623964
15	36	0.3689525039816379
15	194	0.3670590929521173
15	40	0.365647863630206
15	173	0.3629940195559282
15	16	0.3607779729879915
15	143	0.35322174573797904
15	17	0.3491628014120964
15	135	0.34851285044589464
15	42	0.34732626551696544
15	7	0.34581285601648715
15	104	0.3447206755395229
15	35	0.3430630080067965
15	32	0.3321029086239445
15	116	0.3285126010215175
15	114	0.3267808653602015
15	31	0.32211036238683177
15	62	0.31135936446718665
15	10	0.30883765600492946
15	138	0.3070907016368814
15	178	0.3069095514531957
15	160	0.3060306577487896
15	67	0.2986893950548441
15	30	0.29250183946415825
15	183	0.2868312446356974
15	167	0.2862988739835642
15	57	0.28363437363825
15	132	0.28303655500483993
15	134	0.2814259508543308
15	41	0.2792422037693923
15	159	0.2765199990250965
15	72	0.26892068134717795
15	169	0.2645829919662097
15	186	0.26271270820679354
15	53	0.25814505289438777
15	118	0.25811705184359623
15	170	0.25686589655949266
15	110	0.2554456328659776
15	168	0.2546789794769441
15	115	0.25233028509021826
15	4	0.2518152324773233
15	184	0.2492003185590993
15	131	0.24742685589973726
15	188	0.2466005498398992
15	156	0.2387894798285599
15	26	0.23338831819579256
15	45	0.23178028092179215
15	148	0.2274796833534495
15	8	0.22512669331468665
15	94	0.22485137313578
15	100	0.2245570256514341
15	187	0.22210570961604315
15	139	0.2196230298238568
15	102	0.2186900989169934
15	13	0.2172423133213248
15	1	0.2148971625534904
15	164	0.2079138985202338
15	107	0.20739718377925012
15	21	0.20608574059476914
15	14	0.2028470500578657
15	56	0.2025018377569302
15	163	0.1997479348777292
15	51	0.19731765696311696
15	174	0.1908989959924042
15	33	0.1902533299326952
15	106	0.18922185041958015
15	29	0.1874567641658396
15	195	0.18581598093273766
15	147	0.17946516535695287
15	136	0.17456372741588938
15	50	0.1691971144257237
15	101	0.16574668462610553
15	144	0.1656883323636818
15	150	0.16405399938166826
15	43	0.15315535933662214
15	152	0.1440510213289891
15	37	0.1386020871711143
15	0	0.13367513737635706
15	22	0.13225077240284452
15	197	0.13131727115368572
15	27	0.12820064841423448
15	103	0.12301380670238148
15	18	0.12289562084592648
15	99	0.11378508941115215
15	130	0.11323230459176185
15	122	0.10190503674064004
15	179	0.09996500562255256
15	133	0.09679895220452864
15	181	0.09630064111253604
15	65	0.09471424525706068
15	92	0.09370825424169983
15	28	0.09032713094336844
15	19	0.08953062501129101
15	12	0.08856633269091906
15	47	0.0855156241773618
15	93	0.08170445902645569
165	174	0.6745143262190854
165	180	0.6749174474448877
165	183	0.6741762660232964
165	175	0.6491336538559923
165	173	0.6125233686594966
165	172	0.60472945405033
165	35	0.5838473309800465
165	166	0.5813437295500564
165	62	0.5726856106960911
165	67	0.5705109348509335
165	57	0.5680370470263555
165	164	0.5649812539269077
165	187	0.5580728725455291
165	43	0.555983024443006
165	132	0.5468806003362177
165	36	0.5305641437781418
165	72	0.5229996868884509
165	189	0.5009847442769078
165	170	0.4925488026915512
165	178	0.4859007145525266
165	196	0.4715953536396487
165	32	0.4632881572181841
165	167	0.4509960921257337
165	147	0.4448409997245926
165	169	0.4273499397775968
165	24	0.4142990577738586
165	168	0.410007301363511
165	156	0.3845939905178068
165	146	0.3838097928036841
165	31	0.3686241858276689
165	188	0.3680883113738699
165	159	0.3574331728481597
165	143	0.3541578923728728
165	127	0.3496105451646271
165	114	0.3417741940438208
165	179	0.3369341423269453
165	13	0.3237763778544736
165	131	0.3181882762614177
165	65	0.3096244631931128
165	138	0.29103804737599903
165	42	0.2891239154280115
165	41	0.2885464736867479
165	153	0.2857663264982298
165	34	0.2845536641315275
165	194	0.2762244411414873
165	60	0.26757501915213244
165	39	0.2643225738450962
165	33	0.2573235086823243
165	176	0.237166890116966
165	51	0.2368459886183609
165	2	0.23491004821062986
165	37	0.2257721306286197
165	49	0.222390891321469
165	182	0.2223528692916009
165	181	0.21206251863980174
165	122	0.20689949721809348
165	45	0.20319221194427114
165	123	0.20013194448020344
165	103	0.20005514747442066
165	101	0.19724077049021624
165	61	0.1914866976023355
165	139	0.19076409432765656
165	106	0.18962678015307385
165	46	0.18835392726470512
165	56	0.18795844239828866
165	142	0.1875339518050528
165	160	0.18261831216740865
165	0	0.18097449748832006
165	21	0.17638583899850388
165	144	0.17451525061756173
165	52	0.17112949218854115
165	115	0.1708285546773633
165	129	0.1682061439634633
165	89	0.16509501857144074
165	29	0.16172741536158644
165	50	0.16152290112767026
165	108	0.14621447002715718
165	10	0.14618511125852304
165	38	0.13938663158129608
165	151	0.1364240679756102
165	163	0.13619834154790578
165	154	0.1349320492528336
165	3	0.13314474842488064
165	93	0.13313492568704285
165	191	0.1323686716991897
165	30	0.13062927898237187
165	68	0.12912508745721413
165	28	0.12751209151966822
165	1	0.12659710445871894
165	104	0.12614445047084574
165	74	0.1217234229372466
165	8	0.1123536274573098
165	16	0.11144514727885688
165	22	0.10659351377620582
165	97	0.104052023937709
165	66	0.1038838615247568
165	40	0.10367612328577787
165	12	0.10326061968771916
165	152	0.09719816048484026
165	197	0.09179684150081388
165	195	0.09166396903962937
165	70	0.09021108431938377
165	102	0.08922806155712952
165	148	0.08768820602737881
165	18	0.08724661052847565
165	91	0.08663030425015761
67	62	0.7031278053793316
67	167	0.679782729326535
67	36	0.6930442711940492
67	164	0.6869831311499254
67	50	0.6311829364203166
67	31	0.5776175749731131
67	147	0.5728334389307898
67	189	0.5714612391322336
67	35	0.5707199982243217
67	24	0.5386841738803179
67	180	0.5384072861731798
67	65	0.5377607625762799
67	68	0.5322935182201096
67	168	0.5295574943418128
67	57	0.5256534802622876
67	32	0.5240812855091761
67	41	0.5199855866264164
67	114	0.4955799562150573
67	175	0.4904403610823218
67	93	0.4879300621610685
67	172	0.4830308719267266
67	56	0.4734361995537022
67	174	0.4697893539853986
67	146	0.4667132421381563
67	132	0.464512439370263
67	72	0.4547004478488549
67	49	0.4223263520962128
67	42	0.4204512095317263
67	30	0.4186466973340698
67	173	0.416185924509344
67	187	0.4155159995032818
67	43	0.3973010435962177
67	45	0.3930227523867166
67	37	0.3870537824349334
67	152	0.3816760247389653
67	47	0.36671293509751135
67	13	0.36606361541639
67	5	0.3622557919168309
67	178	0.3492418266089736
67	166	0.3484425653829788
67	115	0.3443329029797545
67	183	0.33803291217540504
67	2	0.33011739338596346
67	0	0.33004610970303017
67	181	0.3243581151003829
67	169	0.3233914016717659
67	100	0.3212227971764887
67	34	0.31659658298180904
67	153	0.31619163034452386
67	196	0.3151562280267496
67	127	0.3085752929166323
67	40	0.3064565787165003
67	108	0.3004916804166977
67	156	0.2944940509956825
67	39	0.29279443372282743
67	60	0.29243782716642897
67	106	0.29199881511967896
67	103	0.28951792158504525
67	61	0.2865559025998178
67	135	0.2862346103889345
67	123	0.28577550984805294
67	33	0.28035747518165505
67	131	0.27815385758402084
67	144	0.2752173052438501
67	46	0.2752080626640643
67	179	0.27178482857710473
67	151	0.26541049318659776
67	143	0.25797704008560085
67	91	0.2427648241551535
67	92	0.2390440678960436
67	134	0.2379123142721727
67	28	0.23457933498914604
67	84	0.23208306738231946
67	89	0.22886367209001854
67	159	0.22803907747683044
67	102	0.21934700019089665
67	125	0.21649899901190303
67	86	0.2128741472106954
67	63	0.19571214961852906
67	138	0.19452897838716585
67	150	0.1927868600516042
67	122	0.190147309310588
67	52	0.18795844239828866
67	104	0.1876111371282523
67	66	0.1859511435546742
67	48	0.1832079032522584
67	148	0.1796006528675466
67	154	0.17866177830087346
67	1	0.17561061934502825
67	10	0.1689542610741441
67	197	0.1689445465131546
67	7	0.1661453940039935
67	22	0.1652214725292586
67	51	0.16439456001299566
67	82	0.15939903206729114
67	194	0.15357524533583278
67	79	0.1534678379109604
67	116	0.1516902086881142
67	74	0.146547184725894
67	3	0.14575448642607114
67	38	0.1411414146319414
67	12	0.13465713673777185
67	149	0.13210339302031446
67	16	0.12800393045423414
67	160	0.1277285083917413
67	188	0.12299410930185585
67	101	0.12043262758350275
67	112	0.11413054417308542
67	118	0.1055652168170299
67	11	0.10161803981180886
67	109	0.09651562419908373
67	26	0.09227079272473104
67	18	0.09146167932550607
67	186	0.0878360584005132
189	147	0.6549109556966941
189	151	0.47662649429002896
189	180	0.6639361283093511
189	146	0.6435910546524072
189	172	0.6359179176078092
189	35	0.5678744647256431
189	175	0.5665925802880724
189	31	0.5459617352666607
189	43	0.5459055787513458
189	188	0.5309879270675889
189	62	0.5280302961189232
189	168	0.5274458872472376
189	106	0.524712042517301
189	24	0.5186052593914324
189	132	0.5179982279132685
189	169	0.5150654555275952
189	187	0.5100593602273379
189	32	0.4997028329044731
189	36	0.4905390856601472
189	173	0.4886916145773395
189	144	0.4824940136672982
189	148	0.4750251644053447
189	135	0.458017815240597
189	114	0.4571876856558556
189	196	0.4552238340552564
189	164	0.4549780402859821
189	13	0.4408456805999443
189	42	0.43854668134358504
189	167	0.4364038525319093
189	57	0.4317860867726689
189	7	0.42255638421523706
189	166	0.4208215887810257
189	34	0.4157807151616271
189	194	0.41258289092019
189	72	0.40667427683073215
189	143	0.4048782848029607
189	46	0.3985887522087749
189	39	0.3915505194498573
189	156	0.3906950263496722
189	197	0.39053401649420394
189	49	0.37888747059684297
189	159	0.3786647731497679
189	10	0.371136062426465
189	152	0.36422627774365424
189	174	0.3637057605233259
189	115	0.3626379900987622
189	127	0.3549622364825994
189	12	0.3443240886008848
189	51	0.3420921034590255
189	21	0.34204795405426663
189	28	0.3401657888164456
189	1	0.3398562514435349
189	108	0.3396970321140473
189	100	0.33930774734645786
189	40	0.3355682625900305
189	2	0.3322719424109901
189	134	0.33001046644987364
189	41	0.3237226666796849
189	123	0.3217697476438338
189	50	0.3202269768532842
189	104	0.3184758489615501
189	45	0.31456165791637114
189	183	0.31040181012677304
189	53	0.3087471912811164
189	153	0.3080232724917372
189	170	0.29924487241129905
189	103	0.2990536653720568
189	0	0.2981063815118886
189	16	0.2972405606149217
189	138	0.2963651289514475
189	33	0.2954344368684903
189	47	0.29400994065559344
189	178	0.27907623114630964
189	160	0.27267368407638354
189	179	0.2697646648934976
189	9	0.2679556228561297
189	18	0.2664791573962182
189	139	0.2643969829576533
189	22	0.2642760665516408
189	129	0.26359692019305314
189	122	0.2634015008790511
189	102	0.2629733639954821
189	101	0.2620515877583238
189	5	0.26165107119682673
189	186	0.2567444699169755
189	30	0.25568865107768585
189	131	0.2550249481485482
189	150	0.24793372930038846
189	116	0.24746440672611306
189	176	0.2472484793255181
189	52	0.24372447273900524
189	154	0.2420118258824761
189	26	0.2415128038751604
189	181	0.23104205084483584
189	68	0.21861392361320225
189	8	0.21570776062042804
189	125	0.21348506203895
189	136	0.20121643910254894
189	110	0.20063106503892794
189	163	0.19930624797414567
189	193	0.19155412999748184
189	37	0.18635658917807
189	195	0.18537182568597385
189	109	0.1811582683310591
189	56	0.17958129792591612
189	111	0.17899090548481006
189	29	0.17666680214921268
189	182	0.17483518184210814
189	74	0.17134304137861048
189	27	0.17085767905624352
189	93	0.1690125477506671
189	112	0.1689445465131546
189	79	0.1670981863568435
189	11	0.16567860687380295
189	65	0.1585412710548389
189	157	0.15305770349770548
189	107	0.14974541393235544
189	44	0.148728576578113
189	59	0.13050149513419976
189	3	0.12696115746358794
189	118	0.12113226978888912
189	155	0.10773030742026
189	126	0.1057333193160782
189	191	0.1029934911905759
189	4	0.09515919842084536
189	60	0.08787277281977024
172	146	0.7944196539106646
172	168	0.6409885996395508
172	175	0.7998515271169433
172	166	0.7710045352808395
172	35	0.706684736024376
172	180	0.6932988326494212
172	169	0.6379741901063205
172	167	0.6092388253336182
172	32	0.5727057712854536
172	187	0.5712524382130436
172	42	0.5663548926657759
172	24	0.5577629451324945
172	2	0.5491545459348257
172	114	0.5430844499247718
172	170	0.515160961117093
172	196	0.5117294693469395
172	173	0.5001303804144583
172	138	0.4987343258943197
172	30	0.497824747909199
172	148	0.4943946261344249
172	31	0.4850523277736121
172	123	0.482018207686071
172	178	0.4673934612821648
172	127	0.4650768947906415
172	147	0.4615507265248535
172	188	0.4529058673958554
172	183	0.4509562611013408
172	36	0.4504701779934266
172	194	0.4415704824083828
172	10	0.4282812897530783
172	150	0.4241732849782861
172	143	0.4141416576904802
172	34	0.4116697239617987
172	41	0.40514579367893694
172	13	0.4020149595417971
172	144	0.4017717998480335
172	104	0.4006894720405674
172	135	0.3992446272298844
172	100	0.3983532103654665
172	139	0.3770789299978015
172	57	0.37317781420911
172	39	0.37168777643894585
172	174	0.35793896802004843
172	132	0.3474493705552348
172	33	0.34356582505886746
172	101	0.3354528963456093
172	134	0.3353641462333236
172	62	0.3352665142342311
172	72	0.33040249046137793
172	43	0.3256638918524536
172	156	0.3212048607429678
172	65	0.3104741003887982
172	159	0.30546861713313594
172	110	0.3032183284815828
172	0	0.3020919128169249
172	49	0.2940830235888526
172	129	0.29192563447498465
172	8	0.2876936760186264
172	151	0.2844158038664305
172	153	0.2840113459112435
172	181	0.28139832663808845
172	26	0.2734417987823956
172	1	0.27334927329440256
172	7	0.2705062863051437
172	106	0.2678813652817349
172	164	0.2647038872664865
172	4	0.261166605191938
172	51	0.2555951863568396
172	53	0.2554923696454358
172	179	0.2532008669095824
172	68	0.24346108722492096
172	22	0.24176703861342985
172	56	0.2328871254040205
172	163	0.2295174275273895
172	17	0.22634146960279394
172	50	0.22517415867895896
172	102	0.22353123720080784
172	176	0.22174442490051444
172	186	0.21784249873864986
172	37	0.21494485300149996
172	195	0.21421030656687026
172	18	0.2073876138953212
172	46	0.2020894348795884
172	122	0.20204147640201772
172	160	0.19812481821234326
172	182	0.19439427253273955
172	158	0.19076409432765656
172	40	0.18657859203964935
172	12	0.18648207139620326
172	107	0.17892314727805078
172	47	0.17841974750325898
172	191	0.17760636602026975
172	131	0.17749983378174866
172	197	0.17205152097622
172	29	0.1592041074660164
172	136	0.15249124073750914
172	103	0.14187639601770474
172	152	0.14012198309499208
172	27	0.1374151334397946
172	16	0.1244317638943597
172	115	0.12216673115861475
172	44	0.10815529720459714
172	142	0.10439822192737212
172	108	0.09599945154366823
172	154	0.09461415034949296
175	166	0.8252953093903852
175	180	0.6885640307856303
175	196	0.6606746971077299
175	169	0.636191817331679
175	183	0.6262424311382547
175	187	0.6248058544572981
175	167	0.6067173819215875
175	146	0.5932329921636809
175	170	0.5893176475432008
175	194	0.5865039044204966
175	35	0.5813702105129852
175	173	0.5536503874043702
175	174	0.4973733108092138
175	43	0.4945759423657945
175	168	0.4847922786555372
175	147	0.4825784011360939
175	32	0.4673934612821648
175	188	0.4664159615045853
175	36	0.4605506877932894
175	42	0.4464438045708277
175	57	0.4398783832465392
175	24	0.4256073537929449
175	114	0.4129147462786018
175	31	0.4074835348972033
175	13	0.3875212870188403
175	148	0.3826836720757079
175	195	0.3772676328661857
175	30	0.3763753071779556
175	178	0.3755681807297063
175	150	0.3738403921940375
175	135	0.3664013061864031
175	104	0.3536855331011876
175	132	0.35330051432956666
175	139	0.3452316505593025
175	65	0.33482264168120196
175	10	0.3280129446496929
175	39	0.3202897972728368
175	160	0.3160026129973957
175	37	0.3069186094906677
175	123	0.30554115047436425
175	156	0.3034907212886453
175	62	0.3017465518068964
175	2	0.30020054691201226
175	72	0.29675731106420883
175	56	0.29179756012212416
175	127	0.2908458232909293
175	143	0.2877487090095285
175	7	0.2845812347725262
175	49	0.2773602057572901
175	134	0.27624291504058823
175	41	0.2754298705347488
175	159	0.27509714773896554
175	138	0.2666092109836629
175	110	0.26420165232567583
175	50	0.25958185670946543
175	8	0.25826638576902833
175	151	0.25810771806362903
175	164	0.2540991020452425
175	1	0.2421153804556757
175	144	0.24136213060363196
175	74	0.2327736306023693
175	191	0.2322249830582964
175	182	0.21284550648987446
175	186	0.2093772927310817
175	106	0.20916692759158173
175	101	0.20076542586868
175	34	0.19939267135544425
175	122	0.1982689259120269
175	158	0.19630832918858065
175	51	0.19601987329737866
175	179	0.18795844239828866
175	181	0.18671371488928115
175	93	0.1805972440706893
175	142	0.18044245805771228
175	0	0.18004577812007405
175	100	0.1794070971964844
175	17	0.17910705846010386
175	47	0.17537801092736274
175	66	0.170381943515395
175	102	0.16868224096459886
175	115	0.16785630838503066
175	92	0.16575640989035131
175	68	0.16411238398402175
175	33	0.1585705168556913
175	131	0.15682503212918386
175	12	0.15452222617369746
175	46	0.1517390578216061
175	19	0.14817113788946773
175	53	0.14105320639259752
175	29	0.14079837001434167
175	103	0.13646332330032152
175	176	0.12673485826056638
175	59	0.12601651698852362
175	163	0.12367361351712085
175	153	0.11148465030190492
175	197	0.10864942165817484
175	4	0.107107576903925
175	118	0.10229097137464664
175	22	0.09433367621705736
175	190	0.09414040793860552
175	61	0.0905840117494068
175	177	0.08477304688202658
180	179	0.5457019702645255
180	159	0.52308685797648
180	35	0.6857190085226939
180	36	0.6575073616882386
180	24	0.6544652766413181
180	32	0.6168163808422883
180	146	0.6078850738744649
180	168	0.5880237841645239
180	114	0.5859328817374602
180	167	0.5763233919656392
180	31	0.5651854581641251
180	51	0.5571771021038003
180	42	0.5515386871172137
180	173	0.5472870059157623
180	196	0.5408172650363902
180	132	0.530959204384696
180	143	0.5307724772072774
180	62	0.5294783371565007
180	164	0.527409796253664
180	174	0.5193797448500231
180	156	0.5179616430739611
180	13	0.5156970241304151
180	57	0.5117368506386692
180	123	0.5044446302870546
180	127	0.5031761331564207
180	144	0.4972001884561558
180	43	0.4864352629959056
180	138	0.4829618676211951
180	47	0.4755902446510346
180	166	0.4713542630762909
180	34	0.4705994277881268
180	106	0.4678700667829839
180	147	0.4663611877858014
180	41	0.44835540540283625
180	153	0.4472521346219398
180	72	0.4461555105941708
180	187	0.444391702615145
180	151	0.4435647328890637
180	50	0.4334199237398513
180	2	0.4294319650675629
180	33	0.42509952765875497
180	122	0.4160949735255473
180	39	0.41600401421563504
180	49	0.4159295867698314
180	29	0.4038075563135331
180	129	0.4020149595417971
180	100	0.40183888404535495
180	169	0.3939270921698857
180	188	0.3916521172585749
180	101	0.38247880049368893
180	178	0.3640180981373111
180	26	0.3633846616230244
180	183	0.3616822661873085
180	30	0.3608214641661326
180	40	0.35914156720516344
180	103	0.3586711266545808
180	0	0.3550845906549385
180	197	0.3497509809024518
180	46	0.3429571267157258
180	52	0.3409437285103648
180	131	0.33998891933859104
180	134	0.3371557425020961
180	148	0.3343519744892876
180	139	0.3245996877279369
180	56	0.32068460396437
180	10	0.31269526980309065
180	176	0.3116483133786708
180	152	0.31016684198285777
180	181	0.30843052076399396
180	22	0.3017919985721119
180	155	0.2992539769091173
180	27	0.29582685594484764
180	21	0.2943022517535926
180	194	0.28408489124450137
180	150	0.2698666568393789
180	12	0.2633549692837985
180	104	0.2569966546439833
180	89	0.2528826371568493
180	53	0.2518433299377146
180	125	0.2471452010161983
180	170	0.24164463343608436
180	37	0.2388177690134263
180	1	0.2375160476523541
180	45	0.2353635093342082
180	68	0.2193660378452472
180	5	0.21933748130108244
180	7	0.2182234833787696
180	3	0.21681350883096698
180	108	0.2098744423561439
180	135	0.19630832918858065
180	154	0.19565444713574415
180	116	0.19177568084612434
180	191	0.1895014516452941
180	115	0.18722518736095614
180	28	0.18428042740167944
180	44	0.18224129161938585
180	102	0.17974581049672056
180	59	0.17694773651201756
180	93	0.17518415561969916
180	195	0.17058583991554016
180	157	0.17058583991554016
180	16	0.1689639756023073
180	163	0.16699125579023258
180	130	0.16274004268896144
180	136	0.15994475478835035
180	38	0.14903170533364904
180	18	0.1423075123560125
180	142	0.12967571054267532
180	9	0.12413639785650532
180	65	0.12151652913594065
180	110	0.11979200513658612
180	112	0.11113898691790153
180	92	0.1044971309955752
180	11	0.09478658988918866
180	99	0.09435845368755673
180	70	0.09037176360734267
35	42	0.6860314578478959
35	56	0.5240014936409015
35	32	0.7342973964514931
35	167	0.6460039423926341
35	24	0.6160227466147051
35	146	0.596895217621378
35	166	0.5922145673154937
35	62	0.5917663797292819
35	147	0.5785630271324073
35	30	0.5766839194570168
35	168	0.568876349472505
35	36	0.5680235001941912
35	100	0.5668573211852663
35	41	0.5545235515965421
35	34	0.5538861232446043
35	114	0.5514551849818621
35	196	0.549936305583098
35	37	0.5416233367403123
35	0	0.5269765558644282
35	49	0.520926158523255
35	132	0.5096745416827633
35	178	0.4973281522742471
35	68	0.4972453546270599
35	57	0.4921093877168578
35	2	0.4916014753325463
35	43	0.4747231115360595
35	72	0.4742504455594554
35	181	0.4699763644075785
35	169	0.4687522402970726
35	31	0.4668618429215434
35	156	0.4650455460681983
35	33	0.4634687717085695
35	127	0.4566259080071384
35	123	0.4532634888096148
35	51	0.4380296231342164
35	101	0.4367438019072772
35	138	0.4360718769638171
35	93	0.4302879463847109
35	47	0.42830578669242897
35	144	0.4247225803947658
35	143	0.4191331707341967
35	159	0.4189682914380806
35	164	0.4186466973340698
35	131	0.40556363744322704
35	197	0.4055135051352177
35	40	0.404986968646548
35	194	0.4032299072308014
35	183	0.3997572705913869
35	151	0.3958768520161816
35	148	0.3935215012157616
35	10	0.3909407321488864
35	188	0.39039841071286013
35	153	0.3873003096735812
35	13	0.38319568637483503
35	173	0.3813427890217733
35	65	0.3772075944414217
35	50	0.3771990172647612
35	187	0.37677007595169815
35	22	0.3738489945954896
35	46	0.36022114737145744
35	115	0.3513210331975932
35	150	0.3508826694651073
35	61	0.34719435397571097
35	104	0.3373064092858561
35	135	0.3309279801374112
35	129	0.3272273994966018
35	106	0.3086024361040108
35	39	0.3066921418768174
35	102	0.30582218367419123
35	152	0.3039899792623645
35	174	0.30123745438346977
35	134	0.28365276456476346
35	103	0.2826041490699273
35	52	0.2770186343326814
35	154	0.2628988948281821
35	45	0.26124114699469925
35	28	0.2591714582676208
35	44	0.2568845768617472
35	7	0.2495660636829532
35	1	0.2450408604426501
35	48	0.2449656625705494
35	179	0.24166346550249115
35	38	0.24162580118764995
35	125	0.2401845955490812
35	5	0.2374405593279715
35	176	0.2368082321015748
35	142	0.2362134726760252
35	116	0.2303982484890798
35	53	0.2274133045870141
35	170	0.22589550050982635
35	195	0.22482288968785227
35	18	0.2243101219645888
35	27	0.2142007654069868
35	155	0.1984898744020644
35	3	0.19813442565887227
35	79	0.19178531304853416
35	139	0.19053281756898907
35	99	0.17943613143301154
35	26	0.17736424127990294
35	130	0.1658050357279376
35	108	0.16523119953183732
35	133	0.15653239659740062
35	21	0.15296981068665638
35	122	0.15220797175636444
35	74	0.15081079779480602
35	17	0.1506544330465786
35	12	0.14684072898845682
35	16	0.1458523605621541
35	4	0.14025923161785994
35	110	0.13620815603465586
35	92	0.13515785470980093
35	163	0.1346374993357776
35	182	0.12619365453934453
35	112	0.11878651975418066
35	69	0.11671563771162614
35	158	0.11316320155298215
35	29	0.11079329664117832
35	11	0.10821459496562516
35	126	0.10490263654278678
35	107	0.10165762660183787
35	186	0.10162793653949152
35	19	0.0962144472123802
35	66	0.09591820660765896
35	119	0.08795513132409546
39	143	0.8699076815344667
39	24	0.8070116651118325
39	163	0.4653589808029436
39	127	0.7460469015217677
39	129	0.64165383849761
39	136	0.5707806801887674
39	123	0.5573632535878146
39	138	0.5529495898048213
39	41	0.5402934931684722
39	173	0.5266153128564491
39	36	0.5122017197053588
39	134	0.5105105218625748
39	114	0.5063135544063111
39	146	0.5036688665441209
39	31	0.4944626247644357
39	40	0.4727376297384445
39	2	0.4725279428132511
39	57	0.4651787700833388
39	32	0.4608657869544192
39	33	0.4599201411576781
39	151	0.4592970208483307
39	26	0.4580099130075945
39	27	0.4436852124212499
39	174	0.4404750041174591
39	130	0.4383447400055456
39	34	0.4192073574001952
39	62	0.4062151353625552
39	104	0.3818468763771205
39	144	0.3482404740014925
39	49	0.3231137942697353
39	131	0.3129659109069864
39	72	0.31238848183111945
39	132	0.3109348663651635
39	29	0.30375398719143165
39	28	0.2998183493001078
39	13	0.28532546400874703
39	135	0.2847742160761006
39	45	0.2708121116890978
39	101	0.2690598279832947
39	50	0.26546626573458
39	149	0.2645922919000069
39	51	0.25070972937439245
39	42	0.2499223622525373
39	7	0.2459899797476573
39	100	0.2456893196333633
39	196	0.2425483670676568
39	56	0.224708952054312
39	30	0.22353123720080784
39	52	0.21687068760121392
39	53	0.21407672660951604
39	153	0.21359004622725689
39	169	0.21123148987460053
39	46	0.20906173776015607
39	168	0.20815307903571306
39	167	0.19263280198460486
39	44	0.1899738114540975
39	194	0.18962678015307385
39	161	0.1742243720692747
39	179	0.17326425737082218
39	139	0.16429726097091285
39	5	0.15984731146257872
39	166	0.15963292518269798
39	159	0.1594380154966566
39	10	0.15877522966793325
39	110	0.14492244125805293
39	47	0.14256223755415334
39	99	0.13694416621238434
39	106	0.13593334030613322
39	178	0.13514803737298925
39	197	0.13056047283391434
39	164	0.10164772993450794
39	147	0.0987620015985355
39	157	0.09183452115627437
39	22	0.08542131813909269
39	43	0.08530517070459738
39	109	0.08339783955755879
143	24	0.7876459513816276
143	127	0.7852424895059309
143	129	0.7174304952790118
143	138	0.62063053508773
143	33	0.5815092153626021
143	123	0.5722419024647475
143	136	0.5571081428940919
143	41	0.5500060587528658
143	36	0.5471188693704858
143	146	0.5344543621407492
143	31	0.5208751521477839
143	130	0.5201898490784058
143	2	0.5111239463750538
143	173	0.5096449318046606
143	27	0.5093561722280481
143	34	0.5035345171842884
143	57	0.4996578137300274
143	114	0.4907820463634438
143	62	0.4888742764715538
143	32	0.4867252940503066
143	26	0.4841034995162795
143	40	0.4706928468535513
143	144	0.4554061523530544
143	51	0.4350995590481859
143	134	0.4332656030711903
143	131	0.4295135203837828
143	174	0.4115866677390651
143	72	0.3856415620140057
143	132	0.3751644036713416
143	49	0.372859297066115
143	153	0.3687019537062841
143	101	0.3612215093599242
143	163	0.3576948172422789
143	149	0.34245407159693003
143	151	0.3340410650533645
143	100	0.32520790521274473
143	42	0.3229973617077917
143	179	0.31240652998708474
143	52	0.3109980973544313
143	159	0.3108625990069721
143	13	0.3022554772068101
143	155	0.3012465469160401
143	47	0.2810115386550638
143	106	0.2807628410125537
143	196	0.27591959234516783
143	168	0.27092330737100706
143	164	0.26921751392671783
143	99	0.2466569002961975
143	197	0.24539801006043566
143	161	0.2388177690134263
143	28	0.2359490783012595
143	53	0.2334923238134887
143	29	0.2314869137027749
143	44	0.2294795343095051
143	104	0.2203843084858065
143	167	0.21945170522241925
143	5	0.2151451416869764
143	169	0.21236810732834105
143	46	0.21176644004392428
143	181	0.1984322376095288
143	0	0.1968755266224101
143	30	0.19236317751985865
143	139	0.1913999961523562
143	45	0.19023405378594171
143	156	0.1891061443818834
143	157	0.18847931215757396
143	178	0.1750193679267185
143	56	0.1739625553752198
143	22	0.17333215511201194
143	50	0.16817699261557498
143	176	0.15827804633394965
143	43	0.14796574198548235
143	21	0.1472222978595902
143	147	0.13918070556956658
143	133	0.13742494459712332
143	10	0.1231713824161364
143	103	0.1116525342178531
143	194	0.10912373063124124
143	166	0.1079576324451972
143	122	0.1032210460345074
143	7	0.1018951405769208
143	109	0.09661370105032867
143	125	0.0937627709926378
143	135	0.0839489538564046
143	192	0.08241961038710804
24	127	0.7905513000748317
24	41	0.7605253558871636
24	33	0.7059781911490313
24	36	0.6928051377415284
24	32	0.6915915318656426
24	123	0.6807336590905233
24	31	0.6801537031166021
24	34	0.6786245632152821
24	146	0.6722022645523662
24	129	0.6621373046676559
24	40	0.6472084752731871
24	114	0.646149588594198
24	26	0.6163577137814062
24	62	0.6095342898931179
24	49	0.5907907956564545
24	138	0.5828973968853864
24	42	0.5766772450619566
24	27	0.5674067937220564
24	2	0.5567425308009497
24	134	0.5505010856276485
24	57	0.5479801023237204
24	167	0.5195549817265358
24	168	0.5148744059772181
24	30	0.4936916193268152
24	136	0.4909793957521289
24	144	0.4821717245739289
24	72	0.4614956367801946
24	132	0.4521185871423265
24	44	0.4471961352818582
24	100	0.44498536913046943
24	130	0.4391038096674072
24	151	0.4386355215064763
24	174	0.4372292275559375
24	173	0.4366628728878725
24	51	0.4280117818773923
24	13	0.4229834423126823
24	149	0.4155325462948537
24	22	0.41251650670056267
24	50	0.4054215895678711
24	164	0.405396520262928
24	159	0.4037573387294512
24	153	0.38838776802006464
24	131	0.3877252265880085
24	101	0.3844491261792122
24	29	0.3840826200997028
24	47	0.3773362443259041
24	45	0.3740898357186835
24	196	0.3650672993894069
24	104	0.363844587342565
24	56	0.3620472688136528
24	53	0.3583138185712131
24	52	0.35748550621737285
24	46	0.34169470446293576
24	28	0.33759883077294345
24	135	0.33172917930055473
24	152	0.3246444187540521
24	147	0.31070901893668895
24	178	0.3049789243854889
24	155	0.3039264466040623
24	106	0.3010919664131109
24	68	0.29532490676671885
24	179	0.28758360433727004
24	163	0.28700560342045445
24	5	0.2862070680600013
24	197	0.2749492497809296
24	166	0.2720348661346748
24	0	0.2647410841467029
24	156	0.2625171911961401
24	169	0.2515810704686384
24	7	0.2364023043916536
24	181	0.2347399739126126
24	48	0.2340500808993764
24	10	0.21309371391401985
24	125	0.2127691294462872
24	157	0.20320179905404065
24	103	0.2023004406642036
24	43	0.20166736703829072
24	139	0.20038151776145505
24	116	0.19553903810618545
24	194	0.1887686384539543
24	16	0.18111958078346435
24	148	0.1798232246988538
24	154	0.17540708805096786
24	118	0.16810897165997604
24	18	0.16791461725329407
24	93	0.1664079290616603
24	21	0.16141576908586647
24	150	0.1488752552762922
24	133	0.13851381501870033
24	115	0.13445093874427594
24	37	0.12941024151768174
24	187	0.1271185752028138
24	59	0.12256074199951345
24	102	0.11190928552368153
24	122	0.10970666731912147
24	161	0.09261681021723467
24	38	0.08662732676381264
24	110	0.0825755418683207
163	173	0.3702734845570704
163	28	0.3542628365748233
163	151	0.34555751051023725
163	136	0.3134709716464075
163	57	0.3133627592623618
163	138	0.3097781576593506
163	129	0.3057949892409404
163	162	0.3001004568477561
163	135	0.2790854522851474
163	194	0.27290508056313273
163	36	0.2690134470189223
163	107	0.2590408573080176
163	58	0.24866564012434314
163	8	0.2323101277186739
163	132	0.23094738670093745
163	101	0.23016150569595745
163	127	0.22216274899907373
163	4	0.21996563838187105
163	182	0.21709938779838056
163	109	0.21142255805166685
163	7	0.20088058628295286
163	131	0.19790383643841206
163	147	0.19562559538628416
163	117	0.19496191177425798
163	1	0.1947117817390096
163	63	0.18999308957986735
163	146	0.18813207741421092
163	114	0.1872637849410468
163	100	0.1840582286212761
163	186	0.18237663850091893
163	43	0.17638583899850388
163	73	0.17599825645922607
163	104	0.17494181738338813
163	2	0.17469945794860464
163	161	0.16753558862546455
163	110	0.16629124972411888
163	166	0.1520614435020481
163	123	0.15188560077381336
163	102	0.15021461680033438
163	14	0.15011687177549712
163	10	0.14942279781904086
163	134	0.1440803986811228
163	185	0.1439628877493183
163	142	0.1438062001915923
163	97	0.1406611426955844
163	197	0.13755248718782376
163	32	0.13440184226701
163	130	0.13264375548623844
163	195	0.13145485443179988
163	139	0.1234175820324589
163	50	0.12093519962256224
163	190	0.11349883461693985
163	42	0.11063525786571787
163	62	0.10747331774077634
163	178	0.1058322003167656
163	148	0.10385418518797952
163	183	0.09863227768615038
163	6	0.09848076383478556
163	27	0.09794993424042772
163	56	0.0974448020873205
163	54	0.09528108319503603
163	160	0.09386387329672784
163	99	0.09097972344638083
163	106	0.09043028143897776
163	144	0.0885375600928902
163	9	0.08729027543409826
163	169	0.08543223786401417
163	198	0.08459533056522704
163	13	0.08448015957447856
163	158	0.08294698017845613
163	170	0.0816031390955212
23	25	0.8677752290732312
23	18	0.7566536060174166
23	128	0.6887059918752568
23	120	0.6385194197555822
23	124	0.6869936920883707
23	22	0.6768782575526663
23	126	0.5824416545274536
23	16	0.4979375650619328
23	17	0.42778304881516427
23	119	0.4182672462133995
23	125	0.4016795520352297
23	69	0.39721682506241146
23	21	0.3880480532851027
23	53	0.3867051494876949
23	118	0.37824495492299226
23	157	0.37276458582805577
23	82	0.3693843613031326
23	11	0.3684167795921525
23	152	0.34663137706507385
23	61	0.3265218086804316
23	44	0.3246980940685465
23	37	0.3059853397935673
23	20	0.3052147225251522
23	83	0.29849811828435474
23	80	0.2969852779213341
23	112	0.29452144895123616
23	87	0.2879688219676808
23	155	0.2873909606150465
23	68	0.28720746878356296
23	3	0.2863539550146052
23	186	0.28258574626801714
23	115	0.2774063586830155
23	79	0.2753189702634814
23	76	0.27107155703329944
23	103	0.26925461440438186
23	78	0.2646480904692517
23	26	0.2582850516420901
23	0	0.2570059941471758
23	81	0.24975359767600014
23	65	0.24749256935804925
23	42	0.24264248181356854
23	51	0.2390912102292297
23	106	0.23353959732828525
23	121	0.2323101277186739
23	149	0.2240441934780404
23	198	0.2239207153364252
23	19	0.22194408977602445
23	142	0.220089344809054
23	91	0.21934700019089665
23	48	0.2187472286457406
23	14	0.209214739551328
23	63	0.20168655356636367
23	109	0.19901814765087486
23	113	0.1932682302238637
23	181	0.1827246415917595
23	60	0.1801522101987096
23	9	0.17152745726951169
23	182	0.1706829283061481
23	27	0.1702071635582016
23	64	0.16988670582816154
23	111	0.16941080838189138
23	154	0.16840047876183736
23	94	0.1683421796961267
23	66	0.1679923605832939
23	98	0.16391776417362786
23	108	0.16385937574144852
23	191	0.1583267933511323
23	34	0.15732244931599185
23	116	0.1569225711901319
23	147	0.15682503212918386
23	96	0.15616168547314005
23	199	0.1527647180515712
23	148	0.152540077686183
23	117	0.15233495749831094
23	168	0.15232518954282406
23	85	0.14544127002639998
23	156	0.14336547780141162
23	46	0.1275809527515671
23	1	0.1207184114292003
23	102	0.11817522315906588
23	95	0.11658740669690633
23	150	0.11340012169543467
23	38	0.11147477457916788
23	75	0.11068464558446142
23	49	0.10146958648399412
23	176	0.09949968050529294
23	70	0.09620156754012928
23	89	0.09389063534737643
23	192	0.09087856679363282
23	105	0.09074963892998512
23	6	0.08380596695834136
25	18	0.7501202550952288
25	22	0.6595235890212672
25	128	0.5866941158821614
25	124	0.5706727968308305
25	120	0.5321286654100917
25	53	0.5170976908630652
25	157	0.4764178040990021
25	126	0.4598412901850502
25	16	0.44872285920996935
25	125	0.4285670482045571
25	21	0.42027831790495945
25	44	0.4139013676987926
25	82	0.3607431789157245
25	26	0.3547611996567793
25	118	0.34719435397571097
25	69	0.34362756095071234
25	155	0.3312841276435317
25	152	0.3220207350086955
25	80	0.32017312853773017
25	83	0.31302905318728924
25	48	0.3003006303661264
25	87	0.28530709211631833
25	11	0.28329410387368953
25	149	0.2738211003661083
25	27	0.2642388598319209
25	154	0.25942330478012465
25	79	0.25079407048794605
25	198	0.24717336838483545
25	51	0.2438937730185548
25	115	0.23653447596946384
25	91	0.2358735306327926
25	119	0.23500452771782135
25	61	0.2345037357677384
25	17	0.2320357599609045
25	78	0.2192518094138821
25	96	0.2164704049806914
25	68	0.21316053429201687
25	37	0.20714835390101527
25	186	0.20571227441660864
25	33	0.19971913168226108
25	112	0.19740415134366784
25	29	0.19711582479695075
25	46	0.19357625832827435
25	42	0.19277723170077646
25	142	0.19273871792625627
25	199	0.19254614014806276
25	94	0.1868584815320086
25	168	0.1857097767960438
25	66	0.18431906874578816
25	76	0.1841644999517675
25	191	0.1819222323660259
25	156	0.1815644537083252
25	20	0.17748046383680782
25	49	0.1746218984568506
25	81	0.17423406851106255
25	97	0.1715565744696131
25	34	0.16965362308747464
25	98	0.16491019148537878
25	65	0.1610261659716146
25	181	0.15808305055182956
25	60	0.1556445675521015
25	85	0.14988227174586602
25	40	0.14463852006256614
25	193	0.13921012430865806
25	182	0.13604130612529006
25	116	0.13205426526118058
25	106	0.13021642323918914
25	38	0.12883007802459204
25	14	0.12872190218282553
25	0	0.12333879980674242
25	70	0.1210238823780591
25	64	0.1190034098304851
25	148	0.11870764782381715
25	103	0.1113167600222331
25	3	0.10273624229908178
25	153	0.10242950450784967
25	95	0.10165762660183787
25	187	0.09913927113580304
25	109	0.09712981190284284
25	74	0.0966880004462716
25	93	0.0927238827354714
25	147	0.092258894878348
25	192	0.08931337620060828
18	22	0.7424065624627155
18	16	0.5233628275607176
18	44	0.5923963361035812
18	21	0.5706323354919305
18	120	0.5469647054094391
18	124	0.5153959973019262
18	53	0.5060681100325961
18	125	0.5015762313422629
18	42	0.4873126596381048
18	152	0.4781321060441195
18	128	0.4612673699213899
18	48	0.4566179930431956
18	168	0.4474840945326553
18	34	0.422991653128027
18	26	0.41721887319327133
18	27	0.41169463949523344
18	17	0.40769200294823255
18	126	0.4040084023147164
18	157	0.40033684458003693
18	118	0.39868127212261534
18	33	0.39636584296529664
18	46	0.388693421049572
18	186	0.3867136540460807
18	115	0.3842104848132923
18	51	0.3636536963000392
18	65	0.3611693370879714
18	14	0.353142972138132
18	68	0.3513035016037785
18	37	0.3473702329766402
18	40	0.34250703402116545
18	149	0.34239227935114136
18	106	0.31785569732047364
18	11	0.3137234355465625
18	0	0.3129839518408322
18	69	0.3106909496262944
18	103	0.2912668549370507
18	155	0.2908183607901047
18	82	0.28113126850744674
18	154	0.2762244411414873
18	49	0.2669993134806788
18	156	0.2611293331224159
18	116	0.2601320165700365
18	146	0.25383716199466794
18	29	0.2434516799350281
18	61	0.23949658774677066
18	167	0.23572242674304925
18	147	0.22271405125305144
18	153	0.20793303387687714
18	41	0.20335518751033987
18	181	0.1970293201809104
18	66	0.19577946746898905
18	3	0.1943750282405864
18	79	0.19165045885346985
18	108	0.1898003017315837
18	160	0.18764972892107076
18	111	0.18357512291750647
18	72	0.18174818389426725
18	144	0.17953290996360602
18	136	0.17847783686495394
18	102	0.17427285394030698
18	1	0.1727404194816089
18	109	0.17187684387914032
18	43	0.16729259549639172
18	112	0.16725371470873404
18	9	0.16119175343471234
18	196	0.15974986502154656
18	187	0.15711764012671736
18	197	0.15634704654143125
18	91	0.15193444694103506
18	170	0.15185629271734966
18	142	0.1494912342010366
18	119	0.14715381436229033
18	195	0.13772907709003648
18	131	0.1324963917101914
18	123	0.1322998975646215
18	178	0.13173000579096333
18	148	0.12421516428649301
18	95	0.12286607383700808
18	166	0.11828368555652535
18	191	0.11664659072542455
18	101	0.11568968098820663
18	47	0.1154035527862877
18	130	0.1148805793775688
18	20	0.11174141135855516
18	183	0.11170191062774204
18	80	0.11104022100799772
18	12	0.1096869079868266
18	159	0.10858024746096412
18	129	0.1070878063022366
18	93	0.10691975277015718
18	63	0.105614659355268
18	182	0.10452680331303453
18	164	0.10406191565917927
18	192	0.09962245136680553
18	64	0.0986619857484502
18	13	0.0967969709442194
18	100	0.09004940844394445
18	135	0.08832027260221997
18	105	0.08792337879010077
18	4	0.08722577034168777
18	32	0.08436399344379318
18	85	0.08250701196965372
128	124	0.8157900831961992
128	126	0.7467687878816669
128	120	0.5705446597525449
128	119	0.5086226518538753
128	17	0.4862443946048745
128	118	0.4803044901128984
128	61	0.41338745077602734
128	76	0.38299944203713226
128	22	0.36756949025591695
128	87	0.3406608953026755
128	16	0.3403691589658664
128	81	0.3345740081146055
128	78	0.3305895526602091
128	66	0.32488594119814684
128	94	0.32366000100529085
128	157	0.3169384531454667
128	142	0.3156605178422761
128	121	0.3091542385273726
128	115	0.3058312483743888
128	69	0.3004098047751533
128	20	0.28456285439749823
128	75	0.28381827351215105
128	117	0.2780892721963933
128	83	0.2759103536358911
128	80	0.2748752959215991
128	65	0.2735435709749149
128	82	0.26655347492042786
128	98	0.265856623806267
128	37	0.2596471387313135
128	64	0.2581357192589771
128	68	0.2521242811837266
128	198	0.25019422879643805
128	4	0.24909714681923276
128	185	0.24304712315905
128	199	0.233511233351876
128	60	0.2319695277268085
128	193	0.2260757973016337
128	88	0.2236167385212172
128	186	0.2139526809078599
128	182	0.21299825277321213
128	148	0.21249224087288965
128	125	0.20852615092625207
128	19	0.20812437868762906
128	26	0.19703893195644195
128	195	0.19696203669175366
128	74	0.19591409763403084
128	194	0.18047148111617373
128	77	0.17825515422557794
128	188	0.1632364944377417
128	170	0.1629250049465063
128	63	0.16109435014311374
128	97	0.1571956642696063
128	116	0.15678601564808234
128	96	0.15353618851016634
128	55	0.15077170731488548
128	158	0.1457936364229862
128	187	0.14139622584173153
128	91	0.13996512104678266
128	85	0.13927876707753245
128	38	0.12890874943848435
128	105	0.12830883899339893
128	53	0.12722679618458085
128	133	0.12347666768088225
128	107	0.12167416346707068
128	162	0.11910199247583428
128	89	0.11783995793151544
128	42	0.11457465973238895
128	166	0.1061486054450137
128	6	0.10518943648647187
128	93	0.10103409734285207
128	190	0.09823516305974632
128	84	0.0940472401815622
128	79	0.09366067552709932
128	183	0.09361408762119183
128	48	0.08878956333980062
128	86	0.08703721280266444
128	152	0.08467674317796399
128	27	0.08351402466498874
128	130	0.08238981410320832
120	124	0.6111406577456352
120	119	0.5577767229887379
120	69	0.5501594887189337
120	20	0.5374977093041582
120	17	0.5331744372605101
120	121	0.5106509902472155
120	19	0.5002878364914878
120	65	0.4919274874326642
120	66	0.4706305686490581
120	61	0.4438618867281899
120	81	0.4396686674443408
120	37	0.4388939168697805
120	117	0.4033136444181799
120	118	0.3845258214235617
120	83	0.379332733858286
120	76	0.3744510028055147
120	48	0.3624729649295668
120	64	0.3526614691423379
120	198	0.33943162329652143
120	78	0.3375456680743797
120	22	0.3337656274041411
120	85	0.33024213077115305
120	186	0.32905666040580606
120	63	0.32507376269736177
120	80	0.31454363678373104
120	79	0.3037721417514442
120	126	0.28847313271932035
120	14	0.28833560928182433
120	87	0.28654672371636863
120	55	0.2818218466780261
120	21	0.2810944294848077
120	42	0.2798598440616391
120	105	0.2777293933049313
120	199	0.27655694008408466
120	98	0.2727384782738815
120	0	0.2694215566630556
120	94	0.268781523484786
120	68	0.26500144024469346
120	3	0.2640156029998669
120	74	0.2628802770468707
120	96	0.2625730553996139
120	93	0.26182805475240783
120	53	0.2568939169408954
120	82	0.2549407996125536
120	185	0.25429553262639115
120	142	0.2542394117432559
120	16	0.2541271648407024
120	115	0.2531259942474366
120	158	0.2531072756080549
120	125	0.2481214257638041
120	75	0.2309095198189643
120	44	0.2279632362390795
120	150	0.22244792309788708
120	4	0.21923277075751804
120	1	0.1971831040431276
120	95	0.18508211839772185
120	88	0.1842224643174167
120	157	0.17952323226688932
120	60	0.17941677531005565
120	6	0.17901994419654396
120	103	0.17591104286277678
120	195	0.17575598965120853
120	92	0.1746703733931999
120	102	0.17131392198207188
120	77	0.16619401338546125
120	182	0.1655229946541964
120	162	0.16301261465147535
120	167	0.15865825258855393
120	11	0.1576442649802871
120	30	0.15435628092624196
120	181	0.15041987179200308
120	193	0.1497160865112847
120	191	0.146449330899935
120	111	0.14572512362879655
120	152	0.13991610021551867
120	47	0.1387982396233574
120	160	0.13766040427897894
120	183	0.13626704239363086
120	91	0.1338813790848596
120	170	0.1298526795678361
120	97	0.1282498263286488
120	166	0.12250164283311887
120	54	0.12145741468101975
120	190	0.11899355143686913
120	58	0.11858933711973706
120	109	0.10880753015678987
120	196	0.10876800354792401
120	90	0.10721631369873427
120	51	0.10479384578980444
120	49	0.1045070217887354
120	107	0.10234044794941384
120	194	0.10080643987102794
120	154	0.09483217640350028
120	177	0.08667595884694984
120	116	0.08181769695070898
9	108	0.8650577012243122
9	109	0.776779963492105
9	3	0.7789913530768601
9	12	0.7483129230058114
9	103	0.7347762702045701
9	112	0.7292483188031066
9	11	0.6872945568514437
9	106	0.6539733592182849
9	111	0.5693293511427606
9	113	0.5691603610710475
9	5	0.5372416651343862
9	13	0.49578361709583
9	0	0.48987055040638
9	176	0.4866337168834195
9	21	0.4602827622081362
9	153	0.4510757487854727
9	70	0.4469961090191352
9	102	0.4419407143140379
9	1	0.43823971301563536
9	95	0.43819931483276775
9	47	0.4041924769372429
9	122	0.3617778728364235
9	147	0.3534405350127229
9	7	0.33266330712511394
9	197	0.32779874998978226
9	125	0.3179006449938765
9	43	0.31582257315146817
9	10	0.3120996806715132
9	100	0.3097058328676906
9	135	0.30680085066709306
9	14	0.28473745951159296
9	115	0.2832849064031268
9	184	0.2784490730351264
9	139	0.2668600011972909
9	51	0.2582477197031348
9	46	0.2573048328939748
9	192	0.25500624880765826
9	144	0.25112202750414103
9	8	0.2503910730492464
9	114	0.2461402920591013
9	152	0.2419741683069078
9	168	0.2371291396842107
9	186	0.23367195729574655
9	30	0.2272520902138648
9	52	0.21784249873864986
9	6	0.21125059741902932
9	116	0.21120282825525147
9	126	0.19551980274127115
9	2	0.1954620957439646
9	155	0.19371100862807936
9	149	0.1898966974862143
9	110	0.18954001492095468
9	28	0.18769796784739126
9	150	0.17592073339877973
9	44	0.17404013325774872
9	31	0.1614547266322908
9	156	0.16098720289771748
9	151	0.15966216056255728
9	123	0.15801479911424438
9	34	0.15660068068169922
9	16	0.15319442083473847
9	101	0.1476429512098118
9	154	0.14351239159192114
9	75	0.14237609407275684
9	89	0.13430364733309974
9	188	0.1315826057986824
9	136	0.1292037527813761
9	117	0.12669550053003945
9	132	0.12079724483291203
9	4	0.11850060188168092
9	179	0.11595605895347699
9	82	0.11491018334910673
9	148	0.1030330667211448
9	157	0.10302317286907957
9	20	0.10065796191775936
9	104	0.09891152652364762
9	133	0.0971842927307239
9	105	0.09545647334348087
9	63	0.09257021317448866
9	162	0.08951872118729629
9	159	0.08362226344869693
9	22	0.08329555506486222
9	118	0.08278708575697824
108	103	0.8302063309193327
108	12	0.769703563524043
108	3	0.7454032553669799
108	112	0.6899236311608276
108	111	0.6707360917903462
108	102	0.6451115623461732
108	109	0.6422593668497835
108	13	0.6342054007079037
108	11	0.6312611390561543
108	113	0.6101749286782446
108	106	0.5647088739125092
108	0	0.553872258887771
108	1	0.5434157431995889
108	5	0.5061424957747238
108	153	0.4739713667789876
108	176	0.4707706880137562
108	47	0.452102675222784
108	70	0.4376092998071723
108	10	0.4305405168942168
108	168	0.4241076765901352
108	114	0.4138019204809713
108	139	0.4032382812534536
108	147	0.4017382561321407
108	14	0.39782304911153255
108	100	0.3970820614916824
108	115	0.3703511427481285
108	21	0.36681679312147103
108	30	0.36625411950574416
108	122	0.3662021668889382
108	144	0.3636710512935961
108	95	0.3627508889552002
108	135	0.35295039337044404
108	46	0.3365529027007987
108	2	0.33300121174078723
108	7	0.3291012457579256
108	150	0.3175500152599743
108	125	0.3162546305497144
108	152	0.31358819254234344
108	110	0.3047521601367138
108	43	0.2936079230866758
108	8	0.2807996874878135
108	116	0.278190762390653
108	197	0.2693937340774397
108	105	0.261362270778695
108	34	0.244871661085733
108	6	0.2439596080023991
108	63	0.23830850170747306
108	186	0.2378085378063454
108	51	0.236987569184032
108	31	0.23368141124781874
108	104	0.2260852861775201
108	146	0.21857583496205807
108	156	0.209214739551328
108	20	0.20855484625206314
108	65	0.20835397143341644
108	149	0.20521422630582206
108	123	0.2031634503812059
108	101	0.19707737867977312
108	52	0.1915926619828341
108	151	0.18562287927479149
108	192	0.18055854840575936
108	184	0.1748642646693341
108	62	0.17432133496643926
108	159	0.16767165588883648
108	32	0.16030526797679115
108	155	0.15509808610696954
108	44	0.15471744471429744
108	36	0.15114304782077148
108	134	0.1479950850393965
108	132	0.14096499591365536
108	154	0.13857266336493412
108	82	0.13756229796746114
108	164	0.13743475572748606
108	42	0.13563887166843766
108	126	0.13515785470980093
108	84	0.1240871680432494
108	16	0.11794842903690722
108	138	0.11198828292121467
108	68	0.11161303269299223
108	107	0.10296380932865047
108	17	0.10197430932182523
108	48	0.0928220306600612
108	169	0.08970025172238599
108	89	0.0895722881938228
108	85	0.08687246795299933
108	22	0.08525454160995577
108	37	0.08398668593379839
109	112	0.7055465576704412
109	106	0.6062432457466386
109	11	0.5894481730993164
109	103	0.5814959782680051
109	12	0.567216909690879
109	3	0.5664092295745864
109	0	0.5451961808855906
109	5	0.4868168605203168
109	113	0.4619598531769308
109	176	0.4510120240325248
109	13	0.4279464351668328
109	111	0.4114371493088282
109	21	0.4068078067062964
109	147	0.3900169286337006
109	153	0.3844150377002439
109	102	0.3672494364551393
109	135	0.3653706146747701
109	7	0.36016022898472155
109	70	0.3394847093856983
109	47	0.3331256813641961
109	149	0.3323608989905446
109	95	0.331204002680367
109	1	0.3289585674670401
109	100	0.3237763778544736
109	197	0.3114225769635883
109	46	0.3111787421526735
109	136	0.30771549890548633
109	10	0.30260980565507145
109	43	0.30135565303353196
109	28	0.2882805965755778
109	125	0.2832481159997876
109	51	0.2739690974016907
109	101	0.2733122616827469
109	155	0.2708491777195673
109	14	0.2693937340774397
109	122	0.2613156856817838
109	114	0.2603557621170786
109	152	0.2491440437656712
109	123	0.24552017753855765
109	31	0.23786514382455465
109	144	0.2330195279884304
109	52	0.2329060405876523
109	192	0.23142066366274694
109	162	0.21663243291234816
109	44	0.2146873124096161
109	30	0.20583676980639756
109	34	0.2044765368022233
109	131	0.20262650356511244
109	2	0.195741000351762
109	126	0.19120731557081824
109	132	0.18670406349137428
109	40	0.18647241913383336
109	157	0.1769380495998917
109	110	0.16892511729270387
109	82	0.1625745404464567
109	115	0.15967190562694258
109	22	0.15859976237829373
109	186	0.15797579761482214
109	16	0.15650313153171697
109	117	0.15062511381682114
109	104	0.14210175901008054
109	63	0.1322409472925191
109	146	0.13195600779687375
109	75	0.13188722602881392
109	20	0.11980186162353355
109	89	0.11889496621062548
109	86	0.11771176118160577
109	107	0.1150878028902928
109	154	0.11448584027848625
109	116	0.11356793232886915
109	133	0.10314189774784227
109	54	0.10137061508776347
109	168	0.10037089183333517
109	179	0.09711594396279093
109	6	0.0955188989158729
109	150	0.0944080082778316
109	48	0.09396497366490622
109	184	0.09372510493382684
109	148	0.09232631565942223
109	4	0.0923084690644395
109	99	0.0891199283253889
109	29	0.08807916294665646
109	36	0.08680696566802708
109	156	0.08218322248675566
103	3	0.8343851918672979
103	106	0.7197326132164145
103	0	0.6908761238985189
103	113	0.7217268827100749
103	112	0.7214920356257788
103	12	0.7214776518371737
103	11	0.7047119221746755
103	13	0.6668838565811689
103	153	0.5987331031622242
103	102	0.5951995863296654
103	5	0.5856044442146086
103	111	0.575681899950167
103	47	0.5697617465490243
103	176	0.5201971430656721
103	144	0.4804275698688112
103	168	0.4767346828760375
103	100	0.4635394364635856
103	1	0.4547956323550726
103	21	0.4462676359263426
103	30	0.44548246449585377
103	152	0.444391702615145
103	51	0.43991064295922616
103	114	0.4359827901458749
103	34	0.4320301233864443
103	150	0.4219318847442921
103	70	0.4216030398679207
103	125	0.4035397010844585
103	122	0.3956322723040076
103	155	0.3931242115750699
103	46	0.390864484585392
103	147	0.3845513853254343
103	101	0.3825044114988265
103	95	0.3814966024440041
103	149	0.36972973233229983
103	139	0.3690561642776299
103	42	0.3579825612245855
103	14	0.35783433796298897
103	123	0.34443867079115736
103	10	0.3439097443437569
103	197	0.34210976279805577
103	22	0.34075812617576545
103	146	0.32737918783029146
103	43	0.32496643926545643
103	2	0.3235794266800893
103	156	0.31892506395886583
103	36	0.31683050303832994
103	116	0.30839432549290985
103	52	0.3047430888478603
103	31	0.3007554717993393
103	44	0.2916145786090708
103	32	0.28230967928371875
103	115	0.2801455395915097
103	164	0.2723867086186494
103	159	0.2675564509805848
103	63	0.2576689760811081
103	135	0.2360151801716557
103	186	0.233709772838924
103	49	0.2164036841303204
103	192	0.2139622231299471
103	132	0.21206251863980174
103	62	0.20610489108918414
103	68	0.20186881786120248
103	179	0.2007846196564841
103	20	0.1983745994445371
103	7	0.19827853278730934
103	65	0.19591409763403084
103	82	0.19097607942089415
103	134	0.19073518589041505
103	154	0.1898292208422732
103	41	0.1743504231764749
103	151	0.17198359227903534
103	131	0.1704693294745492
103	79	0.16722455377657708
103	89	0.1667968265151293
103	19	0.16541600647143098
103	33	0.16321702729725168
103	16	0.16233113817907496
103	157	0.1608995341468897
103	57	0.16018834946170682
103	184	0.1552737512259776
103	17	0.13728758594146556
103	37	0.1372581512566815
103	105	0.13708153805911627
103	6	0.13218199608493245
103	167	0.13207391644269806
103	110	0.12838752113292884
103	69	0.1276596497962193
103	56	0.12257059177608635
103	72	0.12123080129234776
103	126	0.11796815075374345
103	40	0.11541341959510078
103	8	0.10443778580258542
103	48	0.09473109272653188
103	138	0.09215280458375537
103	191	0.08918441169825349
103	136	0.08735279505589451
103	104	0.08629185340520061
103	91	0.08498451234247012
12	112	0.7733462389685888
12	13	0.7948619089912051
12	113	0.7874180754044551
12	139	0.7094273303088765
12	111	0.6816876531227472
12	176	0.6637683382485621
12	11	0.6602123694092457
12	70	0.6438897097812408
12	102	0.6263335956365257
12	10	0.6219506297166287
12	3	0.6060091796769744
12	106	0.6002257566414684
12	1	0.5637477527851351
12	0	0.5011420207281047
12	150	0.491942647430452
12	114	0.4726133772799461
12	100	0.4710586365791943
12	110	0.4653511463562958
12	2	0.4629660967872625
12	153	0.4608264059106624
12	5	0.4494253916754787
12	7	0.436314797572712
12	8	0.4328024886271556
12	122	0.4063737710771253
12	144	0.4015453588459527
12	135	0.3926844859797571
12	30	0.39081364989600303
12	147	0.38708778948319306
12	104	0.3755252324961615
12	168	0.37446819840566414
12	14	0.3519782900419671
12	47	0.3479680387421917
12	21	0.34081999657282674
12	52	0.3199846431421994
12	95	0.3197692002423585
12	186	0.3183680160649716
12	156	0.3183051097367146
12	184	0.2998001470118142
12	192	0.2988168995725559
12	31	0.2942200448197677
12	197	0.29294985212669955
12	116	0.28788628317254805
12	132	0.28610607547432043
12	125	0.28292616441899754
12	32	0.2677049907877581
12	51	0.25681919496417
12	101	0.2551558381930763
12	146	0.2506722432132228
12	43	0.24909714681923276
12	115	0.24306594162949044
12	36	0.2404295811983142
12	46	0.2348439099143319
12	151	0.2328965830178628
12	152	0.2255158777389028
12	134	0.2145346816707948
12	148	0.21336098345941168
12	6	0.21043838456392747
12	179	0.16447239694344318
12	188	0.15995449894951894
12	155	0.15797579761482214
12	20	0.1536338296745774
12	160	0.14834718134884706
12	28	0.14203317183164146
12	4	0.14176860851625644
12	17	0.140180804550182
12	34	0.13786641873909314
12	63	0.1312189942860386
12	149	0.12383116317218995
12	89	0.11907241792870984
12	123	0.11826396533048175
12	16	0.11745535591535275
12	107	0.11656767850337578
12	198	0.10875812184196214
12	191	0.10843201349830464
12	44	0.10796751588602292
12	29	0.105614659355268
12	159	0.10012340420733457
12	57	0.09973729878168353
12	105	0.0971565571092872
12	157	0.09586767557593392
12	131	0.09455964241696027
12	164	0.09346440880971817
146	123	0.752467893171672
146	114	0.6956801703032212
146	32	0.6517068567491932
146	34	0.6485546527004252
146	42	0.6429520949618639
146	2	0.6332180255851716
146	138	0.6292116162149443
146	31	0.6043487345842089
146	30	0.6024091394620308
146	144	0.6013568741641347
146	168	0.5931941063026043
146	13	0.5762966772958868
146	127	0.5651786524716818
146	134	0.5635294130934707
146	167	0.5259067246069178
146	150	0.5251901638695057
146	33	0.5184809701754943
146	49	0.4950743400669626
146	41	0.4915180547429778
146	169	0.4910628745589152
146	0	0.4818109129319358
146	100	0.4759306515200698
146	101	0.4707706880137562
146	136	0.4677528939205202
146	36	0.4645594917504417
146	153	0.4615507265248535
146	166	0.4463317012547533
146	135	0.4389019905556427
146	46	0.4324448404596196
146	26	0.4302472028940134
146	10	0.4288772031875637
146	147	0.4185477241692329
146	51	0.41458065923500015
146	178	0.4102069362783313
146	106	0.4035983003287397
146	53	0.39932027884685145
146	104	0.3885236243671789
146	47	0.3838097928036841
146	72	0.3800944114527013
146	152	0.3768215574464273
146	196	0.3722133846029298
146	22	0.3722047699989022
146	151	0.36608959505396027
146	154	0.35645587150831143
146	40	0.3510141947444701
146	44	0.3495403214033628
146	148	0.33956433446453704
146	129	0.339192709139933
146	132	0.3362159014032892
146	139	0.3333301419695384
146	102	0.3325387944096408
146	1	0.3280754117408598
146	110	0.325610254222675
146	62	0.32218206013226736
146	7	0.319410055260681
146	173	0.31730722071232464
146	57	0.3026824780800471
146	27	0.29696704181812555
146	156	0.2935530944576044
146	187	0.2920171097466757
146	43	0.2874368302776698
146	164	0.2803114045515756
146	48	0.26594026062785703
146	159	0.25891957650608016
146	174	0.2508128124406203
146	52	0.2428401079121053
146	181	0.24186119120672064
146	197	0.2381387167958504
146	68	0.22911003899360954
146	131	0.2288162904768817
146	157	0.22422464859206406
146	194	0.22246693335173892
146	155	0.22046042160423898
146	170	0.2100369485187128
146	65	0.20433280399291864
146	176	0.19827853278730934
146	122	0.19785579425948935
146	56	0.19706776705576293
146	21	0.1967505622212856
146	4	0.19313345594331607
146	50	0.1927098322056447
146	188	0.18998345053529506
146	186	0.18724448622327336
146	29	0.18484067107849428
146	149	0.18121629860113853
146	125	0.17858433079656805
146	17	0.17077030502409654
146	37	0.16762306117068854
146	8	0.16582448583723894
146	115	0.16503665337527207
146	179	0.15690306362277792
146	158	0.15351665991742566
146	45	0.14664503568385448
146	16	0.13421526963736
146	116	0.12642982542079906
146	118	0.12008768946418165
146	107	0.11734687204783872
146	59	0.11645917179509604
146	14	0.11486084328317593
146	99	0.100608468269969
146	5	0.09149241991593474
146	130	0.09054433982420966
146	183	0.08945424169629299
168	42	0.5835374584930674
168	34	0.5383220665563421
168	33	0.5321931778378258
168	13	0.5295790810646696
168	32	0.5231377027243924
168	153	0.5213559215902884
168	114	0.4972679367019073
168	167	0.4918895861331059
168	144	0.4814576198631225
168	30	0.4679013101022792
168	159	0.466048126505635
168	44	0.4614956367801946
168	2	0.4463957620082255
168	36	0.4462996691623947
168	31	0.4406603611430812
168	0	0.4390069420223576
168	47	0.4332818485487599
168	138	0.4253862366261559
168	49	0.4247143842526581
168	100	0.42255638421523706
168	123	0.42102729443299935
168	125	0.4201301007895313
168	152	0.4109718392433799
168	106	0.4094414557614399
168	22	0.4052293759809428
168	68	0.3984373384858946
168	156	0.3921853490479715
168	41	0.3842957197685278
168	127	0.3789045993527359
168	51	0.3637404687431546
168	62	0.362012511439313
168	101	0.3580348710101147
168	65	0.35365928562638466
168	10	0.34900473611865
168	169	0.34592730462164833
168	122	0.33902455812704024
168	5	0.3329211894253576
168	150	0.3271738231110253
168	197	0.3236689534183527
168	40	0.3183230832594332
168	26	0.3174870725218078
168	11	0.31690247068864025
168	102	0.3155614749755217
168	82	0.3127945107726571
168	166	0.31051024417323003
168	164	0.3083852765356036
168	147	0.30337269049287563
168	53	0.29714027605097193
168	57	0.2952792669328558
168	46	0.29527013880435743
168	139	0.29012248436253546
168	116	0.2893621634270097
168	176	0.28485691528445034
168	27	0.2723589342272674
168	21	0.2710066993879633
168	115	0.26375510093603977
168	72	0.26051423163072784
168	179	0.2559503268645781
168	112	0.2545948150724628
168	3	0.2523209217723198
168	155	0.25133751073172633
168	178	0.2497629738839869
168	29	0.2460369536163564
168	149	0.2445238155741774
168	52	0.2439596080023991
168	129	0.23512734443836014
168	1	0.22992473565672905
168	56	0.2290342369172073
168	134	0.22310367901829584
168	151	0.2218680291600092
168	43	0.2213830792940755
168	181	0.2197848239547773
168	48	0.21873770712841326
168	187	0.2044190447361917
168	50	0.19862435491192945
168	104	0.1984706622904036
168	69	0.19301792933024067
168	111	0.19193942326123886
168	196	0.1903786213103246
168	37	0.1848696459356031
168	113	0.17974581049672056
168	135	0.1743310310702583
168	170	0.1725657851189947
168	14	0.16980901369184376
168	186	0.1634019599984149
168	110	0.16241876527276575
168	136	0.15827804633394965
168	148	0.15634704654143125
168	157	0.1484058604133114
168	70	0.14448186368677327
168	174	0.13090449098658322
168	132	0.12739404083390612
168	16	0.1235259050524848
168	183	0.11375547772147712
168	173	0.11179078677549943
168	131	0.1105167251118526
168	93	0.10582231231084746
168	130	0.0992135334388594
168	118	0.09206455966064477
168	154	0.08999485416308538
114	13	0.8006426562877141
114	2	0.7584390566074525
114	134	0.6903007276507434
114	144	0.6807712194186379
114	30	0.6749610040081588
114	32	0.6726843460800528
114	123	0.6480155071850132
114	36	0.6348625038913296
114	31	0.6184245957239541
114	104	0.6047104246364842
114	100	0.5919612888867753
114	10	0.5766638960408963
114	138	0.5590773432194172
114	127	0.5482039727579715
114	150	0.544134138072268
114	139	0.5314257967971172
114	135	0.5109318452496612
114	47	0.5101629303537597
114	110	0.5092228598746967
114	102	0.4891786177182012
114	101	0.4815113919500252
114	153	0.4711208825342143
114	34	0.4641986898132994
114	0	0.4597703181091058
114	167	0.4337934369430611
114	7	0.428526230815682
114	41	0.4184817365356483
114	49	0.41251650670056267
114	42	0.4091584147541175
114	50	0.4045019831594744
114	46	0.3985382833814602
114	132	0.39710733096574624
114	56	0.38649251415349023
114	1	0.38436390301616136
114	151	0.3809154187314678
114	106	0.3778678426535776
114	57	0.3762122106073211
114	62	0.36452113655220575
114	147	0.36189085270241145
114	51	0.3236331434184046
114	33	0.30971487366266137
114	122	0.29485931725027736
114	5	0.2919073387796887
114	174	0.2915230798473842
114	72	0.2755500042228135
114	113	0.2699315576523802
114	52	0.2660610623019038
114	152	0.26445278772643377
114	136	0.2640807224995772
114	44	0.2595538779738006
114	176	0.2572394661211307
114	164	0.2553147635326217
114	40	0.254145873133296
114	131	0.25309791621729555
114	166	0.2503910730492464
114	173	0.2489564489714561
114	112	0.24766153636603044
114	14	0.24272718118003184
114	197	0.2402034416857489
114	156	0.2278873922350359
114	129	0.22003225041435234
114	37	0.21777581959676812
114	148	0.21697551148167069
114	43	0.20996047647549895
114	29	0.2014754932472982
114	3	0.1929794192697776
114	26	0.19207426193312968
114	154	0.18746641274736806
114	68	0.18430940846317376
114	48	0.18362343748271087
114	169	0.18261831216740865
114	155	0.1811582683310591
114	111	0.17305085375035084
114	116	0.1624771819120994
114	125	0.1580733004389253
114	8	0.14923703471017646
114	45	0.14766251518321868
114	22	0.14378661373972612
114	178	0.14374744049805513
114	115	0.14102380314839474
114	196	0.13852362314434488
114	149	0.13638481222246687
114	11	0.13535419587063507
114	53	0.12139829936450595
114	159	0.1149792584888567
114	179	0.09802916608422896
114	17	0.09508190415858926
114	157	0.08787971876412821
114	65	0.08542826705732633
114	107	0.0834117421685306
114	28	0.08207495771229605
98	199	0.8516969565144178
98	96	0.8301752525944839
98	78	0.6736577220245232
98	87	0.6489600324003125
98	81	0.6364953014230739
98	198	0.6150289423720754
98	88	0.603166748841489
98	55	0.5926948253707583
98	83	0.5834912927249635
98	185	0.5766839194570168
98	75	0.5613690799267291
98	97	0.5271715479570831
98	77	0.5055099769962419
98	80	0.5041165218121141
98	76	0.4966052492364949
98	193	0.485121149950553
98	90	0.4737464840431708
98	121	0.4065908118334473
98	73	0.4024592083503487
98	190	0.4006810775274618
98	85	0.3820860248314457
98	58	0.3724717928991664
98	64	0.3672234823336553
98	60	0.3529153758352917
98	177	0.3509615862944492
98	20	0.3369607363196367
98	182	0.3241612468563833
98	74	0.3143183534979287
98	119	0.3079508609744488
98	69	0.30402628242461355
98	6	0.27468115156764555
98	70	0.2711549418177696
98	117	0.26324328845571204
98	61	0.25498754927602946
98	71	0.2509814815519721
98	91	0.2488626445677961
98	158	0.2481777310709879
98	105	0.2459899797476573
98	184	0.2449750624657641
98	186	0.2366760786605657
98	142	0.23427692108726106
98	95	0.22403469541476714
98	63	0.2136759387121985
98	195	0.21359004622725689
98	19	0.21096396730686656
98	92	0.2071100700014388
98	66	0.20433280399291864
98	54	0.19611602903314196
98	17	0.1608410869023171
98	191	0.15930157131924355
98	86	0.15003867364257056
98	84	0.14886547690015126
98	124	0.1450203395875621
98	94	0.13434292562328265
98	79	0.1341956298594155
98	8	0.12832850967975454
98	161	0.11797801157726455
98	118	0.0925503845226678
98	162	0.08404725534384655
199	96	0.8403313227409727
199	198	0.7683552073644024
199	78	0.6956853305583285
199	87	0.6116103227063959
199	193	0.6014334730253642
199	83	0.5963735554792423
199	185	0.5952254152128154
199	88	0.5785630271324073
199	55	0.5449712580928215
199	75	0.5419483120649548
199	81	0.5368147047211211
199	190	0.5011120658606525
199	97	0.4951875668674319
199	76	0.4873126596381048
199	73	0.4522617814684019
199	142	0.4395153832633326
199	195	0.4376092998071723
199	121	0.4331437530155092
199	77	0.4152677646308136
199	182	0.41467174859707373
199	90	0.3966776680441035
199	80	0.3844065154166952
199	58	0.3753018756854664
199	85	0.35521567091229034
199	177	0.3204244029717669
199	119	0.3172712476106555
199	70	0.31630862850554264
199	117	0.294347920390766
199	71	0.29080005218999705
199	20	0.2880330158505976
199	74	0.2859591658203226
199	186	0.2835883954091335
199	69	0.2629454384248852
199	191	0.2573235086823243
199	124	0.2532850950288477
199	184	0.2358546432701436
199	95	0.2346360325432093
199	158	0.2293658504822774
199	6	0.2207267963709533
199	8	0.21596518256537886
199	61	0.2127786767189488
199	19	0.21140345196084132
199	92	0.2107537488285932
199	79	0.2102663492257401
199	38	0.2032497340184202
199	60	0.19785579425948935
199	64	0.195741000351762
199	188	0.18551666725039198
199	160	0.18339151948265472
199	59	0.15514688295769827
199	133	0.15449294235150762
199	17	0.13965137588044527
199	66	0.13399922628414862
199	161	0.13278128972009012
199	148	0.1243726924492407
199	63	0.11256097166123184
199	176	0.11022037947935716
199	4	0.10574320751027462
199	54	0.10567398971185124
199	105	0.10495208605521868
199	91	0.10406191565917927
199	139	0.09593108698766653
199	94	0.08509470961972115
96	78	0.7203297413495391
96	83	0.6591448525357542
96	198	0.7480884231849318
96	55	0.5837484539773108
96	75	0.5765437409949795
96	87	0.5685042242442889
96	193	0.5506056192781897
96	81	0.5209990183212913
96	88	0.5079180737715618
96	97	0.4685649541099398
96	190	0.4519355826952928
96	185	0.4305975396160139
96	58	0.4287955932533131
96	77	0.4207639834408808
96	90	0.4114122274170568
96	95	0.3981512755306602
96	121	0.3961382372007336
96	73	0.3935637574256941
96	70	0.38698576517941136
96	69	0.3623513528900532
96	80	0.3597946541707314
96	76	0.3441654194025838
96	85	0.3439450129020798
96	71	0.3326899869125671
96	177	0.33091907524122305
96	79	0.3185836736163221
96	20	0.314570668397661
96	119	0.2741725721397412
96	54	0.2715069660277064
96	195	0.2680670032482964
96	182	0.24549198573564385
96	186	0.2387800500101996
96	92	0.2358640869737423
96	158	0.2327641724159845
96	64	0.22811491594746935
96	142	0.22319869937288087
96	184	0.2191185353137009
96	6	0.20586549856571174
96	74	0.204811879060226
96	161	0.18939539962306984
96	105	0.1815644537083252
96	99	0.17615329603022772
96	91	0.17276952415319793
96	124	0.1675939039487937
96	60	0.16577586032211966
96	117	0.16182479821062626
96	63	0.1598960335149846
96	19	0.15359477356872953
96	191	0.1522958854978216
96	59	0.14775055163335438
96	17	0.146410188566922
96	61	0.13907283475808105
96	192	0.13518730656100195
96	94	0.13233919722611107
96	11	0.13098311928413084
96	8	0.12921358583257378
96	113	0.12649870589603535
96	176	0.12478617402810135
96	112	0.12364407226240595
96	188	0.10894587057753227
96	38	0.09832528409046884
96	84	0.08882825574592143
96	111	0.08585213532853056
96	86	0.08323100569518631
198	97	0.5979498786622
198	190	0.6576095327275359
198	193	0.5779772960223244
198	83	0.566755511612692
198	55	0.5390247990724351
198	195	0.5340827924708937
198	142	0.5278355486771444
198	78	0.5273592656647467
198	87	0.5208897257774785
198	182	0.4817264440486334
198	81	0.4437414307153919
198	185	0.4433799664670924
198	158	0.4291790990750664
198	76	0.4168884467020863
198	70	0.4120766005936306
198	124	0.38775071636597
198	69	0.3824702633613648
198	188	0.3698074267400088
198	191	0.34927694732419184
198	121	0.3467457519799545
198	176	0.3419684813202261
198	8	0.3392281065918944
198	75	0.3335878954411541
198	148	0.3225942504263072
198	95	0.3177837780713771
198	20	0.31634462600413205
198	177	0.31630862850554264
198	186	0.3069457832694698
198	119	0.2997910457858105
198	61	0.2920811392582643
198	79	0.29165117661965245
198	92	0.2808365331353643
198	6	0.2808088989773024
198	38	0.27984141038911103
198	80	0.2719607847600869
198	139	0.2698481132995452
198	181	0.2689948942837997
198	88	0.268837187976582
198	74	0.2676957074225273
198	85	0.26180942573346344
198	17	0.2514218234753257
198	196	0.2484967627953531
198	197	0.23573187107016186
198	37	0.2346643807216226
198	117	0.2346360325432093
198	99	0.2238162282167385
198	73	0.2187567501214119
198	4	0.21448698241565933
198	156	0.21266410676596548
198	77	0.21140345196084132
198	60	0.20112048597767074
198	1	0.19761556911084016
198	54	0.19656791044439348
198	166	0.19632755837387889
198	194	0.19192016000213788
198	58	0.1914192633994281
198	112	0.1865592881990384
198	90	0.176589297946703
198	183	0.1739625553752198
198	93	0.16928453660452775
198	161	0.169274823160628
198	19	0.15665920870530586
198	192	0.14071015307299758
198	63	0.13908264133190876
198	160	0.13799394552333472
198	89	0.1341956298594155
198	11	0.12884974603013272
198	59	0.12835801551996062
198	71	0.12532757244196446
198	170	0.108125648035454
198	159	0.10493230631251016
198	150	0.10381461645129668
198	43	0.10214253861468392
198	10	0.09593604097142304
198	115	0.09498478922969353
198	107	0.09378259512631536
198	187	0.09182559705111226
11	112	0.8478624820821072
11	95	0.6867084448758608
11	3	0.713147634035647
11	106	0.6739088894002564
11	176	0.6487400148204968
11	70	0.6406349835145626
11	0	0.6114475542954239
11	5	0.5849667267560766
11	113	0.5804757973606286
11	197	0.5769441608200345
11	21	0.4941376878102496
11	125	0.4776845759670551
11	153	0.4749090034653331
11	156	0.4696802450951607
11	13	0.4685727585422086
11	52	0.4581995466196764
11	152	0.43367165553166814
11	111	0.4037657084957716
11	51	0.4027776097429988
11	155	0.4001604863697816
11	147	0.3906950263496722
11	192	0.3838865322565405
11	47	0.3771046640510972
11	79	0.35409667080211665
11	122	0.35035642992789445
11	44	0.34663137706507385
11	43	0.3456983971206356
11	116	0.3357013649804628
11	149	0.33364121752079506
11	115	0.3137955599447185
11	89	0.30069180222878245
11	101	0.28186787485173725
11	131	0.2792606441422359
11	164	0.2791223363257887
11	38	0.2786888968568237
11	1	0.27635375414806085
11	34	0.27158106713542285
11	82	0.2669714519165185
11	102	0.2648061767913933
11	100	0.26276856624822625
11	91	0.25918078654499643
11	22	0.239317477735594
11	46	0.2391572076020879
11	150	0.23487225516476135
11	159	0.2326601294600778
11	144	0.22889210053741085
11	14	0.22541146946451665
11	186	0.2228375994739639
11	36	0.21842347369826048
11	139	0.213370528209954
11	28	0.20034312356384235
11	31	0.19725999233595615
11	179	0.196798626209228
11	99	0.19364363439145066
11	40	0.1932682302238637
11	49	0.18676197133816755
11	193	0.1829469529370661
11	181	0.18061659169351285
11	68	0.1798232246988538
11	32	0.17775163054600693
11	191	0.17697679704269928
11	62	0.17371041234878054
11	37	0.17285683635755938
11	6	0.17205152097622
11	16	0.1703916531987844
11	157	0.15584947355306733
11	30	0.15581044487212048
11	69	0.15157296774489
11	154	0.14563703369676104
11	126	0.14555872959625668
11	20	0.14304224522868986
11	83	0.14225852457889054
11	87	0.14017100104301933
11	85	0.12890874943848435
11	53	0.12566221778923034
11	132	0.1245991281975662
11	148	0.1242250099801924
11	133	0.12304335262143674
11	119	0.12059030390101165
11	10	0.11323230459176185
11	2	0.11124762688312298
11	54	0.10474439461824248
11	19	0.10444767671974424
11	42	0.10361676784093693
11	184	0.09815593444905342
11	48	0.09453783908517747
11	71	0.09310258497477926
11	29	0.09066236295696026
11	63	0.0891010791983452
11	92	0.08765942894163077
112	176	0.7559816720949896
112	70	0.7178330490710363
112	3	0.6808838789257887
112	113	0.6600600299579569
112	106	0.5911617214611264
112	13	0.5875721836652398
112	0	0.5714747076193407
112	5	0.5286790532424269
112	95	0.4998753813982682
112	52	0.4552159063065586
112	197	0.4408295673561595
112	111	0.43218464719515853
112	147	0.4316314975448271
112	153	0.4238616054857268
112	21	0.4085087878361363
112	192	0.39451830405949295
112	139	0.39137270031113336
112	125	0.3908729568018237
112	156	0.3830933023394387
112	100	0.3713516069286817
112	122	0.36860690337606417
112	102	0.3672494364551393
112	43	0.3612388996147107
112	152	0.32844123278836296
112	51	0.32138421470619044
112	155	0.3178017582265066
112	149	0.3007918532074909
112	1	0.2944392536322628
112	89	0.2835332198130508
112	36	0.2819875420312662
112	144	0.2728402927283833
112	32	0.2710900873370556
112	31	0.2691989633882338
112	28	0.26776997295258204
112	47	0.2632339814015013
112	131	0.26015998629177217
112	10	0.2580143776141635
112	179	0.2562306521604165
112	132	0.2505691523941047
112	116	0.24336701226497465
112	115	0.2388366282448095
112	30	0.2326790467573325
112	38	0.2323195880167419
112	150	0.2320168366849675
112	14	0.22732795735342515
112	164	0.22311318124457974
112	22	0.21920421245993235
112	101	0.2166991468278021
112	63	0.2122057685052665
112	79	0.20666975959114836
112	2	0.20321138612484788
112	34	0.1959910258414689
112	7	0.19289276946012848
112	46	0.19099534991002934
112	44	0.18329488095565
112	99	0.18034571226039686
112	186	0.17277922564335155
112	82	0.17118773447226712
112	62	0.1694982240468514
112	159	0.16767165588883648
112	20	0.16040269663673953
112	126	0.15468816270302407
112	184	0.1511919052404626
112	16	0.15052738113753858
112	148	0.15023416545297993
112	91	0.13516767202007485
112	135	0.1331938617216792
112	157	0.13107157414916518
112	40	0.1217431265574423
112	54	0.11427858777036365
112	133	0.11364689979722666
112	191	0.10952883020877087
112	68	0.09947591805302708
112	161	0.09876992356081253
112	41	0.09284086692418082
112	72	0.09161934695834373
112	6	0.0900474246613791
112	45	0.08566452532794208
95	197	0.6883799285735637
95	70	0.5194892730182908
95	79	0.5071162534748042
95	5	0.4719218800307694
95	193	0.4654373212589376
95	83	0.4640810036832635
95	3	0.4256646721718205
95	99	0.40913343676577735
95	176	0.4052126600624126
95	106	0.4000428977610251
95	0	0.39743577933108537
95	87	0.3967113733823864
95	54	0.3799404058348543
95	21	0.3643650439306796
95	91	0.34706242869405834
95	190	0.34486165458751394
95	101	0.3324231650781036
95	116	0.3316846807749388
95	184	0.30128291649849115
95	28	0.2867945351010553
95	55	0.2841768182101454
95	125	0.2820059515879612
95	88	0.280108678439404
95	58	0.27899323858087216
95	133	0.2785597652695841
95	111	0.2691525861681319
95	113	0.262461325232801
95	147	0.2583037173223083
95	78	0.25564191931460023
95	52	0.2498004782475539
95	69	0.24935037644689986
95	64	0.24691045670470266
95	191	0.2432541162688163
95	192	0.2364400685925508
95	152	0.2344942856655988
95	149	0.2341824074409149
95	34	0.23187490651837955
95	76	0.2316951141342999
95	153	0.2265407017332407
95	121	0.22300865442373805
95	20	0.22215324254082466
95	80	0.21992757344225491
95	81	0.21831871915131407
95	159	0.21684209840207194
95	45	0.21648946770943386
95	181	0.21595564895439065
95	92	0.20997003562141148
95	60	0.20946334561270846
95	156	0.20629638734774164
95	115	0.20591337904264995
95	40	0.19230539706856206
95	186	0.1885661134843166
95	38	0.18764972892107076
95	43	0.18645311450110225
95	62	0.18234763617939534
95	182	0.17726738536975678
95	73	0.1765408567080406
95	195	0.16567860687380295
95	82	0.1634019599984149
95	47	0.16322676088338453
95	48	0.15927233248923733
95	90	0.15485409050531854
95	85	0.15478576835008687
95	117	0.1498138435567226
95	6	0.1496085503804523
95	89	0.1475940407708406
95	16	0.1463514742078086
95	119	0.1454902120122986
95	142	0.14486370089819445
95	71	0.14416852921355985
95	155	0.13917089926860648
95	44	0.13645350950931567
95	154	0.1341170696935545
95	37	0.13096346236418974
95	105	0.13062927898237187
95	51	0.12853504578743633
95	161	0.12851537616203412
95	49	0.12847603660790202
95	1	0.1278662218881902
95	136	0.12692180202916464
95	19	0.12231448974329875
95	68	0.12168401540906253
95	13	0.10727562359684838
95	63	0.10649464894041824
95	131	0.10413115713292784
95	122	0.10333976601328816
95	77	0.10185555572038864
95	102	0.10056887299320083
95	185	0.09778156245064372
95	61	0.09172247298845193
95	53	0.09147258729690473
95	32	0.08562481872834132
95	29	0.08445633081170642
95	188	0.08439477272750166
176	70	0.7892727710934515
176	139	0.5790484653421131
176	156	0.5717238190981004
176	13	0.5619167256696704
176	0	0.5502361897759318
176	197	0.5247555217847494
176	52	0.4987268132161299
176	106	0.4870609854720385
176	113	0.4783249304135143
176	147	0.4686742095059003
176	179	0.4676982076239165
176	153	0.4570690306065887
176	3	0.4563963447082149
176	38	0.4402654248600368
176	192	0.4135200997317157
176	101	0.4058810853963892
176	32	0.3769588300511066
176	89	0.3768043972068257
176	5	0.3732036360695872
176	43	0.3716102075066111
176	36	0.366366675675562
176	132	0.3635842738013941
176	51	0.3604038840976354
176	31	0.3599339338007052
176	144	0.3595857046581638
176	131	0.3488642169620861
176	122	0.3461649726785657
176	148	0.3286731658299966
176	100	0.3107632255204086
176	21	0.3074076609119416
176	181	0.2994724685064002
176	142	0.28767533126609984
176	1	0.28530709211631833
176	191	0.2847558378985133
176	2	0.2810207489543329
176	125	0.27162737869271586
176	150	0.2602718608123863
176	190	0.2588169479116941
176	164	0.2568285353791927
176	188	0.25300431970421866
176	10	0.2376858858923239
176	111	0.2298679067958596
176	97	0.22732795735342515
176	155	0.22667351262364704
176	102	0.22367373748964856
176	161	0.22077435983005536
176	79	0.21077286040518092
176	30	0.20239634617688185
176	28	0.19739454100868656
176	152	0.19704854369409566
176	186	0.1936340093513841
176	193	0.19149633091233512
176	159	0.1910242553676858
176	99	0.1866751090814255
176	29	0.1820382583487088
176	173	0.17828420082323784
176	34	0.17643428297301195
176	46	0.17547493348255944
176	8	0.1749708990915671
176	177	0.17014890119198278
176	62	0.16814784097353005
176	157	0.1646767091380946
176	72	0.1617079384137275
176	47	0.1577125246069242
176	83	0.1533506620388683
176	41	0.14521612772652026
176	184	0.13816070441380618
176	182	0.13766040427897894
176	50	0.11654795021785826
176	7	0.10052927739786716
176	174	0.10033129464701718
176	87	0.09646113624951136
176	6	0.09503433788882454
176	42	0.09161141410536736
104	110	0.8469038830724209
104	135	0.7414400313335879
104	10	0.7375475451650624
104	7	0.6457591508490875
104	2	0.6248302385536416
104	134	0.5629285728398418
104	107	0.5432465933031342
104	30	0.5051451014108552
104	139	0.5017483483787258
104	102	0.4956629357469632
104	150	0.4613539610929347
104	100	0.4445441677827848
104	13	0.4212823093060577
104	160	0.3811034817261229
104	32	0.3643303539005143
104	127	0.3447030520649047
104	4	0.3269505655322998
104	8	0.31669555386108805
104	20	0.3043892654705381
104	31	0.30413518661327393
104	151	0.30356335099566234
104	56	0.30059174463126315
104	1	0.2946584314659816
104	138	0.2935348178186888
104	14	0.2744407513354821
104	123	0.2720904250496668
104	166	0.2673336174250007
104	47	0.26290820364542
104	144	0.26096159917533274
104	17	0.2558942566377631
104	148	0.2556232262748465
104	187	0.24195533924575
104	188	0.2375160476523541
104	169	0.23439033161728975
104	147	0.222932631696398
104	101	0.22046993555528926
104	37	0.21898525303647773
104	57	0.2182425308658609
104	46	0.21425801175311132
104	40	0.21380954267766236
104	113	0.2107537488285932
104	194	0.20060227245036372
104	173	0.2005638817932026
104	86	0.19961351701289892
104	111	0.19891250224305246
104	115	0.1967217233745845
104	136	0.19575061718754536
104	94	0.19358588359196394
104	116	0.19252688155422368
104	36	0.19249799338538348
104	132	0.191900896595156
104	84	0.1889711473674764
104	184	0.17607577733667545
104	19	0.1729150429846522
104	167	0.17245905877804185
104	68	0.17144010387140576
104	170	0.16744811344234325
104	34	0.15359477356872953
104	50	0.15170974843044358
104	65	0.14562724578396236
104	106	0.1447070549474553
104	29	0.1413570253357476
104	62	0.12674469763085314
104	0	0.12517992571750314
104	43	0.11644930741099535
104	76	0.11527528220003515
104	186	0.11449570919711115
104	59	0.11351857693241345
104	49	0.11179078677549943
104	44	0.10860001162463878
104	45	0.10461581914865054
104	174	0.10363655307124113
104	75	0.10280550296939428
104	42	0.09422762732318013
104	153	0.0940303905176421
104	77	0.0921498300593512
104	69	0.09176015316264337
104	48	0.08477801094757506
110	10	0.8367094833104105
110	107	0.6542251070540231
110	102	0.674078066562463
110	7	0.6144254953400248
110	135	0.5812576579148501
110	2	0.5683146892536737
110	1	0.522847111154533
110	8	0.4819107282511427
110	139	0.4676903950035113
110	150	0.4578044295436317
110	13	0.4499200242125751
110	111	0.4391280249837389
110	4	0.4145475337706112
110	134	0.3958515532701923
110	30	0.3805648535895405
110	100	0.373892005637934
110	160	0.3585491308262778
110	113	0.3534142823407218
110	20	0.3011192464755213
110	84	0.2988806478312549
110	56	0.28884896937975824
110	17	0.2664698674828761
110	14	0.2651316038078822
110	138	0.2441288876347796
110	151	0.24083468254714546
110	116	0.23583575572930685
110	169	0.22783998832811475
110	75	0.2276029525965688
110	105	0.20840180036623854
110	123	0.2056165042008016
110	187	0.19943108075158605
110	115	0.19745220244940506
110	194	0.19062918545708624
110	32	0.18814172345927774
110	77	0.18747606129272087
110	188	0.18716728990688086
110	65	0.18534285640629264
110	170	0.1830146091993988
110	47	0.1806359391765568
110	0	0.17855528741187215
110	144	0.1746800682788721
110	166	0.1623895565261125
110	86	0.15869724544342706
110	101	0.1579270450474081
110	186	0.15483457004065168
110	85	0.1452063385895427
110	97	0.13885708323616405
110	136	0.12838752113292884
110	184	0.12630190130407284
110	19	0.1204621923561434
110	94	0.12027494518927735
110	148	0.11612376985856178
110	90	0.11019074383733407
110	147	0.11016110799937594
110	74	0.109677028288168
110	177	0.10922253875382207
110	31	0.10739424110217684
110	122	0.10481362611334236
110	69	0.10429931079396132
110	127	0.1019347251107739
110	106	0.09482028430766802
110	6	0.09301039030926744
110	37	0.08324391562501296
135	7	0.7407819300522375
135	10	0.5903935631463069
135	30	0.5786694596508134
135	107	0.4949006929758385
135	150	0.4938957846252374
135	134	0.4782169544470239
135	148	0.4778697909166729
135	147	0.4526832738166919
135	2	0.4398703181409834
135	4	0.4326561944707192
135	186	0.4268185004117316
135	17	0.4231148070223505
135	100	0.4057557886873167
135	13	0.4052711645918515
135	20	0.4036820077912389
135	102	0.3935045982661688
135	46	0.39053401649420394
135	160	0.38415081644738974
135	151	0.3750784752808789
135	8	0.3653706146747701
135	31	0.3610649857606587
135	19	0.35891508155473645
135	139	0.3488993482221509
135	166	0.3414473722819086
135	115	0.32437601082055145
135	37	0.3226838408308328
135	123	0.317334199939326
135	132	0.31566952139822985
135	14	0.31511119348954464
135	1	0.3023281667791092
135	63	0.29750491575440696
135	194	0.2883906200846491
135	65	0.2849120457343957
135	111	0.2788733530729381
135	47	0.2745609557418574
135	32	0.27172925969058725
135	40	0.27068237425909725
135	116	0.2672221899224981
135	106	0.26449929034766084
135	42	0.2639504810931532
135	118	0.2636899694063609
135	68	0.25953522524128675
135	28	0.2482903366545597
135	127	0.24298125707184345
135	94	0.2410607491534457
135	188	0.2401186326449556
135	113	0.2399584277897262
135	50	0.2365722376698331
135	144	0.2295647930713122
135	43	0.2292332114410141
135	152	0.22810543628999394
135	121	0.22573416920801356
135	184	0.21699456983151255
135	167	0.21138434570845133
135	173	0.20678463125499352
135	41	0.20000714809743608
135	74	0.19921021835858368
135	36	0.19785579425948935
135	169	0.19779814239007248
135	76	0.1973368782021056
135	136	0.19620256597077707
135	0	0.19577946746898905
135	187	0.19516392136973235
135	86	0.1950869672849
135	49	0.19215130934729152
135	34	0.18946288778500545
135	5	0.18731203110301106
135	16	0.17478670978545804
135	182	0.16585366075928967
135	162	0.16562997894105186
135	119	0.16422914973898725
135	56	0.16278871807677442
135	117	0.15968165066020773
135	59	0.15910664050941076
135	57	0.15655190648849573
135	138	0.1560348531403902
135	69	0.1521884350422275
135	101	0.15032213293592522
135	84	0.14298347238937567
135	195	0.13195600779687375
135	45	0.13109123050248375
135	75	0.12997065432274232
135	53	0.10817506321047228
135	51	0.10442789486476692
135	93	0.1035771971343336
135	3	0.10302317286907957
135	131	0.10010360466161068
135	44	0.09908976232018496
135	62	0.09485992452184636
135	66	0.08777552870183264
135	196	0.08419321514012347
135	170	0.08194086562767662
135	133	0.08185444915641915
135	197	0.08172035219577965
10	102	0.7401314479454528
10	7	0.7181528099025943
10	2	0.6748684406887014
10	1	0.6447202264413423
10	13	0.631381425742952
10	100	0.6060851045001707
10	107	0.6036881665290721
10	8	0.5718517002613357
10	150	0.536558396409562
10	139	0.5317342885313778
10	111	0.514300950402654
10	30	0.5081851518475836
10	4	0.5074133264409331
10	113	0.4324692298869988
10	0	0.4289588061219864
10	160	0.3579651241300271
10	144	0.3474229919122383
10	148	0.32878911748852585
10	106	0.3275041773022542
10	123	0.3214828495593464
10	32	0.3195806605761015
10	134	0.3118108218199073
10	116	0.2969123322088097
10	151	0.2968302641399709
10	47	0.28288936589114705
10	101	0.2827329628579122
10	56	0.2825489400401598
10	17	0.276889372825755
10	31	0.2760674047589815
10	147	0.2692453393598825
10	153	0.2689948942837997
10	132	0.2673707583373001
10	138	0.2606820075817929
10	194	0.25873297471501644
10	188	0.2520119057827375
10	34	0.24263307054447295
10	169	0.2410419112683223
10	14	0.22916688872745256
10	42	0.22660710823180005
10	57	0.222932631696398
10	166	0.2200703135116788
10	186	0.21952785116135431
10	20	0.21349460625985706
10	115	0.2086026709971244
10	187	0.20599956141649767
10	173	0.1777225782603578
10	37	0.1764730375372376
10	70	0.17171186114049705
10	122	0.16401507567485393
10	127	0.16281792292913705
10	65	0.1587947254145506
10	84	0.15439532765067834
10	3	0.15138732753016124
10	170	0.146449330899935
10	51	0.14310101705917286
10	167	0.13959254553797867
10	85	0.13438220349132693
10	105	0.12953806225521178
10	50	0.1242250099801924
10	136	0.11983143094266945
10	36	0.1163013388936599
10	197	0.11190928552368153
10	48	0.10747331774077634
10	99	0.09806085847384434
10	43	0.0939659648353968
10	184	0.09346341754522124
10	5	0.08322703340346507
10	156	0.08271557879738531
107	4	0.7668764544143656
107	160	0.477198184665276
107	7	0.4702568009460708
107	8	0.460227590646093
107	194	0.39967324782033453
107	102	0.3789816755415337
107	186	0.33687208758660003
107	85	0.3242954782513896
107	2	0.3186106284919797
107	84	0.3087924243413935
107	1	0.30312751986387443
107	65	0.2902140645996883
107	111	0.28733591527979524
107	17	0.25564191931460023
107	75	0.2500067388475818
107	77	0.24169171326077235
107	105	0.2401186326449556
107	20	0.2300573302339452
107	100	0.22308467443853036
107	86	0.21772819039356345
107	97	0.21709938779838056
107	56	0.2085739762697896
107	115	0.2063634073058536
107	170	0.20049669666101613
107	148	0.18939539962306984
107	94	0.18314025194427808
107	30	0.18221228781747492
107	117	0.17011005895358794
107	187	0.1682061439634633
107	169	0.16795348917943925
107	185	0.15752724497285858
107	166	0.1553615801039599
107	90	0.14895348123712182
107	138	0.14587193504683016
107	76	0.14504970853281365
107	14	0.1450301292643758
107	116	0.14442311567809854
107	182	0.14285612777856924
107	69	0.13947488189699978
107	150	0.1372189046332291
107	184	0.11239312234628886
107	119	0.10406191565917927
107	162	0.1026076126974792
107	188	0.10138051231771424
107	126	0.09796280949956726
107	151	0.09268918354302004
107	81	0.08929849583386168
107	28	0.08547591655843725
107	61	0.08427364042317974
78	81	0.6739470968744241
78	77	0.6814038405793255
78	75	0.7018311092490448
78	88	0.6684965462243975
78	90	0.65714957256504
78	80	0.6160289517362364
78	69	0.5542742005226777
78	76	0.5510096536061838
78	73	0.5319064086378904
78	185	0.5223819117770829
78	119	0.5148156112079043
78	87	0.5052717113695561
78	83	0.4694385957736647
78	20	0.4582311481674861
78	121	0.4530330383833769
78	79	0.44918595435470304
78	92	0.4346860162479769
78	85	0.4176812850164845
78	94	0.4066325451805792
78	55	0.4064989924969081
78	193	0.3967029471480965
78	64	0.3798291664536755
78	86	0.3792299963809337
78	74	0.3762894697847196
78	84	0.3663060698392571
78	142	0.3525739030656934
78	61	0.3502774749050109
78	58	0.3450026180785179
78	19	0.3404222068125892
78	91	0.325216847581847
78	117	0.3149400493072189
78	97	0.3138316207859325
78	71	0.31216286085636663
78	182	0.31169345644163365
78	60	0.3030185422554999
78	82	0.2592274272065337
78	66	0.2470043579085077
78	184	0.2346643807216226
78	124	0.23327485143136756
78	186	0.22177294959305094
78	105	0.2172423133213248
78	37	0.21052439734642725
78	162	0.2091573650796164
78	7	0.19236317751985865
78	6	0.1855552903064095
78	70	0.18171917470817545
78	195	0.18141939460640424
78	93	0.17147892793677635
78	59	0.16586338566879233
78	38	0.16127941371244162
78	177	0.14761360503306914
78	160	0.14315978788042746
78	115	0.14004355294958815
78	188	0.13977883823980694
78	133	0.13785660879706302
78	158	0.13505968014779085
78	68	0.13079637438862862
78	17	0.12725631047219174
78	63	0.11978214862602404
78	54	0.1132224327961321
78	99	0.11126737931848237
78	111	0.10897551440455472
78	190	0.10584208830175436
78	161	0.10485318651161377
78	116	0.10305285436410977
78	126	0.095678427519709
78	113	0.08555731688486833
83	190	0.7248834652085163
83	87	0.6869408844939952
83	55	0.6509698863208965
83	193	0.5667622994561218
83	191	0.5226581614393464
83	121	0.4702490123240329
83	158	0.4519594549984962
83	75	0.4475640667522731
83	54	0.4403057322904885
83	185	0.4174335912835602
83	81	0.3779449894601665
83	195	0.3702389681440029
83	88	0.3679326890855511
83	76	0.36497195571567626
83	119	0.3617257246982799
83	79	0.33886523718347505
83	58	0.3281735685158165
83	124	0.31772084572863085
83	69	0.3107270880225131
83	181	0.30184653287994123
83	182	0.2913126124515909
83	197	0.2902781676031017
83	73	0.28396537838074715
83	89	0.27261814422407404
83	148	0.2503723268691606
83	186	0.2370064458323999
83	64	0.2366666387938863
83	142	0.23093792004602906
83	80	0.2221912681203773
83	85	0.2151165301252756
83	20	0.2087365749752592
83	157	0.20367151967103286
83	117	0.20241552681361852
83	192	0.20082300676962225
83	184	0.1906677315836911
83	77	0.19032079529103085
83	70	0.18205759551975406
83	63	0.17773226238999834
83	59	0.17183802527825875
83	19	0.16739951497903244
83	177	0.1552054381792309
83	90	0.1471635978054425
83	99	0.1440314362865017
83	6	0.14303244982551785
83	97	0.1372385279988168
83	74	0.1167846835695961
83	38	0.11466347735454803
83	118	0.10656385454668564
83	17	0.10615849275925376
83	53	0.0946101861553425
83	60	0.09450116964083986
83	16	0.09198523714724224
83	161	0.09080616921418096
83	126	0.08805435684051274
83	66	0.08411576753447975
102	1	0.8159238341600454
102	111	0.7730647317064894
102	113	0.6292418199017946
102	0	0.582553972897401
102	100	0.5467614325848493
102	13	0.5423790077650019
102	7	0.5225636673214064
102	2	0.4689004786468189
102	139	0.4588945130134106
102	30	0.435845093710406
102	150	0.4335742189940576
102	8	0.43340368065565776
102	105	0.4100488952114287
102	106	0.4048532022910723
102	3	0.4038075563135331
102	14	0.3801628516305276
102	116	0.3451259483679065
102	144	0.3371646057322658
102	20	0.3332501393782187
102	56	0.3306875272572262
102	115	0.330429215222301
102	47	0.3164616115825521
102	65	0.3139488122668745
102	101	0.3015920225483706
102	151	0.2980881587515386
102	147	0.29386376447571355
102	17	0.2852152295094004
102	160	0.27127537932133056
102	37	0.2636527503098073
102	153	0.2616138092581839
102	169	0.2604210159691261
102	6	0.2560437734155169
102	34	0.25379038306623586
102	5	0.2500067388475818
102	186	0.24684472310284214
102	123	0.231060983148765
102	4	0.22310367901829584
102	42	0.2194421867920405
102	32	0.21308416798298752
102	84	0.20479271793985607
102	134	0.2013123883660357
102	48	0.19272908938983255
102	74	0.18435770952011415
102	70	0.18044245805771228
102	69	0.17854560621449278
102	63	0.15874598581585264
102	19	0.1578587901595781
102	122	0.15626900111734104
102	43	0.15339948584319207
102	21	0.15192467776695429
102	138	0.15023416545297993
102	68	0.1498138435567226
102	57	0.14342424407622428
102	132	0.13776831810188336
102	85	0.12913492071163452
102	22	0.1289972528395364
102	197	0.12481570676985733
102	119	0.12250164283311887
102	92	0.11968358222201599
102	46	0.11760328394390746
102	36	0.11289665101100704
102	188	0.10986473885467572
102	184	0.105446552596182
102	154	0.1052388829854908
102	75	0.1038838615247568
102	126	0.09367752637079084
3	5	0.6056737129382478
3	106	0.6179055833749248
3	0	0.5483928023529048
3	113	0.5452945599333333
3	153	0.5249656329806096
3	47	0.5014639597035645
3	70	0.431948784875398
3	111	0.4311268721307052
3	21	0.4277993887086265
3	13	0.401998191727535
3	122	0.38847268021606096
3	51	0.37316920679379945
3	125	0.3696088640871836
3	1	0.35833125067043603
3	43	0.3560193241339194
3	100	0.34036031744741657
3	155	0.3255387341228258
3	147	0.31496707343484165
3	156	0.3148049210098341
3	30	0.3083490801482769
3	52	0.2834412563145605
3	152	0.2751710918362074
3	197	0.2748105836265396
3	150	0.2725348310388877
3	144	0.26376440524396616
3	164	0.2517777685364359
3	184	0.24191768057674895
3	22	0.23992073062979896
3	14	0.23932690498448114
3	115	0.2352407070550856
3	159	0.2234552331389478
3	34	0.21596518256537886
3	149	0.21448698241565933
3	46	0.21049572678101652
3	139	0.20804784267403184
3	44	0.20533874830891324
3	6	0.19850908636118944
3	192	0.18921220845042253
3	82	0.18661719928865705
3	101	0.18493725268558292
3	186	0.18457988290957605
3	79	0.18284063245251872
3	131	0.18158379432507424
3	42	0.18012318368640776
3	19	0.17063438452500956
3	116	0.1703236847202907
3	56	0.16633014335420193
3	179	0.1662815262357472
3	89	0.16543545915796876
3	65	0.16332409499676
3	20	0.1617176769034058
3	16	0.15996424307951507
3	37	0.15898967606756034
3	68	0.15471744471429744
3	133	0.15122121933772587
3	126	0.14780924129946765
3	123	0.14495181105493446
3	119	0.14314019771883696
3	191	0.13288934874555147
3	69	0.13186757386178696
3	63	0.12896775193411636
3	31	0.1241757812671168
3	62	0.12301380670238148
3	157	0.120954907068443
3	132	0.1179385681435959
3	2	0.11631120362217247
3	36	0.11597578999156358
3	61	0.10195451725665744
3	154	0.10115287095560067
3	40	0.09679399905231716
3	162	0.09504920239475316
3	28	0.09483316741026464
3	7	0.09261482737261448
3	188	0.09076649890052443
3	99	0.08820319183809718
3	91	0.08510960098406832
5	106	0.5278788306843589
5	153	0.5107766493836984
5	47	0.4818185914773814
5	197	0.4496408300685784
5	0	0.43958799475139737
5	149	0.3959527446486278
5	125	0.3942565219063386
5	113	0.37759350040418893
5	144	0.373892005637934
5	13	0.3530817003207061
5	52	0.3484337794745789
5	36	0.3466841667684025
5	31	0.34314241325442024
5	62	0.3426570824013533
5	28	0.3346450510315723
5	155	0.32272863386503936
5	41	0.31815232555503914
5	164	0.31562450305005835
5	34	0.313038073287172
5	44	0.3127042919915608
5	116	0.3031366009734138
5	111	0.298607422233393
5	152	0.2916694753047368
5	147	0.2891788989158147
5	49	0.2820335655336321
5	40	0.2786796735061319
5	51	0.2725163164426553
5	192	0.2658380373023311
5	100	0.26235889973031024
5	70	0.2565202763602505
5	101	0.2558942566377631
5	184	0.2508221833464477
5	156	0.2479524997846268
5	42	0.24766153636603044
5	131	0.2463657383264243
5	50	0.24571750852833016
5	132	0.2355618663711101
5	122	0.2262276141662191
5	30	0.2228375994739639
5	133	0.20931036046975413
5	22	0.20274157386661126
5	46	0.1982689259120269
5	162	0.19720232634378831
5	56	0.19330673582181426
5	33	0.19174678401723466
5	1	0.19067736802347854
5	72	0.19000272858781272
5	79	0.18202858971038352
5	21	0.18108089267529973
5	82	0.1776354195448208
5	43	0.17521323478221282
5	89	0.17326425737082218
5	123	0.17126538898938667
5	68	0.17031397480532856
5	2	0.1683810458708147
5	7	0.1681867097642242
5	179	0.16600925543912434
5	127	0.16151316200841553
5	157	0.14792661750837197
5	129	0.14602852681128944
5	139	0.1450301292643758
5	150	0.137778128287273
5	32	0.1332920863525799
5	45	0.13038353696434773
5	174	0.12971503770706705
5	130	0.12324031983838435
5	115	0.1173863210511138
5	136	0.11287690587950268
5	27	0.10231076206529932
5	91	0.08833614777225618
5	38	0.08528432348366967
5	57	0.08368085059128304
5	54	0.08295591824996973
106	153	0.6041201703278536
106	0	0.6512751872089824
106	197	0.6246595242827832
106	21	0.549873521170417
106	147	0.5419059331653523
106	47	0.5247482754303003
106	101	0.5183785978975329
106	13	0.5175517634153897
106	100	0.4844938814388491
106	43	0.4742659471427185
106	51	0.4518560036761898
106	144	0.4456427592867783
106	113	0.4438458268531145
106	34	0.4395476557450603
106	155	0.4360799753416832
106	1	0.4028865141656528
106	31	0.3984962241815512
106	36	0.3934707915688175
106	156	0.3866030896568542
106	22	0.3824190391960645
106	46	0.3700145865419261
106	152	0.365613211057806
106	148	0.3636970833105691
106	125	0.3581307664464233
106	111	0.3577122582058601
106	179	0.347827403994526
106	123	0.3474493705552348
106	131	0.3414562063886641
106	159	0.3356836187694456
106	42	0.3319071586403137
106	40	0.3257532832439551
106	164	0.3191316547660391
106	70	0.3184219335433516
106	149	0.31604761940368004
106	7	0.3125418839672527
106	2	0.31046506430241383
106	16	0.31037470035284537
106	136	0.305250995841213
106	122	0.3051512420908737
106	30	0.2995361893073548
106	32	0.29269386062788244
106	44	0.2910105882306082
106	150	0.28119573480338783
106	62	0.2741540754503043
106	132	0.2739783467856866
106	49	0.2731642071443727
106	181	0.2666742341370561
106	53	0.2591248161554835
106	79	0.2576503038509102
106	154	0.2539026504995851
106	52	0.2529387993269452
106	99	0.2462905925316784
106	188	0.2364400685925508
106	157	0.2337759483381513
106	41	0.2302372663553245
106	186	0.22571518824062595
106	116	0.2207267963709533
106	68	0.21643227902803544
106	139	0.21505930589404348
106	33	0.21263546336390055
106	89	0.21012297649548886
106	192	0.2098744423561439
106	72	0.20614319160436154
106	50	0.19551980274127115
106	37	0.19497153165403214
106	26	0.19182384148869394
106	167	0.19104352548873926
106	28	0.19062918545708624
106	56	0.17406922440680964
106	151	0.16575640989035131
106	115	0.16555217257344634
106	138	0.1638885701010761
106	191	0.1601396320869148
106	134	0.15596655667581538
106	126	0.15032213293592522
106	184	0.14876769153781202
106	27	0.14556851770857124
106	45	0.12822031965566946
106	187	0.12484523929044508
106	127	0.12425454691451365
106	57	0.12367361351712085
106	82	0.12112241650722175
106	48	0.1168734551567034
106	129	0.11269919568599272
106	14	0.1121660218888603
106	29	0.10600029321362124
106	160	0.10234044794941384
106	38	0.10056887299320083
106	173	0.09909075250130583
106	8	0.08916953098623702
106	169	0.08464894387628391
106	196	0.08448413102554707
0	100	0.6384661103266531
0	101	0.6183010702434811
0	34	0.572174644695694
0	13	0.5643000731168685
0	153	0.5627987677877616
0	197	0.5580384438514253
0	42	0.5497967762265463
0	147	0.5289887971458624
0	30	0.5123861084400433
0	47	0.49950022536236205
0	1	0.495625218899546
0	2	0.4892318651943852
0	32	0.4715253668653299
0	144	0.4642300700136716
0	51	0.4633195711993536
0	123	0.4432594463217633
0	113	0.4401041773927152
0	21	0.4211342442609078
0	156	0.4195452480348192
0	22	0.4078420736352722
0	152	0.4049033667055345
0	43	0.4044936193441867
0	150	0.39684618403808536
0	154	0.3942142929841757
0	46	0.39381725975794224
0	49	0.39340317498165495
0	125	0.3832554060474512
0	36	0.378039272874396
0	37	0.3775249044803492
0	33	0.3518819140697409
0	131	0.3507072808888297
0	79	0.3489608255677287
0	56	0.3442271264273495
0	181	0.34064321617913795
0	155	0.33700505844596795
0	111	0.33498245293171075
0	31	0.3315333747484632
0	48	0.32250465424132524
0	70	0.3184219335433516
0	72	0.30912710556602857
0	99	0.2946766948865251
0	14	0.29338859698287506
0	68	0.2860509859298847
0	44	0.2809654863822841
0	122	0.2689948942837997
0	115	0.2678349526814134
0	52	0.2675100296823307
0	132	0.2666742341370561
0	138	0.2654569704332869
0	41	0.2637271877177786
0	62	0.2558849114325554
0	65	0.2552773705759018
0	53	0.25161853837016906
0	167	0.24890016688962555
0	40	0.24100423495319914
0	139	0.2346454819803595
0	164	0.2337286803453857
0	116	0.2226950431993593
0	20	0.22175393317353034
0	69	0.2205175046812473
0	148	0.21444882227491052
0	7	0.2139622231299471
0	186	0.20503222065843302
0	19	0.20189759515632796
0	38	0.19794226949701044
0	149	0.1922572456739006
0	151	0.18866255594750164
0	157	0.16644682113880735
0	17	0.16429726097091285
0	159	0.16012014491853935
0	119	0.1536728853004012
0	63	0.15248147325839992
0	136	0.1485329948008991
0	93	0.14154322378898346
0	192	0.13921012430865806
0	50	0.1374543779073064
0	28	0.13316439382208373
0	196	0.13241779530076514
0	169	0.12329940811080395
0	82	0.12260014096092263
0	178	0.12055088539174888
0	4	0.12009754524181412
0	89	0.11863863365584985
0	45	0.11843158427677496
0	16	0.10904468258041533
0	61	0.10492241641002187
0	126	0.10458614738962388
0	188	0.09410770029674816
0	29	0.09254443591280664
0	54	0.08993434787450022
0	162	0.08844032746170058
0	127	0.08750661024287917
0	85	0.08727935923913108
0	124	0.08500337508703064
0	134	0.08294300769794423
166	183	0.7669999961393867
166	196	0.7437768726021491
166	194	0.6702902580609763
166	169	0.6657885451544404
166	170	0.6877216961815129
166	187	0.6631301263765469
166	188	0.6019629791350777
166	167	0.5424637012537112
166	195	0.5072945117212554
166	182	0.4836822833160562
166	148	0.4741884362857629
166	173	0.4672684049947772
166	147	0.4405233617456263
166	178	0.4399993513151391
166	42	0.4398057947423093
166	37	0.4283629437694022
166	43	0.39540450970139823
166	32	0.3895250430781951
166	174	0.3726268101618008
166	65	0.3670331346376095
166	142	0.35037397481239296
166	160	0.3480119838897805
166	30	0.3264503361329199
166	181	0.3249485512129315
166	93	0.32173388861313884
166	74	0.3188891320283581
166	61	0.3180354794402585
166	17	0.31562450305005835
166	57	0.2996818268177265
166	36	0.2799427930342387
166	150	0.27601197663365235
166	158	0.2759380696107717
166	132	0.27430204328535024
166	191	0.2727569904473487
166	8	0.2720811653564664
166	49	0.25522127970900105
166	19	0.23868574935003056
166	66	0.2375632263983847
166	186	0.23701588408947655
166	190	0.2303035546429565
166	41	0.2302277964255097
166	97	0.23004785947590925
166	56	0.2255918077759775
166	7	0.22314168766901712
166	60	0.22159228679848444
166	139	0.22151621370139526
166	138	0.2196801350147776
166	159	0.21937555660978034
166	72	0.2147445462337783
166	53	0.21384771377036665
166	62	0.2108206386416892
166	124	0.20612404142571947
166	185	0.20474481445224785
166	68	0.20369068995118306
166	127	0.2022045312711013
166	4	0.20088058628295286
166	151	0.1947021608470564
166	92	0.1933259883974964
166	123	0.1910531604940456
166	156	0.19022441565755926
166	31	0.1872734342457253
166	2	0.15940877797124176
166	115	0.15427818603097046
166	131	0.15132870208509885
166	193	0.14982361910019992
166	118	0.14614596583311493
166	50	0.14587193504683016
166	119	0.14444269846080493
166	177	0.14413915262345775
166	63	0.1407395589684422
166	1	0.14007296446011086
166	164	0.13909244787845804
166	81	0.13098311928413084
166	34	0.1298231853044994
166	20	0.12079724483291203
166	59	0.11566994862459838
166	100	0.11394301500722046
166	13	0.10352773328999683
166	16	0.08817243292789755
166	129	0.08674047015648657
166	22	0.08470950647142299
166	101	0.08426172563568872
183	187	0.7616361501915299
183	170	0.7279111822401786
183	182	0.6547224547233544
183	196	0.6382291054010624
183	194	0.6153707833744704
183	188	0.6014972969643188
183	195	0.5594553148462141
183	169	0.5496083629157767
183	60	0.5310669081544338
183	142	0.4989221184937971
183	43	0.4965525105774102
183	74	0.4943870703575332
183	173	0.4746843787183549
183	160	0.4684791005279926
183	174	0.4648574292422962
183	37	0.4475080869501156
183	61	0.4432514110755142
183	65	0.42161126234202206
183	185	0.4153505164624868
183	147	0.4124086229985544
183	66	0.3844917353035938
183	81	0.35135609564611275
183	167	0.34671935868390497
183	193	0.3435570054033279
183	178	0.3399977633838692
183	93	0.33878556942240035
183	92	0.33494694098564537
183	132	0.3094074552254151
183	181	0.30647470029273555
183	191	0.3041170364671091
183	80	0.2933246210499117
183	57	0.26238683454466544
183	62	0.25918078654499643
183	148	0.2441476955646704
183	159	0.2340784373170521
183	190	0.21981337460545355
183	186	0.21354232675306875
183	164	0.2119861149847216
183	56	0.2037769542787929
183	97	0.19414408506790476
183	156	0.1908604533951819
183	76	0.1871093911524099
183	72	0.18326588870663635
183	42	0.18170950490918844
183	177	0.18138071084557505
183	79	0.17824547195731918
183	131	0.17728675682655734
183	8	0.1699352623410249
183	36	0.16916797310771953
183	38	0.15149480474642898
183	115	0.15099647113189935
183	32	0.1432381474048364
183	91	0.14312060744508048
183	68	0.13972981480340682
183	29	0.1334492403148127
183	117	0.13327244163581853
183	28	0.12601651698852362
183	17	0.12211747709330548
183	87	0.12151652913594065
183	1	0.1168438648350982
183	124	0.1163506623067284
183	119	0.113044736654069
183	158	0.11013147196553416
183	50	0.10446745849207492
183	16	0.10408169904035693
183	89	0.10257792845577872
183	7	0.10086582979544427
183	63	0.09823714375906263
183	45	0.09237192335485978
183	179	0.08785689634343709
183	118	0.08641095861721608
183	197	0.08305522925735785
196	194	0.6510102211573544
196	195	0.5959610213872479
196	188	0.5641432927229394
196	167	0.5518725851326616
196	187	0.5181226021918083
196	181	0.5069156610758141
196	142	0.50095478310508
196	169	0.5004977264670746
196	43	0.488280468645421
196	182	0.4847234277714792
196	32	0.4830692050597287
196	49	0.4813807963086223
196	42	0.4723104331845967
196	147	0.4557785970683386
196	93	0.4514898475651977
196	159	0.4472441349308804
196	148	0.4355048150379213
196	170	0.4320789231197576
196	36	0.4257711115275418
196	62	0.4230655473402549
196	178	0.42122473112307424
196	37	0.4182754967039977
196	173	0.4163264687412207
196	41	0.38100090581922497
196	72	0.3792642432458117
196	53	0.3676819209299708
196	164	0.3469656747569215
196	174	0.3451083304847059
196	92	0.3395820282656261
196	56	0.3394404711282199
196	131	0.32693270334894725
196	156	0.324340219148028
196	61	0.31883523241385425
196	38	0.3166685624868697
196	158	0.31302905318728924
196	190	0.3120274713656012
196	40	0.3058312483743888
196	57	0.29370843722260337
196	50	0.29370843722260337
196	193	0.29235552178987106
196	60	0.29162372819176435
196	31	0.29068104109871745
196	197	0.2820151562884358
196	33	0.2812601985615081
196	99	0.2787903503211441
196	45	0.2784490730351264
196	34	0.27500471304049084
196	79	0.2713124353059587
196	22	0.2696255752124823
196	132	0.2633270497384198
196	74	0.2568098545011712
196	191	0.2559503268645781
196	68	0.24551078031706175
196	51	0.23891206336851564
196	127	0.22088850784723785
196	185	0.2169659822447207
196	151	0.21621304199263114
196	27	0.21325598851565336
196	123	0.20808611099935204
196	129	0.20573142798700672
196	160	0.2019743329055965
196	124	0.190908631549743
196	138	0.18915435586929666
196	16	0.1821929517733689
196	28	0.16817699261557498
196	100	0.1428267398888282
196	115	0.1387492025306513
196	97	0.13664978023828128
196	30	0.13313492568704285
196	26	0.13253568929014628
196	17	0.13004930211514332
196	29	0.12090563827499612
196	81	0.11671563771162614
196	66	0.11662686280794585
196	65	0.11354819023753547
196	186	0.11130688392545032
196	19	0.10925218076979676
196	7	0.10392342968604856
196	69	0.10243939957967993
196	101	0.10199410130626184
196	122	0.09992540518432133
196	179	0.09945512581421898
196	118	0.0984817541362272
196	21	0.0924879237897038
196	55	0.08490806796466895
196	117	0.08444441639409381
196	59	0.08229744468729333
194	187	0.5845521512528031
194	195	0.5796596662127429
194	188	0.5576251496634831
194	170	0.553483932190001
194	169	0.5519351713224084
194	182	0.4887753399318977
194	74	0.4786333534908642
194	185	0.4442472381782853
194	173	0.4012769207383585
194	148	0.3886849318423311
194	57	0.3797521481386533
194	7	0.3747432929736232
194	160	0.3674656985579557
194	193	0.3564209534419935
194	158	0.3441566038706033
194	147	0.3342631506440254
194	167	0.33149777085146986
194	4	0.3302243118507629
194	56	0.3298857076537649
194	117	0.3163266273687071
194	93	0.3121809118306334
194	142	0.3068280266140977
194	42	0.30436204480672385
194	61	0.29411042880231913
194	43	0.2926115687329792
194	190	0.28999426310322185
194	178	0.28468232309494584
194	60	0.28150882070422845
194	81	0.2764461144555981
194	28	0.2385820134243811
194	132	0.23431472530594444
194	8	0.2330289849853892
194	151	0.22755554221227264
194	37	0.22669248492000765
194	159	0.22010837593888646
194	92	0.20485978117434975
194	186	0.19768283454632066
194	124	0.19430767203984325
194	97	0.18831534606212552
194	66	0.18633728368168512
194	16	0.1849565685783872
194	55	0.18251197847107792
194	115	0.17870050122287953
194	65	0.17586258967139465
194	62	0.17577537177971747
194	181	0.17375890316220424
194	32	0.17099358887587354
194	50	0.16809925424990407
194	45	0.16421941943514384
194	59	0.1610066844973992
194	49	0.16064625460855447
194	174	0.16061702868428576
194	17	0.15800504878560512
194	129	0.15200283032830614
194	1	0.14730056298523458
194	99	0.13426436862089722
194	100	0.12770883463292304
194	126	0.11596592448396092
194	76	0.11478189799899215
194	84	0.1145253158173846
194	119	0.11125750311179072
194	184	0.10973630615497963
194	64	0.10950907009678043
194	20	0.10842213106260476
194	68	0.10805646589284494
194	79	0.10656385454668564
194	53	0.10379483195971273
194	177	0.09982640270402517
194	31	0.09941552130956728
194	191	0.09835400364058564
194	138	0.09308077562812088
194	162	0.09037771460178186
194	90	0.0870501143068725
169	170	0.6119482147971818
169	188	0.5395495843279956
169	187	0.5122828565674195
169	158	0.42303270616280747
169	159	0.40719995018166827
169	74	0.39120332157345866
169	43	0.3502687018173753
169	1	0.3356215051544442
169	65	0.3161376279489083
169	127	0.3147598754077574
169	56	0.31158511072697026
169	42	0.3113683949925305
169	182	0.3113232418034744
169	32	0.31002222736252466
169	178	0.29829770737454275
169	7	0.2971949775350464
169	147	0.2940830235888526
169	167	0.2903422680014896
169	57	0.2891514074103915
169	138	0.2858489747569762
169	62	0.2785136444043931
169	123	0.2733955366708005
169	151	0.25476314002323097
169	31	0.24006209124788944
169	30	0.23699700753058445
169	173	0.23588297424729274
169	49	0.2279632362390795
169	2	0.22425314009960956
169	100	0.21905189519694007
169	34	0.21598424966381807
169	195	0.2144297419590256
169	8	0.2001415439330395
169	61	0.19513506386946888
169	53	0.1932682302238637
169	134	0.19040753382460254
169	60	0.18386499699698308
169	72	0.18086809806519671
169	37	0.17437951108221966
169	33	0.16075341392039744
169	68	0.15711764012671736
169	160	0.15521519727680352
169	101	0.15079125261379078
169	148	0.1462438285382318
169	139	0.14538253870373458
169	115	0.14315978788042746
169	93	0.14050430485629475
169	174	0.13898457436640638
169	150	0.13516767202007485
169	4	0.13485350493778278
169	129	0.13433310609030774
169	92	0.13307598871082565
169	36	0.1294495714336486
169	17	0.12168401540906253
169	161	0.11349883461693985
169	41	0.11305460885178385
169	47	0.11056611414156928
169	59	0.11031916353702098
169	142	0.1092324194474001
169	197	0.10609916855899396
169	66	0.0983678681923534
169	45	0.09819059711939576
169	13	0.09447341962060946
169	136	0.09177800157449877
169	20	0.08833515557544355
169	118	0.08460426615109402
169	181	0.08424583921488674
1	8	0.64481371052991
1	111	0.7192213192698862
1	6	0.5646543831398937
1	13	0.4997403468210907
1	7	0.4920260220858857
1	113	0.4194298838096221
1	139	0.4023754023192158
1	105	0.4023251154630879
1	100	0.3939608844952414
1	4	0.3494086412656656
1	160	0.3342009704189794
1	150	0.3259052352434222
1	2	0.3188981150969265
1	147	0.3099318359386368
1	17	0.2783291480999293
1	14	0.2765846453419807
1	47	0.269959371535762
1	188	0.2676121548990137
1	115	0.25793970178645226
1	65	0.2559877060590766
1	37	0.25025047212293783
1	186	0.2441006753955787
1	151	0.2428871587748737
1	56	0.24187060621559095
1	126	0.2403542042593285
1	30	0.2370913885353104
1	132	0.2370536366703656
1	74	0.2327452559111246
1	153	0.2287973375280451
1	43	0.2281717929840384
1	197	0.22633198188592826
1	144	0.2230276596817698
1	116	0.21920421245993235
1	101	0.21726136935407275
1	122	0.20807654397774064
1	124	0.2021853489269781
1	148	0.1976636160404013
1	70	0.1953466776890408
1	187	0.18151610155195635
1	123	0.1632364944377417
1	156	0.14956944545518974
1	42	0.1485818913351937
1	21	0.14812223526151574
1	170	0.14029844449175818
1	119	0.1396317658758123
1	51	0.13251604055224445
1	92	0.12885957999489084
1	173	0.12150667678663725
1	34	0.10373547799217434
1	36	0.09875407962374022
1	48	0.09524838268222734
1	20	0.09397389419261552
1	131	0.0902993593248732
1	32	0.08521681768456163
8	6	0.5497967762265463
8	111	0.5422660659628941
8	4	0.5149993287805223
8	139	0.4514181905310939
8	7	0.4488825744333899
8	186	0.4302472028940134
8	160	0.4223345684660359
8	170	0.35022483545733496
8	17	0.3461561709499805
8	148	0.3438656572813078
8	188	0.3407492873066521
8	105	0.32294362030409657
8	13	0.2983159276353946
8	113	0.282843366560216
8	150	0.2619211969203486
8	182	0.2551464892142398
8	173	0.2464408811590928
8	14	0.2418423610523537
8	195	0.2407593212028815
8	2	0.21317962546235705
8	122	0.21246359527886213
8	193	0.1691971144257237
8	192	0.1634992883876724
8	187	0.1620585041858019
8	156	0.1480048659994689
8	185	0.14766251518321868
8	190	0.1459306578155134
8	191	0.14349280345183174
8	132	0.13505968014779085
8	184	0.1320837419945267
8	97	0.12452036940809193
8	70	0.12441207351063745
8	100	0.10719654356310176
8	147	0.09887290793080716
8	126	0.09646807111157298
8	75	0.09457847249413376
8	142	0.089637758275826
8	74	0.08767530597255338
111	113	0.7378802632089291
111	105	0.6668894092033574
111	6	0.5372701193786286
111	13	0.4590208102713421
111	14	0.4329081313434036
111	116	0.380855573894794
111	7	0.3725234676300712
111	139	0.3631936970102175
111	186	0.35908930503897285
111	17	0.2850039256289401
111	184	0.2719885656533657
111	150	0.2692360642654377
111	70	0.2688000785148912
111	160	0.2686609109270276
111	115	0.2558849114325554
111	122	0.25044731046293034
111	153	0.2485155276892679
111	4	0.2340878893677784
111	65	0.1941922000045148
111	100	0.1929794192697776
111	2	0.18985813962358306
111	75	0.18351714426851504
111	85	0.1816804953013827
111	20	0.16836161284890644
111	30	0.15724442836244718
111	47	0.15318465550508462
111	21	0.15231542155757902
111	151	0.14363971176099075
111	149	0.13767021476160446
111	126	0.13557015886938656
111	144	0.1285842194084689
111	147	0.1273842031137902
111	63	0.11461413445734965
111	84	0.10482351624401362
111	152	0.09589343655582562
111	73	0.09240365021875628
111	119	0.08861197168116809
111	19	0.08663228924019445
111	71	0.08558610453185374
111	192	0.08207297118456733
124	126	0.6495847532515028
124	17	0.4894676316065002
124	119	0.4881205199881856
124	22	0.444046554796364
124	157	0.4258038597282183
124	142	0.40977434430206
124	118	0.4047194186046382
124	117	0.365734490626402
124	37	0.3612302045187268
124	87	0.33810376895912275
124	121	0.3246891483280231
124	61	0.3090185686884342
124	195	0.3001914480883815
124	20	0.2891055871748007
124	16	0.2842963154545661
124	190	0.2801455395915097
124	69	0.27762787490167945
124	125	0.2729235909184389
124	148	0.26874441282611405
124	66	0.2663212221370678
124	76	0.2628151132706623
124	81	0.24702313759267544
124	193	0.2380538188808657
124	158	0.23724238883363985
124	19	0.2355240855908573
124	42	0.23504231827744115
124	115	0.23398391437627064
124	191	0.22409168315597994
124	38	0.22365473800347424
124	185	0.21904237501341411
124	63	0.21522143737908245
124	181	0.2094537843416131
124	68	0.20221412238498265
124	79	0.20074623192673746
124	53	0.20034312356384235
124	4	0.19976713681626584
124	188	0.19923902764506896
124	182	0.19536591440739196
124	51	0.19164082613399275
124	6	0.1913614612156944
124	65	0.18698393939175373
124	94	0.1853042301989264
124	75	0.1798425779014054
124	21	0.17724801377559865
124	55	0.1751744624976025
124	26	0.17414679931878094
124	82	0.15918461432290792
124	150	0.1540634151317639
124	93	0.1487090189237298
124	48	0.1464591164115387
124	116	0.14616553860303608
124	186	0.14598937955587135
124	187	0.14443290708359371
124	167	0.1409453932809937
124	97	0.14080817175873064
124	74	0.139808251972747
124	162	0.1380920399364641
124	89	0.13739551104424694
124	155	0.12406747594688675
124	170	0.12365391937166414
124	80	0.121703719221115
124	85	0.12061001301304658
124	27	0.11970329569162876
124	60	0.115265415072568
124	14	0.11002280483305148
124	44	0.10307264192550801
124	64	0.09839856813536478
124	152	0.09721400930047286
124	88	0.09544854623293393
124	147	0.08683773198629663
124	133	0.08566651065078011
124	156	0.085180086259286
126	22	0.4532158143805446
126	118	0.4468520624246689
126	82	0.4035983003287397
126	16	0.400059696940214
126	115	0.3725923636779779
126	116	0.33777602421241343
126	125	0.3323164214398106
126	157	0.2999912601499868
126	94	0.29125770327420303
126	76	0.27772016461545995
126	87	0.2772217393001265
126	61	0.27263665771007817
126	119	0.2629268211330528
126	4	0.2602066015244391
126	51	0.2588729278695617
126	17	0.2532289433759343
126	65	0.2465066287072301
126	68	0.24548258837572495
126	21	0.24458022723268705
126	37	0.22976371647978194
126	26	0.2284656328565697
126	66	0.22078387239587416
126	147	0.22055555922676445
126	64	0.21717561590275736
126	117	0.2060665899424877
126	142	0.20529085601732386
126	152	0.20279910691793526
126	91	0.2001703420609916
126	148	0.1929794192697776
126	188	0.1836910763835188
126	84	0.1799006366736797
126	69	0.17845847388260433
126	47	0.1658439358175287
126	44	0.16338249393881227
126	179	0.16337276086130373
126	75	0.16235061108788273
126	89	0.15313582840808124
126	88	0.15228611742331294
126	155	0.1513677858334553
126	186	0.15029281070601014
126	42	0.14709511309877873
126	6	0.1469190030928085
126	50	0.14657654031450532
126	38	0.1416608176529612
126	167	0.13481423214467256
126	133	0.13425454887691993
126	162	0.1341072495542682
126	130	0.1328598784154418
126	149	0.1301476095542362
126	60	0.129960823233675
126	136	0.1252980435409622
126	63	0.11967372545181792
126	123	0.11686359173922126
126	20	0.11524568074939515
126	48	0.110151229343191
126	154	0.10981534209641096
126	80	0.1095189501635962
126	187	0.10799716608044167
126	182	0.10331997955454103
126	193	0.10243939957967993
126	74	0.10083613492306588
126	77	0.10022240074621053
126	85	0.09427222758597527
126	185	0.09380836638891643
126	81	0.090210092457334
126	86	0.08514136910092303
126	173	0.08268975663039922
126	122	0.08236001767201362
19	121	0.8105738706798041
19	20	0.7068749116852829
19	17	0.5716295730926854
19	119	0.6100807670772318
19	150	0.5238418823078042
19	37	0.4350509164759596
19	30	0.40909180542262735
19	69	0.4020568778977872
19	63	0.3954213826734373
19	81	0.3874787948329391
19	61	0.33354345874421315
19	64	0.3308567393177597
19	66	0.3212317653068265
19	68	0.3082947838931238
19	76	0.3064656395323861
19	162	0.2981063815118886
19	117	0.2865650814306619
19	65	0.2825581416751252
19	186	0.27193300341348553
19	113	0.2648805654304476
19	14	0.2502692195231284
19	79	0.2342674699218769
19	116	0.2271098318925326
19	75	0.2243196187929779
19	49	0.22313218556994205
19	118	0.21315098864580345
19	92	0.21154674370298615
19	185	0.2112410436669964
19	115	0.20571227441660864
19	100	0.2034893942221145
19	42	0.19989194567614693
19	60	0.191900896595156
19	152	0.18104220400667687
19	93	0.17709303607914487
19	48	0.17666680214921268
19	47	0.1726434017312959
19	74	0.17130421545004226
19	46	0.16713706922477714
19	7	0.1661551179449178
19	80	0.16309048778676216
19	85	0.1558885017474093
19	88	0.14989204708426035
19	77	0.13674791158074764
19	90	0.13332155323133152
19	147	0.13314474842488064
19	142	0.13280093705049356
19	55	0.12998048538625465
19	94	0.12844653167695005
19	158	0.1271185752028138
19	134	0.12230463933959465
19	16	0.12186134626311874
19	82	0.11695236166640732
19	71	0.11627174457045585
19	195	0.11326191984450673
19	148	0.11050684724040152
19	182	0.10782914577322823
19	101	0.10513010000110172
19	105	0.10445756761624136
19	178	0.10111328007156464
19	133	0.09772411667648358
19	167	0.09655426075826903
19	177	0.08358254302317543
19	160	0.08210773532565029
121	119	0.6516090486245698
121	20	0.6004304306154336
121	17	0.5108579466092398
121	55	0.431428052033111
121	81	0.4243290870544855
121	117	0.3990176397605882
121	150	0.39537076295672335
121	75	0.3941636160801105
121	64	0.39039841071286013
121	76	0.3802740580407615
121	69	0.3631850160753047
121	63	0.3555564142030295
121	88	0.33115948674778084
121	185	0.3274595395206458
121	87	0.3271113146692856
121	158	0.2974775707856043
121	190	0.2862805132193382
121	79	0.28345964943137497
121	37	0.2833676817620548
121	118	0.2813522852412399
121	61	0.2798321934754683
121	30	0.27218301921001936
121	58	0.26021592442542524
121	73	0.25773432737118496
121	85	0.2490127293718974
121	133	0.2459899797476573
121	54	0.23792174822703505
121	77	0.23031302422387456
121	66	0.2226000003913464
121	186	0.2217349165853304
121	195	0.2176424552146083
121	162	0.21513560454077787
121	94	0.188758994771739
121	113	0.18540079464345152
121	142	0.17925224265772924
121	116	0.17911673764938352
121	4	0.17528108497248934
121	80	0.1606559965207129
121	193	0.16030526797679115
121	90	0.15595679991626646
121	68	0.14857211208644816
121	161	0.14461893841195322
121	60	0.13882766155229753
121	14	0.13816070441380618
121	74	0.13569776731484418
121	105	0.13468659264243532
121	148	0.13343941838870313
121	93	0.12817114136294624
121	82	0.12228493845990315
121	48	0.11184016164047517
121	182	0.10864942165817484
121	89	0.1036068751950326
121	59	0.09695249754377176
121	99	0.09605889824750402
121	100	0.0951631621982444
121	16	0.09496397865250003
121	191	0.09288845297960817
121	115	0.09212107623866336
121	65	0.09150035294322488
121	152	0.0886546338790798
121	154	0.08719699091061225
121	38	0.08204714626475297
20	69	0.6654432327774232
20	63	0.5477981497742238
20	76	0.4909490375866178
20	119	0.4842489584575982
20	17	0.4835213961723372
20	37	0.4677450818116768
20	81	0.4662829334123294
20	30	0.4592970208483307
20	61	0.4512270766412728
20	77	0.4477319851127095
20	75	0.4412806307612654
20	68	0.4257301747080607
20	162	0.4139676603561869
20	64	0.412599486290411
20	150	0.4076086208260149
20	65	0.40617338505141937
20	84	0.4037908173892
20	117	0.40305403715620897
20	85	0.3945520777388121
20	90	0.3844576481351432
20	115	0.3682266249860346
20	92	0.36046479019380334
20	93	0.3569533457283495
20	186	0.3455310925361694
20	86	0.3412971832378406
20	94	0.3374836422043841
20	88	0.3195447453889533
20	100	0.3161826300875371
20	14	0.30948883699138263
20	82	0.3080775787878321
20	116	0.3017919985721119
20	113	0.295708228142119
20	74	0.2951514682289749
20	55	0.28459961493832714
20	97	0.282953762768305
20	185	0.27195152436158704
20	60	0.26985738509448265
20	80	0.26958848273049124
20	73	0.24547319096966824
20	66	0.24271777032203426
20	158	0.2405426411697943
20	56	0.2375066117686717
20	48	0.2297921325429417
20	91	0.21802347472855355
20	118	0.2149162388556896
20	133	0.2132273526759582
20	47	0.21285505343745756
20	160	0.20796173661342385
20	49	0.20031432751179304
20	42	0.1963948593331442
20	79	0.1960679516365868
20	4	0.19588524893449305
20	7	0.18724448622327336
20	87	0.1856035683201692
20	139	0.16994497354458798
20	134	0.16034423981571708
20	147	0.15622022173628194
20	177	0.1548638506923108
20	54	0.14468747369342205
20	105	0.13759173014441495
20	45	0.1373366432106143
20	101	0.12827933277457546
20	167	0.12699067377709114
20	53	0.12224553641144005
20	184	0.11238324865733136
20	193	0.11184016164047517
20	70	0.103587089841729
20	152	0.10172690270964037
20	44	0.09451504459588728
20	125	0.09339204601460957
20	32	0.08370071050834739
20	46	0.08158227890029537
17	14	0.4790803572147203
17	119	0.4883413928401586
17	150	0.4853428694179671
17	16	0.452015154521803
17	37	0.3994547571840998
17	186	0.3949825986869448
17	118	0.3915335855534356
17	42	0.355940729094134
17	66	0.3445708682603873
17	65	0.3428247628460635
17	63	0.33003719897796624
17	69	0.3057134029475695
17	105	0.3037993731778484
17	160	0.3032183284815828
17	4	0.2995543947597145
17	115	0.2903788956307846
17	178	0.2853897639809639
17	76	0.28002573782716955
17	61	0.2792883043152746
17	30	0.2783937241436584
17	116	0.2476896960697019
17	170	0.24432636173606556
17	157	0.2438091247362429
17	81	0.2388743461670529
17	6	0.2362795658067439
17	68	0.23610016508135614
17	188	0.23475887176678145
17	139	0.23387048100848756
17	113	0.22935637654748145
17	152	0.22688219841960935
17	148	0.2027128068160248
17	195	0.20060227245036372
17	7	0.19835538641794626
17	85	0.1971542703078661
17	182	0.19689475134725035
17	125	0.1935088804391364
17	117	0.1897810221414916
17	60	0.18391330623596788
17	46	0.18062626545250812
17	167	0.1687891090743992
17	187	0.16800207835263636
17	100	0.1670884655586394
17	74	0.16350902105158618
17	22	0.1592625861504734
17	94	0.15650313153171697
17	48	0.1509182941824542
17	142	0.15054692790884
17	64	0.14775055163335438
17	185	0.13878843225925852
17	2	0.13053098409953331
17	154	0.1273350141372964
17	79	0.12286607383700808
17	51	0.12010740099577355
17	147	0.1179878723775185
17	193	0.11594619340011372
17	53	0.1158080732517523
17	21	0.11027965017539257
17	97	0.11027965017539257
17	162	0.1023899240178381
17	13	0.09704858486050992
17	190	0.09550205399414224
17	72	0.09118203111751567
17	75	0.08928956759467863
17	80	0.08744309996131894
17	93	0.0825278689779653
119	81	0.5743900868888331
119	61	0.5529843011826671
119	37	0.5522271579969953
119	69	0.4745681692337124
119	79	0.463719997383961
119	66	0.45458938612922495
119	60	0.43952345149015004
119	142	0.4231065972490132
119	80	0.39873173411005536
119	92	0.39564914167262616
119	115	0.3858884057708922
119	65	0.38301650813495175
119	68	0.3798034942670225
119	87	0.3788532123062748
119	93	0.3697987942834144
119	76	0.3594899240766935
119	117	0.3445973061145904
119	74	0.33852882914742083
119	88	0.33324124990514875
119	85	0.3241701960222336
119	150	0.32218206013226736
119	38	0.3213304109375619
119	16	0.3163626244118076
119	148	0.3155254576826937
119	186	0.31183790478689816
119	193	0.3059944034955517
119	185	0.29940874503382203
119	182	0.2866476885408001
119	55	0.2857846931453888
119	64	0.2845169025446321
119	147	0.26435977879479033
119	90	0.25893823562251145
119	118	0.2562306521604165
119	91	0.2558849114325554
119	77	0.2503535805013329
119	63	0.24400663161424999
119	94	0.23963797887397495
119	195	0.2384877033123388
119	188	0.23382321522591776
119	75	0.2304266557921343
119	181	0.20125481927140507
119	158	0.19020513929079136
119	50	0.1872830835142627
119	82	0.17242995089126165
119	152	0.17223589061908134
119	154	0.17152745726951169
119	162	0.16826444577657795
119	86	0.16440428974128654
119	116	0.15948674408411725
119	84	0.1577125246069242
119	30	0.15696158595748522
119	43	0.15197352334048547
119	160	0.15068375201131295
119	6	0.14744730512347567
119	105	0.14346342103089485
119	89	0.1414452258506358
119	167	0.13817051351645104
119	187	0.13763097266904795
119	97	0.13471604830906084
119	48	0.12870223351875446
119	4	0.1271185752028138
119	190	0.11833298571340063
119	56	0.11391340439633175
119	191	0.11000304688992933
119	197	0.10729539339324104
119	100	0.09642844320223076
119	7	0.08868241374007875
127	129	0.7511069230476064
127	123	0.7239234820418817
127	138	0.6868405300750376
127	136	0.6124296377799197
127	31	0.6038470326987538
127	134	0.5972234128954289
127	34	0.5891283308278951
127	26	0.5802370502541281
127	33	0.5740549526538276
127	2	0.5522688593251871
127	41	0.5467964842233678
127	32	0.5065068770646677
127	130	0.4941603623124776
127	40	0.4923215504154275
127	27	0.4863360172249622
127	49	0.4723803532691727
127	36	0.4572430524432601
127	57	0.452738927502809
127	30	0.4299456465851551
127	51	0.4255090857689377
127	62	0.4152760401232843
127	44	0.4019059639296889
127	149	0.382743419199612
127	174	0.3819152097265847
127	173	0.34617377434621405
127	53	0.34356582505886746
127	159	0.3416505414720124
127	42	0.3322274619042316
127	47	0.3303490393501615
127	144	0.3292617408753538
127	29	0.3257979767558877
127	101	0.3090366587271127
127	153	0.3042531571808136
127	52	0.3025189601757488
127	13	0.2916694753047368
127	167	0.28389182761692394
127	133	0.280873377955116
127	132	0.2743575278754544
127	45	0.27041360116335433
127	56	0.2655313314617039
127	100	0.26253581279285443
127	72	0.2560063953692764
127	151	0.25457611134762503
127	155	0.2530323991555099
127	46	0.2419929971858207
127	22	0.22377823162474916
127	179	0.21342779585779306
127	131	0.20224289549388544
127	7	0.18337219206075595
127	178	0.1799393418255728
127	161	0.1793780626474187
127	164	0.1743310310702583
127	157	0.16905140487830078
127	59	0.16270110180835234
127	48	0.15023416545297993
127	125	0.14869924005291113
127	139	0.14740817452102006
127	197	0.1396317658758123
127	50	0.1360903804295939
127	28	0.12819081275568794
127	156	0.12287592286418565
127	118	0.10591130361049288
127	4	0.10162793653949152
127	152	0.09798360792582436
127	154	0.09019323077511034
127	99	0.08929055962196318
41	33	0.6700809345856263
41	36	0.6637515555665787
41	40	0.6410828513508839
41	49	0.6279534584992775
41	32	0.6086096141497667
41	72	0.6027212278966991
41	31	0.6026575513468463
41	27	0.5860051121741191
41	26	0.5787492711070722
41	62	0.5767773529049727
41	34	0.560807232321478
41	167	0.5508912564953952
41	50	0.5464599093806816
41	42	0.5332102225574625
41	123	0.5286790532424269
41	131	0.5090006183065237
41	51	0.504742784356255
41	52	0.4763636904691262
41	130	0.4705449284604016
41	181	0.4619362550570749
41	68	0.4558578200443064
41	38	0.4402654248600368
41	22	0.4396767343235017
41	152	0.4393459341181136
41	129	0.4330706353813364
41	164	0.428754785661481
41	174	0.4286323523882557
41	46	0.4167562452414116
41	45	0.4106892250343677
41	53	0.40941648472389297
41	57	0.4038577714642853
41	30	0.3955394860048015
41	134	0.3921176516719629
41	144	0.3810094541697531
41	178	0.38100090581922497
41	149	0.3731519917704574
41	179	0.37054957904881897
41	173	0.3630287484653248
41	156	0.3615953444499607
41	44	0.3594812163754456
41	93	0.35852298726944976
41	132	0.35554767837560586
41	101	0.3524250265645437
41	100	0.3480471389067497
41	47	0.34276298838097863
41	155	0.33929004982131017
41	125	0.3355238921485447
41	159	0.3261733447551831
41	147	0.3239285481829653
41	153	0.31945495340442753
41	197	0.3176758923413274
41	28	0.3167225447224284
41	89	0.30230090860150266
41	136	0.2954070550710073
41	148	0.2880055045034271
41	2	0.2810944294848077
41	157	0.27867045010403263
41	138	0.2641644440329996
41	151	0.25827571872966393
41	43	0.2580330460894452
41	56	0.2504754285359995
41	29	0.2484592324479711
41	37	0.2330668125324587
41	82	0.22905318769676364
41	16	0.22545892841305926
41	13	0.2201274069011633
41	154	0.21578403691695489
41	48	0.20890872573285935
41	118	0.1934511265098604
41	21	0.15841453603699945
41	150	0.1545027036557344
41	133	0.1534287797663054
41	79	0.15228611742331294
41	91	0.15141663985333892
41	63	0.1496476548376831
41	158	0.14232710727167835
41	142	0.14046509429433285
41	65	0.1177512067535076
41	99	0.11682413783877625
41	161	0.11542328638113865
41	61	0.1121561476899498
41	115	0.11159328179828708
41	191	0.10414104868964842
36	32	0.7458472982148697
36	50	0.667294550613296
36	57	0.5826926884078337
36	62	0.6964122079790979
36	31	0.6739853007437877
36	167	0.6524253687670399
36	164	0.5875525405511239
36	147	0.5650697509302722
36	72	0.5625937559156902
36	131	0.5464528955266795
36	132	0.5432536420962303
36	13	0.526203263717993
36	173	0.5155575397150035
36	174	0.5059118754668915
36	156	0.4862291231285889
36	38	0.4773912321039203
36	101	0.4747463503441138
36	2	0.4682058711720356
36	134	0.4548194268584001
36	181	0.4500556010766903
36	49	0.4468360558169331
36	197	0.42325436253905857
36	43	0.4217263696990771
36	33	0.4192156000175564
36	30	0.4146386261540572
36	52	0.4126741620669546
36	56	0.4099573864948735
36	45	0.4098575493909267
36	144	0.4062652334972859
36	93	0.3918891416730018
36	34	0.39088990103599336
36	42	0.3864755015512576
36	100	0.3839291629947542
36	153	0.3784848701187841
36	123	0.3702303388809896
36	152	0.3614997232782116
36	151	0.3587321199747264
36	179	0.3553117875572526
36	40	0.3540879246156697
36	28	0.3425952998908677
36	68	0.3394847093856983
36	47	0.3316579809510929
36	139	0.33148886972968394
36	37	0.328432311495496
36	51	0.3238479895079994
36	178	0.3213931817992367
36	159	0.3025462143967552
36	46	0.28806969690723505
36	89	0.2770186343326814
36	187	0.2738581008410279
36	122	0.26265684840437903
36	148	0.24274600275896946
36	138	0.2367421564760905
36	29	0.23461713353587935
36	129	0.223331720743068
36	22	0.220707770693339
36	70	0.21486854779273631
36	125	0.2127882239509813
36	92	0.2024251170737511
36	149	0.19628909985228774
36	99	0.18545873159160936
36	26	0.1816514853773465
36	91	0.16836161284890644
36	16	0.15749798927959752
36	142	0.156298268380104
36	27	0.15604460965641234
36	150	0.15252054299609513
36	63	0.15198329236612082
36	188	0.14169021549439895
36	65	0.14145502576925478
36	21	0.13686566564890906
36	115	0.12299410930185585
36	53	0.11481150265051768
36	116	0.11382457134956996
36	79	0.10324083290196943
36	44	0.10200399726820124
36	154	0.09569428102565436
36	136	0.09478163480932844
36	155	0.09401453196121393
36	192	0.0921230592657126
36	7	0.08213951950836175
31	32	0.6734446537999674
31	2	0.6254394448730319
31	134	0.6237500757799612
31	13	0.5892719563286901
31	123	0.5610608129340902
31	62	0.5544819999962682
31	34	0.549238351925892
31	30	0.520663800396221
31	52	0.4823405589557934
31	50	0.473568084825799
31	144	0.472885155121269
31	33	0.464630065402618
31	147	0.4598176334790721
31	45	0.4533747190599222
31	40	0.4459712742819847
31	164	0.4454103225199855
31	49	0.4416268317521708
31	57	0.437690146079067
31	153	0.42032771862730695
31	167	0.4158882357809685
31	26	0.4151270707435888
31	51	0.41177768682832333
31	138	0.4089835559600056
31	179	0.40696635085755545
31	100	0.4039916666352743
31	7	0.40052156899801067
31	174	0.3817529112047355
31	132	0.37915293713616977
31	129	0.3566391750187484
31	72	0.35151386446739163
31	47	0.3491188963787273
31	136	0.3440860774304215
31	159	0.3416328758531552
31	152	0.34155337758100746
31	156	0.3412883480453595
31	43	0.3288247929279678
31	173	0.31917656179878523
31	101	0.3182511877955346
31	197	0.31325453873967457
31	29	0.3099951105237719
31	46	0.3049698544792711
31	139	0.294375320927852
31	56	0.29058948798451256
31	16	0.28903227204253484
31	148	0.2870790119574933
31	131	0.2859499835205105
31	151	0.28230967928371875
31	150	0.2736545881999896
31	44	0.2705711629210053
31	149	0.26932881296216904
31	42	0.2674728917495989
31	122	0.24514425270278556
31	154	0.2188233992846056
31	125	0.2118906067716931
31	116	0.2105626242036243
31	155	0.20635383314465508
31	187	0.2053866396170984
31	28	0.19549094941183584
31	22	0.18491793664988904
31	99	0.18199958358421808
31	21	0.18108089267529973
31	188	0.1794070971964844
31	181	0.17687992740732356
31	70	0.1760854672928198
31	89	0.1681284063821034
31	27	0.1651144733798972
31	38	0.1638691072265521
31	53	0.1453042286797136
31	68	0.1335474581338019
31	178	0.11637039151128327
31	115	0.11518647723410512
31	37	0.11087231392827644
31	118	0.10988449740604084
31	48	0.10773030742026
31	133	0.089980967532623
31	86	0.0836321935135634
13	122	0.44045082434482624
13	2	0.6637795263318975
13	139	0.6585506370297874
13	32	0.5904717298609079
13	30	0.5892132049424661
13	144	0.5834912927249635
13	113	0.5731088375937671
13	150	0.5480360772943441
13	153	0.5445141421193007
13	134	0.5228398448075577
13	100	0.5210354453734833
13	123	0.4880976675028105
13	101	0.4526991752297959
13	47	0.4329650109581425
13	51	0.4308011641314371
13	70	0.4272436755108653
13	147	0.4164008664578113
13	7	0.4102651557253549
13	34	0.40853378114693706
13	52	0.37969224136485136
13	132	0.3762637173069677
13	46	0.3644517645820693
13	152	0.33857309830965643
13	156	0.33782031883216684
13	197	0.3150931792773026
13	151	0.300737280766997
13	42	0.2935896470916087
13	14	0.2904796172238286
13	138	0.2877395369763317
13	167	0.2796754980523516
13	43	0.27759095758120506
13	57	0.2715347543203786
13	155	0.2713587541556985
13	116	0.2639969969863964
13	125	0.2517496700855493
13	50	0.2453510204930845
13	44	0.23864802782538475
13	62	0.2282097101432686
13	21	0.226588135161444
13	49	0.22309417674961213
13	179	0.22279958539897515
13	159	0.2133323489634137
13	164	0.20778951482358726
13	29	0.20762684908113427
13	56	0.19352813145089287
13	148	0.18175785355266905
13	174	0.1814677485179101
13	33	0.18002642638003702
13	173	0.17727707111532764
13	149	0.17687992740732356
13	115	0.17373950693793005
13	131	0.1687308178699345
13	72	0.1597790992808515
13	136	0.14935436000539634
13	192	0.14061213162878086
13	22	0.13400904671306255
13	154	0.12569174394812244
13	40	0.1148016344559996
13	37	0.10900515803775074
13	16	0.1014003067174107
13	157	0.09698617783998503
13	186	0.09597270030349273
13	28	0.09205563593619928
13	89	0.0915806741902643
13	6	0.08891853698412476
13	99	0.08760286665707613
122	153	0.3518731522477244
122	164	0.3395820282656261
122	156	0.307480099172742
122	100	0.30330913159249057
122	152	0.30175564126965365
122	70	0.2945853756313148
122	113	0.2919073387796887
122	51	0.2834504528990354
122	6	0.2743205383516641
122	179	0.272729222111412
122	47	0.2683918217880559
122	144	0.2398547588589361
122	52	0.23759153310804115
122	2	0.2353918472546625
122	159	0.2331613783142185
122	139	0.22806751722763502
122	147	0.22054604565332908
122	155	0.218252054547053
122	116	0.2166991468278021
122	43	0.2038632154422981
122	14	0.19529858523557
122	50	0.1924209566373909
122	21	0.18571943189690107
122	125	0.15508832664599628
122	138	0.15104533076626234
122	62	0.14797552303240147
122	32	0.14010237572344916
122	150	0.13977883823980694
122	101	0.13931799091599126
122	197	0.12873173647688532
122	89	0.12779736575594552
122	99	0.1262428579869231
122	148	0.12237359165942252
122	192	0.12149682441339132
122	56	0.12068884851019125
122	123	0.11186978629441682
122	30	0.10815529720459714
122	131	0.1032210460345074
122	46	0.10316168494200044
122	105	0.10086582979544427
122	134	0.09628181728055216
122	42	0.09165603625207808
122	29	0.09030630224266444
122	71	0.09017339343570666
122	151	0.0901664503500104
122	188	0.0891457217642144
122	34	0.08903461071479801
122	22	0.08479687435827626
2	100	0.6971273791743547
2	30	0.6931118247603406
2	134	0.6223183988804557
2	32	0.6102816243242954
2	123	0.5854993035745868
2	138	0.5478751360254728
2	144	0.5293343913770892
2	139	0.5163060302793818
2	150	0.5073093646161251
2	101	0.4951045355248988
2	34	0.4752342123836002
2	153	0.4435647328890637
2	7	0.3801542968359433
2	47	0.3636276633363625
2	33	0.3443769739635595
2	129	0.33898030425947034
2	151	0.3294935335703684
2	4	0.32606610724443513
2	136	0.3208909358607148
2	42	0.31588558968538233
2	57	0.3121989625794948
2	167	0.29012248436253546
2	51	0.2894537877292813
2	56	0.2880421861940015
2	62	0.2879871633411949
2	113	0.2802653326300659
2	49	0.26235889973031024
2	132	0.25266733305239225
2	40	0.2392514857300495
2	99	0.21341825135166315
2	147	0.20201270085035636
2	50	0.1949811514962943
2	52	0.19108206528906227
2	159	0.18592218072794647
2	173	0.1824733106136961
2	197	0.17801308716819786
2	46	0.1750290615919609
2	48	0.17415649603081693
2	156	0.17136245414332646
2	72	0.16948851132686835
2	14	0.16472535281660333
2	44	0.1628665970490442
2	116	0.1612501939025524
2	154	0.15731269680417986
2	125	0.15234472542403796
2	148	0.150185293601133
2	70	0.14377682047154794
2	26	0.138101849228803
2	131	0.13439202289236493
2	149	0.10760181437793427
2	155	0.10419050616417844
2	179	0.09072484476116288
2	21	0.0900801569823243
134	30	0.5980269678434869
134	123	0.5901980978995649
134	32	0.5323365166634183
134	144	0.5027876883891506
134	100	0.4147297102283897
134	150	0.41385164532457375
134	139	0.4053045942612365
134	101	0.3955226149010397
134	57	0.3877422198392053
134	47	0.3828373010688964
134	136	0.3786390744681528
134	138	0.3735306629132449
134	151	0.3668254475441276
134	34	0.3616909580152545
134	46	0.33679229862004023
134	7	0.3356924919047406
134	49	0.32904774315932106
134	167	0.3221999839911726
134	26	0.3059128281809762
134	45	0.2898660314321254
134	50	0.2768616726274101
134	56	0.2749122732578808
134	62	0.26829902271471423
134	129	0.2676492898508654
134	33	0.2584250395423376
134	40	0.24542620324737036
134	51	0.22824762661026002
134	52	0.21713750218160854
134	44	0.1980191337883068
134	86	0.19412483883169174
134	29	0.18850824626042748
134	152	0.18671371488928115
134	48	0.18321756758319413
134	99	0.17554277724744746
134	149	0.17202240887774142
134	116	0.16933310333069082
134	59	0.16403453759210945
134	147	0.16358688121695575
134	53	0.16300288036673294
134	72	0.1586192592387546
134	161	0.1501950680302288
134	133	0.14751578256704168
134	42	0.1401415903566384
134	113	0.13303669687044542
134	27	0.13175948509062246
134	153	0.12953806225521178
134	159	0.12641998525336598
134	16	0.12495352330623145
134	132	0.11830340568926595
134	157	0.11767231523824558
134	154	0.11502859719367507
134	84	0.11406145542591666
134	94	0.10801693276998647
134	174	0.10490263654278678
134	155	0.10073715071788797
134	173	0.09587758366032274
134	14	0.09361507885750164
134	68	0.09300642491152296
144	100	0.5288447477371796
144	150	0.4896349063074542
144	123	0.4888666664149322
144	138	0.4572509616950053
144	42	0.4547480414005127
144	101	0.4449613091686488
144	47	0.437196873766011
144	34	0.4366304993010185
144	30	0.4349536237131411
144	139	0.43430474578995015
144	153	0.4324448404596196
144	32	0.4308826016585259
144	33	0.4277993887086265
144	46	0.414887017691698
144	156	0.3987149137158369
144	52	0.3942142929841757
144	157	0.3914404443826904
144	51	0.3773705485024662
144	49	0.3513473301263743
144	155	0.3353108933084749
144	131	0.32238817056109353
144	113	0.3160926243875701
144	27	0.30897334261347675
144	26	0.3029640504790613
144	50	0.3001095562176065
144	132	0.2987440411541629
144	72	0.29342515347909165
144	197	0.2903605819224893
144	125	0.28622542966517833
144	129	0.2824017068098841
144	151	0.280108678439404
144	152	0.2700891637007892
144	154	0.2695421160030342
144	164	0.2659123821321116
144	44	0.2652803503338541
144	22	0.2627964946084748
144	167	0.2607006483824225
144	62	0.2553801993690499
144	53	0.2421153804556757
144	57	0.2391477795412398
144	40	0.23120296984987204
144	181	0.2295647930713122
144	48	0.22199162628951305
144	148	0.2189471708845628
144	147	0.19783657712175384
144	136	0.1942306912810844
144	179	0.1927098322056447
144	7	0.18551666725039198
144	43	0.1726725074082152
144	116	0.1703916531987844
144	149	0.15750774120807187
144	21	0.1419351877824596
144	14	0.1367086593657151
144	173	0.13343941838870313
144	29	0.12049175691509854
144	130	0.11460426581003733
144	28	0.1092324194474001
144	174	0.1076907714826778
144	56	0.09895212523588873
144	178	0.0916917337044314
144	16	0.08604966520397019
144	159	0.08179187094330005
113	139	0.5342185822483422
113	70	0.5129095148777734
113	150	0.4835673672621684
113	14	0.4442873695064088
113	116	0.3255387341228258
113	30	0.3095159632393097
113	105	0.3078603415604749
113	100	0.3076430722289573
113	153	0.2936261988671052
113	184	0.27195152436158704
113	186	0.2542487653426902
113	47	0.2428401079121053
113	101	0.2325466219798837
113	6	0.2291953130081403
113	75	0.21487808608731288
113	7	0.2097692851298594
113	155	0.2032497340184202
113	21	0.1828116352143775
113	63	0.1729926499419666
113	152	0.172410545466102
113	149	0.16830331299800982
113	157	0.15908714674584268
113	125	0.1509573828932046
113	71	0.13848439047874653
113	85	0.13679697624566614
113	52	0.13554071012766356
113	147	0.13183809541688934
113	192	0.12823999079621462
113	115	0.12762030147476
113	46	0.11851046144607046
113	156	0.116656454649647
113	51	0.11006232045842228
113	44	0.1094201485219048
113	161	0.10210295577690914
113	160	0.08929353570275385
139	150	0.5113233819714933
139	70	0.4782246674955834
139	30	0.4197924114539884
139	100	0.3947546974262658
139	32	0.38899050172033695
139	7	0.3370405150716097
139	156	0.33245874439856177
139	14	0.32855720426239243
139	132	0.2907817433769225
139	184	0.28043118550316737
139	101	0.2753374541509919
139	148	0.2512438254318057
139	160	0.2500161137904489
139	151	0.2362134726760252
139	52	0.2301709759309732
139	188	0.21829967232941366
139	153	0.2171470306739698
139	191	0.21609864879472734
139	186	0.21486854779273631
139	147	0.2070335002994213
139	173	0.1839809376778801
139	177	0.18392296797715624
139	29	0.18047148111617373
139	192	0.17593042390068736
139	46	0.17490304129764522
139	6	0.17456372741588938
139	190	0.16854622127109092
139	161	0.16211692784012205
139	57	0.15424889994819369
139	97	0.13836668987451667
139	197	0.13573703054634378
139	51	0.13133692621754806
139	187	0.12851537616203412
139	38	0.1266364631863156
139	167	0.12070855714665328
139	71	0.11652822184036885
139	63	0.1157784754942263
139	4	0.11481150265051768
139	47	0.11403184562507385
139	179	0.1127781788850201
139	123	0.10491252648678012
139	131	0.1023701336512449
139	42	0.09778651464205276
139	43	0.09666620606844296
139	157	0.09346341754522124
139	59	0.09051260207714212
139	170	0.08958022400257751
139	138	0.0834117421685306
123	34	0.7610771034217777
123	138	0.7328748971867234
123	136	0.6606070706732134
123	30	0.6211344290804637
123	49	0.6043106474467594
123	26	0.5899308501014449
123	129	0.5823359228000944
123	42	0.549664194912592
123	33	0.5493849858298566
123	32	0.5481969779955836
123	51	0.5059341967233351
123	100	0.4792575485497579
123	47	0.4623766454308703
123	44	0.45796249808948597
123	22	0.4516411044024353
123	40	0.44721213545108346
123	101	0.4467320058932969
123	53	0.4304101663378076
123	153	0.42012186584795
123	27	0.3923291918672065
123	155	0.38966075785727855
123	149	0.35821793755967946
123	46	0.3418801725448603
123	57	0.3165695897273286
123	167	0.3134890062523373
123	151	0.31011261318191624
123	150	0.3058765710436725
123	154	0.29324236241856866
123	7	0.29068104109871745
123	157	0.2841952029763723
123	152	0.2787073434039796
123	72	0.26608893842472675
123	48	0.2650386308199181
123	56	0.2637830137125692
123	130	0.2545387033265762
123	159	0.2461966561240231
123	125	0.23645895042513915
123	29	0.2291195140578012
123	99	0.2200607978001668
123	62	0.2198799913259417
123	21	0.2147254684562466
123	52	0.21175688847394888
123	197	0.1966640446600412
123	147	0.19622179598637704
123	45	0.1876111371282523
123	179	0.18709974123359688
123	59	0.17582382650475348
123	178	0.17454433679809264
123	173	0.17229411010524134
123	174	0.16440428974128654
123	132	0.1640929225776387
123	116	0.1484254198692659
123	158	0.14314999281365387
123	50	0.1387982396233574
123	4	0.13675772456741506
123	131	0.13643388184695818
123	148	0.13178896415723187
123	16	0.12011725672605802
123	118	0.1155614189932099
123	181	0.10984498021647963
123	68	0.09493524009992338
123	133	0.08818334739915397
123	43	0.0840561917616164
129	138	0.652672266175927
129	26	0.6469003753870077
129	130	0.6236645372928558
129	27	0.6219874189885696
129	136	0.5991691582565931
129	34	0.5737397510054687
129	33	0.5709424682823663
129	40	0.5690589439409087
129	49	0.4026100422073247
129	51	0.3901949702758695
129	44	0.3809325166700835
129	62	0.36016022898472155
129	149	0.3590980155564041
129	155	0.3581569184360643
129	53	0.3410939585550972
129	159	0.3404664116961916
129	157	0.336473094390708
129	133	0.32968072175776475
129	42	0.32236128832508176
129	22	0.2981246040549471
129	179	0.2859132537961385
129	173	0.280108678439404
129	151	0.27949113141908605
129	29	0.2766308197500836
129	57	0.27361758326829233
129	32	0.270478481289037
129	28	0.2574355593752187
129	197	0.25276094660865217
129	101	0.24435457066816035
129	131	0.2090043594491001
129	52	0.20724406087408964
129	181	0.20590380302612865
129	100	0.2043711336038268
129	72	0.1990565630161164
129	125	0.19825931899864951
129	21	0.18866255594750164
129	99	0.18700324005970104
129	153	0.18108089267529973
129	174	0.173826788885441
129	45	0.16780771676426384
129	132	0.1630515514730655
129	47	0.16071444733626122
129	48	0.15103555889842218
129	154	0.14086698164533126
129	116	0.13755248718782376
129	59	0.1366988462448755
129	89	0.1294397389928363
129	46	0.11910199247583428
129	30	0.11737645883502093
129	16	0.10296380932865047
129	4	0.0975131464389134
129	190	0.09720410379647973
129	118	0.09613915021063983
129	195	0.08925683059491621
129	178	0.08555632420483787
70	156	0.4383851318146806
70	52	0.4144398684245135
70	97	0.3818297923873934
70	197	0.371118817137997
70	38	0.3546825241407902
70	192	0.3508125169878524
70	147	0.3180894096171202
70	184	0.2915871295408163
70	179	0.2872625185470472
70	89	0.27806159197477376
70	91	0.2700428104826701
70	193	0.2672871901676113
70	99	0.2495097998337364
70	153	0.2466005498398992
70	87	0.2444862068822039
70	161	0.2387140400208364
70	43	0.2372140771506781
70	32	0.2360907224919421
70	85	0.22203916174774266
70	21	0.2218775368846907
70	177	0.2165943097664597
70	186	0.21336098345941168
70	71	0.2105912939239512
70	142	0.21034281098438087
70	125	0.20927211258262732
70	101	0.2046298420806855
70	116	0.20189759515632796
70	132	0.1965871375899338
70	88	0.1920646308398521
70	188	0.1906099121733348
70	79	0.1832368961388235
70	191	0.1821639474429963
70	76	0.169187400685924
70	190	0.1664079290616603
70	28	0.16303208312574996
70	54	0.15635680208218886
70	150	0.15457103194065885
70	115	0.1499506984991604
70	164	0.1427875556440919
70	51	0.14050430485629475
70	148	0.1348338685941807
70	159	0.12913492071163452
70	29	0.12205837142099897
70	131	0.12192045481960218
70	6	0.1184611633904684
70	62	0.11773148401399655
70	152	0.11693263517736675
70	75	0.11493978711653748
70	14	0.11437728068262372
70	182	0.11170191062774204
70	16	0.10080643987102794
70	77	0.09431484526131506
70	82	0.09384603185426653
70	100	0.09233722188271136
70	133	0.09160149802279537
70	60	0.09011983226195763
174	173	0.7662578925820325
174	132	0.5685448310359533
174	72	0.4578913708265214
174	187	0.4521424544820881
174	57	0.4516729446397164
174	50	0.4184157444835767
174	179	0.4056806033403044
174	167	0.4013188687383295
174	164	0.3867136540460807
174	62	0.3846025113596604
174	131	0.3793070503657052
174	170	0.3760147467187923
174	43	0.35458635835548497
174	29	0.3303935820900018
174	147	0.33030449513883164
174	178	0.3182422006051183
174	51	0.3170014202495794
174	156	0.28335848470842423
174	38	0.2787903503211441
174	32	0.2617349077068929
174	52	0.2615951779964064
174	46	0.2577623343451206
174	28	0.2577063199641444
174	33	0.2547911926810936
174	191	0.2389214925562476
174	130	0.2354485218948444
174	89	0.23465493137316445
174	153	0.23427692108726106
174	26	0.20603786366809526
174	40	0.19686591420321567
174	188	0.19112060450024865
174	45	0.19095680878455035
174	142	0.16322676088338453
174	49	0.1480439895502146
174	66	0.14729077994538298
174	148	0.13804299306843054
174	181	0.1366203403124745
174	182	0.13497132077453658
174	195	0.13211321849426988
174	152	0.1284957064355177
174	27	0.12832850967975454
174	42	0.1278957312818627
174	34	0.12015667941040865
174	118	0.11864849289289872
174	138	0.1103586765499245
174	160	0.1099536516518054
174	65	0.10418061471048856
174	22	0.09302030379071947
174	37	0.0855463973951913
174	93	0.08460823751822262
174	101	0.08360141025842219
179	89	0.6391941422882491
179	156	0.5106362053848962
179	51	0.4980127671352183
179	173	0.4856867933148946
179	52	0.4616372889316337
179	192	0.4605428088263632
179	155	0.4482195688874528
179	50	0.4115700556740224
179	164	0.4019814236436455
179	26	0.39202456084486
179	181	0.39158438644704224
179	132	0.3799147361836334
179	191	0.3700750012214277
179	159	0.3596118253200077
179	153	0.33206731984487475
179	148	0.323266037476561
179	125	0.3023099947156416
179	131	0.2982885971625898
179	57	0.2874001346530384
179	197	0.28140753476199426
179	27	0.26790921224516023
179	29	0.2666185001541831
179	38	0.2608218088478317
179	190	0.2532663780008226
179	130	0.2502879667356441
179	167	0.2439690128165515
179	62	0.24326352452027916
179	21	0.24126795389868586
179	32	0.23501397542433802
179	40	0.20992223949045646
179	157	0.20659317531626176
179	152	0.20222371346007487
179	43	0.19249799338538348
179	147	0.18454124541365552
179	72	0.17080913825893015
179	149	0.1704693294745492
179	142	0.16578558548963868
179	47	0.14919792534443588
179	187	0.14637104577543938
179	28	0.14196458328935713
179	33	0.13796451667138349
179	34	0.1294397389928363
179	188	0.1244711443677768
179	22	0.12069870284031628
179	193	0.11658740669690633
179	46	0.11552195298846345
179	178	0.11527528220003515
179	151	0.11465360882036313
179	158	0.1130743531802458
179	16	0.1119586590629632
179	100	0.10844189591257307
179	195	0.1035771971343336
179	101	0.09435250710529684
179	59	0.09150431945251472
179	42	0.08780827435703646
179	161	0.08221500627253192
159	32	0.4458190505569309
159	62	0.4369218208670252
159	33	0.4315012974741336
159	197	0.4304509028155397
159	40	0.4105728315324484
159	34	0.40155374642552055
159	49	0.4012014100965419
159	57	0.3773705485024662
159	158	0.3757657218270618
159	100	0.3673791984836247
159	51	0.35899348521868263
159	27	0.3561153778983552
159	42	0.3450819032038987
159	155	0.34077580373327665
159	164	0.3341387872845685
159	181	0.3299569998057426
159	21	0.3176489196234553
159	43	0.3114948164419584
159	99	0.3079146538777789
159	47	0.3047068031395749
159	68	0.30413518661327393
159	153	0.3038901410141103
159	188	0.2896095368696213
159	167	0.2890597656145022
159	53	0.2857387761338499
159	101	0.2789563516583307
159	91	0.26580086370154765
159	92	0.2591434731453843
159	125	0.2540149110919432
159	156	0.25309791621729555
159	45	0.2516560055174979
159	26	0.2486937848763584
159	16	0.2410136541000856
159	56	0.23541073897928574
159	151	0.22983002001770456
159	178	0.2289300045266061
159	29	0.2240441934780404
159	22	0.2222292930240198
159	147	0.2204794494643888
159	138	0.2139049691849805
159	116	0.21289324082135114
159	191	0.20990312075712275
159	130	0.1972311595104752
159	187	0.1913229256890999
159	30	0.1885757578943387
159	195	0.18678127366538733
159	74	0.18613456728469516
159	190	0.18574839698428947
159	60	0.18292762225809064
159	61	0.17612422677612816
159	44	0.1719544794795168
159	89	0.17138186677497813
159	52	0.1696439108945162
159	93	0.16830331299800982
159	72	0.1653187411083501
159	154	0.16096772117258387
159	115	0.1572541810890087
159	79	0.15720541714950614
159	182	0.14584257327699027
159	69	0.14565660943682768
159	161	0.1431793779298374
159	149	0.13853343124281636
159	136	0.13728758594146556
159	184	0.13468659264243532
159	142	0.13240797063248094
159	132	0.12972486943440342
159	170	0.1198511437039858
159	82	0.11979200513658612
159	28	0.11894425911690094
159	148	0.11857947774235394
159	152	0.1172679729303922
159	37	0.11564034990800726
159	193	0.11501872949810645
159	64	0.09297569297897386
159	46	0.08305026374615136
42	33	0.6360012953605568
42	49	0.6231509926410523
42	34	0.6183875412879118
42	22	0.5991114654768713
42	178	0.5830822312884155
42	167	0.566341307669188
42	32	0.5321788422768128
42	53	0.5142347528308229
42	30	0.5130789873630495
42	68	0.5100741568653735
42	100	0.4998678801147407
42	51	0.4757372560096501
42	72	0.4718596945040333
42	40	0.4603458110686826
42	152	0.4561033653678268
42	27	0.4417153736821021
42	125	0.4416509804044672
42	181	0.431834899154536
42	47	0.4258939115280052
42	48	0.4248864886154164
42	138	0.4229259646604025
42	46	0.4179784355664201
42	101	0.4098325885803467
42	150	0.3997488686165536
42	153	0.39809237059971575
42	37	0.3979408857028504
42	93	0.3871558004204104
42	44	0.3746573330061805
42	26	0.3576076086813928
42	197	0.3561939617448868
42	132	0.3500230304152871
42	147	0.34932962655699423
42	154	0.3319694458277256
42	65	0.3300282881940847
42	62	0.32751310468315475
42	157	0.3116302557595453
42	155	0.3091542385273726
42	164	0.3090185686884342
42	21	0.2959910947623827
42	69	0.2923006491324646
42	156	0.2886106442557863
42	131	0.2788733530729381
42	149	0.27792318394025783
42	56	0.2696904851307236
42	16	0.26719433193014186
42	136	0.2628151132706623
42	158	0.2595445516317498
42	63	0.25614655909463313
42	151	0.2470888650258988
42	130	0.24635634526405356
42	148	0.2339744618388754
42	118	0.2299436782619377
42	115	0.2280011572037928
42	57	0.22527857871795035
42	50	0.20541537392988848
42	45	0.19774048915222744
42	82	0.19248836392162189
42	186	0.1916119277540454
42	14	0.18757254475620944
42	43	0.1866461543471709
42	4	0.18452192645178034
42	187	0.18390364445924104
42	116	0.1837780381285764
42	79	0.1750193679267185
42	195	0.17421467559369966
42	61	0.16870167182507514
42	54	0.16010065762535194
42	52	0.15814155058183524
42	173	0.1568933097931879
42	29	0.14260142437100695
42	28	0.1366595934932468
42	190	0.13307598871082565
42	170	0.13079637438862862
42	191	0.12062972202999707
42	59	0.11347909221183687
42	64	0.10528832896414303
56	84	0.5173101158958572
56	100	0.4910856399411282
56	167	0.4797580954815848
56	50	0.4759693251004876
56	93	0.4678544446847917
56	92	0.4419889943380673
56	68	0.4306056854385269
56	37	0.4175904711865585
56	47	0.4148125067210425
56	32	0.3988578785150748
56	30	0.3907797587785745
56	65	0.3852158396685438
56	62	0.3836392417055322
56	61	0.3518731522477244
56	57	0.3498738492805722
56	45	0.3369430070509141
56	49	0.3347693669830944
56	90	0.3272541869004971
56	69	0.3143634129883726
56	147	0.2987076106389313
56	94	0.2952336257513231
56	48	0.2797308040211691
56	43	0.2723867086186494
56	99	0.2655685107912734
56	86	0.2631036774983496
56	115	0.25951657231513026
56	77	0.25123445664286564
56	74	0.25017548064566936
56	7	0.2438655573372899
56	151	0.22517415867895896
56	101	0.22155425058702624
56	162	0.21980385776373115
56	34	0.21503069322460105
56	117	0.21283595950165074
56	138	0.20693778460512946
56	82	0.1989893357255534
56	164	0.1977308801462373
56	40	0.19193942326123886
56	60	0.18302427423823828
56	187	0.16606760131352358
56	158	0.1654646379464094
56	22	0.1605293492217605
56	28	0.15532254535022358
56	197	0.15420008920794095
56	33	0.14524549496686098
56	178	0.13967098577553594
56	181	0.13661052695024167
56	79	0.13466695539910525
56	188	0.13451967270342444
56	81	0.12556379565206202
56	91	0.12043262758350275
56	72	0.11546275329749996
56	29	0.1047542848940006
56	66	0.09259202460668912
56	153	0.09012875916045948
56	4	0.08967545282015846
56	116	0.08425179662770678
60	80	0.7743491368975481
60	61	0.7482381087683992
60	81	0.7436651528398872
60	182	0.6208395290101851
60	91	0.6026384468851745
60	74	0.5892523732256583
60	92	0.5081777343313747
60	76	0.4795348130933517
60	187	0.4792344388514351
60	37	0.4738550558391305
60	45	0.472403658642951
60	185	0.4717975042822651
60	66	0.4703736214860211
60	93	0.4555725835335572
60	68	0.4536050796615532
60	79	0.4518082528125396
60	64	0.4365981245833209
60	142	0.4342641759396108
60	43	0.42448486401039626
60	87	0.42441107805768336
60	65	0.4224742361340755
60	115	0.40438488358847136
60	193	0.4025597666836645
60	62	0.3965175530811063
60	88	0.3847303161218354
60	86	0.3736253112567417
60	90	0.3694879833327073
60	147	0.36856369613223655
60	188	0.3680105028068891
60	164	0.366366675675562
60	77	0.3325565826503371
60	97	0.33013521371843674
60	16	0.33004610970303017
60	84	0.3236241907735464
60	94	0.30202829963850225
60	63	0.2777386219431413
60	178	0.27716634949244184
60	38	0.2741170814629253
60	170	0.2576503038509102
60	28	0.24264248181356854
60	69	0.24015632600459064
60	72	0.2381387167958504
60	154	0.23058762308965816
60	195	0.2193565190389521
60	160	0.2126259154820015
60	177	0.20542495195545493
60	55	0.19701009651622067
60	85	0.1898388604726432
60	118	0.1808003871368579
60	117	0.17870050122287953
60	186	0.1741758893535627
60	89	0.16647598985681936
60	167	0.15814155058183524
60	181	0.15657141625741886
60	162	0.15306746921615197
60	82	0.14179800544106996
60	132	0.1404258832917513
60	21	0.11873722497330773
60	99	0.10881741175525143
60	49	0.0959667555646248
60	50	0.09270603746462076
60	116	0.08817739405382069
80	81	0.7694997068742869
80	76	0.6125483606520701
80	61	0.6267891612193177
80	91	0.5529009906512196
80	182	0.5421036777843574
80	74	0.5379668663035456
80	87	0.5093635777532254
80	88	0.4936840566036287
80	66	0.4854881000605847
80	77	0.4809273867942018
80	90	0.4694152066221346
80	92	0.4681824473451613
80	64	0.4674950557444016
80	185	0.4590129172361542
80	69	0.4012769207383585
80	86	0.39533701514463343
80	79	0.3902204024147122
80	142	0.3855564306727065
80	37	0.3759804016858311
80	84	0.353851754172388
80	94	0.34895204327366003
80	193	0.3290923288048797
80	68	0.3275845216251045
80	82	0.302173697235986
80	65	0.30101921717070823
80	187	0.28938048871172184
80	85	0.27917766084246565
80	97	0.26302921381478395
80	188	0.2565109343628085
80	115	0.2211072746305077
80	93	0.21969916974390968
80	75	0.21815681586469807
80	45	0.2156124115477916
80	43	0.21216756943257184
80	160	0.20136036154923045
80	177	0.1931623367600177
80	58	0.17309935600074344
80	73	0.17124597555956164
80	170	0.16932339005124214
80	38	0.1661745657298238
80	16	0.1634700902049838
80	55	0.15911638734467198
80	117	0.14863078714297973
80	195	0.1335572797714493
80	48	0.11766245369437932
80	63	0.09345449615641084
80	118	0.0920358053844938
61	68	0.6831623082410302
61	37	0.6465164083695568
61	65	0.6327505475408496
61	91	0.6029885855922779
61	81	0.7189702106182858
61	93	0.6150724622563882
61	69	0.5546620369621614
61	92	0.5427812036369667
61	66	0.5227599099760025
61	76	0.519525778614808
61	74	0.5173760279489111
61	64	0.5119877696060141
61	142	0.5044744511099193
61	115	0.5000328910282088
61	182	0.4894524230288679
61	63	0.4148456233949072
61	79	0.4073500930512792
61	82	0.3962225413105471
61	147	0.3939946757555854
61	185	0.3925829853299802
61	84	0.3837245205268401
61	97	0.3805049900674467
61	187	0.3803681471851051
61	38	0.3784420318479834
61	87	0.37791927444106
61	167	0.3639486968504549
61	43	0.363488811271482
61	94	0.3619082332768263
61	62	0.3456807871465186
61	90	0.3265128748161763
61	86	0.32025390023512723
61	88	0.3190508184956669
61	186	0.31724426718519705
61	188	0.31046506430241383
61	85	0.3089281151411325
61	77	0.308539101218393
61	178	0.27927908430909376
61	193	0.2774248194948334
61	45	0.2689856178413783
61	164	0.2663676751687897
61	181	0.2626754685341622
61	48	0.2466381169960686
61	195	0.2464127029440105
61	55	0.2358451995219979
61	117	0.2299057928773046
61	16	0.22633198188592826
61	162	0.22483238421318885
61	170	0.18087777091501234
61	160	0.17814864737661498
61	72	0.17636646116943094
61	49	0.17183802527825875
61	40	0.17060525785871347
61	28	0.16800207835263636
61	89	0.1621850873336437
61	50	0.15910664050941076
61	32	0.15145572253665435
61	118	0.1484743180010757
61	133	0.14293449425293211
61	116	0.13529529463785442
61	22	0.13368495867280455
61	154	0.13006896380758132
61	58	0.11773148401399655
61	57	0.1123536274573098
61	158	0.11080317387868883
61	156	0.1077994944910593
61	148	0.09725165003998792
61	152	0.08904949178749436
61	30	0.08660946181324525
61	54	0.08464695820683514
61	21	0.0820928364325047
81	74	0.6916384820469592
81	185	0.6077589633966187
81	90	0.6395429549025712
81	92	0.6086159100548245
81	87	0.5986047840639213
81	88	0.5963671120549925
81	76	0.5516778327818377
81	64	0.5362521205769307
81	182	0.5221928356452117
81	79	0.5192336807432949
81	55	0.5138006392265775
81	77	0.5115522956826966
81	91	0.4818646611961857
81	193	0.4792036248866622
81	93	0.4786950239383641
81	66	0.4681355977174072
81	69	0.4646065415076581
81	85	0.4321521179756017
81	37	0.4315582622175347
81	84	0.4081921528823768
81	142	0.3797863791509024
81	65	0.37026485554965344
81	97	0.3696347654786021
81	58	0.36320237788207343
81	68	0.3623861004462842
81	115	0.3520571375595194
81	117	0.3502336088522542
81	94	0.3420214636865315
81	63	0.3364996976978636
81	75	0.3344230292891234
81	195	0.3009737471148334
81	86	0.2993177068680235
81	186	0.26709218213744257
81	160	0.2372990109905177
81	188	0.2365722376698331
81	71	0.22844667670086355
81	177	0.2262276141662191
81	73	0.2181282434495979
81	82	0.2131891709864805
81	162	0.209788404986582
81	187	0.20874613924571736
81	190	0.18055854840575936
81	158	0.17753857325903824
81	54	0.16049037975843
81	45	0.14927614360899466
81	43	0.13675772456741506
81	48	0.12421516428649301
81	170	0.10423007177279993
81	16	0.10142010103682103
81	178	0.09833320674134476
81	116	0.09652850308446954
81	147	0.0950373107934008
81	105	0.09071393529124798
81	38	0.08950681733772678
81	118	0.0868029958084458
76	77	0.5898526067717901
76	185	0.5836891194633692
76	88	0.529665421097018
76	69	0.5133147086379134
76	87	0.4933058252456248
76	64	0.48418006018987103
76	182	0.4731878873301948
76	75	0.4657741021185078
76	63	0.441208153456564
76	91	0.4354642973778695
76	85	0.4274153273043066
76	193	0.4268757465190187
76	66	0.3982774893261549
76	142	0.3925068535662959
76	186	0.3857266867895216
76	90	0.3778678426535776
76	73	0.3751472185089944
76	74	0.34559273362363124
76	37	0.34083767328693154
76	82	0.333383474363824
76	58	0.3272631159182477
76	184	0.3139758550964628
76	92	0.3119010964058867
76	86	0.31098906452450525
76	55	0.30667402296707896
76	94	0.3060759743171648
76	65	0.29796059334582314
76	38	0.2970582201677325
76	117	0.2950419180761379
76	195	0.28903227204253484
76	97	0.2874184825708241
76	68	0.2646852885309845
76	84	0.26430397107521697
76	162	0.25112202750414103
76	115	0.2508221833464477
76	118	0.2372707001136005
76	160	0.2244525699160204
76	190	0.20511843562824827
76	187	0.20509927702110786
76	93	0.1975194724034554
76	188	0.18463783808367448
76	191	0.18246364356114747
76	54	0.1779743544387893
76	79	0.17022658408251826
76	161	0.1620877161550083
76	89	0.15113327624821182
76	147	0.14771142461115394
76	158	0.12763013859279204
76	6	0.1268135725243873
76	4	0.11629147414220165
76	14	0.110151229343191
76	133	0.09695348814388896
76	148	0.0965304844485832
76	43	0.08425477533185817
105	6	0.6679984455472432
105	14	0.366366675675562
105	85	0.2695977559259912
105	90	0.23687430553648015
105	116	0.22336972532124305
105	88	0.22274256301608505
105	75	0.21952785116135431
105	73	0.20996047647549895
105	71	0.19896052345623397
105	65	0.16354795138894834
105	84	0.1589409395660257
105	160	0.14071995506573307
105	74	0.13771926676951188
105	149	0.13703247729029475
105	118	0.13073740038737744
105	77	0.12657742494543134
105	4	0.1226592386784546
105	186	0.1198807126687613
105	69	0.11469308282130798
105	117	0.09188608236388043
74	92	0.4845933597109792
74	182	0.4707395524290917
74	66	0.4562379897804968
74	90	0.4554933345613421
74	187	0.4512270766412728
74	93	0.4475080869501156
74	37	0.4396202646797561
74	88	0.4125331031662681
74	188	0.4076002822399041
74	185	0.3987737839219013
74	193	0.3967535035509868
74	65	0.3967450776509829
74	84	0.3869517549722689
74	91	0.3663407021263258
74	79	0.36516263540593613
74	115	0.3638879674091618
74	195	0.3484337794745789
74	170	0.347906512966581
74	64	0.3417300337692011
74	142	0.3383871577579601
74	160	0.325216847581847
74	87	0.29562609585855065
74	68	0.29491409976000543
74	43	0.2944940509956825
74	7	0.28461799489488965
74	69	0.28150882070422845
74	97	0.2690041706763148
74	147	0.264666689598569
74	117	0.24180470019715816
74	94	0.2375349192852475
74	186	0.2337948552258688
74	55	0.22348373498063615
74	45	0.22320820117507864
74	77	0.21915661446262594
74	177	0.2165657169735279
74	59	0.2139526809078599
74	85	0.2120243171362504
74	86	0.2040644791787541
74	116	0.19169862189698728
74	158	0.1840582286212761
74	16	0.1828696293725493
74	63	0.17602732704413787
74	57	0.1662037371647997
74	73	0.14529443979867898
74	167	0.13845496569430135
74	28	0.13184792159110034
74	58	0.12333879980674242
74	62	0.1138936638766342
74	118	0.1071570030375366
74	48	0.1051696577412152
74	71	0.09984620335827643
74	184	0.09887983949504617
74	190	0.09762110883026442
74	82	0.090438216012151
74	154	0.08679604854754519
185	162	0.4562221526980558
185	182	0.5843348707485873
185	77	0.5520464203077677
185	193	0.5015013854600058
185	87	0.4734749915436409
185	195	0.4711364432898731
185	75	0.4578992741452577
185	117	0.442753086716242
185	55	0.4344751199200788
185	142	0.4192073574001952
185	90	0.41185242358067503
185	184	0.39767152563496616
185	88	0.3970399443636975
185	190	0.3916521172585749
185	188	0.3626032498473297
185	160	0.3485040650273458
185	73	0.3470712241402383
185	187	0.3097691172564153
185	64	0.3034998001949123
185	158	0.3011010598220087
185	170	0.2966296348468377
185	97	0.2776463332544475
185	94	0.2745332170249392
185	92	0.2710066993879633
185	63	0.2680391588219265
185	58	0.2644248855633861
185	66	0.24510665616232785
185	186	0.24140921725144154
185	191	0.20311551366367486
185	93	0.18404856737780934
185	79	0.18190289420964026
185	28	0.1775773121861116
185	177	0.17732549932802955
185	85	0.17704460374750522
185	148	0.1753877033358969
185	69	0.15984731146257872
185	37	0.15972063048203014
185	86	0.1592236004849898
185	4	0.14365929905738206
185	71	0.14222913157809167
185	38	0.13850400686588452
185	147	0.13311528013290402
185	6	0.13091431961385916
185	91	0.1282498263286488
185	7	0.11073403275656178
185	84	0.1082343607148724
185	99	0.0975596993112766
26	27	0.7683552073644024
26	29	0.5129684663650691
26	59	0.3405724972761539
26	22	0.6151657065328169
26	33	0.6142511705869109
26	157	0.5780039330962966
26	40	0.5771709423735969
26	34	0.5713332731496173
26	136	0.5667147829363453
26	53	0.5601350777833011
26	130	0.5510026896841961
26	149	0.5375972552824538
26	51	0.5374194840960538
26	44	0.5350256046042938
26	155	0.5266008591779751
26	138	0.40970777532100094
26	49	0.3992614391701931
26	152	0.3887358660958528
26	52	0.3631242477654073
26	125	0.33859080555489196
26	16	0.3166415705998074
26	21	0.3113683949925305
26	46	0.3082042856707901
26	118	0.3077969746543007
26	72	0.25432359242578084
26	32	0.253621969095059
26	154	0.2467508140167913
26	151	0.24261424786927385
26	153	0.22135454941863705
26	48	0.21527865742408855
26	131	0.20709092781377247
26	45	0.1788553873739786
26	173	0.17767415709586262
26	156	0.17661836227931624
26	148	0.17244935618257876
26	30	0.16604815281789498
26	47	0.16411238398402175
26	100	0.1587947254145506
26	89	0.15676650722400606
26	50	0.15580068762586527
26	164	0.14770164278335504
26	167	0.1472125145892373
26	62	0.1426895930742395
26	181	0.14072975703088186
26	57	0.1354032795004934
26	192	0.13466695539910525
26	133	0.11475229314358125
26	101	0.09833320674134476
26	94	0.09406607209512492
26	68	0.09308573230566004
26	197	0.09220039675051188
26	178	0.08662137178647998
26	82	0.08332038155942131
27	130	0.7279628940835755
27	33	0.7123062798660285
27	53	0.5985791165568474
27	157	0.5892980660557063
27	44	0.5752605352649955
27	40	0.5672982959481323
27	22	0.5536295829213683
27	149	0.5134325402409401
27	136	0.5015163552370643
27	34	0.4953988785596248
27	155	0.4776073905356951
27	51	0.45618255872753705
27	49	0.4134123237920203
27	29	0.3669292956632573
27	52	0.3516015051867154
27	125	0.3274238282429059
27	138	0.3265575435540221
27	72	0.28329410387368953
27	46	0.2779139563275741
27	181	0.2773325133873877
27	131	0.27556848556486385
27	48	0.2732474894151058
27	59	0.2685217321220448
27	158	0.2542861792647854
27	152	0.25376231513929925
27	21	0.24757705474449576
27	197	0.2243291155787607
27	47	0.21613678052005805
27	118	0.21186195351843815
27	32	0.20858354121880346
27	45	0.20548241928241945
27	153	0.2035085659854157
27	178	0.1999783480104168
27	101	0.1977308801462373
27	133	0.191245852866552
27	62	0.1905713651650024
27	156	0.18708044128764256
27	28	0.18343017390110167
27	154	0.1786520974838881
27	151	0.17374920506691752
27	161	0.17350674173658145
27	82	0.15701035372773792
27	167	0.14980406798395493
27	164	0.14456998378987315
27	16	0.14333609428484975
27	68	0.13893553986129084
27	195	0.1094201485219048
27	38	0.10914349242833724
27	100	0.09898381180680453
29	53	0.401536971199025
29	40	0.3886339952130686
29	51	0.36019503986758145
29	21	0.35447269820994043
29	34	0.353230498051047
29	52	0.34762521412052305
29	151	0.34398028048998064
29	32	0.3426482565098724
29	33	0.3368898178110734
29	46	0.32991244265176856
29	59	0.32254945305629623
29	44	0.3202987713885509
29	45	0.30237359597632363
29	136	0.2788641307506904
29	191	0.2712012649395701
29	152	0.2642388598319209
29	28	0.2542394117432559
29	187	0.24539801006043566
29	101	0.244871661085733
29	197	0.24294361830169445
29	156	0.2402976696527069
29	157	0.2315910165704916
29	16	0.2264837802009789
29	43	0.2153358759909232
29	48	0.2104288273869528
29	22	0.204811879060226
29	154	0.19537553271019564
29	49	0.18765937677875855
29	125	0.18592218072794647
29	115	0.184377029693574
29	155	0.18372972640304988
29	132	0.18351714426851504
29	195	0.1807810408425039
29	149	0.1791844910033702
29	138	0.17416619270907815
29	50	0.16871138720614398
29	62	0.1614839444618988
29	130	0.1603637255477211
29	72	0.15454174857099431
29	118	0.15410246546965867
29	188	0.15284285013181198
29	173	0.14388454487225202
29	147	0.14077876644276124
29	153	0.12385085644027505
29	182	0.12198941370915335
29	47	0.12176283008168705
29	38	0.11773148401399655
29	79	0.10908420677828616
29	167	0.10876800354792401
29	142	0.10415094022576674
29	89	0.10228107599895313
29	190	0.09768350806392244
29	164	0.09522460036197213
29	192	0.09214288949601256
29	14	0.0917899004829746
29	170	0.09137243146258936
29	184	0.08972703441186501
29	193	0.08776560573855742
29	177	0.08645462990958022
29	131	0.08321213728595615
59	195	0.3310437384241188
59	73	0.3063569060767256
59	53	0.2986256387967463
59	190	0.2845260930198051
59	151	0.2703950635334141
59	148	0.25441712199782496
59	188	0.2515061324033599
59	46	0.2389874956086991
59	157	0.2353351710135683
59	7	0.2321587569728429
59	75	0.2177567680399433
59	136	0.2091860524955013
59	79	0.2000263479634455
59	184	0.19075445821867154
59	191	0.18079071400716898
59	152	0.17842942914992171
59	193	0.17777099856430725
59	94	0.17526169937370836
59	40	0.1675258692909161
59	133	0.1666704405289133
59	49	0.16440428974128654
59	158	0.162194824277826
59	43	0.15973037535966725
59	132	0.1551371236481103
59	142	0.14833740140320126
59	52	0.14556851770857124
59	187	0.14302265439432454
59	55	0.1414844253587549
59	197	0.141327624665335
59	186	0.13803318361356898
59	22	0.1360707507880013
59	170	0.12906608739747433
59	101	0.12556379565206202
59	93	0.12411670600452387
59	155	0.12231448974329875
59	138	0.11677481994470043
59	45	0.11004256268922093
59	118	0.10891622655673484
59	87	0.10829365744911423
59	34	0.10799716608044167
59	28	0.10515976833738397
59	131	0.10407180736006257
59	97	0.10061836703937077
59	57	0.0993838374790505
59	182	0.09808363725602988
59	69	0.09653345649331924
59	177	0.08994625080341072
59	154	0.08728928305360383
59	178	0.08544117216913905
59	33	0.08476907562655789
59	90	0.08281092122077759
130	157	0.5292336111949546
130	33	0.524661313245035
130	40	0.4755051206670117
130	149	0.4308907450252731
130	51	0.40977434430206
130	155	0.4081754851629799
130	136	0.3879970869760208
130	133	0.32814679918900713
130	131	0.3274416839987095
130	53	0.32425968448938697
130	28	0.3152552990125508
130	125	0.2998183493001078
130	44	0.29259328105656096
130	52	0.28884896937975824
130	72	0.28363437363825
130	22	0.2739690974016907
130	138	0.25982432082730106
130	34	0.2542300580962604
130	49	0.2346265830617153
130	153	0.23197898960624155
130	173	0.22154474142881814
130	47	0.2146682341405436
130	178	0.2139622231299471
130	48	0.20975016511270575
130	62	0.19883566631521007
130	132	0.1985186922835468
130	181	0.19062918545708624
130	161	0.1542196135943749
130	50	0.14580342385087222
130	118	0.143913923662561
130	38	0.14112181299459045
130	154	0.13163173977627518
130	82	0.12181208847241445
130	164	0.10753262432743106
130	57	0.10584208830175436
130	156	0.0970575000868724
130	94	0.0948767715217872
130	4	0.09477767074205876
130	45	0.08999088655795225
130	21	0.08985400243252607
130	197	0.08392611590313015
130	167	0.08250303919797071
33	34	0.7482953213681889
33	49	0.6585053297582361
33	44	0.6108711888969208
33	40	0.6101623747939167
33	22	0.607304711790228
33	72	0.5927013124607492
33	53	0.5387622493833081
33	32	0.5263334112120064
33	51	0.5203502992682154
33	149	0.5165993409217561
33	138	0.4945457259825495
33	136	0.4786025164959791
33	62	0.4750096772363472
33	101	0.4599516795160065
33	155	0.4193639553117667
33	153	0.41912492742579466
33	125	0.4083838120934813
33	48	0.3920160976442455
33	178	0.37777354498614796
33	157	0.3739694214617915
33	45	0.3728679067934584
33	154	0.3598468859115165
33	46	0.35373802637977825
33	152	0.34950520804989155
33	167	0.3472559144051098
33	52	0.3380771981143772
33	47	0.3165695897273286
33	100	0.3094797947968005
33	164	0.3092898957840229
33	131	0.2958542302960364
33	21	0.2920536983595808
33	197	0.2848752923105077
33	181	0.2836251780967477
33	68	0.2787257897454892
33	57	0.26548485618910994
33	30	0.235136791567466
33	16	0.21105951471129186
33	156	0.20989356133025847
33	82	0.2044765368022233
33	132	0.1816901652057904
33	133	0.1666801627223515
33	28	0.1602078361931272
33	93	0.1491490379808283
33	116	0.1410042008473706
33	151	0.11096120670071953
33	91	0.10908420677828616
33	173	0.105614659355268
33	50	0.10218212112901268
33	38	0.08947606560799029
33	118	0.08905941248053982
33	99	0.08786384230732558
97	177	0.5228398448075577
97	87	0.3868837313995209
97	182	0.34428883047841424
97	88	0.34086418790622225
97	85	0.3331345716073844
97	142	0.3279772478810261
97	77	0.3131914063438449
97	55	0.3050514816435139
97	186	0.28786794063718
97	93	0.28186787485173725
97	75	0.27497698163947704
97	193	0.26515949474301065
97	188	0.2599082430836281
97	69	0.2562680256114633
97	84	0.22935637654748145
97	66	0.2267494007768324
97	187	0.22526908620094635
97	115	0.224708952054312
97	90	0.20845919376989264
97	170	0.2071674956128988
97	43	0.20011274545926327
97	63	0.19582755051827114
97	65	0.1891061443818834
97	38	0.1859704519263076
97	190	0.1789425069389177
97	64	0.17781941800749168
97	91	0.17649241461418488
97	92	0.1665051582834794
97	147	0.15443437389282727
97	156	0.15285261650751608
97	161	0.15183675386468304
97	195	0.15100624311780075
97	86	0.13763097266904795
97	37	0.13489277730720942
97	54	0.12886941393430498
97	45	0.12875140498904392
97	32	0.12454005925260557
97	158	0.11257084495039464
97	178	0.09983630304103493
97	117	0.09733287384563394
97	28	0.09532963812254927
97	79	0.09189599792424777
97	4	0.0914706040310104
97	148	0.0899631132420484
187	170	0.7281649609300201
187	188	0.7077643751791375
187	182	0.572282253431572
187	147	0.5590154711791843
187	173	0.556563095014971
187	43	0.5136828681213425
187	167	0.5108357755447068
187	160	0.4962058510419666
187	195	0.4512430043800362
187	148	0.4293340894418367
187	66	0.4169214943119024
187	132	0.4147628296496458
187	142	0.4028530063274082
187	65	0.3922445807674272
187	37	0.3785876753534345
187	191	0.3596466519924293
187	178	0.3517855306363745
187	193	0.3403161089523972
187	57	0.2953157789077679
187	62	0.28594080116818466
187	72	0.2805878089544351
187	32	0.2748013388097029
187	186	0.27416332382037834
187	181	0.2717755672218645
187	93	0.26958848273049124
187	92	0.2644620883490683
187	156	0.2640993276287497
187	115	0.25130940563614784
187	50	0.2488626445677961
187	68	0.2382707729855296
187	16	0.2365627973117365
187	164	0.2234077292202983
187	79	0.19996874790461566
187	7	0.18497588432828796
187	151	0.18250231155965785
187	177	0.1822606273111406
187	53	0.17081884648473014
187	38	0.1633143617284636
187	45	0.1598765447874944
187	91	0.15818054998511658
187	28	0.15083034285791666
187	190	0.1381901316404194
187	87	0.12952823004357136
187	89	0.1273251762668279
187	131	0.11799773315450338
187	184	0.11025989336384456
187	150	0.10531799630145892
187	22	0.1035475188891958
187	4	0.09239571852036972
187	118	0.0823778955484029
4	186	0.4220880471854103
4	160	0.4130391637834411
4	7	0.346772144726904
4	30	0.33687208758660003
4	148	0.3359054292773085
4	85	0.31859265863212605
4	75	0.2564361966580407
4	150	0.252480091749175
4	100	0.24567052680585755
4	65	0.24330115706837954
4	158	0.24173879194759376
4	118	0.2339366512469788
4	6	0.2282665845841341
4	195	0.20600913703857865
4	170	0.199258233644732
4	193	0.19205499970957865
4	55	0.17480609870979855
4	117	0.174457077342866
4	69	0.16651488102761286
4	14	0.16404426850285178
4	190	0.14633190252560438
4	162	0.14363971176099075
4	184	0.13822936756301848
4	157	0.1366203403124745
4	132	0.12742355384385462
4	136	0.12543584317885825
4	115	0.12416593545113755
4	151	0.11949629955585632
4	173	0.11831326572064292
4	94	0.11766245369437932
4	167	0.10287476264286098
4	28	0.10250866451474368
4	37	0.09837777142023656
4	188	0.0959201882066741
4	138	0.09176808579741433
4	156	0.08999485416308538
4	182	0.08713843920505196
173	132	0.6408000382121126
173	57	0.5405766651314781
173	131	0.4519117097447561
173	50	0.44225448869491896
173	147	0.422893118759628
173	170	0.4094497793043026
173	156	0.3934792433429237
173	167	0.39137270031113336
173	72	0.3831188992309023
173	148	0.3812487815342552
173	43	0.37264403301865145
173	89	0.3690648022212269
173	62	0.3440419964335095
173	188	0.3305450163967014
173	195	0.3303668566226847
173	28	0.3132725760585459
173	38	0.3109438995321647
173	32	0.28767533126609984
173	181	0.2845169025446321
173	151	0.2801271091187149
173	142	0.270478481289037
173	164	0.27024675527684977
173	51	0.27013551566697497
173	178	0.2622005941439313
173	191	0.2451160553665605
173	182	0.2345887846923346
173	160	0.21827110178472228
173	40	0.18497588432828796
173	52	0.18164181533240248
173	192	0.16833246307066452
173	7	0.1566884723045346
173	46	0.14893392492165627
173	138	0.12659710445871894
173	190	0.11095132981365427
173	153	0.1033892318022958
173	186	0.09108186992587593
132	28	0.652970654713814
132	131	0.5988357363167581
132	147	0.4988394955204987
132	72	0.4915711416165005
132	52	0.4829005254244967
132	164	0.4784020472506611
132	156	0.4751722778335887
132	57	0.47249687353229297
132	43	0.4392087380968981
132	50	0.4202453827058791
132	32	0.4110632563465355
132	167	0.4082088203296306
132	62	0.39895037481968704
132	38	0.3864159553723661
132	51	0.3635322042770063
132	178	0.35373802637977825
132	148	0.3333656971361132
132	151	0.32703987294486103
132	89	0.3175500152599743
132	197	0.3025371297113885
132	181	0.29714027605097193
132	37	0.2903880524051647
132	188	0.28672111350508805
132	153	0.2799151438410625
132	46	0.2701818663810464
132	154	0.26762143871151434
132	152	0.26578227660472376
132	101	0.2633828883880157
132	115	0.2569966546439833
132	93	0.2370819506361995
132	40	0.23334104114948995
132	191	0.2314395924646627
132	125	0.2276124345439469
132	30	0.2232462079596784
132	45	0.222580991321924
132	7	0.22205817563551652
132	195	0.21869962064257634
132	160	0.2174709747815004
132	100	0.2144965223485408
132	193	0.1989413150856003
132	150	0.19536591440739196
132	47	0.19358588359196394
132	63	0.1897617424050429
132	184	0.1820479269518329
132	157	0.1770542902824382
132	170	0.17281803126870612
132	68	0.1722844069411275
132	142	0.1629250049465063
132	186	0.16225324527955953
132	49	0.15207121226036727
132	34	0.14629275881753426
132	190	0.13572721477843508
132	192	0.13323315188813786
132	65	0.13279111339833682
132	133	0.13173000579096333
132	116	0.10998328885986958
132	21	0.10801693276998647
132	118	0.10791809846851463
132	155	0.10543666377550943
132	91	0.10256803366794323
132	182	0.09791229867956808
132	79	0.0881555650670402
132	149	0.08702927340094771
132	16	0.08354282233205826
170	188	0.5760361447184154
170	182	0.469228069695637
170	66	0.4477479756909077
170	160	0.4413047885835942
170	195	0.4144315859942335
170	142	0.3648679357038641
170	65	0.3261465361643885
170	178	0.2985345538042332
170	43	0.2810115386550638
170	167	0.2450314608698505
170	186	0.22127846789844396
170	177	0.2065644555604738
170	191	0.20439988040076015
170	37	0.2014083337664452
170	118	0.19813442565887227
170	147	0.1864048522894059
170	148	0.1738655799856016
170	16	0.16370366764370312
170	72	0.1626718958152616
170	158	0.13869035712130887
170	53	0.13471604830906084
170	193	0.115137140346226
170	190	0.10695929532767956
170	57	0.1035771971343336
170	184	0.09152316033198696
170	7	0.08970719539507982
170	156	0.08663526672395999
170	115	0.08638217508385428
170	92	0.08223288457854183
188	182	0.7095216930324492
188	148	0.583464910592775
188	147	0.5936087461118205
188	43	0.5553401711567382
188	142	0.5348043061505281
188	195	0.4989746920279818
188	193	0.46930604853825203
188	7	0.392109189201308
188	37	0.35432404990571426
188	16	0.32067563232175184
188	191	0.3087924243413935
188	160	0.3043438974213453
188	115	0.30012775479345816
188	197	0.2982157135104921
188	79	0.2873267408727164
188	151	0.2713124353059587
188	177	0.2684660574603575
188	66	0.26751931404133394
188	32	0.26164175578528376
188	156	0.2566230351685268
188	190	0.254435827341204
188	186	0.2406085898058889
188	167	0.2279821968078892
188	181	0.2222768232029164
188	99	0.2209741148891807
188	92	0.2144583623714779
188	87	0.20233880333502
188	178	0.1916600915360246
188	184	0.18844073284478285
188	62	0.1837393888191732
188	150	0.1801522101987096
188	38	0.16991583983488387
188	21	0.14354177359121567
188	131	0.13845496569430135
188	158	0.12648886590281413
188	53	0.12410686004187085
188	100	0.12406747594688675
188	164	0.12201896715847654
188	57	0.11820480409268395
188	93	0.11628160936779967
188	50	0.1020930600169414
188	45	0.1010241994117404
188	117	0.09884914249486368
188	68	0.09212405077896324
188	72	0.09111657945846643
188	28	0.08631765974391294
188	118	0.08547393117036246
34	49	0.7053054180776797
34	44	0.6298454945753061
34	22	0.6207473366834977
34	32	0.646073858441143
34	40	0.6016695832505746
34	138	0.5938871553525242
34	136	0.5847035396163902
34	53	0.54148199259892
34	153	0.5111756571866258
34	51	0.5068190599638057
34	101	0.5056588538751389
34	62	0.4811349112311594
34	152	0.4655548182699292
34	30	0.4582232478891364
34	149	0.4432674814967788
34	48	0.4416670791504945
34	197	0.43075229824698796
34	155	0.4248782938658804
34	21	0.4200642193194959
34	46	0.4186384499501144
34	100	0.4107889802409352
34	154	0.3999672981281549
34	72	0.3832895301360527
34	47	0.37587736038883895
34	45	0.3686241858276689
34	116	0.35231116779063193
34	147	0.3375722496928553
34	125	0.3032546503868356
34	16	0.298543662548242
34	151	0.29400994065559344
34	178	0.2899118296525109
34	52	0.28579387639023585
34	99	0.27245151376656696
34	167	0.2702745640521224
34	68	0.2677328405852211
34	164	0.2530323991555099
34	181	0.24478705581312865
34	57	0.2436774422468509
34	7	0.23177081812084574
34	157	0.22322720465222004
34	133	0.2097023643680232
34	131	0.20628681290998446
34	79	0.19975753586617614
34	156	0.1938361273624484
34	150	0.18824782755907127
34	115	0.17563969401915605
34	43	0.17022658408251826
34	37	0.14370826680589727
34	93	0.12464835164372788
34	82	0.11761314562698548
34	148	0.11247211105878126
34	118	0.09374195557225663
34	28	0.08464695820683514
49	40	0.6681257949367345
49	53	0.666661690960819
49	32	0.6136904347994676
49	72	0.5720804708879329
49	45	0.5678880149435911
49	62	0.5411850702438632
49	44	0.5186856701482919
49	22	0.4933587888720242
49	47	0.488326162237725
49	68	0.4570057412604149
49	167	0.44717213449137583
49	138	0.4394992465969311
49	51	0.430165710653664
49	48	0.4275624328900224
49	154	0.4266385618054915
49	46	0.4206734539074473
49	152	0.4026100422073247
49	30	0.3995051821293081
49	93	0.3993118733801379
49	116	0.3893299234453321
49	164	0.3685723377084056
49	155	0.35978594866134145
49	100	0.35654316231765515
49	197	0.3524250265645437
49	125	0.3467457519799545
49	136	0.34226868597372456
49	147	0.3402453722310416
49	178	0.3381303392648517
49	79	0.32440285396543345
49	115	0.3129388490827533
49	21	0.31249676738371085
49	43	0.3121538352847095
49	101	0.3114496671898417
49	37	0.3026007213545266
49	149	0.3011374329099812
49	153	0.2880880371185619
49	57	0.28160089339038075
49	52	0.2715903295475073
49	16	0.2670178876088228
49	151	0.2669064398646092
49	82	0.2621819690292948
49	181	0.2598709447876756
49	118	0.2553147635326217
49	94	0.2490783877135495
49	131	0.2284656328565697
49	99	0.22543994496203
49	150	0.223930213910288
49	157	0.21660384061486584
49	133	0.21579357126887505
49	28	0.20982664421868105
49	50	0.20592295501973476
49	156	0.1792715999609999
49	69	0.16237008387023336
49	92	0.15957445358297676
49	64	0.1495401164541673
49	65	0.1494325745327068
49	86	0.14741795721490006
49	148	0.12360468358188408
49	7	0.11416015329826397
49	91	0.10921265803866016
44	149	0.6098798313898053
44	22	0.5970303810577531
44	40	0.5505986509053016
44	136	0.5186710506931242
44	53	0.4991774412573498
44	152	0.4907061293395289
44	155	0.4903112407152953
44	125	0.4765182912647041
44	51	0.4651787700833388
44	48	0.4564280122251418
44	47	0.4396606004942445
44	21	0.4181187255812326
44	46	0.4083671475041321
44	153	0.4050705638162966
44	116	0.3933862701698107
44	52	0.3847217962632187
44	157	0.3835795426371707
44	118	0.36911662854383415
44	138	0.3630982032582728
44	82	0.3515752136179521
44	133	0.28846396486035675
44	30	0.2865375447803157
44	32	0.2741910686263279
44	68	0.2513749835332015
44	115	0.24542620324737036
44	154	0.24515365172269765
44	101	0.22035576537440424
44	14	0.20238675580028107
44	45	0.18747606129272087
44	69	0.1868970845997708
44	37	0.17866177830087346
44	65	0.17753857325903824
44	197	0.1653187411083501
44	167	0.16424861025079254
44	72	0.15088897733967516
44	62	0.1505567012503512
44	64	0.14338506667203718
44	131	0.137307208929958
44	16	0.13422508948679387
44	100	0.1274137161989402
44	156	0.126390464601795
44	164	0.12503227344821588
44	150	0.1176525921273064
44	91	0.10179617783083572
44	28	0.0955833054649962
44	186	0.09187616678529104
22	53	0.5729409269744321
22	51	0.518137233019577
22	157	0.5016810029642261
22	152	0.4966052492364949
22	155	0.4773526263018734
22	149	0.456000403199813
22	16	0.4510279556518992
22	40	0.44076511153977094
22	125	0.4324204503994076
22	21	0.4050120479084941
22	72	0.398470987857082
22	153	0.35848812831885485
22	136	0.3568311778207374
22	68	0.3515576855973228
22	48	0.32169802865946673
22	46	0.3209626963389613
22	167	0.3063025363506324
22	32	0.2940921587137397
22	82	0.2849212339594789
22	181	0.27965706231691784
22	156	0.2716088542207403
22	116	0.2691433105743131
22	154	0.26802059562222885
22	47	0.2680113139477492
22	147	0.2646387908307586
22	178	0.2628523500078369
22	100	0.26087772629173706
22	118	0.2489658291549684
22	101	0.2413998000128095
22	30	0.2365439164615503
22	37	0.2270529258497101
22	69	0.2250602400095293
22	138	0.2240441934780404
22	197	0.2081339455101478
22	62	0.2044765368022233
22	148	0.20291416881991692
22	131	0.18934719269747144
22	115	0.18271497545704385
22	45	0.18166115538715907
22	79	0.1814774191949231
22	94	0.1747285421991476
22	52	0.17432133496643926
22	93	0.17124597555956164
22	164	0.16576613512235652
22	186	0.16176636887929646
22	65	0.15855101968603666
22	43	0.14564682158105008
22	191	0.13796451667138349
22	91	0.11897383457925385
22	133	0.10176648861403176
22	14	0.0979380493567342
22	50	0.09572796956458783
22	38	0.08186438214677974
138	136	0.6056040607691351
138	32	0.4686976195113036
138	153	0.3526789816165797
138	40	0.3523724776573947
138	30	0.3267004737121347
138	100	0.3227465506739693
138	62	0.2923006491324646
138	47	0.29141327429133884
138	57	0.27012624537390123
138	101	0.2580610484410846
138	51	0.2521898303610404
138	53	0.24357397113031945
138	151	0.23724238883363985
138	149	0.23369086515570675
138	154	0.23333158560784145
138	46	0.2306633680400749
138	48	0.21306507599887886
138	178	0.19915259875261396
138	72	0.1958083174115371
138	155	0.19445200451131267
138	7	0.19153486378336831
138	45	0.18271497545704385
138	21	0.13225077240284452
138	99	0.13032455649501626
138	52	0.12637078404303978
138	164	0.12585905464101887
138	167	0.12226523748384666
138	197	0.11406145542591666
138	125	0.0936824824910747
138	157	0.08968239652399172
138	150	0.08865661815943976
136	149	0.5724839667011654
136	40	0.5129758349607956
136	53	0.3795125019375157
136	153	0.3502774749050109
136	51	0.33593204403537674
136	48	0.3352043810306395
136	21	0.31932923498807264
136	155	0.3101758799201261
136	101	0.2965749132213961
136	157	0.29452144895123616
136	161	0.2896370204203127
136	45	0.270497018016582
136	47	0.2691433105743131
136	46	0.2609150036152012
136	32	0.2590688440255454
136	99	0.23932690498448114
136	125	0.2344375841220961
136	197	0.2313922701313371
136	7	0.2237212354613644
136	16	0.19929664518481188
136	154	0.19330673582181426
136	118	0.1866654575393723
136	52	0.18189322507868136
136	54	0.18056822237439785
136	152	0.17439890285030885
136	151	0.1626232185266652
136	30	0.14214095107089267
136	100	0.13863151073260338
136	133	0.12963638297029928
136	57	0.12913492071163452
136	82	0.12886941393430498
136	64	0.10602995603741946
136	116	0.10482351624401362
136	73	0.09108186992587593
136	72	0.08892548163425855
136	62	0.08639607060072642
136	184	0.08620550058383895
136	58	0.08383476320858482
100	30	0.6756953117809086
100	47	0.5635567098621781
100	150	0.5162326836843877
100	32	0.5091932315880573
100	101	0.5065440486624275
100	7	0.4087337055768053
100	68	0.40343086513326576
100	151	0.39733472913609796
100	40	0.3964417007296912
100	197	0.3781678285297936
100	50	0.3620907141159112
100	51	0.3588889458744027
100	153	0.3549709764696821
100	148	0.3297698498812553
100	147	0.3239822513568817
100	167	0.3212317653068265
100	99	0.3178467076143428
100	48	0.3068642604318597
100	125	0.3051693796345664
100	181	0.2864090341529582
100	57	0.2848752923105077
100	155	0.27352506739539106
100	46	0.269913014813193
100	62	0.26842894002274675
100	37	0.25052229105205
100	158	0.24346108722492096
100	69	0.2395342930409172
100	21	0.23891206336851564
100	154	0.22263801802241015
100	131	0.21631789720964295
100	156	0.20040071462946527
100	116	0.19609679818765186
100	72	0.19240169707976568
100	28	0.1783326111288447
100	93	0.17582382650475348
100	53	0.17481579312113035
100	14	0.17373950693793005
100	43	0.17008092692789195
100	152	0.1593210637173251
100	164	0.15362406569311318
100	157	0.14083757682627054
100	16	0.13668903309720706
100	52	0.12978385926268074
100	79	0.12234404080982215
100	149	0.11576860952935784
100	115	0.11129700780668192
100	38	0.09804204114149427
100	63	0.09646708041756616
100	162	0.09619661381145453
100	65	0.09162430498554874
30	150	0.6842646565545519
30	32	0.5960512901196662
30	167	0.5126736605493513
30	47	0.4717197599030685
30	101	0.4050789229608192
30	37	0.39150818421153744
30	7	0.3732810981816976
30	147	0.3554952621065756
30	68	0.337324133654008
30	153	0.32736133125602884
30	152	0.3247159853753128
30	65	0.3167765249063389
30	46	0.3124877438978093
30	151	0.30557741581533737
30	148	0.297814791278574
30	51	0.2782922463737032
30	50	0.2766585237818485
30	69	0.26590308920135064
30	40	0.25161853837016906
30	14	0.2333032187181485
30	63	0.23293441303268814
30	48	0.2284087638698052
30	57	0.22286610958548944
30	186	0.2176424552146083
30	116	0.2136759387121985
30	156	0.21197656434560533
30	52	0.2033360144990096
30	53	0.19630832918858065
30	115	0.19551980274127115
30	181	0.19417295414198035
30	93	0.18889400300895925
30	158	0.1887397072980901
30	197	0.17210004047249342
30	131	0.1641999587315843
30	82	0.16266216042088202
30	155	0.15696158595748522
30	125	0.15070329784054315
30	62	0.15011687177549712
30	118	0.13420544976156654
30	154	0.12318123069211134
30	133	0.11423910997375095
30	164	0.10895575187473952
30	149	0.10843201349830464
30	178	0.10807623232612808
30	43	0.10535755245958503
30	162	0.09362796491263978
30	16	0.08278013372886056
16	21	0.4775224780451503
16	154	0.4119603668862492
16	45	0.38926204755453103
16	118	0.387606266450634
16	125	0.3857692467148161
16	182	0.34832834379844435
16	40	0.3461649726785657
16	53	0.328271718204288
16	147	0.32459074134847
16	48	0.2915230798473842
16	116	0.28752856564741164
16	152	0.2875193923477967
16	115	0.2810852195997024
16	117	0.27495849378461346
16	72	0.2641365372974537
16	178	0.2641272349539865
16	51	0.25976837047579404
16	46	0.2552960671497245
16	62	0.2395908496273623
16	157	0.2306160277735989
16	66	0.2301804461223937
16	68	0.22827606350616025
16	37	0.21663243291234816
16	79	0.21379999980246456
16	94	0.21108817814623004
16	197	0.2019263721028515
16	186	0.19996874790461566
16	148	0.19771166202025886
16	7	0.19714465898698025
16	142	0.19351850596364173
16	32	0.19249799338538348
16	149	0.17298294918975465
16	64	0.17277922564335155
16	164	0.1620390293818589
16	43	0.15539085585088416
16	155	0.14750600016167245
16	153	0.1436495054232549
16	50	0.13815089528405658
16	156	0.13763097266904795
16	167	0.12531772949963302
16	86	0.11567981481781567
16	91	0.10869883115487668
16	195	0.1055652168170299
16	151	0.10367612328577787
16	181	0.10225138975042702
16	89	0.10207326843639043
16	193	0.09900757660326408
16	184	0.09254344447718753
16	82	0.08935504101536723
16	99	0.0863355256028616
32	62	0.6504798127932423
32	167	0.5774309645745618
32	147	0.5477421539454219
32	72	0.5095338840097288
32	45	0.5016510697167138
32	101	0.4888590562839045
32	57	0.4885241368628662
32	151	0.4555091849333887
32	40	0.43985418771701534
32	197	0.4310210293485681
32	52	0.4189353122625783
32	164	0.4185147309047765
32	178	0.4149532449944129
32	153	0.3984625756148436
32	156	0.39678720648239546
32	150	0.3954382553786008
32	68	0.3925745265107761
32	181	0.3823678126800185
32	43	0.38225681383187615
32	46	0.3721789258020543
32	51	0.3713774695800707
32	93	0.3704805615622568
32	152	0.3688920312364403
32	50	0.3634540957313889
32	99	0.35135609564611275
32	37	0.3160116143924365
32	47	0.3125779762188505
32	53	0.3104921723932377
32	131	0.29782390431493466
32	148	0.274967737737463
32	154	0.2721274633185606
32	38	0.2551558381930763
32	115	0.2467789872293034
32	48	0.2390534964528409
32	7	0.2264648060130884
32	28	0.2218870445671812
32	21	0.2033360144990096
32	161	0.20086139326604416
32	125	0.1818545482031127
32	116	0.1741371025729718
32	79	0.1704984575318085
32	155	0.14827872112008214
32	149	0.12592794519885686
32	69	0.12431362012249016
32	195	0.12220613397763712
32	63	0.11623228515169967
32	65	0.11225488868203326
32	92	0.11209690203142286
32	191	0.10636612150610228
32	158	0.10152896835777674
32	89	0.09356155183124452
32	54	0.08805931807047962
50	167	0.6090878845334677
50	93	0.514300950402654
50	38	0.4866260849700244
50	148	0.4289751258688273
50	181	0.4238287912758212
50	68	0.4184322429108058
50	131	0.41765651843583135
50	164	0.41373561684853855
50	147	0.4021826228533907
50	62	0.3984373384858946
50	57	0.3967113733823864
50	28	0.394619621899329
50	156	0.38598202171194296
50	89	0.3685550544923679
50	37	0.3639486968504549
50	47	0.3372355094219087
50	92	0.3149400493072189
50	40	0.3009464644243939
50	151	0.28951792158504525
50	52	0.28379988446401816
50	72	0.27693553880033395
50	66	0.27297912077185904
50	45	0.2715625421603252
50	142	0.2639783907764476
50	152	0.25965646454073243
50	43	0.247267256596452
50	94	0.24162580118764995
50	197	0.2312597617731802
50	79	0.224841878695832
50	85	0.1988740845847448
50	51	0.19735609928937245
50	84	0.19273871792625627
50	65	0.1895207333562098
50	115	0.18273430769115034
50	7	0.1821639474429963
50	91	0.1754943175854828
50	48	0.16811868903737642
50	150	0.16729259549639172
50	82	0.15581044487212048
50	125	0.15012664641007148
50	46	0.14938369067222207
50	101	0.1347553221608603
50	178	0.1311796828167016
50	69	0.12935124588031072
50	153	0.12020595723293427
50	86	0.11808647909994725
50	162	0.1177512067535076
50	193	0.10894587057753227
50	116	0.10677146516806817
50	63	0.1057135428649565
50	192	0.08997005658414359
50	160	0.08821013737518739
57	62	0.5399322713652049
57	167	0.44488110465679137
57	164	0.3772161715533748
57	151	0.3693670900716679
57	45	0.36101280670575603
57	147	0.3198499952061956
57	72	0.3167315415622297
57	43	0.3146247300948977
57	93	0.3106819148868864
57	28	0.2968302641399709
57	68	0.2521617381398278
57	40	0.2441476955646704
57	84	0.2395248667851139
57	161	0.21923277075751804
57	178	0.21288369403634685
57	47	0.20195514870072773
57	63	0.20163858695598708
57	7	0.17543616486855462
57	131	0.1742243720692747
57	65	0.17177979637638816
57	115	0.15289168171175158
57	52	0.1384941986858993
57	116	0.12761046433161966
57	149	0.11750466583769427
57	91	0.11602511718629124
57	38	0.11440688811615225
57	101	0.1096869079868266
57	51	0.10665283166612977
57	37	0.10036099256655877
57	153	0.09731801592926756
57	125	0.0950392927288432
57	21	0.09116616412097328
57	181	0.08968438043777137
57	46	0.08738951260830491
57	92	0.08679604854754519
57	99	0.08279006519513356
68	69	0.6559775895315487
68	115	0.528484490890835
68	37	0.64261173276473
68	93	0.6247570826080283
68	91	0.5853875700581436
68	65	0.5797260618309721
68	82	0.5716295730926854
68	167	0.5426824417336603
68	40	0.4755670299022445
68	64	0.4740178865245985
68	92	0.4709730407305672
68	62	0.4604482555627694
68	152	0.4448008930083223
68	48	0.4350995590481859
68	47	0.4331356291154289
68	178	0.41682234817593
68	147	0.3978398837140185
68	63	0.39417206239725533
68	79	0.39226996479438303
68	45	0.3782535241981199
68	72	0.37167053934687505
68	164	0.365344619260421
68	84	0.35996875120193994
68	86	0.34845135123015114
68	66	0.3418801725448603
68	94	0.3404840932282401
68	116	0.3382543268969979
68	125	0.3008282337401945
68	181	0.3006099374139499
68	38	0.29990025689588873
68	43	0.2868954842943737
68	197	0.2702652945104692
68	46	0.26874441282611405
68	150	0.2490502487045902
68	28	0.2178615495485606
68	154	0.21434387851248776
68	54	0.21422938876400685
68	186	0.20891828928432307
68	101	0.19855711559156908
68	53	0.18863362359055724
68	85	0.18653033216802697
68	149	0.17926192132671467
68	142	0.15431723371963396
68	153	0.15378028579534375
68	148	0.15079125261379078
68	89	0.1497942923818989
68	90	0.1472809968767123
68	118	0.14613617940524606
68	131	0.142336904687679
68	151	0.14145502576925478
68	21	0.13817051351645104
68	87	0.13515785470980093
68	156	0.13065876694654746
68	162	0.11471281968596678
68	51	0.11207715330145898
68	77	0.1092719420058349
68	52	0.10072725218765216
68	99	0.09094501304171976
68	158	0.08894333926632954
68	182	0.08840560111342567
68	88	0.08235306515021305
37	93	0.6225083053790854
37	65	0.6033066920413129
37	92	0.5848022492238855
37	69	0.5606152635129066
37	147	0.5376185846141831
37	142	0.5273015118519156
37	115	0.5151756531493987
37	43	0.5097189542362468
37	167	0.5073464955346797
37	66	0.4825247010560938
37	38	0.4563250885676252
37	79	0.4487867487399875
37	91	0.42323794528519537
37	131	0.3965765456117066
37	181	0.3954635639359396
37	195	0.3743048298061317
37	160	0.34686011658395594
37	186	0.3421892268330711
37	152	0.3374747811265673
37	85	0.3296361554920849
37	182	0.32897640307491205
37	156	0.3180264908773338
37	116	0.31412007491617217
37	48	0.30933511207275644
37	63	0.30856624507582725
37	94	0.3005735516298311
37	197	0.2998911562702371
37	118	0.28577550984805294
37	148	0.27795086647055584
37	101	0.2689485115726601
37	47	0.2672036179772196
37	164	0.26435047763112857
37	46	0.2578836928930899
37	150	0.2568285353791927
37	82	0.2559783613322121
37	62	0.2423601238806247
37	64	0.23838395699342235
37	40	0.22313218556994205
37	45	0.22300865442373805
37	178	0.21733759182888504
37	162	0.21633696125850949
37	117	0.21633696125850949
37	7	0.2006982463976134
37	28	0.19750986252389413
37	154	0.1922090933534848
37	53	0.18198991480510548
37	72	0.18139038183841072
37	193	0.17683149130443118
37	84	0.16829359624170814
37	14	0.16756474643370306
37	90	0.15286238285336395
37	133	0.14138642575680171
37	151	0.1382686030517354
37	125	0.13322332938577894
37	21	0.11263995735201955
37	51	0.10869883115487668
37	88	0.10861977570245808
37	87	0.09549908135521754
37	77	0.08450597395844046
65	66	0.5967213862638646
65	167	0.5411355700583486
65	115	0.5061796858222183
65	93	0.4868321205586242
65	69	0.4637984901202368
65	91	0.4383124252834069
65	186	0.437714398580688
65	84	0.41659923310641145
65	85	0.3979745508890217
65	82	0.3742446355164522
65	63	0.3707221048625384
65	92	0.3671802241937199
65	64	0.36022114737145744
65	160	0.33384559904720124
65	147	0.3302688587103961
65	118	0.3112058369334387
65	43	0.2970399849311197
65	48	0.2728032699973648
65	47	0.2551558381930763
65	14	0.23147744954277905
65	164	0.2304740004244366
65	178	0.22711931608223535
65	152	0.22226731725164847
65	94	0.1949426719021806
65	62	0.18889400300895925
65	125	0.18734097836642735
65	116	0.1869163859172164
65	86	0.18517869107095736
65	154	0.1667287732033586
65	46	0.16645654407718086
65	162	0.15820979921371622
65	72	0.15384862967319524
65	150	0.15358500946727735
65	21	0.14000433721780153
65	77	0.139808251972747
65	90	0.12768916077360404
65	182	0.09807274306867522
65	45	0.0957884102170818
65	142	0.09425537864227353
65	88	0.08661144681050367
91	92	0.5543365476223014
91	64	0.5539138510367669
91	82	0.5433875546136773
91	88	0.4999803914931376
91	93	0.4997028329044731
91	69	0.48771669422498504
91	84	0.4661185754734503
91	79	0.4574091315398394
91	45	0.4328268687707699
91	85	0.4294238091506653
91	87	0.4280199499015776
91	90	0.4273008961983911
91	38	0.4143570410325461
91	66	0.4074751952915332
91	77	0.37230814101448656
91	115	0.3720410803391721
91	86	0.3710325868557598
91	94	0.35950733929136897
91	62	0.35714529919917154
91	116	0.3389360488917561
91	164	0.3348759142388437
91	152	0.3064384569181246
91	142	0.30117380512170044
91	58	0.2807628410125537
91	193	0.2751433631812055
91	28	0.2646945879233504
91	149	0.25441712199782496
91	43	0.2519744458051693
91	63	0.2470043579085077
91	54	0.2400432437535537
91	52	0.2346738300257324
91	72	0.23398391437627064
91	186	0.2209360677352816
91	133	0.21889004640601506
91	89	0.20852615092625207
91	167	0.1931527098583059
91	147	0.18913507138375124
91	156	0.18558425722217906
91	125	0.18006512972074354
91	40	0.17468976313067422
91	178	0.17183802527825875
91	197	0.1691971144257237
91	55	0.16780771676426384
91	184	0.14761360503306914
91	181	0.14522591683506708
91	71	0.13429382769460882
91	47	0.13003947123056847
91	21	0.12905625396533218
91	182	0.12672501886533974
91	73	0.12467788541693192
91	48	0.123624377970839
91	118	0.11833298571340063
91	154	0.11320268913781202
91	160	0.08971612296144364
91	195	0.08386157338466932
91	99	0.0817640581970956
77	90	0.7432849948083194
77	86	0.6639417201603998
77	75	0.663001247282026
77	84	0.6415714718498098
77	88	0.6148734836223952
77	94	0.5237548060726398
77	64	0.4855186715190733
77	73	0.4737697506405555
77	69	0.4180444568808324
77	85	0.4092499954650161
77	92	0.3801970701584144
77	87	0.3729970449983786
77	117	0.3677078649439393
77	162	0.3649026100533631
77	55	0.3554078966892057
77	184	0.3479768278940481
77	58	0.3286464063476491
77	82	0.291779262931667
77	45	0.24140921725144154
77	54	0.2304929379718444
77	71	0.21139389885484106
77	66	0.20472565278256624
77	93	0.2022620773725193
77	133	0.19112060450024865
77	193	0.17550400958591852
77	116	0.16440428974128654
77	79	0.1633338282332629
77	115	0.16249665387212905
77	182	0.1400141411919308
77	161	0.13917089926860648
77	99	0.13297775832581962
77	177	0.13200513685328946
77	160	0.10117266627748492
77	63	0.09676923321934902
77	7	0.08756912748151346
77	186	0.08731607726613716
90	88	0.7067297868604963
90	92	0.6313092573759791
90	84	0.6387621962945333
90	94	0.5182981521114898
90	73	0.5126220570972898
90	85	0.5107175183904507
90	86	0.5079996913265161
90	75	0.4988470070746048
90	64	0.4656096445928965
90	58	0.4505180012979153
90	69	0.43209518913527534
90	55	0.4108554782485583
90	71	0.399521989907199
90	93	0.3651799684043408
90	117	0.33211180567097776
90	87	0.3266290105004839
90	162	0.3177568074101482
90	79	0.2824109092766558
90	82	0.2698481132995452
90	45	0.2634387252728061
90	193	0.24586784228166605
90	116	0.2374594316779635
90	66	0.23661943879028816
90	115	0.20975016511270575
90	160	0.1936243842740428
90	54	0.1910146202519421
90	184	0.13749362194327466
90	186	0.12493383552469264
90	182	0.1161533652135534
90	48	0.11234375367959262
90	133	0.1017466957021134
90	7	0.09791328909265287
90	177	0.09649977321885864
86	84	0.6998415964490418
86	94	0.5283187087898422
86	45	0.5230214806863254
86	64	0.4832838363832948
86	82	0.4158220706216976
86	88	0.4069997254498151
86	75	0.34062553681470786
86	69	0.3331612419815476
86	115	0.29915382443640504
86	184	0.2521336454935849
86	93	0.2224003967232441
86	73	0.21953736921568487
86	92	0.2189471708845628
86	62	0.20931036046975413
86	63	0.2037290300428949
86	40	0.19504848934165087
86	162	0.18577736174886653
86	7	0.1769283626534861
86	133	0.1762405019489142
86	116	0.1634116929805054
86	66	0.15105510260458266
86	79	0.14110221124659045
86	48	0.13996512104678266
86	85	0.13656145973693132
86	117	0.1321721707927464
86	118	0.11830340568926595
86	54	0.1134198644589034
86	47	0.10395310559114188
86	58	0.09315116001666464
86	87	0.08499543288622012
86	147	0.08485346422562792
88	85	0.6251044756547405
88	87	0.6225450530110829
88	75	0.5659268174382368
88	73	0.5006700920881911
88	64	0.4780549633870216
88	58	0.4661577112350022
88	193	0.4599832167138666
88	55	0.4444157777746132
88	84	0.44186024191740014
88	66	0.4221948807411518
88	94	0.4125082083650139
88	82	0.3567700892892192
88	79	0.3214828495593464
88	69	0.3143544012035974
88	92	0.3132906131513947
88	133	0.2918615986068539
88	54	0.27334002046736244
88	142	0.2457456970077096
88	162	0.2414751366486732
88	93	0.23641174550883906
88	117	0.22963110300603884
88	71	0.22206768251607176
88	28	0.21383817105840694
88	116	0.20697607135832213
88	38	0.19971913168226108
88	177	0.19028224387777076
88	115	0.18626971331126416
88	182	0.1740110418049046
88	186	0.16819642688018754
88	63	0.1540146015325792
88	184	0.14595023184324402
88	45	0.10652430861234387
88	6	0.10235034320361378
88	160	0.10094501524305728
92	93	0.6550365777558134
92	71	0.4853658023530234
92	69	0.5735250483306931
92	79	0.5236023963219046
92	85	0.4502071036114285
92	84	0.4304020188318531
92	115	0.4204923697054199
92	142	0.4197100305628471
92	160	0.40857543530352897
92	66	0.4011846292133232
92	193	0.3417300337692011
92	195	0.3396439546767138
92	43	0.3314710673090753
92	45	0.3256370732995603
92	116	0.2989079676970359
92	182	0.29134921750350384
92	38	0.2894354632931068
92	94	0.2853162780887417
92	186	0.2762706255064921
92	167	0.2691896880440839
92	197	0.25254562835702865
92	181	0.24717336838483545
92	164	0.2416728814674303
92	64	0.2290910887349775
92	62	0.2239207153364252
92	82	0.21191925966066905
92	55	0.19970953054040164
92	147	0.1996231185381709
92	87	0.19789422807868184
92	156	0.17393346311251975
92	117	0.1603637255477211
92	48	0.1563665575924395
92	162	0.14812223526151574
92	73	0.13991610021551867
92	6	0.13443130023256886
92	63	0.1335572797714493
92	58	0.12552442610501854
92	28	0.12319107894382388
92	158	0.12137859406760655
92	47	0.11490031538127013
7	148	0.4504542363174289
7	151	0.4011846292133232
7	147	0.3712567722769507
7	160	0.35137362650079995
7	150	0.33515112167816097
7	116	0.31729822752251197
7	186	0.2848844807450101
7	184	0.2847558378985133
7	115	0.2698388414545681
7	43	0.2591061589722021
7	182	0.2582477197031348
7	94	0.25576341941323
7	117	0.2387517602849259
7	195	0.22857936615247826
7	47	0.1943846504053669
7	75	0.18633728368168512
7	40	0.18280196939764728
7	45	0.16697181344689138
7	197	0.15752724497285858
7	84	0.15693232492789225
7	28	0.14623404239649435
7	46	0.143913923662561
7	79	0.10961774964118086
7	118	0.09789249037714584
7	133	0.08503415101313595
7	193	0.0847938959290483
190	191	0.7378757078481444
190	158	0.5983480536806011
190	195	0.6265401717546464
190	193	0.6183443076371072
190	55	0.6154515483568279
190	87	0.5259862964362586
190	181	0.4808889504275471
190	148	0.39088990103599336
190	197	0.38483254931154265
190	89	0.3716360643939531
190	182	0.3427718134860671
190	142	0.3339788744395907
190	54	0.2958086061074482
190	99	0.2444297924650401
190	156	0.2403730487658688
190	79	0.21421984768587746
190	73	0.20237716538486086
190	38	0.19449049174865304
190	63	0.17975548739376254
190	184	0.1794070971964844
190	186	0.17675399175835305
190	117	0.16768137473469855
190	28	0.16342142593078626
190	58	0.16149368367552802
190	192	0.15385839296416576
190	101	0.1533506620388683
190	177	0.14617532494508478
190	6	0.14030824764146893
190	93	0.1315826057986824
190	157	0.1274333914636981
190	161	0.11471281968596678
190	75	0.09598657133422557
190	151	0.0940967977043142
190	178	0.09249783824037333
190	69	0.08863280674868204
191	89	0.4860000153438524
191	87	0.4799967079589424
191	193	0.4697737678796994
191	195	0.4621564787380688
191	148	0.4366304993010185
191	181	0.4032550290961546
191	156	0.3464817943149684
191	197	0.3357368566876013
191	158	0.3068280266140977
191	182	0.27289582530970496
191	55	0.2666649452637569
191	51	0.22965004831015826
191	147	0.220878995743556
191	184	0.2191280551635156
191	142	0.20898523302559785
191	150	0.20505137981563545
191	38	0.1969139759206812
191	192	0.1950677283883335
191	186	0.18866255594750164
191	101	0.18483101272137886
191	153	0.18003610226747555
191	167	0.17561061934502825
191	152	0.16161055178496758
191	79	0.16109435014311374
191	43	0.15372170415746994
191	155	0.14452102846005102
191	52	0.14287571956512565
191	53	0.14248386257978168
191	63	0.13818032259198945
191	21	0.12533741535962412
191	28	0.11731728505234075
191	178	0.11701154057977553
191	157	0.11092169902096352
191	118	0.10802681608273287
191	125	0.10332987279413727
191	160	0.09353974436916812
191	99	0.0929370299734993
158	55	0.5612457918141379
158	181	0.34617377434621405
158	195	0.32825387333355044
158	69	0.32809325895423697
158	161	0.27949113141908605
158	87	0.2619211969203486
158	73	0.2499692386073681
158	117	0.24519124734149145
158	54	0.21558380602412935
158	93	0.211699578204656
158	142	0.20702392890830806
158	148	0.19402860540918795
158	167	0.18616352774065606
158	101	0.1860090682386677
158	197	0.18299527901559087
158	99	0.1817771927640188
158	150	0.17743203837287164
158	53	0.1754652413800754
158	193	0.16404426850285178
158	63	0.12888908173709385
158	151	0.12413639785650532
158	6	0.12372284845449268
158	178	0.104052023937709
158	64	0.10134092327752416
158	157	0.09864812200792562
158	182	0.09739824816214653
38	142	0.7256986636300005
38	131	0.6532803053346253
38	156	0.5559692066318278
38	181	0.4971173768103678
38	52	0.4767810449923646
38	89	0.406098230217977
38	43	0.3941974009491722
38	93	0.3859735115003062
38	28	0.3800687453128908
38	164	0.3754221501554828
38	147	0.3688056361827547
38	72	0.35373802637977825
38	79	0.3478801438596223
38	197	0.3298767958701676
38	193	0.3178826660959706
38	195	0.3064928216468201
38	167	0.30554115047436425
38	148	0.3010919664131109
38	62	0.279445036539596
38	51	0.2740430910544684
38	152	0.2608684068393057
38	66	0.26075656961794924
38	182	0.2511595046367598
38	101	0.24368684843697125
38	192	0.22368323716899155
38	63	0.22162081351458984
38	40	0.22062215306569136
38	69	0.2172804252212158
38	99	0.20903304878453752
38	125	0.2075120192896908
38	133	0.1970293201809104
38	87	0.19238243737391705
38	46	0.16410265329679855
38	186	0.16382044948213273
38	85	0.15797579761482214
38	161	0.15685429416878344
38	45	0.15578117304214545
38	157	0.14963787876725973
38	115	0.13522657532432122
38	162	0.1294594038490048
38	21	0.11474242481314526
38	71	0.1121857702202265
38	178	0.10703837942753996
38	154	0.10410148233917116
38	6	0.09357642050391664
38	82	0.09146862076439036
142	182	0.6690769066298127
142	195	0.6284014493385601
142	43	0.5143671418465837
142	66	0.4838048420621004
142	156	0.4820258842335429
142	193	0.4811041702716659
142	181	0.4810657424084404
142	131	0.4564834275974084
142	79	0.4479638204643379
142	148	0.4356344596920483
142	147	0.3773962759552686
142	87	0.3431865251617616
142	93	0.32834309534397016
142	197	0.3045979407078682
142	186	0.2821808320177868
142	89	0.2539962014683963
142	117	0.2485718212517607
142	69	0.2361662619587078
142	160	0.21288369403634685
142	85	0.2042178114012341
142	28	0.19097607942089415
142	115	0.1875339518050528
142	167	0.16788546296600054
142	99	0.15640557932833762
142	72	0.15003867364257056
142	6	0.14580342385087222
142	164	0.1374151334397946
142	178	0.13484368677922093
142	133	0.13065876694654746
142	52	0.12564253355962132
142	55	0.12075782832145115
142	71	0.11564034990800726
142	101	0.10667260412742127
142	62	0.09964324290601592
142	51	0.09179188363183888
142	21	0.08958319992792815
131	156	0.6089306076006472
131	181	0.5542949835804053
131	52	0.5306503584913561
131	72	0.4818569830947049
131	28	0.47198406086220895
131	164	0.4675341272497251
131	43	0.4421257738333047
131	51	0.4050287670778835
131	40	0.3972757787386698
131	197	0.3963236974241526
131	148	0.3648939415608801
131	147	0.35786921564721597
131	62	0.3317825755828004
131	157	0.3287980364363632
131	152	0.31984101821767724
131	101	0.3141741536115872
131	89	0.3066015451055765
131	167	0.2979423688475257
131	153	0.2873726123808715
131	46	0.2740060946335738
131	195	0.2531447126972923
131	79	0.24519124734149145
131	93	0.2096258810916181
131	151	0.2092529883989288
131	125	0.20285663856915825
131	192	0.19509658667688545
131	133	0.19453859995321449
131	155	0.18936647557725805
131	21	0.1763373941695051
131	47	0.17181861577769414
131	178	0.16876967880407628
131	149	0.14356136145016424
131	53	0.14027883810981642
131	154	0.13928857307812484
131	14	0.12641998525336598
131	160	0.12579016286930012
131	162	0.11873722497330773
131	99	0.1082343607148724
131	186	0.1058816400323775
131	182	0.08644073453440511
131	193	0.08241265793404226
182	195	0.5889389494130699
182	193	0.5733505443682791
182	147	0.4502868313781479
182	43	0.42717827624835225
182	148	0.42495204410472864
182	87	0.3801371870516465
182	66	0.3661242336830439
182	79	0.3526527128125761
182	160	0.3262180245739361
182	186	0.3243939063085238
182	117	0.3083581293288213
182	181	0.2760396909258224
182	89	0.22380672913251845
182	197	0.2231891975282672
182	177	0.21814729176788408
182	45	0.2019455565401771
182	93	0.18780409029789194
182	156	0.1800748054688112
182	64	0.1724396535536514
182	178	0.1714595159706586
182	115	0.15178790621387153
182	99	0.14533359515212646
182	55	0.13696379108453832
182	62	0.13259463487879575
182	69	0.12445145418007783
182	28	0.1205705946939074
182	184	0.10841224860547537
182	63	0.10719654356310176
182	118	0.09868278128742476
182	21	0.09827180587109527
195	193	0.6545681660557487
195	148	0.5320498084954076
195	181	0.4421740440407633
195	160	0.4125331031662681
195	186	0.3739006076534527
195	79	0.3601689317994718
195	197	0.3477922428614633
195	87	0.331542275575168
195	93	0.2995361893073548
195	156	0.2991174037210356
195	55	0.2986256387967463
195	43	0.2942748499261299
195	147	0.287023955870779
195	117	0.2474080802078079
195	28	0.2313544114762563
195	89	0.20939641587398586
195	118	0.19028224387777076
195	53	0.18012318368640776
195	58	0.1734776447228172
195	151	0.17100329647119944
195	69	0.16875024840258332
195	40	0.1603637255477211
195	66	0.1537607587028147
195	178	0.14807333190920174
195	115	0.1455293650883505
195	99	0.14027883810981642
195	184	0.11734687204783872
195	167	0.11396275530201908
195	71	0.09118798122928357
195	63	0.08203026068068417
87	193	0.6318081981789567
87	55	0.6212818131917935
87	79	0.40741681614889935
87	64	0.3982185914313072
87	75	0.3913049519973345
87	54	0.3833748357797011
87	85	0.3426659082323496
87	69	0.3037267549378247
87	58	0.2990172422601685
87	66	0.2890964229687121
87	89	0.2625078803244545
87	73	0.255137140187696
87	82	0.23927034081435636
87	186	0.19587563262596394
87	177	0.18851789088865714
87	115	0.18409687323948012
87	93	0.1743698151474511
87	197	0.1685753688888394
87	117	0.16545491171578033
87	148	0.16383991267556738
87	94	0.1567177356286484
87	99	0.1554591648654851
87	63	0.15525423336412433
87	184	0.14219973832645927
87	28	0.13728758594146556
87	181	0.13058013186183656
87	118	0.09827972860608382
87	133	0.09645023859020746
87	147	0.08154949844910686
55	54	0.5507867700385498
55	58	0.4866031887841719
55	193	0.477700012168498
55	75	0.4037824478256468
55	69	0.3714291931539758
55	64	0.36891794850969106
55	73	0.3662194846815589
55	93	0.3514262175864657
55	79	0.3277719732870841
55	63	0.3012647318168344
55	117	0.2937632603776504
55	85	0.28789545436102465
55	181	0.2186900989169934
55	99	0.20531959151027426
55	161	0.19262317304002066
55	94	0.1700129510452242
55	82	0.15557626257422072
55	186	0.14904148321458455
55	89	0.13034421675396882
55	28	0.12958722293128322
55	162	0.12120124209206755
55	177	0.11198828292121467
55	197	0.08321908881208834
43	147	0.7216070835203032
43	156	0.5202992509192637
43	115	0.483452434536175
43	164	0.4502150767111713
43	72	0.4298233666888684
43	62	0.4286323523882557
43	46	0.4244438725104056
43	79	0.4203606510579511
43	21	0.4158634243621524
43	28	0.402149092348478
43	197	0.38910931134388665
43	45	0.3769416718809415
43	52	0.3492418266089736
43	151	0.3284501540226277
43	148	0.3262090887267816
43	167	0.2978968066515759
43	51	0.2916694753047368
43	186	0.2769724706594984
43	154	0.27092330737100706
43	93	0.2688650195490996
43	40	0.2661539809805025
43	152	0.264666689598569
43	47	0.2490877672897545
43	101	0.2478398740871265
43	181	0.2455671629538463
43	66	0.2237497337343499
43	153	0.218385381718028
43	53	0.20916692759158173
43	193	0.1995943138473607
43	89	0.19557750838465035
43	99	0.1645502318255935
43	160	0.1472222978595902
43	118	0.14026903487758913
43	116	0.1367086593657151
43	178	0.1350989502909293
43	125	0.12338803888007008
43	63	0.10325072630505933
43	155	0.10287476264286098
43	117	0.10055897412422812
147	148	0.561430714640628
147	62	0.5314616751748774
147	197	0.4951120842025138
147	167	0.4908200020811613
147	115	0.4692514641168687
147	156	0.421537257579198
147	164	0.41955348781809787
147	79	0.40155374642552055
147	152	0.3947631390802302
147	186	0.3941129367789896
147	46	0.39189760586883776
147	28	0.3877337232465513
147	181	0.3839206369780427
147	93	0.3752503256145915
147	45	0.34539899445094724
147	72	0.34204795405426663
147	101	0.3280754117408598
147	21	0.3123704334496313
147	151	0.2912485515580454
147	153	0.2891055871748007
147	63	0.27905778871423104
147	40	0.277295589510719
147	89	0.27673239895153284
147	193	0.2738303505608289
147	47	0.27173852129751475
147	178	0.24063685282706604
147	154	0.2403636265352463
147	51	0.23600573718102186
147	150	0.23362468687267865
147	116	0.23035090211133846
147	99	0.2206316663033585
147	160	0.22061263978604756
147	52	0.20843049724750368
147	66	0.1864917236225738
147	53	0.1722261872543892
147	69	0.13116002692731882
147	48	0.12313198906964995
147	125	0.10550588508219916
147	118	0.10525866143940908
147	82	0.09773501161473867
147	184	0.09580723584984616
75	73	0.5717574747297198
75	85	0.4247061880409298
75	94	0.4015621339377271
75	162	0.3837159929391944
75	69	0.35754655897738885
75	184	0.32600354815408994
75	58	0.30821333574407994
75	117	0.27587339828898605
75	84	0.2684753366952056
75	186	0.22991526428879294
75	64	0.2174614476970308
75	63	0.205760158047064
75	193	0.20219494011843256
75	6	0.19870119755999066
75	14	0.18821889051299728
75	82	0.18081973329129966
75	71	0.15309676619210685
75	133	0.1332822640072907
75	54	0.1294397389928363
75	116	0.1276989977158252
75	118	0.10351784045967093
75	177	0.0904739214493337
75	160	0.08205807220581537
153	51	0.5419200597714364
153	155	0.5373768119022461
153	47	0.5297013928714224
153	125	0.4752574366257861
153	101	0.4598491756086678
153	52	0.45498597019973097
153	21	0.42947274360131743
153	156	0.40089931300267856
153	149	0.398210177178266
153	46	0.3875637775581108
153	154	0.3830847699115349
153	197	0.3759031215846381
153	152	0.3695656938250346
153	164	0.30957021422386183
153	40	0.3079327575376073
153	72	0.287996333948722
153	62	0.2705526269957861
153	192	0.2626940884683042
153	157	0.25080344148778594
153	48	0.2313260170251007
153	167	0.2155265938668023
153	150	0.2153168032995748
153	53	0.2103714834804967
153	178	0.1888264997826088
153	82	0.1785165624149372
153	116	0.1637231316021581
153	181	0.15909689364313367
153	89	0.11920057277293353
153	151	0.10738435642679182
153	99	0.08392214407616852
62	164	0.7068899212027598
62	72	0.6301530760199686
62	45	0.6264308188889421
62	40	0.509911377243481
62	167	0.4595889183412372
62	93	0.4129064512302275
62	178	0.4058894379679327
62	28	0.39710733096574624
62	197	0.3674310992909972
62	181	0.34518760904374035
62	47	0.3121177324346183
62	156	0.28113126850744674
62	52	0.28066150893844977
62	79	0.27356207435197843
62	46	0.267686424007594
62	152	0.2562399955950043
62	151	0.2525081791505194
62	51	0.2519557155332076
62	115	0.2496317027107469
62	101	0.2381198509069677
62	154	0.23200737498114016
62	99	0.22746071820729505
62	116	0.21960399442575165
62	48	0.21945170522241925
62	21	0.2063921295523521
62	89	0.20268403941554924
62	149	0.19855711559156908
62	125	0.15623973358016285
62	133	0.12814163408474002
62	82	0.11190928552368153
62	84	0.10304296055282218
62	53	0.09313728147850688
167	93	0.5379739721818256
167	181	0.4753890281554618
167	164	0.4682371019176101
167	178	0.453724207919838
167	72	0.4091084581642699
167	47	0.4032466552085717
167	150	0.3611345543170933
167	148	0.3406962528270361
167	156	0.327968323542508
167	66	0.3118740146213078
167	152	0.28379988446401816
167	101	0.26874441282611405
167	51	0.26830830284615953
167	40	0.2660703543922921
167	82	0.26376440524396616
167	115	0.259637812873466
167	48	0.2522460135282113
167	69	0.24432636173606556
167	53	0.22724260662743856
167	160	0.20032392623426706
167	151	0.1963852450236703
167	28	0.1940863459109371
167	46	0.17648272609280985
167	125	0.1704499106041912
167	63	0.1682547288894653
167	186	0.15914562766434315
167	45	0.15104533076626234
167	84	0.13903360819002267
167	197	0.13091431961385916
167	118	0.12770883463292304
167	154	0.12654790548868045
167	89	0.12501258606037546
167	52	0.11120812174872943
167	116	0.08553547788496355
151	46	0.3669033344907281
151	28	0.33595865825700544
151	115	0.3160386182362097
151	40	0.2805970216333997
151	154	0.27645535020552386
151	45	0.2568845768617472
151	21	0.2548846984431507
151	52	0.2533131702153276
151	93	0.2393363321882445
151	152	0.2384971345259999
151	148	0.23242364839403576
151	47	0.2295742660496231
151	51	0.2222292930240198
151	150	0.21588891252461406
151	116	0.20321138612484788
151	53	0.20310592620332052
151	14	0.2030100494580525
151	197	0.19948869369677
151	156	0.19300830187086868
151	94	0.17962000767013106
151	101	0.16935252979089968
151	72	0.16332409499676
151	118	0.15838528875296914
151	79	0.14720273129007988
151	63	0.14591108367352448
151	48	0.14453081958262382
151	99	0.13882766155229753
151	184	0.10694940972001488
151	186	0.10474439461824248
151	117	0.09834410036594604
151	89	0.09662459836246758
151	157	0.09164413704893884
151	164	0.08482566576267986
148	181	0.4894980478684773
148	193	0.4653511463562958
148	156	0.4610390419850257
148	197	0.3970230970442669
148	150	0.3969304320050776
148	186	0.3948728745163994
148	89	0.3413060183700133
148	160	0.308276684695004
148	79	0.29254756092913503
148	157	0.2384499780078633
148	152	0.21426755266771288
148	28	0.21109773254387196
148	53	0.2072823425526925
148	40	0.1942306912810844
148	93	0.194018981861513
148	99	0.18822853623133445
148	51	0.1842321249204558
148	101	0.1521298241862898
148	115	0.1508694326303658
148	52	0.13350817132089968
148	178	0.12630190130407284
148	46	0.1179089853241118
148	69	0.09809948330476237
148	164	0.0929568571908122
148	66	0.09280715987829792
148	184	0.08895326014832926
148	192	0.0816865791612973
164	72	0.5261815700717839
164	156	0.4839809870196476
164	152	0.44062006933305853
164	52	0.4399187077100104
164	45	0.39365671523356105
164	178	0.3771990172647612
164	93	0.3753018756854664
164	181	0.3740812351185617
164	40	0.34881151823358
164	154	0.3200205470757581
164	125	0.3114767569098653
164	89	0.3108445316057541
164	79	0.28849146827856553
164	28	0.282144016643141
164	46	0.26888357368135124
164	21	0.2672407616692643
164	192	0.2563334273070645
164	115	0.2546415735512074
164	51	0.2506347563003063
164	47	0.2474080802078079
164	149	0.2390440678960436
164	155	0.2266640264109579
164	197	0.21270229740018176
164	116	0.15131893107407354
164	71	0.14275816716679285
164	186	0.1209647607556287
72	178	0.6386200986276929
72	45	0.5129021456016806
72	51	0.4585786887278713
72	40	0.4539306584897828
72	46	0.4303938712557642
72	154	0.4143321914763796
72	52	0.3855649441022698
72	101	0.3719463020629996
72	152	0.36242953347498186
72	28	0.35461258613191066
72	125	0.3466489738768481
72	53	0.33867048519056114
72	156	0.3368543571232124
72	181	0.29839791611856964
72	93	0.2932789223463877
72	21	0.2864090341529582
72	157	0.2617349077068929
72	79	0.2608497677885752
72	197	0.24237894902077994
72	47	0.22468996185123172
72	149	0.20800000637170174
72	155	0.18936647557725805
72	99	0.16920682813265278
72	89	0.146547184725894
72	66	0.1354327293594134
72	94	0.12541615781249096
72	48	0.11217589606561984
72	115	0.09077145770548734
72	133	0.08618763432110779
45	40	0.5054429725783126
45	93	0.4450655643637576
45	79	0.4292280461326394
45	115	0.3925745265107761
45	154	0.3684686345904261
45	46	0.364980623638756
45	94	0.36471188860685533
45	28	0.3520483769709585
45	52	0.34399791391999984
45	178	0.3130921927005012
45	64	0.3108987331354244
45	152	0.3094345829844005
45	99	0.30330913159249057
45	48	0.2910105882306082
45	116	0.2891788989158147
45	149	0.28033904708460616
45	53	0.2756331686577181
45	84	0.2632246742982918
45	197	0.24975359767600014
45	21	0.2465441977160498
45	117	0.2162511717396637
45	125	0.19817285506425905
45	118	0.18799702897311846
45	133	0.18363310028929947
45	82	0.18196090825661992
45	47	0.15774177827129282
45	51	0.14184699975994694
45	54	0.1412394211584443
45	69	0.13381263313636232
45	63	0.13300722771572132
45	156	0.1240970140547787
45	161	0.11685372829868552
45	101	0.1070878063022366
45	162	0.09011983226195763
69	82	0.6222938894779461
69	64	0.5543157659469474
69	93	0.5213486396722936
69	85	0.4672840380534323
69	186	0.4409745763208884
69	115	0.40619008537937795
69	63	0.3755424119831277
69	84	0.3673791984836247
69	79	0.35589706300717483
69	66	0.3546737821067133
69	54	0.3513648611042551
69	94	0.3363400697993135
69	48	0.31879929819180663
69	152	0.25277030770402936
69	58	0.24743624367601885
69	47	0.2460275589350677
69	73	0.24129620738741014
69	116	0.2331992033922909
69	14	0.2305686864153679
69	150	0.22746071820729505
69	53	0.2045915167018961
69	162	0.1857387419910256
69	118	0.1774126679467004
69	193	0.1764052166908583
69	117	0.1763373941695051
69	40	0.17150804563629368
69	197	0.16415130641351178
69	181	0.14588172224633872
69	125	0.12562284923108494
69	160	0.11372586582969192
69	149	0.08294102145669978
63	93	0.4314687446470763
63	64	0.3723425959672792
63	186	0.3466577721912377
63	162	0.34405081275422417
63	14	0.3105554226411867
63	58	0.2976234049783563
63	115	0.288133886722231
63	89	0.27778476436522026
63	54	0.2583783781145056
63	152	0.24017517241284805
63	85	0.2310325846272578
63	117	0.2293469025692272
63	118	0.2133323489634137
63	150	0.2097692851298594
63	46	0.20710049892742735
63	82	0.17972645659827535
63	79	0.1701586116689744
63	94	0.16235061108788273
63	28	0.16226298200260494
63	48	0.1325258649342152
63	192	0.1293807438134897
63	193	0.12222583524269855
63	84	0.12128006614832673
63	66	0.10694940972001488
63	73	0.10636612150610228
63	178	0.09989570464789313
63	161	0.0938599085369461
63	125	0.09367752637079084
63	181	0.08766042125736831
85	66	0.5420754322277905
85	186	0.4460513816714098
85	84	0.3819920797537044
85	160	0.3673272953881288
85	58	0.353099206863337
85	93	0.3390157074735448
85	82	0.32564601287541434
85	193	0.3170104153220601
85	79	0.2848293493527538
85	71	0.26107342355822233
85	116	0.25879828753935474
85	94	0.2577156558146115
85	14	0.2520587296926565
85	115	0.23822361107176654
85	64	0.21123148987460053
85	156	0.20485978117434975
85	162	0.19402860540918795
85	54	0.1904364460085729
85	177	0.16909026148042988
85	6	0.1663787596640141
85	73	0.12916442032251038
85	48	0.12336834332363154
52	156	0.7053104434849073
52	51	0.594378879831421
52	152	0.5855190189452463
52	125	0.5075024248212786
52	46	0.5051302046918268
52	155	0.4636728982477272
52	40	0.44757206358054347
52	149	0.4234431409796872
52	28	0.419742983749208
52	157	0.4119603668862492
52	192	0.39534545219772294
52	154	0.32902990849029984
52	89	0.3269237721696738
52	21	0.3175410236115436
52	197	0.3156154992099096
52	47	0.30185562173921243
52	133	0.2694957480257816
52	116	0.2409382996538473
52	115	0.23635509813618566
52	101	0.2020031089222928
52	118	0.20043910790382624
52	53	0.19828813962449507
52	181	0.19789422807868184
52	79	0.19233428746090772
52	150	0.1526279823163605
52	186	0.1411414146319414
52	161	0.12325016794448285
52	14	0.1158968652901727
52	82	0.10289455093780826
52	99	0.09961750098750377
52	193	0.095315765332394
52	54	0.09168181776907992
52	184	0.08930246393555882
156	181	0.5344900791130042
156	51	0.5160346100507385
156	152	0.4756908342408373
156	197	0.4513783785516717
156	89	0.4165909686211921
156	186	0.39120332157345866
156	46	0.3900762790889424
156	125	0.3715843500427416
156	192	0.3628811436356074
156	155	0.35369428213568
156	115	0.31077225975450984
156	79	0.31040181012677304
156	157	0.3103475900740617
156	21	0.2908732853125169
156	193	0.2851968563591397
156	101	0.2806246593600831
156	40	0.2722200554629362
156	28	0.2688742966401691
156	154	0.21901381421260346
156	150	0.2150974555456436
156	53	0.20275116280571245
156	116	0.19654868314767499
156	178	0.18337219206075595
156	47	0.1827246415917595
156	14	0.17108095603843812
156	93	0.16343115884925571
156	160	0.1540634151317639
156	66	0.13574684628760522
156	118	0.1119586590629632
156	6	0.10646498907897624
51	155	0.6865657419124205
51	125	0.6011972576933707
51	157	0.6006542027347366
51	47	0.5742694607335164
51	46	0.5703355343461943
51	21	0.5668708944869304
51	40	0.5001678729569984
51	152	0.4984713375733413
51	149	0.4391280249837389
51	53	0.4327618536475517
51	154	0.3756111273502825
51	101	0.3649979592950973
51	197	0.3377228686937496
51	89	0.3208191716980078
51	48	0.2582850516420901
51	118	0.250147358067744
51	192	0.2466381169960686
51	181	0.2367610354497259
51	150	0.236600558476118
51	133	0.22735640681939004
51	14	0.2209170439061436
51	28	0.21031413812639954
51	116	0.15745898125853602
51	178	0.14596980575670152
51	99	0.13270269935510334
51	115	0.09268918354302004
51	79	0.09142102214785754
152	46	0.6471271109348276
152	125	0.5294207625026223
152	149	0.4886154928070019
152	115	0.4696724510538802
152	40	0.42249888128730384
152	154	0.4158551537516355
152	14	0.4140256628296444
152	155	0.4101819840631888
152	116	0.4072082920297056
152	118	0.3875212870188403
152	21	0.382743419199612
152	186	0.3762637173069677
152	47	0.3581656356410605
152	197	0.3327433448897597
152	79	0.3307409649424505
152	157	0.3217787122572831
152	150	0.3042531571808136
152	48	0.2992539769091173
152	53	0.2818954911332385
152	93	0.26662778927517
152	89	0.2482903366545597
152	192	0.24716397930836875
152	82	0.24660994169842665
152	178	0.22482288968785227
152	181	0.2163083651233502
152	101	0.2142007654069868
152	54	0.17889410752696194
152	28	0.1458915094172918
152	94	0.11149452600262218
152	133	0.08699850811488298
40	53	0.4946590312552408
40	46	0.4905922398332471
40	149	0.4774529975538066
40	125	0.4519117097447561
40	48	0.4469320911717318
40	21	0.4427370071797749
40	155	0.4424475268340717
40	47	0.4333874372898693
40	28	0.4315663997570793
40	197	0.3919737806458741
40	116	0.3404222068125892
40	157	0.3200025952238723
40	154	0.3081137818698964
40	181	0.2922274825952493
40	133	0.28229127315489705
40	101	0.26139022125243305
40	99	0.2486374949524069
40	118	0.2482715695231938
40	94	0.2461872622288309
40	178	0.22811491594746935
40	115	0.2279821968078892
40	79	0.22650275421697635
40	93	0.21808062192678715
40	89	0.2074067536234839
40	82	0.1981440330673301
40	192	0.1558689877110712
40	64	0.15524447438774322
40	186	0.10681100899333
53	157	0.5448939227610611
53	21	0.4835137340646952
53	46	0.4181929886922791
53	155	0.3825983134887462
53	154	0.37599757433144826
53	125	0.3303846736597601
53	48	0.317208292485708
53	101	0.3051693796345664
53	118	0.2976234049783563
53	79	0.26781638729320423
53	197	0.23923263046529744
53	149	0.23200737498114016
53	47	0.2046777479218838
53	178	0.19619295090638134
53	181	0.195741000351762
53	94	0.17649241461418488
53	115	0.14395309498835118
53	93	0.1376996460474003
53	133	0.13604130612529006
53	99	0.1261149277318023
53	186	0.12598699328179486
53	82	0.1186977887271705
53	150	0.11552195298846345
53	116	0.10023230029099252
53	28	0.0904005266873388
53	14	0.08798886819561891
73	184	0.3995472010704064
73	58	0.3521972985866759
73	133	0.31656059186189583
73	117	0.2844801401209838
73	161	0.27926986425141376
73	64	0.2364967135545324
73	84	0.2345509856135813
73	94	0.22743227016452897
73	6	0.2001415439330395
73	162	0.18127432760930806
73	193	0.1595939442406452
73	54	0.11493978711653748
73	82	0.1047839555969416
73	149	0.08802558162056408
84	94	0.48880578328336605
84	82	0.43471034737269604
84	64	0.3636276633363625
84	93	0.3512596715414442
84	115	0.29125770327420303
84	66	0.2493878890483192
84	116	0.2131891709864805
84	47	0.21190970873815526
84	162	0.15252054299609513
84	184	0.14313040259597856
84	117	0.12431362012249016
84	160	0.12020595723293427
84	133	0.1060695061755953
84	28	0.09863029714241207
94	133	0.3763924738812937
94	93	0.3644257490502961
94	162	0.33284116231438193
94	64	0.32620015282132786
94	116	0.31961657484503764
94	115	0.3087200507745816
94	117	0.304507215935261
94	79	0.2761505435040089
94	28	0.2742465568688717
94	82	0.27361758326829233
94	118	0.2702374855848864
94	66	0.222856606257338
94	48	0.17532954837477568
94	47	0.17141098547292913
94	14	0.15033190695379592
94	160	0.1475353472911948
94	157	0.14401185113117956
94	58	0.14077876644276124
94	184	0.1142884571631285
94	149	0.11025001492539377
94	99	0.10805646589284494
94	193	0.08738653551830515
150	47	0.414771109333256
150	14	0.2822452569235813
150	101	0.2534816123719606
150	115	0.24664750866929736
150	46	0.2265312149186449
150	116	0.2154026291168459
150	186	0.20411239657421915
150	125	0.15842428506990291
150	157	0.15813180065391708
150	177	0.13784679882798553
150	197	0.1316415664941906
150	48	0.1288399120400325
150	155	0.1238803961594714
150	118	0.12035378714549698
150	178	0.11482137082237615
150	154	0.11021050095378987
150	181	0.1072855085056498
150	160	0.08858816008048945
150	79	0.08767133671899847
197	101	0.6551792861534855
197	181	0.6034402395370502
197	99	0.44835540540283625
197	79	0.5204596760651655
197	28	0.3938679530380032
197	193	0.3360828508640845
197	89	0.33006393097670034
197	155	0.31690247068864025
197	47	0.30959733896041736
197	125	0.3010010293125949
197	21	0.27542062912543136
197	46	0.2634480312486706
197	116	0.23315192193445355
197	154	0.2279063534953419
197	54	0.22114531875693835
197	93	0.21832824249989125
197	192	0.21024723338410664
197	178	0.19249799338538348
197	48	0.17970710256069325
197	115	0.17148863386990515
197	157	0.15579093034920632
197	149	0.15143618125418198
197	186	0.08685956604716333
197	133	0.08439775135931453
101	181	0.41232562766326425
101	99	0.4064989924969081
101	46	0.3691079909828064
101	47	0.3586362719536282
101	155	0.3120635764692351
101	154	0.3023190807748442
101	178	0.29294071029607743
101	125	0.2328114629075705
101	21	0.2266165947024877
101	48	0.2094346616792649
101	157	0.20091897185409788
101	79	0.19040753382460254
101	28	0.18328521690807048
101	149	0.1333019086716844
101	116	0.10202378913151244
101	93	0.09663846763532297
181	79	0.4937369940977924
181	93	0.4930485213161556
181	89	0.44371733758838544
181	178	0.398210177178266
181	99	0.33374785527538964
181	193	0.3120996806715132
181	28	0.21010385944845775
181	155	0.2026360929706819
181	125	0.18778479563294884
181	192	0.16137681103636986
181	157	0.14874813411614524
181	54	0.1455880938477083
181	154	0.1372385279988168
181	46	0.12723663430548712
181	48	0.11925971982324785
99	79	0.37140333165517786
99	161	0.3008737081748462
99	54	0.2562680256114633
99	178	0.1885950466052591
99	155	0.1732739571489868
99	193	0.1630807537559593
99	28	0.14636126000594665
99	154	0.12936107855014362
99	133	0.12511102201480662
99	21	0.12266908821348455
99	89	0.11659727075917176
99	93	0.0906464944485677
193	79	0.4843790832450294
193	186	0.4285507214589133
193	160	0.4264504080522271
193	28	0.4237631595181761
193	184	0.33484927822759697
193	89	0.3019646837702054
193	93	0.2746903970448994
193	177	0.25338803529304665
193	58	0.24567052680585755
193	115	0.20792346621844893
193	71	0.1980575650207877
193	66	0.19771166202025886
193	133	0.15749798927959752
193	192	0.1524619382108216
193	117	0.14219973832645927
193	6	0.12377208278271964
193	116	0.10287476264286098
193	21	0.09980660197070863
193	54	0.08405023415127208
155	149	0.5633451277162305
155	157	0.5506892337673979
155	125	0.5344543621407492
155	47	0.4459232064184783
155	21	0.4445441677827848
155	46	0.4166322903586877
155	154	0.34820532436899954
155	192	0.34550467401440205
155	116	0.3038447577854626
155	89	0.30203738740011643
155	48	0.21010385944845775
155	133	0.16697181344689138
155	118	0.15057624784508536
155	79	0.121220948249475
155	82	0.11126737931848237
155	14	0.09362499121039196
125	21	0.6517413720898907
125	149	0.5771109206226108
125	154	0.45339060794312996
125	157	0.4373828926030753
125	46	0.4287058142417096
125	47	0.4099740250572745
125	48	0.3394139274529312
125	118	0.3220834747795833
125	192	0.3075253712761213
125	116	0.2766400544784328
125	115	0.27591959234516783
125	82	0.2338799340323605
125	14	0.2129218809324643
125	89	0.1893279096716379
125	28	0.18905793198275272
125	178	0.12728582453445073
125	54	0.12141800456571801
125	133	0.1101808652464494
125	79	0.10397288942504417
125	186	0.08954054484508124
157	149	0.3835710139371119
157	118	0.3225673721777044
157	46	0.3081680848197873
157	47	0.28649164931104365
157	21	0.2842963154545661
157	154	0.27542062912543136
157	133	0.2346927285009003
157	14	0.23365304925905606
157	28	0.1932200973892171
157	116	0.16683571340840675
157	48	0.12175297833155947
157	192	0.09807967573607523
157	6	0.08822303620702683
157	79	0.08330846485493883
47	48	0.4479238531483978
47	46	0.4174831349944402
47	82	0.4113208418840372
47	149	0.37756777741835823
47	116	0.3537117800189953
47	21	0.294704089613704
47	115	0.2720811653564664
47	154	0.2573515220044177
47	14	0.2505691523941047
47	133	0.22197261181073727
47	28	0.2087365749752592
47	79	0.15131893107407354
47	93	0.1511039613533226
47	66	0.1371305981554099
47	162	0.12787605837790533
47	118	0.096090602876055
115	116	0.600986490472916
115	118	0.5229343013914577
115	186	0.5064920078983733
115	93	0.3577732996131152
115	79	0.3412883480453595
115	154	0.3327433448897597
115	82	0.3213931817992367
115	46	0.3173881568522517
115	48	0.3118198495318716
115	21	0.2930321261918541
115	66	0.2746903970448994
115	64	0.26430397107521697
115	28	0.25652961830976434
115	14	0.2407216394420421
115	117	0.21348506203895
115	133	0.1827053092870052
115	184	0.17014890119198278
115	160	0.14962810266757898
6	14	0.34427120105300024
6	160	0.227783102214144
6	71	0.19833617323891448
6	186	0.18598976015430999
6	192	0.10637600835806764
82	64	0.6176706149924771
82	54	0.40206526136674986
82	48	0.373212243227925
82	66	0.33326791814661283
82	149	0.32567283125363633
82	58	0.2751433631812055
82	116	0.2513562472266541
82	93	0.22566773507243054
82	118	0.2228851161147126
82	133	0.17273071785737584
82	79	0.15257914670876646
82	162	0.15035145490137472
82	186	0.12661678387235206
93	79	0.5559553885133549
93	178	0.35848812831885485
93	28	0.355224409099522
93	66	0.3525213604556746
93	64	0.2942291791385447
93	48	0.2834320596779515
93	186	0.20910955191980088
93	54	0.185487699582196
93	162	0.1819319013914492
93	116	0.17975548739376254
93	160	0.17570753373382295
93	154	0.17103241905796684
93	71	0.1575662521337338
93	46	0.14938369067222207
93	117	0.1430716312700601
93	58	0.11068464558446142
71	177	0.3348936712823544
71	79	0.28753773889427503
71	160	0.2032305601495687
71	58	0.17678305434502842
71	66	0.14560766987284354
71	14	0.13664978023828128
71	116	0.11535421840066043
71	192	0.11321256097814822
71	162	0.10245918966251986
79	154	0.32261216896968825
79	116	0.2711086174398775
79	66	0.264852670060206
79	48	0.2578463526678948
79	89	0.2551558381930763
79	28	0.2529387993269452
79	46	0.24674142285326106
79	178	0.2264648060130884
79	21	0.2102663492257401
79	186	0.1890868595316252
79	64	0.17330305628178766
79	54	0.15030258481203054
79	58	0.14208216281258834
79	133	0.1254555284464558
79	192	0.1148805793775688
79	117	0.10471472366666153
79	160	0.10190503674064004
79	177	0.08348820594833291
28	133	0.3978398837140185
28	184	0.2449750624657641
28	162	0.2301236243199725
28	89	0.2025497869216858
28	116	0.19896052345623397
28	21	0.19740415134366784
28	160	0.19059063874263554
28	46	0.1889711473674764
28	149	0.186173181154094
28	154	0.18284063245251872
28	117	0.16630097318015194
28	186	0.1329581119352558
28	58	0.13219182135114402
28	48	0.08308104984914533
21	46	0.4989897123632188
21	154	0.497132434146934
21	149	0.4111048068424709
21	48	0.3651019679178111
21	14	0.3154174003495651
21	192	0.29746845568754043
21	118	0.2657729829822088
21	186	0.2427365919923441
21	116	0.19645254439688567
21	89	0.12230463933959465
21	117	0.09958383827748243
21	177	0.08563573807035088
21	133	0.08395888337379999
46	154	0.5682063564576224
46	48	0.4430183579506127
46	14	0.41700410851402137
46	149	0.3374836422043841
46	192	0.2623216526271365
46	118	0.2462436249061318
46	186	0.20395905746705129
46	178	0.198547509821778
46	89	0.1367086593657151
46	116	0.10879764853682444
154	48	0.5064622686620444
154	178	0.2728680592463401
154	149	0.2421153804556757
154	118	0.22838032879187145
154	116	0.21001783074880148
154	66	0.15767351929049667
154	192	0.08802955062515448
89	192	0.6233833770811816
89	54	0.13959254553797867
89	186	0.13171035279507665
192	149	0.3190957281079679
192	58	0.20643999917275954
192	14	0.20061187001839334
192	186	0.19144816399342351
192	54	0.17455403212391454
178	161	0.19028224387777076
178	54	0.1774901488264681
178	64	0.1632364944377417
178	66	0.1573322017971181
178	48	0.12512086547481271
66	64	0.38146242350876347
66	160	0.2962282977131213
66	186	0.26350386607411896
66	48	0.2377896687746167
66	177	0.2372990109905177
66	118	0.21259727159269515
66	162	0.14681137572514866
66	117	0.1321721707927464
66	116	0.12566221778923034
66	58	0.09099162410566672
149	48	0.3600035676005351
149	118	0.28061544683622514
149	14	0.2529855998332128
149	116	0.24277423478470905
149	133	0.23264121198677035
149	54	0.14720273129007988
149	161	0.13953371421003058
149	64	0.11192903500571216
149	58	0.08737859660400801
64	58	0.5995215900554977
64	54	0.5720199226164981
64	117	0.35241626856767216
64	48	0.2965749132213961
64	162	0.2965566722467853
64	118	0.2958998531348337
64	116	0.23929862310245464
64	133	0.20871744631455927
64	161	0.16096772117258387
64	186	0.1274333914636981
64	184	0.11764273053702864
54	58	0.6196027251425308
54	161	0.23491949636112736
54	48	0.16725371470873404
54	117	0.1375819194457586
54	162	0.09776472496363386
58	117	0.2553334597245813
58	161	0.24168229738685784
58	162	0.21482085570504109
58	48	0.13062927898237187
58	186	0.12423485564943025
162	117	0.4712453603683413
162	133	0.24462723568340336
162	14	0.15319442083473847
162	160	0.1397690336073387
162	184	0.0954227830400536
116	186	0.3654919190729792
116	133	0.3648419292775198
116	118	0.3485919164570609
116	48	0.2661911470671429
116	184	0.2425483670676568
116	160	0.17011005895358794
116	14	0.1245991281975662
118	117	0.39781463170983056
118	186	0.3246086340493241
118	14	0.21834728907229112
118	48	0.20432322149228666
118	133	0.20237716538486086
118	184	0.16595090840239904
186	160	0.5357104503386274
186	184	0.3836562979933051
186	14	0.34205678405603474
177	160	0.10908420677828616
184	133	0.4126326762091839
184	161	0.32367790577346234
184	160	0.28051410566165536
184	117	0.11514700776925373
14	48	0.2210311843588926
14	160	0.15224704482778764
14	133	0.08417832144877753
48	117	0.18715764020476425
48	133	0.08171538558483014
117	133	0.2877670529175665
133	161	0.1443937412919274
