9	108	0.8841570044847751
9	11	0.7910383364995404
9	112	0.7807153915783637
9	3	0.7557716333683264
9	109	0.744415111563761
9	106	0.7168865297155035
9	103	0.7086018155476042
9	12	0.6043360391786213
9	176	0.5866941158821614
9	197	0.5576251496634831
9	5	0.5316697321639613
9	95	0.5220400828216026
9	6	0.5144553875724825
9	70	0.5115596787874156
9	113	0.44801177888019533
9	0	0.3680537304249335
9	105	0.3514349825517989
9	198	0.326584344096579
9	96	0.2755869667032002
9	139	0.25275158546595256
9	110	0.22403469541476714
9	111	0.22271405125305144
9	89	0.20948246803473405
9	87	0.206889925272309
9	177	0.2046777479218838
9	20	0.20133157775521776
9	191	0.18711904103511115
9	71	0.17131392198207188
9	13	0.1689834045601478
108	103	0.7447225874188462
108	12	0.6420301833220281
108	112	0.7502557926502504
108	106	0.6988504218065629
108	109	0.6909179368019408
108	3	0.6785382388505732
108	11	0.6707580957237881
108	6	0.6093520019707748
108	176	0.5774242988012602
108	197	0.5463757380734434
108	95	0.5088227761757819
108	113	0.4994551940413349
108	105	0.4690564904821588
108	5	0.4676435177464597
108	70	0.4545259159419289
108	0	0.33970587814326114
108	198	0.31612862735045244
108	111	0.3134619542586416
108	96	0.28851897122070824
108	20	0.2670178876088228
108	177	0.2518339641647561
108	139	0.2371574525759213
108	13	0.2350234230864479
108	110	0.1816901652057904
108	71	0.16690376422269534
108	101	0.1656980578213327
108	191	0.16494910341382885
11	112	0.7672057727098854
11	109	0.6831889717932611
11	106	0.6273534679874194
11	3	0.6133100281703422
11	176	0.6100933229531811
11	103	0.5798389167154987
11	12	0.5604781060309567
11	197	0.5580384438514253
11	95	0.5492034341053721
11	70	0.5178152847670539
11	113	0.4655704832982922
11	5	0.4073667742334092
11	6	0.3889310920554783
11	198	0.3692893663723565
11	0	0.3433453154926108
11	96	0.32878911748852585
11	110	0.2560344289757304
11	105	0.2526392480629516
11	111	0.2414186344446055
11	139	0.2295269007231512
11	13	0.21121238216872634
11	20	0.19752908224505397
11	191	0.1829179568655601
11	87	0.177315813754182
11	89	0.16663155143109734
112	176	0.6736194872524363
112	197	0.6675274668743678
112	109	0.6968136976364134
112	103	0.6517931400397642
112	106	0.6512982202341574
112	12	0.5815158337944397
112	3	0.5584583426524052
112	113	0.5325944496415934
112	95	0.4954064243217541
112	70	0.4919578071299287
112	198	0.432778107850426
112	5	0.4093998370247377
112	6	0.32671833893141033
112	0	0.321841462935976
112	96	0.2706453046156624
112	191	0.23927976828883896
112	20	0.23516513268821385
112	139	0.2337003190194091
112	89	0.23160994379484245
112	13	0.20580804069227504
112	110	0.20136995606995856
112	177	0.18954965564850876
112	105	0.1874567641658396
112	111	0.16866280997301653
3	103	0.7348222772072058
3	109	0.5921301541693651
3	106	0.5406474389922838
3	12	0.5401164485228331
3	6	0.4663768377846789
3	0	0.45605584588425
3	5	0.4557548287672397
3	95	0.42899144533564
3	113	0.4083671475041321
3	105	0.3969472807959623
3	197	0.3955900977145056
3	176	0.3801542968359433
3	111	0.3325476885595662
3	70	0.33018867330387885
3	96	0.31168442794160056
3	198	0.29595459875942953
3	110	0.28572959257409114
3	13	0.2502785931528464
3	177	0.24948166727737076
3	102	0.22169688290294412
3	87	0.22033673642381066
3	191	0.21834728907229112
3	128	0.21316053429201687
3	101	0.19233428746090772
3	126	0.18647241913383336
3	1	0.18524628981426375
3	190	0.1706926369629566
3	89	0.1655229946541964
109	106	0.6699762328639371
109	103	0.6261330111300755
109	176	0.6041265206776878
109	197	0.601580256607078
109	95	0.4559687200766378
109	70	0.4478599017191621
109	5	0.4285099033703595
109	198	0.344870465261521
109	12	0.3122621384252948
109	113	0.3066649634288597
109	0	0.2943205193697584
109	6	0.2505035461864987
109	89	0.2474080802078079
109	96	0.23742168679873624
109	132	0.2137045688064595
109	177	0.19861474940919452
109	71	0.1955582733206497
109	110	0.19346075225785545
109	191	0.17437951108221966
109	122	0.1703042648572916
109	139	0.16444320833451098
106	5	0.5546412661158008
106	103	0.6088865614771879
106	176	0.5873036678327048
106	197	0.5604643885913387
106	12	0.4683542067942627
106	113	0.4552555443282649
106	0	0.3966860944789542
106	70	0.3929128274658527
106	95	0.3921599630297386
106	6	0.3489432609182992
106	198	0.2435363438949153
106	20	0.21463007711094975
106	89	0.20306757597246497
106	111	0.19643331619338367
106	118	0.1963852450236703
106	105	0.1955582733206497
106	139	0.184425329503811
106	191	0.1713527477776006
106	96	0.16453077329713384
106	132	0.16213640213901134
103	0	0.500460250427982
103	12	0.5646680062945965
103	6	0.535753229822335
103	113	0.5048247556241201
103	176	0.4543672202794393
103	95	0.4520549377376432
103	197	0.4455786447986548
103	105	0.4308255961263793
103	111	0.4089918832504577
103	5	0.4055803476704031
103	198	0.33961741514678045
103	70	0.3254940321686228
103	13	0.3078241322341938
103	110	0.3007463763105226
103	96	0.2973681860300024
103	177	0.2936170610037209
103	102	0.26405281443732603
103	1	0.2344092327521313
103	191	0.22418665931908055
103	133	0.20424656007766087
103	87	0.18980994147174174
103	97	0.18010383250392445
103	139	0.1739237656241488
103	118	0.17316725774077688
103	99	0.1681284063821034
103	52	0.16551326861671553
103	71	0.1609774620508313
103	101	0.1598765447874944
12	111	0.64250017961528
12	113	0.6950294035466266
12	6	0.6108085014286755
12	13	0.5259935297823717
12	105	0.5251611962493099
12	176	0.3977557080227616
12	110	0.3553642116515932
12	0	0.35530304999087114
12	5	0.3550758514745725
12	70	0.34276298838097863
12	95	0.3217428534573448
12	197	0.3097691172564153
12	1	0.2788180183679453
12	96	0.2722663496448576
12	139	0.2656056893309587
12	8	0.24209655276165776
12	198	0.2404201592394965
12	10	0.21400039160994516
12	85	0.2093199223414698
12	66	0.20184963280414026
12	102	0.1998439430359172
12	88	0.19753869204868815
12	7	0.17409831525203973
12	138	0.16982843692385374
12	170	0.16527010722069405
4	107	0.8739352208724473
4	8	0.7373878956928873
4	1	0.5009922343822432
4	102	0.4828161721649914
4	105	0.4110383252291167
4	111	0.3917791010904565
4	73	0.3344319108717959
4	2	0.3340854851397637
4	183	0.3279772478810261
4	104	0.3276559348239389
4	76	0.2978330172970139
4	85	0.2964289793664545
4	6	0.2797123689044886
4	22	0.2715162288422309
4	172	0.270478481289037
4	171	0.2608684068393057
4	134	0.25930204975011645
4	160	0.2567164472328287
4	188	0.2537810271380771
4	7	0.24347049446900776
4	140	0.2295647930713122
4	58	0.22927110917888802
4	66	0.2271572524102227
4	75	0.225980906183304
4	169	0.22438609539863255
4	100	0.2235027359961093
4	37	0.22066971883422745
4	79	0.21282641247278813
4	141	0.19244021604677894
4	92	0.19236317751985865
4	147	0.18488896232846044
4	146	0.18091646196433728
4	189	0.17737392668198335
4	13	0.17691867567280248
4	10	0.17043049160143495
4	31	0.16212666500535314
4	81	0.16080212144585745
4	175	0.15942826968592627
107	8	0.6973791597223089
107	102	0.5839461906655766
107	105	0.4905390856601472
107	1	0.4848840704886866
107	111	0.4226878067051151
107	104	0.4184734877707671
107	6	0.33970587814326114
107	85	0.3144715499858846
107	22	0.31388571035019425
107	7	0.28846396486035675
107	76	0.2881980739479427
107	100	0.2834872387155676
107	183	0.2796294083270922
107	73	0.2791592195428264
107	188	0.2759473081670961
107	2	0.27113641221733353
107	88	0.2693473621020604
107	134	0.2583690456842557
107	66	0.2511032886554827
107	172	0.24943477874763376
107	58	0.23422966481753546
107	92	0.2189090880656036
107	31	0.21781392221253065
107	160	0.2104288273869528
107	171	0.20517591050647185
107	147	0.2024442974775362
107	10	0.2003719192697483
107	90	0.19785579425948935
107	135	0.18842144297028132
107	79	0.1873313293147728
107	169	0.17743203837287164
107	75	0.17178950127673231
107	110	0.17124597555956164
107	81	0.16876967880407628
107	189	0.1640053446683444
107	161	0.16202929193255122
8	1	0.7345553424622383
8	111	0.6246229348827487
8	102	0.6323666310057571
8	2	0.5003103275163411
8	13	0.4753503269719926
8	105	0.4650377087053504
8	10	0.4446966071971495
8	6	0.42033595183878975
8	104	0.4112294480811129
8	141	0.3843724256273037
8	114	0.3662454608948324
8	7	0.3602124449328599
8	110	0.3600470866887132
8	37	0.3436011030749899
8	172	0.3169744346899669
8	76	0.3113142109969686
8	188	0.2931418181948962
8	85	0.29284928904425644
8	160	0.27835682385539146
8	134	0.26019727857493524
8	36	0.25973106927247896
8	147	0.2551558381930763
8	140	0.2491252851272925
8	174	0.23834622971013736
8	100	0.2373084478599177
8	0	0.2357790920377962
8	66	0.226588135161444
8	135	0.22567722579174626
8	30	0.2176900862843259
8	73	0.21627023636582068
8	170	0.21336098345941168
8	31	0.20872701066487254
8	183	0.2060953158617108
8	113	0.19347037796860653
8	146	0.1828213009957673
8	32	0.18190289420964026
8	35	0.1799877224819165
8	144	0.17873922359130512
8	171	0.17800340403755294
8	161	0.17774194648521532
8	75	0.1774126679467004
8	187	0.17118773447226712
8	182	0.17064409334751085
35	62	0.8490111125023929
35	32	0.7529100215882956
35	140	0.7032845107169926
35	42	0.6664171718880247
35	37	0.6545510195035669
35	61	0.6548995337142858
35	38	0.6200030239700439
35	41	0.5864251772996109
35	36	0.5795069270775772
35	141	0.5675966174275855
35	137	0.5526440469161211
35	40	0.5519838451714583
35	165	0.5484207723527212
35	30	0.541722259421183
35	134	0.5083483181301582
35	69	0.5051376530889654
35	166	0.4950441434130827
35	34	0.472085094698431
35	142	0.4609996689273444
35	114	0.4422062227561934
35	164	0.4329406344025453
35	45	0.4284609193552473
35	144	0.4068995984132764
35	146	0.3864499821547855
35	60	0.3693843613031326
35	2	0.35864498572262155
35	150	0.35260893023740314
35	145	0.3509528180040266
35	27	0.3460945571437493
35	68	0.32639672927230323
35	57	0.3139037397522252
35	10	0.3109348663651635
35	13	0.30523285929390065
35	138	0.29329720198863873
35	67	0.28258574626801714
35	81	0.27743404982392106
35	39	0.2565015923174399
35	175	0.2557914567502925
35	174	0.24063685282706604
35	171	0.2372046398334758
35	98	0.23696869235672194
35	154	0.2213830792940755
35	182	0.20385363102486545
35	172	0.20136995606995856
35	63	0.20001674804964228
35	33	0.19465405582536088
35	178	0.19331636212826453
35	53	0.1864627668354658
35	94	0.18237663850091893
35	199	0.17515507615153147
35	139	0.16429726097091285
35	180	0.16172741536158644
35	97	0.1593892861322708
62	34	0.560450670844192
62	140	0.6908552157134742
62	32	0.6764879456070643
62	137	0.6411358594423021
62	61	0.609050142437283
62	165	0.5947861569298303
62	42	0.5946375038282554
62	30	0.5249294114756782
62	38	0.5119065994973349
62	37	0.4937823661804649
62	164	0.4845933597109792
62	45	0.4828161721649914
62	36	0.4825630586262816
62	166	0.4821947495537027
62	41	0.4616608953351028
62	134	0.457543553156665
62	141	0.4122924276126417
62	60	0.4032215331406157
62	40	0.3927859770641296
62	69	0.3863478986519003
62	142	0.3676646246026817
62	146	0.3626379900987622
62	114	0.3542016202078719
62	145	0.3230331881530719
62	144	0.32005645009012884
62	150	0.3036632110828472
62	2	0.2994815716415446
62	138	0.2963468854891085
62	33	0.2770370994439001
62	57	0.2682619016909763
62	27	0.26350386607411896
62	67	0.2613995379796021
62	68	0.24071221888844205
62	81	0.23059709136130602
62	39	0.22914793898985986
62	98	0.22562028083335825
62	154	0.2232462079596784
62	119	0.21861392361320225
62	182	0.2127404873845447
62	199	0.20012234498894413
62	149	0.1897231824931308
62	97	0.1857966714125552
62	171	0.17348734376105904
62	49	0.16437510046044454
32	38	0.7316272546559817
32	36	0.7315157018960552
32	41	0.7049283104659332
32	61	0.6480909106997628
32	140	0.6174169727384053
32	166	0.6127544978627483
32	114	0.5984315045377506
32	42	0.5762899984359996
32	40	0.5705716382884812
32	141	0.5625459098529093
32	142	0.5466773008329531
32	145	0.5140508385361285
32	30	0.5074578769875161
32	137	0.5013441846709897
32	37	0.47586876996290006
32	134	0.4604246156141089
32	13	0.4581126363902794
32	165	0.4577016694649302
32	69	0.4376416391651037
32	97	0.4122094226952752
32	146	0.4102402049432094
32	98	0.40301215894012815
32	150	0.3772247486006197
32	68	0.3763152216810545
32	175	0.3694102676718513
32	199	0.35996875120193994
32	164	0.3582702372300885
32	10	0.34922426588338623
32	79	0.3309903127604141
32	144	0.3292884882123194
32	81	0.3256549523930459
32	182	0.3130110128181113
32	60	0.3045344339472737
32	27	0.2962374201740541
32	34	0.2908092065166724
32	45	0.2862805132193382
32	181	0.27334927329440256
32	180	0.27250705906885503
32	171	0.27137728134367656
32	172	0.2576222951447973
32	2	0.25581949365705564
32	174	0.23396500925724706
32	67	0.23272633923015476
32	139	0.2322155223207541
32	63	0.2283329361294623
32	138	0.2268727131534089
32	196	0.216832568586364
32	187	0.20635383314465508
32	57	0.20172492615813814
32	93	0.1941922000045148
32	1	0.17677336685038592
32	147	0.17542647263003067
32	148	0.16633014335420193
32	94	0.1636647393444476
140	166	0.6798849162607448
140	137	0.7341130193728572
140	165	0.7055365134476101
140	134	0.5687545886599656
140	61	0.6155633554599791
140	141	0.5925196448734259
140	42	0.5385705929940813
140	146	0.52813846515159
140	36	0.5268465303044341
140	150	0.5184663464741827
140	38	0.5120467966700992
140	164	0.5078141836925226
140	40	0.4906529829894449
140	37	0.4893459546484117
140	172	0.4794578047644877
140	114	0.4682761387044733
140	145	0.4650220337609741
140	69	0.451991283729109
140	175	0.4250585622684915
140	30	0.4232871962129448
140	41	0.41442330349530304
140	142	0.3951091894978304
140	60	0.3829141076263736
140	81	0.3800944114527013
140	34	0.36420893083292055
140	2	0.3573633915307801
140	199	0.356604262180762
140	144	0.3533967802501136
140	45	0.35016341997226524
140	57	0.3490574267568798
140	171	0.3479240920654257
140	139	0.33223635812381114
140	67	0.31612862735045244
140	138	0.3021010001942345
140	189	0.298862434315217
140	174	0.2963833721975186
140	180	0.28391940954491346
140	68	0.2814535746041269
140	182	0.2799520093287643
140	183	0.2654569704332869
140	98	0.2625823659290724
140	27	0.2608031693109216
140	10	0.25965646454073243
140	39	0.2556512657627973
140	86	0.2458208642539793
140	63	0.23422021343075666
140	154	0.23255608117857246
140	79	0.2315910165704916
140	148	0.2298394917775543
140	31	0.2232747126026822
140	188	0.2144297419590256
140	97	0.21424847079762546
140	147	0.2021086179992579
140	47	0.18774620586828544
140	169	0.1825699791985216
140	33	0.17657960976739653
140	77	0.17488365305130366
140	49	0.1736328252953204
140	167	0.1689348319193406
140	173	0.16407346104351608
140	80	0.16407346104351608
140	181	0.16380098616115887
42	68	0.5287871194405654
42	61	0.642241741423015
42	69	0.6061420408704207
42	40	0.5863726863962495
42	41	0.5494408374660009
42	146	0.5248207355524697
42	166	0.4968387620804601
42	165	0.454890806472378
42	38	0.44215795425618026
42	30	0.4200806901021509
42	145	0.4184074951664129
42	150	0.4108388541564387
42	67	0.4049368082944373
42	37	0.4014279256595844
42	141	0.3928705456597341
42	36	0.3878696608217552
42	137	0.3858713838367573
42	172	0.3848666249433476
42	45	0.3783734872426344
42	60	0.3691770896855477
42	49	0.364980623638756
42	134	0.3635148472640829
42	47	0.3435040861975032
42	175	0.33924580495765033
42	81	0.3389271976382087
42	164	0.33761655119388245
42	144	0.3038084502096807
42	171	0.2942565817723611
42	180	0.2681041284534657
42	114	0.25495014964060314
42	142	0.24720153533574216
42	57	0.24224716920763945
42	94	0.24166346550249115
42	153	0.23687430553648015
42	86	0.2325655403332653
42	148	0.2304550627024435
42	51	0.22650275421697635
42	154	0.22028916331361603
42	27	0.21530726689229945
42	20	0.20443820891492168
42	189	0.1967313363613089
42	34	0.18197057714130466
42	98	0.1809261346391753
42	139	0.1792232064425887
42	97	0.1725657851189947
42	63	0.16879882416036748
37	141	0.6515169741222628
37	36	0.4601330025549242
37	13	0.4429942455881178
37	61	0.4391038096674072
37	38	0.4369299118248983
37	40	0.39104238722073903
37	144	0.3857351989059189
37	171	0.3829482421749786
37	166	0.3677597512547002
37	114	0.3636623738283744
37	30	0.3608910467871117
37	69	0.3568573576857918
37	2	0.3539654715023563
37	134	0.34998793056874844
37	39	0.33932544463141073
37	150	0.3231585734200577
37	175	0.3062300402738305
37	146	0.29959990743622944
37	34	0.2954070550710073
37	10	0.294347920390766
37	142	0.2929955604763557
37	41	0.2879596512016964
37	67	0.27162737869271586
37	137	0.2648805654304476
37	145	0.25960983500936724
37	172	0.2560250844880938
37	1	0.2496692096967296
37	165	0.2496317027107469
37	98	0.23938346753015
37	68	0.2391477795412398
37	27	0.23137334089139155
37	113	0.2169850406772685
37	65	0.20707178546753852
37	66	0.2042178114012341
37	199	0.1983649929502976
37	138	0.1966159780247554
37	147	0.18903864676786766
37	20	0.1790393031644202
37	182	0.17685086584838167
37	102	0.17554277724744746
37	170	0.1684976412531677
37	7	0.16627180271503875
37	188	0.16540628007989427
37	63	0.16469616670563714
37	97	0.16421941943514384
34	33	0.6063760473542371
34	138	0.5335465110793592
34	123	0.497824747909199
34	137	0.4744596921198661
34	136	0.3626900985861969
34	22	0.3483898490142066
34	24	0.3401304168457264
34	44	0.3135340917777569
34	124	0.3123614091743194
34	128	0.25241455282474395
34	65	0.25130940563614784
34	61	0.24484345974248226
34	150	0.24469304558246266
34	30	0.2380443855546165
34	25	0.2363173323284567
34	119	0.23573187107016186
34	141	0.2269770487141129
34	45	0.21914709473797986
34	39	0.2071674956128988
34	134	0.20483104002361946
34	165	0.18707079126050466
34	126	0.1869163859172164
34	78	0.18562287927479149
34	146	0.18540079464345152
34	129	0.18529457355760987
34	164	0.17828420082323784
34	69	0.17263369977198806
34	169	0.17208063277417324
34	166	0.17171186114049705
34	1	0.16928453660452775
34	36	0.16458914849827108
34	135	0.16131837301911595
6	105	0.8318461148378062
6	111	0.6824363608158971
6	1	0.5339827192090004
6	102	0.4338502628452036
6	0	0.4146137836007531
6	95	0.4048866455048546
6	13	0.3877422198392053
6	96	0.375963228781949
6	113	0.3522148176045279
6	110	0.2978421302248103
6	176	0.29342515347909165
6	5	0.29236466704562275
6	88	0.28700560342045445
6	197	0.25658566900027313
6	198	0.2525830768069349
6	85	0.2519557155332076
6	104	0.25023172453508435
6	101	0.2422565823479262
6	7	0.23396500925724706
6	177	0.2278968728867949
6	193	0.20957807774111814
6	126	0.20289499222529356
6	70	0.1931912172420001
6	100	0.1828116352143775
6	22	0.17760636602026975
6	139	0.16900283338666186
6	99	0.1624479737347776
105	111	0.7283340358857935
105	102	0.553095364693122
105	1	0.5081703167397771
105	96	0.4011091119064572
105	95	0.3855564306727065
105	88	0.3834771939184606
105	85	0.3692980025941023
105	13	0.3645905044764524
105	113	0.3612562896182176
105	0	0.3592896311107334
105	193	0.3235346611381347
105	110	0.2949323601657733
105	194	0.2898385518626572
105	198	0.28481097180323195
105	7	0.269449378798915
105	22	0.2499129868409779
105	177	0.24840293552820056
105	104	0.2462999859179834
105	139	0.2452664363666539
105	126	0.2382424759721053
105	160	0.22938479822148825
105	90	0.2278873922350359
105	101	0.2186615334903736
105	92	0.20808611099935204
105	196	0.20724406087408964
105	129	0.2045723537772613
105	97	0.19389387234413905
105	66	0.18942432334019865
105	71	0.18454124541365552
105	181	0.17678305434502842
105	5	0.17143039777185806
105	135	0.16554244663256365
105	87	0.16411238398402175
105	197	0.16194165346901795
111	102	0.6182701840993334
111	1	0.5991306970947671
111	13	0.5604781060309567
111	113	0.5187441449358111
111	110	0.5055397547806337
111	0	0.4600226365792269
111	104	0.3607257815030295
111	7	0.3401304168457264
111	10	0.3307676829897632
111	88	0.2886564787891325
111	85	0.2795280063951155
111	114	0.27554076347539924
111	101	0.26867946725361674
111	2	0.26535471886227285
111	193	0.2571740969941562
111	141	0.2464314884670247
111	96	0.2375632263983847
111	194	0.2255158777389028
111	100	0.20995091728944565
111	83	0.20930079855801034
111	22	0.1987396179679664
111	95	0.1941055924460314
111	191	0.19321047071067712
111	177	0.18804526137555566
111	87	0.18104220400667687
111	139	0.17892314727805078
111	196	0.17305085375035084
111	92	0.1704984575318085
111	135	0.17006150541226403
111	66	0.16464752254646875
111	5	0.16273030751633366
111	151	0.16126967380722634
111	75	0.15984731146257872
111	171	0.15980833325989635
28	132	0.8210724680085986
28	131	0.6801160839597772
28	29	0.5932589145332271
28	16	0.525704136587576
28	26	0.4597151135446757
28	133	0.5478121479646002
28	21	0.5250887718743088
28	118	0.5216252991757224
28	122	0.4988545185537693
28	43	0.4507092686609109
28	128	0.4432996214844911
28	19	0.4287629473198249
28	117	0.4217921392295252
28	23	0.4049284479987709
28	125	0.3924899346660845
28	149	0.3771732853465461
28	120	0.36972109930113095
28	156	0.3693239108766166
28	121	0.3674483990516109
28	52	0.3661502119890627
28	18	0.35347553770937784
28	39	0.3521622598105574
28	46	0.34399791391999984
28	126	0.3314354617597445
28	48	0.32852152178692096
28	124	0.3159756084709415
28	15	0.3155524707375529
28	129	0.314102048231353
28	136	0.3090547485421732
28	53	0.2963468854891085
28	51	0.2916145786090708
28	25	0.282613350392873
28	115	0.2727014533210773
28	143	0.26023457008183826
28	127	0.2512625628684535
28	152	0.23977935983673954
28	14	0.2379028802724212
28	17	0.21780439662083
28	44	0.20867918851407274
28	20	0.2069186409908352
28	116	0.18489862047131936
28	71	0.1826666442536552
28	95	0.17850688107928522
28	155	0.17794530452981897
28	197	0.16831302972160428
132	21	0.5372274375536503
132	122	0.5371918672641961
132	131	0.6775333420514813
132	133	0.5787492711070722
132	29	0.5777574931658099
132	118	0.5205034220025686
132	23	0.4928289880174128
132	128	0.4923518545982751
132	16	0.4504861193821769
132	125	0.4385870642984749
132	26	0.4235170007962709
132	117	0.4112793002714736
132	120	0.40229158954351424
132	126	0.3989924159109581
132	149	0.3927521477655917
132	43	0.3684686345904261
132	19	0.36595103039346705
132	25	0.3644170770799592
132	53	0.3600906042100275
132	52	0.3566304469026324
132	136	0.3549272759138039
132	51	0.33905110972745256
132	46	0.332369794323308
132	129	0.3314087569781845
132	156	0.3285393631418877
132	124	0.3176669014924917
132	121	0.3047703025485505
132	152	0.30065541841358645
132	17	0.2991811394009353
132	18	0.2885464736867479
132	48	0.2862070680600013
132	127	0.2737933494780034
132	39	0.25554845220459177
132	143	0.2522741044740879
132	44	0.2488907863792085
132	155	0.24705130677099865
132	20	0.2434987159264162
132	197	0.23117457329731755
132	148	0.2257816208766434
132	95	0.2253735015354233
132	14	0.2193660378452472
132	71	0.21309371391401985
132	115	0.21113594973104172
132	154	0.20772253620324785
132	15	0.19812481821234326
132	177	0.19624102585104372
132	116	0.1934511265098604
132	123	0.18507246093375346
132	45	0.16782715351043245
132	157	0.16099694371324078
131	133	0.5829634160993941
131	29	0.5225563980112838
131	125	0.4605979600707942
131	128	0.45714022558881795
131	118	0.4514818859600766
131	16	0.4380781096628014
131	21	0.4169214943119024
131	156	0.3928367190187984
131	122	0.3894062787686228
131	117	0.3846451145857723
131	26	0.3776792394812967
131	52	0.3702217095540799
131	129	0.3631242477654073
131	39	0.33478712545361083
131	143	0.3155344620911377
131	124	0.3137775291846304
131	121	0.307842237008802
131	149	0.3022100444389079
131	51	0.3020192118219925
131	19	0.2920445512864939
131	46	0.2917060720344383
131	43	0.29104720031791
131	120	0.28365276456476346
131	155	0.2810299592018365
131	126	0.28046803942375603
131	53	0.2678535178707252
131	136	0.2656707498744665
131	115	0.2633735820689637
131	23	0.2615579148879983
131	116	0.25863033549699643
131	48	0.24637513134251265
131	152	0.23689318325831224
131	127	0.2321587569728429
131	195	0.22688219841960935
131	154	0.2237592330736614
131	15	0.2148017785830813
131	14	0.20373861496819048
131	148	0.1961641054868315
131	44	0.19587563262596394
131	123	0.1892411342484256
131	130	0.18073267449459468
131	71	0.17610484710273133
131	18	0.1721679663644039
131	178	0.16697181344689138
131	177	0.16553272065947974
29	133	0.6139833407973144
29	21	0.4395395877310146
29	16	0.4293911847826101
29	26	0.4155739120705264
29	122	0.39742735884960656
29	23	0.3967535035509868
29	128	0.3957756534270413
29	118	0.3880140760093945
29	117	0.3760834336852809
29	125	0.3746315437598396
29	115	0.33093688497466195
29	43	0.315327346323049
29	149	0.29830681753214483
29	25	0.2854999865275821
29	124	0.2849396102525693
29	18	0.2799427930342387
29	19	0.2648712670229577
29	120	0.2644062838754157
29	126	0.25759428600574097
29	116	0.25684721606530386
29	46	0.2559596717349613
29	136	0.25274222427593185
29	48	0.2424824840289025
29	52	0.2335868697390709
29	121	0.2322628255690469
29	129	0.2301330947293538
29	20	0.2296026847235797
29	39	0.2286741391331845
29	152	0.2273658898884721
29	51	0.22587652099962416
29	17	0.2196325474602013
29	119	0.20975972514133565
29	44	0.2066984780413968
29	156	0.20207984326160192
29	53	0.19939267135544425
29	101	0.18724448622327336
29	71	0.18277297173543156
29	143	0.16223377173868125
16	18	0.6193438989681422
16	15	0.5799982033852529
16	117	0.5648382697661324
16	118	0.5609237554035577
16	48	0.4890949357448448
16	44	0.5213850485029742
16	115	0.5169951180411771
16	46	0.4950290446376721
16	19	0.4798119819237122
16	17	0.4763250356667511
16	120	0.4738473011885244
16	43	0.4563567586860752
16	122	0.4527707280254396
16	21	0.4441990782311654
16	23	0.4399670947246075
16	121	0.4371483409593516
16	51	0.3867136540460807
16	133	0.37524173371041947
16	152	0.3679759195670347
16	124	0.3677943408564696
16	116	0.3636189855555833
16	149	0.3399712310676225
16	14	0.33387225519370195
16	136	0.32093578659143185
16	25	0.31965248819568176
16	125	0.31577755963557697
16	53	0.31108842256337765
16	154	0.30948883699138263
16	128	0.30612128949852985
16	26	0.3003825119107144
16	47	0.2815548576953924
16	20	0.28075362926441977
16	52	0.25933003240583913
16	153	0.2524520039223368
16	119	0.24804634941307396
16	33	0.23701588408947655
16	22	0.2334072287053788
16	155	0.19799030996440575
16	39	0.19400935827649501
16	49	0.18679092477491868
16	156	0.1858352903093998
16	151	0.18535251286865054
16	75	0.17822610731725408
16	179	0.17638583899850388
16	71	0.1627984530592593
16	58	0.16207797886350298
16	168	0.16047089483912969
26	129	0.4475080869501156
26	128	0.4395073149655928
26	23	0.4333305832921317
26	22	0.4292280461326394
26	24	0.42450126012320055
26	118	0.4188116305106869
26	126	0.3694793485145013
26	21	0.3684599922499288
26	25	0.3671715723751228
26	39	0.35929834018905216
26	43	0.3462441854935407
26	18	0.3416417086927604
26	149	0.3250827059387774
26	33	0.3147598754077574
26	136	0.3126862475581964
26	123	0.3098414389115393
26	116	0.29679378803513023
26	125	0.29428398392237753
26	127	0.28559183288083195
26	133	0.2801363243809275
26	44	0.26493635484089223
26	17	0.26391326749453003
26	157	0.26100819351951504
26	143	0.2561278712200937
26	122	0.2378085378063454
26	88	0.2364872728391609
26	124	0.23409734137425264
26	115	0.2327074223730877
26	91	0.2274702008019423
26	75	0.22692962410496964
26	152	0.22405369149875404
26	53	0.20810524492312765
26	15	0.20509927702110786
26	86	0.20268403941554924
26	194	0.19998794807782164
26	19	0.19199721215111945
26	117	0.18494691064984714
26	189	0.1846571561897098
26	120	0.18176752317592013
26	92	0.17489334719142882
26	185	0.1744376859806461
26	74	0.1690805473791699
26	64	0.1666996070119965
26	162	0.1663884828289198
26	193	0.1654257328307897
26	80	0.16487127904356744
26	52	0.16485182263018702
21	125	0.5485186576884556
21	122	0.5033254808805917
21	23	0.4807582529551905
21	51	0.44374946161518175
21	25	0.43417491606730624
21	17	0.42282742362439796
21	149	0.4163595350814043
21	118	0.4137604812250933
21	128	0.4137439050426405
21	133	0.3878866518324713
21	120	0.38718980430924815
21	117	0.3614736434568819
21	43	0.3602646586239869
21	124	0.3499001766529142
21	52	0.3468161314181814
21	136	0.3332945858548222
21	53	0.3313375416313614
21	48	0.3264235329650897
21	19	0.3189430295803412
21	46	0.3179905360539255
21	126	0.31669555386108805
21	121	0.2958998531348337
21	155	0.28982023188418576
21	44	0.28136149362424745
21	20	0.280108678439404
21	18	0.2662840588209269
21	15	0.26562427830456536
21	156	0.2601320165700365
21	129	0.2600760758169475
21	152	0.2599268919407894
21	154	0.2595072457794397
21	115	0.238930921698923
21	47	0.21549798723322613
21	127	0.21543123698319214
21	45	0.20168655356636367
21	192	0.18863362359055724
21	123	0.1802296126974988
21	143	0.1788747475197309
21	14	0.17322545792205593
122	52	0.5391099278375627
122	118	0.493442010036919
122	51	0.4824019443937824
122	125	0.4775533563466489
122	156	0.4692748578794379
122	48	0.4516968240626709
122	149	0.4374394996042256
122	117	0.4121264109345448
122	155	0.40295352660217343
122	133	0.3998664901510001
122	43	0.3857181746074572
122	46	0.3791186868947344
122	15	0.3425423410946956
122	120	0.3396085685166228
122	17	0.3328589465312066
122	23	0.33000155548954657
122	25	0.3278076754403195
122	154	0.3265932774940655
122	152	0.3240359524429737
122	47	0.31222603828012946
122	44	0.2947862708887187
122	119	0.29289500033958765
122	45	0.28593161876334644
122	115	0.28379068986166844
122	53	0.2835700037523829
122	128	0.27951878772841066
122	153	0.2794358174091184
122	136	0.2739783467856866
122	71	0.24860934936059065
122	126	0.2459805848352485
122	89	0.24347049446900776
122	49	0.2348628067923325
122	177	0.2270244722468385
122	178	0.21706127275317805
122	18	0.2146968514827155
122	14	0.2129505206776935
122	27	0.20070784358049065
122	179	0.1995943138473607
122	164	0.19541400554555774
122	124	0.18941468213767892
122	19	0.18517869107095736
122	148	0.1810228594622286
122	72	0.17296354758464852
122	192	0.1729441458453111
122	121	0.16914854539805374
122	129	0.1677882798876294
122	116	0.1605001221711741
96	198	0.806138074005346
96	193	0.6076265143952754
96	95	0.5942883323726734
96	181	0.5926039980365899
96	88	0.5730551114297847
96	199	0.4922988214950063
96	98	0.4652571273092523
96	197	0.4613697039981232
96	85	0.4595810305247245
96	79	0.446339709099136
96	135	0.4257301747080607
96	183	0.4163843341137638
96	7	0.40813381467390536
96	194	0.40741681614889935
96	190	0.3873258093313965
96	90	0.3692893663723565
96	92	0.3661935078974994
96	97	0.3600906042100275
96	78	0.3539654715023563
96	93	0.3237405706364657
96	196	0.3171723168732895
96	87	0.3069276674725382
96	182	0.3039445990680206
96	177	0.2966205147111876
96	176	0.2909739752909361
96	74	0.2873909606150465
96	185	0.2839561847180018
96	81	0.2811865254879046
96	22	0.25436100482558016
96	63	0.2465723739863976
96	145	0.2410795868569269
96	123	0.2399490035675829
96	175	0.2398453341393842
96	159	0.23558075649425395
96	180	0.21429617516619434
96	73	0.19948869369677
96	113	0.19651022810075786
96	167	0.19544285977738654
96	83	0.1940382289195181
96	66	0.18884578660082854
96	170	0.18849860159583592
96	160	0.1836717511607548
96	126	0.18260864564423548
96	191	0.17773226238999834
96	171	0.17404013325774872
96	184	0.16338249393881227
96	166	0.16154237927179252
96	31	0.1614547266322908
96	169	0.15966216056255728
198	181	0.6176644301241613
198	197	0.6089494833612745
198	95	0.60303313204553
198	176	0.5177786904530866
198	193	0.5043253349612146
198	199	0.4804121859339936
198	97	0.4028111200109771
198	98	0.382487337560708
198	196	0.3802911657434624
198	88	0.3786562069874354
198	191	0.3721272356770065
198	183	0.36945344367703936
198	177	0.3671283123291439
198	190	0.35560882786298503
198	79	0.3472295317303742
198	194	0.3404664116961916
198	87	0.33213849645749594
198	145	0.32852152178692096
198	159	0.3205859127310787
198	171	0.30466144476035634
198	113	0.2999275584453257
198	85	0.29244697194085834
198	182	0.2840205392606869
198	175	0.2833676817620548
198	180	0.2728773146513072
198	166	0.27128464339288483
198	170	0.2711456770426727
198	135	0.2667485433398173
198	81	0.2514499268753434
198	93	0.24562354392916835
198	70	0.2402411334158456
198	185	0.2314111991960803
198	71	0.2275365777564616
198	167	0.21498300462186654
198	90	0.212396754139432
198	7	0.19670249728767225
198	179	0.18936647557725805
198	139	0.18914471364476176
198	63	0.18344950089762205
198	92	0.17846815539105754
198	169	0.1770349171782731
198	101	0.17439890285030885
198	83	0.16793405328164587
198	5	0.16738979518873806
198	74	0.16710790712256113
198	126	0.1625745404464567
198	78	0.1596036895228216
193	88	0.7933844411568727
193	194	0.7202816253773899
193	87	0.5394077917798537
193	190	0.5164087027888837
193	85	0.5627987677877616
193	92	0.5326804053259038
193	90	0.4872516551502338
193	185	0.4682292943408885
193	78	0.4592575676299943
193	173	0.4226138837415189
193	183	0.4205829159952843
193	83	0.4193145060352123
193	91	0.4170206305276938
193	7	0.4106144021765254
193	74	0.402266444395742
193	135	0.3997992794579149
193	191	0.3893808275888033
193	180	0.38243611417903534
193	93	0.3688142759749175
193	22	0.3347516082747768
193	76	0.3250916491220474
193	159	0.3194190350041645
193	169	0.2910838115527541
193	75	0.2909007468548305
193	181	0.2905986435354019
193	199	0.2890597656145022
193	196	0.2714050717485529
193	66	0.2705526269957861
193	129	0.2669157274493433
193	63	0.2615299670449925
193	95	0.2588635979973373
193	73	0.25793970178645226
193	158	0.2561932779432638
193	160	0.25548302238506404
193	189	0.2543142392068904
193	82	0.2457738850714604
193	175	0.2441570994607381
193	31	0.2432070743249522
193	187	0.23965683025640394
193	79	0.23422021343075666
193	147	0.23057815477434496
193	179	0.22118336221031248
193	167	0.21606051641017388
193	65	0.2096067598716551
193	171	0.20775124156479527
193	170	0.20151386924302964
193	182	0.2014083337664452
193	55	0.19692358815061395
193	126	0.1965390694426282
193	123	0.19390349637714094
193	104	0.1895014516452941
193	188	0.1855939127890942
193	97	0.185487699582196
193	81	0.1821059378312552
193	197	0.16740923473678515
193	116	0.16232140167725415
181	79	0.7060985535036224
181	183	0.6313453429263604
181	199	0.5839198297760009
181	166	0.5699710747506589
181	145	0.5490916841925012
181	135	0.4839963021194852
181	175	0.4661577112350022
181	81	0.4570373865120137
181	95	0.4549939000413202
181	182	0.4483154556357625
181	98	0.4457549486409064
181	197	0.4140836619411674
181	171	0.4132381997251097
181	7	0.4118607273222875
181	196	0.3824617261637364
181	97	0.3567700892892192
181	61	0.3509528180040266
181	93	0.34851285044589464
181	167	0.31039277359156103
181	170	0.3092627653394849
181	63	0.308222385761583
181	180	0.29279443372282743
181	139	0.2886381451345473
181	36	0.2843606564663785
181	114	0.2798598440616391
181	13	0.2760304528794317
181	176	0.27028383354366925
181	147	0.2590968303080474
181	41	0.2563053982963083
181	85	0.2545387033265762
181	169	0.24702313759267544
181	92	0.2352501536509605
181	194	0.22874047764084945
181	66	0.228503544648272
181	141	0.2274702008019423
181	73	0.21863296768898172
181	134	0.21535494851799086
181	31	0.21484947108061567
181	90	0.20884177975387488
181	113	0.20371944507854464
181	172	0.20318262479554114
181	88	0.19416333115465664
181	185	0.19409596919716254
181	104	0.18871077581459647
181	74	0.17189625297942898
181	190	0.1675453079274464
181	137	0.16656349426255074
181	78	0.1655035425470388
181	68	0.1593210637173251
197	95	0.7040417976122904
197	176	0.6630909064655732
197	5	0.36017763455153257
197	191	0.3341387872845685
197	70	0.3222537541818418
197	113	0.3220296980062948
197	0	0.2949871400905008
197	89	0.24609332073323234
197	196	0.2296784659400258
197	177	0.22159228679848444
197	101	0.2187472286457406
197	97	0.20267445020431213
197	20	0.19139036247350294
197	87	0.18738922308236786
197	190	0.18327555282506536
197	139	0.1731090563500814
197	99	0.16450158526433356
88	85	0.5958965344981972
88	194	0.6692922615004712
88	90	0.651954157046345
88	92	0.6285829486023357
88	7	0.5079180737715618
88	78	0.4810580566139521
88	87	0.4762631841531372
88	185	0.4324367105098628
88	135	0.42296702047361057
88	91	0.4140008050383834
88	190	0.4029954071811122
88	83	0.3685204872959175
88	183	0.3652319658804127
88	93	0.3622905422429211
88	65	0.3595334616438157
88	66	0.35632492362597223
88	173	0.3475900473631275
88	63	0.3357900924609284
88	74	0.3291725792693008
88	22	0.32902099106776594
88	76	0.3252705005749741
88	31	0.31500310481058064
88	129	0.3020646503555737
88	159	0.2863172345375247
88	84	0.2715069660277064
88	126	0.2576316314282751
88	81	0.2515623362350776
88	169	0.2510095915891883
88	95	0.2465160210288971
88	162	0.24261424786927385
88	79	0.23993957930021295
88	180	0.2320262983448896
88	167	0.23072964257861425
88	75	0.22926163480958134
88	73	0.2226190092915128
88	55	0.2208219222390898
88	160	0.2200132186144272
88	123	0.21857583496205807
88	104	0.21742333894481314
88	158	0.2084209316602882
88	191	0.2042753084017808
88	147	0.1981536404377149
88	170	0.18999308957986735
88	94	0.1889711473674764
88	188	0.1885854022679868
88	98	0.18846966738390694
88	184	0.18844073284478285
88	102	0.18709974123359688
88	189	0.18484067107849428
88	82	0.1837393888191732
88	24	0.17977484108347633
88	187	0.17777099856430725
88	175	0.16520201842767618
85	160	0.5309735658786522
85	66	0.5006925716343058
85	135	0.4347508978369712
85	183	0.4345481278883838
85	90	0.41909195350119605
85	7	0.41173616401661817
85	78	0.4096162358466098
85	194	0.4094747495239204
85	92	0.4057390813069376
85	87	0.3877592128268442
85	190	0.3803168268095721
85	73	0.3509703545233252
85	83	0.34541660831996124
85	65	0.33245874439856177
85	169	0.3220834747795833
85	91	0.31939209560162146
85	74	0.31814333773546705
85	185	0.3129208075843033
85	76	0.3124516493902684
85	93	0.3000549591793105
85	147	0.2948045328021389
85	63	0.2871524171227616
85	170	0.28390102164512465
85	173	0.2823556936964139
85	81	0.2815456504008481
85	199	0.27888257534374883
85	98	0.2649921424776879
85	171	0.2570433516798704
85	79	0.2554175902252254
85	159	0.2455953536492109
85	187	0.2429342084948509
85	82	0.2362606822781749
85	182	0.23532572481776556
85	31	0.23384212167158036
85	180	0.2331708346498863
85	177	0.2326506707454299
85	184	0.2280011572037928
85	97	0.2273374405518649
85	167	0.2269011688228867
85	188	0.2262560786050249
85	75	0.22613272991333275
85	189	0.2244430736842676
85	104	0.2088513435850116
85	102	0.18927005971799354
85	95	0.1867330175769705
85	175	0.18433838920418094
85	196	0.1651047459917294
85	151	0.16068522206936986
85	129	0.16012988851832946
194	90	0.6722132272872918
194	173	0.5733908191319339
194	185	0.5114784604810078
194	92	0.6699100917250081
194	180	0.5503547095114643
194	91	0.5320928225022973
194	183	0.5303269967080974
194	93	0.4847693290283733
194	135	0.4648966237097956
194	175	0.459675679537569
194	63	0.4540576807763746
194	87	0.4369218208670252
194	78	0.43664668623580377
194	7	0.3889480665755503
194	189	0.38127442072199774
194	74	0.3780735558082925
194	169	0.3678894570134473
194	81	0.3588976578303814
194	167	0.3375545286736905
194	31	0.3266111441139826
194	196	0.3235973324913004
194	94	0.31572354154020993
194	129	0.31060059970612336
194	22	0.3081771351162118
194	66	0.3017647306775552
194	187	0.29988205559000136
194	76	0.29442098741418105
194	174	0.2935896470916087
194	65	0.2851141745893296
194	179	0.2848844807450101
194	79	0.2815916863550856
194	170	0.2646015917845905
194	83	0.2641365372974537
194	182	0.26259167640963543
194	159	0.25988026943436376
194	171	0.2535845416795107
194	160	0.2477929447357768
194	50	0.24347049446900776
194	84	0.2387329002429318
194	162	0.2384311150857488
194	147	0.2379028802724212
194	75	0.23432417624989424
194	190	0.23087165223747885
194	191	0.22644583165331764
194	199	0.22289461931578125
194	188	0.2201274069011633
194	157	0.20699521449719385
194	116	0.20522380515737787
194	80	0.1991333919112664
194	195	0.18701289033953644
194	86	0.17987160744418945
194	97	0.17755794279135897
194	73	0.1684296278529296
194	82	0.1675258692909161
194	33	0.16599953101371018
87	191	0.5891479183159972
87	159	0.39306502821171857
87	89	0.4799351373419504
87	179	0.4630053789975744
87	83	0.4484113320676245
87	91	0.3662368022204969
87	90	0.35992522929374204
87	78	0.33930774734645786
87	92	0.32432232296349645
87	80	0.3120455240300825
87	190	0.2947588776148372
87	93	0.2941012937848957
87	173	0.2927121471269121
87	94	0.2880146750053091
87	82	0.2841952029763723
87	50	0.2821348126696341
87	185	0.28043118550316737
87	177	0.2799612255716877
87	97	0.2658473305790049
87	75	0.26348525466178657
87	180	0.2633363563025615
87	157	0.25052229105205
87	129	0.2481589628215572
87	52	0.23801608530640836
87	192	0.23465493137316445
87	187	0.2342485674582641
87	196	0.21968965240025232
87	151	0.20825831057834465
87	0	0.20673676875435806
87	182	0.19680823889331728
87	135	0.19251725220168614
87	168	0.19076409432765656
87	95	0.19007020061773064
87	55	0.1895207333562098
87	125	0.1842514460197448
87	63	0.1842224643174167
87	170	0.1830436042097794
87	186	0.18116794013035567
87	158	0.18005545393783062
87	74	0.176589297946703
87	15	0.16882796922147802
87	162	0.16586338566879233
87	183	0.16457941937813636
87	76	0.1635576838937067
190	55	0.6137590024159951
190	83	0.5284916978941757
190	158	0.485121149950553
190	191	0.3640441225778291
190	54	0.3183410565532978
190	159	0.29596372284118083
190	7	0.2738766007745104
190	78	0.2727569904473487
190	74	0.2618001111508313
190	185	0.2381104178951401
190	135	0.2346738300257324
190	73	0.19228613662180166
190	95	0.1921031549909697
190	79	0.18484067107849428
190	82	0.18380702473773566
190	92	0.17374920506691752
190	160	0.17078001338254645
190	199	0.17050816681801378
190	128	0.1607241890292688
38	142	0.7904012411743512
38	36	0.7040165804672545
38	41	0.6156316698270989
38	114	0.6025811293553618
38	40	0.5465090042123372
38	164	0.5056216374780549
38	141	0.4862749366663706
38	165	0.4811810204518502
38	144	0.4605743242586276
38	61	0.4510120240325248
38	13	0.4378518173917281
38	45	0.4197265072943408
38	27	0.4100405765782831
38	98	0.4010335891470719
38	137	0.3948391109666061
38	166	0.3877422198392053
38	10	0.37907587263212345
38	199	0.3755166426559071
38	134	0.375052695506682
38	30	0.3702303388809896
38	60	0.35825280425643424
38	145	0.3430365385012072
38	156	0.3190148897741538
38	182	0.2887114784827405
38	97	0.2836067868572588
38	2	0.2741078328393171
38	69	0.2660610623019038
38	53	0.2481589628215572
38	39	0.2478680311396692
38	150	0.2419365100023595
38	70	0.2296879383962921
38	146	0.2293184803737309
38	79	0.22838980719447854
38	138	0.22141160879055455
38	57	0.21700409894440129
38	130	0.21217711926153476
38	139	0.2064782941575841
38	175	0.19630832918858065
38	174	0.1927194608162948
38	195	0.19151559742164814
38	178	0.17510660969214958
38	196	0.16666071830306706
38	51	0.16161055178496758
38	56	0.1594575070248845
142	114	0.6279171166628246
142	36	0.6431690899938458
142	10	0.5143671418465837
142	141	0.5080738811887874
142	164	0.5080590438193946
142	144	0.4574249469328829
142	165	0.4506853625030219
142	41	0.4248946832953159
142	13	0.4026100422073247
142	40	0.401671165466168
142	182	0.4001856822148571
142	27	0.39953879741648896
142	156	0.3856160233009804
142	45	0.3771132419394728
142	195	0.3742618342067753
142	143	0.35632492362597223
142	199	0.3558446616514357
142	137	0.3517680055742669
142	174	0.34546064192776244
142	98	0.33967049366581314
142	2	0.3370227868782857
142	130	0.3343608565471615
142	134	0.30944362545880816
142	60	0.3093260689268986
142	30	0.3035270365830554
142	57	0.2795280063951155
142	147	0.2681876572536102
142	61	0.2487688354951376
142	146	0.2442887491833376
142	31	0.2394306017437268
142	166	0.23890263413572854
142	39	0.2368176712978338
142	138	0.21772819039356345
142	155	0.20686120919732096
142	79	0.20332642793486488
142	52	0.20268403941554924
142	69	0.19929664518481188
142	187	0.19828813962449507
142	188	0.19725999233595615
142	97	0.19628909985228774
142	154	0.19321047071067712
142	135	0.1907255496711471
142	110	0.1846571561897098
142	178	0.1814677485179101
142	127	0.1717992061437326
142	161	0.16748699162709155
142	196	0.1661745657298238
142	93	0.16240902905550586
142	53	0.1617955836867654
114	13	0.5622997848634129
114	36	0.6014781505887774
114	141	0.5878340256824337
114	10	0.5162766925501837
114	40	0.4562934172930043
114	134	0.4438618867281899
114	166	0.4058560272749427
114	137	0.4058309685432894
114	110	0.3850710566999132
114	165	0.3817699963685827
114	60	0.3792043105504209
114	164	0.368840194969026
114	144	0.36525796376388014
114	2	0.36202989025231497
114	41	0.3615431883900476
114	30	0.3543502832608829
114	156	0.34922426588338623
114	102	0.34595371437656225
114	98	0.32902099106776594
114	139	0.32245089375622976
114	145	0.3059309564168917
114	61	0.29455797880550794
114	182	0.29091905428342474
114	199	0.2847007021097982
114	1	0.28281576633712824
114	146	0.27430204328535024
114	69	0.2720811653564664
114	27	0.267417183360506
114	99	0.2586023419693188
114	150	0.2558475301334789
114	172	0.25486599767201235
114	174	0.2483654033160313
114	45	0.2294511139395569
114	97	0.2279632362390795
114	101	0.2237687323704617
114	138	0.2236357383473261
114	100	0.21921373193419733
114	147	0.21557427076734745
114	113	0.1953947692030506
114	196	0.18798738238381246
114	79	0.18725413560022885
114	56	0.1750290615919609
114	57	0.17342914902687254
114	70	0.17242995089126165
114	161	0.16762306117068854
114	47	0.1674772721297366
114	175	0.16427780077876958
114	104	0.16091901631099192
114	186	0.16040269663673953
176	70	0.7207672782313018
176	95	0.5260803240003666
176	139	0.446339709099136
176	113	0.4454103225199855
176	71	0.31269526980309065
176	5	0.3109800316383969
176	177	0.2843698478304121
176	191	0.28247532508861223
176	20	0.2273089908271991
176	0	0.21430571591724165
176	98	0.21221531817211944
176	97	0.21038104089877965
176	166	0.2002663333226272
176	199	0.17820674253913704
19	121	0.7668352612051261
19	20	0.4714009312659208
19	124	0.5270343370851227
19	18	0.5217199206749273
19	120	0.4985615153378589
19	17	0.4521344987741088
19	136	0.4393701430535285
19	44	0.4373990663856957
19	117	0.4230491268904655
19	23	0.41590477638289214
19	128	0.4123837251166885
19	46	0.37308312910762215
19	25	0.3476164225228565
19	33	0.33966164739620797
19	14	0.3342453851623384
19	118	0.3038356809742519
19	43	0.2876569863024788
19	15	0.2790301246801267
19	48	0.2779970029951244
19	149	0.2746996424713605
19	115	0.2691154834932861
19	152	0.26725933321750633
19	151	0.26139022125243305
19	53	0.2574355593752187
19	133	0.2557727652400594
19	126	0.2502973402715201
19	22	0.24227540849167475
19	125	0.22332221949242387
19	148	0.21994660599578555
19	119	0.21761387607516525
19	101	0.20275116280571245
19	116	0.189906336860352
19	123	0.18669441205742826
19	47	0.1840099220483314
19	154	0.1811099088089722
121	124	0.5706053597267073
121	136	0.5311099848581293
121	128	0.4270883449636457
121	117	0.4188528594882013
121	120	0.4124916114885285
121	18	0.3888377274748727
121	15	0.3703338858196871
121	149	0.3490486451370989
121	53	0.34169470446293576
121	44	0.3342809158881801
121	23	0.3248680520994066
121	115	0.3244386440125322
121	17	0.3111245510735258
121	20	0.30885574827922024
121	25	0.29970913229630985
121	119	0.29889886112954744
121	14	0.29871671834935903
121	46	0.2953705452527439
121	148	0.2876019501451588
121	43	0.2770832613267105
121	39	0.2759750235301419
121	118	0.2733030086533813
121	116	0.2659216750134507
121	126	0.259208771086993
121	150	0.25334124497510185
121	154	0.24873131055909675
121	138	0.23541073897928574
121	125	0.2350328707041495
121	123	0.22605681942115
121	133	0.22035576537440424
121	77	0.2175662433468808
121	152	0.21343734032318173
121	151	0.2046298420806855
121	48	0.2042944737554456
121	146	0.1918527374308125
121	33	0.1887397072980901
121	101	0.1845315859505427
121	129	0.1830049441251824
121	143	0.16458914849827108
121	164	0.1612404539030973
121	47	0.161211233716281
20	17	0.4389504311825045
20	53	0.4132133223910007
20	124	0.39340317498165495
20	25	0.3768987753237023
20	120	0.37437361941767294
20	51	0.3720152324876498
20	46	0.32904774315932106
20	23	0.3254582695576203
20	125	0.31393979787714155
20	128	0.30711787224558695
20	133	0.2661725641227487
20	154	0.2645922919000069
20	49	0.2567631514665886
20	89	0.2544451799415049
20	18	0.2517590362830057
20	47	0.24816834696956094
20	99	0.2422001028221432
20	101	0.2382330435444072
20	192	0.2318275942685065
20	45	0.2205175046812473
20	113	0.21434387851248776
20	150	0.2072536313532474
20	33	0.20540579586497246
20	44	0.2028758154750362
20	149	0.2027319848886285
20	70	0.19902775154953006
20	179	0.19436540603839955
20	118	0.1931527098583059
20	68	0.1896846219959576
20	191	0.18441566961301764
20	43	0.1836910763835188
20	15	0.17795498786727354
20	117	0.1755330853831008
20	27	0.17458311789829073
20	126	0.17416619270907815
20	14	0.1710227115622479
20	13	0.17006150541226403
20	115	0.16204876679960972
124	128	0.7269789521532973
124	136	0.5263189515969918
124	126	0.5219309531541229
124	23	0.4900073431748598
124	25	0.4677450818116768
124	129	0.4649044623846462
124	125	0.4032382812534536
124	44	0.3897201277523584
124	149	0.3891771967460605
124	53	0.3879970869760208
124	123	0.38624580568303696
124	33	0.3797264741969894
124	118	0.3721272356770065
124	120	0.3651799684043408
124	17	0.3539217353060884
124	18	0.3529679017672461
124	117	0.3170823738487047
124	138	0.311846932329958
124	22	0.29289500033958765
124	154	0.29080005218999705
124	119	0.2604676244069185
124	51	0.2596471387313135
124	15	0.2566790829825392
124	39	0.2561932779432638
124	133	0.25487534808141343
124	46	0.2488438831267355
124	115	0.2433481967234487
124	14	0.2202415891554257
124	130	0.2186805771497642
124	152	0.2122057685052665
124	43	0.2110786237082516
124	55	0.20733019375824044
124	24	0.19209352400869015
124	116	0.18622144768208804
124	127	0.18490827857846284
124	45	0.17544585707307114
124	157	0.17503875522326984
124	155	0.16391776417362786
124	48	0.16283739267221345
136	149	0.5695320757385385
136	44	0.5014190463184447
136	123	0.4892698968731419
136	128	0.4518162114696084
136	138	0.4439502109442269
136	126	0.4021407095536919
136	118	0.3947631390802302
136	23	0.38265806518552176
136	120	0.3775763518117185
136	18	0.36972973233229983
136	33	0.3682266249860346
136	117	0.3655872209633472
136	25	0.3617170331218396
136	24	0.3550758514745725
136	119	0.3347516082747768
136	22	0.32762915531306164
136	39	0.3149850892362046
136	45	0.3041987103859616
136	129	0.2984161351835097
136	46	0.2938820372500756
136	143	0.2820611790120233
136	125	0.2781999884639838
136	164	0.2731919683563413
136	137	0.2520400002703049
136	43	0.2502692195231284
136	127	0.2393080504415847
136	152	0.22857936615247826
136	17	0.22501277208099327
136	154	0.224708952054312
136	148	0.2143247972966566
136	116	0.2042753084017808
136	115	0.2029237570588616
136	15	0.20195514870072773
136	133	0.19771166202025886
136	130	0.19374950737155905
136	156	0.18089711650966572
136	53	0.1770155439369189
136	104	0.1765311683576779
136	48	0.1727113145083652
136	151	0.16912911755694068
136	77	0.1621850873336437
136	52	0.16128915358623994
61	166	0.7565167807901501
61	81	0.6626031551189094
61	41	0.5954190926340134
61	69	0.5588435717334076
61	145	0.5565699973517676
61	165	0.5499851336075433
61	36	0.5215015440047296
61	40	0.5107396930791862
61	68	0.5106879510817884
61	175	0.5092154529161893
61	67	0.4913056707186438
61	171	0.4888666664149322
61	98	0.4743434506478709
61	137	0.4652101138485786
61	141	0.4462996691623947
61	134	0.4434040685726536
61	79	0.4137770571332055
61	199	0.4088086671272782
61	63	0.4078837560273944
61	60	0.4055719925907011
61	30	0.3829226413615582
61	183	0.3690648022212269
61	172	0.3666783137247562
61	167	0.3586014162526484
61	150	0.3558446616514357
61	146	0.3501370981283853
61	97	0.34191549677968003
61	139	0.31174762625985863
61	180	0.30844861806463364
61	65	0.29284928904425644
61	169	0.2858765232316358
61	31	0.2831745326921753
61	164	0.28257654478905525
61	182	0.2784121739796168
61	170	0.2736730903620503
61	66	0.2704414072323009
61	57	0.25044731046293034
61	70	0.24227540849167475
61	45	0.20838266891270849
61	135	0.20243470729505755
61	27	0.2024251170737511
61	94	0.20113008146387312
61	2	0.19272908938983255
61	93	0.1899256154987911
61	144	0.18339151948265472
61	7	0.17945548741704045
61	10	0.16923596905619814
61	173	0.16632041999519526
166	145	0.657001827170543
166	175	0.6254150912437442
166	165	0.5746848458272587
166	199	0.5560866482317484
166	81	0.5440567024533138
166	36	0.541722259421183
166	171	0.5365868800017122
166	183	0.5330169592868605
166	137	0.5283187087898422
166	41	0.4970872612389979
166	134	0.4795964144390637
166	139	0.4718285999800118
166	68	0.4634216585966395
166	141	0.4630682267510543
166	172	0.4565309236693009
166	79	0.45242085893355394
166	40	0.44227862070375396
166	98	0.4387889525046375
166	150	0.4058142623831947
166	146	0.4001856822148571
166	180	0.4000260983130182
166	167	0.3944929731004618
166	69	0.3865775732193879
166	67	0.3589673512269053
166	182	0.3550758514745725
166	30	0.3458040518513554
166	63	0.33220077289082817
166	170	0.3210075447665683
166	97	0.3047884447392178
166	169	0.27711095784246376
166	60	0.2633270497384198
166	93	0.2354863040987352
166	196	0.22464248559684724
166	2	0.22330321686382665
166	57	0.2137331985336199
166	164	0.2127213924736015
166	147	0.20891828928432307
166	135	0.20673676875435806
166	71	0.18742781820421767
166	31	0.1864627668354658
166	70	0.1805295262902444
166	174	0.17786783658969207
166	13	0.17695742338986195
166	148	0.1624674458846274
166	173	0.161211233716281
81	79	0.6505836383179343
81	183	0.6838656154322271
81	63	0.6190109245458439
81	67	0.5346043605957108
81	175	0.5839923192591866
81	171	0.5238491381666179
81	180	0.5237330353034765
81	167	0.5152123819056003
81	92	0.5097707654486596
81	93	0.5006401183095726
81	69	0.4932982587146711
81	66	0.4870228459634355
81	145	0.4642222250728325
81	68	0.4636728982477272
81	169	0.4306219768730943
81	135	0.42432088757143416
81	31	0.420533528148396
81	41	0.4182424943274976
81	90	0.4152015582167909
81	97	0.4124916114885285
81	78	0.4124750143381979
81	91	0.4054633703876296
81	98	0.4050705638162966
81	65	0.4028530063274082
81	94	0.3950669942278599
81	199	0.3885830562082661
81	7	0.3838950585351124
81	173	0.3752589174542816
81	172	0.3670504402441343
81	165	0.34663137706507385
81	40	0.33707597074123896
81	137	0.3272273994966018
81	134	0.3164976052088447
81	141	0.3013101931100705
81	170	0.2948045328021389
81	80	0.2908732853125169
81	60	0.2903239538677965
81	146	0.29017743314260097
81	139	0.28585815763436306
81	150	0.28291696486511503
81	182	0.2797953253050721
81	189	0.2678906476526103
81	36	0.2653640147063373
81	74	0.24866564012434314
81	147	0.19504848934165087
81	185	0.1896846219959576
81	10	0.18171917470817545
81	30	0.1798232246988538
81	196	0.17182832054465194
81	162	0.16951764938803845
81	188	0.16793405328164587
81	84	0.16663155143109734
145	41	0.5972041128237883
145	175	0.5958836361980744
145	180	0.4983285340483341
145	79	0.4970947902441192
145	171	0.4774607179032967
145	150	0.4732887732427145
145	199	0.4662124982363338
145	40	0.4659385274752426
145	146	0.4414899773028768
145	172	0.4366385928037504
145	36	0.4264422266168428
145	196	0.4259757694790644
145	97	0.4191496571436983
145	183	0.4106393437436586
145	68	0.4001016937120624
145	69	0.3899321366474143
145	141	0.3845513853254343
145	165	0.3796665660583422
145	182	0.3569533457283495
145	98	0.3539742185558443
145	137	0.35156644963844874
145	93	0.3428777100278225
145	139	0.3297876748006128
145	169	0.3145976995013946
145	13	0.26676712014500065
145	170	0.2645550918695504
145	134	0.2640621171738734
145	148	0.2560157399526087
145	67	0.2497160923757189
145	60	0.238930921698923
145	164	0.2335301427136405
145	30	0.2323195880167419
145	177	0.21835681229611067
145	63	0.2178996506703187
145	167	0.21545984447975908
145	27	0.21315098864580345
145	188	0.2103045804266657
145	144	0.18802596852340614
145	174	0.18593183503942376
145	147	0.18545873159160936
145	186	0.18542010710274495
145	95	0.18352680746535868
145	71	0.17732549932802955
145	99	0.17545554924357873
145	57	0.16496855918550768
145	66	0.16023706605610952
36	141	0.6332120351979189
36	41	0.54618631227441
36	40	0.501089598921982
36	13	0.4817264440486334
36	134	0.4570215640308399
36	30	0.4363714698995506
36	137	0.4182259927251476
36	165	0.4129893986312527
36	69	0.3777563991136311
36	199	0.3693411827460133
36	10	0.36847727686723497
36	98	0.35899348521868263
36	139	0.35820922072936234
36	175	0.35551273444471915
36	79	0.3254761509795204
36	144	0.3154264054397968
36	68	0.30680990937168096
36	2	0.29428398392237753
36	182	0.2874551777735645
36	146	0.2864090341529582
36	150	0.28535302145424113
36	172	0.271895960912916
36	97	0.2656335727173046
36	138	0.2604023722541355
36	27	0.24552957471390965
36	45	0.2433858276233382
36	164	0.2416163849951763
36	60	0.2376858858923239
36	171	0.2335868697390709
36	63	0.21862344567190944
36	196	0.21300779907032152
36	174	0.21147987535462465
36	110	0.20093816440830733
36	67	0.18337219206075595
36	180	0.18135169765657874
36	102	0.17675399175835305
36	70	0.1731187566658351
36	183	0.17224559395034825
36	93	0.1706926369629566
36	57	0.17067321961619752
36	135	0.16868224096459886
36	170	0.16549381644516806
36	147	0.1634700902049838
36	1	0.16083134558520173
41	40	0.6106705620404915
41	68	0.5164673661293525
41	69	0.4822714946751878
41	93	0.451330601804243
41	175	0.43209518913527534
41	97	0.41352838970870587
41	94	0.4012517511303801
41	165	0.3950501156530973
41	13	0.387453298731064
41	79	0.3794012203139693
41	98	0.3632805028910385
41	27	0.35387799756187394
41	141	0.34671935868390497
41	67	0.3394847093856983
41	146	0.33512449119864285
41	196	0.3325032172184195
41	171	0.3284858383736403
41	30	0.3235794266800893
41	150	0.31703740019731474
41	137	0.3075253712761213
41	60	0.3042531571808136
41	180	0.30261888990063657
41	164	0.29476800875996273
41	199	0.2913858217022386
41	10	0.26284304089694704
41	174	0.2625171911961401
41	144	0.26122251183607403
41	170	0.2602252472778921
41	134	0.2534161089147398
41	57	0.2415787197702749
41	63	0.2393363321882445
41	182	0.2390252106472198
41	45	0.20859310612791565
41	172	0.20699521449719385
41	66	0.191062795462536
41	139	0.18411619533516008
41	99	0.16519229132867605
41	173	0.16329489509649756
41	169	0.16294447399191908
41	53	0.16215587631160133
0	110	0.40058873344362395
0	5	0.3868497180340352
0	101	0.3676559763436473
0	1	0.35978594866134145
0	102	0.3548398701489451
0	191	0.2710622918060747
0	13	0.26891140450555945
0	100	0.2618839406385759
0	113	0.25778100542044396
0	99	0.2560344289757304
0	95	0.20847832458542087
0	89	0.1832562245527852
0	192	0.1640053446683444
98	199	0.7431104085154638
98	97	0.5018905020582249
98	182	0.4941074540948617
98	183	0.4791419934132
98	79	0.4130474577356754
98	7	0.38728330957249796
98	93	0.3769759879625567
98	135	0.3679413353091015
98	175	0.36189085270241145
98	31	0.33484927822759697
98	68	0.3165785875357926
98	167	0.2957994811077704
98	78	0.2921817517721764
98	170	0.2860601676519545
98	90	0.2847098915387377
98	40	0.2835148275304916
98	63	0.2812601985615081
98	165	0.2720626458189034
98	57	0.2669621646292859
98	196	0.2664791573962182
98	141	0.26447138892250976
98	177	0.24551078031706175
98	95	0.2437056606796808
98	92	0.2432541162688163
98	137	0.2376104040236352
98	13	0.23315192193445355
98	180	0.22541146946451665
98	173	0.21717561590275736
98	171	0.21710891645625174
98	147	0.2146873124096161
98	67	0.21060085041689494
98	160	0.2042273943325188
98	164	0.20401656080545527
98	66	0.2015330570089052
98	172	0.1997287327857699
98	70	0.19803834948065585
98	163	0.19763478799661546
98	134	0.1896846219959576
98	60	0.18517869107095736
98	187	0.18485032939990464
98	2	0.18483101272137886
98	184	0.18333353679167735
98	69	0.17687024025527645
98	94	0.1756493855091125
98	146	0.16809925424990407
98	74	0.16698153463479454
98	10	0.16302234890448164
98	80	0.1629347394850736
98	73	0.1605001221711741
199	183	0.6367034608481438
199	182	0.5948507760289127
199	175	0.52714266374166
199	79	0.4970345561073206
199	135	0.4649123009866125
199	97	0.4578913708265214
199	7	0.4057724957965333
199	165	0.3813598804449625
199	31	0.3804707809086935
199	196	0.3752503256145915
199	93	0.3642783169594648
199	167	0.343080654041171
199	180	0.33849341273858724
199	147	0.3378911871113309
199	171	0.3275934484796732
199	170	0.32567283125363633
199	137	0.3095340471247322
199	160	0.2956078436464075
199	173	0.285894888618898
199	2	0.26508511793004397
199	172	0.2650107379624208
199	134	0.2572768188510497
199	78	0.2549688495536737
199	73	0.25451999903038924
199	63	0.2504848011331201
199	146	0.248825121498927
199	40	0.2432823408858827
199	141	0.23573187107016186
199	164	0.23095685331212004
199	169	0.2259239694535731
199	74	0.2148590094571701
199	104	0.20762684908113427
199	68	0.20553030763913704
199	92	0.20332642793486488
199	187	0.2017441122218128
199	184	0.19795187766657096
199	186	0.19265205976248068
199	185	0.1897810221414916
199	57	0.1887782820997612
199	177	0.1822219557866801
199	139	0.17899090548481006
199	75	0.17638583899850388
199	95	0.16911940358709593
199	188	0.1683518962888746
199	10	0.1643167210351663
199	66	0.16115279249478082
97	177	0.5096153207192914
97	93	0.4764023434301707
97	182	0.4315338491774832
97	175	0.3420921034590255
97	68	0.3344585552633756
97	183	0.3131914063438449
97	156	0.3105554226411867
97	66	0.3095159632393097
97	71	0.30885574827922024
97	170	0.3074619899416076
97	95	0.30460701288117936
97	196	0.3035724294610224
97	40	0.28908725870963664
97	79	0.2787257897454892
97	70	0.2617814818392547
97	69	0.2605049102830935
97	172	0.25793036709127226
97	92	0.2574915821257827
97	165	0.2517028383909145
97	180	0.2472297018688773
97	173	0.2469386275528149
97	171	0.2465066287072301
97	89	0.24323529962857585
97	179	0.2388271986516384
97	13	0.2381387167958504
97	67	0.22810543628999394
97	186	0.22226731725164847
97	63	0.22208669615051055
97	167	0.2204413935762929
97	78	0.21985144155394204
97	139	0.2153358759909232
97	94	0.21157540096036392
97	146	0.2095302733887543
97	90	0.20927211258262732
97	137	0.1988740845847448
97	52	0.19026296795106276
97	141	0.1888264997826088
97	150	0.18811278521519487
97	135	0.1851593768223807
97	169	0.17914577500917128
97	191	0.17522292776845266
97	174	0.17127509565442756
97	102	0.16957592462124044
97	187	0.16923596905619814
97	80	0.1632364944377417
97	159	0.16237982021398278
97	164	0.16016886260542415
183	135	0.6066478689406152
183	175	0.6795513666723791
183	73	0.4055719925907011
183	79	0.6046723637374404
183	167	0.5676847293559101
183	63	0.5425342707386199
183	180	0.5391241148943073
183	92	0.5372132096671732
183	182	0.5329453661789539
183	31	0.5179177387653906
183	7	0.512511465800402
183	169	0.4860687546956652
183	171	0.4819260833441449
183	173	0.478656480462165
183	90	0.4454904799138846
183	93	0.4392168090182935
183	78	0.4222113156320286
183	147	0.4037991868851624
183	74	0.4028613833882137
183	66	0.3993875201638344
183	185	0.3979745508890217
183	91	0.38415081644738974
183	160	0.3689784199162718
183	170	0.3538342582698497
183	76	0.3331879118225841
183	172	0.3252347321455584
183	75	0.3165066034730241
183	187	0.3152913231221177
183	188	0.3152733111809087
183	189	0.3092718088769361
183	196	0.2867945351010553
183	165	0.2842779318379403
183	2	0.2760027384342665
183	68	0.2566697418000791
183	104	0.2499317376172344
183	80	0.2488907863792085
183	146	0.2415410538174371
183	134	0.2348250128588177
183	65	0.2186615334903736
183	141	0.21091619209273896
183	159	0.209214739551328
183	57	0.20586549856571174
183	162	0.2009285681504843
183	67	0.20082300676962225
183	137	0.1980191337883068
183	84	0.19028224387777076
183	186	0.1891639980573543
183	139	0.18813207741421092
183	163	0.1810228594622286
183	77	0.17226500051259905
183	94	0.16406373022855694
182	147	0.5389609452709783
182	135	0.499297563163524
182	175	0.4692826556539222
182	173	0.4269002795177461
182	31	0.4134703584300067
182	164	0.39879060337714095
182	165	0.3981007857908599
182	187	0.397250513278888
182	7	0.3950163577034271
182	146	0.38837078478931225
182	78	0.3804280179959834
182	2	0.3797521481386533
182	180	0.3617691816372737
182	77	0.3538692498272896
182	93	0.3528453377990413
182	188	0.3452756905544385
182	170	0.33885638544996965
182	196	0.33156897770115873
182	79	0.3305539237671796
182	80	0.3303668566226847
182	92	0.3269237721696738
182	76	0.31616462940282075
182	189	0.3130470933305823
182	148	0.3064837609975473
182	104	0.3051512420908737
182	91	0.2998365513701076
182	174	0.2743667751295526
182	179	0.2715069660277064
182	40	0.2696533940489297
182	57	0.2695606628440026
182	156	0.2691804126499973
182	90	0.2663026405779643
182	185	0.2641830482776357
182	75	0.2622099066279978
182	172	0.2578836928930899
182	186	0.2488438831267355
182	160	0.24816834696956094
182	63	0.24417590711511086
182	10	0.24326352452027916
182	195	0.24297184744789305
182	137	0.24267071534682105
182	60	0.2372707001136005
182	94	0.2297826605654179
182	171	0.22271405125305144
182	30	0.21741381165318208
182	141	0.21709938779838056
182	73	0.2130268915425328
182	68	0.2084687591975977
182	169	0.20485020083002325
182	69	0.20045830431014994
182	66	0.19592371379185455
182	13	0.19392274433117526
182	184	0.19193942326123886
182	144	0.1702168738368884
182	168	0.16985757152446887
182	52	0.16887654366724175
1	102	0.6983589484654228
1	2	0.4769432915105846
1	104	0.41955348781809787
1	13	0.4078837560273944
1	10	0.2820611790120233
1	110	0.28015475475046003
1	100	0.2645922919000069
1	141	0.2598056709039433
1	7	0.2589568945456815
1	30	0.25420199686992184
1	134	0.2441570994607381
1	172	0.2249653030843564
1	99	0.22056507275823445
1	101	0.2153740208807647
1	177	0.21008474224076346
1	178	0.20845919376989264
1	71	0.1932682302238637
1	188	0.18277297173543156
1	144	0.1738364867110579
1	160	0.17080913825893015
1	161	0.17054700363171527
1	72	0.16763278017949054
1	163	0.16198060421272215
7	135	0.7345829669516336
7	31	0.7072999348907639
7	104	0.6087669887859499
7	147	0.5314473240525815
7	10	0.5064845732022581
7	2	0.5012243904213484
7	90	0.486931303564185
7	78	0.4866108209204002
7	92	0.4775533563466489
7	79	0.459005024128506
7	63	0.41700410851402137
7	102	0.4038661404194906
7	185	0.3708342329237468
7	76	0.3673445966741829
7	66	0.3459713205752915
7	13	0.3316579809510929
7	188	0.3305895526602091
7	110	0.32567283125363633
7	75	0.3208191716980078
7	93	0.3202987713885509
7	173	0.3009737471148334
7	91	0.29685762065018423
7	187	0.2798690608205216
7	175	0.2774432801017929
7	77	0.2717107363257344
7	84	0.24840293552820056
7	73	0.2477178553548843
7	148	0.2455577659630859
7	167	0.24517244962426865
7	180	0.2446178340852492
7	134	0.2368082321015748
7	65	0.23627012406476744
7	141	0.2323479686472028
7	184	0.21827110178472228
7	24	0.2020606599093341
7	170	0.2018304475921775
7	100	0.20135076698986315
7	74	0.2004679024555917
7	171	0.19725038143204374
7	94	0.19617372066440686
7	160	0.18366208849612925
7	196	0.18331420894452533
7	169	0.18062626545250812
7	162	0.1739625553752198
7	95	0.1699352623410249
7	189	0.1675064305241264
7	69	0.15976935455888744
7	55	0.15958419892736295
135	147	0.6183504841020874
135	31	0.6759180587564129
135	104	0.5175810484160014
135	78	0.5033180142084074
135	79	0.4924654846532186
135	63	0.4824479803630993
135	92	0.4777849060040602
135	90	0.460188180210997
135	2	0.4272109764383945
135	10	0.37253207986064896
135	187	0.34903108171362496
135	91	0.34838106273846536
135	167	0.3467017628481648
135	175	0.32956484641135353
135	66	0.3284769173737965
135	185	0.32378532951406136
135	173	0.3110703579711194
135	93	0.30237359597632363
135	110	0.3023190807748442
135	76	0.2965566722467853
135	188	0.2898935105236741
135	74	0.2765384696567468
135	84	0.26891140450555945
135	180	0.2666185001541831
135	75	0.2661911470671429
135	102	0.2654941513423437
135	73	0.26539190194251183
135	189	0.2614181712878157
135	160	0.25670710624219195
135	134	0.2453040297728255
135	77	0.2433952352338302
135	169	0.24119260926263314
135	65	0.22620863765902965
135	170	0.2178901254521412
135	22	0.20391113694325605
135	184	0.20308675116577696
135	196	0.1885275354805232
135	24	0.18566150075387727
135	80	0.17380739313306426
135	186	0.17062467566937506
135	94	0.1654257328307897
135	95	0.16529928764975552
135	148	0.16470589544134068
135	123	0.16080212144585745
31	147	0.6145064114467574
31	2	0.5037360320898708
31	76	0.5013816164330736
31	63	0.5003927888312012
31	78	0.4940998954792761
31	104	0.4658210840746205
31	188	0.4380457855936066
31	84	0.4367761715358303
31	90	0.4354399859349025
31	185	0.42622948480677975
31	92	0.4170701949150949
31	91	0.4136527311356025
31	86	0.41225922646695096
31	77	0.410988461149702
31	187	0.378193537910916
31	10	0.3781506886182912
31	75	0.3714636742558448
31	180	0.3623600398735461
31	79	0.3607692745640677
31	189	0.35079497825323996
31	167	0.3494525361788364
31	175	0.3439890972353188
31	146	0.34233931221145003
31	134	0.32773627019766305
31	148	0.32126763725199736
31	173	0.30805947691218993
31	30	0.2876019501451588
31	94	0.2767693353098284
31	184	0.2762706255064921
31	73	0.2743297858087185
31	164	0.2729328460203144
31	57	0.2655034464462215
31	69	0.253631325830296
31	162	0.2478117166158743
31	102	0.246872894924692
31	74	0.24637513134251265
31	141	0.2437997191422045
31	80	0.2414845535235173
31	60	0.23002891782911505
31	82	0.2298016044769339
31	186	0.2270908633838913
31	165	0.21354232675306875
31	172	0.21349460625985706
31	93	0.20750244988221492
31	169	0.20735890400537949
31	40	0.20532916992926104
31	66	0.1919297916501744
31	65	0.1910531604940456
31	160	0.18233796866837146
31	24	0.17787752020279485
31	100	0.1684976412531677
31	116	0.16129889342861972
104	2	0.6499891970349232
104	102	0.5092302667577688
104	147	0.4328268687707699
104	10	0.426188567513492
104	110	0.3821885013647271
104	134	0.2989352870728538
104	100	0.2928310041512864
104	77	0.2713587541556985
104	148	0.2595911828578528
104	188	0.24016574923135064
104	30	0.2336152326555347
104	24	0.23360577839421776
104	60	0.23054974956642865
104	76	0.2135614146650384
104	22	0.19966152425590547
104	173	0.1906388220438523
104	84	0.1840582286212761
104	92	0.17888442754066242
104	171	0.17496120522276126
104	90	0.1729441458453111
104	162	0.16890568794096944
147	188	0.602784896771173
147	187	0.5241465629225958
147	76	0.5605535464517474
147	189	0.4936084252648567
147	77	0.4689628868929152
147	2	0.4551049102464693
147	148	0.4251650686610259
147	146	0.4064155132468534
147	75	0.3914912496521053
147	78	0.3695743280051049
147	186	0.3681747592910379
147	91	0.3640874953821531
147	86	0.3551282856258055
147	180	0.33275223767883355
147	185	0.3263252501920031
147	84	0.31547143003879946
147	175	0.31151287574903497
147	10	0.3002824338662124
147	79	0.28181264088761515
147	164	0.27168295090098177
147	82	0.2713865448622489
147	63	0.26994082899689537
147	141	0.26807628462423344
147	92	0.2653826062464583
147	160	0.2595911828578528
147	90	0.2455483689261753
147	73	0.2412773717737074
147	30	0.2381198509069677
147	150	0.2337948552258688
147	102	0.2301425650951461
147	66	0.2297826605654179
147	173	0.21950881492732596
147	60	0.217718664428472
147	134	0.20660274848908308
147	184	0.20592295501973476
147	69	0.19891250224305246
147	165	0.19882606165233493
147	40	0.1872734342457253
147	167	0.18683917978171968
147	172	0.16367447146705025
102	2	0.3999756983561608
102	110	0.3830506395461976
102	141	0.3619082332768263
102	10	0.3568399045047029
102	13	0.3465961827095766
102	134	0.3287088443189177
102	188	0.29329720198863873
102	100	0.2752173052438501
102	172	0.27244225603961797
102	161	0.26015998629177217
102	99	0.2381858807318113
102	75	0.2339082928386691
102	76	0.23069177167583546
102	156	0.22564875350529565
102	101	0.2255063862916095
102	163	0.21157540096036392
102	178	0.20632511042398602
102	22	0.2040069770134739
102	52	0.16641765212949147
102	174	0.16380098616115887
102	60	0.16263295404772066
102	186	0.16177610717996174
137	165	0.6801483291706497
137	164	0.5324869895846733
137	134	0.4449933889749946
137	146	0.4436209586661295
137	141	0.4372292275559375
137	45	0.4154167129786428
137	60	0.4096245579579142
137	138	0.3984289259755032
137	30	0.36860690337606417
137	150	0.35996875120193994
137	40	0.3423657960533077
137	172	0.31477789381874216
137	144	0.29125770327420303
137	33	0.28792296760960906
137	57	0.28139832663808845
137	27	0.2794358174091184
137	69	0.2786796735061319
137	154	0.26434117641829125
137	156	0.2561559029601015
137	149	0.25432359242578084
137	175	0.2512719315161583
137	2	0.24987548472614696
137	123	0.2417199606094216
137	67	0.24171054487205576
137	79	0.2368648666084883
137	174	0.23033196325485145
137	86	0.22645531885468725
137	180	0.22424364297302066
137	189	0.22382572725843766
137	119	0.2130268915425328
137	24	0.20975016511270575
137	80	0.20888959851005875
137	153	0.19632755837387889
137	148	0.19568329854650784
137	120	0.189559296339515
137	139	0.1878137375760103
137	68	0.17266280554941127
137	10	0.1690125477506671
137	49	0.16891540263324625
137	155	0.1685656530490112
137	51	0.1662037371647997
137	47	0.16298341170204675
165	164	0.6432570315372454
165	60	0.509911377243481
165	40	0.4251732609728389
165	45	0.4222277502453479
165	134	0.3951176283517711
165	175	0.3744510028055147
165	30	0.37205831191964345
165	57	0.3718256639490883
165	146	0.371325743701038
165	69	0.3490837712483845
165	141	0.3373684435280743
165	172	0.33260105221683445
165	150	0.3172712476106555
165	144	0.3012920087571397
165	2	0.29352567941875746
165	139	0.28497636221040656
165	174	0.2755500042228135
165	80	0.26208884052643217
165	173	0.2512438254318057
165	154	0.2427836453685715
165	27	0.24076874152969344
165	67	0.2402882470597653
165	171	0.2394306017437268
165	155	0.2384499780078633
165	79	0.2315247699045775
165	51	0.2296405756798516
165	189	0.22916688872745256
165	180	0.2202035290744533
165	170	0.21859487937089006
165	47	0.21515467879213754
165	68	0.20967368344004667
165	10	0.2056739668030091
165	149	0.1987972474345568
165	49	0.19236317751985865
165	156	0.18048115539915915
165	77	0.17871986247629687
165	63	0.1731478574115725
165	50	0.16887654366724175
165	195	0.16704958204099352
165	148	0.1624479737347776
134	30	0.5210937247092843
134	2	0.4834754224150681
134	10	0.4462516188794446
134	141	0.42617220010788376
134	60	0.354175383692722
134	164	0.3293241505062343
134	40	0.3192843328291973
134	175	0.2921360196129128
134	57	0.2814351588227588
134	63	0.2679463408334165
134	171	0.266441997445797
134	67	0.26164175578528376
134	79	0.2592460831326283
134	167	0.258079716434638
134	146	0.2453510204930845
134	69	0.2358924178172413
134	45	0.2306160277735989
134	172	0.2304740004244366
134	68	0.22754606000594355
134	144	0.22353123720080784
134	188	0.21113594973104172
134	150	0.21113594973104172
134	110	0.2038919684601207
134	27	0.19985354364071495
134	76	0.19934465874868568
134	100	0.1964429303140209
134	148	0.17160510247039554
134	56	0.17011005895358794
134	169	0.16307101969340765
134	13	0.1596036895228216
128	126	0.7193371522399101
128	129	0.6739361808210764
128	125	0.5729543615943693
128	25	0.5508216007760031
128	23	0.478209241324694
128	123	0.4689862887779912
128	133	0.457519833214176
128	53	0.4422223116870299
128	118	0.38754678154000577
128	127	0.3730486962346365
128	149	0.3688833920178783
128	17	0.3680191484577701
128	138	0.3537817690765037
128	130	0.34768675359267115
128	120	0.3423039995761001
128	18	0.337643131376588
128	22	0.3376254113146126
128	24	0.3207384326116711
128	33	0.320352614875549
128	117	0.3079689641882929
128	44	0.3040535092168634
128	39	0.301110153176146
128	157	0.27317346093225364
128	119	0.2712012649395701
128	154	0.2666742341370561
128	143	0.2651687916227823
128	51	0.2424071863887993
128	55	0.2364306276092893
128	155	0.21582217407773532
128	43	0.21354232675306875
128	48	0.21179509451112016
128	115	0.1986819871269688
128	65	0.1949907713010428
128	116	0.18652068008567144
128	46	0.1806359391765568
128	27	0.1795619428452538
128	86	0.1776644727597174
128	52	0.1660967738147304
128	15	0.16578558548963868
126	129	0.5434509772087258
126	123	0.5236822341815824
126	125	0.4661655381683988
126	127	0.4633902483997558
126	25	0.4620385088524974
126	23	0.4169958474038376
126	22	0.3944929731004618
126	138	0.34204795405426663
126	24	0.3218952469816795
126	143	0.3038992174943494
126	53	0.3000276599229362
126	118	0.28281576633712824
126	130	0.2655778055002501
126	133	0.26023457008183826
126	149	0.2573701973121753
126	18	0.2404295811983142
126	120	0.23137334089139155
126	33	0.21899477347021865
126	44	0.1997287327857699
126	17	0.1920453685423109
126	151	0.1914385304989756
126	90	0.18345916434270046
126	117	0.17789688732564884
126	65	0.17700585726480028
126	39	0.17575598965120853
126	51	0.16703014008729794
126	86	0.16533819443830428
126	154	0.16441401943758535
126	84	0.16140602962065084
129	127	0.4923442786644625
129	125	0.4733508507111062
129	157	0.4334118022329543
129	123	0.4154249872338157
129	24	0.3944085322401933
129	133	0.3827178136813575
129	130	0.3633673024651118
129	143	0.3614040945014142
129	118	0.36009930752625496
129	138	0.3310259301053496
129	53	0.30327281100902764
129	78	0.295461818180606
129	22	0.2899851040433877
129	39	0.27784013357979154
129	91	0.2776924782394913
129	120	0.2752542750542369
129	155	0.2641458395917793
129	23	0.26318744539549543
129	25	0.2622285314496205
129	80	0.26197707987926183
129	90	0.25981499588984985
129	149	0.2454449984746862
129	33	0.24489986201464414
129	154	0.2298679067958596
129	94	0.21541216511337852
129	86	0.21515467879213754
129	65	0.2082009121526271
129	189	0.2062006411927954
129	92	0.2034510502273736
129	51	0.1978654027713248
129	27	0.1967409493102098
129	52	0.19356663302732025
129	156	0.1932393506346916
129	173	0.18901936140715614
129	117	0.18522697606646815
129	162	0.18283096674181493
129	17	0.17515507615153147
129	18	0.17504844882064374
129	148	0.1749902867274085
129	75	0.1659898065560109
129	44	0.1639858825595708
129	83	0.16370366764370312
125	51	0.5194600671756128
125	133	0.5323293504469399
125	154	0.4546925153377587
125	53	0.4546369857402723
125	155	0.4427048472525575
125	118	0.4393620734792997
125	25	0.4370431778109579
125	17	0.435569639623756
125	149	0.4094997191300653
125	127	0.3898134167571786
125	120	0.3678635170067409
125	156	0.3669812162936421
125	23	0.3546475556324173
125	143	0.3526439564210553
125	52	0.3379000453768559
125	130	0.3316134800639927
125	48	0.3233914016717659
125	117	0.3200923521852321
125	157	0.3188891320283581
125	46	0.3134529368143433
125	44	0.3066106050327237
125	47	0.2975231454624381
125	123	0.2949871400905008
125	43	0.2789102418475444
125	27	0.2679741867523248
125	153	0.2604862674421306
125	138	0.2578463526678948
125	45	0.24729542215462536
125	119	0.2418235307158288
125	115	0.2399301549876178
125	24	0.2361568196814415
125	89	0.23611905012641946
125	18	0.2279632362390795
125	152	0.2096258810916181
125	148	0.20890872573285935
125	80	0.2055590401807455
125	191	0.20182085492811264
125	15	0.1989509192900248
125	49	0.19660636458428232
125	179	0.1916600915360246
125	39	0.17613391656162922
125	164	0.1739237656241488
125	91	0.16990612853230944
125	83	0.16841019515826208
125	101	0.16444320833451098
25	23	0.6646624464654514
25	17	0.4764023434301707
25	44	0.45390683975671003
25	22	0.4451778256981909
25	53	0.42633586160727627
25	18	0.4229752314278766
25	120	0.4129645151302629
25	149	0.3951091894978304
25	33	0.3526877377610575
25	118	0.3079418092839021
25	119	0.2856928578102653
25	43	0.2823464909178072
25	48	0.27282178146388003
25	116	0.2589009171963994
25	123	0.2506628715554661
25	117	0.2505035461864987
25	24	0.2340878893677784
25	51	0.2330195279884304
25	27	0.22548740326860134
25	115	0.22482288968785227
25	154	0.22442408109288156
25	46	0.20625808935970988
25	133	0.19453859995321449
25	84	0.18833463673607712
25	15	0.17873922359130512
25	65	0.17683149130443118
25	169	0.1631099557531146
25	49	0.16249665387212905
25	152	0.1594575070248845
70	139	0.5450204666584831
70	71	0.3422157137571481
70	113	0.3024371945446747
70	95	0.280348261158962
70	67	0.2319695277268085
70	177	0.2264837802009789
70	191	0.2098457635940309
70	89	0.20187841033164167
70	51	0.19406709922642268
70	110	0.18742781820421767
70	13	0.17744172353440438
70	5	0.17636646116943094
70	192	0.16597035754376438
139	141	0.4360232852134183
139	113	0.3706962276211192
139	172	0.34728229653015874
139	150	0.3093893697729689
139	40	0.2737933494780034
139	174	0.2608870456955437
139	69	0.2559503268645781
139	171	0.25386522878178336
139	13	0.2502879667356441
139	175	0.24347049446900776
139	110	0.24247307198363086
139	67	0.2403730487658688
139	71	0.2142007654069868
139	79	0.1906099121733348
139	146	0.1887011319139668
139	144	0.18563253469833546
139	180	0.18195123933674792
139	95	0.16710790712256113
90	92	0.7151419158392746
90	91	0.5947086038636007
90	78	0.5299315671070144
90	63	0.4701243844094864
90	93	0.4480597347178101
90	185	0.4133542857950239
90	180	0.4097410603570513
90	94	0.3878696608217552
90	65	0.38225681383187615
90	173	0.3603516764263275
90	66	0.3504178359478552
90	175	0.3322986300056444
90	79	0.3120545502778255
90	74	0.3071269290038973
90	169	0.29696704181812555
90	187	0.29527013880435743
90	84	0.2876569863024788
90	167	0.2815916863550856
90	189	0.27178482857710473
90	80	0.26776997295258204
90	159	0.2346832792854921
90	76	0.23283983667407204
90	116	0.23157208917080496
90	188	0.23094738670093745
90	196	0.2303793100688729
90	22	0.2226570265840257
90	162	0.21670867722194712
90	67	0.21224396692948164
90	75	0.2081148118252885
90	86	0.20163858695598708
90	82	0.1934992548773785
90	174	0.1866461543471709
90	170	0.18389398264697732
90	68	0.1804521324454486
90	33	0.18002642638003702
90	179	0.17410801213292354
90	110	0.16738007536590374
90	160	0.1662815262357472
173	50	0.4743124501280585
173	174	0.4165413802638761
173	92	0.5069305216554021
173	170	0.4847081267591746
173	169	0.4659463564516502
173	175	0.4645202816157712
173	91	0.4642928269182141
173	180	0.4490262936176777
173	171	0.4438458268531145
173	78	0.4202371487330933
173	63	0.4165909686211921
173	93	0.3677511036952447
173	94	0.3632284201192886
173	66	0.3572848827793628
173	179	0.3511106378141233
173	185	0.3484425653829788
173	162	0.3334545809039343
173	189	0.32855720426239243
173	65	0.3209447565648525
173	167	0.31686648731956785
173	80	0.3114316070952517
173	67	0.3058946997232331
173	77	0.3016374739755401
173	195	0.2961097008032281
173	157	0.2928035764102536
173	84	0.27970315126879913
173	10	0.27637222661801103
173	74	0.2554643277210377
173	2	0.2471452010161983
173	76	0.2450784582731785
173	187	0.23549574953849794
173	57	0.2316951141342999
173	196	0.2295932118757585
173	68	0.2254494367089437
173	69	0.22415816691720708
173	86	0.21733759182888504
173	172	0.2047352336370224
173	188	0.2039015527212308
173	89	0.1973368782021056
173	75	0.19477912693354005
173	191	0.19336449310220585
173	141	0.19270020355788392
173	146	0.1925653985935757
173	158	0.18265697790702756
173	148	0.17908769997752946
173	79	0.17682180398106442
173	30	0.1739431605671564
173	160	0.1729247439717565
173	154	0.16987699442659168
173	40	0.16793405328164587
173	24	0.16738979518873806
173	27	0.16396642032313635
173	159	0.16213640213901134
185	162	0.3856841252225456
185	76	0.4799351373419504
185	63	0.4788877136429634
185	92	0.4116697239617987
185	167	0.3865775732193879
185	187	0.3744080126783408
185	75	0.3651539688117924
185	74	0.3558533953661248
185	91	0.3532480024916876
185	188	0.3497773108537169
185	73	0.3364908299884895
185	169	0.31414711451870964
185	186	0.3035815078712633
185	158	0.3008282337401945
185	116	0.2972314441073328
185	93	0.29464016783017805
185	180	0.2895912142371725
185	78	0.2806983576894451
185	170	0.2777755359833388
185	189	0.26657205380628024
185	175	0.26624689471309765
185	159	0.26247994741610164
185	115	0.2550716956662112
185	22	0.2515623362350776
185	77	0.24858120334893594
185	148	0.2480932724815072
185	79	0.24130562512608816
185	66	0.22541146946451665
185	55	0.21802347472855355
185	86	0.2042178114012341
185	84	0.2038919684601207
185	54	0.20239634617688185
185	160	0.20158102574684747
185	184	0.18873006350665986
185	196	0.1876690246002363
185	163	0.1847827204002864
185	57	0.17087709514296331
185	171	0.165240926502272
5	95	0.37297982740585023
5	113	0.2990172422601685
92	78	0.6070016565972384
92	93	0.5835902147528975
92	91	0.6034720315716595
92	63	0.5547104995821887
92	175	0.4525242438500498
92	66	0.4513067124601541
92	94	0.4360232852134183
92	180	0.396129806422366
92	79	0.3907882316572652
92	167	0.3904407893396431
92	189	0.3781678285297936
92	65	0.3773877002023954
92	169	0.34577763899062136
92	74	0.3233197663785137
92	68	0.3075887498819022
92	162	0.2904796172238286
92	75	0.2865926176075496
92	80	0.282144016643141
92	67	0.2806707212037682
92	84	0.2770740290524668
92	76	0.2742188129758386
92	69	0.2570993865385213
92	170	0.2478586455020142
92	171	0.2376009685882569
92	196	0.2370536366703656
92	50	0.23059709136130602
92	187	0.22806751722763502
92	86	0.21791870098213972
92	22	0.20759814216958689
92	188	0.2049651623709104
92	159	0.1999111464635838
92	64	0.19656791044439348
92	89	0.1911302392109797
92	110	0.1896171397179508
92	174	0.18414517821186333
92	83	0.1820382583487088
92	82	0.18140005279616206
92	73	0.16114305218130964
78	91	0.6166614725699444
78	80	0.471999605336398
78	63	0.4353346290091113
78	94	0.4225728129984364
78	189	0.40145309102512944
78	76	0.40100841368238205
78	84	0.3760147467187923
78	66	0.3748808155210447
78	82	0.37486362610468427
78	180	0.35705805135992075
78	86	0.34899595413105905
78	65	0.3357013649804628
78	79	0.3139668408765365
78	157	0.3007554717993393
78	69	0.2989261806686904
78	162	0.2853897639809639
78	187	0.2818494637379272
78	74	0.2812417806038917
78	169	0.2683918217880559
78	83	0.2625823659290724
78	75	0.25877962697384344
78	93	0.2529575196715166
78	160	0.2498848603251407
78	175	0.2488720252182923
78	167	0.2271003476597507
78	24	0.22483238421318885
78	64	0.21798537576573648
78	138	0.20483104002361946
78	77	0.2024442974775362
78	123	0.1980095258850551
78	55	0.1921031549909697
78	110	0.1915926619828341
78	188	0.19076409432765656
78	146	0.19058100197218486
78	2	0.18700324005970104
78	33	0.1843480493799559
78	50	0.18262797865527614
78	89	0.1820479269518329
78	67	0.17989096029866294
78	73	0.16861423192056485
78	127	0.16830331299800982
78	40	0.1652214725292586
78	141	0.16134759216917546
93	196	0.4543037339375547
93	79	0.4770668860933821
93	175	0.4611571502665254
93	68	0.4501114208149758
93	94	0.4331518768452134
93	180	0.40735843367632013
93	63	0.3884641892933091
93	66	0.3779021307710438
93	91	0.36814018088795575
93	170	0.3466225785676915
93	189	0.29924487241129905
93	174	0.2982157135104921
93	74	0.2730439033018274
93	169	0.26998718496863033
93	89	0.2695142953666464
93	67	0.25207745892617234
93	40	0.2511688738022602
93	171	0.24913466446984897
93	195	0.24306594162949044
93	146	0.2343052743177047
93	69	0.23387048100848756
93	167	0.22034625092007226
93	172	0.2082009121526271
93	95	0.20796173661342385
93	13	0.206133616534778
93	50	0.19990154608905675
93	186	0.19965192288397826
93	187	0.1952120164525608
93	188	0.19426918195956352
93	177	0.1925942859837036
93	80	0.19221872389161804
93	179	0.19144816399342351
93	10	0.17520354176200612
93	144	0.1724978688252172
93	159	0.1633143617284636
93	83	0.16111383105255295
79	175	0.4165248502605992
79	63	0.3742274365686665
79	196	0.3454342219456121
79	171	0.3397501073877953
79	180	0.3017192830895032
79	167	0.2999275584453257
79	169	0.2876202957419973
79	73	0.275402146154081
79	95	0.25977769565550685
79	74	0.2298963214222655
79	66	0.21948977852615195
79	68	0.2135614146650384
79	146	0.21123148987460053
79	141	0.2108779711959066
79	91	0.20141792809395195
79	60	0.19771166202025886
79	10	0.19682746414798305
79	119	0.1906580951071564
79	188	0.1873313293147728
79	30	0.17448616413247034
79	13	0.17217766992961075
79	170	0.16871138720614398
79	75	0.1663593132371406
79	150	0.16507556363450826
164	45	0.6032049188524558
164	60	0.5493570581706562
164	149	0.4637749430637942
164	80	0.4435807977531002
164	155	0.4111131167366861
164	40	0.4013188687383295
164	27	0.38893957934852463
164	156	0.3885321148281241
164	148	0.37830493848748603
164	154	0.3763152216810545
164	144	0.3722478423777385
164	77	0.3637925291791869
164	146	0.3580697429519269
164	52	0.35445521110384426
164	49	0.3450730939886992
164	53	0.34484403305719263
164	51	0.3404752524923164
164	57	0.33566587232014233
164	2	0.3293241505062343
164	141	0.3264860728733716
164	30	0.3250827059387774
164	72	0.3142823048858121
164	157	0.31191915064738274
164	150	0.3079146538777789
164	39	0.2995543947597145
164	47	0.2868404218877449
164	153	0.27826456953987583
164	43	0.2710993524135841
164	10	0.27066383953771395
164	119	0.2690691040264259
164	178	0.2647317850005009
164	24	0.2624892584344338
164	94	0.2611479692545122
164	130	0.2577063199641444
164	50	0.2504754285359995
164	69	0.2444956091241629
164	195	0.2442699426313151
164	189	0.24382793578672826
164	86	0.2421718624436512
164	138	0.2372329516507617
164	172	0.19589486520534835
164	46	0.19544285977738654
164	143	0.1790393031644202
164	174	0.17699617055838962
164	188	0.1764730375372376
40	69	0.6545681660557487
40	68	0.4816496463860325
40	141	0.4792729546461291
40	94	0.4735060238131996
40	27	0.4685805629013387
40	150	0.4681043631700577
40	146	0.4618418560372167
40	67	0.4484193213045724
40	175	0.4431710546953161
40	144	0.4026268001754623
40	60	0.3736769343470256
40	172	0.3591938271190606
40	53	0.358305102427908
40	51	0.34853920633411795
40	49	0.34289535860431325
40	86	0.3208819655418573
40	180	0.3190687825125402
40	65	0.3112690561210369
40	30	0.3090366587271127
40	10	0.3080775787878321
40	13	0.3035088790460705
40	171	0.29695792368528723
40	45	0.2880146750053091
40	47	0.2830273560757186
40	154	0.26872585719757064
40	80	0.2601693094353322
40	189	0.2513281424136236
40	155	0.2500161137904489
40	110	0.2417199606094216
40	50	0.2392232027652584
40	157	0.2235407375174313
40	63	0.2202035290744533
40	178	0.21483039420454966
40	174	0.21040015561470224
40	89	0.20586549856571174
40	130	0.20024713537782102
40	84	0.19119768115477206
40	66	0.18546838762428988
40	52	0.18334320066210286
40	156	0.183062934039792
40	153	0.16633014335420193
40	148	0.16519229132867605
40	57	0.16319756002966648
40	91	0.16007142645157996
95	113	0.30194650731383976
95	196	0.27591959234516783
95	177	0.2736730903620503
95	13	0.2492941061417201
95	191	0.2445238155741774
95	99	0.2348250128588177
95	101	0.2307864476220718
95	71	0.16368420355779487
113	13	0.462533872456705
113	110	0.37079973313314935
113	141	0.27392284972152403
113	171	0.2319032933417371
113	66	0.2112792584329338
113	67	0.19441351667525408
113	170	0.18312092268051894
113	10	0.18267631056496847
113	101	0.17005179460490624
63	167	0.6007309029493801
63	74	0.4259675839977583
63	175	0.4863818245249438
63	66	0.4609996689273444
63	65	0.4249848201779892
63	67	0.4032885239711181
63	91	0.391474314827482
63	169	0.3776106487376539
63	180	0.3514437474555261
63	69	0.3402188449676759
63	170	0.32868208554018025
63	94	0.32641459845915444
63	68	0.3234809405759887
63	171	0.3094345829844005
63	76	0.29959080501000424
63	189	0.2730253942602168
63	30	0.2594792658819369
63	80	0.2594139777604391
63	187	0.2565669856285086
63	57	0.2435081229872632
63	141	0.24158813614474825
63	162	0.2306633680400749
63	150	0.20848788993336068
63	10	0.20685163709311905
63	86	0.20370986007514152
63	84	0.1986723818532052
63	75	0.19662559142742547
63	73	0.19455784297300424
63	174	0.19084118187587445
63	110	0.1594769984287899
67	66	0.5938612628155802
67	65	0.549566485696018
67	69	0.5086819536806102
67	68	0.4967785075860876
67	171	0.43630670124341264
67	94	0.4224331594904284
67	172	0.408467130956798
67	50	0.379332733858286
67	175	0.3469304896757981
67	170	0.34592730462164833
67	47	0.3242865298979429
67	167	0.32206554941941096
67	141	0.3111426149913952
67	110	0.3106999843095624
67	150	0.2988806478312549
67	49	0.2922823578189255
67	169	0.2911295743974074
67	89	0.2815824792679377
67	86	0.27454246331468235
67	180	0.26496424888101605
67	146	0.2431506224821108
67	91	0.2368176712978338
67	80	0.2367421564760905
67	51	0.2367232773236761
67	64	0.2260852861775201
67	84	0.2096450021512497
67	60	0.20067905191629207
67	189	0.19592371379185455
67	10	0.166553771680333
175	180	0.6490410641603793
175	171	0.6169960145951247
175	172	0.5092673000415853
175	169	0.4797657937663497
175	167	0.4773371834650386
175	69	0.4689160811473189
175	68	0.4655626508205759
175	170	0.4505578520767327
175	146	0.4293096189594742
175	150	0.4096412019759864
175	196	0.3978483009148004
175	141	0.3962899797885723
175	189	0.35470000802290463
175	91	0.3388209779160641
175	65	0.31794559123841265
175	66	0.3160656215679322
175	187	0.3053870128867228
175	188	0.3051331043257919
175	94	0.2898568716287363
175	174	0.277295589510719
175	30	0.2373745046915409
175	179	0.22767880696691015
175	74	0.22491783301981966
175	186	0.21270229740018176
175	76	0.21103085091337
175	10	0.2033935330651173
175	159	0.2025497869216858
175	75	0.2011972487864307
175	77	0.1886818440035201
175	2	0.18734097836642735
175	144	0.18223162372065094
175	160	0.18097449748832006
175	84	0.17837133875176042
175	13	0.17131392198207188
175	57	0.16961477411793374
175	73	0.16933310333069082
175	148	0.1676522180993395
175	80	0.16322676088338453
73	161	0.382589777270782
73	184	0.3755853595714999
73	75	0.35317798324520544
73	100	0.30439833891466983
73	56	0.2870147796719539
73	76	0.2790854522851474
73	58	0.27263665771007817
73	186	0.26370857866021763
73	163	0.2565202763602505
73	74	0.2428871587748737
73	160	0.2344375841220961
73	82	0.22620863765902965
73	169	0.22447156225163747
73	2	0.21934700019089665
73	91	0.1950196304901891
73	162	0.1943750282405864
73	167	0.1928446293769004
73	57	0.19020513929079136
73	159	0.1898485000664137
73	187	0.1898003017315837
73	115	0.18949181073502655
73	188	0.18598010605826354
73	77	0.1775773121861116
180	91	0.5941136625777167
180	189	0.5295359069330604
180	146	0.5240377638123234
180	172	0.4632881572181841
180	171	0.459005024128506
180	94	0.4386759005648218
180	196	0.4285752114724237
180	179	0.4257465496449993
180	169	0.41294792578706396
180	188	0.40941648472389297
180	150	0.3931495748765627
180	69	0.3768730366132885
180	167	0.3737027450241343
180	68	0.3570144251037039
180	76	0.34155337758100746
180	187	0.3413590278965111
180	141	0.3325654766819525
180	84	0.30506962040471725
180	148	0.2949962698894406
180	174	0.2878587692902913
180	157	0.2809470651108625
180	86	0.28035747518165505
180	186	0.2748568069485245
180	77	0.27155327959731484
180	75	0.270598966432686
180	74	0.2705248227318382
180	80	0.2653454229688742
180	159	0.2587143134734975
180	82	0.2335017786047594
180	170	0.22662608113017965
180	65	0.2025401971664239
180	160	0.19874922297451966
180	66	0.1979326612894126
171	169	0.5451259009417545
171	172	0.4945986038686698
171	170	0.4486749390521173
171	68	0.3901271483280979
171	66	0.3736941415293994
171	69	0.3562026929724025
171	141	0.3328589465312066
171	167	0.3263788598521528
171	65	0.3252615585548741
171	146	0.3121718863716751
171	150	0.2955713385746685
171	179	0.2453228261992657
171	188	0.2102663492257401
171	30	0.20352773759265289
171	196	0.1907062771223402
171	119	0.18199958358421808
171	13	0.17342914902687254
171	2	0.16871138720614398
171	177	0.16210719064331966
171	71	0.1618540124508303
171	120	0.16133785248391594
55	158	0.6781387447949904
55	83	0.4076336361764801
55	54	0.3791871863387345
55	159	0.2861978871785834
55	65	0.204313638952496
55	82	0.19046535786218904
55	123	0.159545217363212
158	54	0.39088990103599336
158	159	0.3672148308327449
158	74	0.23542018477488874
158	43	0.20504180025667634
158	160	0.20280869562371154
158	91	0.19121694995002092
158	82	0.18881685631886988
158	18	0.18139038183841072
158	76	0.1747285421991476
158	83	0.17282773259122086
158	191	0.1713527477776006
158	169	0.16821586101404964
158	75	0.1662134609118157
158	162	0.16598008206602838
54	76	0.2315058418913155
54	82	0.22393971244161065
54	83	0.18609595284030192
54	161	0.17977484108347633
54	160	0.15992526637250326
68	69	0.5244293605479954
68	94	0.3634714536276165
68	172	0.3608214641661326
68	146	0.3507248208538621
68	170	0.3413236884534294
68	65	0.32245089375622976
68	150	0.3045616514619617
68	169	0.2996272143876504
68	167	0.2873817865243238
68	66	0.2664698674828761
68	30	0.2394588817301939
68	141	0.21065818852920706
68	189	0.20136995606995856
68	13	0.1888747165549874
68	89	0.18144840705859067
68	86	0.1811292527229208
23	22	0.5464178251068437
23	18	0.4548194268584001
23	118	0.4333305832921317
23	17	0.39726735698565613
23	120	0.3791871863387345
23	53	0.3762465486654706
23	44	0.35916769744366306
23	117	0.3339611051586731
23	116	0.3323608989905446
23	43	0.32737918783029146
23	149	0.2938180816001281
23	15	0.2911021168504771
23	115	0.2717570443603646
23	133	0.2714791772823477
23	33	0.27073797721912196
23	152	0.2456423372183377
23	154	0.2325655403332653
23	14	0.2217349165853304
23	52	0.2019839249499112
23	169	0.20164818035544527
23	51	0.19253651086968315
23	123	0.19094717341117948
23	148	0.18967498178023012
23	119	0.18830570067065772
23	46	0.17759668144328214
23	48	0.16494910341382885
23	71	0.16359661359435745
23	157	0.161892964329775
22	33	0.4217263696990771
22	123	0.4163595350814043
22	18	0.36500662702835707
22	118	0.3637317917828794
22	44	0.3308389285235448
22	24	0.2958086061074482
22	116	0.26653489583648377
22	120	0.2501004861665763
22	17	0.20997003562141148
22	15	0.1916600915360246
22	169	0.1890868595316252
22	115	0.16748699162709155
51	155	0.6613841274371358
51	47	0.6075445052152431
51	89	0.4818569830947049
51	154	0.5768640990252413
51	53	0.5429857341206391
51	46	0.5076063592164577
51	49	0.4763791518745071
51	52	0.4572588708744206
51	17	0.44708412608365616
51	45	0.4350184866836295
51	48	0.4260166958395392
51	153	0.4201795089859043
51	133	0.3787161687613783
51	149	0.3700059556179332
51	50	0.3696606662955835
51	156	0.3565169757283614
51	144	0.32348989414783624
51	157	0.3228092576836559
51	179	0.3136873719897828
51	27	0.31135033388560784
51	178	0.31098906452450525
51	118	0.3091361499423957
51	80	0.307154098945035
51	152	0.3034634842392049
51	60	0.2909099005957567
51	69	0.2887573101052062
51	120	0.2806891455792673
51	192	0.2734880596290085
51	15	0.26601460110831043
51	43	0.2585276904387749
51	44	0.24402544073773105
51	71	0.22347423440920228
51	130	0.21807109749759312
51	119	0.2164608735544213
51	115	0.2126259154820015
51	72	0.21253043443013864
51	191	0.20519506848476912
51	117	0.20288540386961826
51	150	0.19728882482018534
51	94	0.1809841699531277
51	14	0.1777128940962954
51	177	0.17712209506644902
155	178	0.33769629012655306
155	154	0.4717430839870321
155	157	0.4506534866202381
155	52	0.43492119053507255
155	156	0.3935215012157616
155	53	0.3931580291774421
155	89	0.37969224136485136
155	47	0.3768215574464273
155	153	0.366366675675562
155	49	0.3397412616590969
155	179	0.3288069553255502
155	195	0.3269148409320038
155	130	0.3243849585935628
155	144	0.31860164359067894
155	149	0.3180444679460097
155	46	0.3152913231221177
155	50	0.3090185686884342
155	133	0.3071088154316468
155	152	0.2926572869875488
155	80	0.2872441688367172
155	174	0.2815824792679377
155	15	0.27945425561854903
155	45	0.2785597652695841
155	72	0.271895960912916
155	17	0.24685411375648825
155	143	0.2376198394141744
155	27	0.2285604110363584
155	48	0.22714776839285256
155	192	0.2271003476597507
155	91	0.2271003476597507
155	94	0.2262276141662191
155	115	0.22157326877703346
155	127	0.21745192057112567
155	43	0.21606051641017388
155	64	0.20810524492312765
155	60	0.20614319160436154
155	118	0.19055209144044905
155	150	0.19010875525734008
155	69	0.18378770036714606
155	189	0.18353647062673328
155	117	0.17994901802649388
155	119	0.17307995520132166
155	39	0.16401507567485393
155	24	0.1631586251132679
47	49	0.6181527993353049
47	154	0.5978663528973829
47	46	0.5146024395710227
47	153	0.5806879332602431
47	48	0.43343616654244416
47	50	0.4206981446111934
47	17	0.4144481507861424
47	53	0.4022999711245655
47	60	0.3929043712375272
47	52	0.3828031631221071
47	45	0.34732626551696544
47	89	0.32511847832297097
47	152	0.3068733187473193
47	80	0.2980608242036153
47	149	0.2944575196352142
47	15	0.2869964271162822
47	157	0.2701447859099642
47	69	0.25929272210146
47	146	0.2584810316640207
47	156	0.2544451799415049
47	120	0.2522647408727041
47	86	0.2427648241551535
47	168	0.24171054487205576
47	133	0.23334104114948995
47	27	0.2312597617731802
47	43	0.2284087638698052
47	144	0.22663556751487424
47	44	0.2221247229126565
47	119	0.21948026026288944
47	118	0.21565055167035133
47	82	0.21300779907032152
47	179	0.2115562961625302
47	64	0.20212780096384506
47	150	0.18670406349137428
47	84	0.1827439737552148
47	172	0.17892314727805078
47	115	0.1762405019489142
47	18	0.1750581423840806
47	192	0.16283739267221345
47	94	0.16194165346901795
47	151	0.16095798026297706
89	50	0.4683542067942627
89	191	0.4457870001704346
89	80	0.4402493013909535
89	179	0.4068662205613644
89	94	0.3549709764696821
89	64	0.3225673721777044
89	52	0.30320016719854304
89	91	0.2958724795935397
89	153	0.2790670099560037
89	192	0.27692630570769106
89	157	0.2696441211534545
89	168	0.2677235573691064
89	49	0.2423883615224164
89	69	0.2415316372154993
89	154	0.23754435503445515
89	82	0.2365816779832633
89	159	0.23518402654655515
89	15	0.2212689575190034
89	46	0.2178615495485606
89	83	0.21100218675250906
89	177	0.18842144297028132
89	17	0.18744711554813728
89	71	0.17746109375435504
89	189	0.1650561085691139
178	72	0.3364021496126385
178	45	0.25726748074064043
178	156	0.2510658103935291
178	179	0.21379045688646128
178	2	0.21247314385078145
178	195	0.19517354046139698
178	144	0.19513506386946888
178	157	0.19355700768910336
178	27	0.1916600915360246
178	52	0.17945548741704045
178	148	0.17563000249515534
178	53	0.1748448761517507
178	154	0.17196418377939934
178	177	0.1705372944779614
178	174	0.1696050617931765
178	10	0.16357714880771218
69	150	0.4947496633681022
69	141	0.4808274483962379
69	172	0.4663533626768832
69	65	0.4645516498692256
69	94	0.4485471393508735
69	146	0.4310780230899482
69	91	0.3819920797537044
69	144	0.3462265830723681
69	66	0.3331079007001263
69	86	0.3076249650027462
69	60	0.29317838048113626
69	189	0.2860968940149163
69	30	0.2785966610367444
69	170	0.2633828883880157
69	84	0.2604489811774692
69	13	0.2548472967102255
69	27	0.2495097998337364
69	110	0.2491065263019829
69	169	0.2468822854392466
69	10	0.23136387620572185
69	174	0.2291005638860011
69	49	0.2232367063271604
69	80	0.19144816399342351
69	154	0.18390364445924104
69	168	0.16784659012612088
69	188	0.16641765212949147
69	64	0.16296394291043734
69	2	0.1609482393220127
141	144	0.4753890281554618
141	13	0.5119287377063491
141	150	0.4823559057594473
141	146	0.4512350405465903
141	172	0.4262785832566653
141	10	0.41927329640400535
141	2	0.3683908512332916
141	138	0.3319872416353106
141	30	0.329653982174656
141	174	0.3214738830427465
141	188	0.28421358753360604
141	27	0.2601040464117483
141	76	0.2265976217181183
141	60	0.22464248559684724
141	39	0.22122140499052625
141	45	0.21670867722194712
141	110	0.2084209316602882
141	187	0.20718663716616129
141	148	0.2043711336038268
141	130	0.18680057584839524
141	143	0.1818738867112401
141	66	0.18067463372325032
141	189	0.17795498786727354
141	156	0.17723832792701488
141	94	0.17485457042749325
141	86	0.1707605966324886
141	186	0.1690999755488388
141	153	0.1599155221178283
141	57	0.15978884397167553
141	154	0.15936004814080895
144	13	0.415689727096916
144	10	0.41544980958685307
144	150	0.3768387174273767
144	45	0.3725579161673799
144	174	0.3385111210628925
144	195	0.3322808383349939
144	2	0.3120184449488655
144	156	0.3063025363506324
144	27	0.30577685934157106
144	52	0.2992539769091173
144	146	0.29722232754554945
144	154	0.2863539550146052
144	30	0.2721737600207772
144	130	0.2611386512127971
144	149	0.25436100482558016
144	53	0.2496129489368586
144	60	0.22030819268346472
144	50	0.20942510028801545
144	153	0.2066410407847836
144	110	0.2027128068160248
144	39	0.1951062060313368
144	99	0.191245852866552
144	188	0.18056822237439785
144	157	0.16823529501714696
144	138	0.16661210668777646
2	30	0.5500688300456632
2	10	0.5491964503111373
2	100	0.37173086804792105
2	77	0.3568224510744926
2	13	0.3244475913791658
2	76	0.3207653461584322
2	60	0.310103574852216
2	188	0.2861152568811873
2	110	0.2658473305790049
2	57	0.24196475379910876
2	75	0.2313449467029966
2	148	0.22442408109288156
2	174	0.2207933849196886
2	39	0.21180464591926984
2	45	0.21027590708626667
2	172	0.20204147640201772
2	162	0.20062146754791532
2	24	0.19732726760157565
2	163	0.19218020151696227
2	43	0.188758994771739
2	146	0.17872954305110297
2	27	0.16300288036673294
2	86	0.1603539826973422
30	100	0.3598468859115165
30	10	0.3348315205894593
30	99	0.30808662964200256
30	60	0.3022191311023371
30	57	0.29198052027900057
30	13	0.2773602057572901
30	146	0.2482621858876195
30	45	0.2392420581202283
30	163	0.2371952024715018
30	27	0.22099313821391592
30	150	0.19782696849585732
30	101	0.19536591440739196
30	186	0.17859401185564674
30	77	0.17500967422754446
10	110	0.5989191112745792
10	13	0.5451961808855906
10	174	0.3325921584218533
10	27	0.2968029071425388
10	100	0.25487534808141343
10	170	0.25379973894690583
10	188	0.24231306023182864
10	143	0.2314869137027749
10	99	0.2039782254029168
10	60	0.20322097315669108
10	162	0.19961351701289892
10	156	0.19878764261891887
10	187	0.19643331619338367
10	130	0.1889711473674764
10	66	0.18830570067065772
10	195	0.18828640977874667
10	57	0.1776451039841947
10	138	0.16990612853230944
10	146	0.16968275946861833
10	161	0.1618053218929001
10	150	0.16162029058952387
10	76	0.16074367232133868
100	99	0.4269166345011319
100	163	0.4148952963449763
100	101	0.3949994783285338
100	58	0.30237359597632363
100	56	0.24485286023626765
100	57	0.2448340592026637
100	184	0.2037290300428949
100	162	0.20089977914564186
100	13	0.2000455476758364
100	75	0.19831695990745532
100	60	0.19475988563675234
100	186	0.18662685101085427
100	110	0.18058757020686453
100	161	0.1626718958152616
45	149	0.5580246718358172
45	27	0.4713931534176361
45	154	0.4636257964907894
45	60	0.4125745931323739
45	46	0.40879200948161104
45	53	0.3991101220425359
45	43	0.3985803409051825
45	49	0.36202120087727147
45	44	0.35929834018905216
45	52	0.31489500795972303
45	156	0.3146968091828518
45	17	0.2981883812443265
45	119	0.2866568668455169
45	153	0.2757625273549833
45	48	0.2451818485059243
45	39	0.2342958232851764
45	138	0.2218680291600092
45	24	0.21016121010750796
45	130	0.18614422080595489
45	195	0.1858256356390096
45	80	0.18569046648674808
45	33	0.17867145908326704
45	57	0.16854622127109092
45	143	0.16653432641873922
45	152	0.16064625460855447
45	120	0.15974986502154656
60	57	0.3822824299299589
60	80	0.3505318677068061
60	49	0.34832834379844435
60	156	0.28999426310322185
60	77	0.27537442131528805
60	146	0.25272350175393354
60	27	0.2442699426313151
60	154	0.2359018613426365
60	52	0.2249842908111704
60	94	0.2005254905200541
60	149	0.20010314589116254
60	153	0.19857632701671216
60	46	0.1949234318800757
60	148	0.1917082543949052
60	99	0.191062795462536
60	86	0.1843963497245464
60	172	0.1799006366736797
60	48	0.16797292494666005
60	58	0.165240926502272
60	50	0.16220456119042265
60	162	0.16163976810419542
60	189	0.16042218199372507
13	110	0.3878866518324713
13	99	0.32025390023512723
13	101	0.2546415735512074
13	174	0.22459500827593246
13	150	0.21951833306523413
13	196	0.20772253620324785
13	170	0.2060474391323532
13	66	0.17480609870979855
13	187	0.17373950693793005
13	138	0.16545491171578033
18	44	0.6261573288191129
18	17	0.5539069192039144
18	43	0.4921093877168578
18	118	0.4918592637511094
18	120	0.4801583083310344
18	15	0.44859506638879065
18	117	0.4465238697890347
18	115	0.4110133934968313
18	46	0.3908729568018237
18	33	0.3743564224010514
18	149	0.353991712477046
18	14	0.3242775814864594
18	152	0.3193382152477925
18	48	0.3044074123035629
18	116	0.2797584563094234
18	119	0.2460745318792089
18	53	0.22371173595202426
18	77	0.221715899828464
18	75	0.2156124115477916
18	154	0.21284550648987446
18	133	0.2033935330651173
18	191	0.1608703106656398
44	17	0.5924482589692349
44	149	0.5041761887282553
44	33	0.5040344719439805
44	120	0.447404115155458
44	46	0.4445842859151817
44	117	0.4251650686610259
44	118	0.4066075053759308
44	154	0.3915251185057708
44	48	0.38340895620585796
44	119	0.3752331417417662
44	152	0.3538954928453045
44	43	0.33971472411237397
44	115	0.3360384977029368
44	15	0.3246623107579064
44	53	0.3150121125126454
44	116	0.22313218556994205
44	49	0.21125059741902932
44	14	0.2019743329055965
44	133	0.1982497120471789
44	153	0.19020513929079136
44	151	0.1807810408425039
44	24	0.16611622198735684
17	120	0.5092598935356957
17	46	0.5118328005564252
17	154	0.5035494460937421
17	53	0.4737542396491173
17	48	0.4645908585467004
17	49	0.459044488942137
17	43	0.420681684211276
17	119	0.4117610779088094
17	149	0.4056304767253564
17	117	0.3552506232887319
17	153	0.3462617876709256
17	152	0.3357191109531846
17	33	0.3216352715198649
17	118	0.32025390023512723
17	115	0.29741376396039004
17	80	0.26405281443732603
17	15	0.2521991943403197
17	133	0.2388932048578881
17	52	0.20649744141279253
17	14	0.1908797247673631
17	192	0.18414517821186333
17	86	0.17944580944239272
17	157	0.16040269663673953
17	179	0.1597985886313577
17	27	0.1597401202061733
15	115	0.5767106162674595
15	43	0.4986742223706187
15	116	0.4782555189521058
15	118	0.4660716101516061
15	152	0.4439341526374433
15	14	0.4358612943502702
15	149	0.4086337482636234
15	46	0.34737902628530704
15	117	0.3291547462436393
15	153	0.3041714862431853
15	179	0.2948684478031851
15	77	0.2720163460932832
15	120	0.2690691040264259
15	75	0.2628616590697884
15	154	0.25569799728692544
15	191	0.2536126123123605
15	151	0.2412114456942712
15	48	0.2403824709511944
15	52	0.2253924855855469
15	192	0.21607958268484695
15	148	0.20808611099935204
15	168	0.20590380302612865
15	53	0.20070784358049065
15	82	0.18962678015307385
15	195	0.1896171397179508
15	188	0.188749351053117
15	119	0.16590228498418444
15	76	0.1648129094185482
15	50	0.1613865505959008
117	118	0.5045340891451772
117	120	0.4551286963073276
117	133	0.43487253865206543
117	115	0.3673272953881288
117	46	0.35745061755399005
117	48	0.33325902879204045
117	149	0.32868208554018025
117	119	0.3085752929166323
117	43	0.3012192691539893
117	116	0.2975596042276421
117	52	0.2398736081624047
117	152	0.22029867801950107
117	154	0.20957807774111814
117	33	0.20769383048393306
117	156	0.18487930414988776
117	71	0.1634116929805054
117	53	0.16027603876960025
118	149	0.4883642381859829
118	120	0.4670807855008542
118	115	0.4232707795149772
118	133	0.41088872561318585
118	48	0.3861862470804046
118	43	0.3757399575329603
118	46	0.3687278751856374
118	116	0.35925479417165096
118	152	0.3287445218696243
118	52	0.2856561222068409
118	148	0.28560101722765185
118	14	0.273608331908798
118	33	0.2647503832436677
118	154	0.2600387810115964
118	119	0.2468822854392466
118	156	0.24655358985247944
118	123	0.20752158865745146
118	127	0.18872041967882805
118	53	0.18671371488928115
118	143	0.16862394759659047
118	39	0.16860451621177516
48	154	0.4202618504438335
48	46	0.41219282089057213
48	153	0.3834857233381694
48	120	0.36999732463007023
48	149	0.3656911779202722
48	115	0.34018347444084474
48	49	0.2909007468548305
48	43	0.2787442358813411
48	52	0.27537442131528805
48	56	0.2386951796186521
48	152	0.2368554276357813
48	119	0.23109884723167096
48	133	0.2278305074171165
48	53	0.22684425709657954
48	58	0.18331420894452533
48	192	0.17970710256069325
48	156	0.17206122494226514
167	169	0.35916769744366306
167	74	0.35752039388299456
167	66	0.3367657012228865
167	65	0.3022827362084213
167	160	0.28258574626801714
167	170	0.2567444699169755
167	76	0.23822361107176654
167	91	0.2347777694434935
167	187	0.23460768396570286
167	75	0.2321209125289639
167	186	0.2185282232115404
167	184	0.2088609073762
167	162	0.1984898744020644
167	94	0.19269057487301428
167	163	0.16021757951200954
74	91	0.3298322360702652
74	75	0.292584137138088
74	169	0.2697368478576171
74	57	0.2638388379402738
74	76	0.2601320165700365
74	189	0.22890157659978366
74	187	0.20093816440830733
74	80	0.19371100862807936
74	24	0.1766086742026646
74	123	0.1738946729566478
74	160	0.1719544794795168
188	76	0.5906996528455557
188	187	0.4970044372425305
188	146	0.4490023420334089
188	189	0.4240420637498299
188	186	0.41774732619714217
188	77	0.4154167129786428
188	148	0.4072500002508193
188	75	0.3961635291350638
188	174	0.31712734607408194
188	91	0.3124606731017413
188	172	0.30185562173921243
188	150	0.292584137138088
188	86	0.2757717668797889
188	116	0.2744037636385043
188	84	0.22347423440920228
188	195	0.21400039160994516
188	156	0.2081626457387562
188	58	0.20430405637354845
188	115	0.2015522446201025
188	162	0.19364363439145066
188	160	0.18774620586828544
188	196	0.1830146091993988
188	57	0.17823578965454398
188	82	0.1715565744696131
187	186	0.5307509284468361
187	76	0.5060681100325961
187	189	0.4134206146602499
187	75	0.37582583625429866
187	77	0.3630461125418051
187	91	0.3534317841839122
187	148	0.3503388847975157
187	160	0.31659658298180904
187	82	0.2988897545076201
187	146	0.2961461931327829
187	150	0.2839286034164988
187	170	0.26434117641829125
187	86	0.25956320426743784
187	174	0.2588169479116941
187	94	0.25206809433301963
187	159	0.2421247942343087
187	66	0.2378085378063454
187	116	0.235297385963611
187	179	0.2267494007768324
187	84	0.2188233992846056
187	157	0.2004199113435935
187	169	0.18121629860113853
187	57	0.1656688813516979
187	196	0.1605780603471436
49	154	0.531970942349906
49	153	0.5280375079209063
49	86	0.47617813062587894
49	46	0.4667914563624954
49	50	0.4634295109639131
49	53	0.4586260697593134
49	80	0.4363390861367035
49	94	0.3614562565950846
49	146	0.3335345712269584
49	52	0.3267808653602015
49	27	0.32156354561428235
49	84	0.31972431214177555
49	189	0.3081409335958362
49	64	0.3030730320505324
49	157	0.2993905378367287
49	43	0.2849487983205737
49	149	0.2778585895744363
49	152	0.2542861792647854
49	82	0.2478774167307964
49	179	0.2473986922921633
49	192	0.24597118987662014
49	77	0.2338043086034237
49	119	0.2298394917775543
49	148	0.2157649680896742
49	150	0.20787562732953765
49	120	0.20763641797218174
154	153	0.6104133942660286
154	53	0.5577284991470366
154	46	0.5008424180166557
154	149	0.4473401265006721
154	157	0.4255827877278755
154	52	0.4154084386547245
154	50	0.4063988165825281
154	80	0.3988831055849891
154	119	0.3778592704622514
154	27	0.3688661133895429
154	179	0.3597075962580414
154	43	0.3596466519924293
154	152	0.3514963355840993
154	130	0.3047612313702777
154	86	0.28319292883166725
154	146	0.27714788581379995
154	120	0.2743575278754544
154	133	0.2710159649165416
154	94	0.2587516357634053
154	189	0.25131877404843017
154	156	0.23856315176192516
154	192	0.2377896687746167
154	168	0.227783102214144
154	24	0.22743227016452897
154	39	0.22591447984853386
154	77	0.21448698241565933
154	148	0.2100369485187128
154	195	0.2090521748082659
154	84	0.1963852450236703
154	115	0.19571214961852906
154	143	0.19166972418165548
154	174	0.19058100197218486
154	150	0.16534792105503673
46	152	0.4943341778274365
46	149	0.4368651821822788
46	120	0.4085171190078051
46	153	0.39446764154185066
46	43	0.38718980430924815
46	52	0.3340055279158745
46	119	0.32968072175776475
46	53	0.3225852910679091
46	151	0.3165245998305014
46	14	0.3087200507745816
46	115	0.2881247169071767
46	133	0.2789563516583307
46	50	0.25393071628911945
46	192	0.2338043086034237
46	156	0.22408218530552096
46	27	0.17973613356489093
46	179	0.1667093291081997
46	33	0.1598960335149846
127	143	0.6180168456830013
127	123	0.4998303725722097
127	130	0.4626596331353529
127	138	0.43783565153444537
127	24	0.4256728602328352
127	39	0.29453058149549965
127	157	0.2625823659290724
127	156	0.24375269048411774
127	133	0.23229120699067565
127	53	0.21930892438110405
127	27	0.2162511717396637
127	196	0.17207092887491685
127	76	0.17081884648473014
143	130	0.5510444720649712
143	39	0.4859159924139659
143	24	0.4604876540258863
143	138	0.4216030398679207
143	27	0.34559273362363124
143	123	0.3430630080067965
143	157	0.2832297204854845
143	149	0.2822176465613545
143	156	0.2518901580948659
143	195	0.2363267738473289
143	133	0.22763139830920945
143	53	0.2143247972966566
143	76	0.1972215484928224
143	86	0.1753877033358969
143	80	0.16780771676426384
143	119	0.1655035425470388
143	174	0.1631683588900166
123	138	0.5876834815648513
123	24	0.4798889562763341
123	33	0.353064193530824
123	130	0.3488993482221509
123	39	0.2379311821370066
123	149	0.21183329990094887
123	86	0.18353647062673328
123	65	0.16162029058952387
130	27	0.4762786474734314
130	138	0.41645872749346896
130	39	0.3435217261751682
130	53	0.3387944216357897
130	24	0.3382366150969718
130	157	0.3045888684792895
130	156	0.22066971883422745
130	149	0.20621979073973126
130	150	0.19654868314767499
130	101	0.16797292494666005
39	24	0.4472601342414417
39	27	0.3649459515668142
39	43	0.3235257078559375
39	149	0.3040081309538536
39	138	0.2792422037693923
39	53	0.2721552414910874
39	119	0.25969376729409344
39	156	0.21555520013045154
39	76	0.2123872052429625
39	133	0.2033647739575222
39	120	0.1984898744020644
39	52	0.1863083251673109
169	170	0.4253452834276593
169	91	0.38523287171245857
169	65	0.3732810981816976
169	66	0.3676213826716005
169	172	0.3235973324913004
169	159	0.299062771013878
169	189	0.2883447778811519
169	120	0.25276094660865217
169	162	0.22408218530552096
169	119	0.2216873743769432
169	80	0.21791870098213972
169	148	0.21697551148167069
169	94	0.21208161914855295
169	146	0.20854528118335405
169	77	0.1920838929894096
169	84	0.19061954883357987
169	196	0.1901376708522534
169	86	0.1769671102334231
169	82	0.17492242940834474
169	160	0.16991583983488387
91	189	0.5565009705263669
91	94	0.4911008164899514
91	80	0.4870991231230602
91	84	0.4395960623398817
91	82	0.43829626749740896
91	76	0.4007062608649629
91	86	0.3927690625477317
91	65	0.35892379332311075
91	157	0.33867048519056114
91	64	0.3322274619042316
91	50	0.3091090166455434
91	75	0.30677367421982765
91	179	0.2939003098096372
91	146	0.2904063657943829
91	66	0.28897728346824936
91	174	0.28670275757976843
91	77	0.2802745471176738
91	162	0.2789747952225067
91	159	0.2631502157088364
91	83	0.2534254666937828
91	116	0.24190826579561497
91	148	0.22916688872745256
91	186	0.2262560786050249
91	172	0.21901381421260346
91	150	0.21178554306251154
91	196	0.19314308291940474
91	195	0.1872830835142627
91	58	0.17204181697678314
91	153	0.1720127047781401
91	33	0.1696439108945162
189	86	0.5975321199891532
189	146	0.5719257240242893
189	82	0.4812117584532345
189	94	0.4568316716965093
189	76	0.4516013024880186
189	84	0.4491699895717137
189	77	0.4078920923018075
189	80	0.3691770896855477
189	157	0.3668514104311354
189	150	0.3656998405882173
189	148	0.3254046238952326
189	172	0.32138421470619044
189	50	0.2782368922439557
189	168	0.276806270850305
189	174	0.2614088546580635
189	64	0.25119698101636706
189	186	0.2435269369715144
189	66	0.239911306226758
189	75	0.2387517602849259
189	153	0.2335868697390709
189	159	0.2287215239982649
189	160	0.22031770730550526
189	65	0.18532354337419293
189	179	0.17807118522804305
94	157	0.4717197599030685
94	80	0.4662359772851347
94	50	0.4165744394441789
94	86	0.39100003210007217
94	66	0.37473469726676795
94	65	0.34807350452712044
94	146	0.3399181648115034
94	84	0.3150121125126454
94	174	0.29373584904167976
94	64	0.27536517960055823
94	82	0.2572114510692297
94	179	0.24068395695553044
94	150	0.2363645394765461
94	53	0.236147377359578
94	153	0.2272331229979107
94	27	0.21323689799656534
94	162	0.19992074679972652
94	77	0.1904846322477136
94	110	0.1843480493799559
94	170	0.1682061439634633
94	83	0.1673703555105312
80	50	0.4548352894998843
80	157	0.3862628218351382
80	86	0.3685723377084056
80	153	0.3622384163761211
80	64	0.2941743724196577
80	84	0.28790462549669465
80	52	0.2846363746422027
80	162	0.26655347492042786
80	179	0.2631967526946853
80	24	0.25552975820927826
80	77	0.24877821661246485
80	53	0.2431882572270457
80	57	0.2411455173884999
80	120	0.2347399739126126
80	82	0.2305213439655808
80	27	0.2222958349786736
80	119	0.2117473368635212
80	146	0.19465405582536088
80	76	0.19426918195956352
80	192	0.18687778313803025
80	149	0.1741177089800414
80	191	0.17153716303617736
133	156	0.3611606414894664
133	52	0.3520834189550917
133	53	0.2964289793664545
133	120	0.2903697388032257
133	115	0.2636806647058253
133	71	0.25724880437567943
133	149	0.2410230732015693
133	116	0.2269485940777843
133	43	0.222856606257338
133	177	0.21704221498236909
133	152	0.2123394601522275
133	157	0.2116136100709676
133	119	0.17206122494226514
133	162	0.1605293492217605
83	191	0.3824531889008048
83	82	0.2416163849951763
83	159	0.22196310450803797
83	151	0.1604416672256757
153	157	0.3681747592910379
153	50	0.3516628500234982
153	179	0.3285928857999775
153	53	0.32646820461981485
153	52	0.3001914480883815
153	146	0.2988260066299475
153	168	0.2937906712304787
153	192	0.2884823005253903
153	120	0.276889372825755
153	152	0.2712661151995138
153	174	0.2674728917495989
153	149	0.2632619024171313
153	43	0.2510283313788071
153	195	0.21932796236951124
153	86	0.21728995309268145
153	115	0.21421030656687026
153	58	0.2127691294462872
153	150	0.20289499222529356
153	156	0.1906388220438523
153	148	0.18547804362115267
153	82	0.1816901652057904
153	84	0.17507752940913654
153	27	0.16636903646675372
153	77	0.16533819443830428
153	57	0.1612209738099598
53	157	0.4937521184240548
53	27	0.4588392521305619
53	149	0.3921345764141759
53	52	0.3565780768986305
53	43	0.3048610112899835
53	119	0.3031547630273227
53	50	0.2806891455792673
53	148	0.2595911828578528
53	195	0.25433294559709657
53	120	0.2431318048351071
53	152	0.2407781618111431
53	86	0.2373084478599177
53	64	0.2090139226008897
53	156	0.2088035240298784
53	150	0.20448611867608926
53	115	0.19424031400677932
53	138	0.18688743388693652
53	146	0.16551326861671553
53	77	0.16265242499483085
33	138	0.3318982602343991
33	24	0.3210703301465793
33	120	0.29477713985125703
33	149	0.27038579464325563
33	119	0.2277736210439643
33	86	0.19194905483532976
33	116	0.16753558862546455
33	65	0.16483236608850918
138	24	0.4061817352493156
138	150	0.2663769656266589
138	149	0.25957253051265994
138	65	0.25868632124912605
138	27	0.2239872044600632
138	66	0.18482135432856012
84	86	0.6049006877052588
84	82	0.4889655913471527
84	65	0.3700663707445541
84	77	0.3014829335306167
84	76	0.30131928520435003
84	146	0.2967117136327618
84	172	0.23199791323340901
84	64	0.22489884469503812
84	148	0.21908045549726216
84	157	0.21317007989753528
84	66	0.20557819501161392
84	159	0.2042753084017808
84	50	0.1999399473568522
84	116	0.1998631442071385
84	151	0.1987396179679664
84	110	0.19480798859763326
84	75	0.19367250928798455
84	184	0.18800667552615385
84	168	0.17944580944239272
84	162	0.178613373870064
84	150	0.17458311789829073
86	64	0.3754307407053234
86	146	0.5034001434684142
86	76	0.4648495901301511
86	82	0.4247881470251918
86	77	0.39567444522497947
86	65	0.3729023450607665
86	148	0.30101921717070823
86	157	0.2930778321308016
86	150	0.275577726159497
86	50	0.2666556563409172
86	75	0.2567444699169755
86	172	0.2536593957512219
86	151	0.2333599521004037
86	43	0.20815307903571306
86	24	0.1830436042097794
86	168	0.17018774290166402
86	66	0.16210719064331966
86	174	0.1610846096413192
82	159	0.3564907885789038
82	64	0.32830740724280194
82	157	0.32149181601829496
82	76	0.3108264639798887
82	77	0.2489939694252584
82	152	0.2405143767887057
82	75	0.2384405465692945
82	168	0.2279821968078892
82	151	0.2219821190712296
82	116	0.2200512820467739
82	65	0.2123872052429625
82	115	0.21164226647943732
82	160	0.20334560102416846
82	66	0.16739951497903244
82	186	0.1620195544516884
82	146	0.16169819989255332
64	50	0.24398782230718605
64	195	0.20310592620332052
64	157	0.18764972892107076
64	65	0.16005193884642568
149	43	0.5284628694237566
149	119	0.42228526920611137
149	120	0.4441027506355245
149	152	0.3969135829466788
149	148	0.39276060518987893
149	52	0.3795638589836681
149	24	0.3305895526602091
149	27	0.3177028645450895
149	115	0.29817015946187264
149	156	0.28356080784577664
149	77	0.2291953130081403
149	116	0.21602238336650254
149	192	0.2113747925216738
149	72	0.19475988563675234
149	14	0.18182554017716526
149	157	0.1739625553752198
149	195	0.171760386475675
149	151	0.1667676610046367
149	179	0.16324622796032154
76	75	0.5610128462968212
76	77	0.5077622331130818
76	148	0.4359665916244975
76	146	0.3483547035439283
76	186	0.33733299574840225
76	160	0.31899692506953403
76	66	0.261679017138964
76	150	0.2534816123719606
76	184	0.23322757173776426
76	162	0.22409168315597994
76	172	0.21831871915131407
76	116	0.2177377163171736
76	58	0.21313189723129813
76	115	0.1897231824931308
76	43	0.18662685101085427
76	174	0.1730702547512414
76	65	0.16295420846704095
76	57	0.16168846133988504
110	66	0.2972132109295731
110	65	0.2661539809805025
110	170	0.24759582876357225
110	50	0.18809349287101398
110	168	0.18770761552401105
110	101	0.17884570724916146
110	99	0.16384964422445306
146	172	0.5780838369281445
146	150	0.5591460826285533
146	148	0.4439903554635953
146	77	0.3899321366474143
146	174	0.2945853756313148
146	186	0.2545012945437765
146	179	0.2413715480241206
146	157	0.2053866396170984
146	43	0.20023753634775174
146	57	0.17760636602026975
146	168	0.16796320707937212
146	27	0.1639372267291518
160	66	0.3015192974137053
160	170	0.2601693094353322
160	184	0.21230126334967386
160	159	0.19541400554555774
160	75	0.1896846219959576
160	151	0.16007142645157996
66	65	0.5907777761779052
66	170	0.4915104706056821
66	172	0.2410513302335885
66	50	0.2257911110818127
66	150	0.2060474391323532
65	170	0.3166415705998074
65	150	0.2790670099560037
65	172	0.23119350437612055
170	174	0.3140750077794584
170	172	0.2844249949167945
170	159	0.2522272859947618
170	196	0.22226731725164847
170	179	0.21339916221718652
170	186	0.21257817546349975
170	168	0.2025210175393629
170	191	0.1984322376095288
170	177	0.1743504231764749
170	50	0.1702071635582016
120	119	0.3647032187228526
120	43	0.3375545286736905
120	115	0.324232838558533
120	179	0.22636044490767626
120	148	0.2223338580230288
120	152	0.22192507487520174
120	172	0.20683249276591625
120	14	0.1979326612894126
120	52	0.18483101272137886
120	116	0.17804213635327898
75	77	0.3984121007536135
75	186	0.3162276308032989
75	184	0.30437111841656384
75	58	0.2833676817620548
75	115	0.2744222575884957
75	196	0.2615485989890605
75	116	0.2345887846923346
75	43	0.23104205084483584
75	14	0.21843299658932128
75	148	0.20519506848476912
75	159	0.19424993669509208
75	163	0.18805490774721256
75	161	0.18010383250392445
75	162	0.17869082054427182
77	148	0.5298596460425115
77	43	0.4142824905107702
77	186	0.3504353799717031
77	14	0.2729143357660445
77	57	0.2712568510274361
77	116	0.2701447859099642
77	115	0.2439313932846201
77	172	0.231855981750064
77	174	0.22090753192853327
77	52	0.21806157302685897
77	179	0.2155075228188518
77	50	0.2015426508338394
77	156	0.17174097644160735
77	157	0.1675550271968598
191	179	0.5192994133459957
191	192	0.3108806661835322
191	159	0.3432571010646707
191	196	0.3110522931540854
191	52	0.24903148913167875
191	71	0.23519347340907396
191	151	0.22457601704898314
191	177	0.2241106787291932
191	50	0.18277297173543156
191	101	0.1647934526203184
159	168	0.3577209785940691
159	179	0.2677885388379835
159	186	0.2382424759721053
159	177	0.22645531885468725
159	184	0.21418168296459786
159	14	0.2033935330651173
159	151	0.19039789635654186
159	196	0.18140005279616206
159	71	0.1634700902049838
179	168	0.3477394993275507
179	50	0.3084848119960561
179	174	0.2759565466724336
179	14	0.25440776925475
179	192	0.2511126581033397
179	157	0.24854367468038546
179	196	0.24685411375648825
179	177	0.24521944357164566
179	52	0.22701498762641645
179	148	0.21336098345941168
179	195	0.21022811738171035
179	172	0.21011341799205707
179	115	0.19591409763403084
179	116	0.18332387288581764
179	186	0.1805005038603668
179	152	0.17872954305110297
179	151	0.1633338282332629
192	52	0.2625823659290724
192	50	0.253631325830296
192	72	0.21979434088017188
192	151	0.2074737414215125
192	177	0.1971542703078661
192	43	0.18815136946804825
192	71	0.18399059917025015
115	116	0.5884096447888303
115	152	0.4825630586262816
115	14	0.3841763889971773
115	43	0.2990263481198285
115	119	0.27545759445725315
115	186	0.198902897885784
115	59	0.18243464219184197
115	58	0.17522292776845266
115	162	0.16698153463479454
115	157	0.16554244663256365
116	152	0.32149181601829496
116	148	0.2569499564079826
116	14	0.24926597035784676
116	43	0.2285509334133116
116	52	0.17295384673175784
24	27	0.30551395088689354
24	157	0.27518033461947583
24	119	0.24913466446984897
24	43	0.18285029812787687
24	195	0.17012948013886747
196	195	0.2810299592018365
196	174	0.25379973894690583
196	101	0.2521898303610404
196	172	0.22904371232868825
196	99	0.21224396692948164
196	156	0.19062918545708624
196	148	0.18624075404162874
172	150	0.4479318467548101
172	148	0.31299297222305844
172	168	0.24757705474449576
172	174	0.22339822830920766
172	72	0.19198758076192246
150	148	0.2556325728186161
150	186	0.2510002216238197
150	174	0.21589844642380565
150	27	0.19542362366042668
150	72	0.16342142593078626
50	157	0.38806504152742216
50	174	0.3000549591793105
50	52	0.29006753366941146
50	162	0.2553334597245813
50	195	0.2531634309576099
50	27	0.19771166202025886
50	152	0.18517869107095736
174	195	0.426548579833845
174	58	0.2650107379624208
174	157	0.24271777032203426
174	168	0.22739433883697746
174	57	0.22365473800347424
174	186	0.2005638817932026
174	148	0.1866461543471709
43	148	0.3465961827095766
43	52	0.30224639076308113
43	119	0.2822728668182385
43	152	0.2262845426574183
43	14	0.22125944709747572
43	156	0.1992486306640343
43	195	0.19756752123178747
43	162	0.1856035683201692
43	27	0.16060728664693774
119	27	0.27013551566697497
119	148	0.18211560618792236
157	27	0.3617431076625221
157	195	0.3588018228754921
157	52	0.32693270334894725
157	162	0.2721182038269262
157	156	0.2222863291119253
157	152	0.17438920698317278
157	148	0.17173127137456998
27	156	0.2277356959313487
27	52	0.2000647472345952
52	156	0.5418847426820731
52	195	0.3209268165604353
52	152	0.21521190056122866
52	148	0.2127500347790835
52	177	0.1993830689106719
52	71	0.17873922359130512
156	195	0.34203912399209263
156	148	0.2293374285475163
156	72	0.22442408109288156
156	177	0.2113270259820272
156	186	0.18150643101535432
156	161	0.17669586566039774
156	71	0.1682061439634633
156	101	0.16229219198214542
156	99	0.16012014491853935
186	161	0.2369498153504825
186	58	0.2319695277268085
186	184	0.22156375970309847
186	162	0.2004679024555917
186	151	0.2003623207395762
186	148	0.1960679516365868
186	14	0.18872041967882805
186	99	0.1860669916297336
186	56	0.17626956997378074
186	163	0.17157598576984287
186	72	0.16318782634821768
148	72	0.23157208917080496
148	14	0.19482722951961656
148	195	0.17409831525203973
14	152	0.5259862964362586
14	151	0.4072166338098059
14	59	0.3865775732193879
14	168	0.2254968948015085
14	99	0.1829179568655601
14	72	0.16703986108038366
152	151	0.4189682914380806
152	59	0.2841952029763723
152	168	0.17120714830098768
151	59	0.41219282089057213
151	168	0.213380072919765
151	195	0.187562896572708
151	99	0.17832292913678074
151	58	0.16415130641351178
162	57	0.4056054125028689
162	161	0.2815456504008481
162	163	0.2729328460203144
162	56	0.2715440169839989
162	58	0.16066573840156947
177	71	0.5025634932169833
177	101	0.24234129855797
177	99	0.18028766310688735
177	72	0.17758699683189555
71	101	0.24597118987662014
71	99	0.20799043899182845
71	56	0.17988128388883226
99	101	0.4921245441346938
99	163	0.3226927995533128
99	161	0.21077286040518092
101	163	0.29796970551352026
163	161	0.3422422001373763
163	56	0.2948684478031851
163	184	0.2730161396636088
163	57	0.21570776062042804
195	58	0.17404013325774872
195	57	0.17246876134003905
59	58	0.3291012457579256
59	161	0.30291863915199324
59	184	0.2482340347013499
58	161	0.32737918783029146
58	56	0.3149580654490433
58	57	0.18174818389426725
161	184	0.4076252977943037
161	56	0.3992614391701931
161	57	0.2306728359623421
184	56	0.1829469529370661
56	57	0.3306697142242313
