61	81	0.8670572223472941
61	60	0.6004751925648694
61	97	0.6844826259620601
61	93	0.6712199056191781
61	183	0.6683914415259977
61	63	0.6419126087775741
61	64	0.6176767997843889
61	91	0.6069763940243192
61	78	0.5796198251468532
61	169	0.5611430326897642
61	84	0.5426683316651678
61	166	0.5385066951425659
61	88	0.5275252807325459
61	68	0.5117220879796651
61	55	0.5030342249732002
61	76	0.4787104408122437
61	174	0.4701321742034963
61	54	0.4512111486150257
61	67	0.4385547580762473
61	82	0.4312327030492735
61	92	0.4278974221974784
61	170	0.4276032915348063
61	36	0.42715375037244296
61	65	0.4254763275306809
61	71	0.4108388541564387
61	90	0.4070831571762163
61	37	0.4014447026372973
61	167	0.39239687596712297
61	165	0.3787589966535378
61	177	0.3562114241377167
61	195	0.35551273444471915
61	77	0.3475636716533282
61	66	0.32747739480870536
61	196	0.31539938999868083
61	96	0.3114496671898417
61	80	0.30997703235106244
61	87	0.30258255258850264
61	74	0.29950888071982684
61	172	0.2956534737720771
61	50	0.29068104109871745
61	35	0.2894995978914853
61	189	0.26792777663876616
61	191	0.2675843031633817
61	116	0.26199570714185344
61	186	0.2603371177224549
81	183	0.7308595380022751
81	78	0.699182816025916
81	93	0.6946570246924033
81	97	0.6935013192136849
81	88	0.6556299374877401
81	63	0.630996401416362
81	84	0.5832142189170387
81	169	0.5741488096377321
81	55	0.5547381908182152
81	60	0.5493919675528732
81	90	0.5423790077650019
81	54	0.5253567040666642
81	80	0.5177933284060545
81	64	0.5065514827560381
81	91	0.4981180374546235
81	82	0.4957081934962011
81	76	0.4820335607070094
81	172	0.4593128016283001
81	166	0.4463477168720347
81	68	0.4377386504453772
81	87	0.4284037681544058
81	193	0.4252224133807717
81	189	0.42118360177057895
81	194	0.4209203328969629
81	167	0.4154249872338157
81	187	0.3949066369996247
81	174	0.37993184934946495
81	147	0.37934985586192543
81	77	0.37833921338375376
81	65	0.3762551330185181
81	74	0.3728851260555276
81	159	0.3542978159928332
81	182	0.3508037476513096
81	36	0.34646419518569105
81	71	0.3369075477966232
81	96	0.3304470314352333
81	177	0.3289674853003127
81	170	0.3268523206333145
81	92	0.32684338892851633
81	191	0.32681659346381337
81	165	0.3153183406080052
81	196	0.31478690293915873
81	83	0.3003188266474649
81	199	0.2956352218836859
81	195	0.2917884115535901
81	198	0.2824661229857117
81	75	0.2779877757928101
81	50	0.2746441691507314
81	190	0.2657543955889804
81	67	0.2646108916199589
60	78	0.5359742133413272
60	76	0.5174639011383558
60	82	0.5015837155175656
60	80	0.4935252221680441
60	50	0.4771518464250269
60	62	0.4721938865003327
60	91	0.4614641553279799
60	93	0.4583338451971709
60	68	0.4535733093878556
60	179	0.4468040417431797
60	168	0.4377063144842502
60	63	0.4002276739455852
60	89	0.3971831357753959
60	77	0.3875127887133867
60	64	0.3666263797613804
60	66	0.3548486110045942
60	97	0.3401657888164456
60	147	0.33967049366581314
60	84	0.33601188509081714
60	116	0.3190508184956669
60	67	0.3187094586272799
60	88	0.3134709716464075
60	98	0.3116031689088101
60	191	0.31146772705944065
60	37	0.30647470029273555
60	90	0.3051149663393314
60	188	0.3039536752172409
60	189	0.30023694166022924
60	94	0.2996181121250538
60	148	0.29454884642263685
60	187	0.2878220833747387
60	165	0.28654672371636863
60	169	0.2794634746459759
60	87	0.27809849883430154
60	54	0.2718218734946334
60	47	0.2588076177496717
60	183	0.25574472761615313
183	169	0.6858355446174876
183	93	0.59458578886911
183	174	0.5783234819131243
183	166	0.5699913283935514
183	64	0.5620877640371305
183	165	0.5561419071845018
183	55	0.5546204945782071
183	167	0.5526509927233095
183	97	0.5412981994422439
183	194	0.5385776923730096
183	54	0.5193651398047011
183	63	0.507316790950536
183	196	0.5026083376608158
183	92	0.4941376878102496
183	91	0.48880578328336605
183	195	0.4784791567095905
183	193	0.4650377087053504
183	84	0.4598570609597638
183	175	0.4548511518527754
183	88	0.4335173763312008
183	65	0.4257219871350205
183	158	0.4154332614202423
183	36	0.4095663017470808
183	78	0.4060147184041141
183	76	0.38255563174575785
183	90	0.3800516342278486
183	190	0.3796836829943377
183	159	0.3777821178252489
183	170	0.3753276498503291
183	68	0.3739006076534527
183	172	0.3734532175739675
183	182	0.3509089756287561
183	177	0.33595865825700544
183	83	0.3277005661721341
183	180	0.32603035954246146
183	77	0.3067374381786842
183	87	0.3001550522475923
183	160	0.2934982638970853
183	105	0.2863723149377029
183	191	0.2828341665378947
183	185	0.2823556936964139
183	187	0.2785136444043931
183	82	0.2718496566541356
183	134	0.26812269075745665
78	80	0.6434797408367066
78	93	0.5462845400343961
78	84	0.5250597999945458
78	76	0.5083112380883376
78	77	0.5052791583369053
78	88	0.5004527549950931
78	90	0.48070443013882
78	54	0.4730093664629875
78	68	0.4662359772851347
78	147	0.4480517422572583
78	172	0.4461394915460257
78	148	0.4439983841535908
78	82	0.43752036073518935
78	97	0.4198088868022874
78	187	0.41669840155779225
78	50	0.41177768682832333
78	169	0.3812231417600115
78	188	0.3740124280011897
78	63	0.3715153939873851
78	91	0.3637838525976653
78	74	0.36024725431107113
78	55	0.3438568396868901
78	166	0.32739704417072063
78	126	0.3239822513568817
78	64	0.3142192176337121
78	7	0.3094526678772533
78	79	0.3072989968403615
78	189	0.30621191569957845
78	67	0.3000094601456643
78	128	0.2972770261033064
78	75	0.29100143507559645
78	98	0.2823833017204142
78	31	0.2818862857579684
78	73	0.27885490837700705
78	62	0.2745609557418574
78	186	0.2716088542207403
78	94	0.26971830291691634
78	182	0.2681134096303452
78	116	0.2534722548775195
93	91	0.6978975933164531
93	97	0.6172808190646221
93	64	0.5878143918014483
93	195	0.5858737771815735
93	194	0.5801508115040379
93	65	0.5537890662963021
93	63	0.5537613329751784
93	90	0.5497130438820735
93	196	0.5422237077339566
93	92	0.5416869316146373
93	41	0.5285781759924367
93	174	0.5184005360652354
93	76	0.5170830385119712
93	82	0.4997028329044731
93	68	0.4802967969999807
93	50	0.4655939802938524
93	175	0.4599359104818985
93	55	0.44797980688942
93	87	0.4466119332709184
93	80	0.43599088930063057
93	187	0.41002393910733337
93	54	0.3995135860518282
93	170	0.3983784495054299
93	180	0.38523287171245857
93	191	0.3817358257799938
93	169	0.37773067981908204
93	83	0.373556476869284
93	88	0.3718170464602903
93	77	0.36952252196743135
93	167	0.3691339034745931
93	199	0.3582876699539159
93	166	0.3517504802655673
93	94	0.3332768074419347
93	96	0.3281735685158165
93	84	0.32803079268276564
93	172	0.32475176729168903
93	66	0.3196075963638904
93	182	0.3003461206596205
93	177	0.2955713385746685
93	105	0.2913400663205077
93	69	0.2844249949167945
93	74	0.279048567420993
93	198	0.2696348482079716
93	158	0.2695421160030342
93	147	0.2613436368860253
93	36	0.25711806444058605
97	198	0.5774109670237171
97	96	0.5711581167790141
97	177	0.5560935558697321
97	90	0.5098965772848023
97	88	0.4960852367065268
97	63	0.4764641843377204
97	71	0.4593522523097701
97	76	0.4521822319428438
97	87	0.4245258537703968
97	172	0.4166488185716544
97	64	0.4155077260043628
97	65	0.4032885239711181
97	187	0.39763785080501535
97	169	0.3965344084240372
97	77	0.3942142929841757
97	55	0.39331019522478095
97	194	0.38861701580874014
97	68	0.387121795478372
97	80	0.37777354498614796
97	83	0.37549946278186097
97	91	0.3723942764721197
97	170	0.3691339034745931
97	84	0.3631763350773359
97	54	0.3584619834498283
97	190	0.35571364847285125
97	167	0.35497971639471626
97	174	0.3508914382478615
97	191	0.34321299157953444
97	147	0.33707597074123896
97	92	0.3343608565471615
97	67	0.3206218012577477
97	185	0.31950882928367264
97	196	0.31918554303334296
97	82	0.3171813108619769
97	75	0.3169654393893768
97	166	0.3138316207859325
97	189	0.2913126124515909
97	195	0.2841216626576163
97	182	0.28247532508861223
97	36	0.27645535020552386
97	193	0.2756608892191787
97	199	0.2753374541509919
97	74	0.26345733717550235
97	30	0.26268477852568906
97	66	0.2579116975564513
88	193	0.6415891230914638
88	189	0.6625863260726202
88	169	0.5568529270067493
88	160	0.5197082781490414
88	85	0.5120689305724253
88	90	0.495625218899546
88	84	0.4773217403333434
88	172	0.4252469886442405
88	63	0.4223181356569897
88	185	0.4150111902775103
88	171	0.4127405358784295
88	184	0.4095080421957825
88	76	0.4037238589883045
88	75	0.3859735115003062
88	67	0.38495180943269736
88	186	0.3809154187314678
88	82	0.3754908727480713
88	73	0.3646165164048549
88	74	0.343080654041171
88	54	0.3405017745194789
88	170	0.3370671069134619
88	167	0.3244386440125322
88	30	0.3228182155965701
88	194	0.32151871504921936
88	116	0.3201910782061429
88	66	0.31806244478598683
88	71	0.3090366587271127
88	147	0.3084757635969358
88	126	0.3064656395323861
88	55	0.3060850374644038
88	159	0.3012647318168344
88	77	0.2941012937848957
88	87	0.2933520396286277
88	187	0.2902140645996883
88	86	0.2825305366142353
88	128	0.2730161396636088
88	91	0.2701077046375057
88	177	0.2683268629596529
88	80	0.26544767508264355
88	4	0.2641272349539865
88	117	0.25815438648160993
88	68	0.2541645812357051
19	121	0.8643765890672668
19	20	0.6872734512235387
19	120	0.4926851218260441
19	124	0.6151905687671682
19	18	0.4146137836007531
19	44	0.4119603668862492
19	136	0.408600426980602
19	119	0.38279462847205337
19	23	0.3742618342067753
19	33	0.3635408826888217
19	17	0.3596988901222732
19	186	0.34950520804989155
19	16	0.3438568396868901
19	117	0.3433012090357437
19	110	0.31080839612938593
19	116	0.30318200569524184
19	149	0.29917203446723706
19	15	0.2957629805692372
19	48	0.2751526061170708
19	188	0.2725348310388877
121	124	0.6309000967276941
121	20	0.6014079413000515
121	18	0.4801967798073293
121	120	0.4737542396491173
121	119	0.454890806472378
121	15	0.4053881636924376
121	77	0.3904153623621183
121	116	0.3645731628747221
121	186	0.36183001871069104
121	16	0.34795924952916824
121	117	0.34767796242289184
121	23	0.3283787825077153
121	17	0.3212317653068265
121	188	0.3123704334496313
121	44	0.2737008432253739
121	43	0.27053409086996816
121	25	0.2698852001790424
121	115	0.2672500474682015
121	7	0.2664884472600491
20	124	0.6890107668517951
20	110	0.4565467551150626
20	150	0.4347671175290753
20	23	0.4123090277748398
20	25	0.3447999781679828
20	44	0.3420038031393605
20	17	0.3401481029514031
20	149	0.33686322238477
20	48	0.3329122977609394
20	29	0.30834003091192624
20	10	0.3025916369990032
20	18	0.29758694773200217
20	119	0.2903880524051647
20	114	0.2903514249885769
20	102	0.2784582976705774
20	136	0.27532821223268233
20	120	0.2539400714572768
120	117	0.5083334863396167
120	119	0.467260588355876
120	18	0.4333468276434578
120	118	0.4213398840932075
120	16	0.4199983334213999
120	44	0.3957587860608866
120	116	0.3689352263731517
120	23	0.3417918577310842
120	45	0.33887408885698983
120	15	0.3362957252857363
120	17	0.3331079007001263
120	186	0.3291012457579256
120	33	0.3258158537529665
120	149	0.2975778332847937
120	168	0.28677618001788224
120	152	0.2850039256289401
120	188	0.26933808755709465
120	46	0.2676121548990137
120	14	0.2666928117350271
120	22	0.26486196856621
120	72	0.2611479692545122
120	49	0.2565483020650017
120	124	0.2541178106230902
120	43	0.2530791972936475
120	154	0.25207745892617234
23	25	0.8443109113698599
23	22	0.6862960474868602
23	27	0.678354737331431
23	129	0.6503528819078823
23	18	0.5710570413594195
23	44	0.5530537181800492
23	29	0.4980654041300235
23	26	0.4915028863938322
23	10	0.4838201605713709
23	127	0.4743357006282012
23	33	0.44533817475998494
23	117	0.43953151964604426
23	130	0.430809308199922
23	43	0.4260821743897923
23	128	0.4046608827929389
23	123	0.3949066369996247
23	118	0.3800516342278486
23	133	0.3662281434827388
23	149	0.35864498572262155
23	124	0.3549360161490702
23	143	0.3419331585347624
23	144	0.3379266198142429
23	17	0.33340125135447096
23	126	0.3217787122572831
23	136	0.3195267874510746
23	152	0.3101758799201261
23	181	0.30839432549290985
23	7	0.3042985279913825
23	125	0.29553483263973124
23	95	0.29538880026972153
23	135	0.28382746795793146
23	110	0.2717199980333267
23	116	0.27071944309981283
23	16	0.26971830291691634
23	39	0.26541049318659776
23	49	0.26350386607411896
23	85	0.2606447253974241
23	119	0.25492209941343336
23	48	0.2534254666937828
25	27	0.625774183717335
25	128	0.5183200927810945
25	22	0.5167825985304882
25	129	0.49939514808151
25	29	0.4780318191515425
25	18	0.4567050536708922
25	43	0.39444230938368335
25	130	0.3371380158624597
25	126	0.3301975830288599
25	44	0.3247964933798899
25	133	0.3194010754598329
25	10	0.3193112742965739
25	7	0.30367228894182313
25	26	0.3005371649707734
25	193	0.2829353639208243
25	117	0.2788733530729381
25	150	0.2748752959215991
25	124	0.2716736889920772
25	17	0.2699964560127989
25	30	0.2591714582676208
25	187	0.2567538107157648
25	135	0.2565389602113486
25	116	0.2546509251040843
25	118	0.2532850950288477
22	33	0.6621597670403077
22	27	0.5608346515163153
22	34	0.5466562661701216
22	123	0.53562488312072
22	127	0.4217263696990771
22	35	0.4109718392433799
22	129	0.4084921252885975
22	136	0.3859735115003062
22	138	0.373444612214888
22	44	0.3734101901358525
22	18	0.3537467750429176
22	42	0.3480647160481759
22	24	0.34279828843832955
22	31	0.3123433604545662
22	26	0.2888306379484026
22	48	0.279445036539596
22	130	0.26486196856621
27	130	0.5881742362606354
27	129	0.5569150162284623
27	26	0.5501525154352002
27	143	0.5081480635126552
27	29	0.4881509889275876
27	28	0.480988881136016
27	52	0.4802121678805945
27	40	0.4785331289405429
27	21	0.4540894334645567
27	144	0.4309721748328518
27	44	0.4259266555452135
27	7	0.4083004864246715
27	43	0.4056304767253564
27	131	0.4029116443356081
27	149	0.3954551278168821
27	127	0.38924507792125385
27	150	0.3884472072499003
27	69	0.38247880049368893
27	51	0.3682352690457311
27	38	0.36785487021060426
27	53	0.3674483990516109
27	39	0.36727539000473136
27	135	0.356700270088345
27	18	0.3427806385306558
27	188	0.34166820684945265
27	142	0.3368543571232124
27	133	0.3309903127604141
27	24	0.3297876748006128
27	125	0.3294311317504071
27	182	0.3230331881530719
27	164	0.32267488205053585
27	156	0.3185657034129661
27	10	0.313705403881306
27	128	0.3131823872041681
27	155	0.30885574827922024
27	33	0.3048247284570022
27	45	0.3009919353014185
27	95	0.29796970551352026
27	145	0.294265715876124
27	197	0.2649084603573562
27	122	0.2603557621170786
27	148	0.25889158746909424
27	34	0.2536593957512219
52	156	0.8337460901286765
52	21	0.7492574616118924
52	122	0.7369084526109312
52	197	0.6276323441969829
52	38	0.7018514060030018
52	142	0.6833702356433378
52	131	0.6434152835539569
52	164	0.6243911383235329
52	149	0.6060471434689931
52	28	0.5986047840639213
52	143	0.5844204761038674
52	125	0.564320519733546
52	95	0.5628260974743815
52	98	0.5574666468734288
52	130	0.5377963022887688
52	53	0.5348542831842799
52	145	0.5226436247184679
52	155	0.5188537720815372
52	45	0.5105696697673637
52	39	0.4983736328201687
52	51	0.489490443914645
52	16	0.4706227835437407
52	79	0.4533826635375449
52	133	0.442037271801456
52	129	0.4367114311477256
52	132	0.4359098945751596
52	199	0.4353589432043832
52	157	0.42947274360131743
52	24	0.4271946264830668
52	70	0.4249766262641404
52	135	0.42414048134075416
52	11	0.4164008664578113
52	152	0.4127654249277417
52	44	0.40929994510491546
52	26	0.3898982180012412
52	40	0.38658607876430573
52	7	0.380949614348175
52	62	0.3805135421944305
52	182	0.37496675873632745
52	181	0.3688574739797713
52	173	0.3651019679178111
52	9	0.35018974126313396
52	176	0.3465521883928936
52	148	0.3330456665102245
52	80	0.3264324674126966
52	117	0.3263609901987129
52	41	0.32497538320452485
52	118	0.3206397451758923
52	49	0.3128215753065008
52	178	0.308276684695004
52	17	0.30667402296707896
52	147	0.3054051475514057
52	144	0.3043801919711689
52	154	0.3023372527284352
52	151	0.3013011009609999
52	43	0.2972770261033064
52	29	0.2949049694763416
52	47	0.2780431382371293
52	10	0.2736360858353998
52	179	0.26514090083555913
52	198	0.2583690456842557
52	14	0.2528826371568493
156	142	0.7231754148096519
156	164	0.6556527428650551
156	38	0.6806048536447762
156	122	0.6697943191412022
156	197	0.6222755066253117
156	21	0.5838736952560882
156	95	0.5764235610076044
156	149	0.5591323353616551
156	131	0.5562593161334869
156	145	0.5314616751748774
156	98	0.5198907302661773
156	143	0.5016061675930008
156	53	0.4986667090929527
156	45	0.4873050343372284
156	79	0.4643791100499917
156	51	0.457472391375765
156	155	0.4423027520722132
156	11	0.4362014425336267
156	199	0.4338340272253407
156	28	0.4259593984467169
156	70	0.4064572537201494
156	176	0.4006894720405674
156	39	0.3843979930676261
156	130	0.3804793332960025
156	157	0.3779964177489775
156	44	0.3683130627181441
156	62	0.36363634105403225
156	151	0.3609954131851048
156	178	0.3600296792414581
156	135	0.3557747896963581
156	49	0.3548398701489451
156	152	0.3510668009785801
156	9	0.3475197109146996
156	24	0.34060785720939424
156	173	0.3368898178110734
156	47	0.3341565541912505
156	179	0.31932923498807264
156	16	0.3166595652481633
156	7	0.28425954801227105
156	125	0.28041275823281425
156	41	0.277295589510719
156	59	0.27625215191359065
156	133	0.27587339828898605
156	168	0.275013956739148
156	182	0.2749030290000474
156	154	0.2631967526946853
156	109	0.2630571380634092
156	148	0.2568939169408954
21	53	0.6792444681644043
21	125	0.7462064877011774
21	28	0.6620530601726092
21	155	0.6432101314925326
21	51	0.6301108706612742
21	122	0.6128731451138261
21	149	0.6072226517837698
21	131	0.5834781018128034
21	16	0.5729073390775561
21	45	0.5352539647321479
21	44	0.5225345896250801
21	143	0.5203211292384436
21	164	0.5117589940605853
21	132	0.5023840883970043
21	130	0.497854834130891
21	152	0.4722871251687039
21	14	0.4705605000632627
21	26	0.4396928678690144
21	39	0.4383851318146806
21	133	0.4380781096628014
21	142	0.41955348781809787
21	38	0.41288156567409695
21	154	0.4030959136844056
21	197	0.3957419184277135
21	135	0.39528639142522093
21	118	0.3890244486477004
21	17	0.3860756297038359
21	49	0.3836989375675731
21	157	0.3773448204671301
21	7	0.373212243227925
21	15	0.3715412529885278
21	43	0.35731977618117033
21	178	0.34381275080522355
21	9	0.3435040861975032
21	11	0.3416593741909102
21	109	0.3292884882123194
21	29	0.3239554000308851
21	18	0.3238390382542143
21	46	0.3230511010285275
21	95	0.3229973617077917
21	70	0.32182353445912115
21	117	0.3141110616020745
21	148	0.3099679931806492
21	129	0.3079418092839021
21	47	0.30117380512170044
21	40	0.2939459902687188
21	119	0.28896811852046866
21	115	0.2755037999765144
21	59	0.2727755024188441
21	124	0.2656800440403009
21	188	0.2654569704332869
21	145	0.26481547554365664
21	144	0.2638574456234346
21	0	0.2540429751708222
21	62	0.2522085582723674
122	149	0.5613896255233962
122	155	0.5541217703134081
122	131	0.5419624377523861
122	125	0.5081851518475836
122	164	0.5080367871999311
122	51	0.5074504520848073
122	53	0.49189716654216903
122	157	0.4838431377794255
122	143	0.4746069075671186
122	45	0.4656253086002055
122	197	0.4347590077182815
122	154	0.4333062162372017
122	142	0.4317698154166507
122	44	0.4307197195873699
122	152	0.4281669623796681
122	28	0.42595121282594106
122	38	0.4017298700347152
122	14	0.3993707102373884
122	11	0.373289704761788
122	130	0.3683130627181441
122	49	0.35824408767592464
122	145	0.3577122582058601
122	95	0.35724126462456696
122	129	0.3524950883171251
122	17	0.33495581906137545
122	132	0.3285304424937115
122	133	0.3202090276446643
122	176	0.31831409652668
122	39	0.31699242512006937
122	7	0.3062753507381432
122	47	0.305867506620714
122	153	0.3055683495632038
122	109	0.2926115687329792
122	98	0.2844801401209838
122	16	0.2844801401209838
122	144	0.2832757088804539
122	117	0.2770555643504989
122	0	0.2754853179215553
122	62	0.2743112908438742
122	40	0.2672129039746722
122	173	0.26057015869657996
122	43	0.25951657231513026
122	199	0.2536500391583788
122	118	0.2528171124710248
197	95	0.7245273637048159
197	198	0.6246046391542395
197	142	0.610570219202776
197	199	0.5739409631758409
197	38	0.5171269946560568
197	79	0.5163573683896825
197	96	0.4967935716587034
197	131	0.4954064243217541
197	143	0.4415543819560138
197	98	0.4224906663056429
197	70	0.4146883094065439
197	182	0.40305403715620897
197	176	0.3894062787686228
197	28	0.3866711305964075
197	145	0.3852158396685438
197	39	0.38297384240017857
197	9	0.3650846337801784
197	129	0.35465629785252584
197	181	0.3465257910710384
197	99	0.3303134040988096
197	133	0.3254046238952326
197	32	0.32497538320452485
197	44	0.3119010964058867
197	115	0.30623910247770336
197	147	0.303881064478706
197	11	0.30131928520435003
197	163	0.2934617091171906
197	135	0.2900583750345864
197	132	0.2821808320177868
197	109	0.27985062725116844
197	103	0.27828302081377343
197	172	0.2769078393689931
197	164	0.276806270850305
197	80	0.2735435709749149
197	16	0.271877439360471
197	149	0.27065457210177096
197	101	0.26738004344125
197	26	0.26371788321353584
197	71	0.2555204111399673
197	106	0.2534909698189627
197	173	0.25240518993217576
142	38	0.811702648222888
142	145	0.691194830555699
142	131	0.6232305049685883
142	143	0.6204153021348479
142	199	0.5981040459612297
142	79	0.5907126741701227
142	164	0.5869301504243171
142	39	0.5577078306335832
142	70	0.5518725851326616
142	182	0.4904251715682883
142	98	0.4590602743603542
142	130	0.4508447246772624
142	181	0.4482035867598236
142	149	0.4245586443255409
142	28	0.40302053471836985
142	135	0.37845916735085583
142	144	0.3745971571963096
142	41	0.370998092951064
142	40	0.36493728339065606
142	26	0.3585927021711573
142	176	0.35587086260902706
142	95	0.353142972138132
142	9	0.3440684452136575
142	173	0.3401569459140041
142	24	0.3356924919047406
142	11	0.3266736754454783
142	7	0.3247070397509768
142	148	0.3206576888638969
142	133	0.3194639328610694
142	129	0.2971038073112843
142	139	0.28972862880632955
142	147	0.2868404218877449
142	45	0.2714513880843413
142	80	0.2606074424356548
142	155	0.25793036709127226
164	45	0.6312551239244403
164	62	0.6526435642936564
164	38	0.6279352879233558
164	149	0.6022370936111263
164	53	0.5916818975988422
164	157	0.5694374795465185
164	51	0.565253510857447
164	98	0.5540247499185732
164	173	0.5379881837090202
164	148	0.5203065437682136
164	7	0.5172002488347811
164	135	0.5132115901066855
164	155	0.4986366552329646
164	145	0.4976968680994733
164	80	0.4376012147907845
164	89	0.4340369522213765
164	79	0.4232954044576953
164	49	0.40613163304446265
164	182	0.4045019831594744
164	150	0.39991689534902203
164	130	0.3904662157215111
164	147	0.38256416822498696
164	131	0.36511930180229657
164	50	0.3551545018635163
164	168	0.3534667871280045
164	17	0.3491715822348178
164	179	0.33890949495111866
164	154	0.3373684435280743
164	28	0.3306519009556256
164	199	0.3205410507783827
164	47	0.3204333762250339
164	151	0.31115164686602426
164	125	0.3075525338698982
164	152	0.3044164856372161
164	188	0.3044074123035629
164	16	0.2856561222068409
164	24	0.2812233624390782
164	44	0.2725348310388877
164	178	0.269505021721207
164	95	0.2651223067309064
164	153	0.25386522878178336
87	191	0.8156562449136963
87	83	0.6961649205178091
87	187	0.6197444062157464
87	82	0.5817408146775046
87	190	0.5529634745862904
87	194	0.4897793418239086
87	192	0.4694230030791745
87	89	0.4644418558822014
87	91	0.452046981238343
87	147	0.45031872047454063
87	116	0.4345886854033678
87	182	0.4322822281056212
87	172	0.4225070961995488
87	96	0.4219729825514658
87	76	0.4192980223900773
87	90	0.4190095138530404
87	68	0.40730004787408336
87	64	0.3994715657677516
87	80	0.3934369838072935
87	179	0.3893893113814798
87	77	0.3655872209633472
87	148	0.3551195467557641
87	180	0.3514349825517989
87	188	0.3400508263925809
87	55	0.3377051497087907
87	50	0.33585219815198003
87	198	0.32330185697613345
87	65	0.3126411354874084
87	43	0.3002551387065356
87	15	0.2936079230866758
87	128	0.27420031679354884
87	150	0.2741910686263279
87	193	0.2731642071443727
87	69	0.27179408988200315
87	63	0.2707750448555852
87	189	0.2673614731836987
87	7	0.26659063249402914
87	105	0.2653640147063373
87	84	0.2641179325613791
191	190	0.6120670496614602
191	83	0.599592048533598
191	187	0.5585821925716781
191	194	0.4719762885150621
191	116	0.4626124750624893
191	182	0.4549304592881692
191	82	0.4438618867281899
191	198	0.4362500249601567
191	80	0.4358369932845581
191	147	0.41354496945699787
191	96	0.41130422544404494
191	192	0.3878271821416705
191	172	0.379640890166943
191	15	0.3632718225867427
191	64	0.3610997705412997
191	148	0.3552768369191915
191	89	0.3513473301263743
191	179	0.34188900369414416
191	115	0.340722770337895
191	91	0.33115058338435344
191	188	0.32737918783029146
191	43	0.32366000100529085
191	180	0.31728923427562883
191	68	0.3114767569098653
191	150	0.311115519030288
191	199	0.3089462062977463
191	14	0.2941012937848957
191	77	0.2758272029584156
191	168	0.2722848669647192
191	76	0.2589942118121897
191	90	0.2565483020650017
83	190	0.7227505960831107
83	54	0.4900149420656608
83	187	0.4568554105158749
83	82	0.4336066989666061
83	55	0.4264667707136571
83	64	0.4187126739196834
83	69	0.38448321360977394
83	91	0.3813855170908988
83	192	0.37914437467320267
83	92	0.3753877873111113
83	76	0.3717998112904468
83	68	0.3694189030004926
83	65	0.3688488345062653
83	77	0.36586441923987617
83	172	0.3587234068308089
83	180	0.3568660841829131
83	150	0.3562550790312274
83	96	0.35501467547434495
83	116	0.32881587415608543
83	194	0.32747739480870536
83	90	0.31427329259116
83	84	0.3111697104466647
83	175	0.3092085029401511
83	147	0.3086657682533456
83	63	0.3010919664131109
83	159	0.2979879296860048
83	148	0.2859499835205105
83	43	0.28586734045925005
83	158	0.2562399955950043
83	40	0.2562119651475973
83	182	0.2552960671497245
187	76	0.6234750774805952
187	188	0.6434328637177978
187	116	0.496951726347533
187	77	0.5355749638302197
187	147	0.525508727362507
187	172	0.5163793693009092
187	194	0.5163720357395709
187	82	0.474203939045274
187	182	0.4699451989330376
187	43	0.4678466335260613
187	90	0.45736959179126097
187	80	0.448802720405711
187	75	0.44382976669291213
187	68	0.4396686674443408
187	148	0.4390230873386945
187	15	0.4125662952760883
187	190	0.41030673899741177
187	167	0.4036317841246405
187	186	0.3847132763390461
187	63	0.3514612770781578
187	185	0.3509265127634916
187	180	0.3509177442268944
187	189	0.34947009371462273
187	89	0.3445532427205898
187	91	0.3402718989528659
187	193	0.33909536119448985
187	192	0.32104342247211665
187	115	0.3159305997891541
187	14	0.2944940509956825
187	50	0.2941835070071719
187	128	0.2902964822684805
187	132	0.2861795252580955
187	29	0.28465475418025515
187	179	0.278190762390653
187	64	0.2770555643504989
187	7	0.2726644275605236
187	94	0.2702652945104692
38	98	0.7585749500845714
38	79	0.7034360959992664
38	41	0.5922210600961049
38	199	0.650450968054463
38	145	0.5920587175098178
38	24	0.5688898769125746
38	173	0.5330957028909808
38	182	0.4728075134869636
38	80	0.4622115257543966
38	62	0.4589024071354438
38	131	0.4530727755365382
38	70	0.44763603562967097
38	181	0.4297581442964029
38	28	0.40966616749174106
38	147	0.39246455581772816
38	135	0.3790416200534571
38	148	0.3776449446275342
38	130	0.3771046640510972
38	39	0.363037430535084
38	143	0.3588802338558912
38	50	0.3396262617168489
38	31	0.33486703562789105
38	40	0.32671833893141033
38	32	0.3002187443953846
38	95	0.2768616726274101
38	7	0.2693937340774397
38	168	0.2652896465725499
38	151	0.2645550918695504
38	149	0.2618746264461675
38	53	0.26107342355822233
38	57	0.2575102559913157
38	11	0.2574729080679143
38	26	0.2563521130747471
98	80	0.6764879456070643
98	199	0.6319223399717321
98	79	0.5695861239330251
98	50	0.5570115870914425
98	96	0.5339970163054222
98	173	0.5248134898824878
98	62	0.5116999434245759
98	41	0.5036016949088401
98	24	0.4588313574289311
98	147	0.4141416576904802
98	182	0.3999672981281549
98	95	0.3624469062457168
98	89	0.3568399045047029
98	148	0.34590969781383885
98	168	0.3403868418222026
98	145	0.3219311018579985
98	28	0.31690247068864025
98	32	0.2952610106219536
98	179	0.29071766085420503
98	71	0.2736545881999896
98	131	0.26081248910368376
79	181	0.6127295159734371
79	199	0.4846239658887297
79	80	0.4831075363410198
79	31	0.4166405544996027
79	57	0.4139676603561869
79	32	0.40673269828982095
79	147	0.39684618403808536
79	163	0.38301650813495175
79	182	0.3786390744681528
79	70	0.3680450850285989
79	95	0.35871469362437897
79	148	0.3493823035815528
79	56	0.34820532436899954
79	173	0.3478449841941667
79	145	0.3452052258324073
79	135	0.3410762853363063
79	62	0.33905110972745256
79	24	0.3353996469926542
79	101	0.3235704736875732
79	166	0.3045253613318594
79	99	0.28572959257409114
79	172	0.26247063634889023
41	145	0.5402864123008025
41	24	0.5243641098223043
41	195	0.4813270154194479
41	40	0.4759461211731169
41	50	0.472885155121269
41	199	0.47198406086220895
41	196	0.4644967546606769
41	91	0.35829638622214194
41	69	0.34205678405603474
41	175	0.3200384986978469
41	182	0.31698342993353146
41	62	0.2916969229320748
41	173	0.2906444204916464
41	80	0.2849579863362156
41	34	0.28259494769497484
41	94	0.2640621171738734
41	179	0.2620609010235715
41	28	0.2619863935349581
41	194	0.2606726871085872
41	174	0.2595445516317498
41	147	0.2563147413477893
145	144	0.5273303893674379
145	143	0.5166506578244201
145	130	0.5089339325984771
145	40	0.4915938920153723
145	157	0.4153008661883018
145	39	0.4088253245005561
145	131	0.3694793485145013
145	199	0.3548486110045942
145	173	0.3468161314181814
145	24	0.3385199751351294
145	31	0.3340055279158745
145	182	0.28961869810625074
145	127	0.2841216626576163
145	51	0.2741540754503043
145	70	0.2650758206065961
145	196	0.2541552272082744
12	112	0.8108480688151702
12	113	0.7157423310060184
12	13	0.7056269012487676
12	9	0.5955933431648284
12	0	0.5875656360374781
12	103	0.5865498234571098
12	70	0.5678541388216031
12	176	0.5435284852889013
12	11	0.5332960994852227
12	114	0.5241320573629252
12	106	0.4734905078253552
12	109	0.4658367441430753
12	3	0.4566654817425927
12	1	0.4492897184520932
12	111	0.4374394996042256
12	5	0.4328187421265792
12	102	0.3976041749038165
12	10	0.36452113655220575
12	101	0.35497971639471626
12	46	0.3511194049965406
12	184	0.3357013649804628
12	108	0.32126763725199736
12	110	0.31683050303832994
12	178	0.2803206187809116
112	11	0.738567351536378
112	103	0.7147068099037522
112	0	0.6811198229674494
112	9	0.7353692417650424
112	176	0.7256891962636005
112	13	0.6704774571211253
112	113	0.639081756779523
112	70	0.6332958937159271
112	106	0.6259870794148684
112	114	0.5724570756010762
112	109	0.5652262907032714
112	3	0.5472589862250585
112	5	0.5064920078983733
112	102	0.4698205253181389
112	1	0.4472201354283654
112	111	0.4381589148796157
112	108	0.4216688177193509
112	39	0.4205993780570244
112	10	0.3748808155210447
112	139	0.3159846100366469
112	110	0.31238848183111945
112	46	0.3000094601456643
112	143	0.2871524171227616
112	101	0.282843366560216
112	124	0.2738303505608289
112	141	0.26237752298874284
113	111	0.6582163836716464
113	13	0.6168225761795975
113	1	0.5178079660558481
113	103	0.5091561945324921
113	102	0.4675731969283649
113	114	0.43001085608137146
113	8	0.4282812897530783
113	9	0.4240830722967368
113	0	0.4143984555866184
113	108	0.4106310299562255
113	3	0.4019059639296889
113	106	0.3718687504318008
113	176	0.3537555236441609
113	139	0.327986172161005
113	6	0.32493066292789713
113	109	0.31851179142900377
113	5	0.305532084000609
113	11	0.3049335743012017
113	124	0.2961735618125896
113	153	0.2540149110919432
13	114	0.6830182935801131
13	103	0.5776175749731131
13	1	0.549238351925892
13	70	0.5455825835991136
13	106	0.5225200503210833
13	0	0.5170976908630652
13	141	0.5063135544063111
13	3	0.4936462418676208
13	102	0.4890416788915278
13	5	0.4872058986631199
13	111	0.4842948872998575
13	10	0.4812885982797082
13	9	0.464943654665623
13	39	0.4517923352826545
13	8	0.4388131761134135
13	176	0.4235334133242498
13	110	0.4143073413024471
13	108	0.3768558771496665
13	101	0.35458635835548497
13	139	0.3384402863271026
13	11	0.3379620515592757
13	109	0.2993086027516699
13	124	0.27290508056313273
11	9	0.806138074005346
11	176	0.7761445937449973
11	70	0.6627658014081257
11	109	0.6561769364456322
11	103	0.5833593697492782
11	0	0.5599703559557971
11	106	0.4986141140511938
11	3	0.4911615197039534
11	143	0.4902428741587491
11	44	0.4743512005940175
11	149	0.4425601134854599
11	45	0.4411437243533438
11	155	0.4356911735457271
11	39	0.4108139175060204
11	118	0.4095579791585499
11	10	0.4064739494344433
11	114	0.4015872960701724
11	131	0.3878186862079532
11	17	0.3755595912120309
11	117	0.3740038268219836
11	5	0.3714809144225347
11	129	0.3683649223013181
11	49	0.3627074675780511
11	152	0.3625945646270053
11	51	0.35533799988384696
11	108	0.3549884562577008
11	95	0.35141745255952744
11	53	0.33709369821752544
11	48	0.3256549523930459
11	47	0.32145594983659737
11	16	0.3211241439404199
11	110	0.3105283157287648
11	157	0.3081952355417145
11	133	0.3080232724917372
11	178	0.29861653054226844
11	119	0.2978876940495042
11	127	0.2971038073112843
11	14	0.2911387268064708
11	154	0.2910655060418947
11	130	0.2859591658203226
11	28	0.2838090790141796
11	46	0.282070383400974
11	1	0.2709140413402883
11	124	0.2676492898508654
11	15	0.26715718724560833
11	153	0.2611013785592901
11	179	0.2561652467777002
11	102	0.2559690165575065
103	3	0.7342605296991936
103	106	0.7267525523990135
103	108	0.6415597039778828
103	9	0.7081135508406987
103	102	0.6698218869964421
103	0	0.6242568900291365
103	109	0.6224286760921824
103	1	0.6156502994124377
103	176	0.5730618274696904
103	5	0.5326159395927905
103	70	0.5236532032967754
103	39	0.4737775060260464
103	143	0.411785991185494
103	111	0.40347272646567606
103	114	0.3557223831197835
103	153	0.3515051000565529
103	10	0.3205859127310787
103	129	0.2886198112682892
103	44	0.2860968940149163
103	178	0.28225446027375445
103	101	0.2802192594173017
103	110	0.2696997577761381
103	144	0.25949791919534304
103	127	0.2563521130747471
0	106	0.6031094886446952
0	3	0.5742962687011609
0	9	0.5649267877706184
0	109	0.5590910917161718
0	70	0.5213996115037375
0	1	0.5168485596795553
0	39	0.5116113584053794
0	5	0.4932377237796221
0	102	0.4883413928401586
0	176	0.4430344325028744
0	101	0.41779685418595897
0	114	0.4033136444181799
0	100	0.3767443343314497
0	152	0.3647639065827972
0	143	0.34755487962782905
0	10	0.3469480823384338
0	46	0.3307231526163454
0	153	0.30076456723344586
0	108	0.2843606564663785
0	48	0.2806799334173745
0	110	0.2798598440616391
0	154	0.27938050154431376
0	124	0.2617255927341318
9	109	0.7492355301274835
9	3	0.6570416097428091
9	108	0.6380868443467944
9	106	0.6237622943443923
9	70	0.6226920160880617
9	176	0.5836495596572697
9	5	0.5098743767807958
9	143	0.4853810906053715
9	44	0.4693684263428008
9	1	0.4546211194917828
9	39	0.4315908119542855
9	102	0.3996816503997013
9	111	0.3969978255634613
9	16	0.3739952255784396
9	149	0.3691684525708973
9	95	0.3667475554545927
9	10	0.3627074675780511
9	28	0.3625424519824199
9	117	0.3478098235502885
9	131	0.3475900473631275
9	178	0.34486165458751394
9	118	0.3409967528680412
9	14	0.3405106150747918
9	155	0.3403780004241288
9	114	0.3383251717005888
9	45	0.32599461090808857
9	152	0.32246881414908074
9	49	0.3141921793903441
9	17	0.3127945107726571
9	153	0.3075978037456628
9	15	0.3046523729186775
9	129	0.30250079042024264
9	130	0.2943022517535926
9	53	0.29273957647400456
9	133	0.2833308932348099
109	106	0.6986150064234505
109	3	0.5416516018943783
109	176	0.499470204781572
109	70	0.4708251724653409
109	108	0.4336310582066472
109	102	0.4169462792959205
109	5	0.4067744258667947
109	1	0.3881414853544689
109	118	0.3777649720822751
109	143	0.3734962434052391
109	44	0.3695570595811463
109	53	0.36774245607218586
109	155	0.3604821913710513
109	178	0.3589586397712268
109	149	0.33886523718347505
109	39	0.3264414018019737
109	153	0.30287322644931064
109	14	0.30158293209843545
109	114	0.29857098845394103
109	152	0.29301384344124753
109	157	0.29162372819176435
109	51	0.2815548576953924
109	46	0.278126178440112
109	45	0.27657541030709865
109	101	0.27536517960055823
109	117	0.2750694178633423
109	16	0.2749030290000474
109	15	0.26262891784290315
109	135	0.25960983500936724
176	70	0.6940770278759821
176	139	0.5476091441833318
176	114	0.5214287365940945
176	106	0.4587760924890305
176	3	0.4443114474474748
176	39	0.3900762790889424
176	143	0.3849006995260028
176	95	0.3647292281851404
176	131	0.35799127967823324
176	32	0.34161520999288997
176	5	0.3032183284815828
176	10	0.301937419003331
176	1	0.2972952585222974
176	102	0.2939825336692201
176	149	0.2936718873790668
176	129	0.2905528652488659
176	44	0.2903880524051647
176	45	0.2734047891943095
176	127	0.2641365372974537
176	108	0.25957253051265994
182	199	0.7941612820844692
182	147	0.7007893740650294
182	80	0.6047357970348459
182	194	0.5965861453653072
182	148	0.5635567098621781
182	198	0.5573494665100571
182	172	0.5500827783778547
182	135	0.4831152023750676
182	181	0.4227124464432022
182	193	0.4189765360592456
182	7	0.4004627965772394
182	96	0.3650412973286321
182	69	0.3613954005991896
182	196	0.3584358380184792
182	190	0.33896260229239394
182	131	0.31439044800273713
182	173	0.29833414767883204
182	188	0.2933520396286277
182	150	0.28242931405426563
182	40	0.2761228310481133
182	175	0.27541138766520834
182	159	0.2695977559259912
182	90	0.268781523484786
182	185	0.26087772629173706
182	177	0.2568752367346125
182	29	0.2545854632338524
182	28	0.25231155840717
182	168	0.2521242811837266
199	198	0.6330862195406101
199	80	0.586766248128301
199	147	0.5307365622253012
199	96	0.5082667395501305
199	194	0.4911387565577021
199	196	0.4673700146528373
199	172	0.448555127369681
199	148	0.3696174979481477
199	175	0.35997745539558884
199	131	0.3500142555457915
199	195	0.3461649726785657
199	173	0.3412353356240625
199	166	0.3389714533059345
199	174	0.3134349017561548
199	181	0.3083128828680495
199	28	0.2934160144354826
199	168	0.2767601012969215
199	135	0.26642341717354817
199	90	0.259199442954684
199	69	0.2570059941471758
147	148	0.7473167772743325
147	172	0.669865991724139
147	80	0.6512175993955702
147	188	0.5741689198856693
147	135	0.5491685143671009
147	198	0.4333549497135305
147	173	0.4044350707426711
147	116	0.4043765188259867
147	189	0.3942311847528181
147	89	0.3834942526924601
147	96	0.3745111862791679
147	15	0.37429623081500174
147	194	0.3530817003207061
147	50	0.3517855306363745
147	7	0.35165408666028186
147	190	0.34098791562576153
147	185	0.33836944775547634
147	62	0.32756666774051
147	18	0.3266468766535594
147	168	0.3231854402156753
147	132	0.3208191716980078
147	16	0.3173611786526463
147	186	0.3162456306911656
147	159	0.3119462315872665
147	45	0.31081743008271634
147	192	0.3100493436968728
147	181	0.30858434070159885
147	179	0.3035270365830554
147	90	0.2970946899909198
147	193	0.2926847172980813
147	82	0.2737748486326621
147	76	0.267389328495547
147	43	0.2672686189171772
147	131	0.2668135612906939
147	151	0.2647689812898799
147	68	0.2591061589722021
147	28	0.2532663780008226
147	99	0.2525175415230729
198	96	0.7470384901812486
198	177	0.5615950434278958
198	172	0.4515774204765636
198	194	0.4017298700347152
198	185	0.3928282621924552
198	115	0.3815478688910035
198	95	0.35337052665031204
198	190	0.33370342391552826
198	71	0.3139037397522252
198	80	0.3013101931100705
198	99	0.2998911562702371
198	131	0.2639411777671621
198	193	0.253275736538538
123	138	0.7905513000748317
123	127	0.770029407951075
123	33	0.6935687904000608
123	136	0.6336730730562977
123	34	0.5722957031380779
123	129	0.5500200084661221
123	144	0.5431408522165748
123	42	0.5105844559886201
123	146	0.4837588847556056
123	2	0.43582889278810055
123	110	0.42929330495438
123	35	0.4174748778816486
123	48	0.3910932111793025
123	143	0.3583748298253506
123	44	0.3325210059323318
123	140	0.32451916822201426
123	130	0.3198140869075813
123	134	0.31053735142235744
123	26	0.3091451942628441
123	141	0.30765212575850553
123	126	0.2899851040433877
123	117	0.26546626573458
138	33	0.7629348019826874
138	136	0.7017143807970209
138	146	0.6536183776475378
138	127	0.7257033972101449
138	140	0.6328944361058513
138	42	0.6038343251700654
138	34	0.593109844107388
138	144	0.5325514676789953
138	141	0.5323221841541651
138	2	0.5224109958548776
138	35	0.4966956498360233
138	137	0.4389746505391332
138	110	0.4231804827079482
138	129	0.3935806594440282
138	48	0.3574680620103972
138	143	0.3539392299703568
138	39	0.3509615862944492
138	134	0.3174151345381084
138	26	0.3096696691278216
138	44	0.2639690875977975
127	129	0.7065795951189995
127	144	0.7018666278206104
127	143	0.6300867516417539
127	2	0.5604026563073973
127	33	0.6211221450874449
127	26	0.5930450181914327
127	136	0.5590979658492506
127	39	0.5542257040333878
127	130	0.5363304836571036
127	42	0.4810657424084404
127	110	0.4723337405399817
127	141	0.4445040478669198
127	34	0.42810979355265255
127	10	0.40434305909955054
127	44	0.3866371106527739
127	114	0.3818383344148736
127	40	0.3581394838387447
127	32	0.3352576382408288
127	48	0.3342098534864054
127	146	0.323095882204466
127	70	0.3180983977798044
127	131	0.3148409564705175
127	35	0.3110251955071023
127	29	0.2949597503705051
127	140	0.2899301485689116
127	149	0.2814351588227588
127	24	0.2722663496448576
127	133	0.2628616590697884
127	134	0.2585930106969009
33	34	0.6828368662112964
33	136	0.6672890033964525
33	42	0.6490815745186035
33	35	0.5497200219994075
33	44	0.5307078288672621
33	2	0.4914270401749548
33	146	0.4639946901069754
33	129	0.4216770396387629
33	140	0.4144729974591145
33	48	0.4035397010844585
33	144	0.4035145861091299
33	143	0.3592373753266399
33	26	0.31655159393949545
33	24	0.29767808922030065
33	39	0.2810023283040306
33	18	0.2721182038269262
33	141	0.2720070859970199
33	31	0.2628802770468707
33	149	0.25933003240583913
33	115	0.2547444380130921
33	49	0.2542487653426902
136	42	0.5963864420971823
136	146	0.5200877252888185
136	44	0.4709574768960682
136	34	0.4701165945422329
136	48	0.4559528780816446
136	140	0.4258038597282183
136	2	0.4151601769744449
136	144	0.4089752286014388
136	149	0.3994379483318752
136	110	0.35179429307495363
136	134	0.34354818568718704
136	143	0.3405106150747918
136	129	0.3319249552749356
136	35	0.3134078487449113
136	141	0.30433482364580905
136	39	0.3043076019878287
136	26	0.2763445178365106
136	124	0.2762152041153915
136	49	0.2752173052438501
136	137	0.2731919683563413
146	140	0.6414302374544895
146	137	0.5670744570794061
146	42	0.5328093182494625
146	141	0.5325729590036599
146	134	0.44029767094637295
146	2	0.4050705638162966
146	35	0.37245456747557903
146	110	0.3715671114132156
146	34	0.3604038840976354
146	36	0.34425357138481233
146	37	0.3410144271717919
146	166	0.27092330737100706
146	169	0.27066383953771395
146	72	0.2694122825178213
146	160	0.26718504583344044
51	155	0.7902886347130584
51	53	0.7687236197482993
51	157	0.6523851630512464
51	45	0.5791481621131936
51	125	0.5039971735414729
51	179	0.4868702693543091
51	130	0.4786179351410131
51	28	0.4700386918414037
51	89	0.466048126505635
51	149	0.4657506101556827
51	62	0.4457950128742196
51	14	0.4289751258688273
51	154	0.4269248118880929
51	47	0.4167892972596906
51	152	0.4148125067210425
51	7	0.3858628727711645
51	143	0.38484106831784826
51	131	0.3803253803681538
51	49	0.3750097279271829
51	44	0.36865874996638826
51	178	0.3646685385544622
51	188	0.339865096390758
51	132	0.3329656468593611
51	118	0.3281289526783203
51	17	0.3251005922471704
51	133	0.3187184428414559
51	86	0.3046433010217233
51	40	0.29863474699682513
51	46	0.2976689753156189
51	192	0.2938820372500756
51	148	0.287143241661521
51	43	0.2740060946335738
51	16	0.2691247592368888
51	150	0.2621074666175893
51	173	0.26137158765197804
51	29	0.2604303377537943
155	53	0.7036381102103952
155	125	0.6366439961919121
155	28	0.6095657123329112
155	157	0.6033512116335862
155	149	0.6013249547089172
155	45	0.5941266030030721
155	130	0.5305928832357748
155	14	0.5114710765453961
155	44	0.5038330382381069
155	154	0.4963264462270742
155	143	0.4915028863938322
155	152	0.4898173467029928
155	17	0.4675888242883346
155	133	0.4655078214345382
155	131	0.4624238165924286
155	132	0.433720369997756
155	49	0.4151767296775513
155	47	0.4004124175938919
155	7	0.3896862024946413
155	118	0.3889310920554783
155	46	0.3794697026123639
155	16	0.3781335484475283
155	179	0.3599165247241191
155	62	0.3182511877955346
155	89	0.3121357839723538
155	48	0.29652018964843263
155	26	0.29528839500744736
155	15	0.2861795252580955
155	43	0.28543569095970184
155	129	0.28481097180323195
155	144	0.28251213298032835
155	29	0.28150882070422845
155	153	0.2772771272652107
155	124	0.25556714600881725
155	188	0.2544638849993224
53	157	0.6928623356968464
53	14	0.5894024926549672
53	45	0.584031855052086
53	149	0.5687478234393096
53	28	0.5504732070715875
53	125	0.5235225492649723
53	89	0.4739946269825446
53	130	0.4379892157468055
53	150	0.43214398549498795
53	135	0.4297255314182981
53	179	0.4221784455727236
53	152	0.4210848842568372
53	49	0.4148539023916493
53	62	0.4034559821353807
53	15	0.3944929731004618
53	44	0.3939946757555854
53	7	0.3924137963281655
53	178	0.38454286409034577
53	16	0.3764353895088823
53	17	0.3727731962615943
53	132	0.3584532683685241
53	131	0.35078620879364525
53	47	0.3495315431570424
53	143	0.3336145567478099
53	43	0.3313909534954663
53	154	0.33000155548954657
53	148	0.3296183285744594
53	59	0.3238211355727189
53	46	0.31577755963557697
53	188	0.31070901893668895
53	40	0.3015192974137053
53	192	0.3011374329099812
53	124	0.2882530895087643
53	95	0.2713031713852004
53	50	0.2598056709039433
53	118	0.2588542680768095
85	160	0.7881389443207019
85	193	0.5992140261170646
85	185	0.4290811973973437
85	116	0.4254108077090733
85	66	0.4193474724960632
85	99	0.41752441952422586
85	184	0.4057390813069376
85	101	0.3861266852575853
85	186	0.33896260229239394
85	115	0.32887830432748444
85	118	0.3209088763257193
85	117	0.3133988309614457
85	4	0.31095293264298995
85	37	0.30250079042024264
85	171	0.2977874518438166
85	71	0.2951240814181613
85	119	0.29382721828263186
85	167	0.2574262220818538
160	193	0.6645619541539063
160	166	0.4347265677699482
160	185	0.3702217095540799
160	171	0.363844587342565
160	186	0.3503827471624344
160	167	0.3357191109531846
160	169	0.3208191716980078
160	101	0.3163986205438701
160	141	0.3106548103318349
160	184	0.30947075254625084
160	134	0.2865650814306619
160	37	0.282714561512427
160	140	0.28120494406707874
160	116	0.27914999881578473
160	181	0.2672407616692643
160	170	0.2547444380130921
160	4	0.2528451947632551
193	185	0.4860840292904872
193	172	0.4611571502665254
193	167	0.4466359490825705
193	189	0.414887017691698
193	101	0.39526107866499227
193	181	0.38758927109124175
193	186	0.3755424119831277
193	169	0.35179429307495363
193	194	0.3410409381753787
193	116	0.3247428218997426
193	159	0.32200280884032145
193	190	0.3056590095909926
193	99	0.30063722617780936
193	166	0.2921817517721764
193	117	0.2861519819832544
70	39	0.6553447693365806
70	114	0.5807210723742494
70	106	0.5002578474081504
70	143	0.4696880390632273
70	10	0.4556518252853693
70	3	0.4466519592661337
70	139	0.4274071541079935
70	5	0.42414048134075416
70	101	0.3819579159496703
70	32	0.35724998838019034
70	26	0.3556961789925652
70	130	0.353142972138132
70	129	0.338272038457382
70	131	0.3365440353495188
70	178	0.3332768074419347
70	40	0.3157415477994138
70	133	0.3011556191253778
70	144	0.2988715411004534
70	149	0.27938050154431376
70	181	0.27483831777217604
70	141	0.2731456994169435
70	95	0.26449929034766084
70	44	0.2582477197031348
139	32	0.4432996214844911
139	166	0.4056388313306309
139	114	0.3967113733823864
139	141	0.3963405558410599
139	140	0.3736769343470256
139	175	0.3074619899416076
139	137	0.2928218616244844
139	165	0.27949113141908605
139	111	0.2663026405779643
139	36	0.2548379461578425
44	149	0.774589255355933
44	49	0.641023946297008
44	18	0.5807409549189403
44	17	0.578882265567448
44	45	0.5760895968438711
44	16	0.559462184905286
44	143	0.5418635515098149
44	125	0.5132189562075193
44	14	0.4937596804751722
44	118	0.4921245441346938
44	119	0.4899845460556349
44	129	0.4866031887841719
44	117	0.4768583092918054
44	152	0.4678388222942418
44	48	0.4648182329527706
44	43	0.4590918443272167
44	28	0.4563725933117244
44	133	0.4465719054880545
44	154	0.4446324253197656
44	95	0.4443034215384383
44	131	0.44055559874427336
44	130	0.4053798070541937
44	10	0.3924222564090911
44	15	0.3869942675666836
44	46	0.3772333255831553
44	7	0.3760576765571565
44	29	0.3746917177661751
44	26	0.364746567510457
44	42	0.3626727293423584
44	124	0.34700965473493484
44	39	0.33138205166560736
44	157	0.3212766050942388
44	144	0.3194010754598329
44	132	0.30460701288117936
44	135	0.3013283772438373
44	115	0.2826593562274505
44	3	0.2774894307228617
44	153	0.26493635484089223
44	34	0.25338803529304665
149	45	0.7058126263010395
149	16	0.5870088064438913
149	157	0.5788490198390771
149	17	0.5743230754371765
149	125	0.5616361187042181
149	49	0.5584514613711812
149	118	0.5454982973239666
149	18	0.5305425883843725
149	43	0.5268393059390379
149	130	0.5221928356452117
149	7	0.5132999783264918
149	154	0.5064920078983733
149	131	0.5063284271873958
149	152	0.5040493907786083
149	143	0.4788568863901591
149	14	0.4544148320071377
149	95	0.4457870001704346
149	28	0.44034603794622
149	135	0.4373990663856957
149	117	0.4321521179756017
149	124	0.4306952848559468
149	48	0.42593484137518856
149	15	0.42343493398587184
149	10	0.4081504830736308
149	133	0.4010168055712511
149	129	0.3712481505608519
149	144	0.3655439028723628
149	178	0.3568835369903036
149	119	0.3535105394162389
149	46	0.3534405350127229
149	132	0.3522586140693162
149	150	0.3515401573302072
149	29	0.33214739326813764
149	148	0.32046926866302544
149	62	0.29516059705813874
149	188	0.2946492996749867
149	153	0.2915230798473842
149	39	0.28967366441161096
149	151	0.26807628462423344
149	47	0.26041169413590604
49	17	0.6992390374745665
49	154	0.5969788942207989
49	119	0.5743632832318938
49	45	0.4986066001740762
49	152	0.4770591619846712
49	46	0.4599753325231975
49	48	0.4590602743603542
49	18	0.4502150767111713
49	14	0.4479877999945384
49	16	0.44178781067979694
49	47	0.40500368822222615
49	117	0.3991101220425359
49	62	0.38495180943269736
49	153	0.38081282562919216
49	86	0.36785487021060426
49	173	0.3675002968078059
49	151	0.3475988391441576
49	125	0.34714158551168545
49	95	0.3284769173737965
49	28	0.3127584239374045
49	157	0.306972956547824
49	143	0.28809720714497244
49	131	0.2825213348232789
45	7	0.5697212228706123
45	17	0.5660491558054089
45	16	0.5517821718821424
45	157	0.5311817732635344
45	89	0.5232902146255959
45	43	0.5091413791822361
45	154	0.5025784416654361
45	62	0.4991098642521774
45	14	0.4898553497205777
45	18	0.4846163144555326
45	15	0.470661708337544
45	148	0.459044488942137
45	118	0.453819498852262
45	125	0.4470921272057263
45	152	0.4425681548553312
45	47	0.4237221374097956
45	188	0.4232133188832679
45	119	0.41448127954613095
45	131	0.4099989823892745
45	151	0.4045019831594744
45	179	0.3982606616912861
45	28	0.39122873007409015
45	135	0.37434782379617215
45	130	0.37026485554965344
45	168	0.35740700532176484
45	46	0.342286342895786
45	95	0.3322096692877389
45	192	0.33122180864058864
45	143	0.3294133021303481
45	173	0.3289139774206189
45	10	0.3230690136725136
45	59	0.31070901893668895
45	86	0.3087471912811164
45	132	0.3078965499949737
45	178	0.302237304264425
45	117	0.3013647448538369
45	72	0.27625215191359065
45	153	0.27547607681770164
129	130	0.6740235010084827
129	144	0.6178561255150048
129	26	0.6142262621549455
129	133	0.6016504430937211
129	143	0.5913503421868194
129	29	0.5723562230072762
129	39	0.5128137083922644
129	131	0.4559607991152579
129	128	0.4275951199456139
129	10	0.4223017025703461
129	117	0.4130474577356754
129	95	0.41258289092019
129	126	0.4039079841815229
129	43	0.3689611426902629
129	125	0.36785487021060426
129	118	0.3479768278940481
129	28	0.34606815031285393
129	132	0.3341387872845685
129	114	0.3279147762821387
129	110	0.3233376755492769
129	18	0.3083309816197706
129	40	0.29538880026972153
129	124	0.2921177263751121
129	32	0.28693219151235233
129	157	0.2665163165544597
129	152	0.26608893842472675
144	130	0.6729361162103027
144	143	0.6165499090346165
144	26	0.5847759283550271
144	39	0.5299027995958699
144	40	0.5014939004588649
144	157	0.459044488942137
144	141	0.3812060482513614
144	2	0.3644691079538764
144	110	0.343080654041171
144	42	0.3396262617168489
144	150	0.3279950963824432
144	131	0.3114225769635883
144	34	0.3033545310824834
144	114	0.3012647318168344
144	29	0.29214516615165265
144	10	0.26862379767561456
144	48	0.2633828883880157
143	39	0.7102608137574181
143	131	0.7129559267499765
143	26	0.6260296473618582
143	130	0.6170207866204607
143	28	0.5427882574843292
143	133	0.39692200750931694
143	40	0.39390174722698973
143	10	0.3801970701584144
143	3	0.3762980538147677
143	95	0.35434153887112985
143	125	0.3456807871465186
143	157	0.3285661247347186
143	108	0.3024462798346306
143	48	0.3014920245836163
143	106	0.2998001470118142
143	132	0.2886289782278767
143	178	0.2570246730095411
143	29	0.254725735812383
2	134	0.5954061829581994
2	141	0.5467053459768225
2	42	0.4977420046212101
2	140	0.4128152011771661
2	104	0.3855564306727065
2	35	0.3823080454404935
2	8	0.35007567834223546
2	36	0.33679229862004023
2	110	0.3340499491893561
2	10	0.3220565866527265
2	32	0.3137234355465625
2	137	0.3126862475581964
2	31	0.2758179637393905
2	34	0.26725933321750633
2	26	0.2643225738450962
2	69	0.2590968303080474
126	128	0.7692140439078627
126	118	0.4535415379613253
126	117	0.4294401209144126
126	125	0.32960050142178937
126	18	0.3229973617077917
126	29	0.3200833767476419
126	43	0.3123975059372931
126	188	0.2942383134035701
126	133	0.2929955604763557
126	130	0.2912027921776551
126	17	0.28150882070422845
126	73	0.28081811041505805
126	75	0.2655778055002501
128	29	0.5205325844428944
128	133	0.4353103141787423
128	118	0.4137107518547395
128	130	0.4095163651933326
128	43	0.3820262425137302
128	125	0.3679413353091015
128	117	0.36546592631827
128	124	0.35331801778081623
128	18	0.3415975438912261
128	30	0.3128757028502214
128	7	0.31014876594012564
128	77	0.3085933884307254
128	132	0.3024917054600429
128	17	0.28090101102663256
128	54	0.2589755532755782
29	133	0.7243610505024086
29	26	0.5710907350901151
29	28	0.5165773468272699
29	132	0.4723803532691727
29	125	0.4552951805454695
29	117	0.4245750391854778
29	130	0.4219318847442921
29	131	0.39867286155665177
29	39	0.362611935004669
29	18	0.35526809910445684
29	43	0.3526001735371034
29	152	0.3451347572183024
29	124	0.34276298838097863
29	16	0.3415268770707674
29	118	0.3386439258516493
29	7	0.3118830419391437
29	150	0.3077064457659113
29	42	0.30107377943103897
29	116	0.2915230798473842
29	188	0.2844525677541821
29	10	0.2840481189956807
29	32	0.2840021525095796
29	17	0.2615579148879983
29	40	0.26112001498336995
29	69	0.2578370174912406
29	48	0.25658566900027313
157	130	0.6182145842275159
157	7	0.42122473112307424
157	150	0.3999420970409614
157	94	0.3561590362128302
157	135	0.3536417870004221
157	62	0.3523549608612085
157	40	0.3460593479140385
157	43	0.3446413679902044
157	14	0.3439890972353188
157	154	0.3418095211768572
157	125	0.33523100990353616
157	173	0.3170733792325026
157	89	0.2985983138701211
157	152	0.2891788989158147
157	28	0.27618749273094023
157	17	0.2741078328393171
157	178	0.27180335113655835
157	102	0.26961630216698823
157	118	0.2677792559201405
76	77	0.7666704251802181
76	91	0.6540420320901801
76	82	0.6414478941322327
76	68	0.6303640469662312
76	63	0.6218034451700827
76	64	0.60303313204553
76	90	0.5483298653667081
76	54	0.5323006848180668
76	188	0.5013891025602862
76	50	0.4418360988115726
76	94	0.4192980223900773
76	180	0.4109635281877505
76	84	0.4099074691706194
76	92	0.407166582110164
76	169	0.4038494024414824
76	75	0.39443386519773066
76	167	0.3691079909828064
76	55	0.3629419243008688
76	89	0.3594899240766935
76	174	0.3540441927543779
76	172	0.3453285365414397
76	179	0.3418448473438949
76	186	0.34111163153276075
76	194	0.3400862005288207
76	116	0.3370582430259306
76	65	0.334058833265993
76	15	0.32638779459138995
76	148	0.3012465469160401
76	86	0.30017325027723746
76	30	0.28895895351972023
76	170	0.2857387761338499
76	189	0.2823648964230515
76	43	0.2793528429164429
76	80	0.27243299826222506
76	67	0.26808556595040833
76	195	0.2645364915590694
76	175	0.26299198079776176
76	66	0.2608963650507243
77	68	0.5225273200110677
77	54	0.5117294693469395
77	188	0.5111682701543904
77	82	0.4882957001403527
77	63	0.4687054227001447
77	75	0.4670886038197343
77	64	0.4330706353813364
77	15	0.42602488090241786
77	94	0.4084587993767373
77	84	0.40696635085755545
77	116	0.3921938109213048
77	90	0.38986429829706604
77	91	0.3777821178252489
77	43	0.3464817943149684
77	50	0.29909008761255834
77	105	0.29501452932572386
77	89	0.2850406761204541
77	167	0.2792053224057932
77	186	0.2719422639127194
77	169	0.2711271473417537
77	73	0.26590308920135064
77	8	0.26504792834051755
77	190	0.2604676244069185
77	174	0.25977769565550685
77	6	0.2547818418427875
91	64	0.6903426041304972
91	68	0.632432638782807
91	180	0.5884684813409647
91	82	0.6411417488526402
91	92	0.5693901757940566
91	174	0.5316266911532427
91	63	0.4957308213612967
91	90	0.4916469736698357
91	54	0.4713620412912146
91	50	0.4580494234487321
91	195	0.4490662114908177
91	179	0.4441669701735319
91	65	0.42093678927989137
91	169	0.4141250878194897
91	94	0.3993539000424046
91	194	0.3992446272298844
91	175	0.39173677480456665
91	55	0.3915674530810619
91	84	0.3911440327526934
91	170	0.3731347764901606
91	89	0.34278946351474376
91	196	0.32640566389489184
91	105	0.3006736104305809
91	165	0.2919713727785342
91	66	0.27455170955365543
91	67	0.2693195383172849
82	90	0.6401040494003365
82	68	0.6188937139215638
82	84	0.5540247499185732
82	50	0.5516987019835037
82	64	0.5116113584053794
82	89	0.4892698968731419
82	54	0.4845321437958657
82	94	0.4618654567732157
82	63	0.447404115155458
82	86	0.4414899773028768
82	189	0.4108139175060204
82	180	0.4076002822399041
82	194	0.40355644406352015
82	168	0.3947800221882119
82	179	0.3723942764721197
82	169	0.3629158758224664
82	80	0.3592373753266399
82	55	0.3398562514435349
82	67	0.3225673721777044
82	75	0.31526430512512266
82	65	0.30506962040471725
82	192	0.2871707678871567
82	172	0.2723311593820055
1	102	0.7644352242496792
1	3	0.6842380665508546
1	108	0.5776042476604113
1	106	0.4346941266933945
1	5	0.3974020970035886
1	153	0.3536417870004221
1	6	0.3475636716533282
1	111	0.3446942402364713
1	8	0.313038073287172
1	47	0.26714790095042656
102	3	0.6154266989694324
102	106	0.5756551557203319
102	108	0.5065068770646677
102	5	0.4633666899879302
102	124	0.3254046238952326
102	150	0.3064112738040705
102	110	0.2957447299760962
102	40	0.29432965309719444
102	6	0.25868632124912605
3	106	0.6325526293954915
3	108	0.6323186195814744
3	5	0.5837088983273765
3	39	0.4379407245457329
3	111	0.3623600398735461
3	153	0.2627499470967664
34	35	0.6982872201839253
34	42	0.6552648887555351
34	24	0.6182022278601828
34	140	0.3998328853419183
34	31	0.36999732463007023
34	48	0.3684081368695464
34	40	0.25962848696719143
34	58	0.2568939169408954
80	148	0.5726788903456917
80	50	0.5101259427210798
80	90	0.469337238026051
80	96	0.4559449569757986
80	172	0.43988644828114215
80	173	0.4125496993581122
80	188	0.4072166338098059
80	89	0.3790844356144907
80	168	0.3734704280993044
80	7	0.3608214641661326
80	62	0.3457248116252311
80	135	0.33836944775547634
80	194	0.3342453851623384
80	192	0.29553483263973124
80	15	0.2821072004375069
80	179	0.2523583747603904
137	140	0.7537836073113543
137	165	0.6529821271504707
137	37	0.459005024128506
137	35	0.4498482398285549
137	141	0.40749187443490864
137	166	0.3727731962615943
137	134	0.35472623338096204
137	162	0.3276470083788073
137	42	0.3069095514531957
137	170	0.2820519745711486
137	36	0.2732474894151058
137	171	0.2695142953666464
137	169	0.26902272331162075
140	141	0.6144752913970953
140	35	0.5580866434852021
140	166	0.4977119139062561
140	42	0.4121015060719913
140	32	0.4014698675987413
140	165	0.3921853490479715
140	36	0.3892026526821327
140	37	0.3435305460731061
140	134	0.3402011598245912
140	110	0.33543514679944225
140	174	0.3068552020608065
140	24	0.3064022126549936
140	31	0.2730809207785865
140	171	0.27290508056313273
165	166	0.5339040797200689
165	196	0.4335823390928169
165	169	0.4199900973728098
165	37	0.4133045362671679
165	170	0.3725062429764205
165	195	0.35786921564721597
165	175	0.35756400206181543
165	174	0.3305361089673373
165	167	0.3285661247347186
165	64	0.275577726159497
165	55	0.2584343716832101
165	158	0.2577156558146115
141	36	0.5519907982714248
141	114	0.5908949404088469
141	134	0.5372274375536503
141	32	0.4726056108772851
141	39	0.4254026174177843
141	166	0.4222277502453479
141	110	0.398370036525805
141	104	0.3882264166763835
141	42	0.3596640649528909
141	92	0.3334456927938721
141	175	0.32863748640293833
141	158	0.31543541047321977
141	26	0.28602344044850714
141	162	0.2849579863362156
141	101	0.2688279106859779
141	174	0.2540149110919432
67	171	0.7503781594900187
67	68	0.5455123458028487
67	84	0.4701088046017359
67	86	0.44979240351111655
67	37	0.4175987273340651
67	169	0.4056221220523042
67	36	0.3951176283517711
67	90	0.37756777741835823
67	32	0.3659596911602059
67	66	0.3577471393843576
67	184	0.3551807175425842
67	50	0.3377228686937496
67	170	0.3367568353044047
67	35	0.32863748640293833
67	71	0.323266037476561
67	161	0.31982306406836897
67	189	0.31978715508069955
67	166	0.3176579105865339
67	119	0.31499409705176656
67	64	0.3076159113060861
67	65	0.3030457874007097
67	174	0.2999639597469835
67	58	0.2997273356759134
67	173	0.2663490941045718
67	54	0.2590221992546712
171	169	0.4911311686932173
171	86	0.4313792185789272
171	184	0.41769779572544097
171	84	0.3698678521484056
171	189	0.3591067260112769
171	37	0.3454430286671735
171	166	0.33016194377591257
171	170	0.2989717121450505
171	30	0.2981337152449887
171	36	0.2965293103791588
171	134	0.2806799334173745
68	90	0.6054330570071091
68	64	0.5989640001054419
68	174	0.5527135015332625
68	84	0.5224473492428473
68	54	0.4926624036491417
68	92	0.4824096172404086
68	50	0.4712375810535786
68	172	0.4529058673958554
68	55	0.4452580037989231
68	169	0.4324448404596196
68	63	0.41696280227413796
68	170	0.390983089588086
68	65	0.3682006924249911
68	180	0.3549709764696821
68	116	0.3501370981283853
68	94	0.3487763845224071
68	175	0.3459449111858325
68	194	0.3426217784725314
68	86	0.3361892923688765
68	179	0.326298444574658
68	195	0.325967798820469
68	167	0.3117837383462259
68	196	0.3075253712761213
68	166	0.2701818663810464
68	190	0.2675100296823307
68	158	0.2633735820689637
68	66	0.25937666919779884
68	188	0.2554175902252254
125	132	0.6958039966105574
125	133	0.6140643275121132
125	16	0.6080741821030591
125	28	0.6338047155581723
125	14	0.5219309531541229
125	152	0.5166066721350925
125	131	0.5093857938761059
125	118	0.4993275906415388
125	17	0.4979450856062978
125	117	0.4541688101385229
125	154	0.4451858438295308
125	43	0.4432674814967788
125	130	0.4326155531606981
125	15	0.4322903593912235
125	18	0.374751888616055
125	26	0.3681747592910379
125	46	0.36202120087727147
125	7	0.3588018228754921
125	119	0.3571540236403649
125	115	0.35409667080211665
125	124	0.3257175273861324
125	47	0.3214200827325361
125	188	0.3103475900740617
125	95	0.2956352218836859
125	148	0.2923738122478997
125	186	0.29220004426175794
125	153	0.27963862637525555
125	48	0.25944195867431585
148	135	0.6152775769518476
148	7	0.5358744234241355
148	188	0.5282177782173382
148	172	0.4948478360135121
148	116	0.4412242600217412
148	15	0.4251404913076188
148	43	0.4078837560273944
148	173	0.3812316884165914
148	132	0.3762293797655857
148	16	0.3565169757283614
148	62	0.3554777895199772
148	118	0.34451799091224633
148	89	0.34401554710738635
148	18	0.3313909534954663
148	168	0.32779874998978226
148	186	0.3251095353141454
148	150	0.3140750077794584
148	159	0.3018283549967933
148	179	0.289701146847819
148	50	0.2886473119882997
148	189	0.27635375414806085
148	190	0.274070837837873
148	40	0.2719885656533657
148	47	0.26920823868244553
148	131	0.2661446893351887
148	181	0.2521523739716371
172	189	0.5312607317012877
172	190	0.4835367201653344
172	194	0.4399267723898381
172	188	0.4251814532149889
172	186	0.40818381905669576
172	84	0.4065156875325576
172	116	0.3934285317006424
172	90	0.3930227523867166
172	55	0.3856160233009804
172	185	0.3853180279951301
172	174	0.3667475554545927
172	159	0.3613258471192793
172	158	0.3256370732995603
172	169	0.31899692506953403
172	54	0.31854773298062106
172	132	0.3084938603393508
172	36	0.30437111841656384
172	135	0.2948684478031851
172	96	0.29217260544721346
172	166	0.2906444204916464
172	69	0.2836251780967477
172	99	0.28041275823281425
172	65	0.2654197887346271
172	15	0.2618466835762493
172	167	0.25487534808141343
172	181	0.25340675108826843
135	7	0.5767239642108013
135	18	0.40587273275704255
135	181	0.40270220769214105
135	43	0.3712998798971669
135	130	0.3694016322794102
135	118	0.3364996976978636
135	15	0.3136513075279773
135	16	0.3134709716464075
135	101	0.3111968053960617
135	10	0.3110071301281737
135	178	0.3083762275224859
135	150	0.2876569863024788
135	104	0.2859958944944064
135	59	0.2781169519561624
135	40	0.2731364454773981
135	72	0.2689392348807297
135	62	0.26751931404133394
135	159	0.2654941513423437
135	173	0.2565576438707222
96	71	0.4928592722039425
96	90	0.4146137836007531
96	95	0.4139345145763062
96	177	0.3703166286356107
96	50	0.3151202005105196
96	192	0.2821072004375069
96	194	0.2819139017280804
96	115	0.2677792559201405
96	28	0.2548192449101054
71	177	0.4292769906691434
71	95	0.34715038040835056
71	4	0.3456895921640151
71	170	0.3087652846728258
71	166	0.2641737461798914
71	66	0.26356900447239673
177	185	0.3568311778207374
177	75	0.3215366474482224
177	99	0.3008555185651585
177	194	0.2894904359651337
177	186	0.2739783467856866
177	115	0.2653733105010663
132	28	0.7322957489530183
132	131	0.6053063515037619
132	133	0.5967793362743531
132	16	0.416185924509344
132	118	0.4067076609289587
132	43	0.3819066682862381
132	188	0.3681056014664826
132	117	0.3496544330207431
132	115	0.3476164225228565
132	14	0.3462353843134273
132	130	0.3386439258516493
132	7	0.3276202286924499
132	173	0.3166325731901605
132	15	0.3056590095909926
132	152	0.303418088054752
132	17	0.30064632232304506
132	154	0.2922274825952493
132	179	0.27173852129751475
132	50	0.2699964560127989
132	47	0.2659123821321116
132	95	0.25840637511589426
132	18	0.2569219368904055
133	28	0.6046089227682984
133	131	0.5713400088940436
133	26	0.532759188383741
133	152	0.5120910637947168
133	118	0.4730093664629875
133	117	0.449760495465304
133	130	0.4341424558178961
133	39	0.4306056854385269
133	16	0.39174524019439694
133	95	0.3651713019367861
133	154	0.3544027482979651
133	17	0.3527315175569728
133	32	0.3181073858853064
133	18	0.3174421117101824
133	43	0.3137685137197204
133	7	0.31158511072697026
133	10	0.2901041676773749
133	114	0.28408489124450137
133	48	0.273182714669577
133	119	0.26712004176718873
16	18	0.6260843720976291
16	15	0.6061926457625156
16	119	0.5936864560147189
16	17	0.5539554404212388
16	117	0.5473500457344973
16	118	0.5346971999060809
16	14	0.5203502992682154
16	152	0.5156603203550792
16	154	0.5075321218699619
16	28	0.4876480992958743
16	43	0.4563725933117244
16	46	0.4382316335206887
16	95	0.4058309685432894
16	188	0.3959780409908557
16	153	0.3645644919790215
16	186	0.3536242881269281
16	115	0.3394670142629143
16	7	0.3371911950641677
16	151	0.33718233201330283
16	131	0.33645535855422265
16	48	0.3163176279655916
16	47	0.314660770092484
16	178	0.310311442250412
16	72	0.3004825833418621
16	10	0.28672111350508805
16	75	0.27495849378461346
16	116	0.26348525466178657
14	15	0.7451898795251581
14	152	0.6965151956406674
14	46	0.6055533988170301
14	154	0.5573081034325545
14	17	0.5567356303849885
14	119	0.5125335854202213
14	43	0.4248127333627693
14	115	0.4111214265625756
14	28	0.3898727783222943
14	75	0.3723512095451192
14	186	0.36643593568216587
14	117	0.36157795934809794
14	151	0.3613693185154863
14	118	0.3515226288166143
14	188	0.3476691711919825
14	153	0.34167703944763833
14	18	0.3399270093378513
14	47	0.33009957281817665
14	86	0.3178197381530725
14	179	0.31404796681799513
14	89	0.3099499146717123
14	59	0.29924487241129905
14	116	0.2943205193697584
14	124	0.28882147215330345
14	106	0.2613529538567103
14	7	0.25499689906568546
15	43	0.593096879539345
15	75	0.4752264708223762
15	188	0.5867137892363198
15	18	0.5553609187299019
15	119	0.4978773980108021
15	118	0.4649279779718898
15	115	0.4584049359722524
15	152	0.4543196059556849
15	186	0.4390473047815903
15	17	0.4276359771927319
15	116	0.4119188515983453
15	7	0.3865690676087085
15	117	0.3587843975254114
15	154	0.3569009895485513
15	46	0.3452844983710021
15	89	0.30422593403184955
15	124	0.3027460635649308
15	106	0.30247353537475685
15	28	0.29089159306064755
15	189	0.28663851018346426
15	153	0.27556848556486385
15	151	0.2743575278754544
152	154	0.7409939400237341
152	46	0.7073449074400147
152	151	0.4834217829937074
152	117	0.5713938920786179
152	17	0.5544819999962682
152	119	0.5157777657736081
152	118	0.5114489242853598
152	48	0.3938932987795764
152	184	0.3836989375675731
152	153	0.3762980538147677
152	28	0.37205831191964345
152	18	0.363037430535084
152	186	0.3612736793704364
152	115	0.3466929648387858
152	95	0.34405962901427395
152	86	0.3186106284919797
152	100	0.31629062941464897
152	43	0.3108625990069721
152	47	0.30785128931250605
152	131	0.29011332604652473
152	59	0.2833492876026724
152	7	0.27940815970855165
152	62	0.2748013388097029
152	173	0.273608331908798
152	116	0.2637737095028098
152	130	0.2566977652035972
43	7	0.5418847426820731
43	18	0.5124524768221318
43	118	0.5119139789758925
43	188	0.5096153207192914
43	124	0.4130225756734289
43	130	0.3913811685520852
43	17	0.3383871577579601
43	10	0.3309457897529741
43	150	0.3226211281546688
43	117	0.3157145383253317
43	28	0.314165140637259
43	186	0.3055048842469359
43	115	0.3034362466938331
43	131	0.29174266791011083
43	154	0.28572959257409114
43	190	0.2727940141883561
43	119	0.2678256700121702
43	89	0.2613156856817838
43	116	0.2591248161554835
75	73	0.5963799988266391
75	189	0.43021460683928014
75	186	0.42118360177057895
75	188	0.37457996352810136
75	58	0.3265575435540221
75	90	0.284149240668967
75	115	0.2786612266505275
75	6	0.2661075222593622
75	117	0.26547556098652153
75	116	0.265298942761922
75	84	0.25715541966841554
154	17	0.6490468515797867
154	86	0.4971550195903761
154	46	0.6450064605498962
154	119	0.6111406577456352
154	48	0.5320283004620754
154	153	0.4978698767923905
154	47	0.4931317761475849
154	117	0.4894448186283922
154	118	0.3788103879829276
154	184	0.3621602233274517
154	151	0.3587321199747264
154	18	0.3540791783672841
154	173	0.3483107703287218
154	62	0.32905666040580606
154	179	0.30684614363416085
154	7	0.30059174463126315
154	131	0.2893713260958797
154	28	0.27248854416989354
154	189	0.268837187976582
154	186	0.2604489811774692
154	73	0.2596751160142789
46	17	0.4945230629105711
46	117	0.4321927793243199
46	119	0.40425940504828
46	118	0.4007398377064672
46	151	0.3786476407602299
46	100	0.36827848838928223
46	48	0.3563598444301797
46	86	0.3550234150891198
46	184	0.352775295808664
46	101	0.3328233778607829
46	47	0.3274595395206458
46	18	0.3206038571094733
46	99	0.275402146154081
46	186	0.27420031679354884
46	106	0.2609522801605764
151	59	0.3845684275990003
151	168	0.4279137601335785
151	173	0.4111214265625756
151	17	0.3976631070279111
151	119	0.3564646008693116
151	189	0.3316846807749388
151	95	0.3049335743012017
151	31	0.28695054480537635
151	62	0.2812141532789759
151	58	0.2804403990608313
151	115	0.2734788075608931
151	24	0.2732937555734381
151	99	0.27172925969058725
17	119	0.6632197582154491
17	48	0.5344829358712713
17	117	0.5283763766997118
17	18	0.4881509889275876
17	153	0.4413289457662737
17	47	0.4178133629637831
17	118	0.3884132423714887
17	62	0.3864840078852494
17	124	0.35975112599736603
17	28	0.3540441927543779
17	188	0.32736133125602884
17	7	0.3063206598147292
17	131	0.2872900427172022
17	95	0.2824569208308253
17	73	0.2782461180606036
17	10	0.2572021126225161
86	173	0.4842719232123585
86	47	0.4599595639242669
86	189	0.4452740385623299
86	90	0.3946871617953004
86	94	0.39038145879888414
86	107	0.380855573894794
86	50	0.3612997635275808
86	179	0.3462089804074169
86	89	0.3293598118606053
86	184	0.3062662887562935
86	119	0.3020192118219925
86	180	0.29707645518766945
86	4	0.2696626668943956
86	62	0.2687722458949235
86	72	0.25266733305239225
195	196	0.7389398308491646
195	174	0.5840582107080615
195	175	0.6738870549393389
195	194	0.5314544996518643
195	170	0.4805044851083456
195	166	0.4673778302690032
195	64	0.4536924419696099
195	158	0.4271946264830668
195	63	0.4124999099610023
195	92	0.4039581944650616
195	55	0.3771732853465461
195	167	0.3676127340946168
195	65	0.3470712241402383
195	105	0.32985006016660456
195	69	0.32475176729168903
195	180	0.3045253613318594
195	169	0.2523209217723198
196	175	0.7258122505925472
196	174	0.5569633035424774
196	194	0.5322361826898487
196	166	0.5208095670565841
196	92	0.458175844698613
196	170	0.4394185590097625
196	69	0.4394104898610055
196	64	0.4176895404054445
196	167	0.373289704761788
196	180	0.3591589874267287
196	158	0.34070509205755395
196	63	0.3202000529541407
196	105	0.30320924786759623
196	55	0.3022100444389079
196	169	0.2959181018923735
196	150	0.2607006483824225
196	94	0.25463222195070445
174	166	0.5952512428660739
174	170	0.5704030022358622
174	175	0.5758824424145716
174	194	0.5375972552824538
174	92	0.5231159125741021
174	64	0.4940016266796039
174	169	0.3948728745163994
174	36	0.3698937477942172
174	54	0.353851754172388
174	158	0.3481965368078804
174	90	0.3343697385456394
174	167	0.3321029086239445
174	55	0.3148139299600902
174	63	0.30900952358524136
174	65	0.2946675632031616
174	180	0.2782368922439557
174	84	0.26316883065014285
175	92	0.6322165791759429
175	69	0.5693563850906946
175	150	0.4934873995920015
175	158	0.5329310466415917
175	64	0.4856562283875597
175	166	0.4550731944882995
175	180	0.4535971372012091
175	194	0.4350347017208753
175	55	0.4288935243344579
175	54	0.3453109214557451
175	167	0.33886523718347505
175	190	0.3151292074747288
175	63	0.2708028450560013
175	40	0.2667392548628945
175	65	0.254959499620977
106	5	0.6528214857681482
106	101	0.4786025164959791
106	39	0.4154001642620612
106	114	0.3973599925883397
106	108	0.38536911861493867
106	178	0.34995282973943426
106	10	0.3317469782974954
106	40	0.26353178282480233
106	118	0.26302921381478395
108	111	0.5812576579148501
108	6	0.4393136545448479
108	8	0.3659770125035143
108	5	0.36443442095742734
28	131	0.7188832446340296
28	26	0.4949988461899254
28	130	0.4659385274752426
28	39	0.3828970399599432
28	95	0.3656045477563332
28	7	0.3424099345807795
28	179	0.3329923206092501
28	188	0.30902761373572496
28	192	0.2990718766012363
28	89	0.29717674392376353
28	115	0.2968940952391769
28	117	0.28160089339038075
131	39	0.4620385088524974
131	26	0.4423751423351564
131	130	0.4397654653123416
131	95	0.3797264741969894
131	117	0.34276298838097863
131	179	0.31878133073709936
131	7	0.3180175022572369
131	188	0.2999366588526276
131	192	0.2733215146615331
131	47	0.2597217438505418
131	173	0.2566136936983765
169	84	0.5903935631463069
169	54	0.5883704169585601
169	63	0.5711176886892743
169	159	0.5342543118192614
169	64	0.5319852823356649
169	170	0.5075172734963379
169	189	0.481987500756137
169	55	0.4630682267510543
169	167	0.4532158143805446
169	166	0.4102734725162536
169	92	0.3812316884165914
169	36	0.3716274454955661
169	65	0.3651539688117924
169	90	0.35899348521868263
169	37	0.3526789816165797
169	180	0.31347998897763985
169	194	0.30577685934157106
169	186	0.2933611790476252
169	74	0.2835240236978445
169	134	0.2732197291132653
169	30	0.25773432737118496
26	39	0.7303280328504174
26	130	0.5704637167561947
26	10	0.4153174165546429
26	40	0.3900254074685852
26	42	0.3677078649439393
26	100	0.3655698939169812
26	32	0.3117747104090736
26	181	0.3091542385273726
26	114	0.3083581293288213
26	24	0.2706175018563575
26	161	0.2542300580962604
39	40	0.526730931323592
39	114	0.4867939699056882
39	130	0.4736456544789927
39	10	0.4573537753854542
39	32	0.4025262483185865
39	24	0.3296094150275044
39	101	0.3219848824410549
39	181	0.3063931514503894
39	100	0.3033000515292433
39	178	0.2976325191543182
39	5	0.2951240814181613
39	42	0.2925384167431382
39	161	0.2525081791505194
40	130	0.4845321437958657
40	150	0.4705137843754186
40	69	0.39396933241017457
40	24	0.3031638439716896
40	7	0.2738488507982901
40	114	0.27261814422407404
89	179	0.7297161743538038
89	192	0.6020522412919876
89	50	0.5444367520058182
89	62	0.43929751433277897
89	188	0.4271128725157434
89	173	0.40109232954222135
89	47	0.3762808856900695
89	168	0.35946380078513485
89	7	0.3310971619655181
89	90	0.3066106050327237
89	180	0.2695142953666464
89	59	0.2640435116516502
179	47	0.5227308404851025
179	168	0.4588866188189256
179	50	0.5004227725133158
179	192	0.4739403521452633
179	62	0.4227452984552113
179	188	0.3992614391701931
179	173	0.3769502509983629
179	180	0.3546475556324173
179	178	0.3031093574796324
179	66	0.2739136000334633
192	50	0.2665999217636112
192	188	0.2554082425828041
192	190	0.2538278063039681
50	173	0.6708296003532978
50	90	0.5885534564698528
50	62	0.4653589808029436
50	94	0.4057641422758208
50	66	0.39733472913609796
50	168	0.36606361541639
50	170	0.2761135934607848
50	7	0.26227509264896265
50	188	0.2597124183801641
50	47	0.2546789794769441
47	153	0.5409941202925712
47	62	0.4996728204214447
47	48	0.2964563430189107
47	117	0.2861703442190283
47	173	0.2795003502403945
47	119	0.2757994851484409
47	178	0.2522741044740879
168	173	0.4045772544521121
168	189	0.3899151774565817
168	62	0.3196614663898503
168	153	0.2948501866435249
168	159	0.28704230811040105
168	59	0.28178502320507
168	7	0.2693566365970647
168	119	0.2637830137125692
5	101	0.3766928493453179
5	178	0.3097239144016309
5	114	0.253771671162431
92	64	0.6326366047622517
92	55	0.527409796253664
92	54	0.5109687917382489
92	65	0.5106362053848962
92	167	0.4903264324640641
92	69	0.4254927067891933
92	36	0.4216605957305999
92	158	0.4198418366689065
92	180	0.3934116272878222
92	63	0.36856369613223655
92	166	0.3682871320669989
92	84	0.3379974823463545
92	190	0.33738616705915103
92	90	0.3335345712269584
92	94	0.3232481273793887
92	194	0.31172956987893
92	37	0.2992994985808176
92	150	0.2613995379796021
69	150	0.47477733439182795
69	158	0.4554616329508773
69	55	0.4425038219034665
69	104	0.3560105916004217
69	65	0.34631459274026355
69	190	0.3380151973806379
69	194	0.3308389285235448
69	64	0.31611962669508936
69	180	0.2818954911332385
69	36	0.2768432055728716
69	134	0.264517891051769
150	7	0.4336472973479161
150	124	0.410822229791124
150	180	0.4007062608649629
150	94	0.3209626963389613
150	190	0.2956717254446201
150	130	0.25302303938577714
95	18	0.3594376769301476
95	117	0.3560629858687041
95	32	0.3414032008432362
95	115	0.2794358174091184
95	99	0.27893790788835565
95	130	0.2625637448212613
95	48	0.25981499588984985
190	55	0.517156297236771
190	54	0.44593121790769263
190	158	0.4140256628296444
190	64	0.4067076609289587
190	65	0.3812060482513614
190	116	0.3688661133895429
190	159	0.3600470866887132
190	194	0.34998793056874844
190	185	0.3180264908773338
190	167	0.2926664304779131
111	8	0.6389811781868557
111	6	0.4828621841446503
130	10	0.40426777075779496
130	7	0.3563336539203519
130	178	0.3158945918198878
130	118	0.2939185821543877
130	31	0.2759935001838853
130	24	0.2603837283449491
114	110	0.539620469127778
114	10	0.5066332528149112
114	32	0.3923884156870081
114	124	0.3570493262332877
114	101	0.30834003091192624
114	104	0.2658752101125503
114	181	0.25774366307728824
181	101	0.5028399908661005
181	99	0.4187868922953303
181	31	0.4183497480134191
181	56	0.35703187579310386
181	163	0.35240751050907115
181	166	0.3365529027007987
181	117	0.3308122118902845
181	36	0.3222895998204836
181	134	0.3097781576593506
181	159	0.30167383413018906
181	32	0.28038511693974283
181	24	0.27771093587472845
181	57	0.2663026405779643
181	186	0.2608870456955437
181	42	0.25581949365705564
181	10	0.2546415735512074
119	117	0.5558241010617045
119	18	0.5347329038967306
119	115	0.4723337405399817
119	118	0.4156070034533764
119	48	0.4105562027969044
119	184	0.3708169831563791
119	153	0.3220565866527265
119	186	0.31208162868304873
119	116	0.28913307947513106
119	189	0.2759842618825099
119	188	0.2588356080908497
48	42	0.4210931110973973
48	117	0.4071916082656945
48	153	0.3433364943223807
48	24	0.3145256154243521
48	35	0.29342515347909165
48	32	0.27244225603961797
48	110	0.26829902271471423
35	42	0.5995664283441319
35	24	0.5808337309673542
35	36	0.4876709649412934
35	37	0.4427611263776879
35	32	0.4316152235193351
35	31	0.3379266198142429
35	166	0.3072537177783617
35	58	0.3043892654705381
35	163	0.28553672569830896
42	24	0.4048197579941052
42	36	0.3710843257930573
42	32	0.3128576605614326
42	134	0.3111426149913952
42	31	0.3052691321670787
42	161	0.27472737844597306
42	163	0.2617162777126113
24	31	0.4522856449230497
24	62	0.5224764305857837
24	32	0.3586885536300255
24	36	0.33474272883144546
24	58	0.33238758481144154
24	37	0.2736638393063368
64	55	0.6478298444026114
64	63	0.6463068336488167
64	54	0.6369174709180155
64	65	0.5607112554519273
64	84	0.4725667777628517
64	167	0.4283956034173137
64	90	0.3823080454404935
64	36	0.3790416200534571
64	158	0.3743134287328891
64	170	0.36094323111621857
64	180	0.3538605020307939
64	194	0.31783771785106485
64	37	0.2981519374620897
64	166	0.2852703477024727
64	105	0.28041275823281425
180	94	0.4940696602699922
180	194	0.4121596164599885
180	105	0.282144016643141
180	54	0.2675471668202894
180	90	0.2591341446746072
180	63	0.2546509251040843
55	158	0.6231020555743124
55	65	0.6148050666293086
55	54	0.5963735554792423
55	84	0.5639250957897114
55	167	0.5184078486361687
55	63	0.4847387284871161
55	36	0.4806582934131368
55	74	0.39375811456995696
55	37	0.38077862584458827
55	90	0.3314532646524257
55	166	0.30422593403184955
55	159	0.2926755739147577
55	194	0.2751895773518757
55	58	0.2672779045672127
63	167	0.5842097318325397
63	54	0.5360383560948935
63	84	0.5038255766778176
63	65	0.39743577933108537
63	30	0.3653272886676071
63	105	0.3526789816165797
63	74	0.3357812199809977
63	170	0.2987895780738245
63	90	0.2906627309016244
63	94	0.2680577218225985
63	194	0.26166970187366834
63	36	0.26087772629173706
54	84	0.601012042468177
54	159	0.4787798130914723
54	90	0.4475320787233763
54	158	0.38255563174575785
54	74	0.360682286873056
54	167	0.3311683900522397
54	65	0.32599461090808857
54	36	0.3201372285112698
54	73	0.30273698008922123
54	30	0.2741540754503043
54	194	0.2681876572536102
124	110	0.4223345684660359
124	10	0.35424534649405154
124	18	0.34115581292192626
124	7	0.3340854851397637
124	118	0.3192035053304568
124	153	0.28346884591157784
124	117	0.2553801993690499
110	10	0.4425761961540259
110	104	0.4137604812250933
110	107	0.3098323989007025
110	8	0.3033908496829064
10	7	0.4352535771048328
10	18	0.3693670900716679
10	118	0.3470536331868269
10	101	0.3314532646524257
56	163	0.6753636792658565
56	73	0.5343329101562126
56	57	0.5090080274525163
56	162	0.4475080869501156
56	161	0.3879970869760208
56	58	0.3756368945483517
56	101	0.332449849657158
56	99	0.3134619542586416
56	36	0.2990081363460522
56	74	0.25706203015815143
163	162	0.5558862933116021
163	57	0.4791342891467845
163	101	0.42766049070236906
163	99	0.4149532449944129
163	161	0.4048281191698926
163	36	0.3800687453128908
163	32	0.3473350591310754
163	58	0.34349526611777864
163	37	0.3403249507717667
163	134	0.2976234049783563
163	73	0.2951058232748641
73	58	0.5069751015861858
73	161	0.4318430343056041
73	90	0.35000548061486914
73	189	0.3258337305170622
57	162	0.4921169659630696
57	74	0.4143984555866184
57	58	0.4117444687157369
57	99	0.3929551076106974
57	31	0.3617431076625221
57	101	0.324205992105414
57	72	0.3151562280267496
57	37	0.3135250747857529
57	100	0.29432965309719444
57	84	0.2789471297990674
57	30	0.278928685926197
57	184	0.27624291504058823
162	100	0.4517923352826545
162	161	0.3695052527776914
162	101	0.3548223882515508
162	134	0.3302955861200002
162	37	0.3132455199954837
162	36	0.3071450423536225
162	74	0.30499706403195603
162	58	0.2951971118358881
173	62	0.39806712462428223
173	90	0.3598904106393033
173	189	0.3385642445971093
173	7	0.2989261806686904
90	194	0.6155757769421617
90	189	0.4391683824264848
90	84	0.3943663093120896
90	94	0.3884981525884955
90	170	0.2735805775265701
90	159	0.2653733105010663
90	74	0.25966579030172143
185	189	0.4480677271067404
185	167	0.4451617892213413
185	184	0.431948784875398
185	186	0.4270638167830142
185	99	0.4100904873538301
185	30	0.3693411827460133
185	116	0.3668514104311354
185	101	0.3470712241402383
185	134	0.3429130069387412
185	100	0.3205589957320337
185	194	0.3045888684792895
185	4	0.2930412674867971
185	159	0.25566995851582464
189	159	0.6088488046685413
189	184	0.5878143918014483
189	72	0.4001016937120624
189	186	0.4585707916357949
189	84	0.4411678858000104
189	153	0.33204952510079416
189	59	0.3278701519555524
189	58	0.3193741357131136
189	99	0.2989170742100839
189	194	0.28646411139832423
189	116	0.27932518382497723
189	4	0.2690134470189223
159	58	0.3746831216728001
159	84	0.3605952929068341
159	184	0.27985062725116844
159	194	0.2712197938365444
159	31	0.255585839621943
184	101	0.4977495271127354
184	186	0.4400799878239535
184	100	0.3688661133895429
184	99	0.3330901197991397
184	72	0.3234719869462149
184	117	0.32197591915484003
184	116	0.3013101931100705
184	4	0.2864732907551571
184	30	0.2791038944084128
184	153	0.27693553880033395
184	161	0.2671107552735501
72	178	0.4433237257272897
72	31	0.3013283772438373
72	18	0.2783014718822851
72	59	0.2770740290524668
72	107	0.27134022676661873
72	101	0.2581637200206421
8	6	0.5635976527077982
8	4	0.4085837659306285
62	58	0.335355270894665
62	188	0.2811496877080775
62	7	0.2760212147820412
62	153	0.2525737147653952
158	36	0.3836051283447725
158	167	0.36890067039126384
158	65	0.3623600398735461
158	166	0.309253721746097
158	84	0.2997546403361141
158	194	0.2761413060697268
158	134	0.2601226932324443
65	66	0.4647476750403385
65	167	0.4966203167513695
65	36	0.390008449732678
65	84	0.33088345506712064
65	37	0.30785128931250605
65	170	0.2748752959215991
167	134	0.4598886016389182
167	194	0.3601080107798015
167	74	0.3399977633838692
167	84	0.32761130201334704
167	104	0.31258699914073435
167	36	0.3106367403477903
167	30	0.3044890703176452
167	37	0.2915505300361225
167	166	0.2897103075537352
167	186	0.2672500474682015
188	116	0.4644575416117473
188	18	0.433249357312074
188	186	0.4143570410325461
188	117	0.33439638418468504
188	7	0.3296361554920849
188	118	0.3012920087571397
188	115	0.2535471135046735
116	186	0.5928504943069228
116	115	0.5151462687820338
116	117	0.3912541379782963
116	118	0.3549185356164944
116	18	0.31550744869533914
194	170	0.3164076194345267
194	105	0.2650293332500345
6	105	0.3622471041779472
6	170	0.3366770393511064
6	4	0.33485815695747506
6	115	0.2563053982963083
4	107	0.6264915735257963
4	100	0.287023955870779
84	74	0.43825587179308345
84	36	0.35138239183574665
84	37	0.3256817705965929
84	166	0.2903422680014896
107	104	0.3173611786526463
107	118	0.30060084104995033
107	94	0.2799520093287643
107	105	0.2574542338177223
18	118	0.573075259318581
18	117	0.518627190507766
18	7	0.3759202953923858
18	186	0.36192561359963593
18	99	0.27940815970855165
18	115	0.26904127574728465
118	117	0.5992845251505388
118	186	0.34192432768741604
118	7	0.31662357572353594
118	115	0.2589662239347898
118	178	0.2557166895620151
31	58	0.32578009952583603
31	7	0.2774155891145311
99	101	0.6161778517183191
99	100	0.3636450187085915
99	30	0.3143544012035974
99	134	0.282677758197185
99	37	0.26524316488586197
99	117	0.25956320426743784
99	186	0.2534909698189627
101	100	0.4914573795571223
101	117	0.329734199337171
101	36	0.30918137098542503
101	104	0.2789747952225067
101	134	0.2753189702634814
101	30	0.254725735812383
100	104	0.2894537877292813
100	30	0.28174819890200026
100	134	0.25580080243369324
7	153	0.2647317850005009
66	170	0.37165330199854135
66	37	0.25760362243352875
36	32	0.5613690799267291
36	37	0.5049663209175013
36	166	0.5308083902830357
36	134	0.4198418366689065
36	161	0.27970315126879913
36	74	0.2715069660277064
36	104	0.270478481289037
74	30	0.2963833721975186
74	37	0.25493144953682984
117	186	0.4135947070563084
117	115	0.3957840870099845
117	153	0.33137314977675003
58	37	0.3710153400313896
58	161	0.3663580178892535
58	59	0.2882622585838977
161	32	0.3370316510048226
134	104	0.5803696998518196
134	30	0.3864499821547855
134	166	0.29495062035611896
104	30	0.27963862637525555
30	186	0.3560018590047465
166	32	0.4444478769886389
166	170	0.4385709113290467
166	37	0.3550408941325028
170	105	0.4045939806616727
186	153	0.390305171910305
186	115	0.3811462189185335
32	37	0.2819139017280804
59	178	0.3223792098735309
