96	198	0.8721757185755838
96	98	0.7701108063563346
96	81	0.7049635240536591
96	85	0.7047924540707814
96	70	0.6553048308781724
96	193	0.5830492295707295
96	97	0.6628891465497152
96	199	0.6093834355199285
96	197	0.6027148605871079
96	95	0.5974228064739403
96	177	0.5613827770680664
96	183	0.5550288746013486
96	79	0.5162913615662511
96	185	0.5147568115954366
96	88	0.4954139700091194
96	182	0.4922609384690317
96	194	0.4851135033387592
96	187	0.4814653018117394
96	90	0.4752574366257861
96	87	0.44551452573948097
96	112	0.4431710546953161
96	170	0.4267939653185468
96	63	0.4194628463994873
96	80	0.418605459723764
96	93	0.41554909281139857
96	92	0.4080087930026093
96	196	0.3933693650919597
96	11	0.3906865527426027
96	166	0.3866201002863461
96	74	0.3833663055096456
96	175	0.3768730366132885
96	160	0.3727473647683989
96	191	0.3727387541422828
96	195	0.3681574702167998
96	66	0.3544202361478479
96	73	0.3493647448187419
96	78	0.34617377434621405
96	69	0.3447206755395229
96	184	0.3261912168575761
96	190	0.3150301277465221
96	50	0.3114767569098653
96	91	0.2986438551425036
96	167	0.2819415172310766
96	4	0.2680391588219265
96	176	0.2634387252728061
96	61	0.25610918315409376
96	68	0.25532411165246943
96	38	0.2515061324033599
96	83	0.24342345779052865
96	76	0.2306823038409294
96	131	0.21603191668920688
96	188	0.2154503086886594
96	181	0.19883566631521007
96	75	0.19729843557242008
96	77	0.1931912172420001
96	129	0.1894821697882214
96	109	0.18198024599080048
96	55	0.17912641680398916
96	162	0.17507752940913654
96	179	0.17420497908433913
96	122	0.17419528254119498
96	71	0.1675939039487937
96	192	0.16198060421272215
96	147	0.15248147325839992
96	133	0.15240333235333833
96	99	0.14794617980481034
96	107	0.14340465543031294
96	57	0.14312060744508048
96	159	0.13837649840753596
96	132	0.13429382769460882
96	172	0.13061944960961744
96	121	0.121250507306422
96	29	0.11761314562698548
96	169	0.11717920965378655
96	28	0.11587713388610685
96	158	0.11405158551481535
96	22	0.1103685547486478
96	89	0.10200399726820124
96	180	0.09597170951415684
198	97	0.7058377168423852
198	177	0.649122081195761
198	197	0.642388599226796
198	98	0.7350062376144805
198	81	0.6943308874874774
198	85	0.6572972674809348
198	95	0.6385134967882572
198	70	0.6317481125428258
198	199	0.6121858568896891
198	183	0.5789421030288255
198	194	0.5728267202737909
198	193	0.5402864123008025
198	185	0.5319207499967722
198	79	0.5261020208427126
198	112	0.5246903018569068
198	182	0.5042731372016181
198	166	0.5041314389923608
198	187	0.4617553144100244
198	170	0.4508447246772624
198	175	0.4486429908467973
198	195	0.4344021062419242
198	90	0.4104813701076432
198	196	0.4069246310891996
198	92	0.4024173061779071
198	93	0.3929889305303799
198	11	0.3921007266642884
198	160	0.39033907785585137
198	88	0.3884217336900386
198	63	0.3695138874044674
198	80	0.3571540236403649
198	87	0.3501283240575392
198	176	0.34499380831618914
198	74	0.3433453154926108
198	167	0.33423650233242325
198	69	0.3091451942628441
198	78	0.3046433010217233
198	190	0.3034907212886453
198	191	0.3013920199859525
198	184	0.29919934910488943
198	61	0.2915962792835953
198	73	0.2868128899736641
198	122	0.2776647914022209
198	188	0.27170147456781185
198	147	0.2619398247684976
198	71	0.2450314608698505
198	38	0.243921988286925
198	66	0.2405237982943909
198	91	0.2394400284510255
198	50	0.23518402654655515
198	75	0.22808647684530275
198	83	0.2260188631453835
198	172	0.2258385614647873
198	77	0.2222958349786736
198	181	0.21065818852920706
198	68	0.1955101850023996
198	4	0.1906099121733348
198	76	0.18937611696237944
198	32	0.18334320066210286
198	169	0.1816804953013827
198	133	0.17834229308637636
198	129	0.1737686012237884
198	109	0.1702848448620006
198	132	0.16872110255443107
198	131	0.1650658361178679
198	179	0.16155211829665655
198	121	0.15166089885232487
198	29	0.1482004791184501
198	23	0.1448832811316258
198	158	0.13504986254570356
198	55	0.13490259533335158
198	192	0.1347258668116967
198	107	0.12169386732707793
198	28	0.11937801138409715
198	162	0.09933235082466783
198	180	0.09924224789980304
198	99	0.09755474689833547
198	22	0.09661171971836027
198	148	0.09527711950746463
198	25	0.0948113652180337
98	199	0.6819659114719822
98	196	0.5741085870634921
98	81	0.7010844127780029
98	85	0.6339303400681626
98	182	0.6217237018627009
98	97	0.6006861625013085
98	183	0.5877751219620454
98	187	0.5763033560787945
98	70	0.559365997083119
98	80	0.5571564151477109
98	79	0.5565147765061004
98	95	0.5419341860713046
98	193	0.5411709277163956
98	175	0.5306072525071336
98	194	0.5297517501545449
98	90	0.5244583588935083
98	88	0.5143377241836047
98	177	0.5083705652504966
98	197	0.5005576842283129
98	69	0.4992149814144656
98	93	0.4789185397147666
98	66	0.467119876364883
98	91	0.4581679439134605
98	92	0.4554774839005034
98	38	0.455342741624067
98	78	0.4547401093222536
98	185	0.44551452573948097
98	170	0.4402251156549494
98	195	0.4400477340720287
98	73	0.4370189076949307
98	63	0.42175103379309775
98	50	0.4210437490147874
98	166	0.4067493895242841
98	167	0.3963742718730723
98	87	0.3898812582814002
98	76	0.38758077331273616
98	11	0.3874278020364692
98	74	0.3646685385544622
98	112	0.35664790307260885
98	160	0.3565955338156345
98	184	0.33306344800346155
98	188	0.323266037476561
98	68	0.2965384310557938
98	61	0.29223662859950594
98	181	0.27968471584272925
98	122	0.2651966819662629
98	162	0.2590035410080098
98	191	0.2554736750769309
98	174	0.2521523739716371
98	77	0.2466193335106317
98	60	0.24424173245874284
98	176	0.2441665033108855
98	131	0.2348250128588177
98	147	0.231657261088542
98	180	0.2293469025692272
98	94	0.2285509334133116
98	133	0.20343187799596066
98	129	0.19782696849585732
98	172	0.19452897838716585
98	32	0.18700324005970104
98	121	0.1867716225198031
98	71	0.17057613089426607
98	132	0.1700129510452242
98	75	0.16381071783758733
98	83	0.16300288036673294
98	57	0.1602565524753112
98	4	0.14646890189447884
98	109	0.13626704239363086
98	28	0.13535419587063507
98	84	0.13413670989310247
98	190	0.1338813790848596
98	179	0.12915458714428446
98	29	0.10949919000832548
98	86	0.10898539563715888
98	192	0.10855060105450674
81	183	0.8027506052048986
81	92	0.6582617213795693
81	63	0.6092451135758447
81	185	0.5763167134136705
81	175	0.6717580260352504
81	85	0.6489137219260118
81	97	0.621208126629501
81	182	0.6048943467153219
81	170	0.583451719064879
81	194	0.5688290010081721
81	199	0.5664975165492413
81	74	0.5584170538121978
81	166	0.5573494665100571
81	193	0.5504035053100951
81	187	0.5425977767284291
81	79	0.5322003455038945
81	167	0.5083631496191141
81	68	0.4695399411509115
81	69	0.4651395887364618
81	90	0.4633981010581442
81	195	0.4557944422413078
81	70	0.4409987422438756
81	73	0.4399509660035763
81	88	0.4363552781594353
81	78	0.4325098775262822
81	197	0.4296195318215057
81	172	0.4213152096002623
81	95	0.4210190670381866
81	66	0.4193721966159351
81	80	0.3964922695654502
81	196	0.3922107344688499
81	91	0.3837245205268401
81	160	0.3808213754125516
81	177	0.370307999947712
81	184	0.3466225785676915
81	60	0.3337745133795421
81	93	0.30912710556602857
81	76	0.305858442142305
81	87	0.3041170364671091
81	50	0.2856469381748081
81	169	0.2819599273068801
81	61	0.2808273218010792
81	77	0.2462811990991033
81	112	0.2408817819127323
81	162	0.24068395695553044
81	57	0.2351745796396013
81	181	0.2271382843323969
81	147	0.220089344809054
81	190	0.21494485300149996
81	38	0.2120338675728902
81	158	0.19874922297451966
81	188	0.19512544462763012
81	11	0.18678127366538733
81	75	0.18542976327867894
81	131	0.18347849112648468
81	122	0.17473823688157333
81	191	0.17354553728373212
81	4	0.17225529724818808
81	180	0.14513781383479232
81	174	0.1332135068572483
81	99	0.13054081370332418
81	55	0.130167270735051
81	86	0.12860388867985345
81	65	0.11744549386137587
81	133	0.1168438648350982
81	176	0.1133408928677684
81	83	0.11315332960091296
81	171	0.10870871298977597
81	132	0.09759931844084906
85	97	0.5834846973073669
85	185	0.5599909486058664
85	95	0.5547935696036107
85	79	0.5540386108965144
85	193	0.5413759644001075
85	194	0.5341542642105515
85	170	0.5234862521078628
85	199	0.5078438680797344
85	160	0.5036240861305322
85	70	0.5017333832566554
85	197	0.4909945743877379
85	177	0.4859541857684118
85	87	0.4749787020155613
85	92	0.4744596921198661
85	90	0.4457389224475182
85	183	0.4450014087481445
85	93	0.43001900695295797
85	63	0.4230573371500941
85	190	0.4116863343858038
85	66	0.4043095982907601
85	88	0.4031545379880305
85	175	0.3785362739035746
85	195	0.3755939488956162
85	74	0.3617865639726878
85	167	0.3549272759138039
85	187	0.3547087498709401
85	182	0.3527227617213233
85	73	0.34349526611777864
85	166	0.3397412616590969
85	196	0.33086564462647616
85	184	0.3293419813008676
85	191	0.3293330659329123
85	11	0.32902099106776594
85	112	0.3288426302957692
85	83	0.3124696967568233
85	75	0.2994360554206067
85	69	0.27383960070489
85	80	0.27326599603015617
85	4	0.26925461440438186
85	38	0.2641830482776357
85	91	0.2615858622924087
85	188	0.2510564407104168
85	162	0.2461027150908881
85	50	0.2452006461309684
85	76	0.2381198509069677
85	78	0.2359774079416939
85	23	0.2319695277268085
85	68	0.22771673311592505
85	61	0.21827110178472228
85	192	0.2166133714219837
85	122	0.2154789159386822
85	131	0.20948246803473405
85	105	0.20281828429059434
85	99	0.20070784358049065
85	77	0.19945028521986471
85	109	0.18502417307774585
85	181	0.18493725268558292
85	169	0.17912641680398916
85	65	0.17251727364797378
85	32	0.17245905877804185
85	71	0.16474481006366148
85	133	0.16144498729285406
85	106	0.15909689364313367
85	158	0.1513677858334553
85	172	0.144070606258627
85	12	0.14385516582831268
85	147	0.1434732151993117
85	9	0.1424642685569696
85	179	0.13434292562328265
85	64	0.1324570937136913
85	107	0.1313565811781532
85	22	0.1312583053427049
85	6	0.13061944960961744
85	8	0.12914475394065858
85	58	0.12346682013359775
85	159	0.12202881826017255
85	176	0.12155593829369092
85	132	0.1194568705420368
85	141	0.103587089841729
85	29	0.0976874698941034
85	57	0.09681381163239468
85	55	0.09648590357100892
70	176	0.6237989482085595
70	61	0.5446548276661775
70	177	0.6389870951795864
70	112	0.5723898424628323
70	199	0.5202190245721551
70	11	0.4821947495537027
70	71	0.4311024479262108
70	197	0.4297744503149961
70	170	0.4197676979128205
70	160	0.408308819297776
70	97	0.4064989924969081
70	95	0.3960707891036137
70	38	0.3827690241298525
70	166	0.340528296004799
70	32	0.32763808187518123
70	183	0.32220894583400045
70	63	0.3005553584096643
70	92	0.29179756012212416
70	196	0.28827142760616936
70	28	0.2798598440616391
70	4	0.2704414072323009
70	158	0.2675285983506625
70	113	0.26715718724560833
70	66	0.2669064398646092
70	185	0.26019727857493524
70	175	0.2479618849569342
70	187	0.2478680311396692
70	93	0.23870460984225456
70	69	0.2341067933364732
70	79	0.2291005638860011
70	182	0.2270624102978637
70	139	0.226711457044334
70	36	0.2255633343331969
70	194	0.22088850784723785
70	172	0.21175688847394888
70	74	0.2083635372997112
70	80	0.2077416731507008
70	167	0.20531001305195476
70	91	0.20439988040076015
70	73	0.2039973931823892
70	141	0.2033360144990096
70	133	0.19750025260637188
70	50	0.1969139759206812
70	181	0.1950869672849
70	135	0.19118804670188436
70	190	0.18678127366538733
70	39	0.18533319990813948
70	87	0.18455090484111691
70	68	0.17878762577319385
70	90	0.16926510968384348
70	193	0.16852678936216414
70	132	0.1637231316021581
70	57	0.1633435614379705
70	156	0.1624479737347776
70	171	0.1598960335149846
70	114	0.15972063048203014
70	75	0.15626900111734104
70	62	0.15615192932262512
70	191	0.15312606289894656
70	131	0.15308700056335448
70	88	0.14968675882676552
70	12	0.14871879776546434
70	76	0.14625361465134604
70	29	0.14505949812443406
70	65	0.1442174896323507
70	195	0.14203317183164146
70	52	0.14126882257663365
70	37	0.13878843225925852
70	129	0.1354818119257941
70	179	0.1323686716991897
70	122	0.1316710464926971
70	107	0.12832850967975454
70	162	0.12697099625974112
70	142	0.12164460749725528
70	130	0.1200088423911177
70	2	0.11537395222321616
70	26	0.11530488344593695
70	78	0.11404171558120045
70	89	0.11074391012536376
70	83	0.10959798991888388
70	56	0.10848142535529454
70	99	0.10778961068771506
70	188	0.106939524091205
70	109	0.1032210460345074
70	25	0.09989570464789313
70	169	0.0984589771537252
193	88	0.7642273254104429
193	87	0.7099683287742893
193	194	0.6360727501890462
193	187	0.5846640509248413
193	73	0.5673389849217211
193	90	0.6037517187520469
193	191	0.601886456739197
193	184	0.5442749063589819
193	97	0.5164453679447271
193	74	0.4933739206648229
193	182	0.4832991649698014
193	185	0.45831804645062396
193	50	0.4342966319608338
193	160	0.43260742468770175
193	80	0.4246324190025684
193	192	0.4195946856973709
193	195	0.4177308163157761
193	66	0.4115451370636792
193	79	0.4051039999880516
193	76	0.4035480726077723
193	84	0.3899660542355263
193	183	0.3794697026123639
193	78	0.3771303975221337
193	196	0.3713688487603044
193	188	0.36903025006429546
193	199	0.3592896311107334
193	95	0.3426923853624175
193	197	0.3375279466963073
193	175	0.3372266466699088
193	179	0.32690590963593863
193	89	0.3230242316285461
193	94	0.3145166046596389
193	162	0.3103837370002514
193	91	0.2980334891668461
193	77	0.2976051764636779
193	63	0.2936079230866758
193	93	0.28597753026240025
193	159	0.2641179325613791
193	83	0.2581823869541304
193	170	0.2564268542293132
193	177	0.2552680222173971
193	190	0.2484967627953531
193	75	0.22689168364276915
193	68	0.2218680291600092
193	109	0.22154474142881814
193	92	0.21543123698319214
193	167	0.20805740981507886
193	105	0.18577736174886653
193	69	0.18315958106643904
193	131	0.1788360270897192
193	55	0.1775773121861116
193	180	0.17606608734640766
193	122	0.16225324527955953
193	121	0.15834629194191685
193	86	0.1457055482879799
193	181	0.14097479718853795
193	11	0.12190075206350748
193	4	0.11860905580434833
193	174	0.11045745755571212
193	9	0.10949919000832548
193	107	0.09900856680066583
193	5	0.09563483012810432
193	60	0.09474893116447386
97	122	0.4274561922378568
97	95	0.5738269514517854
97	194	0.5593385120809143
97	79	0.5192336807432949
97	185	0.5073242172095974
97	197	0.4934193142514722
97	182	0.4906909450406179
97	177	0.4820719419642423
97	90	0.4651630977632951
97	183	0.4498641924162503
97	93	0.4399267723898381
97	199	0.4326805784127377
97	88	0.4314606062647381
97	187	0.4193639553117667
97	195	0.4175904711865585
97	87	0.3951176283517711
97	80	0.3808299251307923
97	74	0.3738834035580906
97	190	0.36927209373750897
97	167	0.36676486525223534
97	92	0.35359803935258444
97	175	0.3463497949007181
97	166	0.3452316505593025
97	63	0.3432394574522959
97	191	0.34021000242621685
97	184	0.33035794801585344
97	160	0.3095159632393097
97	73	0.3019192422176683
97	196	0.2972132109295731
97	66	0.2798690608205216
97	83	0.27413557855802856
97	38	0.2697924814791385
97	69	0.2686701891152499
97	78	0.2592367551937625
97	11	0.2590968303080474
97	91	0.2541084563579364
97	71	0.24892830814069386
97	170	0.24858120334893594
97	112	0.2372046398334758
97	99	0.2303035546429565
97	162	0.2296026847235797
97	50	0.223626238455516
97	147	0.2212689575190034
97	68	0.21842347369826048
97	188	0.21833776580688408
97	132	0.2166896163923524
97	77	0.20497474224409684
97	131	0.2012452242871178
97	29	0.18848895689488412
97	75	0.18763043309707145
97	76	0.1865689401373513
97	181	0.180713327710658
97	116	0.17821642494545115
97	192	0.1764052166908583
97	57	0.1629347394850736
97	133	0.15787829171005308
97	61	0.15339948584319207
97	32	0.13333137547187046
97	4	0.1299116674050781
97	179	0.12937091119453722
97	143	0.11922028855039725
97	89	0.1179878723775185
97	55	0.11623228515169967
97	109	0.10717677334269746
97	159	0.10437843986584534
97	172	0.09682074601729627
97	129	0.09431682747036108
97	169	0.0942107782365695
97	94	0.09393920316677556
177	71	0.6187579619146291
177	112	0.5826464536759031
177	176	0.5615676583724503
177	11	0.4587287197152599
177	197	0.4457148826216703
177	160	0.4195287682608442
177	199	0.3971831357753959
177	95	0.3754736924869633
177	179	0.3642176043198777
177	122	0.35622888628173643
177	194	0.34802077273578463
177	61	0.3412971832378406
177	170	0.3353996469926542
177	183	0.319867949010954
177	50	0.3047975157516096
177	93	0.2882530895087643
177	191	0.286757824724156
177	38	0.2794819125462458
177	32	0.27938050154431376
177	156	0.2698666568393789
177	175	0.2604210159691261
177	166	0.259852295348908
177	89	0.2529200787929688
177	184	0.2526766946209264
177	113	0.2413715480241206
177	173	0.23923263046529744
177	66	0.2372046398334758
177	187	0.2345037357677384
177	80	0.23369086515570675
177	147	0.23131655212046776
177	188	0.2310515170186721
177	87	0.2309284533473963
177	79	0.22416766442707936
177	192	0.222999151731146
177	92	0.21305552994580607
177	182	0.21072508116162653
177	158	0.2096258810916181
177	196	0.20876526766684214
177	106	0.20466816683207875
177	185	0.20274157386661126
177	195	0.2014563050174692
177	52	0.20030472875086375
177	69	0.1949907713010428
177	167	0.185487699582196
177	171	0.1807036542662452
177	90	0.1785165624149372
177	180	0.17525200652335354
177	12	0.1743116388288153
177	178	0.16906111907810356
177	76	0.16829359624170814
177	88	0.16266216042088202
177	91	0.16109435014311374
177	4	0.15643484530985058
177	67	0.15563480978922845
177	172	0.15198329236612082
177	59	0.15094761075976765
177	75	0.14718316460535907
177	174	0.14485391073893078
177	62	0.1424348773133968
177	23	0.14127862299398605
177	16	0.1412002188799525
177	78	0.1371600338902764
177	73	0.1353051115764047
177	141	0.13447057715036673
177	105	0.1341956298594155
177	77	0.13163173977627518
177	5	0.12043262758350275
177	151	0.11533448448704932
177	25	0.11479176623882377
177	47	0.10665283166612977
177	109	0.1052092151485082
177	9	0.09667214999886307
177	63	0.09609456594091588
197	11	0.6825004692392117
197	95	0.6888058587768413
197	79	0.6034974638180243
197	112	0.6184060688496531
197	93	0.4723958902584201
197	199	0.4495929593897231
197	191	0.4122675268560335
197	87	0.41003225787691777
197	109	0.4085087878361363
197	166	0.4019311177742816
197	99	0.3869772627263328
197	181	0.3765297982029641
197	182	0.3714809144225347
197	183	0.3483371304414868
197	185	0.34656978630253377
197	194	0.3391130613611669
197	106	0.3370227868782857
197	190	0.330170853677404
197	101	0.3283787825077153
197	32	0.32346303325851594
197	195	0.2989352870728538
197	80	0.2983250376842908
197	196	0.2824661229857117
197	38	0.2775632690528227
197	179	0.2770647967270625
197	184	0.2608963650507243
197	75	0.2563053982963083
197	122	0.2524520039223368
197	61	0.24906900809061944
197	170	0.2388271986516384
197	192	0.23638342202336984
197	9	0.23083378395658286
197	187	0.2209170439061436
197	83	0.22061263978604756
197	160	0.21905189519694007
197	176	0.2188995672566504
197	90	0.21147987535462465
197	92	0.20831570756963624
197	188	0.2067654863734932
197	88	0.2027319848886285
197	167	0.19735609928937245
197	89	0.19701009651622067
197	78	0.1929697916617613
197	175	0.18639519973910293
197	159	0.18459920144359374
197	5	0.18293728761525985
197	71	0.17687024025527645
197	69	0.17013919068194655
197	147	0.16740923473678515
197	23	0.1643069910190267
197	133	0.16181506006752094
197	29	0.15928207879695486
197	12	0.1556445675521015
197	58	0.14202337355194394
197	26	0.1395239088929232
197	143	0.1318773999582588
197	6	0.13047200593796404
197	63	0.1302262536632192
197	108	0.130167270735051
197	121	0.12967571054267532
197	74	0.12665614240059472
197	100	0.1257803210885712
197	91	0.1238705496107993
197	161	0.12328956012610215
197	162	0.12018624617499228
197	22	0.11963429813512495
197	43	0.1188555314636224
197	52	0.11462400308204032
197	16	0.11454505345121355
197	31	0.11403184562507385
197	73	0.11224501468254988
197	50	0.10601018084251837
197	180	0.10595085475474596
197	148	0.10444767671974424
197	0	0.10259771797054858
197	132	0.09724669732699684
197	131	0.095011545564093
152	154	0.8231469147649885
152	46	0.7485196633301072
152	14	0.7323189352508409
152	155	0.6913253704224123
152	151	0.6231265247175621
152	164	0.6185913066586436
152	186	0.5531994688830427
152	149	0.6858249518800767
152	115	0.6383239218953529
152	48	0.6283409343741456
152	119	0.6046279558645806
152	45	0.5943853469304538
152	125	0.5784565749072424
152	17	0.5692482419110149
152	124	0.5645930751359701
152	157	0.5623818376006638
152	49	0.5455193699273367
152	59	0.5267887332498628
152	18	0.5200366578166721
152	15	0.5181226021918083
152	117	0.5063284271873958
152	21	0.4957157361926801
152	53	0.4945230629105711
152	168	0.4885774291320992
152	43	0.4872974089620348
152	51	0.4872058986631199
152	52	0.4747463503441138
152	118	0.4684556843789293
152	150	0.4604167354860937
152	137	0.4166488185716544
152	20	0.41248331294759344
152	156	0.38718980430924815
152	47	0.38043657070867737
152	16	0.3577907394536445
152	0	0.3535017890823206
152	165	0.3488203015081901
152	136	0.3220296980062948
152	134	0.3161826300875371
152	67	0.31562450305005835
152	82	0.3149760813638959
152	120	0.3104741003887982
152	153	0.30942554045403153
152	101	0.30247353537475685
152	39	0.3019919480431045
152	75	0.29796059334582314
152	106	0.28646411139832423
152	58	0.2817389926965381
152	189	0.27623367811655336
152	142	0.2752080626640643
152	128	0.2693102636224439
152	33	0.2683268629596529
152	148	0.26802059562222885
152	29	0.25829438450630543
152	44	0.2573795348939581
152	127	0.2547444380130921
152	3	0.2535845416795107
152	123	0.25207745892617234
152	146	0.2516841053829911
152	23	0.2462718056202595
152	19	0.23553353085266215
152	133	0.2306254959142409
152	171	0.2261232412519914
152	163	0.21572682994139766
152	65	0.21306507599887886
152	144	0.20980752468286032
152	116	0.1969524246132608
152	103	0.19365325939424075
152	41	0.19231502723638494
152	26	0.18999308957986735
152	2	0.18241530776927264
152	27	0.17581413562789466
152	64	0.17556216087405885
152	35	0.16797292494666005
152	100	0.1604806373144146
152	30	0.15193444694103506
152	143	0.1491588155118896
152	25	0.137778128287273
152	7	0.1350989502909293
152	28	0.1330661657899417
152	102	0.13162191303248955
152	159	0.1289775855946234
152	9	0.12844653167695005
152	1	0.12625269860190774
152	113	0.12011725672605802
152	108	0.11750466583769427
152	126	0.11514700776925373
152	72	0.11387392326700364
152	54	0.10887670089433278
152	89	0.10655396809470154
152	145	0.10496197589543507
152	132	0.10324083290196943
152	109	0.10101430146063003
152	12	0.09936898561411836
152	40	0.09907589976388888
152	140	0.09777165805329896
152	31	0.09648491288044292
152	130	0.09639971277679144
154	48	0.6373333207413484
154	46	0.6520231463419239
154	155	0.639347888754187
154	149	0.6301410177259832
154	119	0.6277050680362359
154	14	0.6170703270028697
154	164	0.6072542148580108
154	17	0.5995087784246211
154	124	0.5727326509936542
154	157	0.5555407020712304
154	151	0.5357033201572965
154	18	0.5327377030109359
154	115	0.5318705539057296
154	45	0.5266080860552692
154	49	0.5106657748075416
154	117	0.5078438680797344
154	53	0.4948780404403998
154	125	0.4915332227939056
154	52	0.4585470999250004
154	51	0.4535415379613253
154	15	0.44972858627139256
154	168	0.4476520279260864
154	136	0.43346865130280543
154	150	0.420533528148396
154	59	0.4205252965982629
154	21	0.4029786551520588
154	137	0.39235457390261175
154	120	0.38698576517941136
154	165	0.3853009972635413
154	20	0.3846621554173931
154	118	0.37217031094152003
154	43	0.3707393560370477
154	186	0.3488554339938647
154	146	0.3344052659455667
154	134	0.32555661449706
154	153	0.32242401273357
154	156	0.3200115711785392
154	47	0.3200025952238723
154	0	0.31878133073709936
154	67	0.3164166182682371
154	2	0.2929589939037598
154	163	0.288363114921183
154	123	0.2850131133303782
154	144	0.2819967468355709
154	16	0.2730161396636088
154	33	0.2669714519165185
154	44	0.260495588886894
154	142	0.2559877060590766
154	19	0.2478680311396692
154	35	0.24747379431655586
154	29	0.2395625715373724
154	39	0.2357035379552509
154	171	0.226113752547738
154	101	0.220878995743556
154	23	0.2197753069875492
154	58	0.21722325712298493
154	82	0.21297916005699408
154	41	0.20944422303046464
154	127	0.20212780096384506
154	189	0.1979710938915732
154	102	0.19739454100868656
154	65	0.19452897838716585
154	148	0.17936838439495198
154	133	0.17890378747862767
154	145	0.17742235317696978
154	3	0.17598856619603448
154	100	0.1723620313177343
154	128	0.1636355427855101
154	161	0.1594380154966566
154	56	0.1569713395727808
154	28	0.14695813945505382
154	30	0.1435319796195652
154	126	0.13896496064612712
154	140	0.13789584840288094
154	103	0.1376800252172177
154	64	0.12339788662183745
154	113	0.12011725672605802
154	106	0.11244249045811837
154	31	0.10825412637854652
154	132	0.10622770337103916
154	75	0.1037156931721171
154	54	0.10333976601328816
154	40	0.09931155798653182
154	42	0.09760030891512543
154	178	0.09663054234114343
154	27	0.09609555670665508
154	108	0.09430295199133552
46	115	0.6389101683758539
46	14	0.6184986963468491
46	48	0.5123049832156057
46	49	0.4831152023750676
46	59	0.4641908445811184
46	168	0.4586260697593134
46	164	0.4535018220570506
46	155	0.4435486677399925
46	117	0.4324367105098628
46	149	0.4315012974741336
46	186	0.42739080750577024
46	82	0.42462422209467465
46	119	0.42187434490100895
46	151	0.4127073495205512
46	17	0.40145309102512944
46	15	0.4012517511303801
46	47	0.3845258214235617
46	53	0.3798805090717871
46	106	0.35773841918331906
46	157	0.3566740868606463
46	18	0.3549010548357501
46	45	0.3511720067981127
46	0	0.3428777100278225
46	118	0.3146157199537577
46	51	0.2989534997178461
46	189	0.2936992998422273
46	43	0.2912302479658057
46	52	0.29006753366941146
46	124	0.2881705654540089
46	153	0.2738581008410279
46	125	0.2631502157088364
46	56	0.25206809433301963
46	3	0.24505965945005145
46	137	0.2437620963074493
46	16	0.24070279828948904
46	163	0.2347872182152993
46	75	0.2293753243736135
46	101	0.22916688872745256
46	21	0.22755554221227264
46	103	0.22447156225163747
46	120	0.2194231498059596
46	150	0.2136568517787684
46	156	0.20793303387687714
46	105	0.20608574059476914
46	65	0.20508969765859536
46	165	0.20479271793985607
46	159	0.2015906193784088
46	67	0.199258233644732
46	20	0.19543324173770352
46	33	0.1862600602573448
46	102	0.18262797865527614
46	1	0.18217361558834666
46	134	0.17540708805096786
46	58	0.17308965561782294
46	136	0.17025571462104785
46	192	0.1639469579590553
46	89	0.16344089173591206
46	171	0.1607339306909619
46	146	0.1606754802511224
46	19	0.1427483709517512
46	44	0.13909244787845804
46	133	0.13440184226701
46	41	0.126587264714531
46	188	0.12455974899903252
46	23	0.12452036940809193
46	109	0.12328956012610215
46	6	0.11998913038625306
46	35	0.11978214862602404
46	144	0.1124029960130517
46	29	0.1101413506652431
46	2	0.10908420677828616
46	84	0.1086593036004696
46	108	0.10690986707792308
46	39	0.1029242332275166
46	191	0.10127164168495427
46	9	0.09887290793080716
46	113	0.0984817541362272
14	115	0.7211850463986942
14	149	0.6923107925405304
14	15	0.6837431607749979
14	17	0.5942301153350167
14	45	0.5744570906427888
14	164	0.5468735910817958
14	119	0.5409729001873247
14	49	0.5387267616654334
14	155	0.5372345513822361
14	18	0.5103848165230214
14	48	0.5028474623479664
14	16	0.4819030505936435
14	117	0.4809658213123906
14	151	0.4798042840821573
14	118	0.4642771381291149
14	150	0.464128080101692
14	125	0.462431678198213
14	186	0.4565150919344347
14	59	0.4230491268904655
14	124	0.42303270616280747
14	43	0.4199900973728098
14	51	0.4033638834886469
14	157	0.3961803900906312
14	189	0.39040688657057937
14	67	0.3872918096559596
14	47	0.3852924817993164
14	44	0.3803082731859291
14	20	0.38017996102456303
14	21	0.3681747592910379
14	120	0.36709370314883055
14	168	0.3633759820756076
14	165	0.3630547944854871
14	137	0.360386481791394
14	53	0.3540791783672841
14	106	0.33563037870671514
14	146	0.3328767305112474
14	75	0.327522032005579
14	153	0.3224060917628892
14	82	0.3210075447665683
14	3	0.3205859127310787
14	123	0.31395782660000665
14	52	0.3107451568837563
14	116	0.30363597717513024
14	33	0.2973499544783364
14	101	0.2953979276973266
14	156	0.2887664762708966
14	148	0.2862529716787757
14	134	0.282677758197185
14	0	0.2722756083299975
14	136	0.26760287103682384
14	65	0.24743624367601885
14	9	0.24586784228166605
14	41	0.24162580118764995
14	142	0.2311367106145557
14	171	0.22935637654748145
14	58	0.2081148118252885
14	121	0.20741632342802066
14	7	0.20395905746705129
14	144	0.20112048597767074
14	23	0.198902897885784
14	127	0.19741376164070668
14	19	0.19620256597077707
14	42	0.19564482992355486
14	64	0.1892893431818852
14	105	0.18808384664449104
14	31	0.18717693957287546
14	103	0.1802005870219677
14	2	0.17580444471695986
14	6	0.17277922564335155
14	192	0.16322676088338453
14	109	0.16278871807677442
14	163	0.16010065762535194
14	179	0.1590773998175395
14	133	0.15853152239272986
14	27	0.1555957784340245
14	128	0.15318465550508462
14	35	0.15252054299609513
14	30	0.15247170574950347
14	188	0.15082057034110033
14	29	0.1488948119412268
14	100	0.1484938770505307
14	178	0.14666460553112565
14	108	0.14069054900477396
14	39	0.13303669687044542
14	147	0.12576063745284102
14	173	0.11335076439499965
14	126	0.11162290810727897
14	62	0.11077354210049914
14	54	0.11045745755571212
14	169	0.108125648035454
14	77	0.10675169312876448
14	72	0.10596074248843326
14	5	0.10337933868540022
14	180	0.0996620542236584
14	86	0.0973952766205345
14	135	0.0945923472445369
155	157	0.6673832960146824
155	51	0.6458815632220268
155	124	0.5867596910361259
155	125	0.5846574692068851
155	151	0.5774909530701742
155	164	0.5570253816996024
155	149	0.5267815082754974
155	17	0.5239869850401596
155	53	0.5114120023413138
155	48	0.4993426039307503
155	119	0.4927684160623273
155	21	0.4910173417822086
155	52	0.4854498840677111
155	49	0.4751335663485707
155	45	0.4649279779718898
155	59	0.4514181905310939
155	168	0.4367680792347255
155	18	0.4227288725880817
155	150	0.4113789972710577
155	47	0.4015201957030923
155	43	0.3916521172585749
155	115	0.38178708127152783
155	156	0.3817443685249761
155	20	0.38083847478391375
155	144	0.3716015884160453
155	0	0.3567089977063864
155	136	0.3447118638325889
155	117	0.32925282497893754
155	137	0.3274595395206458
155	58	0.323454079512893
155	148	0.3210165142793372
155	15	0.3191675805068954
155	101	0.3128486393323669
155	186	0.3126411354874084
155	134	0.31113358306056194
155	33	0.3110342281122859
155	67	0.30367228894182313
155	3	0.30330913159249057
155	146	0.295708228142119
155	153	0.2948775783022467
155	106	0.2910838115527541
155	103	0.2844066127637847
155	9	0.28038511693974283
155	142	0.2713031713852004
155	118	0.2712568510274361
155	23	0.2592460831326283
155	128	0.25918078654499643
155	42	0.2525175415230729
155	165	0.25079407048794605
155	123	0.2455859567969103
155	12	0.24048611199973485
155	40	0.2389497798490977
155	145	0.23326539558087284
155	19	0.23142066366274694
155	102	0.22745123556950936
155	82	0.2257436596274386
155	16	0.22561078985705615
155	113	0.22194408977602445
155	108	0.21624163936474294
155	35	0.21605098321104427
155	41	0.21410535156032304
155	120	0.2097788450782754
155	44	0.20574100471309945
155	1	0.19481760907736725
155	26	0.19287351353825466
155	39	0.19153486378336831
155	62	0.18520766217557494
155	111	0.18278263765817251
155	29	0.17810023379244272
155	140	0.17661836227931624
155	72	0.1753004704353537
155	27	0.17496120522276126
155	127	0.1743504231764749
155	100	0.17087709514296331
155	132	0.16963419866860532
155	6	0.1674286741546583
155	10	0.1669426496884089
155	75	0.16031501098338286
155	64	0.16012988851832946
155	130	0.15461007601107815
155	161	0.15296981068665638
155	28	0.15050783424854375
155	163	0.1467624530450712
155	138	0.14392371653629313
155	104	0.13938663158129608
155	178	0.13837649840753596
155	2	0.1379056582367032
155	133	0.13631611362390825
155	189	0.13385191669324448
155	25	0.12482555096796333
155	122	0.1229448653766074
155	126	0.11993984996020887
155	176	0.10935098608609747
155	34	0.10615849275925376
155	54	0.10548610767030488
155	24	0.10501142478506202
155	30	0.10085593152461683
155	8	0.09588055608193463
155	89	0.0955050266313636
155	109	0.09465478316651288
151	59	0.7333235856319978
151	149	0.4302064576503009
151	168	0.4293096189594742
151	51	0.4275134002102504
151	164	0.412068298630668
151	48	0.4119686697386055
151	186	0.40970777532100094
151	43	0.38150514701482974
151	52	0.36700717575144176
151	16	0.36019503986758145
151	49	0.36015152610728296
151	45	0.3593157581579396
151	125	0.3592373753266399
151	124	0.3592373753266399
151	119	0.3585404163698247
151	47	0.3528628476788252
151	58	0.3497773108537169
151	115	0.3497685342646905
151	15	0.3447118638325889
151	156	0.333383474363824
151	157	0.3323608989905446
151	117	0.3303223129999327
151	82	0.3257354054315133
151	17	0.31653359792379704
151	179	0.3160116143924365
151	18	0.3072356057640062
151	0	0.2882439203807705
151	21	0.28137991023480863
151	159	0.27949113141908605
151	118	0.2774894307228617
151	153	0.2739505984816571
151	137	0.27278475832884874
151	89	0.26867946725361674
151	161	0.26496424888101605
151	20	0.2622005941439313
151	192	0.25681919496417
151	101	0.2451160553665605
151	189	0.2446084324410989
151	150	0.2361945885229073
151	75	0.23343559413871698
151	53	0.233397773472654
151	178	0.220488963331536
151	165	0.20942510028801545
151	67	0.20511843562824827
151	72	0.2033360144990096
151	99	0.20060227245036372
151	144	0.19933505611247335
151	39	0.1949522918569736
151	184	0.19018586277736435
151	71	0.18145807780579867
151	134	0.1798135480453747
151	65	0.17700585726480028
151	9	0.1730023506606154
151	128	0.16633014335420193
151	106	0.16529928764975552
151	176	0.1647934526203184
151	44	0.15830729463686136
151	100	0.15657141625741886
151	11	0.15414151532613607
151	171	0.1474375225161297
151	120	0.1470168431356792
151	19	0.146547184725894
151	136	0.14127862299398605
151	142	0.14087678319645866
151	2	0.1348338685941807
151	127	0.13207391644269806
151	130	0.12887924784837326
151	146	0.12219628330899115
151	42	0.12156579052325325
151	102	0.12016653502229008
151	28	0.11912170872317455
151	148	0.11881609634165452
151	103	0.11800759390821725
151	3	0.1172778354010516
151	133	0.11472268808433612
151	26	0.11437728068262372
151	6	0.11323230459176185
151	64	0.11244249045811837
151	35	0.11044757955330076
151	123	0.10563443622436544
151	163	0.10509054192829012
151	29	0.10414104868964842
151	180	0.10335955239024634
151	12	0.10100440348952301
151	147	0.1007668461889299
151	188	0.1001729027246918
151	109	0.09666818737934912
164	45	0.6694357689705042
164	149	0.6028039959368334
164	150	0.5507867700385498
164	49	0.5472729962237546
164	165	0.5015163552370643
164	17	0.4517127433184378
164	137	0.4412967360472225
164	48	0.4402331776379336
164	124	0.4266222020751483
164	156	0.4175822149700978
164	119	0.4083254848398417
164	146	0.3858203164579841
164	125	0.3850114346732099
164	52	0.3825044114988265
164	186	0.3769588300511066
164	115	0.3750269151523522
164	157	0.3703425143158627
164	44	0.36792404279837576
164	51	0.3655525666172435
164	18	0.3603081683089878
164	144	0.35908930503897285
164	67	0.3567264527556757
164	33	0.35510206882948114
164	7	0.3498211928778741
164	117	0.34750212619147075
164	168	0.3445620555208541
164	136	0.34185367873470834
164	145	0.3399358538040695
164	59	0.3360651097784904
164	53	0.3288426302957692
164	15	0.32671833893141033
164	123	0.3166775596685936
164	47	0.3065471843760644
164	43	0.3050061337722025
164	21	0.3036087427712572
164	2	0.2945945077989771
164	35	0.2942748499261299
164	20	0.2914224250477077
164	82	0.2907451251119164
164	153	0.2785689892884612
164	39	0.27152549160645545
164	142	0.2625730553996139
164	118	0.24977235004513726
164	134	0.2453604184987936
164	189	0.2408158424832875
164	120	0.2347399739126126
164	41	0.2317613552760353
164	0	0.22339822830920766
164	148	0.221164340567764
164	127	0.21752813641807964
164	171	0.2077608099391328
164	135	0.2045627722561398
164	40	0.2017441122218128
164	30	0.1947695063038843
164	147	0.188758994771739
164	34	0.1828116352143775
164	163	0.16924568263162673
164	174	0.16722455377657708
164	140	0.16224350852491765
164	31	0.16181506006752094
164	62	0.1585217736997113
164	106	0.15760525880291512
164	100	0.1530284061630068
164	107	0.14741795721490006
164	64	0.14432520006793134
164	178	0.14371806027116346
164	58	0.14207236467207718
164	27	0.14048469963039864
164	161	0.13611000996433056
164	10	0.13563887166843766
164	101	0.13340013042215676
164	173	0.13322332938577894
164	16	0.13285005491986362
164	65	0.13076688750368073
164	3	0.13066859621657054
164	128	0.11521607909406813
164	113	0.11237337494618108
164	89	0.1120080320494684
164	60	0.10950907009678043
164	75	0.10858024746096412
164	23	0.1077797268630634
164	24	0.10410148233917116
164	179	0.1008757280463038
164	126	0.09423159180630286
186	75	0.4911463443476533
186	43	0.453652732910453
186	15	0.4371483409593516
186	116	0.4275542609514226
186	59	0.4256810482241415
186	118	0.39301429702232415
186	149	0.37577430979601373
186	115	0.37189460155236986
186	0	0.35647333016807764
186	49	0.3491628014120964
186	16	0.3469832669312524
186	21	0.33465393112875336
186	48	0.3165785875357926
186	168	0.3156605178422761
186	117	0.3076430722289573
186	45	0.29805171257900664
186	82	0.2892888601672007
186	77	0.28908725870963664
186	185	0.2886014771903692
186	125	0.28748269862184905
186	148	0.2812786163119161
186	65	0.2746441691507314
186	101	0.27361758326829233
186	18	0.2724792866447352
186	137	0.2521617381398278
186	157	0.25006298780158914
186	150	0.2407404804131771
186	106	0.2397322339788586
186	47	0.2365627973117365
186	188	0.2364023043916536
186	51	0.2306633680400749
186	30	0.21863296768898172
186	189	0.2172042007590665
186	64	0.21717561590275736
186	124	0.209348607716432
186	7	0.20790433078223344
186	53	0.2058846508747832
186	119	0.2017824838846694
186	72	0.2001415439330395
186	3	0.18814172345927774
186	165	0.18609595284030192
186	133	0.1840099220483314
186	20	0.18171917470817545
186	44	0.18132268415188527
186	67	0.17419528254119498
186	17	0.17280832991266007
186	84	0.16951764938803845
186	127	0.1681575582202261
186	99	0.16597035754376438
186	52	0.16478372417310716
186	163	0.16475453863910944
186	156	0.1646377936185174
186	153	0.1645696902259773
186	103	0.1619708665741108
186	42	0.15830729463686136
186	1	0.15422937574242726
186	109	0.15217866664055904
186	29	0.15146549313349705
186	160	0.148728576578113
186	58	0.14493223121872498
186	134	0.14219973832645927
186	33	0.14109241033110165
186	28	0.1358155557301573
186	26	0.13570758316268344
186	9	0.13515785470980093
186	83	0.1329581119352558
186	128	0.13271252324200233
186	89	0.1323686716991897
186	171	0.1322998975646215
186	146	0.12814163408474002
186	100	0.12768916077360404
186	147	0.1270497057293563
186	190	0.12413639785650532
186	39	0.12231448974329875
186	22	0.11683400134846116
186	159	0.1129953753307325
186	31	0.1121561476899498
186	143	0.1090644447224576
186	12	0.1075820458984036
186	5	0.10479384578980444
186	23	0.10304296055282218
186	169	0.10285497426648492
186	87	0.10203368503288043
186	184	0.10018280236867033
186	93	0.09988580442952164
186	179	0.0994590862473552
186	178	0.09890657543864946
186	167	0.09646509902897912
186	56	0.0963254092075643
186	34	0.0951790172776629
186	172	0.09431781857460368
48	149	0.5964057714476941
48	17	0.5703490285398333
48	18	0.5565768996117318
48	119	0.5090969313211143
48	15	0.4914725488009011
48	115	0.4846851746844741
48	49	0.4766419506863873
48	157	0.4442873695064088
48	120	0.4392410213570926
48	168	0.4376578084194882
48	53	0.40246758858247744
48	124	0.4023921640650353
48	117	0.39150818421153744
48	45	0.3906780790693224
48	136	0.390457740327074
48	16	0.3794012203139693
48	125	0.3767443343314497
48	51	0.3725062429764205
48	118	0.3620907141159112
48	43	0.3588628096312744
48	44	0.3467369542756143
48	150	0.3451523747366789
48	146	0.3385553908246112
48	137	0.3343342101953563
48	58	0.31785569732047364
48	163	0.3087381445014662
48	153	0.30520565405774264
48	52	0.29516059705813874
48	47	0.29256584914062106
48	134	0.28768450366875065
48	20	0.2859867124046629
48	2	0.27041360116335433
48	101	0.2634480312486706
48	0	0.2596005089578206
48	67	0.2588076177496717
48	21	0.2552960671497245
48	33	0.2513281424136236
48	59	0.25049417368328697
48	123	0.24514425270278556
48	102	0.2385254278970595
48	56	0.2351084500468729
48	116	0.22336972532124305
48	82	0.22226731725164847
48	3	0.2221912681203773
48	156	0.22141160879055455
48	142	0.22105020717910812
48	30	0.220488963331536
48	65	0.2119288105427024
48	19	0.20997003562141148
48	35	0.20060227245036372
48	54	0.1988164569512665
48	39	0.19640447360485425
48	127	0.1958467834743509
48	171	0.18817066137669305
48	161	0.18469579197370092
48	140	0.18159346458077066
48	128	0.18006512972074354
48	5	0.17473823688157333
48	41	0.17160510247039554
48	144	0.1686919564112261
48	23	0.16807010182367615
48	165	0.16729259549639172
48	103	0.16556189848212616
48	9	0.16474481006366148
48	1	0.1610846096413192
48	108	0.15763451348205754
48	138	0.15739071603937402
48	100	0.15558602051930456
48	8	0.15548843970238688
48	143	0.15505904808145402
48	148	0.15358500946727735
48	72	0.15269635091473255
48	133	0.15239356460620945
48	159	0.1496476548376831
48	106	0.1474277398799372
48	189	0.14517697100804378
48	42	0.14310101705917286
48	26	0.14215074901646574
48	130	0.135020409580345
48	29	0.12776785560781564
48	99	0.1273743653686108
48	104	0.12695131864245185
48	178	0.11938786886123315
48	89	0.11637039151128327
48	121	0.11632106832773748
48	24	0.11178091173626048
48	27	0.11108960423724627
48	109	0.11028952854848598
48	36	0.106939524091205
48	145	0.10420039759725644
48	10	0.10273624229908178
48	40	0.10065796191775936
48	6	0.09422267171507416
6	108	0.8054015312503902
6	105	0.7373148856250265
6	103	0.7824276260507608
6	9	0.7408992304115061
6	3	0.693490937951293
6	106	0.5506056192781897
6	12	0.5136607838836903
6	1	0.5040195528085655
6	101	0.4394992465969311
6	19	0.3987485542360031
6	102	0.35189067583009515
6	111	0.33056283107877066
6	0	0.3276648612105745
6	13	0.3097058328676906
6	109	0.2879504803828957
6	121	0.27972158648861234
6	113	0.27507866120607
6	112	0.2702096762083991
6	17	0.2660703543922921
6	79	0.2448622606840184
6	126	0.2150879181942832
6	47	0.21208161914855295
6	180	0.20757900402990126
6	11	0.20231962207722698
6	20	0.19623141093757795
6	51	0.19449049174865304
6	58	0.19125548709836426
6	42	0.186366241872298
6	40	0.1857580519416854
6	173	0.1852849168805068
6	33	0.18103253175196266
6	15	0.17930063565563634
6	115	0.1779743544387893
6	144	0.17689930160860842
6	16	0.17333215511201194
6	67	0.17142069163903192
6	8	0.170896511096973
6	94	0.17057613089426607
6	192	0.1703333946021764
6	41	0.16447239694344318
6	168	0.1608703106656398
6	184	0.15984731146257872
6	188	0.15800504878560512
6	120	0.15428794799832268
6	5	0.15330183748582246
6	18	0.1463123307288414
6	93	0.14548042367207575
6	75	0.14489307120578973
6	54	0.14187639601770474
6	157	0.1406611426955844
6	179	0.12592794519885686
6	100	0.12580984635647624
6	122	0.12093519962256224
6	174	0.11913156681161614
6	124	0.11737645883502093
6	92	0.11461413445734965
6	72	0.1107241553658846
6	150	0.10934110565167504
6	65	0.10893598925879447
6	32	0.10625736474675557
6	91	0.10331997955454103
6	95	0.10315179135512678
6	82	0.10186545196476617
6	145	0.10012340420733457
6	49	0.0969950931753346
6	139	0.09691485459700357
6	117	0.09510370522047527
6	55	0.09500659069770816
6	191	0.09413247883196534
108	103	0.7882904313572673
108	9	0.7612369466101534
108	105	0.6336790576027398
108	3	0.618856694312684
108	12	0.6123608908556404
108	106	0.5177786904530866
108	102	0.4879300621610685
108	111	0.4099074691706194
108	109	0.402149092348478
108	101	0.3990933076861128
108	1	0.3948728745163994
108	112	0.3743220275952727
108	113	0.3323608989905446
108	0	0.31338981312145675
108	19	0.3132996316130576
108	17	0.2764368786546084
108	11	0.27249780164460063
108	13	0.2619211969203486
108	58	0.2446366372355599
108	67	0.2391194950881371
108	40	0.2387329002429318
108	157	0.22491783301981966
108	144	0.22476592163936104
108	18	0.22408218530552096
108	168	0.2207458218805892
108	52	0.2137045688064595
108	51	0.2107059691822782
108	115	0.2045915167018961
108	42	0.20249224780745365
108	41	0.19412483883169174
108	121	0.1926809461510374
108	47	0.1826956430816452
108	120	0.1816514853773465
108	33	0.17500967422754446
108	173	0.17212915176946508
108	16	0.1612404539030973
108	36	0.1585217736997113
108	145	0.1581902997588301
108	131	0.15708838056739555
108	119	0.15443437389282727
108	20	0.15153388648254634
108	117	0.1500875476957005
108	124	0.1491490379808283
108	142	0.14540211592515698
108	15	0.14443290708359371
108	189	0.13688529095097718
108	32	0.1366399669564962
108	122	0.13179879046097082
108	79	0.13151381714394786
108	94	0.1295085655438794
108	54	0.12579016286930012
108	180	0.1254260005080199
108	150	0.1158278049758512
108	126	0.11135626418947056
108	8	0.10959798991888388
108	130	0.09978680115834217
105	103	0.6765855592505092
105	3	0.5526509927233095
105	9	0.5268176323861187
105	1	0.4787181491384814
105	12	0.4659933287779735
105	106	0.4516968240626709
105	111	0.4112294480811129
105	102	0.3908560123027303
105	13	0.36248165103157853
105	19	0.317864686969456
105	115	0.2969305689618525
105	75	0.2669621646292859
105	113	0.23816701529221976
105	94	0.2248039005091053
105	180	0.22136405941922044
105	8	0.22104069579002444
105	101	0.21928988622568807
105	109	0.21607004956810866
105	188	0.2151451416869764
105	17	0.2064687204706764
105	184	0.19865317119118145
105	121	0.19374950737155905
105	192	0.1931623367600177
105	120	0.19125548709836426
105	79	0.18813207741421092
105	20	0.18435770952011415
105	15	0.18429008779111766
105	112	0.17393346311251975
105	0	0.16406373022855694
105	58	0.16206824154043353
105	66	0.16149368367552802
105	82	0.1583267933511323
105	189	0.1575467486147507
105	16	0.1511039613533226
105	160	0.1387492025306513
105	73	0.13189705207345045
105	144	0.13123864986596304
105	92	0.1254555284464558
105	18	0.12003841022098925
105	87	0.1195948704410814
105	65	0.11863863365584985
105	126	0.11597578999156358
105	43	0.11331127815182042
105	194	0.11282754266073952
105	33	0.1127781788850201
105	191	0.11177103667494466
105	173	0.11171178584354252
105	76	0.1114648988344129
105	117	0.11106985101136477
105	40	0.10928182259146477
105	54	0.1092324194474001
105	174	0.1079576324451972
105	11	0.10497186571489037
105	90	0.10234044794941384
105	175	0.10124194927311546
105	93	0.09521766383142014
103	12	0.6853744918772874
103	106	0.6026702872708527
103	3	0.7416515829367517
103	9	0.7161322779740731
103	102	0.5913373359375402
103	1	0.5505986509053016
103	111	0.495647849232326
103	101	0.4834907472972003
103	13	0.4348644297580511
103	113	0.4076586509151268
103	0	0.3802056246277688
103	20	0.2972770261033064
103	40	0.29262985619535115
103	19	0.2894079762410656
103	112	0.2821716282520354
103	17	0.28139832663808845
103	157	0.2771201899120508
103	115	0.2620795274076272
103	67	0.2565015923174399
103	58	0.2358074240839773
103	144	0.2347777694434935
103	109	0.22828554238491025
103	51	0.2208599714101322
103	8	0.2120052161414765
103	122	0.20204147640201772
103	41	0.19736570977610604
103	11	0.192767603312826
103	126	0.1925942859837036
103	33	0.18676197133816755
103	124	0.18371040146428844
103	75	0.1812839989879576
103	94	0.1811485964967199
103	100	0.1793296710379074
103	173	0.17782910179281752
103	188	0.17377829925166827
103	119	0.1643848302527144
103	15	0.16249665387212905
103	145	0.16182479821062626
103	10	0.15462959786519795
103	104	0.1529795766740872
103	117	0.1445504017428605
103	168	0.14379640697974153
103	110	0.1436495054232549
103	141	0.14303244982551785
103	18	0.1419253892245276
103	42	0.1412002188799525
103	59	0.13948468735089653
103	49	0.1382391764758788
103	47	0.1311895107227172
103	120	0.1270595443005789
103	150	0.12414624374582993
103	53	0.12229478891179547
103	79	0.11340999308836418
103	54	0.10959798991888388
103	121	0.10879764853682444
103	16	0.10553555104353864
103	52	0.10250866451474368
103	192	0.09816979954577476
103	139	0.09639674065464578
103	184	0.09587362042884702
9	3	0.7710856331757044
9	106	0.5534423114756587
9	101	0.517947008607635
9	109	0.4776922941046454
9	12	0.4464117764817207
9	1	0.4030037830943753
9	11	0.34789772332541913
9	16	0.3234451257093474
9	0	0.3233555844884133
9	102	0.3187723469238292
9	115	0.3113051801342342
9	79	0.305867506620714
9	15	0.29688497667314256
9	112	0.28251213298032835
9	192	0.2652338684005693
9	58	0.26316883065014285
9	17	0.2602438928372623
9	51	0.25855568512464283
9	117	0.2539868465853392
9	188	0.249040868941494
9	184	0.2373933776688296
9	18	0.22389221935961126
9	13	0.21354232675306875
9	93	0.20844006279484398
9	119	0.20679420363636172
9	179	0.20300046156939025
9	19	0.20039111621469452
9	178	0.197586740497334
9	95	0.1935088804391364
9	173	0.1927483464255642
9	111	0.18962678015307385
9	168	0.1895014516452941
9	121	0.18406788982917832
9	99	0.17721895612684666
9	144	0.17672492886346036
9	23	0.17398195004832478
9	41	0.17175068147530964
9	191	0.16688432129512626
9	47	0.16350902105158618
9	124	0.16251612570559387
9	42	0.16213640213901134
9	122	0.16033449690284765
9	67	0.16016886260542415
9	157	0.15708838056739555
9	5	0.15597631340492982
9	94	0.15506880763323672
9	126	0.15291121413469536
9	43	0.1522177400688293
9	120	0.15118213381561146
9	190	0.14947168109516093
9	32	0.141327624665335
9	83	0.1384941986858993
9	75	0.13620815603465586
9	87	0.1319068780921664
9	49	0.1312484776172327
9	142	0.12888908173709385
9	20	0.1276596497962193
9	72	0.12684308996161686
9	55	0.12412655194273603
9	100	0.12313198906964995
9	125	0.12120124209206755
9	113	0.12113226978888912
9	161	0.11991028142085262
9	153	0.11662686280794585
9	149	0.11400223562164273
9	145	0.1115340285852551
9	52	0.11075378747228856
9	180	0.1105562363793041
9	40	0.11037843292556627
9	33	0.1091336115405726
9	89	0.1075820458984036
9	118	0.10690986707792308
9	143	0.10591130361049288
9	156	0.1036266604663404
9	64	0.0951889266777776
9	59	0.0945606334753406
183	175	0.7025256243711604
183	182	0.6638802057148818
183	166	0.6486647207397919
183	170	0.6086410929087048
183	92	0.5921950885122428
183	172	0.5196352840251575
183	199	0.5075618177128931
183	63	0.5026008637746626
183	185	0.4852970015443772
183	167	0.4824019443937824
183	194	0.4711131020464187
183	187	0.4588234626548533
183	196	0.4344102191547823
183	74	0.43157453722638656
183	69	0.4196111643650761
183	195	0.4165083199819136
183	68	0.37779926330913055
183	73	0.3672407851448535
183	79	0.36653981807832303
183	80	0.3626814139957752
183	60	0.3562638098233099
183	90	0.3554690531335101
183	78	0.3280486404816518
183	169	0.3277808989131633
183	91	0.3181882762614177
183	160	0.31392176892787765
183	66	0.3014829335306167
183	147	0.2864457525268859
183	158	0.28022847416314645
183	184	0.2689485115726601
183	181	0.2629175124137107
183	95	0.2588822576934811
183	57	0.257342184278446
183	112	0.24501266158606105
183	93	0.2434516799350281
183	61	0.2327168808236325
183	180	0.2312313660085072
183	88	0.22567722579174626
183	77	0.22307517208505206
183	176	0.220488963331536
183	174	0.21627023636582068
183	171	0.20432322149228666
183	76	0.17590135229268036
183	188	0.1749902867274085
183	50	0.16852678936216414
183	161	0.1662231846265074
183	122	0.15661043542869094
183	55	0.13992590443664968
183	38	0.13269287544213124
183	75	0.1296953741758767
183	11	0.11841186475087236
183	87	0.11778079068859168
183	162	0.10643532902806943
183	4	0.10511032100627553
183	107	0.10031149593466493
92	175	0.6341217035857272
92	63	0.5742560562878335
92	167	0.54502749614708
92	170	0.5398826763708666
92	166	0.5334392032740309
92	68	0.5039524129770311
92	65	0.4608657869544192
92	199	0.4602748807740715
92	172	0.45446244113865003
92	69	0.4542957978203277
92	61	0.4414094650886174
92	79	0.4385628347380681
92	66	0.4230819675121696
92	169	0.4054717263483016
92	195	0.399664845173802
92	158	0.3934285317006424
92	194	0.3685550544923679
92	182	0.3657778017484656
92	185	0.36310688482369774
92	91	0.3505055536078045
92	181	0.3483195570941891
92	90	0.3377051497087907
92	74	0.3338367135463777
92	160	0.3100945364664593
92	86	0.30242810919976404
92	196	0.2973864173648103
92	93	0.2955257060211321
92	60	0.282843366560216
92	113	0.27723097075560715
92	38	0.2482715695231938
92	171	0.2471264225383883
92	42	0.2425577787477249
92	4	0.2400526675233435
92	141	0.2289489562608917
92	57	0.22105020717910812
92	174	0.20622936545396514
92	78	0.20315386311560413
92	114	0.1995367034309144
92	187	0.1988644800746594
92	64	0.19767322531235584
92	100	0.1976251785727185
92	55	0.19376875651953407
92	95	0.18850824626042748
92	73	0.18764008102717444
92	180	0.1857580519416854
92	147	0.17738361204970504
92	67	0.17005179460490624
92	190	0.16971189555312705
92	31	0.16309048778676216
92	112	0.16241876527276575
92	88	0.16093849834969248
92	135	0.15994475478835035
92	32	0.1540243643125679
92	162	0.15351665991742566
92	189	0.15072284355194884
92	80	0.14121982007455974
92	37	0.13589407920759872
92	62	0.13465713673777185
92	12	0.12669550053003945
92	122	0.12423485564943025
92	75	0.12252134265180112
92	40	0.1214475621880893
92	50	0.11860905580434833
92	13	0.1163309330103531
92	139	0.11271894161930887
92	99	0.10806634912016694
92	131	0.1076512352044817
92	36	0.10668249032643036
92	83	0.10533777442218953
92	184	0.1014102038871526
92	130	0.10058867067141326
92	176	0.09974719929652097
92	33	0.09776472496363386
92	165	0.0954277375101521
63	74	0.6195904031405777
63	167	0.5909730360512415
63	68	0.5483997949679009
63	169	0.52338460995923
63	185	0.4937823661804649
63	166	0.49332095808357596
63	170	0.4886535546221
63	199	0.4649514929031591
63	175	0.4386112932212838
63	61	0.3992362211590476
63	65	0.3881754586744865
63	79	0.3826836720757079
63	69	0.38065891839455107
63	31	0.3778764147801209
63	182	0.3772333255831553
63	160	0.37503550866825297
63	172	0.3654226037938258
63	90	0.35821793755967946
63	187	0.3446501801831084
63	57	0.3423304841432752
63	66	0.3341299037421772
63	181	0.3292439090238093
63	91	0.3232481273793887
63	60	0.31955372427181844
63	55	0.2854908016037826
63	78	0.2793436232707963
63	133	0.27459793998692383
63	195	0.2709881681801464
63	86	0.26137158765197804
63	158	0.24119260926263314
63	135	0.23957199761253395
63	116	0.23627012406476744
63	20	0.23225336500727525
63	29	0.22837085034597066
63	99	0.2228851161147126
63	131	0.22159228679848444
63	174	0.22021304415755824
63	194	0.21615584613548205
63	95	0.2140099336278488
63	88	0.2132464432764643
63	93	0.2096928040987916
63	73	0.20750244988221492
63	132	0.18890364618129987
63	107	0.18865291186490735
63	75	0.18686813235305366
63	129	0.18327555282506536
63	64	0.18058757020686453
63	171	0.1786520974838881
63	76	0.16711762785579046
63	100	0.1643848302527144
63	190	0.16177610717996174
63	162	0.16158133518243845
63	77	0.1610066844973992
63	83	0.15881422103733564
63	163	0.15675675296609287
63	38	0.1526279823163605
63	127	0.1516902086881142
63	134	0.15031235888866953
63	121	0.14715381436229033
63	147	0.1460187400403047
63	30	0.14420769760507235
63	7	0.14314999281365387
63	80	0.1424642685569696
63	26	0.14181760325200182
63	4	0.14142562593023042
63	196	0.14006316065073246
63	23	0.13585481768223387
63	25	0.12963638297029928
63	42	0.1271185752028138
63	128	0.11895411762780675
63	142	0.108125648035454
63	148	0.10494219619424308
63	39	0.10222170331977276
63	143	0.10026199880626044
63	87	0.1001333039504616
63	32	0.0965849716618525
185	190	0.4173179796403283
185	74	0.5494827229711018
185	79	0.5191533325521496
185	166	0.4813423817576058
185	116	0.4794501035254294
185	167	0.4791728097405736
185	160	0.4705916423897034
185	199	0.4673231194216839
185	187	0.4496328518014657
185	170	0.4490342773357048
185	75	0.4153836152705038
185	182	0.4051374350762139
185	194	0.4009160984629074
185	169	0.3938510555441863
185	175	0.3902458339581136
185	90	0.3810180024551415
185	95	0.3619343036666863
185	195	0.3559581950937419
185	16	0.3372355094219087
185	87	0.33278780824329995
185	162	0.3253778002784624
185	68	0.3074167158894057
185	99	0.302800563264151
185	77	0.2969305689618525
185	172	0.2860509859298847
185	29	0.28456285439749823
185	181	0.2817297864392008
185	188	0.2813430768064162
185	118	0.2690134470189223
185	83	0.26494565290353683
185	133	0.26223784378717346
185	23	0.25977769565550685
185	80	0.2567538107157648
185	78	0.25564191931460023
185	57	0.2556138796832928
185	88	0.24839355254507714
185	184	0.2477178553548843
185	66	0.2444485974546387
185	69	0.23398391437627064
185	93	0.2339555566313871
185	196	0.22336972532124305
185	148	0.21816633991995732
185	91	0.21426755266771288
185	73	0.21343734032318173
185	147	0.2042369772246616
185	31	0.20281828429059434
185	131	0.18724448622327336
185	22	0.16921654180670942
185	76	0.16491019148537878
185	55	0.16150342285770086
185	15	0.1577125246069242
185	191	0.15583971642844532
185	163	0.15532254535022358
185	101	0.15453198738743004
185	128	0.14786792992460515
185	109	0.14462872925142006
185	58	0.14096499591365536
185	65	0.1402494283306308
185	106	0.13853343124281636
185	132	0.138101849228803
185	7	0.1330563428429158
185	42	0.1323490220764774
185	100	0.12958722293128322
185	121	0.1290070864239386
185	30	0.12801376659158106
185	143	0.12141800456571801
185	192	0.11884567271827867
185	61	0.11850060188168092
185	43	0.11848088268280176
185	129	0.11650849337092267
185	21	0.11644930741099535
185	28	0.10988449740604084
185	20	0.1069988375468479
185	158	0.1054959963866842
185	115	0.10493230631251016
185	127	0.102211807802424
185	117	0.10200399726820124
185	26	0.10196441329933176
185	159	0.09997490568263216
185	64	0.0988808297177256
185	84	0.09787862451929907
185	112	0.09635017718330303
185	135	0.09427222758597527
175	170	0.6466444337953888
175	172	0.6389693439745422
175	166	0.5821574558282299
175	182	0.578649505054712
175	196	0.5183859106959172
175	194	0.5139404672661798
175	199	0.512009905321724
175	167	0.4960173827277749
175	69	0.4822714946751878
175	66	0.4810119402941597
175	68	0.4594627045771005
175	174	0.4471161301426671
175	195	0.4409342983616921
175	60	0.4360556799961959
175	91	0.4182507450251488
175	187	0.40347272646567606
175	160	0.400655893584524
175	180	0.3990680856481893
175	80	0.3926929439354885
175	79	0.3701958211899813
175	147	0.3286910051917292
175	74	0.3273256174060427
175	78	0.3270041506807157
175	171	0.32103445313211265
175	61	0.3043801919711689
175	38	0.2994451587738348
175	169	0.2978785813931417
175	73	0.2929955604763557
175	50	0.2880421861940015
175	76	0.2836251780967477
175	158	0.2754391118931592
175	90	0.27009843419418683
175	88	0.26263822807896664
175	173	0.2565015923174399
175	184	0.2512250878068503
175	181	0.2477835587259538
175	150	0.2301330947293538
175	176	0.22380672913251845
175	93	0.21810919496511205
175	135	0.2045915167018961
175	122	0.2026648609542051
175	4	0.20233880333502
175	112	0.18205759551975406
175	40	0.17947484326212831
175	189	0.1748448761517507
175	131	0.17218737346140287
175	75	0.1706926369629566
175	141	0.16914854539805374
175	95	0.16573695932962115
175	65	0.15442461237751084
175	77	0.1421801426860436
175	57	0.13711097419761062
175	86	0.13488295925457958
175	130	0.1332429743643231
175	188	0.12968554237202648
175	162	0.12419547282571684
175	129	0.11433780378852786
175	133	0.1058124242840019
175	145	0.10412126555560676
175	165	0.1027956086489371
175	28	0.10100440348952301
175	62	0.0975904041636617
175	31	0.0975478135121014
175	67	0.09460523090843506
182	196	0.5670269653350797
182	80	0.5487982472423766
182	187	0.5220109832478953
182	199	0.5086893660696045
182	195	0.4943039518809585
182	194	0.4825784011360939
182	60	0.4576858591365687
182	78	0.45581028712539395
182	88	0.43913609661407055
182	167	0.4317860867726689
182	90	0.42739080750577024
182	79	0.4117444687157369
182	166	0.406841186459449
182	73	0.3640961697535275
182	147	0.3631329291416897
182	93	0.3596379454182597
182	184	0.3582702372300885
182	181	0.350066903841324
182	91	0.3465961827095766
182	74	0.34656978630253377
182	174	0.34064321617913795
182	69	0.3392546540504681
182	95	0.3342276194431286
182	68	0.3328678385508255
182	76	0.33030449513883164
182	170	0.3294311317504071
182	50	0.3287445218696243
182	77	0.3126591804849818
182	87	0.3086838626505109
182	172	0.30029153214349075
182	122	0.2994360554206067
182	188	0.2849028574569555
182	66	0.2787257897454892
182	38	0.2661353976404162
182	180	0.2319222176712131
182	57	0.2298679067958596
182	135	0.20675591387336445
182	31	0.1996423214737123
182	160	0.199258233644732
182	131	0.19224761528387094
182	162	0.19199721215111945
182	112	0.19134219352613188
182	11	0.17758699683189555
182	191	0.17563000249515534
182	94	0.14781902280929116
182	7	0.14263081419028026
182	109	0.12062972202999707
182	99	0.11644930741099535
182	121	0.11478189799899215
182	179	0.11405158551481535
182	55	0.11093157597377436
182	75	0.10862965770916716
182	61	0.10130133391637362
166	167	0.5725377452066939
166	172	0.5507310368681853
166	170	0.5505498701464844
166	61	0.5311243431492904
166	199	0.4942963952075742
166	169	0.4909718063225372
166	79	0.4392410213570926
166	158	0.3743392251269153
166	181	0.3490837712483845
166	69	0.3469216932529276
166	195	0.34122650000945537
166	68	0.34009504391250744
166	62	0.3390157074735448
166	74	0.3070907016368814
166	160	0.3053235398158916
166	147	0.2880055045034271
166	196	0.2833400904448005
166	194	0.2821164045668157
166	190	0.2772125077934625
166	135	0.2743760223329081
166	141	0.2690691040264259
166	31	0.2655685107912734
166	95	0.2633177431252645
166	112	0.2587049827803179
166	140	0.2497160923757189
166	176	0.2474174680769997
166	165	0.24660994169842665
166	32	0.2391194950881371
166	65	0.2376198394141744
166	42	0.2312597617731802
166	171	0.2293942720258999
166	93	0.22571518824062595
166	113	0.21893765024235426
166	187	0.2120338675728902
166	100	0.20070784358049065
166	114	0.1991141849169294
166	60	0.19828813962449507
166	83	0.17950387676921514
166	91	0.1784971997090696
166	57	0.17742235317696978
166	139	0.16632041999519526
166	146	0.1661648418535285
166	11	0.16612594602521122
166	29	0.16608704967996202
166	133	0.16415130641351178
166	137	0.1619903418197874
166	148	0.16054883376576182
166	64	0.15749798927959752
166	23	0.15734195424755676
166	55	0.15724442836244718
166	75	0.14932502907572967
166	78	0.1379056582367032
166	150	0.13361620904633378
166	25	0.12949873325583158
166	99	0.12513070891018646
166	116	0.11859919647373578
166	38	0.11539368595470133
166	80	0.10555532824674137
166	189	0.10397288942504417
166	67	0.10124194927311546
166	127	0.10037089183333517
166	40	0.10002440568606467
12	111	0.5973327669050488
12	113	0.5807608367708464
12	102	0.5959094324908814
12	13	0.5064176575482418
12	106	0.4792113284886049
12	112	0.4743279505350089
12	3	0.4736146274994178
12	1	0.44614750110583257
12	67	0.3861266852575853
12	11	0.3562376172604397
12	40	0.3558184601344304
12	141	0.34431527416131474
12	157	0.34401554710738635
12	58	0.3311683900522397
12	0	0.33040249046137793
12	144	0.3298767958701676
12	142	0.3238658918416381
12	101	0.32308692608502043
12	20	0.3070544733798476
12	173	0.2994360554206067
12	36	0.28856480839958754
12	37	0.28449852143739657
12	52	0.2761505435040089
12	145	0.27579024577651906
12	100	0.2711549418177696
12	114	0.2677328405852211
12	176	0.2651501978139358
12	156	0.2587049827803179
12	171	0.2526579714365507
12	71	0.25096274129198715
12	32	0.2426895374739452
12	139	0.24047669031277796
12	130	0.23043612480587786
12	124	0.22913846405592794
12	38	0.2250032783671076
12	104	0.22393971244161065
12	126	0.2178996506703187
12	10	0.21743286619501515
12	41	0.21530726689229945
12	110	0.2129505206776935
12	168	0.20988400186326506
12	47	0.2025497869216858
12	8	0.20222371346007487
12	75	0.19430767203984325
12	23	0.18828640977874667
12	158	0.1851014332184117
12	150	0.1809358072790127
12	51	0.17991031301388088
12	134	0.17774194648521532
12	28	0.17749983378174866
12	33	0.17728675682655734
12	109	0.17027513481475007
12	35	0.1696050617931765
12	125	0.1674578330373607
12	61	0.1667287732033586
12	19	0.1642680706347437
12	128	0.16353821885235534
12	170	0.1620390293818589
12	42	0.15433675738320216
12	188	0.1540438897823213
12	17	0.15170974843044358
12	53	0.14735926061904112
12	65	0.14633190252560438
12	21	0.1459208707588003
12	24	0.14513781383479232
12	122	0.14505949812443406
12	131	0.14423707360217472
12	148	0.14234670207578906
12	120	0.14065134053736755
12	79	0.13554071012766356
12	127	0.1334787059358467
12	146	0.12995099211905445
12	143	0.1282596618358549
12	43	0.12633142262709784
12	39	0.1256326914077181
12	95	0.11986100004920608
12	119	0.11963429813512495
12	133	0.11722852281646287
12	59	0.11184016164047517
12	34	0.11003268377200626
12	190	0.1092324194474001
12	83	0.1073151631047856
12	115	0.10700872304875783
12	140	0.1017466957021134
12	18	0.10162793653949152
12	64	0.09872635261338993
12	129	0.0940512048005372
106	101	0.5383717793376427
106	3	0.5899504092030464
106	112	0.468549345025989
106	0	0.4604797744783974
106	11	0.4164835240475081
106	113	0.40301215894012815
106	1	0.3652059674272236
106	109	0.3551981943515909
106	115	0.3518643903640468
106	75	0.3499265034725449
106	15	0.32627163843250995
106	58	0.31557948328097496
106	117	0.2992630813524447
106	102	0.29646546412823715
106	168	0.2944392536322628
106	99	0.28982023188418576
106	5	0.2761413060697268
106	156	0.2755869667032002
106	148	0.27346030327284865
106	47	0.27170147456781185
106	23	0.2649270567289796
106	16	0.2517028383909145
106	51	0.24953793196894425
106	188	0.24327293272596845
106	33	0.24230364736521195
106	20	0.23369086515570675
106	13	0.22203916174774266
106	192	0.22152572298600107
106	111	0.2210692298311245
106	52	0.21772819039356345
106	124	0.2162035094528161
106	79	0.2141244346565733
106	179	0.21214846965307765
106	59	0.2113747925216738
106	43	0.21072508116162653
106	121	0.2082009121526271
106	67	0.2047831373208092
106	100	0.2036140078935667
106	17	0.20111089045287128
106	95	0.1957890841541624
106	93	0.19147706425544286
106	64	0.19135182738934767
106	82	0.18881685631886988
106	18	0.18494691064984714
106	153	0.18472476843707014
106	118	0.1842514460197448
106	122	0.1834205103496631
106	149	0.18159346458077066
106	125	0.17920384879235898
106	189	0.17882634689565371
106	38	0.1784391107620347
106	191	0.1687793939556349
106	163	0.16061702868428576
106	116	0.15921385399102084
106	42	0.15712739325186476
106	190	0.15643484530985058
106	65	0.15432699556648324
106	180	0.14789727384668458
106	142	0.14686029768699074
106	41	0.14634168838102726
106	157	0.14521612772652026
106	133	0.13929837905140002
106	184	0.13572721477843508
106	25	0.13468659264243532
106	150	0.12964621490163528
106	49	0.1282596618358549
106	55	0.12816130562875486
106	71	0.12637078404303978
106	170	0.12461881764964285
106	173	0.12063957650281094
106	134	0.12022566819610105
106	44	0.11879637864009655
106	77	0.11754411335840274
106	19	0.11281766995014453
106	32	0.10828377471357464
106	29	0.10754250868414887
106	181	0.10644521573275348
106	147	0.10639578199889307
106	53	0.10632657388793444
106	160	0.10317157850846134
106	40	0.10293412728335503
106	27	0.10065796191775936
106	10	0.09950562110062784
106	139	0.09900658640566626
106	178	0.09875705036575537
10	110	0.7715312246887882
10	114	0.6446208784624836
10	13	0.6270865661747315
10	111	0.5206419327784485
10	104	0.5127694857056083
10	1	0.5036315497207422
10	141	0.503564374702501
10	37	0.4975689666484875
10	113	0.4890797198731302
10	102	0.4758455631641919
10	8	0.4606452297355495
10	100	0.4527866278548148
10	138	0.43408564766862695
10	140	0.4322497022602141
10	0	0.4033136444181799
10	40	0.3620385795644424
10	24	0.3475724636177117
10	139	0.3379620515592757
10	2	0.3370316510048226
10	146	0.3138947250795064
10	36	0.30898238794026434
10	126	0.30808662964200256
10	158	0.3068642604318597
10	144	0.3060850374644038
10	137	0.3006736104305809
10	134	0.2980608242036153
10	35	0.2965475516783365
10	168	0.2752542750542369
10	101	0.2750509310253345
10	127	0.273895100505326
10	181	0.27178482857710473
10	30	0.27053409086996816
10	107	0.26085908733825125
10	123	0.253331886769258
10	4	0.2510189615075179
10	136	0.23856315176192516
10	157	0.21483993266307508
10	145	0.20948246803473405
10	23	0.2090713006720614
10	135	0.2087365749752592
10	20	0.20746417185519234
10	53	0.2026648609542051
10	22	0.18550701139681736
10	34	0.18490827857846284
10	55	0.183082263728262
10	190	0.17912641680398916
10	54	0.17528108497248934
10	153	0.16639820596146912
10	72	0.16151316200841553
10	33	0.15045896651124413
10	169	0.15015597013769566
10	83	0.1349811385887107
10	19	0.13334119768621722
10	65	0.12695131864245185
10	47	0.12552442610501854
10	7	0.12401824527846092
10	25	0.1204720472328738
10	148	0.12039320755433695
10	160	0.12017639061048525
10	26	0.11485097520197488
10	170	0.11220551846297364
10	124	0.1113957680047866
10	150	0.1091928965435922
10	3	0.10914349242833724
10	58	0.10840236612691834
10	62	0.10678135115605464
10	27	0.09656713954667427
110	104	0.6797558336403512
110	111	0.6552078222237996
110	8	0.5389467546960275
110	24	0.4339557875063878
110	114	0.6436554870516353
110	13	0.6291874518970977
110	102	0.531002287951504
110	141	0.5095857084266765
110	37	0.5005277059479041
110	113	0.4561983965324986
110	107	0.3896183488063675
110	140	0.3702303388809896
110	138	0.36777704618279744
110	1	0.3658730806404542
110	100	0.3613084581209756
110	4	0.3555214705206175
110	2	0.3259588613413947
110	40	0.31567852489734083
110	139	0.30662872472034514
110	34	0.3045162886611881
110	134	0.2877945683837146
110	54	0.2809562757724511
110	36	0.2731642071443727
110	55	0.27243299826222506
110	144	0.2723311593820055
110	127	0.26694358990606026
110	181	0.26608893842472675
110	136	0.26450859072431515
110	146	0.2615485989890605
110	126	0.2585183587803175
110	158	0.2563147413477893
110	123	0.24751134421367624
110	135	0.2303035546429565
110	35	0.20671762347703115
110	0	0.20439988040076015
110	101	0.20221412238498265
110	30	0.19978633860136652
110	145	0.19429804957586047
110	22	0.19343187490214492
110	190	0.19044608332981988
110	157	0.18424178548789907
110	53	0.18138071084557505
110	83	0.17652147997310924
110	129	0.17245905877804185
110	20	0.16714678986053094
110	26	0.16526038034670218
110	7	0.15895068692831016
110	23	0.15720541714950614
110	137	0.14706576207843472
110	153	0.14328712119570622
110	58	0.13006896380758132
110	39	0.12274788362363932
110	33	0.1071273474209103
110	19	0.10307264192550801
110	168	0.09524540989814108
110	51	0.09516018936547804
114	141	0.6991521461359346
114	139	0.6487226403905622
114	181	0.5514551849818621
114	13	0.6315197178819452
114	140	0.6115852847813448
114	37	0.5668776810223491
114	36	0.5583413504190144
114	113	0.5395637618999247
114	100	0.4846775238445775
114	32	0.476448724552781
114	104	0.4719685160945476
114	35	0.4681668310950182
114	111	0.4661107481022298
114	2	0.4360475814064424
114	146	0.43023905398550905
114	135	0.4101320777906125
114	134	0.403188036104556
114	40	0.3860245717846751
114	144	0.38499439921813183
114	145	0.3788275179069446
114	102	0.3778078359539094
114	138	0.3718515160309753
114	8	0.3385996590875785
114	30	0.3222716771166831
114	127	0.3166505679524754
114	62	0.3109709986961073
114	158	0.29057117672310434
114	137	0.2825305366142353
114	1	0.27542062912543136
114	4	0.27393209935891083
114	61	0.27305315774682704
114	24	0.2576129588132147
114	142	0.25605311780745177
114	190	0.2459805848352485
114	22	0.24419471458578945
114	169	0.2384499780078633
114	34	0.2259903954881601
114	123	0.19525049184285126
114	101	0.19458670722189472
114	83	0.19357625832827435
114	176	0.1890868595316252
114	79	0.18547804362115267
114	107	0.1846668151892201
114	199	0.17439890285030885
114	33	0.1699352623410249
114	0	0.16779799834225395
114	38	0.16585366075928967
114	165	0.1592041074660164
114	23	0.15773202708059758
114	161	0.15361430168164925
114	57	0.15249124073750914
114	65	0.15116259087727488
114	171	0.14159222171796634
114	67	0.14063173613821436
114	170	0.14044548884811214
114	126	0.1380528024962097
114	167	0.1372189046332291
114	55	0.1356585036571077
114	160	0.13006896380758132
114	26	0.12770883463292304
114	11	0.12336834332363154
114	173	0.1198511437039858
114	54	0.11874708397631513
114	136	0.11296575826898908
114	99	0.11261033788473812
114	58	0.11113898691790153
114	148	0.11033892008707097
114	168	0.10504109386960526
114	112	0.1038838615247568
114	42	0.10267687521733287
114	153	0.09683065226513607
104	111	0.5425201574541814
104	8	0.53562488312072
104	102	0.5288303411201484
104	141	0.5122533533118799
104	13	0.5075840888038038
104	4	0.4980127671352183
104	107	0.4912373920133009
104	134	0.4832991649698014
104	113	0.4450575451616328
104	37	0.4284690835326725
104	24	0.4154001642620612
104	127	0.40250110883643264
104	138	0.3876232615465276
104	158	0.3272273994966018
104	123	0.3254493287593743
104	140	0.3189430295803412
104	55	0.3125509071147589
104	40	0.311846932329958
104	34	0.30722654967335744
104	23	0.3057677943087297
104	2	0.3014920245836163
104	146	0.2982794868962872
104	100	0.28789545436102465
104	58	0.26676712014500065
104	126	0.2651873852344098
104	144	0.2638667493913695
104	54	0.26133431986664163
104	136	0.25850902707361195
104	142	0.25012860944796306
104	22	0.2446742429841789
104	190	0.23090005298916824
104	135	0.22336972532124305
104	35	0.22135454941863705
104	20	0.21761387607516525
104	1	0.21383817105840694
104	36	0.2040740627360805
104	128	0.20368110483063107
104	173	0.2029237570588616
104	33	0.20179207670360444
104	129	0.2017153330682452
104	171	0.19340299721128448
104	139	0.1914866976023355
104	181	0.1889615044501997
104	26	0.1875436000971278
104	169	0.18144840705859067
104	143	0.1811582683310591
104	153	0.17642459424648016
104	39	0.17600794668830833
104	160	0.1727404194816089
104	122	0.1594380154966566
104	83	0.15808305055182956
104	30	0.1579952984261538
104	133	0.1550395288870919
104	132	0.15003867364257056
104	145	0.14864056621733582
104	150	0.1480342087059634
104	112	0.14548042367207575
104	38	0.14350259753593114
104	125	0.1418078043604315
104	157	0.13991610021551867
104	170	0.136777350460228
104	130	0.13137623603548632
104	67	0.12977402768842256
104	101	0.12461881764964285
104	161	0.12376223596581708
104	71	0.1179188462871963
104	168	0.11519634454349363
104	18	0.11181053678773926
104	137	0.10632657388793444
104	19	0.10580253623623076
104	77	0.10109348450944353
104	25	0.09950760129749647
104	53	0.09601035015731724
104	73	0.09574382291879824
104	32	0.09566752820621477
111	102	0.7155569496866132
111	13	0.6828422035129924
111	113	0.5018605772205236
111	1	0.479919743948917
111	8	0.4762786474734314
111	37	0.436622405727609
111	141	0.4193062642472033
111	40	0.3856160233009804
111	36	0.31286668173405113
111	144	0.3030003785501625
111	20	0.2973317227098231
111	126	0.28923388049564325
111	157	0.28532546400874703
111	100	0.2830089580612639
111	134	0.2734417987823956
111	54	0.24689167590743424
111	3	0.24342345779052865
111	138	0.2428212872470597
111	24	0.2405237982943909
111	101	0.2335301427136405
111	4	0.2328871254040205
111	58	0.22935637654748145
111	55	0.22752709546382846
111	146	0.22691065395996035
111	34	0.2255728255236099
111	145	0.22163032233566607
111	0	0.2205079909399669
111	140	0.21160405785395373
111	19	0.21027590708626667
111	107	0.2069186409908352
111	35	0.19728882482018534
111	123	0.19477912693354005
111	129	0.18361377464063586
111	53	0.18321756758319413
111	136	0.17812928204643064
111	158	0.1749902867274085
111	67	0.1727986285230845
111	142	0.17070234558662126
111	127	0.16722455377657708
111	112	0.16058780247836485
111	17	0.1603539826973422
111	39	0.1591651210556787
111	51	0.15779053376328273
111	139	0.15690306362277792
111	83	0.15067397905251825
111	124	0.1461557522323789
111	130	0.1418372009517614
111	181	0.13788603854200396
111	28	0.13174965868329466
111	173	0.12781703906232508
111	23	0.12573111181359298
111	38	0.12254104237393765
111	190	0.11904284317029395
111	94	0.11168216012995806
111	119	0.11021050095378987
111	168	0.1005985694806492
111	47	0.09610546435357374
111	33	0.0945527050030502
8	107	0.6253785585150823
8	4	0.5990281204773065
8	13	0.4534938786600535
8	102	0.4387082025361713
8	134	0.37079973313314935
8	141	0.34343352386315656
8	158	0.31584958057864204
8	113	0.3021827841190945
8	20	0.29701263166995706
8	40	0.2924012475338681
8	37	0.28374471606714263
8	126	0.28131545119106216
8	146	0.2783199227453996
8	19	0.27780322097517224
8	138	0.2714513880843413
8	24	0.2711271473417537
8	23	0.2628058039640341
8	160	0.2620236476697193
8	173	0.2599268919407894
8	136	0.2593393598609929
8	65	0.2581357192589771
8	55	0.2569592961511828
8	67	0.24860934936059065
8	1	0.24821526701089655
8	22	0.21899477347021865
8	129	0.2186805771497642
8	127	0.21837585861898076
8	30	0.2091764900635439
8	100	0.20485020083002325
8	64	0.20424656007766087
8	140	0.19819206953849106
8	123	0.19178531304853416
8	2	0.1914192633994281
8	171	0.1808003871368579
8	17	0.17035281426671112
8	54	0.17023629429508924
8	169	0.16284712749619665
8	58	0.16127941371244162
8	77	0.1606267706903391
8	139	0.15525423336412433
8	33	0.15522495634408098
8	157	0.14581321125021746
8	137	0.14444269846080493
8	26	0.14352218561979976
8	34	0.14297367681810372
8	119	0.14049450225711882
8	128	0.13870016475755473
8	71	0.13742494459712332
8	36	0.13708153805911627
8	133	0.13046217615458258
8	153	0.12862355785005655
8	142	0.1271087367816293
8	56	0.12394932131698685
8	25	0.1204621923561434
8	3	0.11808647909994725
8	35	0.11792870722702498
8	170	0.1133408928677684
8	18	0.11203765557594003
8	72	0.11107972763527643
8	53	0.11010183573586013
8	181	0.11001292587235856
8	7	0.10659351377620582
8	32	0.09839064558735412
8	135	0.09836192624627146
8	120	0.09568140005577133
24	34	0.4555488096000077
24	39	0.3914912496521053
24	37	0.376752914936188
24	138	0.3673359460629328
24	127	0.3497070964224885
24	123	0.3460593479140385
24	23	0.32868208554018025
24	2	0.3278701519555524
24	113	0.3185657034129661
24	126	0.28572959257409114
24	142	0.2814811978874387
24	33	0.27755403944088824
24	36	0.2768709060779882
24	38	0.275402146154081
24	107	0.2749030290000474
24	22	0.27037652570297355
24	134	0.2668135612906939
24	4	0.26175353750613084
24	130	0.25407103882193555
24	26	0.2493034846428261
24	58	0.24890016688962555
24	143	0.2469198470337803
24	55	0.2459899797476573
24	158	0.24542620324737036
24	7	0.2415128038751604
24	141	0.2413432956262753
24	139	0.24096655791165675
24	133	0.2345604354497678
24	173	0.2317045772861148
24	135	0.2258480514127965
24	35	0.2255348605050597
24	144	0.21816633991995732
24	132	0.21258772354839545
24	100	0.2115658485816567
24	136	0.20364276395797765
24	146	0.20332642793486488
24	41	0.1967217233745845
24	27	0.18622144768208804
24	13	0.1858256356390096
24	102	0.18362343748271087
24	44	0.18240564050508348
24	18	0.1809358072790127
24	145	0.1779743544387893
24	125	0.17668617785756954
24	129	0.1759691855673303
24	62	0.17391406810204535
24	181	0.1728665375459312
24	29	0.17144010387140576
24	157	0.1658342108435112
24	153	0.16555217257344634
24	140	0.16186375046785514
24	28	0.15149480474642898
24	25	0.14778967819307434
24	54	0.14259162770869946
24	53	0.14064153835157694
24	128	0.14064153835157694
24	20	0.14027883810981642
24	137	0.13470622977997074
24	149	0.1292037527813761
24	150	0.12708905986422908
24	190	0.12470741896920425
24	156	0.1195948704410814
24	30	0.11776106808842855
24	40	0.11731728505234075
24	199	0.11525554792235405
24	171	0.11183028671164892
24	124	0.10963750927683737
24	61	0.0967048414929081
3	1	0.5006551053489471
3	101	0.4685025160188666
3	115	0.3949319581620739
3	0	0.3787333001128879
3	102	0.346939286037634
3	109	0.3255297938483961
3	15	0.30884670217001353
3	17	0.28972862880632955
3	13	0.28592243630599723
3	157	0.2562306521604165
3	188	0.2526766946209264
3	192	0.2387423302864423
3	119	0.2369214995056577
3	27	0.2351556856923944
3	144	0.2313544114762563
3	124	0.2270529258497101
3	117	0.22448105835549845
3	58	0.22424364297302066
3	19	0.22294213468562968
3	18	0.2222007744096585
3	16	0.22163983111459373
3	41	0.22088850784723785
3	51	0.22086948359785352
3	43	0.21402901754112946
3	113	0.2127595821329982
3	67	0.2107346370908912
3	49	0.20398780931220287
3	11	0.2031730376078521
3	126	0.20294293342000871
3	20	0.20187841033164167
3	5	0.2014467108445698
3	23	0.20095735680825674
3	173	0.19321047071067712
3	53	0.1892025664447773
3	168	0.1820092523281364
3	40	0.17946516535695287
3	153	0.17118773447226712
3	100	0.16225324527955953
3	75	0.1605585759908402
3	47	0.15924309337981354
3	149	0.15485409050531854
3	42	0.15256937949782418
3	112	0.14430561660667374
3	150	0.1413668255038079
3	54	0.13931799091599126
3	125	0.13322332938577894
3	184	0.1311993386029465
3	55	0.12863339239721033
3	179	0.12043262758350275
3	78	0.11937801138409715
3	148	0.11773148401399655
3	120	0.11771176118160577
3	180	0.11752438964440895
3	116	0.1121265249603315
3	190	0.1086593036004696
3	79	0.10668249032643036
3	94	0.101489380522282
3	121	0.09778552420415837
3	118	0.09612230730962948
3	33	0.09550998102294717
199	170	0.5829370093374217
199	79	0.5112052045603541
199	38	0.4730714650841359
199	167	0.4462436102487797
199	195	0.4345319043888972
199	181	0.4343534272846026
199	95	0.4267203562693097
199	196	0.4261803838455652
199	160	0.4062819323328016
199	61	0.4049033667055345
199	74	0.3949657187786669
199	187	0.3797778214953397
199	69	0.3752073654489302
199	66	0.3689265874732927
199	194	0.3499265034725449
199	112	0.34730867810549065
199	172	0.3266200773364109
199	11	0.32461758031263044
199	32	0.3059037639798325
199	190	0.29007669225110416
199	68	0.28677618001788224
199	169	0.2781169519561624
199	90	0.2679556228561297
199	93	0.2662097298136737
199	135	0.2620050206999464
199	133	0.2560998390492999
199	147	0.25133751073172633
199	131	0.25012860944796306
199	139	0.2477835587259538
199	4	0.23209252873485925
199	141	0.231960065803478
199	57	0.23172350345818396
199	174	0.21917565378673828
199	129	0.21821395957287365
199	188	0.2078851951868837
199	158	0.20509927702110786
199	176	0.2044190447361917
199	80	0.2040740627360805
199	55	0.20288540386961826
199	91	0.2024251170737511
199	142	0.1984706622904036
199	73	0.1983073531845698
199	132	0.1936147591594284
199	23	0.18975210248193916
199	36	0.18612491372749815
199	29	0.18129367033154176
199	121	0.17969742548973033
199	50	0.17852624371602355
199	130	0.1753489334977867
199	78	0.17281803126870612
199	83	0.16957592462124044
199	87	0.1689542610741441
199	31	0.1662231846265074
199	88	0.16578558548963868
199	62	0.15882396880228644
199	26	0.15770277332394975
199	76	0.15739071603937402
199	107	0.15232518954282406
199	162	0.14563703369676104
199	22	0.13715022200556767
199	71	0.13222129699391305
199	113	0.12739404083390612
199	28	0.12559332255282452
199	99	0.1206691397785845
199	65	0.12056074005470895
199	60	0.12022566819610105
199	127	0.11717920965378655
199	191	0.11707071866219568
199	173	0.11397262541567453
199	75	0.11171178584354252
199	77	0.10881741175525143
199	37	0.10463560021786733
199	109	0.10361676784093693
199	33	0.10274613674156144
199	116	0.09980660197070863
199	184	0.09518595385972398
196	194	0.4102235707472463
196	80	0.4067994615982642
196	180	0.3842190086035763
196	66	0.3776878130328365
196	38	0.3737543646421504
196	170	0.3699714312832709
196	174	0.36904752627027504
196	187	0.3598207703230349
196	91	0.35533799988384696
196	88	0.3466137800093138
196	195	0.3402453722310416
196	50	0.3353641462333236
196	73	0.3288337116411961
196	87	0.3270488033648697
196	76	0.30487008185996856
196	79	0.2931418181948962
196	69	0.2901408008351339
196	60	0.2838734394039168
196	131	0.28222685006738
196	160	0.2630199056339742
196	167	0.2523771009708873
196	28	0.2522179221571819
196	93	0.2504754285359995
196	112	0.2504191919673323
196	95	0.2237307349281998
196	184	0.21339916221718652
196	78	0.21293142755486336
196	145	0.20229084989948465
196	188	0.19662559142742547
196	181	0.19615449027153306
196	11	0.19527934799118032
196	74	0.1930853205051182
196	172	0.19211278593624648
196	90	0.19149633091233512
196	162	0.1879102083638326
196	176	0.1854394194188022
196	122	0.18292762225809064
196	191	0.18179653183475208
196	173	0.1809841699531277
196	179	0.1753683184848318
196	94	0.17114890641602973
196	147	0.1513677858334553
196	133	0.14890459023001687
196	130	0.1482004791184501
196	77	0.14145502576925478
196	132	0.13437238406389784
196	129	0.12366376645656978
196	68	0.12030451110071412
196	142	0.11903298487054376
196	25	0.1157291454414689
196	83	0.10533777442218953
196	57	0.103686015788136
196	39	0.10247897966425296
196	37	0.09779047639169333
196	40	0.09655723278923233
196	109	0.09495109587264068
88	90	0.6561256845545158
88	50	0.6065214579322848
88	80	0.5678812398730917
88	94	0.4666897764471224
88	87	0.6879587902817389
88	194	0.5823359228000944
88	73	0.5374265958608146
88	184	0.5123934830070155
88	91	0.4868016001848528
88	66	0.4833911302658066
88	191	0.4756830970217302
88	76	0.4665333217155318
88	187	0.4518082528125396
88	84	0.4489145140372625
88	78	0.4142327870742705
88	89	0.38527545067401
88	93	0.3811975013992928
88	192	0.3513999223208404
88	79	0.3496368780624327
88	74	0.3484425653829788
88	179	0.3476691711919825
88	162	0.31401191141010776
88	95	0.2874093086382981
88	68	0.2860142585163299
88	195	0.2784951956986337
88	69	0.2770370994439001
88	60	0.2737008432253739
88	160	0.2711178824159345
88	180	0.2703672567125692
88	159	0.2620702142400064
88	86	0.2547444380130921
88	109	0.2418988509689307
88	7	0.20840180036623854
88	188	0.20034312356384235
88	131	0.1976924437422938
88	77	0.1834011831404379
88	122	0.17133333494635775
88	174	0.1614644659402784
88	121	0.1554689231747952
88	167	0.14575448642607114
88	82	0.13648295080197806
88	99	0.1271677669335056
88	181	0.12655774533250416
88	11	0.12008768946418165
88	38	0.11642957857387372
88	143	0.1090644447224576
88	57	0.10305285436410977
88	75	0.1010637910161762
90	84	0.5413830334824888
90	194	0.5574666468734288
90	80	0.5244583588935083
90	187	0.5165406884882198
90	73	0.4941528042197656
90	91	0.4914801333109628
90	184	0.4629660967872625
90	50	0.4592733491347682
90	87	0.4481476470567116
90	78	0.4417797624089376
90	66	0.4357721873358871
90	74	0.4312815440868532
90	93	0.4042761363996703
90	79	0.3791015613844597
90	76	0.3695397909019191
90	86	0.3693843613031326
90	94	0.3540879246156697
90	195	0.3401923171628002
90	69	0.3331345716073844
90	95	0.3222716771166831
90	162	0.3128576605614326
90	68	0.3069548410845283
90	167	0.2603277954523345
90	191	0.25991756753644457
90	60	0.25017548064566936
90	77	0.2449938621180281
90	159	0.2434422725993308
90	160	0.2289584320629509
90	188	0.21850917821999236
90	89	0.20881308802079168
90	192	0.20310592620332052
90	7	0.1914866976023355
90	121	0.19122658429237868
90	180	0.1887782820997612
90	75	0.17611453695649495
90	57	0.17360372959451065
90	181	0.16736063562262238
90	170	0.1672439944305277
90	179	0.1610261659716146
90	99	0.14555872959625668
90	83	0.1422879173288062
90	122	0.13427418833850568
90	109	0.1095189501635962
90	116	0.1060497311484502
90	190	0.10169721306992427
50	66	0.6093582888338422
50	91	0.5134251763328656
50	184	0.4819721468471489
50	87	0.4776922941046454
50	73	0.4686039755398926
50	80	0.4546369857402723
50	76	0.4532158143805446
50	89	0.4501991304398945
50	94	0.4389746505391332
50	179	0.4032717766687117
50	78	0.40305403715620897
50	180	0.4028865141656528
50	174	0.4026603153020721
50	194	0.4002108774549589
50	38	0.3605082926664631
50	187	0.3512947357144864
50	93	0.3242686330169404
50	69	0.3166775596685936
50	173	0.30265522633307257
50	68	0.300045859481792
50	191	0.2972496770683148
50	160	0.29056202101258816
50	188	0.2822820700125466
50	84	0.28180343504531785
50	60	0.2692824392381933
50	195	0.2688279106859779
50	82	0.2677328405852211
50	7	0.247276645162275
50	192	0.22650275421697635
50	122	0.22627505468289125
50	162	0.2189662120439073
50	11	0.2095302733887543
50	77	0.20672719613548385
50	159	0.17794530452981897
50	4	0.16384964422445306
50	95	0.15731269680417986
50	74	0.15326277730445848
50	129	0.15215912974803128
50	132	0.14894370309395302
50	71	0.1486894611530102
50	75	0.1482396003512374
50	131	0.14763316917978006
50	79	0.14707554578066218
50	34	0.14603831355369126
50	44	0.14172941222753965
50	121	0.13822936756301848
50	178	0.13638481222246687
50	86	0.13130744358303778
50	16	0.11712003309583235
50	170	0.11368638299300655
50	130	0.1019446211938042
50	112	0.09777859113347398
80	78	0.5207658402465445
80	91	0.5050035704277197
80	187	0.4880748143481708
80	76	0.4718285999800118
80	60	0.44887458935320296
80	194	0.4296847637440041
80	73	0.42542718808259694
80	180	0.4181187255812326
80	184	0.4148207859925415
80	87	0.3966608149738475
80	69	0.3906696053298323
80	84	0.3906441837141122
80	94	0.3852243557233069
80	93	0.3838438998817586
80	79	0.38126587439125204
80	195	0.3669206420025848
80	66	0.3651106348916977
80	95	0.2994633653167329
80	188	0.2986620712706541
80	89	0.2933154814164363
80	179	0.2719885656533657
80	68	0.2646852885309845
80	75	0.2594792658819369
80	11	0.2534254666937828
80	86	0.24458022723268705
80	74	0.23810098483839046
80	191	0.2372612630650608
80	121	0.2194421867920405
80	174	0.21877579294778
80	147	0.2185282232115404
80	77	0.21029502268673111
80	38	0.19956550881159332
80	160	0.1950677283883335
80	122	0.19157339606397494
80	167	0.17169245077310502
80	192	0.1685365053330025
80	109	0.15967190562694258
80	7	0.15595679991626646
80	162	0.14924681197865955
80	44	0.14633190252560438
80	170	0.1382882206333511
80	181	0.1367380985672421
80	172	0.12905625396533218
80	112	0.1263117417699411
80	131	0.12214702960468392
80	16	0.1220091160327401
80	116	0.11967372545181792
80	31	0.11732714740731642
80	82	0.11314345762650276
80	143	0.10665283166612977
80	57	0.1064847623409924
80	159	0.10418061471048856
80	99	0.10344859007400906
94	73	0.39306502821171857
94	84	0.3787333001128879
94	184	0.3735650813927269
94	89	0.3580087163982605
94	87	0.3404840932282401
94	78	0.33266330712511394
94	76	0.3301975830288599
94	91	0.2842227797338467
94	180	0.2792883043152746
94	162	0.2708491777195673
94	93	0.2677328405852211
94	69	0.2629826724211014
94	187	0.2475019568090968
94	188	0.2399490035675829
94	82	0.2366855184825616
94	191	0.2284656328565697
94	179	0.21215801956308566
94	122	0.2076842618313321
94	51	0.20477355666252328
94	7	0.20391113694325605
94	66	0.1969139759206812
94	132	0.18652068008567144
94	109	0.17822610731725408
94	56	0.15322371664417378
94	121	0.15269635091473255
94	194	0.15066420606427286
94	129	0.14801464693058872
94	77	0.14788749256825476
94	19	0.14442311567809854
94	53	0.1441783213537942
94	192	0.14140602589894746
94	174	0.13637499821725246
94	49	0.12695131864245185
94	38	0.12405762986205715
94	60	0.11721866023016705
94	128	0.11620269034683575
94	34	0.1157784754942263
94	133	0.10713723264763453
94	119	0.1047839555969416
94	131	0.10214253861468392
87	191	0.74416087141222
87	89	0.5961093120643037
87	179	0.5552986739364254
87	192	0.538378880857682
87	184	0.46731530329413706
87	187	0.4525719558630656
87	194	0.4490821781381678
87	73	0.4374314131020105
87	76	0.4161115106873845
87	93	0.3994043298217356
87	159	0.3746229472155703
87	109	0.3651366354336264
87	160	0.3554428436014495
87	79	0.3484074213820257
87	95	0.3359675295450007
87	188	0.3355860103497392
87	91	0.33557713649966353
87	83	0.3314532646524257
87	77	0.32788800186177003
87	78	0.324205992105414
87	84	0.32134834575763954
87	82	0.3203795358428791
87	75	0.31425526783191715
87	11	0.3047158746495742
87	190	0.3045616514619617
87	66	0.2746256776375551
87	74	0.2589009171963994
87	180	0.24880635968438305
87	162	0.23434307800491744
87	195	0.2156124115477916
87	131	0.20085179669976175
87	122	0.18568081127831307
87	16	0.18302427423823828
87	5	0.17580444471695986
87	117	0.1708285546773633
87	99	0.1644334787341994
87	112	0.15379004929656606
87	121	0.1516902086881142
87	118	0.1438062001915923
87	116	0.14063173613821436
87	38	0.14051410742792453
87	132	0.13209356752039944
87	101	0.12774818205004385
87	22	0.12165445951116514
87	170	0.1139331448260811
87	7	0.111731536208951
87	133	0.10134092327752416
87	115	0.09789744246002358
87	143	0.09757950891472296
87	58	0.09474595809570864
194	195	0.5483438519004966
194	187	0.4396848011317265
194	79	0.3940707021971119
194	184	0.3932763824092286
194	66	0.38319568637483503
194	73	0.3804194652182153
194	95	0.3782792316345373
194	160	0.36521463364158735
194	74	0.3591502773472285
194	93	0.35253887490599634
194	91	0.3508212862628676
194	191	0.3253420346415043
194	76	0.3131733680079984
194	180	0.3114767569098653
194	170	0.30776981657286184
194	122	0.3009828412354976
194	68	0.28140753476199426
194	162	0.26146475370588834
194	167	0.25554845220459177
194	78	0.2506816148239952
194	172	0.22176344140437634
194	179	0.217718664428472
194	192	0.21343734032318173
194	69	0.2093868543225544
194	188	0.2046873289724683
194	147	0.19340299721128448
194	131	0.1925653985935757
194	75	0.19027260593275516
194	159	0.1776451039841947
194	83	0.17760636602026975
194	112	0.15387791945597515
194	86	0.15114304782077148
194	38	0.14992137292360688
194	190	0.14862100803955414
194	77	0.14426644934505176
194	109	0.14285612777856924
194	11	0.14093559192321836
194	84	0.13222129699391305
194	181	0.13044251651087654
194	89	0.12423485564943025
194	189	0.12386070303773325
194	60	0.1232698640838512
194	116	0.1220386693378262
194	178	0.11806675794170475
194	121	0.11528514930475366
194	174	0.11059574729729983
194	169	0.10384429303462422
194	57	0.09942740269404184
194	99	0.09624714162030597
194	16	0.09547926371885963
187	76	0.4878995845960703
187	73	0.47619359556635404
187	188	0.4348238842301079
187	184	0.42170170498095855
187	74	0.4192073574001952
187	78	0.4009916297027308
187	195	0.39534545219772294
187	66	0.3898218971791216
187	191	0.3626032498473297
187	91	0.3487588172991968
187	77	0.34640259631256354
187	160	0.321402148834644
187	162	0.30330913159249057
187	75	0.2949323601657733
187	84	0.2893713260958797
187	170	0.2757532877792192
187	147	0.27538366297911937
187	60	0.2610547866475625
187	89	0.2409382996538473
187	79	0.23830850170747306
187	167	0.2330573557118093
187	95	0.2269485940777843
187	68	0.22669248492000765
187	69	0.2102663492257401
187	180	0.20619106636009668
187	93	0.18384567305266808
187	192	0.15125053316901552
187	159	0.14409998344145886
187	38	0.13982786099096794
187	122	0.13546217897902582
187	86	0.12381146980655898
187	172	0.12181208847241445
187	132	0.12017639061048525
187	131	0.1163506623067284
187	83	0.11632106832773748
187	109	0.10767100338614884
187	82	0.10047978245590458
187	116	0.10040058951442496
187	121	0.09625407677104753
187	129	0.09542080125069044
73	184	0.6002641390016014
73	76	0.5294423535693801
73	66	0.4194134020999144
73	78	0.41088872561318585
73	74	0.4080337985612722
73	191	0.34417423487388465
73	77	0.33077658888770395
73	188	0.32437601082055145
73	159	0.2948136636780948
73	162	0.28789545436102465
73	170	0.2685124531363352
73	91	0.26261960755793684
73	84	0.25605311780745177
73	161	0.24943477874763376
73	160	0.24228482149513345
73	56	0.2411455173884999
73	89	0.224784911159604
73	75	0.22320820117507864
73	69	0.2204794494643888
73	180	0.21971820430576586
73	179	0.2102090012185646
73	55	0.20571227441660864
73	129	0.2053674832118462
73	174	0.20535790495020748
73	195	0.18824782755907127
73	143	0.1861924878731359
73	38	0.18309192851941428
73	192	0.16403453759210945
73	83	0.1614644659402784
73	57	0.14203317183164146
73	163	0.14103360425744196
73	60	0.14043568608369833
73	79	0.13658108670267727
73	54	0.12644950568101784
73	93	0.12389024268374765
73	4	0.12073811992291693
73	122	0.1206691397785845
73	68	0.12065928537710655
73	167	0.11913156681161614
73	181	0.11221539255111032
73	58	0.10857036534693583
73	11	0.09747847912908993
73	131	0.09713773642308214
191	89	0.5345686497322998
191	192	0.5326804053259038
191	179	0.4658054237143714
191	184	0.4323716683805609
191	188	0.37026485554965344
191	159	0.3581569184360643
191	83	0.33363233065576536
191	76	0.28169296089112894
191	11	0.27439451658738545
191	93	0.2738211003661083
191	75	0.2634480312486706
191	160	0.2601693094353322
191	77	0.25891957650608016
191	190	0.25385587323357706
191	109	0.24689167590743424
191	82	0.24296243777821705
191	95	0.2360246231177159
191	79	0.20936773109956924
191	5	0.20898523302559785
191	74	0.20667933244746856
191	117	0.2064304253277282
191	112	0.17994901802649388
191	162	0.1731187566658351
191	180	0.14227811977337995
191	118	0.14169021549439895
191	84	0.1412394211584443
191	66	0.1411708168804686
191	101	0.13783698883186254
191	195	0.11828368555652535
191	102	0.1138936638766342
191	22	0.11267944966366228
191	43	0.11257084495039464
191	55	0.11066489056254787
191	131	0.10747331774077634
191	59	0.10598051789294333
191	91	0.10471472366666153
191	99	0.1010241994117404
191	16	0.10034119397339787
191	132	0.09794102058027668
191	78	0.09561402215275347
191	58	0.09494217700641466
89	179	0.668844860276511
89	82	0.5331529651664817
89	5	0.329653982174656
89	192	0.4487627907038086
89	159	0.3664186210611735
89	76	0.3450466659783251
89	184	0.31936515568281965
89	47	0.3143003293051713
89	84	0.30897334261347675
89	180	0.3025552990271512
89	11	0.2984434633731542
89	91	0.2941012937848957
89	118	0.2905528652488659
89	109	0.2806522966214206
89	188	0.27914999881578473
89	117	0.2424354233461252
89	59	0.2376953209240943
89	153	0.2367610354497259
89	16	0.23523126041476605
89	43	0.22748916586181495
89	93	0.22438609539863255
89	15	0.22056507275823445
89	51	0.21891860883287306
89	77	0.20696649972945255
89	75	0.1996711255894923
89	178	0.19771166202025886
89	115	0.18420314300455806
89	78	0.17202240887774142
89	71	0.17139157304090044
89	7	0.16415130641351178
89	18	0.16339222698451658
89	112	0.15307723490470224
89	95	0.15170974843044358
89	160	0.13890611883119794
89	121	0.13651239185354738
89	49	0.1262133359928995
89	168	0.11377521887038698
89	44	0.11069452306262058
89	101	0.10677146516806817
89	122	0.10643532902806943
89	72	0.10473450432176533
89	149	0.10089552448811137
89	66	0.09583398794692356
11	112	0.7355620596737853
11	109	0.4832761719789194
11	95	0.5152637989852733
11	79	0.4477399804376068
11	93	0.4461154624378006
11	176	0.430850027489774
11	38	0.4111131167366861
11	32	0.3984121007536135
11	99	0.3752675092294885
11	179	0.3689265874732927
11	101	0.3330723386612457
11	71	0.3190867463001446
11	181	0.31078129393245946
11	58	0.2836987409681161
11	113	0.27297912077185904
11	61	0.2694122825178213
11	192	0.2463939172358357
11	52	0.24176703861342985
11	142	0.2414845535235173
11	156	0.23220606153927306
11	190	0.2201274069011633
11	36	0.2111168412181398
11	188	0.2025497869216858
11	139	0.19420182287972215
11	161	0.19036898373217154
11	184	0.18550701139681736
11	75	0.1814677485179101
11	102	0.17774194648521532
11	43	0.17765478838916082
11	122	0.17313815719658238
11	37	0.17303145261516548
11	5	0.16730231561200531
11	130	0.16633986668086287
11	117	0.16311968968866064
11	16	0.16265242499483085
11	121	0.15831704400943172
11	133	0.1576930220102191
11	143	0.15411222797891538
11	0	0.15099647113189935
11	160	0.1419253892245276
11	39	0.1390434148729457
11	51	0.13815089528405658
11	127	0.13737588854085778
11	78	0.1350694977233589
11	100	0.13091431961385916
11	141	0.12492399159702715
11	28	0.12242284259323405
11	195	0.121220948249475
11	23	0.12055088539174888
11	153	0.11946672783082207
11	118	0.1161435001181376
11	170	0.11529501638672153
11	180	0.1151075379408174
11	47	0.11394301500722046
11	76	0.11386405292846825
11	83	0.1138048304252934
11	132	0.11156365529092868
11	158	0.11096120670071953
11	116	0.10825412637854652
11	69	0.10791809846851463
11	145	0.10643532902806943
11	148	0.10625736474675557
11	134	0.10591130361049288
11	125	0.10095491333410428
11	35	0.09770529809160088
112	176	0.605901600606442
112	113	0.4551286963073276
112	71	0.4414577732701859
112	95	0.4163760678384816
112	109	0.4033303910451793
112	61	0.3566304469026324
112	179	0.336047368454408
112	101	0.2999093574669549
112	32	0.28043118550316737
112	158	0.2778770453639558
112	170	0.2765661752211329
112	102	0.2705155545435629
112	79	0.2571460809334994
112	156	0.2510002216238197
112	38	0.2417858694963544
112	130	0.2361096076261825
112	93	0.2324047287211373
112	47	0.2288257668862499
112	52	0.2262465905016889
112	122	0.22589550050982635
112	37	0.21199566558334587
112	160	0.2064017035554804
112	58	0.20419864542124572
112	141	0.19306606606958573
112	5	0.18750500671170825
112	181	0.18533319990813948
112	0	0.18194157038169045
112	180	0.1761629857133217
112	172	0.1701974532464595
112	168	0.16465725144238322
112	4	0.16309048778676216
112	75	0.15817080018055854
112	39	0.1505957943220897
112	190	0.14948145766271292
112	62	0.14499097038676378
112	99	0.14394330219919005
112	1	0.14390413076064226
112	188	0.14127862299398605
112	153	0.13753286554758093
112	142	0.13549162835928066
112	51	0.13044251651087654
112	36	0.12937091119453722
112	28	0.12628222029776595
112	147	0.12137859406760655
112	23	0.1211618294906577
112	145	0.12069870284031628
112	192	0.1113957680047866
112	184	0.1096869079868266
112	139	0.10892610791852804
112	100	0.10875812184196214
112	40	0.10819482913082004
112	171	0.10729539339324104
112	67	0.10683078077925763
112	121	0.10477406538335207
112	173	0.10075694771852876
112	19	0.09948977949730603
112	16	0.09867485918750132
112	148	0.09724768786998036
112	161	0.0951185695285482
109	101	0.36739649900699584
109	95	0.3534230332932448
109	192	0.302800563264151
109	179	0.3009919353014185
109	93	0.29830681753214483
109	79	0.2898568716287363
109	118	0.2844341859148753
109	117	0.2841860106193823
109	16	0.2751248771568878
109	0	0.2549033990236284
109	5	0.23897806673639616
109	99	0.2337192266142501
109	115	0.2214781761416955
109	15	0.22030819268346472
109	121	0.21248269238212444
109	116	0.2074928804350255
109	82	0.19464443470864773
109	75	0.1937398827416278
109	143	0.1906388220438523
109	168	0.1887782820997612
109	181	0.18598976015430999
109	180	0.18487930414988776
109	31	0.180713327710658
109	18	0.17751920358916345
109	131	0.17181861577769414
109	189	0.1681867097642242
109	149	0.1664079290616603
109	47	0.16596063298922065
109	58	0.16562997894105186
109	184	0.16545491171578033
109	83	0.164803181035466
109	44	0.15966216056255728
109	38	0.1583755395965252
109	21	0.15562505199598245
109	43	0.1498333946143852
109	122	0.1483080613921831
109	153	0.14339486106521968
109	86	0.14189599338385914
109	51	0.13926896104962466
109	120	0.1390434148729457
109	159	0.1301869318134964
109	32	0.129420074034851
109	39	0.1264396655633503
109	188	0.12431362012249016
109	49	0.12364407226240595
109	77	0.12296456301937188
109	130	0.12032422158977847
109	133	0.11550221984930628
109	190	0.11300524764002845
109	68	0.10889646376857584
109	148	0.10879764853682444
109	125	0.10833318817720633
109	55	0.1068802098744029
109	163	0.10575309568355888
109	91	0.1030330667211448
109	52	0.09883131834390484
59	168	0.4300271577544445
59	47	0.4222934859229272
59	82	0.3895674557641604
59	51	0.3450819032038987
59	125	0.2991447193392738
59	153	0.2958724795935397
59	115	0.2920171097466757
59	159	0.2912760065465869
59	156	0.2863998544280153
59	0	0.2851233616622101
59	16	0.2812878251094136
59	149	0.2798137594934324
59	157	0.2721459821506426
59	189	0.2654011975892255
59	49	0.2630478300295029
59	75	0.25960983500936724
59	21	0.2578183469935159
59	45	0.25046605589192666
59	179	0.2468071600246652
59	52	0.2415693033503057
59	101	0.2393740405520289
59	15	0.23036984079332304
59	58	0.22393971244161065
59	117	0.22248594343642544
59	137	0.220488963331536
59	119	0.21922325136672646
59	124	0.2081339455101478
59	133	0.2030100494580525
59	176	0.20231962207722698
59	20	0.19625064072677284
59	184	0.1950100107979919
59	28	0.1892989848590798
59	71	0.18747606129272087
59	39	0.18505314589857827
59	53	0.1807036542662452
59	43	0.17848751830429194
59	142	0.17220678042473606
59	17	0.16946908578813227
59	134	0.16925539617417576
59	118	0.16902226208183538
59	65	0.16645654407718086
59	192	0.16360634593991552
59	99	0.1632364944377417
59	150	0.1579952984261538
59	100	0.15411222797891538
59	18	0.15268658406157504
59	29	0.15182698439384795
59	144	0.14958899797631772
59	26	0.14824938058694778
59	180	0.14665482062184013
59	42	0.14637104577543938
59	67	0.1413570253357476
59	120	0.13363585192801258
59	145	0.13071774218133606
59	113	0.12355544718352282
59	188	0.11862877439540725
59	72	0.11201790658041537
59	160	0.10828377471357464
59	102	0.1076512352044817
59	178	0.1068802098744029
59	122	0.10504109386960526
59	136	0.1045564754444013
59	165	0.10365633821952652
59	56	0.10275603116370884
59	62	0.10160814306401246
59	171	0.09939175845557538
59	132	0.09400263801258267
115	119	0.6453683751052687
115	15	0.6551907008059712
115	149	0.5871071108864917
115	117	0.5853678500700498
115	16	0.5696131461832477
115	17	0.5531092462499149
115	118	0.5296294474172625
115	18	0.5244221107715177
115	120	0.432989386880496
115	43	0.40405024033007897
115	124	0.3917621707750809
115	49	0.3719549185904343
115	75	0.34927694732419184
115	125	0.3254850916031719
115	45	0.31413810137449105
115	188	0.3087743312848825
115	101	0.3021373491544001
115	157	0.3015556604196515
115	19	0.2949414902878746
115	20	0.29354395616497153
115	44	0.28381827351215105
115	53	0.2815548576953924
115	163	0.2644899899218075
115	148	0.26347594888206183
115	51	0.2559036017951433
115	121	0.25457611134762503
115	0	0.2492565916697089
115	52	0.2476239894435572
115	82	0.24581146850985594
115	123	0.2446084324410989
115	153	0.24280246639921102
115	47	0.2416069687572005
115	23	0.2409382996538473
115	58	0.2375632263983847
115	116	0.23650615422525
115	168	0.2329060405876523
115	21	0.2319506038362516
115	192	0.2295269007231512
115	77	0.2282950212203825
115	1	0.2152405108916372
115	150	0.21349460625985706
115	159	0.2083348395812433
115	133	0.2016961467723562
115	136	0.19053281756898907
115	29	0.17607577733667545
115	189	0.17554277724744746
115	76	0.16874053315265247
115	102	0.1679923605832939
115	137	0.16478372417310716
115	126	0.1584827786185788
115	146	0.1558689877110712
115	134	0.1546588804199746
115	65	0.15396578718158802
115	179	0.15227634931905346
115	67	0.14876769153781202
115	7	0.13325279681433289
115	156	0.13145485443179988
115	41	0.1299313298131614
115	143	0.1121561476899498
115	142	0.11089206803107024
115	128	0.10952883020877087
115	33	0.10733493273146667
115	54	0.10406191565917927
115	84	0.10269666432587846
115	5	0.10066786058754226
115	165	0.0995828481943247
115	184	0.09803510842242934
115	127	0.09708325509775753
115	171	0.095008572644827
149	18	0.6693088226040006
149	118	0.6336192087252458
149	125	0.6011653286407472
149	163	0.4158055286440177
149	15	0.6574903308302266
149	45	0.6059838689484807
149	117	0.5744972892002603
149	44	0.5725243010421436
149	17	0.5636795300922006
149	119	0.5552225885171179
149	16	0.5548627861728018
149	49	0.514742110935595
149	124	0.5063879152995328
149	43	0.4870075896398838
149	150	0.473459474968061
149	136	0.4702723779703878
149	123	0.4548114954294372
149	21	0.4542481796027345
149	156	0.4283956034173137
149	127	0.423689318471558
149	116	0.4199406796284847
149	120	0.4160536294167776
149	137	0.4141085176740169
149	52	0.39549730774492775
149	165	0.3510141947444701
149	146	0.3481086578310822
149	157	0.33875015996905283
149	153	0.3384225770437825
149	143	0.3369075477966232
149	142	0.3267362039172117
149	148	0.3255297938483961
149	33	0.3235615206371185
149	39	0.3233197663785137
149	51	0.3225673721777044
149	58	0.30843052076399396
149	134	0.3055048842469359
149	7	0.30137383661934275
149	2	0.2880605267223215
149	168	0.2797308040211691
149	20	0.2664791573962182
149	135	0.2624985694038853
149	53	0.2589289060884527
149	128	0.25210555242235283
149	41	0.24458022723268705
149	30	0.2434893088197569
149	101	0.2359868510660393
149	161	0.2326033765120475
149	29	0.22342673091512374
149	0	0.21738522952973108
149	67	0.20644957297826244
149	23	0.2042657256662221
149	100	0.20404531194676287
149	75	0.20238675580028107
149	99	0.19979593943637414
149	133	0.19865317119118145
149	35	0.19356663302732025
149	144	0.19339337123986125
149	169	0.19064845859387625
149	171	0.18346882775232187
149	178	0.17798403767284696
149	47	0.17397225272864292
149	19	0.17117802750805464
149	138	0.16774940574301975
149	140	0.16753558862546455
149	189	0.16627180271503875
149	132	0.16379125445284926
149	121	0.15929182507362422
149	31	0.1586290076225975
149	65	0.15294051254510269
149	82	0.1476820790410713
149	145	0.14514760317073389
149	34	0.1394160485992852
149	54	0.1377486976500139
149	27	0.13583518675952713
149	192	0.13116002692731882
149	26	0.12933158046433466
149	130	0.1290365870249057
149	77	0.12077753662478788
149	64	0.11909213431693948
149	5	0.11446610237344715
149	56	0.10876800354792401
149	179	0.10340901797471458
149	129	0.1023899240178381
149	42	0.1007470492281808
149	62	0.09971749769276336
15	16	0.6405524339568174
15	118	0.6333617721206141
15	18	0.5948443144649338
15	117	0.5822962683222274
15	43	0.5003927888312012
15	116	0.4705371425490627
15	17	0.4664237860295988
15	44	0.4540814954006469
15	119	0.45344621676512703
15	75	0.4014866439029436
15	163	0.3804023594674607
15	125	0.3709635980225792
15	49	0.3557747896963581
15	120	0.3507248208538621
15	101	0.3359143009229338
15	123	0.3320317301203627
15	124	0.3223344055691173
15	45	0.3221641360423708
15	150	0.32186835521849844
15	136	0.3102933680020653
15	21	0.3009009921789187
15	127	0.2970035138079099
15	51	0.2961553160800883
15	58	0.2930686910501683
15	188	0.28964618149774257
15	0	0.27815385758402084
15	23	0.2768709060779882
15	121	0.2710066993879633
15	148	0.27013551566697497
15	179	0.25421135065959183
15	134	0.2481026569555061
15	146	0.24749256935804925
15	153	0.2434328652178304
15	137	0.23996785196664114
15	20	0.2396285531149967
15	157	0.23782740665858634
15	192	0.2318275942685065
15	168	0.23163833430258626
15	47	0.2300668009484048
15	156	0.22916688872745256
15	52	0.20237716538486086
15	82	0.19707737867977312
15	142	0.1946636769046182
15	19	0.19328748309726548
15	161	0.189559296339515
15	160	0.18937611696237944
15	67	0.1889904330926941
15	1	0.18708044128764256
15	171	0.18680057584839524
15	77	0.18151610155195635
15	99	0.17965871685810644
15	33	0.17812928204643064
15	53	0.17636646116943094
15	165	0.17543616486855462
15	143	0.1746122033679954
15	189	0.17154686876954506
15	30	0.1698964171967347
15	178	0.1620098169392723
15	100	0.1553323040841348
15	173	0.15496145089928592
15	133	0.15479552874863794
15	65	0.15422937574242726
15	169	0.15225681302128896
15	29	0.14798530405037338
15	41	0.14173921134138814
15	5	0.13803318361356898
15	39	0.12857438473483818
15	170	0.12262968992839562
15	102	0.12254104237393765
15	26	0.12097461441897545
15	27	0.11819494380478605
15	55	0.1168734551567034
15	138	0.1142884571631285
15	135	0.11321256097814822
15	31	0.1119586590629632
15	7	0.1116525342178531
15	54	0.10645510241638972
15	113	0.10580253623623076
15	76	0.1023899240178381
15	159	0.09432673850437354
119	17	0.6937659441160322
119	124	0.5893372283383244
119	157	0.5680167266626839
119	120	0.5577009409754027
119	117	0.5518030376297794
119	18	0.5411992124651851
119	125	0.47571404545649604
119	16	0.42485370919946097
119	51	0.422753511284618
119	53	0.4182919974781353
119	20	0.4043514241326324
119	118	0.3923461132905332
119	21	0.38478143389681196
119	45	0.37434782379617215
119	136	0.3603603778616645
119	19	0.3475900473631275
119	49	0.3414562063886641
119	52	0.3397766442132465
119	43	0.33326791814661283
119	44	0.3050333426609789
119	121	0.2988442205814443
119	123	0.2827605644859387
119	128	0.2806799334173745
119	23	0.2803114045515756
119	150	0.25072847217304184
119	29	0.2437150667322669
119	126	0.237968917327954
119	132	0.2374594316779635
119	41	0.22169688290294412
119	134	0.21312235146300956
119	58	0.2088609073762
119	163	0.2025018377569302
119	39	0.1977020529002738
119	27	0.1977020529002738
119	188	0.19585639989589115
119	148	0.1924209566373909
119	156	0.1895689369939716
119	102	0.18652068008567144
119	137	0.18352680746535868
119	67	0.18236697109567088
119	133	0.18138071084557505
119	142	0.17171186114049705
119	33	0.16215587631160133
119	165	0.1582195488948853
119	146	0.15454174857099431
119	26	0.1540536524720824
119	75	0.15305770349770548
119	101	0.1524619382108216
119	144	0.15077170731488548
119	30	0.14629275881753426
119	116	0.14210175901008054
119	143	0.1384059238437141
119	131	0.13796451667138349
119	1	0.13709135013218465
119	77	0.1308651762201754
119	127	0.1238803961594714
119	56	0.11422924046821893
119	153	0.11338037884241248
119	47	0.11111923391148584
119	130	0.1077797268630634
119	178	0.1017862814453801
119	65	0.10159824629610424
102	1	0.6065720260162122
102	13	0.6577003311255729
102	113	0.4586497592972112
102	141	0.416185924509344
102	37	0.39333555413826576
102	101	0.3661935078974994
102	100	0.347906512966581
102	144	0.3459008943185773
102	134	0.3366770393511064
102	0	0.3309903127604141
102	40	0.3023281667791092
102	157	0.2906077990330796
102	138	0.2834872387155676
102	58	0.2705618949834713
102	4	0.2620702142400064
102	36	0.2585743480072862
102	17	0.24377150208492535
102	20	0.24298125707184345
102	136	0.23481556426449696
102	19	0.2163464932210799
102	145	0.19785579425948935
102	126	0.19355700768910336
102	158	0.1887782820997612
102	140	0.18401958343403904
102	168	0.1834205103496631
102	51	0.18215427926242214
102	124	0.1760854672928198
102	153	0.17349704276564776
102	54	0.17207092887491685
102	83	0.1718089109773871
102	117	0.16888625845796534
102	190	0.1670690238647788
102	55	0.16666071830306706
102	130	0.16230192857878753
102	53	0.16080212144585745
102	23	0.15591777257376166
102	120	0.1530381719711311
102	127	0.14724186431387554
102	75	0.14433499175616546
102	56	0.1424348773133968
102	107	0.14092579053781576
102	67	0.13914148020196304
102	18	0.1312189942860386
102	35	0.12668566103507212
102	34	0.12553426852884814
102	52	0.12076768248502015
102	142	0.11992999380406386
102	146	0.11542328638113865
102	32	0.1131138415692459
102	139	0.10981534209641096
102	161	0.1078983313521722
102	171	0.10380472421577333
102	173	0.09983630304103493
102	71	0.09789942329181726
102	41	0.09404030209117847
1	13	0.5071682499463236
1	0	0.4708952186261247
1	101	0.4299293435101488
1	113	0.33926350308324416
1	141	0.31533635198129795
1	37	0.2839286034164988
1	100	0.2734140416672249
1	157	0.24204006858569965
1	40	0.2310893812765675
1	144	0.23080538228698386
1	138	0.2275650243754472
1	168	0.21722325712298493
1	75	0.2115658485816567
1	126	0.2098744423561439
1	20	0.19579870080167897
1	53	0.1929120252334297
1	19	0.19119768115477206
1	58	0.17914577500917128
1	17	0.17511630305192796
1	27	0.15982782242353555
1	51	0.1594672527423784
1	145	0.15140686910853302
1	158	0.14495181105493446
1	47	0.13834707272704946
1	140	0.13640444015258513
1	153	0.1360216762166225
1	54	0.1311108867527316
1	65	0.1302262536632192
1	41	0.1273251762668279
1	117	0.11930900838526115
1	139	0.11830340568926595
1	82	0.1150779353309605
1	23	0.1136666414399958
1	137	0.10630679995269347
1	190	0.10410148233917116
1	124	0.10395310559114188
1	5	0.0990263903203662
1	134	0.0958567766611644
13	141	0.5768974594535545
13	113	0.4816726864616525
13	37	0.4707551203679964
13	100	0.4211506970412952
13	134	0.39721682506241146
13	140	0.38691774371228543
13	40	0.38412524330817255
13	138	0.3827178136813575
13	139	0.3710929487252901
13	36	0.36503262984848
13	126	0.3361538128213937
13	101	0.31850280589799684
13	144	0.28638149482038633
13	32	0.2640621171738734
13	22	0.26057015869657996
13	190	0.25901287015550417
13	4	0.255660612163206
13	58	0.2512531941736688
13	146	0.24975359767600014
13	35	0.2365439164615503
13	0	0.2361662619587078
13	83	0.2317897436788728
13	181	0.2254684200743751
13	23	0.22120238368457087
13	55	0.20616234162509725
13	75	0.20523338396961752
13	20	0.20510885634432607
13	54	0.20151386924302964
13	136	0.19783657712175384
13	127	0.18795844239828866
13	157	0.1852752601676189
13	129	0.18295661822350756
13	123	0.1811292527229208
13	79	0.17025571462104785
13	30	0.15341901515522866
13	2	0.14899259351848165
13	173	0.14828850123978862
13	145	0.14813201584506244
13	142	0.14015139394624568
13	137	0.13937682585395916
13	158	0.13661052695024167
13	169	0.12860388867985345
13	168	0.12465819625934073
13	65	0.1128077972172732
13	67	0.11117849266727878
13	33	0.11022037947935716
13	53	0.10785879686356144
13	130	0.10700872304875783
13	128	0.10281539726950764
13	160	0.0986312874143789
13	170	0.0977488778659098
13	56	0.09463694440762496
122	93	0.3752159576110206
122	38	0.29532490676671885
122	156	0.2884823005253903
122	195	0.2816285141851365
122	125	0.26802987724695515
122	180	0.2678720828611281
122	147	0.25856501659009234
122	52	0.25652961830976434
122	78	0.2455765598984549
122	71	0.22459500827593246
122	95	0.2162797686170536
122	184	0.2151451416869764
122	21	0.21157540096036392
122	79	0.2114416639809148
122	91	0.20297169766984827
122	178	0.19829774642358247
122	174	0.1956159780612062
122	176	0.1940863459109371
122	143	0.19267131739195506
122	28	0.18831534606212552
122	131	0.18148708983683595
122	76	0.18123564174409254
122	188	0.17675399175835305
122	77	0.17667649002050725
122	132	0.17469945794860464
122	51	0.17345824654538114
122	69	0.16822557803194474
122	179	0.15592752945503058
122	33	0.15061534068134974
122	39	0.14340465543031294
122	75	0.1403572629773475
122	99	0.13686566564890906
122	29	0.12986251093788553
122	5	0.1283776859538579
122	160	0.12398870658432455
122	128	0.11875694295590805
122	67	0.1179878723775185
122	20	0.11639012062400254
122	142	0.11234375367959262
122	101	0.11194878439932136
122	148	0.11184016164047517
122	133	0.10139040952759727
122	32	0.09840847130283778
122	167	0.0981410789459942
122	56	0.09692178884487593
122	162	0.09666125278782592
170	160	0.5913373359375402
170	172	0.5802834811157748
170	171	0.4809196996687462
170	169	0.46627510757357893
170	167	0.4529217647773585
170	66	0.4269902284701159
170	158	0.4078420736352722
170	61	0.3719463020629996
170	74	0.3622731672057671
170	4	0.3264324674126966
170	68	0.31895201230513
170	79	0.31760396395129364
170	69	0.2994360554206067
170	173	0.2978421302248103
170	75	0.2936901624081784
170	174	0.2776001869881874
170	113	0.2760951181330913
170	176	0.2590781728347176
170	65	0.2531072756080549
170	141	0.2479524997846268
170	190	0.2440630584338949
170	195	0.23901578195519635
170	181	0.23785570960038066
170	38	0.23242364839403576
170	91	0.22310367901829584
170	133	0.20504180025667634
170	23	0.20304840062339796
170	107	0.19641408783879866
170	130	0.1942306912810844
170	78	0.1939804872973994
170	95	0.1913614612156944
170	135	0.1842321249204558
170	76	0.17933934942924165
170	77	0.17643428297301195
170	100	0.1737686012237884
170	127	0.17206122494226514
170	139	0.16516310983886154
170	147	0.16242850145839902
170	28	0.1620585041858019
170	180	0.15992526637250326
170	33	0.15765401644777136
170	60	0.1554201313248587
170	57	0.15127984673428246
170	67	0.15058602109830468
170	58	0.14913926042060086
170	71	0.14834718134884706
170	55	0.1450692876876531
170	62	0.14454061067689425
170	146	0.143913923662561
170	131	0.14206256650372506
170	189	0.1383961153921365
170	156	0.1382391764758788
170	188	0.13726796284521314
170	129	0.1337340647611176
170	165	0.13205426526118058
170	150	0.1277285083917413
170	123	0.11625201490695013
170	140	0.1160349825565664
170	142	0.11399236557548825
170	83	0.11296575826898908
170	26	0.1111982454102099
170	116	0.11116861626287096
170	137	0.10944978924153008
170	128	0.1076907714826778
170	32	0.10618815457601168
170	22	0.10559488240262137
170	25	0.1035475188891958
170	41	0.1014794835131815
170	153	0.09993530532356223
170	121	0.0980261949125074
170	93	0.09674842982705084
170	20	0.09472712862094954
172	171	0.6077904938905662
172	147	0.39870650341812813
172	68	0.4741264223072386
172	61	0.464128080101692
172	150	0.4634766236391544
172	169	0.40383266419308705
172	146	0.3544901850680903
172	67	0.3533442724938697
172	173	0.3456895921640151
172	167	0.3296450688627528
172	160	0.32555661449706
172	174	0.31989487928737786
172	165	0.312307262338578
172	180	0.3087381445014662
172	189	0.30312751986387443
172	60	0.3014465687704703
172	69	0.2941926415409413
172	156	0.28389182761692394
172	195	0.2768524391257041
172	158	0.275161849002072
172	176	0.2720533859745436
172	62	0.2674264682161768
172	135	0.2605049102830935
172	66	0.2471545901854892
172	65	0.2417952848695221
172	91	0.23342613903841186
172	116	0.2269485940777843
172	42	0.2202225591987564
172	75	0.21681350883096698
172	137	0.21122193604184328
172	153	0.2053866396170984
172	127	0.20104372069869925
172	86	0.20080381329013589
172	148	0.20028553111364591
172	31	0.1980959956443457
172	78	0.19241132687710708
172	140	0.19157339606397494
172	4	0.1751453829275606
172	74	0.1729247439717565
172	142	0.16365500718998893
172	32	0.15220797175636444
172	77	0.14318917291247002
172	16	0.1379056582367032
172	33	0.1347553221608603
172	71	0.13203461397586194
172	79	0.13191670408496006
172	40	0.1317693114720558
172	38	0.1293807438134897
172	107	0.12864322691906313
172	113	0.1274432290584688
172	44	0.12572126988434368
172	57	0.12410686004187085
172	161	0.12206822242651433
172	141	0.11820480409268395
172	35	0.11340012169543467
172	181	0.11183028671164892
172	168	0.10294402131882477
172	130	0.09613518718006067
141	113	0.5480010935128553
141	139	0.5135061751627003
141	140	0.4981180374546235
141	37	0.4734129234781686
141	100	0.453636848782379
141	158	0.41458065923500015
141	36	0.4116614186472249
141	146	0.3968209083439897
141	32	0.3794097808286305
141	138	0.3701267827411912
141	144	0.3700059556179332
141	4	0.3538954928453045
141	134	0.3382100469476239
141	40	0.32868208554018025
141	181	0.32472493094155325
141	190	0.3131102320531166
141	145	0.2954070550710073
141	169	0.2943661874692613
141	127	0.2854265056688207
141	35	0.2850682384391431
141	55	0.27494000572641303
141	61	0.2719237428638868
141	142	0.2612318294397271
141	135	0.2498004782475539
141	83	0.24506905888465
141	54	0.2343052743177047
141	171	0.22440508833099887
141	126	0.21947074195784533
141	2	0.21816633991995732
141	58	0.21699456983151255
141	34	0.21386679907184344
141	107	0.2051663314583608
141	176	0.20320179905404065
141	173	0.19236317751985865
141	137	0.1908700890996641
141	161	0.18618283453158785
141	62	0.18614422080595489
141	79	0.1816901652057904
141	23	0.18087777091501234
141	123	0.1675939039487937
141	129	0.16507556363450826
141	167	0.1638983014904931
141	160	0.16241876527276575
141	22	0.15967190562694258
141	71	0.1583950378785307
141	101	0.15653239659740062
141	38	0.15272565129523444
141	148	0.15172928805419858
141	67	0.14688965051924785
141	20	0.14360053683060042
141	33	0.1350400449170989
141	69	0.13238832121786254
141	30	0.1275219289137892
141	65	0.11973286571906099
141	143	0.1147325564600629
141	57	0.10940038793404136
141	128	0.1044180039062906
141	99	0.10313200412014883
141	165	0.10280550296939428
141	168	0.10115287095560067
141	64	0.09852829808393043
139	140	0.6854911318854411
139	36	0.6797235564035533
139	145	0.5583000537394208
139	32	0.5267598328956821
139	35	0.5638296098636805
139	113	0.5175883694766918
139	142	0.5175297988691969
139	181	0.5024588456638416
139	135	0.4924124593831375
139	100	0.45390683975671003
139	37	0.4501752104945509
139	2	0.4405233617456263
139	146	0.4257711115275418
139	137	0.4227042332666081
139	127	0.40812548037199736
139	144	0.3922276577508931
139	138	0.3717050132747461
139	33	0.3698505880652603
139	62	0.3690648022212269
139	158	0.33399664348312713
139	38	0.32901207358655155
139	134	0.3257711608234482
139	40	0.3013374692285309
139	176	0.3000003601751256
139	61	0.2954526911304994
139	41	0.2897835912901103
139	58	0.27724943351301284
139	165	0.2720811653564664
139	65	0.2607938494695467
139	34	0.2518058665628519
139	150	0.23693093816532595
139	123	0.23167618769911744
139	67	0.227043441358487
139	133	0.22102167288571414
139	22	0.2200703135116788
139	30	0.21784249873864986
139	156	0.20828700925331614
139	42	0.20818177902535534
139	171	0.20762684908113427
139	169	0.1933259883974964
139	57	0.19140962979433185
139	130	0.1903786213103246
139	173	0.18991597619787812
139	126	0.17409831525203973
139	174	0.17238143707743858
139	128	0.17008092692789195
139	99	0.16868224096459886
139	167	0.16600925543912434
139	69	0.1608703106656398
139	0	0.1575857555297934
139	54	0.15687380204219095
139	168	0.15575190093856914
139	4	0.15555674659296834
139	79	0.1454510584805329
139	45	0.14322835256247546
139	129	0.1428169438696135
139	160	0.14260142437100695
139	101	0.14260142437100695
139	20	0.13770945642196586
139	161	0.1367086593657151
139	39	0.13549162835928066
139	190	0.1266069441779932
139	23	0.12623301734709225
139	136	0.12107314974088634
139	25	0.11825410518247605
139	153	0.11364689979722666
139	29	0.11244249045811837
139	56	0.11042782348301976
139	64	0.10934110565167504
139	143	0.10269666432587846
139	71	0.10145968943472176
139	86	0.09800242547582863
139	31	0.09446350886351687
181	79	0.5457370797745122
181	135	0.5793209288199886
181	99	0.4331762479120623
181	100	0.4609524188621504
181	30	0.41525948906961146
181	140	0.4133625771430951
181	127	0.4059562560992599
181	36	0.3869772627263328
181	57	0.3802483959987874
181	38	0.3710239634755697
181	69	0.36792404279837576
181	93	0.36626277805323104
181	32	0.3588018228754921
181	2	0.3554253702695379
181	138	0.3422598574220415
181	167	0.3400331389635814
181	7	0.33785575345061397
181	101	0.31500310481058064
181	31	0.3142372428460978
181	35	0.3118198495318716
181	169	0.3082676350122495
181	123	0.30667402296707896
181	113	0.2917335190212627
181	145	0.28459961493832714
181	142	0.2839929590556966
181	134	0.2813707019554375
181	190	0.2765938803257774
181	95	0.2721552414910874
181	133	0.2700798931573143
181	158	0.25856501659009234
181	37	0.25338803529304665
181	121	0.23461713353587935
181	74	0.23149637781895424
181	68	0.22571518824062595
181	160	0.2204984771567292
181	146	0.212396754139432
181	55	0.21232036183205025
181	33	0.21128881202349825
181	62	0.21064863227780034
181	0	0.19535629606700644
181	61	0.19273871792625627
181	5	0.19054245452308147
181	65	0.1888361432099289
181	195	0.186173181154094
181	26	0.1832272318787164
181	161	0.18218328369847134
181	174	0.18079071400716898
181	132	0.17836165689783604
181	162	0.17775163054600693
181	34	0.17107124870876622
181	23	0.16897369009764246
181	126	0.1648226377695632
181	22	0.16294447399191908
181	128	0.16225324527955953
181	41	0.1594672527423784
181	58	0.15836579040920062
181	144	0.15555674659296834
181	86	0.15257914670876646
181	44	0.15182698439384795
181	163	0.14882636310447284
181	83	0.14420769760507235
181	29	0.14365929905738206
181	136	0.13608056562215365
181	39	0.13338048628164467
181	129	0.13081603218337154
181	165	0.1299116674050781
181	78	0.12887924784837326
181	137	0.12217658189947808
181	91	0.11355806129441168
181	4	0.11345934971711967
181	130	0.10643532902806943
181	40	0.1026669806325808
181	131	0.09493920404761884
17	18	0.6066352292199975
17	120	0.5535532939043911
17	124	0.535945703464415
17	45	0.5356106208482457
17	157	0.5056514107462673
17	44	0.4780472487156216
17	19	0.4763791518745071
17	136	0.4692982509833297
17	49	0.4512031844940971
17	51	0.4298885845960307
17	53	0.41967707627000495
17	121	0.4055719925907011
17	117	0.4021239437618555
17	20	0.3931242115750699
17	150	0.3886339952130686
17	125	0.38317009124862617
17	16	0.3609954131851048
17	43	0.36020374243156744
17	118	0.3369873297746656
17	33	0.3331345716073844
17	153	0.3206397451758923
17	52	0.3126862475581964
17	123	0.31146772705944065
17	67	0.3011556191253778
17	134	0.3003279247061651
17	137	0.29344343140541124
17	21	0.25726748074064043
17	65	0.2515810704686384
17	165	0.24957544082734925
17	168	0.2407593212028815
17	41	0.2385254278970595
17	47	0.2374499955253737
17	146	0.2332843072377461
17	58	0.218252054547053
17	156	0.2107155251920883
17	163	0.20710049892742735
17	144	0.20203188459022048
17	101	0.19216094010752874
17	5	0.18140972371882708
17	128	0.17377829925166827
17	133	0.16743839381477518
17	72	0.16605787708185715
17	142	0.16030526797679115
17	127	0.16000321928773978
17	30	0.15815130047891607
17	0	0.15441485083204598
17	23	0.1537314678388374
17	7	0.14557830579238906
17	148	0.14319896786705202
17	35	0.14102380314839474
17	116	0.1385824713275123
17	173	0.13564868767608793
17	42	0.13447057715036673
17	178	0.13365549470469196
17	100	0.12755144094560678
17	145	0.12480586254717704
17	126	0.12384100981842668
17	2	0.1231615341159009
17	54	0.12082680696654165
17	75	0.11994970609271105
17	39	0.1142588489171642
17	113	0.11222526661708647
17	40	0.10940038793404136
17	171	0.10142999816641407
18	44	0.583352772792337
18	120	0.5677999330250778
18	16	0.5184005360652354
18	118	0.5142200414271428
18	43	0.5084892050983449
18	125	0.4992750417678817
18	136	0.4889808094513376
18	117	0.4835826903659976
18	124	0.4231394359255199
18	45	0.4183332482056008
18	121	0.4006726829470855
18	150	0.3854712927665669
18	157	0.376521215917539
18	19	0.3733241304395923
18	51	0.36046479019380334
18	52	0.35560882786298503
18	123	0.3544901850680903
18	21	0.3463321939424072
18	116	0.3462617876709256
18	53	0.3450202374208115
18	49	0.32768271380835323
18	33	0.3219400654327983
18	168	0.32168906352684284
18	23	0.30632972146350496
18	163	0.3031093574796324
18	156	0.2929224264741533
18	134	0.2871524171227616
18	153	0.2838826335365209
18	127	0.28303655500483993
18	58	0.27560544763781136
18	20	0.2627220180026647
18	39	0.2609522801605764
18	47	0.2460651373828441
18	133	0.2265407017332407
18	130	0.226113752547738
18	41	0.20529085601732386
18	137	0.20288540386961826
18	142	0.19901814765087486
18	143	0.19706776705576293
18	67	0.19663520479229074
18	171	0.19318159045186656
18	188	0.19103389044661875
18	128	0.18818995314013148
18	75	0.1879102083638326
18	146	0.18784267919293196
18	82	0.17675399175835305
18	165	0.17646334894746998
18	5	0.16743839381477518
18	34	0.1609774620508313
18	132	0.1580733004389253
18	54	0.1536045376401874
18	101	0.14998002381087167
18	148	0.1451965494241362
18	26	0.14365929905738206
18	29	0.13724833964121544
18	0	0.13108140233870738
18	138	0.12782687567779716
18	173	0.1264396655633503
18	107	0.1262920608133472
18	28	0.1224031422920491
18	30	0.11761314562698548
18	77	0.11725811043660175
18	2	0.11622242023967493
18	178	0.11499899403887286
18	65	0.1107241553658846
18	7	0.11045745755571212
18	129	0.11044757955330076
18	161	0.1030330667211448
18	126	0.09594594892467784
18	179	0.09558033287264864
18	55	0.09504821142900984
118	117	0.6679430640402771
118	43	0.5336037348863533
118	16	0.5862873781743722
118	116	0.5096819439636511
118	125	0.4672215040656526
118	21	0.4376578084194882
118	44	0.4293259326844207
118	124	0.4019814236436455
118	148	0.3434864459774606
118	75	0.3142642802398613
118	51	0.3077969746543007
118	52	0.3045435065074298
118	188	0.30402628242461355
118	29	0.30339992919528297
118	23	0.3003461206596205
118	163	0.2985983138701211
118	123	0.29550745262210604
118	120	0.2923921024920237
118	77	0.2829353639208243
118	143	0.2763445178365106
118	127	0.2760858803927293
118	136	0.2754298705347488
118	39	0.2659774312635416
118	133	0.2605608376403685
118	101	0.25096274129198715
118	121	0.24705130677099865
118	30	0.2356185362065137
118	128	0.2332937630000069
118	53	0.2324331081645254
118	156	0.2288257668862499
118	19	0.21730900871139275
118	25	0.21684209840207194
118	49	0.21573636454017708
118	45	0.21098307711032435
118	0	0.21069641313219792
118	132	0.20607616528836087
118	58	0.2022716682536409
118	157	0.1977500981202158
118	192	0.1915059641854399
118	26	0.1913229256890999
118	31	0.18404856737780934
118	179	0.17951355453542509
118	153	0.1723620313177343
118	27	0.16816727543424168
118	99	0.1679243352837889
118	76	0.1612501939025524
118	168	0.15805380012064452
118	5	0.15052738113753858
118	47	0.14767229712659022
118	7	0.1308848336548364
118	130	0.12857438473483818
118	20	0.12020595723293427
118	134	0.11394301500722046
118	159	0.113617287164809
118	100	0.10716688820071064
118	161	0.10664294540385112
118	150	0.10643532902806943
118	83	0.10609916855899396
118	142	0.10538721935939137
118	2	0.10326061968771916
118	82	0.10108358669836393
118	55	0.10050947948077668
125	156	0.5716968932073608
125	21	0.626704154811887
125	52	0.5672236923021803
125	124	0.5427953112551175
125	157	0.5185102166682714
125	51	0.5120394185515398
125	117	0.4813731135463497
125	43	0.4651474251516412
125	45	0.4617553144100244
125	39	0.4437574924436979
125	132	0.4232215277533938
125	150	0.4190589784710504
125	133	0.41344548685362337
125	23	0.4065073400486662
125	142	0.4036568962620367
125	29	0.4030624125968825
125	16	0.3978903859140661
125	120	0.3923884156870081
125	26	0.3815735012343091
125	128	0.3809581630895215
125	53	0.3711791745275647
125	136	0.3655958843915132
125	143	0.35945509289607425
125	28	0.35733722250804056
125	148	0.3529153758352917
125	20	0.3389006435175782
125	127	0.33263662680513223
125	134	0.3317024803623102
125	58	0.3258694833462663
125	33	0.32102548373451906
125	44	0.3203705622445997
125	130	0.30491543388026643
125	116	0.3021464362571667
125	123	0.29541618239076245
125	49	0.29378153433322074
125	165	0.2924652613292544
125	137	0.2745609557418574
125	75	0.2706082341696009
125	27	0.26945865274424874
125	67	0.2598336457162955
125	131	0.2352879395899827
125	41	0.23353959732828525
125	168	0.22869309320925765
125	101	0.21421030656687026
125	171	0.21339916221718652
125	153	0.21180464591926984
125	25	0.20602828816437907
125	30	0.2038632154422981
125	121	0.20199351695547715
125	146	0.2017057399396506
125	163	0.197375320224904
125	42	0.1907062771223402
125	31	0.18810313906124929
125	147	0.17668617785756954
125	145	0.17547493348255944
125	129	0.17181861577769414
125	2	0.1705955489036899
125	47	0.1702848448620006
125	35	0.1663884828289198
125	38	0.16629124972411888
125	178	0.16599953101371018
125	34	0.1607241890292688
125	61	0.16059754457829686
125	62	0.15622022173628194
125	126	0.1555957784340245
125	100	0.1554494065258346
125	99	0.15526399231020305
125	138	0.15117236236121492
125	54	0.1380626118969044
125	188	0.13804299306843054
125	161	0.1353051115764047
125	176	0.1349418671730066
125	144	0.1270792213680171
125	7	0.1244711443677768
125	135	0.11937801138409715
125	169	0.1157390114976996
125	0	0.11143527146805962
125	19	0.10640566878774936
125	32	0.09994520544301567
125	113	0.09882537694615867
163	161	0.4968914808339982
163	56	0.4500157276816642
163	99	0.3776620921839342
163	101	0.2926207124909216
163	117	0.2834320596779515
163	116	0.282042770078351
163	49	0.27857821325594784
163	169	0.27768324934498834
163	127	0.27245151376656696
163	43	0.2719237428638868
163	57	0.2632898229917322
163	16	0.26145543731970394
163	143	0.2603371177224549
163	136	0.2560904948966455
163	58	0.2161272476505333
163	123	0.2127786767189488
163	135	0.21263546336390055
163	44	0.21008474224076346
163	21	0.2092243018232495
163	29	0.2039207211261948
163	162	0.19120731557081824
163	45	0.19103389044661875
163	142	0.1877558533637941
163	74	0.1811292527229208
163	146	0.17900058509004166
163	165	0.17305085375035084
163	134	0.1662815262357472
163	65	0.16545491171578033
163	100	0.16011040128754625
163	0	0.15842428506990291
163	150	0.15058602109830468
163	140	0.1502048424299632
163	30	0.14666460553112565
163	55	0.1450301292643758
163	124	0.1433067105155837
163	156	0.1384451573784968
163	153	0.13514803737298925
163	52	0.1296265510134717
163	41	0.12727598653873992
163	158	0.11328166323453087
163	39	0.11287690587950268
163	33	0.1072855085056498
163	178	0.10703837942753996
163	7	0.10675169312876448
163	23	0.10311221680354286
163	167	0.09906401754216956
163	35	0.09523847339533327
163	133	0.0947469491188182
157	53	0.6393538010591578
157	124	0.58971565429015
157	40	0.4208874192998863
157	51	0.574945984843602
157	20	0.5349470877474064
157	150	0.44933760548606017
157	128	0.4078254002024124
157	21	0.402785987411226
157	52	0.38279462847205337
157	23	0.3727990271770388
157	19	0.3414032008432362
157	145	0.33709369821752544
157	130	0.3287356025699094
157	113	0.3204602956397915
157	144	0.3120184449488655
157	133	0.309253721746097
157	67	0.30780602723666084
157	137	0.3045435065074298
157	168	0.30121017645708165
157	29	0.3008191386890965
157	134	0.3002096456810137
157	45	0.2941835070071719
157	132	0.2941378335321805
157	120	0.2932606424896941
157	156	0.29079089781008
157	117	0.2857663264982298
157	27	0.2855183562178426
157	26	0.2852152295094004
157	142	0.2851141745893296
157	49	0.2808088989773024
157	25	0.27794163901175
157	136	0.27038579464325563
157	39	0.2700798931573143
157	0	0.26391326749453003
157	165	0.2635410883102736
157	47	0.2499879888212211
157	43	0.24813081009809995
157	33	0.244805857307025
157	28	0.2435363438949153
157	146	0.24118319097866486
157	41	0.2325939175333536
157	126	0.22119287296847875
157	58	0.21648946770943386
157	131	0.20834440552725994
157	127	0.2042273943325188
157	42	0.20039111621469452
157	123	0.1825409789936124
157	148	0.18243464219184197
157	101	0.1818545482031127
157	35	0.1798232246988538
157	129	0.17167304027240787
157	100	0.16629124972411888
157	153	0.15105510260458266
157	176	0.1490219274235691
157	140	0.14775055163335438
157	75	0.13978864284486564
157	62	0.1327419947462416
157	16	0.12412655194273603
157	65	0.11848088268280176
157	54	0.10917313496221147
157	121	0.10611894337635812
157	138	0.10288465680051416
157	61	0.10081633824166622
157	36	0.09785980650858322
51	47	0.4987794003897841
51	53	0.52390718230042
51	124	0.5176322942493289
51	52	0.4410067974094456
51	21	0.4175326762233429
51	33	0.3771818627173225
51	49	0.37394361676614
51	117	0.34879395150053777
51	43	0.3434688055150492
51	136	0.31549844411643113
51	156	0.30902761373572496
51	128	0.3082404856292232
51	20	0.3071269290038973
51	168	0.3043166759290495
51	16	0.30207373789759323
51	27	0.3009555587092801
51	19	0.2971858607564988
51	45	0.2826041490699273
51	23	0.281490405544873
51	150	0.2716922127595605
51	41	0.27134022676661873
51	101	0.2698852001790424
51	133	0.2582010536948408
51	40	0.2560063953692764
51	132	0.25457611134762503
51	26	0.2468259416564691
51	153	0.2417858694963544
51	0	0.23822361107176654
51	145	0.2362323566507161
51	121	0.2357696479333317
51	75	0.2354485218948444
51	25	0.2352596002023892
51	39	0.2309284533473963
51	137	0.2308527181844508
51	58	0.22808647684530275
51	130	0.2272995074994161
51	44	0.2270339568241959
51	144	0.21336098345941168
51	120	0.21308416798298752
51	123	0.2105148405315269
51	82	0.2043902981742856
51	72	0.20338394673491253
51	28	0.19254614014806276
51	134	0.1852752601676189
51	67	0.18489862047131936
51	148	0.1811485964967199
51	138	0.17935870610776572
51	142	0.17758699683189555
51	29	0.17540708805096786
51	176	0.17215826276578414
51	188	0.17047903886007446
51	5	0.16695237097369678
51	179	0.1618053218929001
51	165	0.15554698855680352
51	42	0.15369241293326766
51	131	0.15103555889842218
51	62	0.14215074901646574
51	30	0.1350793152724059
51	126	0.13370460118692026
51	127	0.12599683454217106
51	2	0.11975257895266925
51	180	0.11640984964487107
51	146	0.1157390114976996
51	35	0.11475229314358125
51	129	0.10991413507024723
51	113	0.10695929532767956
51	22	0.10643532902806943
51	116	0.10408169904035693
95	79	0.5995984533889482
95	93	0.5048024007265844
95	195	0.3554865258443328
95	190	0.33156897770115873
95	32	0.32330185697613345
95	38	0.2847834050863909
95	99	0.2465348055333085
95	83	0.2380443855546165
95	147	0.2341256971281468
95	61	0.21832824249989125
95	22	0.20744503260343275
95	69	0.20136036154923045
95	78	0.19909497776961632
95	148	0.1976924437422938
95	75	0.19562559538628416
95	91	0.19467329794641813
95	160	0.19300830187086868
95	178	0.18135169765657874
95	71	0.1765117915543363
95	179	0.1697021835579199
95	184	0.16899311898982156
95	74	0.16446266743913476
95	188	0.1598570559353723
95	101	0.15802454941206973
95	167	0.14859167055487887
95	5	0.13773888738353776
95	176	0.12118153583912343
95	68	0.11783009678245225
95	116	0.1175539751806246
95	121	0.11505820014416546
95	66	0.11413054417308542
95	131	0.11064513545318663
95	192	0.10300338510379324
95	64	0.09973729878168353
95	29	0.0985243369136714
95	77	0.09795191505166044
79	93	0.6410828513508839
79	69	0.4512828224691712
79	195	0.4426003196230423
79	99	0.41892706729599605
79	167	0.4135698385652026
79	190	0.39602020022566653
79	32	0.3900678006509054
79	74	0.3624469062457168
79	38	0.33594091550219224
79	78	0.314588689190174
79	68	0.3118559598167137
79	83	0.2800626008376924
79	22	0.2681876572536102
79	100	0.2679370587609615
79	91	0.2651873852344098
79	101	0.2636713599562202
79	133	0.2612877340392937
79	121	0.2573141708121773
79	169	0.2570807084443724
79	160	0.25535215572559145
79	75	0.25007236246316755
79	66	0.2402411334158456
79	184	0.23665719888252465
79	162	0.2307864476220718
79	86	0.2300099760080349
79	57	0.22196310450803797
79	31	0.21930892438110405
79	188	0.20040071462946527
79	116	0.1959044814385282
79	30	0.1937398827416278
79	131	0.1897231824931308
79	174	0.18428042740167944
79	61	0.1802296126974988
79	76	0.17672492886346036
79	64	0.169527362009239
79	55	0.16879882416036748
79	65	0.1598765447874944
79	23	0.15591777257376166
79	192	0.15049806075991595
79	143	0.14195478481487614
79	58	0.13878843225925852
79	127	0.13393048254493348
79	29	0.13248656725011282
79	147	0.13060962021118486
79	135	0.13000997842344278
79	42	0.12515039570702913
79	60	0.12469757447633124
79	142	0.1177216226094102
79	129	0.11559101825733825
79	77	0.1155614189932099
79	132	0.11162290810727897
79	84	0.10713723264763453
79	128	0.10100440348952301
140	146	0.5648586981518344
140	137	0.5496711735669609
140	138	0.5323938436485584
140	135	0.5257764962994322
140	35	0.5225636673214064
140	145	0.5003478110574487
140	100	0.4823712522669993
140	36	0.4637827921554138
140	127	0.44845127753585495
140	2	0.4287629473198249
140	113	0.42833028300225695
140	165	0.4136112857075352
140	142	0.4129562204929169
140	62	0.3893214391901936
140	134	0.3890414217152065
140	33	0.3889480665755503
140	37	0.3846621554173931
140	150	0.378039272874396
140	123	0.3774563044129171
140	144	0.3753276498503291
140	32	0.3613258471192793
140	40	0.3501283240575392
140	22	0.3293330659329123
140	136	0.3277898244807297
140	158	0.3141921793903441
140	171	0.296565792761139
140	169	0.2959454746236718
140	34	0.2777478505300885
140	176	0.27103449582303096
140	156	0.2523396483608638
140	101	0.24865625844702025
140	168	0.24635634526405356
140	61	0.2354674130857545
140	45	0.2334923238134887
140	67	0.2295647930713122
140	161	0.22077435983005536
140	41	0.21288369403634685
140	30	0.2127786767189488
140	130	0.2091860524955013
140	54	0.20010314589116254
140	42	0.19749064265089036
140	128	0.18782338481789093
140	49	0.17734487037267313
140	58	0.17496120522276126
140	153	0.1709450504012974
140	143	0.16551326861671553
140	167	0.15885321191135046
140	65	0.1558982587199492
140	25	0.15463935874697907
140	0	0.15429770993555192
140	126	0.15361430168164925
140	190	0.13277146601575546
140	20	0.12783671226812154
140	23	0.12656758515142175
140	133	0.1262133359928995
140	27	0.12512086547481271
140	55	0.122905469800486
140	173	0.12051146650232936
140	38	0.11808647909994725
140	39	0.1136666414399958
140	160	0.11348896342559107
140	174	0.1095387102323026
140	26	0.10880753015678987
140	7	0.10572343110097153
140	72	0.10409159070006037
140	52	0.10332987279413727
140	4	0.10304296055282218
36	37	0.6320124325547654
36	35	0.588795237594091
36	142	0.5286286164838628
36	32	0.5248279811463985
36	2	0.5221128264390446
36	113	0.4783712014011615
36	145	0.4533826635375449
36	135	0.4285343944333936
36	134	0.4015034199377296
36	144	0.3979577184299093
36	100	0.3900423649399367
36	38	0.3783820555452554
36	146	0.3676905689982233
36	65	0.3417565301150758
36	138	0.3394935568569832
36	30	0.33258326456771176
36	41	0.3286196463376317
36	33	0.3275577407104865
36	40	0.3064656395323861
36	62	0.3050877589445786
36	34	0.3041987103859616
36	39	0.3014829335306167
36	61	0.29627390947729026
36	127	0.2740615889607664
36	158	0.27107155703329944
36	67	0.2599455406040581
36	137	0.22918583829133998
36	99	0.22528807119218525
36	165	0.2202320741980461
36	130	0.21969916974390968
36	52	0.201206843963796
36	4	0.2007750227818502
36	126	0.20067905191629207
36	133	0.1972119374372596
36	28	0.1968755266224101
36	45	0.19642370203497567
36	168	0.19309494766711932
36	123	0.19224761528387094
36	131	0.18487930414988776
36	57	0.1790393031644202
36	42	0.17518415561969916
36	44	0.17330305628178766
36	58	0.16686487823776788
36	31	0.1623116651438244
36	54	0.15942826968592627
36	22	0.15581044487212048
36	7	0.15251077560635856
36	161	0.15003867364257056
36	190	0.14997024873628675
36	169	0.14897303743606846
36	171	0.1475255649435497
36	150	0.14588172224633872
36	176	0.1409943996553974
36	132	0.137778128287273
36	0	0.13744456683088105
36	64	0.1282498263286488
36	160	0.1223637414003281
36	23	0.12043262758350275
36	173	0.11972300906685099
36	136	0.11061550262521366
145	144	0.5240740320831008
145	142	0.5190583637669984
145	41	0.4367680792347255
145	35	0.4217839182809373
145	40	0.4198418366689065
145	137	0.41019861894151904
145	62	0.404150644669784
145	156	0.40366526683934895
145	33	0.4035313294935797
145	150	0.4011091119064572
145	165	0.3669985226623552
145	130	0.3602646586239869
145	113	0.3533967802501136
145	67	0.35147004179706
145	100	0.3483722764015045
145	32	0.3304113987738873
145	52	0.3202987713885509
145	146	0.3122440884654326
145	135	0.30982335883384804
145	38	0.30178290932878554
145	174	0.2973499544783364
145	45	0.29525188238564576
145	127	0.2882347511999175
145	37	0.2688186333454937
145	134	0.2660610623019038
145	34	0.2655778055002501
145	176	0.2644062838754157
145	128	0.25752892966450114
145	2	0.2571740969941562
145	39	0.2564081692281203
145	124	0.2466944663404819
145	123	0.2449468626419619
145	20	0.2402882470597653
145	158	0.23855372086320065
145	133	0.2377613648905113
145	138	0.2316004802045848
145	173	0.22526908620094635
145	27	0.21525958423997696
145	0	0.21351369457941133
145	101	0.21309371391401985
145	168	0.2030100494580525
145	28	0.20073663489796847
145	23	0.1925846568907488
145	171	0.18679092477491868
145	126	0.1836524257960104
145	47	0.16931367673889974
145	136	0.1670884655586394
145	131	0.1639761514573103
145	143	0.16215587631160133
145	61	0.1594769984287899
145	42	0.15463935874697907
145	25	0.15414151532613607
145	153	0.15268658406157504
145	29	0.14662546572179014
145	53	0.1446776830239069
145	49	0.14369847331248306
145	26	0.1387295875030466
145	132	0.13523639244877886
145	99	0.13417598997604788
145	58	0.1306882546795523
145	21	0.123742542258894
145	44	0.1176525921273064
145	4	0.1118006617926597
145	120	0.10850118994801716
145	54	0.10547621893306308
145	60	0.10533777442218953
145	167	0.09925610999420947
145	69	0.0971516043038642
145	65	0.09557438768283943
32	61	0.5161593295162207
32	35	0.4740954135537456
32	142	0.4391199532825174
32	62	0.41922384256580897
32	134	0.39631526811547696
32	30	0.3863819275380509
32	38	0.3655005831978832
32	2	0.3650759666164345
32	67	0.36310688482369774
32	37	0.3491276775080323
32	100	0.34706242869405834
32	31	0.3433453154926108
32	113	0.3333301419695384
32	176	0.3147148283878035
32	135	0.31418316652928263
32	42	0.3138135904784893
32	99	0.3113683949925305
32	146	0.30181017689418
32	65	0.2880238454543663
32	93	0.2764830571489039
32	169	0.2759750235301419
32	144	0.25858367937622284
32	71	0.25501559850194633
32	52	0.25302303938577714
32	133	0.25233028509021826
32	148	0.24083468254714546
32	23	0.23957199761253395
32	156	0.22927110917888802
32	57	0.2287973375280451
32	40	0.2282097101432686
32	127	0.22523111570527135
32	167	0.21613678052005805
32	101	0.21120282825525147
32	168	0.2109066369289868
32	64	0.20619106636009668
32	69	0.2052621201704232
32	171	0.2015522446201025
32	137	0.19748103265745112
32	33	0.1945097351427697
32	22	0.19337411918532013
32	190	0.18871077581459647
32	165	0.1872830835142627
32	28	0.18432872899279112
32	4	0.17941677531005565
32	86	0.1747285421991476
32	41	0.17454433679809264
32	153	0.17111978502496064
32	173	0.16945937296938274
32	29	0.16285686228847415
32	58	0.16273030751633366
32	83	0.16250638980468293
32	160	0.15306746921615197
32	158	0.15241310007069458
32	130	0.14723208110113695
32	174	0.1423075123560125
32	68	0.13686566564890906
32	178	0.1314155454402767
32	131	0.1307570584906166
32	195	0.12256074199951345
32	72	0.12118153583912343
32	26	0.11897383457925385
32	161	0.1188555314636224
32	150	0.1168438648350982
32	5	0.11683400134846116
32	138	0.11567981481781567
32	47	0.11054635859519796
32	147	0.10989437664915704
32	39	0.10246908467352574
32	45	0.09877289429343887
32	56	0.09844412254434047
32	123	0.09414734589711857
146	150	0.5465510825070157
146	137	0.501950348129119
146	35	0.4995377494014106
146	165	0.4873889085593199
146	171	0.460259117688284
146	67	0.4601566505570791
146	135	0.4546369857402723
146	169	0.4537797955582655
146	189	0.4397815972971639
146	2	0.430230905006885
146	134	0.4262458512357862
146	33	0.4185642203871934
146	168	0.41493668858092303
146	144	0.4118856381367251
146	113	0.39857192953453824
146	49	0.39568287960894055
146	127	0.39297201920345337
146	45	0.3898303775349479
146	136	0.3791700618673149
146	100	0.3713947110275085
146	123	0.3635669175456703
146	65	0.3634280584138867
146	142	0.35898477395063433
146	138	0.35000548061486914
146	42	0.31980510968937303
146	158	0.31180179405164404
146	62	0.3029549683237047
146	54	0.29980924818324706
146	40	0.2977874518438166
146	124	0.2880330158505976
146	31	0.2822176465613545
146	61	0.28035747518165505
146	107	0.2695792094849921
146	30	0.2684846158802287
146	37	0.2617255927341318
146	86	0.2447588532271091
146	44	0.2423695364735155
146	64	0.24216244889296415
146	55	0.2394211749912871
146	4	0.2381198509069677
146	20	0.2354863040987352
146	156	0.2343525288159877
146	58	0.2314395924646627
146	52	0.2259524380114135
146	161	0.2145633007327036
146	34	0.20722491979677007
146	153	0.20430405637354845
146	173	0.2026456823373884
146	148	0.20132198307994292
146	23	0.188749351053117
146	39	0.188180307276564
146	22	0.17350674173658145
146	53	0.16785630838503066
146	7	0.15738096374240013
146	72	0.15702986062145613
146	120	0.15257914670876646
146	41	0.15098669911648727
146	128	0.1446581015998889
146	190	0.1306882546795523
146	116	0.12617397298644234
146	68	0.12499289857408785
146	57	0.12003841022098925
146	167	0.11920057277293353
146	101	0.11728769784857805
146	126	0.1172778354010516
146	26	0.11384431218396662
146	0	0.11275843321883774
146	47	0.10946954961314476
146	130	0.10528832896414303
146	99	0.09676428003837498
137	165	0.6065404215388561
137	150	0.5084447174174102
137	45	0.4466199386129759
137	135	0.4204347449776696
137	127	0.4201053957572065
137	67	0.4178793953160046
137	35	0.3989251493598304
137	171	0.3784248960857173
137	2	0.3703856558380743
137	134	0.3670590929521173
137	156	0.34956665577411844
137	153	0.3492945073138049
137	113	0.34375102382428085
137	158	0.3415357106345204
137	123	0.33696960086438804
137	169	0.3277541218593919
137	168	0.3236420960053156
137	49	0.3174960645128469
137	20	0.30437111841656384
137	33	0.3017465518068964
137	62	0.2950327885465365
137	142	0.2905070856322093
137	100	0.2881247169071767
137	65	0.2878495978906015
137	144	0.2811220588294571
137	136	0.2755500042228135
137	40	0.27445924487945217
137	124	0.2727755024188441
137	47	0.26515949474301065
137	64	0.2590781728347176
137	176	0.2576222951447973
137	7	0.2515529690476038
137	138	0.2512719315161583
137	30	0.2503723268691606
137	128	0.24100423495319914
137	41	0.2340595330828495
137	61	0.233114095974454
137	189	0.20626766391596704
137	133	0.1866075475304362
137	44	0.1830049441251824
137	39	0.17733518486752714
137	52	0.1706926369629566
137	120	0.16955649967524722
137	42	0.16932339005124214
137	174	0.15917486770480752
137	148	0.1519539852001384
137	173	0.14643954535966971
137	0	0.14482454009096968
137	130	0.13776831810188336
137	21	0.13443130023256886
137	26	0.1324963917101914
137	126	0.129842848172254
137	43	0.1255047411832334
137	116	0.1253964723473689
137	58	0.12502242976660247
137	53	0.12398870658432455
137	107	0.12145741468101975
137	54	0.12082680696654165
137	160	0.12028480051679916
137	72	0.11910199247583428
137	4	0.11683400134846116
137	129	0.11458452844755505
137	31	0.10515976833738397
137	71	0.10296380932865047
137	22	0.10127164168495427
137	27	0.10100440348952301
137	16	0.09927294248562417
137	75	0.099066988100248
137	23	0.0975151274208996
137	25	0.09654237261719864
137	167	0.09628379873979397
137	37	0.09576958451579276
138	127	0.5242843505712719
138	123	0.5097263560643949
138	136	0.4203771168579781
138	134	0.4068161517464319
138	34	0.3693411827460133
138	2	0.3367479693262094
138	22	0.3367125048163181
138	35	0.3320139349035896
138	33	0.329270656713057
138	37	0.3289585674670401
138	100	0.3116031689088101
138	54	0.30510589726308746
138	144	0.3024099383450836
138	135	0.29532490676671885
138	126	0.271192000415706
138	142	0.269449378798915
138	128	0.2643132724847414
138	30	0.26029982835075705
138	58	0.2367138376804309
138	113	0.2260852861775201
138	23	0.2146014589087886
138	39	0.2143247972966566
138	190	0.21429617516619434
138	40	0.19792305304377916
138	130	0.18888435980018786
138	62	0.18593183503942376
138	7	0.18420314300455806
138	161	0.18273430769115034
138	83	0.1798232246988538
138	158	0.17798403767284696
138	132	0.17170215597346505
138	150	0.16120149359119793
138	4	0.16086056944253793
138	55	0.15850227622095314
138	101	0.15760525880291512
138	38	0.1555957784340245
138	49	0.15269635091473255
138	41	0.14812223526151574
138	27	0.1463123307288414
138	129	0.14605788695273875
138	44	0.1460481002675083
138	143	0.1450203395875621
138	165	0.14207236467207718
138	171	0.13766040427897894
138	52	0.1341170696935545
138	99	0.13338048628164467
138	169	0.12628222029776595
138	133	0.12205837142099897
138	156	0.11401210564529307
138	168	0.10813553111320988
138	107	0.10589152791269077
138	53	0.10256803366794323
138	21	0.09449225000749344
113	158	0.5141023393043416
113	37	0.488021487718049
113	100	0.4449773492145696
113	67	0.4156814550420225
113	134	0.4107058515850074
113	176	0.4014447026372973
113	61	0.39781463170983056
113	40	0.3870962910807165
113	35	0.3743220275952727
113	20	0.3638098821528412
113	0	0.3581133314744632
113	33	0.3496456555722779
113	65	0.347167970018491
113	142	0.3449585686590203
113	62	0.33490254971491024
113	168	0.3183770024544249
113	144	0.3166325731901605
113	58	0.31464275020708804
113	165	0.30805042589072085
113	150	0.2972040942594049
113	171	0.2903788956307846
113	101	0.2784951956986337
113	23	0.2754853179215553
113	169	0.2696255752124823
113	71	0.26303852194662736
113	42	0.24816834696956094
113	127	0.2472484793255181
113	4	0.23283983667407204
113	156	0.2313922701313371
113	126	0.2281717929840384
113	41	0.2274038217335602
113	190	0.2141244346565733
113	2	0.21221531817211944
113	38	0.2119288105427024
113	135	0.20817221240197087
113	55	0.2026360929706819
113	47	0.2015330570089052
113	124	0.19934465874868568
113	173	0.1982016767184858
113	54	0.19512544462763012
113	19	0.19433653920741875
113	39	0.19157339606397494
113	64	0.188758994771739
113	133	0.18740852071562333
113	160	0.18676197133816755
113	52	0.1853042301989264
113	148	0.16460860664246044
113	153	0.157224922817312
113	123	0.1539950758823868
113	136	0.15393649821022048
113	25	0.15079125261379078
113	128	0.15005822335183192
113	34	0.14986272098117004
113	130	0.14581321125021746
113	107	0.1414452258506358
113	30	0.12480586254717704
113	189	0.1119586590629632
113	26	0.1090644447224576
113	28	0.10887670089433278
113	83	0.1081058818158272
113	45	0.1079477489830316
113	75	0.10214253861468392
113	53	0.09418005329263893
16	116	0.5115522956826966
16	117	0.5860116781157271
16	44	0.4383366614312448
16	43	0.3957756534270413
16	120	0.3803168268095721
16	75	0.35733722250804056
16	124	0.35336177532667884
16	121	0.3286910051917292
16	101	0.3136242585877487
16	21	0.3064928216468201
16	52	0.29641073666109985
16	99	0.2912027921776551
16	192	0.2850498636123953
16	58	0.2755037999765144
16	123	0.27045994436093945
16	188	0.257192774127765
16	136	0.25270477904266936
16	49	0.2493972670817392
16	179	0.2402411334158456
16	29	0.2318275942685065
16	143	0.2304740004244366
16	153	0.2295174275273895
16	156	0.2223718803910852
16	148	0.22197261181073727
16	23	0.21607004956810866
16	19	0.21150853346066725
16	133	0.21067730091123305
16	45	0.1899256154987911
16	128	0.17901994419654396
16	160	0.17855528741187215
16	47	0.16791461725329407
16	68	0.1589116972932688
16	20	0.15794654616677925
16	159	0.1565616613882297
16	131	0.14338506667203718
16	190	0.14153342411995504
16	127	0.14002394513860622
16	178	0.13834707272704946
16	168	0.1369932281911729
16	150	0.13567813553924812
16	0	0.13198548530853307
16	5	0.13163173977627518
16	77	0.13098311928413084
16	39	0.12916442032251038
16	184	0.12634126301838255
16	33	0.12215688039368272
16	41	0.1209647607556287
16	26	0.11873722497330773
16	142	0.11867807046366385
16	30	0.11863863365584985
16	7	0.1179188462871963
16	132	0.10831342285597736
16	189	0.1010241994117404
16	82	0.0987154598173806
16	130	0.09811235818273026
16	169	0.09570022607786832
16	78	0.09457252616128424
16	161	0.09445756240027366
37	35	0.4946288181597378
37	2	0.3712136630563053
37	40	0.3510580334267878
37	34	0.31772084572863085
37	100	0.2962100526291169
37	4	0.2707472442035093
37	134	0.2687165793085021
37	158	0.26481547554365664
37	144	0.2612318294397271
37	22	0.2589662239347898
37	126	0.2410324922576488
37	135	0.2263509572767105
37	39	0.22207718935440368
37	142	0.21800442533020245
37	61	0.21559334123979848
37	168	0.20712921203052415
37	33	0.20527169882538174
37	38	0.1997767377279966
37	62	0.19699087270004007
37	30	0.19595256203923547
37	176	0.19216094010752874
37	23	0.18352680746535868
37	130	0.1770349171782731
37	173	0.17245905877804185
37	107	0.1554396481558455
37	42	0.15460031503874305
37	0	0.14818091832811456
37	28	0.14007296446011086
37	54	0.13637499821725246
37	160	0.13350817132089968
37	65	0.13242761994303007
37	58	0.1284268615966516
37	132	0.12580984635647624
37	123	0.12455974899903252
37	127	0.12419547282571684
37	169	0.12239329210528488
37	171	0.11405158551481535
37	67	0.10493230631251016
37	47	0.1038245086662809
37	128	0.09768548897939996
37	41	0.09574184125217802
37	71	0.09505118432567464
35	2	0.5505429011597122
35	135	0.460983919196029
35	142	0.4551921226274051
35	134	0.449760495465304
35	61	0.4219072252276214
35	144	0.4143818899709252
35	62	0.4060147184041141
35	150	0.3856500747870332
35	127	0.3853095126621463
35	67	0.3822311971462709
35	45	0.3762122106073211
35	165	0.3731519917704574
35	33	0.3703597711164837
35	100	0.3663320441497088
35	31	0.3657085031928037
35	30	0.3653879446344092
35	52	0.3343608565471615
35	39	0.3308745498762635
35	168	0.327852301815235
35	34	0.3242775814864594
35	38	0.3134258841422672
35	65	0.29473148385648684
35	40	0.2738118501207296
35	42	0.2697924814791385
35	41	0.26862379767561456
35	171	0.2638481418064021
35	133	0.2544732374568357
35	153	0.2528826371568493
35	123	0.2411266803208641
35	7	0.2406085898058889
35	28	0.2389969244359345
35	156	0.2314301280856083
35	158	0.228503544648272
35	169	0.22732795735342515
35	176	0.2255063862916095
35	53	0.22055555922676445
35	124	0.2101994430767147
35	44	0.20959719920155345
35	132	0.20381529296438705
35	58	0.2014563050174692
35	23	0.1960679516365868
35	148	0.18182554017716526
35	22	0.18148708983683595
35	49	0.180713327710658
35	99	0.17672492886346036
35	20	0.17128480228621829
35	128	0.1672731551676
35	64	0.16254533321845094
35	189	0.16204876679960972
35	57	0.1602078361931272
35	21	0.1594769984287899
35	54	0.1589116972932688
35	26	0.15492241117937128
35	29	0.14710489671466426
35	0	0.14596980575670152
35	136	0.14553915328614445
35	86	0.14208216281258834
35	130	0.13467677403399367
35	143	0.134018867115656
35	161	0.12344712496607985
35	126	0.11960472739996228
35	43	0.115265415072568
35	47	0.1087778852323896
35	4	0.1075820458984036
35	56	0.09814206931422564
52	156	0.6707910994101203
52	142	0.4828238410134037
52	45	0.4798350750051552
52	21	0.4678778777224447
52	39	0.4448409997245926
52	124	0.4446564940588967
52	117	0.3906441837141122
52	43	0.3790929985319365
52	38	0.378467735005017
52	150	0.3656738523943108
52	33	0.3581394838387447
52	44	0.3450819032038987
52	168	0.3427718134860671
52	28	0.33511561425314035
52	49	0.3272006115667669
52	130	0.31123293120828543
52	67	0.31122389983955184
52	165	0.3043076019878287
52	132	0.2998547532218028
52	133	0.29525188238564576
52	41	0.29243782716642897
52	176	0.2833308932348099
52	144	0.2807996874878135
52	53	0.2702189460506597
52	58	0.2656614556592482
52	128	0.2550249481485482
52	134	0.2451348536367909
52	47	0.2443169586668021
52	120	0.2406180108582859
52	143	0.2397322339788586
52	171	0.235136791567466
52	127	0.2327830887447219
52	123	0.22360723854443146
52	136	0.2218585213931385
52	20	0.21930892438110405
52	131	0.2167753888242945
52	29	0.20800000637170174
52	61	0.2064304253277282
52	161	0.20625808935970988
52	42	0.20533874830891324
52	148	0.1984898744020644
52	62	0.19475988563675234
52	23	0.19420182287972215
52	99	0.19385537583893936
52	26	0.17591104286277678
52	178	0.1748448761517507
52	82	0.1679048991901632
52	2	0.164803181035466
52	64	0.16214613924109464
52	65	0.16168846133988504
52	153	0.1603539826973422
52	40	0.15255961225707831
52	71	0.1378075586812392
52	101	0.1336063875661242
52	100	0.1253078865326316
52	34	0.1226592386784546
52	0	0.12056074005470895
52	189	0.11960472739996228
52	54	0.11660713479843472
52	180	0.11305460885178385
52	147	0.10374537037141816
52	93	0.10016300306087976
52	121	0.09826487346776136
156	142	0.5475951415454703
156	45	0.4915104706056821
156	150	0.4751722778335887
156	165	0.4590523816874773
156	171	0.43729393174076014
156	176	0.4126907559307145
156	38	0.4048030354394442
156	33	0.400806988160133
156	67	0.3935130497742229
156	143	0.3673186446497719
156	21	0.3636710512935961
156	39	0.3568748106177507
156	127	0.3449409484657399
156	133	0.3337300829093803
156	174	0.329698547852658
156	124	0.31299297222305844
156	130	0.2962374201740541
156	28	0.29073597041257765
156	44	0.2896919860888253
156	41	0.2865100076565485
156	58	0.27573480847482146
156	173	0.27471813317189875
156	61	0.2728032699973648
156	134	0.2695977559259912
156	117	0.2664512875076641
156	43	0.2651223067309064
156	144	0.2614181712878157
156	26	0.2578183469935159
156	71	0.2532102257790953
156	49	0.2531727900166881
156	123	0.24769908254459685
156	147	0.24421352187276146
156	178	0.2415316372154993
156	128	0.23434307800491744
156	168	0.2319695277268085
156	132	0.2294321668088843
156	62	0.2285604110363584
156	20	0.22317019371179864
156	161	0.2196801350147776
156	135	0.2122535164341981
156	136	0.20869831749415935
156	120	0.2054536857960403
156	47	0.20279910691793526
156	153	0.19375913196419506
156	99	0.1918720012074366
156	179	0.1816804953013827
156	23	0.18138071084557505
156	158	0.17810023379244272
156	64	0.17777099856430725
156	25	0.17402073898960338
156	27	0.16130863323957895
156	100	0.1589409395660257
156	148	0.15887270716255153
156	40	0.1496476548376831
156	180	0.1365712732332067
156	29	0.13656145973693132
156	4	0.13627685669318845
156	160	0.13128778836431768
156	129	0.12873173647688532
156	2	0.12420531856833385
156	42	0.12375238912454126
156	75	0.12115197628060895
156	34	0.11852032098709085
156	131	0.1148312389715731
156	7	0.11140564390361364
156	101	0.1108426826098264
156	169	0.10898539563715888
156	82	0.10541688607160757
156	116	0.10448724018174377
156	53	0.10422018040156908
156	65	0.0988956830344166
142	38	0.6174850357065704
142	134	0.4940998954792761
142	127	0.4619755848934614
142	133	0.4575830849471045
142	150	0.4530091952273479
142	143	0.44710812923523213
142	39	0.4337284888289493
142	33	0.4283629437694022
142	41	0.42431268801879823
142	67	0.40862541804498576
142	45	0.4058810853963892
142	144	0.3985971634453144
142	135	0.398470987857082
142	58	0.3949403984162246
142	130	0.3788103879829276
142	131	0.3735134532878036
142	2	0.3647378978794201
142	100	0.3606300912462802
142	165	0.3601863372409028
142	21	0.35393048266918203
142	171	0.34832834379844435
142	173	0.3419331585347624
142	28	0.34180068948415754
142	61	0.3302154023023031
142	123	0.32852152178692096
142	128	0.3200205470757581
142	174	0.3187543791254622
142	40	0.3182781490235572
142	124	0.3121357839723538
142	20	0.3084214720299466
142	132	0.3002278430551235
142	34	0.2982248241572046
142	62	0.2843146988621374
142	29	0.2633363563025615
142	23	0.2573888724276751
142	158	0.25270477904266936
142	65	0.2425013079825092
142	129	0.23541073897928574
142	148	0.23523126041476605
142	176	0.2321966007138549
142	26	0.22660710823180005
142	99	0.22636044490767626
142	136	0.2257246787457421
142	4	0.21401947560491072
142	30	0.21387634166135727
142	126	0.21346597347488427
142	169	0.211699578204656
142	64	0.2037481998544297
142	44	0.1967121103500384
142	160	0.19224761528387094
142	31	0.1892989848590798
142	120	0.18414517821186333
142	107	0.1837973625701997
142	57	0.17791625431068933
142	168	0.17706397678307048
142	153	0.1762405019489142
142	53	0.1736134281951239
142	43	0.1728859398220524
142	49	0.16957592462124044
142	7	0.16773968712534845
142	25	0.16764249915570814
142	69	0.16126967380722634
142	117	0.15553723049028198
142	42	0.1458523605621541
142	54	0.13740532225550187
142	190	0.1353149284883894
142	167	0.13242761994303007
142	101	0.123003958014233
142	27	0.12275773294111984
142	66	0.12241299245469943
142	22	0.12043262758350275
142	116	0.12039320755433695
142	161	0.11836256552751848
142	56	0.11343960713280347
142	55	0.09855404561450268
45	165	0.6028676548334857
45	150	0.5719862819939644
45	49	0.5695591004514546
45	33	0.4734439580986198
45	44	0.5227381079717971
45	124	0.4242224883474405
45	67	0.4113873049100876
45	43	0.407375114722545
45	21	0.40617338505141937
45	7	0.3965765456117066
45	2	0.3772419025009807
45	136	0.3676213826716005
45	123	0.3369518717151449
45	41	0.31233433601012744
45	134	0.3117656824156273
45	20	0.3005280681693097
45	39	0.29988205559000136
45	144	0.2950419180761379
45	120	0.2941561030834005
45	127	0.2911021168504771
45	171	0.2868312446356974
45	135	0.284094084176131
45	62	0.2801823999175057
45	30	0.2786612266505275
45	189	0.27011697503074433
45	168	0.2574448966205087
45	31	0.2514030876397826
45	53	0.2287594311100162
45	153	0.22353123720080784
45	34	0.21183329990094887
45	65	0.21077286040518092
45	64	0.2044573729369367
45	143	0.20257855595437685
45	117	0.20076542586868
45	148	0.18611526013436586
45	121	0.18388432079917869
45	82	0.1836910763835188
45	178	0.17665711424368746
45	60	0.17531016311581274
45	116	0.17202240887774142
45	128	0.17171186114049705
45	58	0.16892511729270387
45	47	0.1664079290616603
45	174	0.15437580434873888
45	147	0.14881658458278374
45	19	0.13622778492794554
45	133	0.1319363559927728
45	75	0.1284268615966516
45	38	0.12784654883329644
45	42	0.1263609437263554
45	61	0.12263953953590825
45	176	0.12017639061048525
45	132	0.11189941074951293
45	100	0.111731536208951
45	107	0.10642544230233944
165	150	0.5587679207583794
165	67	0.5101851220276468
165	171	0.5054801980075886
165	33	0.4174005607641812
165	169	0.4110217041425768
165	135	0.3791700618673149
165	62	0.3505757233086164
165	127	0.3487763845224071
165	2	0.34649939320033635
165	64	0.3420126334431467
165	49	0.3385199751351294
165	65	0.3351422449111544
165	123	0.3292439090238093
165	20	0.32472493094155325
165	189	0.3155434664427579
165	144	0.3137775291846304
165	61	0.3088647943325482
165	40	0.29603671355079786
165	134	0.2853162780887417
165	158	0.2758087244693985
165	124	0.2667856967519578
165	41	0.26620043846514196
165	100	0.24368684843697125
165	136	0.24331056509095905
165	60	0.2380349521834561
165	31	0.2343808809834143
165	176	0.2331708346498863
165	174	0.2325655403332653
165	21	0.21836633547834106
165	44	0.21633696125850949
165	7	0.21217711926153476
165	153	0.2025881455542368
165	42	0.2010629122499772
165	39	0.1921705708307529
165	107	0.18746641274736806
165	168	0.18087777091501234
165	47	0.17991031301388088
165	167	0.1682061439634633
165	30	0.16508529111903314
165	133	0.16307101969340765
165	126	0.1555957784340245
165	69	0.15502000957167955
165	130	0.15386815622509295
165	161	0.15052738113753858
165	38	0.14871879776546434
165	147	0.14859167055487887
165	128	0.14044548884811214
165	120	0.12583937140150794
165	178	0.11115873983650423
165	25	0.11006232045842228
165	173	0.1071273474209103
165	68	0.10268676978176608
165	53	0.10078664306988404
165	148	0.09836291657110552
150	67	0.5177860094674671
150	171	0.5050706148057971
150	33	0.424861904157902
150	127	0.408600426980602
150	124	0.3658384346578769
150	136	0.3638966432330629
150	40	0.3612910688713585
150	44	0.35560882786298503
150	144	0.3401569459140041
150	20	0.33204952510079416
150	135	0.3288426302957692
150	49	0.3275934484796732
150	189	0.3235346611381347
150	168	0.3125328607633441
150	39	0.30986855860792895
150	53	0.30840337439440324
150	21	0.3009373700847696
150	123	0.3001550522475923
150	134	0.2946492996749867
150	120	0.2881155470392813
150	61	0.2863080542868284
150	65	0.2833492876026724
150	173	0.2696533940489297
150	130	0.265856623806267
150	158	0.2560437734155169
150	153	0.2517215712102329
150	41	0.250972111445496
150	174	0.2460087694338106
150	169	0.241352713137683
150	143	0.2406180108582859
150	62	0.24026940173803515
150	42	0.23963797887397495
150	43	0.23630789076496056
150	180	0.23172350345818396
150	128	0.22610426380057386
150	176	0.22252396309825045
150	116	0.19732726760157565
150	60	0.19570253263216286
150	31	0.19482722951961656
150	117	0.19020513929079136
150	58	0.18511109057512964
150	34	0.18458954219441487
150	27	0.17897154617039476
150	2	0.1722844069411275
150	161	0.16666071830306706
150	148	0.1637231316021581
150	133	0.1579270450474081
150	147	0.15653239659740062
150	54	0.1534287797663054
150	7	0.14921748008566418
150	0	0.14859167055487887
150	29	0.14587193504683016
150	75	0.14533359515212646
150	121	0.1429442899362339
150	100	0.14187639601770474
150	26	0.14106300741870226
150	19	0.14025923161785994
150	47	0.12566221778923034
150	68	0.12494367942776136
150	23	0.1130743531802458
150	25	0.11136614017629692
150	107	0.11086243684402576
150	28	0.1079082149210086
150	64	0.10532788537224017
150	38	0.10483340635395057
150	101	0.10250866451474368
49	33	0.37294539145017797
49	47	0.3329745381685359
49	67	0.3166415705998074
49	136	0.3131643487553371
49	53	0.3130831729394727
49	84	0.3076792860129056
49	124	0.30551395088689354
49	189	0.3026643103037189
49	86	0.29824304528760737
49	43	0.29593635043390903
49	7	0.2899026701146464
49	82	0.2876019501451588
49	168	0.2764645859043844
49	44	0.2573795348939581
49	42	0.25108454961860804
49	65	0.2421436216548148
49	21	0.2340784373170521
49	144	0.22969741080904435
49	41	0.2233412219512736
49	117	0.21939459401355416
49	2	0.21711844507274794
49	72	0.21602238336650254
49	178	0.20844006279484398
49	101	0.18607664540251706
49	116	0.18341084676277464
49	135	0.1680312314647442
49	123	0.1674286741546583
49	30	0.16549381644516806
49	127	0.16290553577421332
49	64	0.15556650459877472
49	31	0.15522495634408098
49	134	0.1540634151317639
49	99	0.14900237151598356
49	20	0.14734947775214238
49	192	0.14395309498835118
49	39	0.14389433783053862
49	120	0.1355996073715683
49	5	0.12650854586436167
49	0	0.12548505616262595
49	19	0.12251149275452725
49	153	0.12113226978888912
49	62	0.11734687204783872
49	34	0.1093707468901144
49	162	0.09887290793080716
33	41	0.4435727653567116
33	44	0.41730146258839584
33	62	0.4124584169140288
33	136	0.40840047641061067
33	34	0.3929635634403035
33	67	0.3919653170471464
33	134	0.37791070263844573
33	123	0.3718773675360807
33	20	0.3671196601293567
33	144	0.3659596911602059
33	38	0.3242149409811477
33	124	0.3228988342100595
33	127	0.32218206013226736
33	42	0.31653359792379704
33	19	0.31019395562646096
33	171	0.29734083862118504
33	40	0.2939825336692201
33	100	0.2933611790476252
33	121	0.2933520396286277
33	22	0.28700560342045445
33	65	0.28695972137289216
33	2	0.2705618949834713
33	168	0.2678628003907911
33	23	0.2650107379624208
33	128	0.26361553042821195
33	58	0.255585839621943
33	135	0.2481214257638041
33	173	0.24305653241714
33	133	0.2379783510134483
33	47	0.2371102641992724
33	158	0.22521213020086106
33	174	0.22028916331361603
33	120	0.2166800859155997
33	7	0.21376182789363526
33	130	0.2119574629459036
33	72	0.20574100471309945
33	178	0.20503222065843302
33	30	0.20086139326604416
33	143	0.19739454100868656
33	126	0.18880721281871396
33	39	0.1887782820997612
33	64	0.18725413560022885
33	107	0.17557185263632016
33	169	0.17306055426758385
33	21	0.1727113145083652
33	43	0.1641804979002065
33	4	0.16255506899277206
33	53	0.1607826385296474
33	101	0.15838528875296914
33	0	0.15528351011144606
33	132	0.15329207248538668
33	61	0.1513677858334553
33	176	0.1510941896626289
33	116	0.13461786182802588
33	153	0.1273743653686108
33	27	0.11659727075917176
33	28	0.11654795021785826
33	117	0.11597578999156358
33	148	0.1058618642089361
33	161	0.10448724018174377
33	54	0.09967789527799617
33	26	0.09912540871689476
33	167	0.0990036158116964
44	121	0.5421813467488135
44	120	0.5179177387653906
44	136	0.4535177086349045
44	117	0.4356506640032136
44	43	0.4284935756451755
44	116	0.4083254848398417
44	123	0.4082338209902286
44	7	0.4028194974092477
44	124	0.35236371929016297
44	21	0.32845907519828904
44	19	0.3152282803341321
44	39	0.30825858527370026
44	30	0.2956899769013044
44	127	0.2598895940325863
44	178	0.2591061589722021
44	143	0.24191768057674895
44	135	0.24022228764134124
44	41	0.2335206880548369
44	153	0.23224390440155854
44	2	0.227043441358487
44	134	0.2015714320766082
44	34	0.19903735540995648
44	31	0.19860514386830366
44	75	0.19157339606397494
44	58	0.19138072875777376
44	161	0.18822853623133445
44	5	0.1858063261905856
44	132	0.18329488095565
44	20	0.16619401338546125
44	65	0.162194824277826
44	99	0.15366312143895386
44	128	0.15061534068134974
44	29	0.14781902280929116
44	100	0.14607746023743273
44	148	0.138101849228803
44	38	0.13782717880869594
44	174	0.13679697624566614
44	179	0.13339030836500246
44	23	0.12479601829992447
44	189	0.120954907068443
44	68	0.12056074005470895
44	133	0.11669591011638013
44	168	0.1161435001181376
44	171	0.11533448448704932
44	26	0.11463387168410738
44	144	0.11444636437803501
44	180	0.10946954961314476
44	60	0.1087778852323896
44	57	0.1058816400323775
44	188	0.10439822192737212
44	72	0.10436854880410862
44	86	0.09615004852901587
120	121	0.5886122777885388
120	136	0.4698984485242858
120	117	0.4456107026141185
120	124	0.4089335907869122
120	19	0.4070914999752853
120	20	0.3766671059794879
120	43	0.3070635305275407
120	123	0.2873267408727164
120	143	0.2775171204808201
120	133	0.2690598279832947
120	21	0.25429553262639115
120	116	0.2492941061417201
120	58	0.23564687052338434
120	75	0.2308148495538877
120	188	0.2292237368979479
120	128	0.21586031058005392
120	55	0.2094537843416131
120	54	0.20665061375980426
120	29	0.20564523567915896
120	39	0.20362359328740712
120	132	0.1987972474345568
120	129	0.1738655799856016
120	5	0.17012948013886747
120	23	0.16987699442659168
120	134	0.1683810458708147
120	153	0.16454050257737227
120	77	0.15885321191135046
120	65	0.1565226416060431
120	53	0.1548638506923108
120	178	0.1510941896626289
120	41	0.14204297008350533
120	126	0.13216234547458772
120	127	0.130894662333575
120	131	0.12313198906964995
120	148	0.11629147414220165
120	101	0.11422924046821893
120	168	0.10998328885986958
120	130	0.10468505252866084
120	47	0.10162793653949152
120	158	0.0991283792384714
120	173	0.09615698381052512
120	4	0.09607078750605542
179	192	0.5811649508364017
179	178	0.2840756982606401
179	82	0.4447126519529974
179	180	0.3869092407327903
179	184	0.3854883208729367
179	47	0.3640354478274814
179	159	0.31984101821767724
179	76	0.30629347453531386
179	153	0.3039718273501568
179	173	0.30281872939051196
179	71	0.2936353366768272
179	91	0.2835700037523829
179	160	0.2735805775265701
179	5	0.2682711820216014
179	188	0.25275158546595256
179	84	0.2371574525759213
179	78	0.2318275942685065
179	93	0.2315153059198571
179	77	0.21179509451112016
179	176	0.1955678908714588
179	75	0.1907255496711471
179	117	0.18661719928865705
179	168	0.18567115603402215
179	147	0.1491685930137828
179	66	0.13989649169095233
179	189	0.13184792159110034
179	101	0.12536694396455342
179	22	0.1218711977492362
179	121	0.12134903594287665
179	7	0.1124029960130517
179	43	0.10559488240262137
82	159	0.4095579791585499
82	47	0.4657271175363645
82	168	0.4605979600707942
82	180	0.4486749390521173
82	189	0.4277095158346251
82	84	0.4083004864246715
82	153	0.309099972101428
82	91	0.3059037639798325
82	184	0.2934525702881192
82	192	0.26356900447239673
82	76	0.2474080802078079
82	75	0.23567520443964424
82	43	0.17969742548973033
82	66	0.17454433679809264
82	53	0.14594044484366192
82	93	0.14267000022472764
82	117	0.12233419047841446
82	178	0.11852032098709085
82	0	0.11794842903690722
82	34	0.09714467036818833
5	47	0.2545012945437765
5	77	0.2372707001136005
5	121	0.22618966098013346
5	101	0.21992757344225491
5	7	0.21178554306251154
5	153	0.208946979698948
5	99	0.20797130411268774
5	192	0.1968755266224101
5	72	0.1961641054868315
5	148	0.1864917236225738
5	30	0.17485457042749325
5	0	0.17340005120558097
5	178	0.170381943515395
5	31	0.16775912432808535
5	159	0.1554591648654851
5	19	0.13922973666487642
5	34	0.13668903309720706
5	117	0.13583518675952713
5	93	0.1255834802772903
5	84	0.12454005925260557
5	64	0.11962444124698594
5	71	0.11722852281646287
5	43	0.11547261996963333
5	123	0.1122943844582671
5	55	0.1113957680047866
5	83	0.11022037947935716
5	116	0.110151229343191
5	68	0.1029242332275166
5	62	0.10120235911010088
192	184	0.4098325885803467
192	188	0.29620093000604786
192	76	0.2856836739881181
192	159	0.2845077120171622
192	84	0.24977235004513726
192	117	0.2455953536492109
192	160	0.2278305074171165
192	178	0.21618444424952935
192	162	0.21103085091337
192	190	0.20807654397774064
192	99	0.2003623207395762
192	78	0.18708044128764256
192	180	0.1742631576336855
192	75	0.16805066670953206
192	77	0.15866800084867602
192	101	0.15233495749831094
192	116	0.15163158874982502
192	71	0.1496085503804523
192	66	0.14451123730917775
192	189	0.13588426386626826
192	58	0.1316415664941906
192	93	0.13055064328145186
192	173	0.1283973562867456
192	43	0.12245239286412465
192	47	0.11264983046329825
178	72	0.29595459875942953
178	173	0.25007236246316755
178	43	0.23491004821062986
178	41	0.21573636454017708
178	161	0.2020894348795884
178	147	0.1614839444618988
178	67	0.15053715453790184
178	101	0.14813201584506244
178	71	0.14735926061904112
178	99	0.13922973666487642
178	148	0.13592352507152144
178	117	0.13515785470980093
178	184	0.12880057582624788
178	168	0.1285645500359177
178	136	0.12755144094560678
178	42	0.12635110338480238
178	86	0.12330925607122073
178	30	0.11916114093600462
178	143	0.11789912433777334
178	56	0.10959798991888388
178	159	0.10717677334269746
178	195	0.10711746217300648
178	134	0.10702849398910574
178	91	0.09932244948399216
178	144	0.09719716993222638
178	93	0.09561303129469996
117	124	0.4629425265881068
117	43	0.4488985443787027
117	21	0.4037740781945037
117	101	0.3983111437916443
117	75	0.3625598231158723
117	121	0.34715038040835056
117	0	0.33889179202404257
117	116	0.32830740724280194
117	188	0.3081680848197873
117	136	0.3055592832556629
117	143	0.304107961311229
117	133	0.28315613634430953
117	58	0.2828985656011884
117	29	0.27801545724584403
117	132	0.2668692890299027
117	53	0.2605328741802947
117	23	0.255585839621943
117	39	0.2443733763931284
117	99	0.2408535224295106
117	148	0.2333504966470112
117	123	0.22735640681939004
117	19	0.21600331659753036
117	77	0.2052621201704232
117	159	0.19727921403002865
117	127	0.18267631056496847
117	161	0.1769089886578427
117	20	0.17481579312113035
117	28	0.17469945794860464
117	153	0.17331275592548434
117	128	0.1696050617931765
117	30	0.16269136650899854
117	184	0.15293074643817042
117	76	0.15089874965009467
117	131	0.14893392492165627
117	56	0.14770164278335504
117	168	0.14430561660667374
117	100	0.14071995506573307
117	55	0.12763013859279204
117	134	0.12501258606037546
117	130	0.12114212304668548
117	31	0.12109285651901275
117	41	0.1141404139040096
117	27	0.10485318651161377
43	116	0.4708718705655047
43	21	0.4670729671089382
43	124	0.3854968348276608
43	75	0.3829226413615582
43	188	0.3764611381100197
43	148	0.3457688345819343
43	123	0.2824109092766558
43	136	0.2815640649380897
43	132	0.2742927956760937
43	121	0.2692824392381933
43	127	0.2654569704332869
43	58	0.25942330478012465
43	77	0.2548472967102255
43	128	0.25108454961860804
43	29	0.2461215036674797
43	153	0.2325466219798837
43	39	0.2260188631453835
43	23	0.2253545173141589
43	143	0.2222768232029164
43	101	0.21565055167035133
43	53	0.21403855943650324
43	133	0.21314144295889664
43	20	0.19354738231362534
43	19	0.1910917001470947
43	7	0.1847634032219745
43	129	0.17124597555956164
43	28	0.1598765447874944
43	26	0.15766376788450845
43	30	0.15118213381561146
43	147	0.14895348123712182
43	41	0.14744730512347567
43	47	0.14523570591518126
43	78	0.14458956572364706
43	168	0.13310545731660672
43	99	0.12788589484246346
43	76	0.1204621923561434
43	161	0.1107834193817811
43	0	0.10349805473757592
43	184	0.0976062517567234
53	124	0.4479718137126862
53	21	0.3713516069286817
53	27	0.33130193254209506
53	29	0.3091451942628441
53	23	0.3082947838931238
53	25	0.3043892654705381
53	168	0.3033908496829064
53	40	0.2879596512016964
53	20	0.2648433715049472
53	19	0.26090568435727723
53	0	0.26015998629177217
53	133	0.25566995851582464
53	47	0.24684472310284214
53	39	0.24660994169842665
53	128	0.2274702008019423
53	130	0.2258575413179402
53	26	0.2214781761416955
53	28	0.19939267135544425
53	136	0.19356663302732025
53	132	0.17391406810204535
53	153	0.17123626879478096
53	144	0.17036252404935665
53	148	0.16631069660384462
53	123	0.16598008206602838
53	134	0.16573695932962115
53	101	0.16387883867976186
53	126	0.1631683588900166
53	34	0.15623973358016285
53	42	0.14202337355194394
53	67	0.12883007802459204
53	31	0.12156579052325325
53	100	0.12050161172058915
53	41	0.11294601344963275
53	75	0.10723608374957973
53	121	0.10665283166612977
53	58	0.10248887463469963
53	129	0.10040058951442496
53	72	0.09877586502430466
53	2	0.09861643331436667
124	20	0.59273374675724
124	21	0.4664472591666936
124	128	0.4431710546953161
124	19	0.4394508348956404
124	136	0.4056221220523042
124	123	0.385343573600346
124	121	0.3825983134887462
124	133	0.3676819209299708
124	23	0.3618560907988001
124	29	0.34377747860846586
124	39	0.3129839518408322
124	144	0.3057405988775943
124	0	0.2882255819662069
124	100	0.2821348126696341
124	101	0.2805785962237709
124	126	0.27843062361010984
124	132	0.2753559378349313
124	148	0.27486605146047177
124	134	0.26745432248522233
124	116	0.2541645812357051
124	168	0.253958781651051
124	58	0.2424354233461252
124	27	0.23381376193677386
124	26	0.2337286803453857
124	127	0.22246693335173892
124	31	0.20869831749415935
124	40	0.20707178546753852
124	25	0.20614319160436154
124	30	0.2025401971664239
124	67	0.18824782755907127
124	41	0.18784267919293196
124	47	0.18061659169351285
124	75	0.17804213635327898
124	153	0.1749902867274085
124	131	0.172410545466102
124	143	0.16127941371244162
124	28	0.1584047869732081
124	55	0.14618511125852304
124	65	0.13920031808959424
124	64	0.13736607724872724
124	169	0.13615908333358018
124	42	0.1345982242145315
124	7	0.13311528013290402
124	99	0.1302557447816805
124	2	0.12194015747961033
124	77	0.11899355143686913
124	130	0.11686359173922126
124	135	0.11090194504960954
124	188	0.10864942165817484
124	62	0.1065836273874397
40	67	0.4094248084712343
40	130	0.3623774136516627
40	20	0.3250827059387774
40	144	0.29969092869847624
40	62	0.27031164171765765
40	100	0.25456675941378226
40	27	0.2499036113825577
40	42	0.23360577839421776
40	134	0.23087165223747885
40	171	0.2178615495485606
40	158	0.20988400186326506
40	173	0.20844962830230754
40	168	0.1945001134644256
40	4	0.1903882588517819
40	126	0.18934719269747144
40	39	0.1862311008798356
40	41	0.1811872836238141
40	64	0.17955226525279006
40	176	0.17356493485533206
40	25	0.17146922197036027
40	174	0.1653187411083501
40	23	0.15918461432290792
40	128	0.15917486770480752
40	38	0.15362406569311318
40	34	0.15291121413469536
40	107	0.15202236817169887
40	61	0.15190513932974375
40	127	0.15114304782077148
40	0	0.15004844851186827
40	47	0.1480439895502146
40	65	0.14638083151628514
40	169	0.13414652995336046
40	28	0.13358674452697408
40	19	0.12538662957777952
40	69	0.12214702960468392
40	101	0.12181208847241445
40	131	0.11434767304590948
40	133	0.11392327462245087
40	129	0.10056887299320083
40	22	0.09597468188159394
84	86	0.5176249736433559
84	91	0.3997404665745464
84	78	0.3858373391802957
84	76	0.3402011598245912
84	184	0.3315600770515169
84	7	0.32215517391080384
84	159	0.3052872682714874
84	162	0.2715718046730283
84	66	0.26958848273049124
84	180	0.24155047037388525
84	68	0.2400526675233435
84	60	0.2339744618388754
84	69	0.2312408313071739
84	74	0.2257531500040157
84	189	0.21750908270499048
84	93	0.19575061718754536
84	75	0.16733147576369542
84	188	0.15876548174819186
84	72	0.15462959786519795
84	195	0.1403278538583609
84	77	0.13891592586847654
84	121	0.12441207351063745
84	31	0.09464289066734098
176	71	0.5235080306301493
176	61	0.4530091952273479
176	171	0.3309279801374112
176	62	0.3045253613318594
176	130	0.2782922463737032
176	158	0.26978320933395394
176	47	0.2380726853986246
176	38	0.23800665180052405
176	67	0.21791870098213972
176	160	0.20107250796773665
176	153	0.196798626209228
176	28	0.1958371670151437
176	25	0.16826444577657795
176	180	0.16582448583723894
176	39	0.16303208312574996
176	4	0.15526399231020305
176	174	0.15255961225707831
176	135	0.1517390578216061
176	147	0.14215074901646574
176	127	0.13520694099575567
176	173	0.13109123050248375
176	132	0.13046217615458258
176	2	0.12793507678783364
176	69	0.12128991904783235
176	133	0.12121109518271428
176	168	0.11934843881148464
176	134	0.11317307348270858
176	26	0.10461581914865054
176	41	0.10232065738025467
176	21	0.10101430146063003
61	62	0.5133147086379134
61	67	0.4900529354025916
61	65	0.4785948070627698
61	171	0.4343128595485893
61	169	0.4166074975227714
61	31	0.3765641266983604
61	38	0.3753877873111113
61	158	0.366652347028694
61	167	0.3653792796862497
61	68	0.3469216932529276
61	69	0.33938738323707923
61	71	0.3343430923720188
61	147	0.32916366278582
61	135	0.2903972091263646
61	148	0.27893790788835565
61	42	0.2783199227453996
61	134	0.2782922463737032
61	39	0.2643969829576533
61	133	0.26270339836200624
61	4	0.24994111293506746
61	86	0.24247307198363086
61	28	0.2325466219798837
61	2	0.225980906183304
61	100	0.22402519730893594
61	153	0.22054604565332908
61	168	0.2176329288762584
61	107	0.21358050241395102
61	64	0.20990312075712275
61	29	0.19709660181413788
61	130	0.1870225405832774
61	23	0.18055854840575936
61	160	0.17783878554370222
61	60	0.17345824654538114
61	41	0.17167304027240787
61	132	0.1636160782536282
61	25	0.16321702729725168
61	30	0.15260844816275368
61	127	0.15154365684255308
61	26	0.14724186431387554
61	93	0.142650407263403
61	57	0.14219973832645927
61	189	0.1412002188799525
61	173	0.13899438118565696
61	58	0.11818508349357935
61	20	0.11736659659577622
61	129	0.1113167600222331
61	34	0.10443778580258542
61	91	0.10432898435071752
61	190	0.09974719929652097
61	131	0.0986104916620566
71	173	0.30722654967335744
71	67	0.2517215712102329
71	160	0.2230276596817698
71	47	0.21047661286957106
71	171	0.20546326366419185
71	153	0.18516903396455106
71	62	0.17824547195731918
71	158	0.16329489509649756
71	4	0.1624771819120994
71	38	0.1582195488948853
71	25	0.14797552303240147
71	147	0.12349636270249288
71	168	0.12169386732707793
71	180	0.1012518467637718
4	107	0.6486010004445997
4	134	0.4283547786825422
4	158	0.4000512973842221
4	160	0.3426570824013533
4	171	0.3109438995321647
4	55	0.2972496770683148
4	38	0.2960549606880437
4	2	0.2841400480507563
4	173	0.2788733530729381
4	127	0.24832787035811846
4	23	0.24804634941307396
4	130	0.23582631189207204
4	65	0.2354296305260173
4	54	0.2353068322927853
4	153	0.2332086595515543
4	169	0.21735664703347785
4	190	0.21722325712298493
4	58	0.2168897468606407
4	129	0.2137427416944212
4	66	0.20997003562141148
4	136	0.2022620773725193
4	69	0.2001991398430739
4	67	0.19669288418748776
4	30	0.18505314589857827
4	126	0.18387465891584664
4	135	0.18141939460640424
4	57	0.1753198557622873
4	20	0.17209033664003273
4	28	0.1667093291081997
4	68	0.16380098616115887
4	131	0.15952572639454846
4	161	0.1531748901455127
4	133	0.1503416809422797
4	22	0.14810267400750082
4	100	0.14543148154379404
4	39	0.13783698883186254
4	159	0.1284071914153062
4	26	0.12764981275352355
4	83	0.12640030484386214
4	64	0.11836256552751848
4	123	0.11135626418947056
4	128	0.11127725550319607
4	74	0.09940859048886533
107	134	0.3487500335956897
107	2	0.34226868597372456
107	160	0.30912710556602857
107	158	0.30402628242461355
107	169	0.30065541841358645
107	64	0.2911844880523768
107	65	0.2633270497384198
107	55	0.2616138092581839
107	67	0.25850902707361195
107	171	0.25024109835246816
107	173	0.2467789872293034
107	34	0.2406462737434461
107	38	0.22599988475012645
107	20	0.2257246787457421
107	129	0.20759814216958689
107	123	0.2049651623709104
107	127	0.20460109810540594
107	23	0.19961351701289892
107	136	0.198413025040342
107	77	0.1910531604940456
107	39	0.1887782820997612
107	132	0.1876883201345543
107	28	0.17891346739565786
107	7	0.1769380495998917
107	126	0.16446266743913476
107	30	0.16367447146705025
107	26	0.1601591191304639
107	133	0.1539950758823868
107	153	0.14956944545518974
107	135	0.14765273321095865
107	22	0.1446483108453897
107	54	0.13811165849404833
107	72	0.1309929477054816
107	190	0.12952823004357136
107	131	0.11898369301979142
107	174	0.11637039151128327
107	62	0.10440811292715832
107	69	0.10412126555560676
107	57	0.099994705743404
107	83	0.09415031930511053
160	66	0.4341181098909737
160	75	0.34845135123015114
160	169	0.3309457897529741
160	158	0.3138766955642901
160	167	0.3080232724917372
160	74	0.30661966490431364
160	38	0.2883539464276052
160	68	0.28292616441899754
160	173	0.2738303505608289
160	133	0.2691154834932861
160	91	0.2662561858142707
160	171	0.2605049102830935
160	195	0.2587143134734975
160	69	0.2456987159778594
160	174	0.2403165147027351
160	135	0.2400432437535537
160	65	0.2263794200407489
160	190	0.22520263738451826
160	78	0.21532633966578324
160	162	0.2130746220112733
160	76	0.1983457798474846
160	159	0.1948945715656467
160	22	0.1828116352143775
160	7	0.18073267449459468
160	100	0.17781941800749168
160	134	0.1762405019489142
160	180	0.17537801092736274
160	77	0.17528108497248934
160	132	0.1710615413458814
160	28	0.16955649967524722
160	184	0.16284712749619665
160	189	0.16210719064331966
160	99	0.15902866471090404
160	188	0.14101400201170364
160	147	0.140406277625265
160	153	0.1356585036571077
160	23	0.1264593457737999
160	116	0.12056074005470895
160	130	0.11996941828677915
160	64	0.11421937094013915
160	39	0.1079082149210086
160	25	0.10773030742026
160	29	0.10456636611349407
160	2	0.10406191565917927
160	57	0.10265708602751177
160	31	0.0979281452656498
160	58	0.09667710326894588
47	168	0.567589839048313
47	153	0.4472841326705978
47	67	0.3450995214519032
47	42	0.2878129117638579
47	0	0.2688464652173045
47	101	0.26581945060075396
47	62	0.2297163555040002
47	189	0.2129123342694115
47	41	0.2043902981742856
47	72	0.18568081127831307
47	130	0.1847634032219745
47	180	0.1832368961388235
47	171	0.17641490548576166
47	144	0.17420497908433913
47	148	0.16003245111650988
47	19	0.1557323860508751
47	20	0.14934458305804288
47	21	0.14703641079909774
47	22	0.14697770746364258
47	34	0.12311229225088105
47	39	0.1163506623067284
47	65	0.10216232991228673
47	23	0.10112317782260233
47	126	0.09892836017600892
47	2	0.09580426338607112
93	91	0.4270147585362294
93	69	0.378913163633331
93	195	0.3100583823628929
93	78	0.29165117661965245
93	38	0.28849146827856553
93	99	0.27552228182779953
93	180	0.2705062863051437
93	184	0.2641737461798914
93	68	0.2522085582723674
93	7	0.2261422185317601
93	190	0.2174614476970308
93	60	0.2060474391323532
93	86	0.20088058628295286
93	121	0.2008326034515491
93	76	0.19669288418748776
93	167	0.1964429303140209
93	83	0.1940382289195181
93	31	0.1876690246002363
93	30	0.1854394194188022
93	75	0.18483101272137886
93	188	0.18374905119978924
93	66	0.18137103981765665
93	162	0.17905866199365625
93	22	0.15482480976298044
93	133	0.13929837905140002
93	64	0.1372777744068084
93	131	0.12667582151517431
93	174	0.12569174394812244
93	132	0.12287592286418565
93	74	0.12061001301304658
93	147	0.11688331855113016
93	101	0.11328166323453087
93	135	0.1078884477620074
93	128	0.1068011230686875
93	65	0.09558231460106976
83	190	0.6406113994375079
83	55	0.5224473492428473
83	54	0.4041673777796561
83	23	0.2480838879609437
83	74	0.24192709531233103
83	131	0.2316856509386336
83	22	0.2284656328565697
83	58	0.2273848558972674
83	101	0.21931844339618453
83	30	0.2146014589087886
83	75	0.2076459868234924
83	133	0.1762211230949005
83	128	0.17276952415319793
83	77	0.15912613414891572
83	134	0.14947168109516093
83	148	0.14292469854162745
83	168	0.14263081419028026
83	100	0.13773888738353776
83	29	0.13743475572748606
83	116	0.1347258668116967
83	129	0.1338813790848596
83	42	0.13235884690083755
83	195	0.13197565949724807
83	126	0.13184792159110034
83	132	0.1300886253977245
83	143	0.12937091119453722
83	169	0.12889891560046485
83	136	0.12826949731783108
83	167	0.12622317668241712
83	25	0.12334864767000045
83	21	0.11372586582969192
83	123	0.10975606527047338
83	72	0.10533777442218953
83	64	0.1009054226790556
83	159	0.09804897385104347
83	188	0.09554763424432516
83	20	0.094772715653745
190	55	0.4668070983311879
190	100	0.3704201679053829
190	54	0.3274595395206458
190	23	0.3163356267148875
190	169	0.3118830419391437
190	58	0.2918890428707656
190	101	0.28753773889427503
190	99	0.28397457199127896
190	22	0.27668622735374393
190	167	0.2560250844880938
190	133	0.2529481595229073
190	29	0.24832787035811846
190	30	0.24270835941835295
190	74	0.2399018817784966
190	158	0.237336758199378
190	131	0.2200227345353269
190	128	0.2084113660331993
190	134	0.20812437868762906
190	127	0.20265527166522995
190	65	0.1968755266224101
190	64	0.19526972931263487
190	20	0.19447124820482944
190	116	0.1889615044501997
190	75	0.18806455408258851
190	148	0.18211560618792236
190	38	0.1635187536836725
190	0	0.14220953610487072
190	123	0.14162162014236238
190	126	0.14041608047227291
190	143	0.1350793152724059
190	2	0.13097329083703296
190	195	0.12673485826056638
190	26	0.12504211710521376
190	132	0.1213884467280162
190	42	0.12114212304668548
190	57	0.1152358135536933
190	62	0.099099664122563
190	21	0.0941314876927956
55	54	0.5746178682455841
55	158	0.35975983175732
55	123	0.3084848119960561
55	169	0.2956534737720771
55	58	0.2905345535618081
55	136	0.2865100076565485
55	20	0.2850131133303782
55	127	0.278928685926197
55	23	0.26744503777853645
55	74	0.261250464500989
55	126	0.2572768188510497
55	161	0.2262181259340885
55	134	0.22335072311703896
55	100	0.2230656696891789
55	133	0.2197753069875492
55	143	0.20356608033888116
55	128	0.18995453318183345
55	64	0.1889422185063195
55	129	0.18449294774161304
55	121	0.17302175199721656
55	77	0.16862394759659047
55	131	0.1683713293762204
55	22	0.15965241546705353
55	167	0.15436604265255918
55	57	0.14575448642607114
55	30	0.14211155706705791
55	38	0.14002394513860622
55	19	0.1335572797714493
55	135	0.13255533792388202
55	29	0.12585905464101887
55	101	0.12355544718352282
55	65	0.11282754266073952
55	116	0.10988449740604084
55	75	0.10483340635395057
55	99	0.10255813885980994
55	31	0.09795587667179756
116	148	0.39976567249904543
116	21	0.3584532683685241
116	75	0.33506235133074497
116	143	0.33300121174078723
116	188	0.32977876237032544
116	30	0.3240449024209875
116	121	0.30597627603611555
116	99	0.2842779318379403
116	127	0.2800349536572241
116	29	0.2746903970448994
116	31	0.2743205383516641
116	133	0.2623682113839573
116	77	0.25119698101636706
116	169	0.2468259416564691
116	128	0.2443075555515919
116	26	0.2409948157609114
116	20	0.21753766321245452
116	74	0.214362959564722
116	58	0.2127118449572004
116	123	0.20948246803473405
116	86	0.20557819501161392
116	7	0.20095735680825674
116	22	0.2003623207395762
116	78	0.19522163535646955
116	23	0.18921220845042253
116	39	0.1857097767960438
116	57	0.18170950490918844
116	101	0.17409831525203973
116	65	0.17329335660447126
116	42	0.17207092887491685
116	167	0.1683421796961267
116	100	0.15296981068665638
116	68	0.1498431700992765
116	147	0.14704619458765072
116	19	0.14344383260975652
116	28	0.1424348773133968
116	135	0.1401415903566384
116	132	0.13953371421003058
116	25	0.1322409472925191
116	76	0.13139589078953245
116	129	0.12140815197707383
116	153	0.1179188462871963
116	56	0.1166761824290487
116	136	0.1157488775310926
116	27	0.11347909221183687
116	162	0.10621781620378623
116	0	0.105021314500683
116	131	0.10325072630505933
171	67	0.6199229900071911
171	173	0.4717119850617122
171	169	0.37824495492299226
171	189	0.3671715723751228
171	134	0.3342009704189794
171	158	0.3313197372047081
171	153	0.3227375922984165
171	65	0.3199307855185581
171	127	0.2922457745503069
171	147	0.2774155891145311
171	174	0.27584568124355896
171	168	0.2758087244693985
171	62	0.2569499564079826
171	20	0.2342107619997036
171	144	0.22724260662743856
171	123	0.2266829987933308
171	42	0.21558380602412935
171	130	0.2093199223414698
171	180	0.20574100471309945
171	64	0.19624102585104372
171	38	0.1867426688667495
171	66	0.18483101272137886
171	167	0.1783326111288447
171	2	0.17522292776845266
171	58	0.1664954355069681
171	100	0.16423888001087075
171	135	0.1639274954673421
171	41	0.16054883376576182
171	68	0.1598570559353723
171	136	0.14382578653079267
171	161	0.14335568332397233
171	148	0.13831764680230452
171	60	0.136522205483819
171	39	0.1346374993357776
171	75	0.1311108867527316
171	23	0.12141800456571801
171	26	0.1155811518587689
171	54	0.1099437725389984
171	57	0.10628702593336818
171	31	0.1053971082843093
171	143	0.10142999816641407
171	21	0.1003807910802396
171	34	0.09984620335827643
147	195	0.3658470962485864
147	148	0.35109310326459403
147	188	0.3215276812775497
147	67	0.2873634381846912
147	77	0.2647224858050632
147	60	0.26144612088480296
147	31	0.2405897475650892
147	173	0.2395437192515625
147	75	0.2276598436333445
147	180	0.2269485940777843
147	167	0.2242816312237989
147	64	0.2200512820467739
147	68	0.2196420650547382
147	184	0.1967409493102098
147	174	0.19020513929079136
147	69	0.18912542908626687
147	86	0.1858739086321084
147	189	0.18447362842328535
147	38	0.18285029812787687
147	78	0.18181587076485467
147	169	0.17111007782815826
147	62	0.1450203395875621
147	91	0.1336063875661242
147	21	0.12411670600452387
147	65	0.12082680696654165
147	76	0.10022240074621053
147	42	0.0986312874143789
195	91	0.380060189802886
195	167	0.3698419559279096
195	68	0.35829638622214194
195	74	0.31974226755424195
195	66	0.29407388841023546
195	184	0.2693751854371836
195	86	0.2619025688770374
195	188	0.26021592442542524
195	78	0.2419929971858207
195	174	0.23993957930021295
195	180	0.23701588408947655
195	38	0.23409734137425264
195	69	0.21527865742408855
195	76	0.1944327606681164
195	75	0.1802779881258596
195	60	0.18013285922536654
195	77	0.1750581423840806
195	121	0.1672439944305277
195	169	0.15105510260458266
195	162	0.1321426947603599
195	129	0.1256523756867927
195	131	0.11544301988488108
195	57	0.11475229314358125
195	99	0.11433780378852786
195	22	0.11003268377200626
195	23	0.10644521573275348
195	148	0.10481362611334236
195	31	0.0946478458786123
21	28	0.4825937433497506
21	39	0.4615979434728265
21	29	0.4485711031923124
21	132	0.4056555403378425
21	128	0.3839121108958645
21	143	0.3410144271717919
21	26	0.33156897770115873
21	133	0.3309635991327778
21	131	0.308276684695004
21	148	0.29909919303651955
21	31	0.2832389182686877
21	127	0.2763445178365106
21	20	0.27309942921371216
21	75	0.2640993276287497
21	123	0.2428683385668904
21	23	0.23058762308965816
21	30	0.22991526428879294
21	130	0.2177377163171736
21	58	0.21505930589404348
21	25	0.2021086179992579
21	99	0.20111089045287128
21	121	0.1984898744020644
21	27	0.19411521565754167
21	38	0.19409596919716254
21	7	0.19117841221215676
21	153	0.1907062771223402
21	134	0.17749983378174866
21	101	0.17745140866156608
21	188	0.17689930160860842
21	41	0.1696439108945162
21	2	0.15634704654143125
21	136	0.15011687177549712
21	0	0.14809289333703618
21	144	0.1412296206303433
21	168	0.1395631299971649
21	77	0.13675772456741506
21	135	0.12078739074075248
21	76	0.11017098663379604
21	34	0.10341891103023394
21	129	0.09671771990297433
28	132	0.5240812855091761
28	39	0.5097781667485967
28	133	0.4720695518384146
28	131	0.4171445368450981
28	38	0.3920584129837549
28	29	0.34160637697223245
28	26	0.2929132844828541
28	130	0.2701633262456831
28	58	0.2270244722468385
28	129	0.20991268014385592
28	128	0.2039973931823892
28	143	0.19458670722189472
28	65	0.18872041967882805
28	127	0.1860187222269754
28	134	0.18485998768560813
28	25	0.18354613375263715
28	23	0.1659898065560109
28	27	0.15710788697092215
28	31	0.15077170731488548
28	20	0.13260445905239712
28	158	0.12977402768842256
28	2	0.11792870722702498
28	34	0.11461413445734965
28	66	0.11160315725666096
28	100	0.11155377974440328
28	169	0.11087231392827644
28	57	0.1103586765499245
28	75	0.10311221680354286
28	62	0.09859959861456093
28	67	0.0982777479235046
0	101	0.6254394448730319
0	100	0.4936008617202975
0	168	0.4007062608649629
0	99	0.2785136444043931
0	65	0.27711095784246376
0	144	0.2514967649331468
0	75	0.22134503937595196
0	58	0.2088513435850116
0	19	0.20424656007766087
0	153	0.20351815180854316
0	72	0.19388424827381606
0	20	0.18289862597442227
0	158	0.17559123605874513
0	189	0.16789518109439813
0	148	0.16696209222652486
0	23	0.15724442836244718
0	30	0.1548638506923108
0	29	0.1534287797663054
0	161	0.14433499175616546
0	64	0.13299740461188245
0	134	0.13293846544020574
0	126	0.13254551362003586
0	41	0.1309929477054816
0	39	0.12781703906232508
0	27	0.12677421559205562
0	42	0.1235357524538282
0	25	0.11906255969937887
0	127	0.11370612445624365
0	67	0.1133310213181602
0	62	0.11225488868203326
0	159	0.10346837600085412
101	100	0.4630289474507685
101	99	0.3803510406535197
101	168	0.2897835912901103
101	58	0.2862529716787757
101	75	0.27623367811655336
101	153	0.24006209124788944
101	23	0.22137356937770045
101	136	0.21760434961242525
101	72	0.2107155251920883
101	20	0.20753115798549512
101	133	0.2063634073058536
101	127	0.19453859995321449
101	41	0.19265205976248068
101	123	0.18738922308236786
101	161	0.17868113983106707
101	144	0.17188654844596546
101	148	0.1645696902259773
101	65	0.15776128056039146
101	42	0.1558982587199492
101	126	0.15016574465486462
101	19	0.1463123307288414
101	29	0.14286592368584244
101	27	0.13935721431728562
101	134	0.13229007258425232
101	169	0.1299903164242101
101	30	0.12540631509227332
101	128	0.12216673115861475
101	121	0.1200186983580668
101	143	0.11335076439499965
101	189	0.10985485954643058
101	158	0.10935098608609747
101	62	0.10277581994699904
101	135	0.09848571534004318
101	22	0.0960816859689794
100	169	0.4324041900077016
100	65	0.4317860867726689
100	134	0.4195617275322362
100	158	0.3975452394991983
100	135	0.3768901958182348
100	20	0.3742274365686665
100	127	0.3627595730416239
100	123	0.3433629576513479
100	30	0.3320762171282804
100	144	0.3317825755828004
100	99	0.32272863386503936
100	58	0.3131823872041681
100	133	0.30810473118303605
100	2	0.30805042589072085
100	62	0.2764368786546084
100	29	0.2630199056339742
100	23	0.26119455873304376
100	167	0.2599921614138716
100	136	0.24710764387495104
100	41	0.2335017786047594
100	168	0.2324331081645254
100	42	0.21493531499389712
100	67	0.21446790242712616
100	64	0.2113270259820272
100	130	0.2092816746144453
100	148	0.19992074679972652
100	153	0.19457708584303945
100	38	0.19455784297300424
100	75	0.1896364205516352
100	39	0.18816101544052052
100	54	0.1876690246002363
100	57	0.18763043309707145
100	128	0.1861924878731359
100	126	0.1820672640524706
100	161	0.17077030502409654
100	26	0.13131727115368572
100	31	0.12782687567779716
100	22	0.12194015747961033
100	25	0.11955544236980804
100	27	0.11817522315906588
100	7	0.11806675794170475
100	19	0.11100071402977152
100	143	0.10709769161366772
100	132	0.10515976833738397
100	56	0.10278571430813806
100	72	0.09711396282541927
100	34	0.09566257396522478
100	189	0.09488965448507357
67	65	0.5082741561616487
67	173	0.443219269378194
67	64	0.4044685274923521
67	62	0.4019227332268162
67	168	0.3822141190294788
67	134	0.3812402350080063
67	42	0.3780049889036601
67	41	0.36927209373750897
67	20	0.36785487021060426
67	174	0.3277094922662723
67	153	0.3251363641661693
67	189	0.3080323236804931
67	158	0.26195845242147264
67	169	0.259199442954684
67	144	0.2518901580948659
67	31	0.23794061600208585
67	38	0.2310515170186721
67	148	0.21982289140533756
67	2	0.20373861496819048
67	86	0.1966448181193496
67	68	0.17322545792205593
67	30	0.16891540263324625
67	69	0.16380098616115887
67	34	0.16098720289771748
67	39	0.15165112884779033
67	126	0.15134824401842964
67	130	0.14818091832811456
67	123	0.12958722293128322
67	23	0.121930306161618
67	127	0.12164460749725528
67	60	0.11767231523824558
67	25	0.11252147828233004
67	135	0.1121265249603315
67	167	0.1056937663302091
67	26	0.10458614738962388
67	22	0.10151907142904297
67	133	0.0956477112138196
65	64	0.5201023153122148
65	42	0.4389423579218774
65	169	0.4587050323504335
65	158	0.449816333792012
65	86	0.4152677646308136
65	68	0.361751799050322
65	30	0.3391130613611669
65	189	0.32582479216413784
65	20	0.3210075447665683
65	99	0.3134078487449113
65	31	0.3042803798328185
65	168	0.304107961311229
65	134	0.29889886112954744
65	167	0.2800902475535881
65	69	0.246018164207552
65	41	0.2391477795412398
65	135	0.2351178972648286
65	72	0.22691065395996035
65	62	0.22527857871795035
65	2	0.2188995672566504
65	39	0.2092529883989288
65	133	0.1958083174115371
65	75	0.18838286278513536
65	57	0.17921352763481965
65	56	0.1729926499419666
65	66	0.16407346104351608
65	7	0.1562787569020883
65	38	0.15514688295769827
65	58	0.15468816270302407
65	54	0.14541190449317076
65	74	0.12989200489481953
65	127	0.12869239914874686
65	153	0.12164460749725528
65	126	0.11287690587950268
65	144	0.10116276862655554
173	174	0.4576147090770757
173	66	0.29797881762691464
173	38	0.26812269075745665
173	41	0.2313070871720469
173	77	0.20892785279582685
173	180	0.1950677283883335
173	144	0.18598010605826354
173	129	0.1832562245527852
173	34	0.16689404277513534
173	76	0.16250638980468293
173	134	0.15659092590415538
173	148	0.1557128710416166
173	25	0.15417080240249428
173	188	0.15114304782077148
173	62	0.1408571800665896
173	126	0.138435349035534
173	23	0.13542291276636062
173	130	0.12785638537331998
173	158	0.12653806561995246
173	20	0.11932872364542475
173	123	0.11848088268280176
173	58	0.115176609901985
173	22	0.11440688811615225
173	78	0.1120080320494684
173	184	0.10608928111883947
173	153	0.10572343110097153
74	57	0.4839809870196476
74	167	0.5119361169582475
74	68	0.4013608150548818
74	162	0.3821714225951948
74	66	0.3354173970151209
74	169	0.3127674457308704
74	78	0.2990718766012363
74	76	0.2868587762338945
74	184	0.24873131055909675
74	69	0.24821526701089655
74	77	0.2354674130857545
74	91	0.23301007094739815
74	99	0.21897573256104014
74	75	0.206372981427537
74	131	0.20485020083002325
74	31	0.19231502723638494
74	86	0.18709009127867385
74	60	0.18662685101085427
74	30	0.16879882416036748
74	188	0.16454050257737227
74	159	0.14628297281893116
74	56	0.12881040991769788
74	161	0.11946672783082207
74	7	0.109677028288168
74	121	0.10289455093780826
167	169	0.4927759878178971
167	68	0.4733741285497058
167	69	0.3691511781502836
167	60	0.33300121174078723
167	57	0.3263341852811562
167	91	0.29122109608972624
167	174	0.282144016643141
167	135	0.2817021673559526
167	31	0.2776555623539593
167	66	0.2750509310253345
167	133	0.2681690956464429
167	86	0.23607183717935654
167	158	0.2320546830612073
167	162	0.2227520668524218
167	29	0.2087557034762456
167	99	0.20232921272552806
167	23	0.1876690246002363
167	134	0.18683917978171968
167	62	0.18307259890172065
167	38	0.18154511295111286
167	42	0.17976516425601508
167	127	0.1766280503217461
167	128	0.1766086742026646
167	78	0.1666996070119965
167	75	0.14729077994538298
167	20	0.14049450225711882
167	131	0.13888650467490699
167	77	0.13046217615458258
167	189	0.11978214862602404
167	22	0.11682413783877625
167	161	0.10679123712292844
167	148	0.09924917895182156
68	91	0.5607729565979942
68	86	0.5178372404459035
68	60	0.4736766802829264
68	69	0.4604403756524473
68	66	0.3951766984620833
68	169	0.3410851219758421
68	78	0.31357917588961365
68	31	0.3006736104305809
68	7	0.2569406166167853
68	42	0.2481214257638041
68	99	0.2433764199670525
68	57	0.24270835941835295
68	189	0.2295079542881425
68	135	0.2250032783671076
68	180	0.22046993555528926
68	174	0.2045915167018961
68	162	0.19753869204868815
68	62	0.1726725074082152
68	121	0.1551761607047602
68	38	0.15023416545297993
68	76	0.14374744049805513
68	158	0.1411512154091189
68	41	0.1408865847199698
68	64	0.1282104840475623
68	184	0.11545288660258192
68	127	0.10947942976650576
68	153	0.10491252648678012
68	30	0.10312211047204843
169	64	0.4229259646604025
169	158	0.3937327656341078
169	135	0.3936820659658853
169	134	0.3480822929448846
169	31	0.3122440884654326
169	123	0.3070273016030479
169	148	0.3007918532074909
169	189	0.2946219039791252
169	20	0.2928218616244844
169	127	0.2926664304779131
169	42	0.2855550949689701
169	23	0.2789010197310534
169	57	0.26944010480360386
169	133	0.24474945227306205
169	30	0.2418988509689307
169	2	0.23244256789103984
169	69	0.20992223949045646
169	29	0.20290458054206031
169	136	0.19542362366042668
169	58	0.1947021608470564
169	128	0.19432691685562406
169	99	0.17673461652933473
169	54	0.17329335660447126
169	75	0.17298294918975465
169	62	0.1628860664750545
169	161	0.14730056298523458
169	86	0.13959254553797867
169	39	0.13081603218337154
169	22	0.11902312654732433
169	26	0.1136074162424737
169	132	0.106573740977599
169	72	0.1052388829854908
169	7	0.10113307555362214
57	30	0.3663320441497088
57	99	0.36202989025231497
57	161	0.3417565301150758
57	162	0.3289050592353314
57	31	0.3219131745352606
57	135	0.27546683566293384
57	56	0.25451999903038924
57	2	0.21833776580688408
57	158	0.20660274848908308
57	69	0.19866277654127554
57	38	0.15619095374185352
57	86	0.1554396481558455
57	66	0.1470559783474303
57	134	0.146410188566922
57	78	0.14472663608814704
57	7	0.1414452258506358
57	26	0.1298231853044994
57	72	0.1280629469005304
57	123	0.1261149277318023
57	127	0.12450067946550653
57	132	0.11957515645259092
57	159	0.11946672783082207
57	60	0.11234375367959262
57	143	0.1080959986739601
57	29	0.10612883075356397
57	133	0.09548917254650044
38	131	0.4252879460232886
38	133	0.4559053503630996
38	66	0.4216441515450847
38	132	0.4124003237730512
38	174	0.3965344084240372
38	39	0.3855053487167431
38	134	0.34166820684945265
38	69	0.34070509205755395
38	135	0.3218056057514725
38	127	0.3115219053181889
38	34	0.2983159276353946
38	130	0.2949962698894406
38	129	0.2767693353098284
38	41	0.2684103810050305
38	7	0.2524520039223368
38	143	0.2507753283472561
38	158	0.2399301549876178
38	2	0.23080538228698386
38	58	0.23026567588312344
38	99	0.22878786098857995
38	76	0.2201654683229978
38	62	0.21853774564488745
38	128	0.1996711255894923
38	123	0.187369925304465
38	29	0.1872155378755981
38	144	0.18389398264697732
38	23	0.17160510247039554
38	121	0.1703431044509838
38	126	0.1582000495016972
38	26	0.15504928849940516
38	188	0.15111373301448555
38	180	0.15068375201131295
38	64	0.1453629613684643
38	162	0.14510844565647826
38	30	0.14315978788042746
38	91	0.13965137588044527
38	60	0.12622317668241712
38	153	0.11850060188168092
38	78	0.1134494784361605
38	31	0.11126737931848237
38	184	0.1057135428649565
38	77	0.10456636611349407
38	20	0.10063816451841263
131	133	0.423689318471558
131	132	0.3599600469456261
131	39	0.34468542834729005
131	129	0.3183590296182984
131	128	0.2896003755799281
131	23	0.28001652194550153
131	20	0.2543142392068904
131	143	0.2361568196814415
131	66	0.2261422185317601
131	29	0.2246234947964537
131	126	0.20061187001839334
131	130	0.19741376164070668
131	58	0.17801308716819786
131	174	0.17107124870876622
131	41	0.15560553631837865
131	76	0.1544538968330076
131	188	0.15287214916935368
131	31	0.15277448466606014
131	134	0.14907081668250713
131	127	0.1446972643346054
131	26	0.14039647475072947
131	121	0.1324963917101914
131	75	0.1141404139040096
131	144	0.11248198454791834
131	135	0.10873835836555737
131	34	0.1042597457627675
131	64	0.10142999816641407
131	99	0.1011924615192595
131	69	0.10032139530077222
66	91	0.5147568115954366
66	174	0.44037828119295
66	76	0.4146137836007531
66	184	0.3634106998867904
66	69	0.3472471202412728
66	180	0.34577763899062136
66	78	0.3142102049425601
66	60	0.2959181018923735
66	162	0.29144072640044033
66	86	0.2265312149186449
66	129	0.19724077049021624
66	188	0.18337219206075595
66	75	0.1799973985086981
66	158	0.1314450272226694
66	159	0.12297441180442342
66	7	0.11490031538127013
66	130	0.10559488240262137
66	34	0.10414104868964842
184	162	0.4150029125860377
184	188	0.480612154026257
184	76	0.4618811902338755
184	159	0.3835539563407129
184	78	0.3683822083196449
184	75	0.35992522929374204
184	180	0.3402011598245912
184	91	0.30230090860150266
184	77	0.2958907286750656
184	69	0.21605098321104427
184	99	0.18933755120280968
184	60	0.1639372267291518
184	161	0.1603539826973422
184	174	0.12708905986422908
184	58	0.1043388754950281
184	86	0.1027164533531332
76	188	0.5537058626470227
76	78	0.4761549326628577
76	77	0.43034498432644974
76	91	0.3300282881940847
76	75	0.32137524755550634
76	162	0.29910829840601233
76	180	0.2705711629210053
76	86	0.2053866396170984
76	174	0.2022333044963764
76	60	0.1980575650207877
76	69	0.1967217233745845
76	129	0.19371100862807936
76	133	0.16562997894105186
76	7	0.16274004268896144
76	143	0.1425524407801029
76	159	0.12395916767043948
76	132	0.0939758765300574
162	99	0.3231227502155567
162	69	0.26247063634889023
162	188	0.2577623343451206
162	91	0.24967858632617604
162	86	0.2319222176712131
162	56	0.22692962410496964
162	78	0.2089756697538886
162	75	0.15107464619265645
162	159	0.11691290859605916
162	30	0.1023701336512449
162	31	0.09837281980873053
20	23	0.4572984156865271
20	128	0.4564755113324688
20	19	0.42665492125664944
20	134	0.4115368307234935
20	126	0.38255563174575785
20	133	0.3446413679902044
20	58	0.3331256813641961
20	29	0.3314176586310413
20	123	0.3200474744227144
20	136	0.28356080784577664
20	121	0.2778678174948374
20	144	0.2646852885309845
20	127	0.2558755661795216
20	75	0.2495004223617411
20	129	0.2411455173884999
20	64	0.2386385973316912
20	26	0.23819531338420594
20	39	0.2301804461223937
20	148	0.2286267531845224
20	41	0.2257816208766434
20	42	0.22405369149875404
20	158	0.2185187007365748
20	77	0.21180464591926984
20	25	0.20996047647549895
20	132	0.18241530776927264
20	27	0.1780324533260626
20	130	0.16677738287389585
20	174	0.16567860687380295
20	30	0.15526399231020305
20	54	0.14022001830396189
20	31	0.13687547831337424
20	188	0.1290169199829688
20	143	0.12763013859279204
20	99	0.12043262758350275
20	7	0.11800759390821725
20	153	0.11760328394390746
20	62	0.11329153489599553
20	168	0.1079477489830316
23	26	0.4535335949245672
23	134	0.44799579302804104
23	29	0.4402331776379336
23	128	0.4033136444181799
23	133	0.3903475541768077
23	123	0.3754221501554828
23	22	0.3437069313047942
23	148	0.3356747455745792
23	58	0.332369794323308
23	127	0.32229856108574056
23	25	0.3209178464718641
23	126	0.3089642972307937
23	27	0.30839432549290985
23	132	0.3041442616035561
23	39	0.2574915821257827
23	31	0.2467883782074428
23	19	0.24589602854387865
23	30	0.22869309320925765
23	129	0.2115849532986503
23	62	0.21065818852920706
23	34	0.20772253620324785
23	77	0.20528127744101585
23	130	0.20490768230716191
23	143	0.18514006243075495
23	2	0.1784391107620347
23	75	0.17728675682655734
23	136	0.1753877033358969
23	121	0.1615910740814231
23	42	0.15940877797124176
23	144	0.15676650722400606
23	41	0.15669822677647655
23	168	0.13778793844563006
23	99	0.13539346282768264
23	158	0.12761046433161966
23	188	0.12127021322492187
23	135	0.10676157915897078
23	64	0.09896301751727836
121	19	0.5406969761417234
121	136	0.3187633630532831
121	133	0.28229127315489705
121	132	0.2628058039640341
121	123	0.260476945948805
121	29	0.23996785196664114
121	188	0.2331992033922909
121	7	0.21959447666399434
121	75	0.20920517723939494
121	128	0.20018954062081265
121	86	0.1977020529002738
121	91	0.1910917001470947
121	31	0.1766280503217461
121	30	0.16987699442659168
121	99	0.1625745404464567
121	39	0.15594704312628474
121	78	0.14414894484838986
121	77	0.13743475572748606
121	180	0.13035404684500712
121	60	0.1282596618358549
121	153	0.12054103070502895
121	126	0.1200088423911177
121	143	0.11843158427677496
121	174	0.11655781437211445
121	129	0.11249185801484367
121	58	0.10883717488765532
121	26	0.10702849398910574
121	134	0.10551577375684784
121	69	0.10063816451841263
121	41	0.09958779860814147
19	136	0.326048233510003
19	128	0.2422377560217465
19	133	0.18447362842328535
19	126	0.18285996376788768
19	123	0.14535317265814085
19	77	0.14381599337527665
19	75	0.12811212657966622
19	153	0.1274432290584688
19	58	0.1122845105474674
19	188	0.102765925565522
19	134	0.10213264293555847
19	72	0.10144979236536636
19	29	0.10123205176241827
19	54	0.09778849551726043
19	129	0.09595783844348688
158	54	0.33931659601895925
158	135	0.3355238921485447
158	127	0.2726459143773696
158	134	0.2349667364477186
158	64	0.21721372896172225
158	42	0.21152763866265192
158	133	0.18828640977874667
158	144	0.18724448622327336
158	69	0.18551666725039198
158	30	0.1850628034340383
158	62	0.18117761189460788
158	153	0.17683149130443118
158	161	0.17503875522326984
158	136	0.1664273751649609
158	123	0.16526038034670218
158	58	0.16523119953183732
158	2	0.16223377173868125
158	126	0.15841453603699945
158	41	0.15650313153171697
158	39	0.15241310007069458
158	174	0.15224704482778764
158	130	0.1397494242601808
158	168	0.13939643728129725
158	99	0.13802337413162674
158	72	0.1231418374426558
158	189	0.11279792446212746
158	56	0.11275843321883774
135	2	0.5662122348524672
135	7	0.4635080306336551
135	127	0.5173027919555301
135	31	0.3790159299378281
135	134	0.3635061686629769
135	123	0.3567788164091171
135	30	0.3462353843134273
135	133	0.3407139312278407
135	39	0.30510589726308746
135	99	0.2648805654304476
135	62	0.26055151653558273
135	174	0.247276645162275
135	86	0.2144583623714779
135	136	0.20673676875435806
135	41	0.20415072978640994
135	34	0.2033647739575222
135	132	0.20237716538486086
135	143	0.18970390231769502
135	128	0.1891157867523104
135	69	0.1841548390996064
135	29	0.17807118522804305
135	144	0.17780973418772653
135	26	0.17129450888475706
135	161	0.1703236847202907
135	60	0.1490903721820337
135	58	0.1399945332162202
135	130	0.1304523463455528
135	129	0.11482137082237615
135	56	0.10069755647730604
135	153	0.09695051634296116
2	30	0.5457581445608236
2	134	0.5173760279489111
2	127	0.4292525187160349
2	31	0.3932848357128539
2	123	0.38535208867083626
2	7	0.3701354127708958
2	62	0.327986172161005
2	39	0.3187184428414559
2	136	0.2749122732578808
2	34	0.2610920602742591
2	153	0.2603277954523345
2	144	0.2511126581033397
2	22	0.2330668125324587
2	99	0.2305118753446541
2	133	0.22057458624773746
2	26	0.22028916331361603
2	41	0.22014643769587144
2	168	0.21723278524285297
2	29	0.1980191337883068
2	132	0.18569046648674808
2	148	0.1482200397928293
2	130	0.142336904687679
2	126	0.13216234547458772
2	64	0.13104208942596224
2	128	0.1281809770719246
2	58	0.11376534830716135
2	72	0.10028179771718816
7	123	0.35729360622332035
7	30	0.3503125666409414
7	78	0.3420832736988925
7	39	0.33636667579156915
7	127	0.3143363774640741
7	31	0.2883539464276052
7	34	0.27772016461545995
7	86	0.2630943697093118
7	77	0.2402411334158456
7	99	0.2388554872960225
7	133	0.23545796751253986
7	60	0.23007627161928665
7	134	0.2271288002288573
7	174	0.22412017645194424
7	143	0.22247643841522866
7	41	0.21607958268484695
7	132	0.20861223582642813
7	129	0.19908537413859806
7	91	0.19252688155422368
7	64	0.17390437054621108
7	69	0.16444320833451098
7	136	0.1643069910190267
7	153	0.152540077686183
7	75	0.14207236467207718
7	128	0.1243825377513292
7	22	0.1204720472328738
7	62	0.11840200495289464
7	29	0.10633646082401854
7	26	0.1020633726158111
7	72	0.10110338230051108
7	126	0.1007470492281808
7	148	0.09496397865250003
99	30	0.4331518768452134
99	161	0.2799520093287643
99	134	0.27639069888375123
99	143	0.27494000572641303
99	127	0.2747088878470273
99	31	0.2730253942602168
99	75	0.23224390440155854
99	132	0.20804784267403184
99	56	0.20799043899182845
99	133	0.20778951482358726
99	29	0.20590380302612865
99	86	0.17301205134569936
99	58	0.17119744140324542
99	39	0.16972160751536944
99	159	0.1563958239401324
99	128	0.14392371653629313
99	144	0.13327244163581853
99	69	0.12552442610501854
99	64	0.12390993565910499
99	168	0.1194568705420368
99	153	0.11441675721550047
99	123	0.11330140653509267
99	78	0.106573740977599
99	130	0.10309242940532412
99	26	0.10065796191775936
54	58	0.32477860311892065
54	136	0.27334927329440256
54	126	0.2664791573962182
54	123	0.2582103869929005
54	127	0.2084209316602882
54	64	0.1984034186985671
54	159	0.1777128940962954
54	128	0.1764730375372376
54	134	0.17565907696502284
54	30	0.17317695785498766
54	168	0.17051787607110885
54	189	0.1649199195156234
54	161	0.1398866873875206
54	129	0.13002964032042552
54	144	0.11339025028011683
54	153	0.11112911042566934
54	34	0.10507076276716076
54	75	0.09873229412851414
54	39	0.09661964504163957
78	77	0.4528581735233458
78	60	0.38412524330817255
78	91	0.3722306136185966
78	188	0.3673705481266002
78	69	0.3141921793903441
78	174	0.275013956739148
78	86	0.2681319718347987
78	180	0.2549781994386917
78	75	0.2534441821095776
78	129	0.17897154617039476
78	31	0.15005822335183192
78	143	0.13818032259198945
168	189	0.4573854079077128
168	153	0.4316477712893464
168	42	0.3259231108424576
168	144	0.24704191709128334
168	134	0.245538971843116
168	72	0.2385820134243811
168	62	0.2361945885229073
168	58	0.1938361273624484
168	136	0.1903304330526366
168	159	0.18097449748832006
168	30	0.18061659169351285
168	180	0.16722455377657708
168	130	0.15223727660454275
168	64	0.1461557522323789
168	148	0.1426210176117992
168	41	0.14130802407988546
168	39	0.12526851441796424
168	75	0.124343156396044
168	22	0.1181062001650379
153	134	0.24832787035811846
153	62	0.2233792263596783
153	144	0.21343734032318173
153	136	0.20948246803473405
153	41	0.20508969765859536
153	127	0.2049460025067266
153	189	0.2019839249499112
153	123	0.1927098322056447
153	58	0.1896364205516352
153	30	0.17523262072072388
153	180	0.1722261872543892
153	75	0.1655035425470388
153	39	0.15962317999384978
153	159	0.15480528911697186
153	133	0.14009257199647107
153	42	0.13739551104424694
153	77	0.13320368430254778
153	148	0.12503227344821588
153	130	0.11353831915824245
189	180	0.3800345228826807
189	86	0.3070454161765335
189	159	0.2592367551937625
189	42	0.2577903408859111
189	60	0.24642209572866344
189	91	0.2121389197025497
189	31	0.20216616642771867
189	64	0.1868584815320086
189	75	0.18657859203964935
189	69	0.1549516910146748
189	72	0.15484433028809827
189	134	0.10918301576368998
30	31	0.4422947083538808
30	134	0.4786796067692826
30	123	0.31259602200620945
30	127	0.26862379767561456
30	148	0.2678628003907911
30	64	0.23948716131035036
30	86	0.22311318124457974
30	72	0.21437250002948613
30	22	0.19942147845999614
30	136	0.18307259890172065
30	126	0.1822606273111406
30	26	0.17672492886346036
30	39	0.17526169937370836
30	75	0.16787574480497222
30	29	0.16710790712256113
30	161	0.1650658361178679
30	41	0.1556445675521015
30	62	0.15313582840808124
30	132	0.14895348123712182
30	128	0.14475600758663731
30	133	0.14446228113036808
30	143	0.1402494283306308
30	25	0.12503227344821588
30	56	0.12252134265180112
30	144	0.12210762620805825
30	34	0.11564034990800726
30	42	0.11049696934711896
134	123	0.4468280524057792
134	127	0.4449532890386293
134	136	0.3922784260039392
134	128	0.3446237434221742
134	144	0.330482663154615
134	58	0.3287177637945549
134	133	0.3163806225917237
134	31	0.27538366297911937
134	39	0.27024675527684977
134	41	0.2672871901676113
134	126	0.2467226403871703
134	132	0.2381104178951401
134	148	0.21654665490516198
134	26	0.2163941524152388
134	130	0.21379045688646128
134	22	0.2103236957859312
134	29	0.20914780252764967
134	62	0.20436155125984606
134	34	0.2034893942221145
134	75	0.1900123675591293
134	143	0.17965871685810644
134	129	0.17513568966963527
134	161	0.17196418377939934
134	64	0.15113327624821182
134	42	0.13390102054779118
134	174	0.11010183573586013
91	180	0.5396062927797971
91	69	0.5098151721163748
91	60	0.4518321285679952
91	86	0.37043742355552783
91	174	0.2340028193183553
91	159	0.21279777114238316
91	75	0.1688959732158752
91	31	0.16387883867976186
91	129	0.10840236612691834
91	42	0.09660478505044133
86	31	0.42971737802358456
86	69	0.35445521110384426
86	60	0.2948136636780948
86	42	0.2845169025446321
86	180	0.21216756943257184
86	64	0.198547509821778
86	56	0.12881040991769788
86	75	0.11530488344593695
86	72	0.10595085475474596
60	69	0.4416107322951444
60	174	0.436063778515321
60	180	0.3441125253005428
60	31	0.21055306754968894
60	62	0.17018774290166402
60	34	0.13389119982947448
180	69	0.2782922463737032
180	159	0.2726459143773696
180	174	0.23774249541011785
180	75	0.1940767225873566
180	188	0.17674430416096615
180	42	0.09407697475115807
69	174	0.35766865532901576
69	31	0.18780409029789194
69	129	0.1698478600239195
69	42	0.14681137572514866
69	133	0.14630254478750487
69	127	0.1312189942860386
69	132	0.1157488775310926
69	22	0.10880753015678987
69	64	0.10700872304875783
69	126	0.099727398247097
69	75	0.09789249037714584
144	41	0.3286464063476491
144	127	0.3122531134735445
144	62	0.29174266791011083
144	126	0.26925461440438186
144	123	0.2584343716832101
144	136	0.23347341409849146
144	128	0.2309095198189643
144	58	0.2267399149082311
144	34	0.21947074195784533
144	161	0.16357714880771218
144	39	0.14388454487225202
144	130	0.1405827246578872
144	143	0.13791546804346888
144	42	0.12008768946418165
144	133	0.11707071866219568
144	27	0.11222526661708647
144	22	0.10031149593466493
188	77	0.5328522837296895
188	75	0.4096911323938517
188	148	0.2308148495538877
188	129	0.2273658898884721
188	174	0.1684296278529296
188	132	0.16502692573018776
188	26	0.15188560077381336
188	133	0.13408760919668014
188	56	0.09680984912251668
188	143	0.09582705223134362
77	75	0.3449761886091732
77	148	0.2870790119574933
77	129	0.22098362657256748
77	34	0.18414517821186333
77	128	0.1806843072725396
77	143	0.18039408559536385
77	123	0.1638885701010761
77	174	0.15380957620891733
77	22	0.13920031808959424
77	132	0.13142537272690594
77	127	0.1226592386784546
77	126	0.11252147828233004
77	25	0.10700872304875783
77	26	0.10616838005250136
77	133	0.10334965921199184
77	136	0.09910065430172144
77	31	0.09593009619034497
75	148	0.3362691178617508
75	159	0.30955213078625304
75	58	0.3040444336746339
75	128	0.2499223622525373
75	136	0.20325932089439086
75	133	0.2019647408225348
75	29	0.19990154608905675
75	129	0.1966736578736705
75	127	0.14432520006793134
75	25	0.13950429817662555
75	132	0.13372424359598448
75	123	0.13231954744736746
31	39	0.28540813492975603
31	133	0.24979110222692225
31	62	0.2358735306327926
31	148	0.2307107072145971
31	29	0.2284656328565697
31	64	0.21569822589824114
31	42	0.17736424127990294
31	127	0.17438920698317278
31	132	0.1704693294745492
31	26	0.1428169438696135
31	25	0.1395631299971649
31	72	0.13386173751674274
31	128	0.1273251762668279
31	123	0.10415094022576674
62	34	0.3442006809236967
62	42	0.2942931178648656
62	41	0.2874643514424017
62	127	0.218032999365432
62	148	0.2175471899653808
62	25	0.21351369457941133
62	22	0.20847832458542087
62	133	0.19147706425544286
62	29	0.17446677297323265
62	39	0.17341944978674895
62	27	0.16030526797679115
62	130	0.15992526637250326
62	123	0.12540631509227332
62	64	0.12472710788128764
62	72	0.09827675758192303
123	127	0.5415456012515358
123	136	0.5309735658786522
123	126	0.4475160842794477
123	128	0.3755166426559071
123	39	0.30721749352706296
123	22	0.3007099938081804
123	58	0.2633828883880157
123	34	0.255137140187696
123	26	0.2541645812357051
123	41	0.2434893088197569
123	148	0.2307580452969664
123	133	0.22094557958680588
123	143	0.21408626830064034
123	161	0.21100218675250906
123	132	0.19866277654127554
123	174	0.19601025751643747
123	25	0.18892293241668165
123	29	0.17496120522276126
123	129	0.16934281657724393
123	130	0.15285261650751608
123	64	0.106722034911511
127	143	0.4633117178132181
127	58	0.4202618504438335
127	39	0.4084921252885975
127	133	0.39106779949815507
127	34	0.3561328414107249
127	136	0.35135609564611275
127	128	0.3232749924383026
127	130	0.3004279997448159
127	22	0.2938546280079858
127	26	0.2921817517721764
127	161	0.2714699142666378
127	129	0.26715718724560833
127	132	0.2660424779727925
127	29	0.2418894360966975
127	126	0.2136282210727719
127	174	0.15294051254510269
127	148	0.14710489671466426
127	25	0.1469385713314376
127	41	0.1449028612515835
127	27	0.1246877299589065
136	128	0.24552957471390965
136	58	0.2448904617510474
136	161	0.2383367977769092
136	41	0.19981514099129544
136	126	0.18723483681018188
136	39	0.17073147125873422
136	132	0.14893392492165627
136	72	0.14110221124659045
136	143	0.13739551104424694
136	133	0.12600667577774793
136	42	0.12338803888007008
136	129	0.12201896715847654
126	128	0.44593121790769263
126	41	0.30719032475431945
126	58	0.24454261964428636
126	130	0.22280908898124835
126	64	0.2172423133213248
126	132	0.2094346616792649
126	129	0.2005734795152459
126	133	0.1994982957202256
126	25	0.18347849112648468
126	34	0.1764052166908583
126	174	0.15810255068515666
126	39	0.15227634931905346
126	22	0.1521298241862898
126	27	0.14301285893511184
126	148	0.10152896835777674
143	39	0.3670590929521173
143	133	0.3112148684146025
143	58	0.2960275899011466
143	29	0.2931509588468451
143	128	0.2721552414910874
143	26	0.2554082425828041
143	34	0.2341446007427867
143	130	0.21772819039356345
143	132	0.2157745025238873
143	161	0.21017076841007748
143	56	0.20502264102090706
143	129	0.17569784244816908
143	27	0.1720030006451541
143	41	0.16719539255183322
143	22	0.16391776417362786
143	174	0.15131893107407354
143	148	0.1464982581712999
143	25	0.12284637571004807
58	128	0.3422598574220415
58	161	0.3218593911820273
58	133	0.3074167158894057
58	39	0.21972772152396144
58	56	0.2106295196542075
58	132	0.2070526429627504
58	148	0.2034414641311693
58	130	0.19969032814163795
58	129	0.19318159045186656
58	26	0.17044020111936192
58	29	0.16979930202636412
58	22	0.16284712749619665
58	41	0.1613865505959008
58	159	0.1531748901455127
58	34	0.1383961153921365
58	42	0.12060015846891373
159	161	0.22422464859206406
159	56	0.10121225668090908
159	72	0.09847185111303383
132	133	0.530801207820383
132	29	0.4838890901944262
132	128	0.4690408906156418
132	39	0.4449452688372376
132	26	0.30670120124833383
132	130	0.29259328105656096
132	129	0.22775465857403274
132	34	0.20222371346007487
132	25	0.1831499165230592
132	148	0.1398866873875206
132	27	0.1351774893038091
132	56	0.11624215004079205
133	129	0.3716360643939531
133	29	0.4828928573166423
133	128	0.467526313094793
133	39	0.3906441837141122
133	26	0.3454430286671735
133	25	0.3342986808947932
133	130	0.25901287015550417
133	41	0.1862311008798356
133	174	0.17112949218854115
133	64	0.13378317019271935
133	34	0.13339030836500246
133	27	0.13058996133729253
133	148	0.11058586960056904
29	25	0.34654338934659346
29	128	0.4032299072308014
29	26	0.40104198083402187
29	39	0.33006393097670034
29	130	0.3187903144930923
29	148	0.3009737471148334
29	27	0.2938820372500756
29	129	0.13930818499735612
29	41	0.13331173096460222
29	56	0.10079654148043324
29	161	0.09678409273351128
128	130	0.3341920872921785
128	39	0.3095340471247322
128	129	0.3063931514503894
128	26	0.2721274633185606
128	41	0.25815438648160993
128	25	0.2368837444197553
128	27	0.2342958232851764
128	148	0.19669288418748776
128	34	0.14724186431387554
128	64	0.11564034990800726
129	174	0.2616883323555076
129	26	0.244081867006553
129	34	0.18731203110301106
129	148	0.15440508925643462
129	25	0.1076215827723802
39	130	0.39763785080501535
39	26	0.3343342101953563
39	34	0.3118288771875356
39	25	0.2490783877135495
39	27	0.2374405593279715
39	41	0.17273071785737584
64	42	0.2813430768064162
64	41	0.20310592620332052
64	72	0.19862435491192945
64	148	0.1447755884439111
64	174	0.09501253653680508
64	22	0.09460027565683972
42	22	0.21562194664011225
42	72	0.16058780247836485
42	41	0.15490289113796174
42	148	0.15315535933662214
42	161	0.126587264714531
148	26	0.2304171867347524
148	25	0.21136523929451015
148	22	0.16350902105158618
148	34	0.15137755669659916
148	27	0.1264396655633503
130	27	0.2953979276973266
130	25	0.2736638393063368
130	34	0.22122140499052625
130	26	0.2136759387121985
130	41	0.19091826707029166
130	174	0.11794842903690722
130	22	0.1167255014747124
161	56	0.2765846453419807
25	27	0.339812025805636
25	26	0.268642354401023
25	22	0.2413809653991475
41	174	0.2972679098125085
41	27	0.2800994630223085
41	34	0.14661568069771513
41	22	0.1022612851868414
174	34	0.15765401644777136
26	27	0.20269362858791484
26	22	0.1945097351427697
26	34	0.12452036940809193
34	22	0.36435637151793293
34	27	0.2088704711274384
22	27	0.11335076439499965
