9	108	0.9031036977646372
9	103	0.8500408395635891
9	109	0.7771366656241188
9	12	0.7711667060610581
9	3	0.7545511988828962
9	106	0.6800730862514072
9	0	0.6480561106563009
9	102	0.6002833291449238
9	11	0.5997649526693118
9	111	0.5704299872367562
9	112	0.5505638078898236
9	5	0.5431902002013165
9	1	0.5399960308495211
9	13	0.5307078288672621
9	6	0.5277706205258752
9	85	0.44202117959818427
9	101	0.4348238842301079
9	113	0.4078254002024124
9	95	0.390135626303104
9	105	0.3804964378753802
9	160	0.3744080126783408
9	190	0.33836944775547634
9	7	0.3250827059387774
9	99	0.3225584126459001
9	100	0.32030774544677737
9	83	0.3108264639798887
9	16	0.3005553584096643
9	141	0.2727014533210773
9	86	0.26346664305329986
9	55	0.2634015008790511
9	191	0.2618001111508313
9	58	0.2608684068393057
9	126	0.25930204975011645
9	70	0.25456675941378226
9	110	0.2512063499935995
9	82	0.2490502487045902
9	37	0.2444015846359069
9	197	0.2420306543968619
9	78	0.2334639591747679
108	12	0.8037794225089585
108	103	0.8483957678515017
108	3	0.7229559138388586
108	109	0.719395053728918
108	106	0.6437960351647988
108	111	0.6353815632211379
108	13	0.6320004211972385
108	102	0.6161840549286465
108	112	0.6006733788250471
108	0	0.5888670981580745
108	11	0.5861035932180969
108	1	0.5619235681271553
108	5	0.5506962011427072
108	6	0.5237910891675931
108	85	0.4731335590051282
108	160	0.4263113141613269
108	101	0.3949910385410758
108	113	0.3822824299299589
108	105	0.37464873665514575
108	95	0.3601254170988475
108	190	0.3523374438181354
108	7	0.3485743466610538
108	191	0.34105861187639697
108	58	0.34090837773331906
108	16	0.3373595816728444
108	35	0.32844123278836296
108	99	0.32705773372646496
108	78	0.31732520692073285
108	83	0.3137685137197204
108	68	0.31085356533444464
108	110	0.30941649786770264
108	141	0.3044981431540797
108	82	0.2903605819224893
108	55	0.2876936760186264
108	40	0.28530709211631833
108	70	0.2849579863362156
108	86	0.2842871236723843
108	135	0.2786981201561068
108	37	0.27468115156764555
108	38	0.2705526269957861
108	100	0.269913014813193
108	87	0.25779967630324635
108	197	0.2517122048241501
108	53	0.2508221833464477
108	2	0.2481871151258365
108	65	0.2409006213413111
108	168	0.24015632600459064
108	159	0.2395437192515625
108	104	0.23214929592776296
108	72	0.23084325109237105
108	32	0.23010468337044915
103	3	0.8376368184641543
103	0	0.7286109392875225
103	109	0.7636860443814609
103	12	0.7628512031301224
103	106	0.7259683680643025
103	102	0.7030974674221221
103	111	0.6582787217890275
103	1	0.6448838109388146
103	13	0.6382350319993271
103	5	0.6358702665115709
103	112	0.5864973442503201
103	11	0.5633519541004449
103	101	0.5415456012515358
103	113	0.5245525951138632
103	6	0.5007150505051103
103	85	0.4687834505653494
103	99	0.4547083802878131
103	95	0.4150029125860377
103	190	0.4144895615644924
103	86	0.4007230494202652
103	100	0.39246455581772816
103	160	0.3902458339581136
103	58	0.3881669654433852
103	68	0.3798805090717871
103	16	0.3751729961558075
103	191	0.3628377269841097
103	105	0.35102296260404425
103	110	0.33566587232014233
103	2	0.3280040205453396
103	7	0.3219938456695491
103	30	0.3210613609793513
103	37	0.3195716818653938
103	55	0.3173971494712888
103	104	0.3165066034730241
103	167	0.31174762625985863
103	70	0.3092446780967736
103	159	0.30562274624484903
103	141	0.3042713056707034
103	54	0.2985254450058387
103	83	0.28850980362622586
103	84	0.2876202957419973
103	59	0.28474664873121897
103	87	0.2843974216088586
103	135	0.28346884591157784
103	65	0.28222685006738
103	82	0.27937128205320305
103	197	0.2757717668797889
103	38	0.27065457210177096
103	40	0.2685310110579223
103	32	0.261362270778695
103	36	0.2582383865978799
103	35	0.2569966546439833
103	88	0.251571703375423
103	53	0.25096274129198715
103	47	0.2461872622288309
103	185	0.2409853965232241
103	78	0.2405049552377003
103	43	0.2326601294600778
103	73	0.2318370568062348
103	75	0.23142066366274694
109	106	0.7340807422490209
109	3	0.6517298672762509
109	0	0.6454092182363105
109	5	0.6306532272061658
109	11	0.6286313368470885
109	112	0.5829568145243548
109	12	0.5735854414249085
109	102	0.547399072410905
109	1	0.5194673687500697
109	101	0.5172368730827773
109	99	0.4999803914931376
109	95	0.47477733439182795
109	83	0.4663064104906938
109	135	0.4654059859515704
109	111	0.4600462876280344
109	190	0.4549463199094017
109	13	0.4439100646426023
109	85	0.4365090882791037
109	16	0.4221373564374058
109	43	0.3943494196745961
109	55	0.38673916732657626
109	100	0.3852243557233069
109	86	0.36843406484631697
109	7	0.3624034738466483
109	6	0.3541578923728728
109	52	0.34347762577655044
109	197	0.3343875023644023
109	110	0.33156897770115873
109	113	0.3295024478811094
109	160	0.32145594983659737
109	46	0.32072946131431856
109	191	0.3160206157305867
109	185	0.31405698052843284
109	82	0.3113864558745084
109	72	0.3016374739755401
109	35	0.2982794868962872
109	87	0.2810115386550638
109	70	0.2800902475535881
109	147	0.2732567427479163
109	158	0.27031164171765765
109	156	0.2662561858142707
109	38	0.26511300960463324
109	104	0.2649828446614055
109	141	0.26398769390598104
109	54	0.2590221992546712
109	159	0.258079716434638
109	53	0.2529949597923959
109	26	0.24122086384193786
109	14	0.23819531338420594
109	148	0.2352596002023892
109	88	0.23434307800491744
109	126	0.2319695277268085
12	111	0.7860462907373119
12	112	0.6297911949786541
12	13	0.7205750250013679
12	3	0.711793575686162
12	113	0.6297006819710794
12	1	0.6151843533232905
12	0	0.6008459325386121
12	102	0.5958771869327234
12	106	0.5908558884341929
12	11	0.5363447304965275
12	6	0.5022868927201045
12	5	0.4826704499755692
12	105	0.4158303415073609
12	160	0.4091667406139676
12	85	0.3994463527915587
12	101	0.3955732274115415
12	7	0.375104254474916
12	58	0.3565780768986305
12	70	0.35100542682334285
12	104	0.34824926125661404
12	191	0.3333301419695384
12	10	0.3310259301053496
12	110	0.3280397166114826
12	53	0.3256013144139429
12	37	0.32437601082055145
12	86	0.3220386609461672
12	65	0.3209537264806961
12	99	0.31973328987671346
12	38	0.3188981150969265
12	95	0.31110648693084986
12	16	0.3034362466938331
12	100	0.3000367597296668
12	141	0.2963651289514475
12	68	0.2656056893309587
12	170	0.25524932535720873
12	190	0.2543890636258365
12	36	0.24972546877103635
12	78	0.2488438831267355
12	161	0.2467789872293034
12	47	0.2446084324410989
12	87	0.2379783510134483
12	147	0.2368837444197553
12	167	0.2339082928386691
12	184	0.2308527181844508
55	158	0.8825975498099431
55	190	0.7991660348713012
55	83	0.7247078368459042
55	85	0.4876023659979487
55	159	0.461920522613804
55	54	0.4345643511058773
55	163	0.3923630344482996
55	160	0.3618474001656573
55	5	0.35377302066095506
55	185	0.2963468854891085
55	88	0.2836895457917861
55	35	0.27626138873555905
55	78	0.27530972824339056
55	102	0.2643690799092751
55	191	0.2622005941439313
55	82	0.2607379294005125
55	1	0.2603650842415789
55	99	0.2472860336816667
55	11	0.2357979801131206
55	0	0.2349478405462677
55	112	0.2345226358390513
158	190	0.7384627945756131
158	83	0.644907175330925
158	159	0.4529615069710697
158	160	0.4521185871423265
158	85	0.3866201002863461
158	163	0.3479153025465835
158	169	0.3123704334496313
158	5	0.29742287938380924
158	35	0.27863355598159073
158	54	0.26504792834051755
158	191	0.2375254834912133
158	151	0.2343714303052377
190	83	0.8117708649098191
190	85	0.5456949481326094
190	163	0.4998978847988868
190	191	0.5088672407811989
190	159	0.4695321457918728
190	87	0.4385547580762473
190	5	0.4335173763312008
190	101	0.4133542857950239
190	99	0.4032466552085717
190	1	0.4018724245266729
190	106	0.3911694426448871
190	0	0.37323806431746
190	54	0.3706703498041379
190	102	0.3663320441497088
190	82	0.3417212015331788
190	3	0.3344407923950629
190	11	0.32687018386774924
190	135	0.3221372494744387
190	100	0.3205948849490404
190	7	0.3153183406080052
190	35	0.3141561276062994
190	95	0.30967871014678416
190	112	0.3094978791299957
190	160	0.3071812683854557
190	6	0.2927852909818624
190	167	0.2924926950106717
190	78	0.2651687916227823
190	13	0.2593113773503994
190	151	0.2576129588132147
190	86	0.2561372151812967
190	88	0.2547537890419836
190	30	0.2505785245216194
190	105	0.242811876845985
190	97	0.2347777694434935
190	131	0.2305686864153679
190	28	0.23044559377598145
3	0	0.644936379125974
3	106	0.6405937105865155
3	11	0.5835638372387154
3	111	0.5830888314010467
3	13	0.5576044776918989
3	112	0.5509609045406648
3	5	0.5429363705899833
3	102	0.5314832012862966
3	1	0.5291472162944252
3	6	0.4391199532825174
3	113	0.43419926051447416
3	101	0.4133045362671679
3	105	0.39173677480456665
3	58	0.3830250410858139
3	59	0.3798377237192153
3	99	0.3761778715156844
3	141	0.3708773562227157
3	95	0.3634367375828075
3	191	0.35288035731146744
3	100	0.3246086340493241
3	37	0.323427217928493
3	86	0.3228002997129075
3	54	0.3203705622445997
3	159	0.3143994595608674
3	85	0.3126140675679281
3	35	0.2935987851159713
3	16	0.29006753366941146
3	167	0.2840297325579086
3	2	0.28319292883166725
3	110	0.2754391118931592
3	68	0.2702745640521224
3	46	0.2599828373488701
3	160	0.2563521130747471
3	83	0.2553895471547149
3	30	0.2542487653426902
3	70	0.24402544073773105
3	151	0.24400663161424999
3	82	0.23501397542433802
3	87	0.2341162452544384
3	197	0.2339082928386691
3	104	0.2300668009484048
0	101	0.6615866047918282
0	106	0.6434563028805199
0	102	0.6363168052254514
0	1	0.6109025297591621
0	11	0.5958320399231855
0	5	0.5842426658199562
0	111	0.5629012477676985
0	99	0.5350755650652727
0	13	0.5151021899603587
0	112	0.4962435390945531
0	7	0.4928138454763897
0	113	0.4380134603916382
0	110	0.4205252965982629
0	86	0.4076252977943037
0	85	0.4056555403378425
0	87	0.4008909201716237
0	16	0.3994799699588603
0	100	0.3891262830906836
0	160	0.38301650813495175
0	95	0.3824702633613648
0	191	0.3814709683403623
0	167	0.3648419292775198
0	6	0.35558262131256796
0	53	0.3550234150891198
0	82	0.3485040650273458
0	104	0.3421892268330711
0	10	0.32912799626491
0	170	0.3269952199686579
0	97	0.3231048382660381
0	96	0.31831409652668
0	75	0.3149400493072189
0	29	0.30413518661327393
0	83	0.3022100444389079
0	73	0.3017374622892846
0	78	0.3001914480883815
0	187	0.29835236750484423
0	135	0.2981792703802664
0	40	0.2911844880523768
0	68	0.2821348126696341
0	74	0.2814719901781687
0	88	0.2760766426013589
0	84	0.2752265477727617
0	105	0.2729606110228135
0	76	0.2708769767153668
0	43	0.25991756753644457
0	70	0.25711806444058605
0	47	0.2565669856285086
0	185	0.2545854632338524
0	197	0.2517122048241501
0	168	0.2510283313788071
0	2	0.24837478643899094
0	184	0.2483091035995387
0	46	0.2478680311396692
0	159	0.2478023306990841
0	91	0.2465160210288971
0	52	0.2460839263293388
0	65	0.24180470019715816
0	141	0.24095713853777986
0	67	0.23969453247910846
0	198	0.23717632761324536
0	147	0.23388938701201614
87	191	0.8424632625161689
87	89	0.6446734771638561
87	82	0.5974099446004564
87	78	0.5790883461289776
87	179	0.5762432442613593
87	7	0.5621082854114454
87	168	0.5582105681086472
87	86	0.5508007025637501
87	97	0.5492732678286438
87	84	0.5276696089189058
87	159	0.5205107127264966
87	47	0.507836447095991
87	72	0.5026905454499495
87	192	0.500864892385135
87	16	0.4997103358377684
87	76	0.4975012453549206
87	88	0.4811118556224647
87	80	0.4702412236287428
87	77	0.4643869535339895
87	83	0.4615585961977991
87	94	0.4611335299172689
87	189	0.435723579908995
87	85	0.4189188222603327
87	75	0.4184899852314905
87	151	0.41283179271237264
87	177	0.4071081853696464
87	117	0.4026686939150393
87	101	0.40145309102512944
87	42	0.3979240527078522
87	11	0.3903645066201976
87	96	0.3875042903420689
87	135	0.3801885156240121
87	188	0.3800088553772097
87	31	0.3750269151523522
87	73	0.3736511230912191
87	14	0.3717136315965421
87	198	0.362533766321226
87	193	0.3612736793704364
87	46	0.3569271679187606
87	15	0.3551195467557641
87	186	0.3550758514745725
87	43	0.3549360161490702
87	112	0.35115447311053544
87	187	0.3467105607965383
87	93	0.3434423443670105
87	66	0.34326592278001505
87	79	0.3402630567724309
87	155	0.3375456680743797
87	91	0.33734185778300724
87	65	0.3354173970151209
87	99	0.33410325275881564
87	182	0.3326277332468042
87	59	0.33244095485661285
87	157	0.3264503361329199
87	115	0.3263609901987129
87	102	0.3249396070994773
87	67	0.32128557287885723
87	118	0.3176399286032571
87	1	0.31388571035019425
87	52	0.3118920692006704
87	197	0.31053735142235744
87	147	0.3078693937527074
87	49	0.3073171080755786
87	28	0.30463422906949505
87	154	0.3038719878881377
87	153	0.30016415128972684
87	51	0.2998729548551828
87	5	0.2976051764636779
87	18	0.2971585100957352
87	107	0.2956078436464075
87	53	0.2935713708819146
87	48	0.2921908980436917
87	69	0.2906535757232453
87	169	0.28954540672750617
87	180	0.2875102189954316
87	56	0.2867670023973376
87	116	0.27649229269456
87	170	0.2727755024188441
87	178	0.2703672567125692
87	41	0.2691896880440839
87	181	0.26652560622023097
87	152	0.2663769656266589
87	110	0.2622099066279978
87	10	0.2571834355849778
87	95	0.25593163698030336
87	160	0.25569799728692544
87	111	0.2552773705759018
87	40	0.2509440008438769
87	81	0.24439218193427265
87	68	0.23891206336851564
87	122	0.2317140403940767
191	168	0.5592285597731385
191	89	0.5574459695994998
191	179	0.5549250745180669
191	82	0.5514760615518497
191	159	0.5251249850126055
191	83	0.5207148221810609
191	78	0.5140066920704458
191	86	0.5109909587252593
191	47	0.497922523748516
191	7	0.467823199611339
191	72	0.4655156544227566
191	16	0.4605979600707942
191	84	0.4559607991152579
191	97	0.452738927502809
191	192	0.4478519074682751
191	151	0.4465158635889484
191	85	0.4311675777342136
191	112	0.41626859999585497
191	11	0.402517868558662
191	75	0.3900423649399367
191	5	0.38478143389681196
191	77	0.3739694214617915
191	94	0.3723167548488977
191	102	0.3686760316534866
191	88	0.3516015051867154
191	101	0.35141745255952744
191	99	0.3484864940065435
191	80	0.34846892274080904
191	76	0.3431335906913043
191	42	0.3314443632355884
191	59	0.3299035310445666
191	1	0.3267987295287664
191	106	0.3255387341228258
191	135	0.3248591074628614
191	198	0.3243491671532282
191	117	0.31874539514036776
191	169	0.3116392845972454
191	177	0.3109438995321647
191	14	0.3096606280528641
191	31	0.3017192830895032
191	65	0.3015011155817985
191	160	0.2994906747221647
191	189	0.29935412278842105
191	153	0.2953705452527439
191	172	0.2949049694763416
191	96	0.29374498620735023
191	155	0.29284014662454416
191	43	0.2899576265451711
191	28	0.28957289139247944
191	46	0.28882147215330345
191	15	0.28809720714497244
191	8	0.28456285439749823
191	118	0.283597591159275
191	111	0.2751988200334057
191	73	0.2728032699973648
191	39	0.2693473621020604
191	182	0.26933808755709465
191	40	0.26933808755709465
191	188	0.2665627643881162
191	79	0.2646108916199589
191	115	0.2636434454130024
191	68	0.2595072457794397
191	35	0.2557260356278621
191	107	0.2555577991305913
191	66	0.2545480554032563
191	13	0.2519650806927853
191	178	0.2512250878068503
191	41	0.2509440008438769
191	181	0.2508877783709163
191	51	0.2487969787070891
191	180	0.24209655276165776
191	52	0.2391194950881371
191	197	0.23772362575028044
191	187	0.2371102641992724
191	67	0.2363267738473289
191	70	0.2361757041913753
191	193	0.2338043086034237
191	170	0.2319884514417756
191	157	0.23058762308965816
89	179	0.7946777385386965
89	72	0.681746531921239
89	192	0.6331641093687659
89	47	0.5804028574401837
89	51	0.570787422244436
89	182	0.5529634745862904
89	178	0.5323436828036002
89	82	0.5247989983143656
89	80	0.5240812855091761
89	43	0.5196425837789409
89	189	0.4992675344860734
89	155	0.4967031827329218
89	168	0.49484028471995295
89	86	0.4813807963086223
89	116	0.4720151495171101
89	177	0.4478439131457829
89	171	0.4460433712540303
89	15	0.4366143120835224
89	46	0.43499416359871984
89	157	0.4315012974741336
89	48	0.4262949488485263
89	118	0.42587753910102655
89	173	0.4258611663951397
89	84	0.4174005607641812
89	45	0.4024508280507655
89	97	0.399664845173802
89	50	0.3973094650815663
89	152	0.3943071944152958
89	117	0.3882603873588085
89	154	0.38795461323904695
89	147	0.3860245717846751
89	16	0.3855989971640201
89	153	0.3845258214235617
89	146	0.38098380892275335
89	159	0.37630663778021306
89	53	0.3659596911602059
89	175	0.36481592228187504
89	187	0.3617257246982799
89	14	0.3576424928543088
89	42	0.3557049137637781
89	76	0.3550496335611089
89	49	0.3522235770208981
89	148	0.3513035016037785
89	115	0.3428247628460635
89	70	0.3424364169718375
89	151	0.33707597074123896
89	149	0.33700505844596795
89	71	0.3305093863259413
89	91	0.3264235329650897
89	188	0.32358837961466536
89	193	0.31926637156420856
89	77	0.3152102675979465
89	135	0.3090004784261479
89	180	0.3074076609119416
89	78	0.30407166013575465
89	11	0.2996181121250538
89	65	0.29800615364126715
89	7	0.2946949580917977
89	112	0.2946492996749867
89	198	0.28610607547432043
89	52	0.284149240668967
89	18	0.28393779723587625
89	195	0.2837539109304135
89	98	0.2797676736356981
89	186	0.2785874371720427
89	183	0.27743404982392106
89	165	0.2767139304657313
89	164	0.2740338420252799
89	169	0.2693751854371836
89	31	0.26921751392671783
89	93	0.26228440474229675
89	44	0.25981499588984985
89	66	0.2555110640228889
89	88	0.2479431145657777
89	17	0.24484345974248226
89	156	0.2378934462277821
89	40	0.2337664948279917
89	59	0.2323101277186739
89	101	0.23210199004348103
89	94	0.2319506038362516
82	47	0.5657976554524193
82	84	0.5609991408513185
82	159	0.5497967762265463
82	168	0.5234789924484211
82	93	0.4807659416332484
82	86	0.473893827989782
82	72	0.4664081369065818
82	14	0.4647790348412879
82	76	0.4605743242586276
82	80	0.4600226365792269
82	78	0.4489464524941034
82	75	0.4454984952604997
82	83	0.4303694281066985
82	179	0.4248291239063404
82	16	0.4124169221556045
82	88	0.3982859030430598
82	91	0.3847132763390461
82	189	0.384236055987644
82	46	0.3809410655416953
82	77	0.3793412948925811
82	43	0.3782106771742322
82	118	0.37544792161149504
82	66	0.3754049688622969
82	147	0.3745111862791679
82	135	0.3628985098550795
82	40	0.36284641044044136
82	7	0.35829638622214194
82	152	0.353142972138132
82	11	0.3510404981385289
82	94	0.34608575492771043
82	157	0.3455751221886566
82	5	0.338457995370683
82	115	0.33696960086438804
82	154	0.332369794323308
82	192	0.32991244265176856
82	54	0.3258337305170622
82	99	0.3230690136725136
82	151	0.3196075963638904
82	117	0.3078603415604749
82	97	0.2995361893073548
82	26	0.2986438551425036
82	180	0.2968029071425388
82	51	0.2932606424896941
82	42	0.2930229848433372
82	170	0.2920536983595808
82	15	0.2913583686331765
82	27	0.29092820791783336
82	68	0.2804772527747039
82	53	0.2800902475535881
82	177	0.2789747952225067
82	178	0.2769909362822165
82	85	0.2753189702634814
82	187	0.2745054778511053
82	188	0.27183113459815017
82	116	0.267389328495547
82	28	0.26303852194662736
82	67	0.2609709181414511
82	65	0.24873131055909675
82	59	0.2476239894435572
82	101	0.2450878576156353
82	45	0.2410324922576488
82	18	0.24082526253790226
82	175	0.2402128646861803
82	112	0.2377707995634126
82	31	0.2369781307927439
82	182	0.2347210758809997
82	149	0.23425801871221086
82	106	0.2316856509386336
168	159	0.6307917307103699
168	153	0.5399606096788525
168	169	0.4893991906623336
168	179	0.5380308164556656
168	151	0.4955271463476477
168	72	0.4640496179477786
168	189	0.4639711485114607
168	47	0.4586813443336674
168	192	0.4549145983783148
168	84	0.4488346628769856
168	152	0.4411195622671486
168	16	0.4240010534639511
168	187	0.4108139175060204
168	86	0.4033890021120059
168	65	0.3977977967055127
168	8	0.39515138310066
168	76	0.3933271012335993
168	188	0.3622471041779472
168	80	0.3558359278745896
168	172	0.3469128967690234
168	175	0.33657950439651485
168	117	0.3346805710636821
168	178	0.3326810937092545
168	182	0.3287801984820392
168	146	0.3267630009581282
168	115	0.3238300869424538
168	4	0.3217518182438634
168	59	0.32156354561428235
168	77	0.32143801639985725
168	43	0.3202269768532842
168	107	0.31848483466426875
168	165	0.3170823738487047
168	15	0.3159756084709415
168	78	0.3145075938382447
168	171	0.31243360179815505
168	112	0.3102572188323798
168	42	0.3034816423272709
168	46	0.2993177068680235
168	111	0.2991174037210356
168	155	0.2977236579297823
168	177	0.2972040942594049
168	170	0.2957629805692372
168	97	0.2934525702881192
168	51	0.28606934932149386
168	66	0.2839837655495959
168	10	0.2837171311642556
168	31	0.2783106973395177
168	14	0.2781077254208917
168	26	0.2767508672329024
168	49	0.2758826372021792
168	116	0.2711456770426727
168	154	0.26374579657903197
168	102	0.25810771806362903
168	110	0.2580143776141635
168	11	0.2565576438707222
168	180	0.25522127970900105
168	157	0.2549407996125536
168	6	0.2541084563579364
168	94	0.2514499268753434
168	1	0.2512906686703221
168	160	0.24713581180049746
168	91	0.2454637935174752
168	7	0.2447212491348211
168	186	0.24361159763252935
168	22	0.2415316372154993
168	68	0.23888377553499565
168	70	0.2311272448344671
13	111	0.8208768676694718
13	1	0.730230027418343
13	10	0.6663282202996833
13	102	0.6490179137314871
13	6	0.6258593531891576
13	113	0.6055597318294917
13	110	0.5736995002580226
13	112	0.5456738812770258
13	38	0.5361666230359713
13	104	0.5187075987623312
13	36	0.5051153076718039
13	141	0.49227609190321003
13	106	0.4873431600984284
13	105	0.4729705524380881
13	32	0.4397412668030332
13	70	0.4363957569798053
13	2	0.4246652059380043
13	37	0.4108970372835856
13	35	0.3998328853419183
13	134	0.39519357503623626
13	11	0.3905085917008753
13	99	0.38994061614363773
13	101	0.3745885603944082
13	114	0.3744767961091521
13	5	0.3734015844554192
13	8	0.373289704761788
13	40	0.3706962276211192
13	95	0.36816611478574507
13	160	0.3581656356410605
13	167	0.3561415730736209
13	58	0.3540704320569611
13	199	0.3454518353278906
13	100	0.3366947722031226
13	170	0.3321029086239445
13	30	0.3314087569781845
13	176	0.32955593251185666
13	16	0.32173388861313884
13	7	0.31277646746790194
13	53	0.296656994929147
13	161	0.2956534737720771
13	166	0.2940373471584956
13	172	0.2898751911824123
13	68	0.2717477828541077
13	198	0.26978320933395394
13	85	0.26107342355822233
13	144	0.2587702966186521
13	139	0.25427682585561096
13	135	0.2529200787929688
13	98	0.2523583747603904
13	65	0.2488438831267355
13	20	0.2441006753955787
13	27	0.23935518646039364
13	156	0.2368837444197553
13	86	0.2368082321015748
13	107	0.23297224234256705
111	113	0.7260629483163012
111	1	0.7126853890768835
111	102	0.6763034994102454
111	110	0.6027084932007626
111	112	0.5471539014592599
111	106	0.5392092308099824
111	10	0.5379881837090202
111	6	0.4969969073392132
111	104	0.479111175904572
111	105	0.4459472406717673
111	38	0.4309314608063292
111	11	0.422104483880262
111	8	0.4076336361764801
111	101	0.3989924159109581
111	141	0.3841422921331416
111	95	0.3802569500778338
111	160	0.3758344237714323
111	70	0.3454078014158741
111	5	0.3384402863271026
111	107	0.3268523206333145
111	134	0.32441180156429017
111	37	0.3127854891484979
111	58	0.3017192830895032
111	16	0.2936992998422273
111	2	0.2912851581028104
111	7	0.288922292987077
111	36	0.2880513564845766
111	99	0.28581224272245803
111	86	0.2839469910030444
111	100	0.28037590307204685
111	161	0.27038579464325563
111	53	0.2688464652173045
111	85	0.2684753366952056
111	184	0.2578743579090074
111	170	0.2448904617510474
111	72	0.24423232897601466
111	176	0.2363645394765461
111	114	0.2356563152066521
111	59	0.2322249830582964
111	47	0.2320168366849675
111	65	0.23146798533896834
1	102	0.8042390621983634
1	6	0.6370482065467415
1	101	0.5720401060663759
1	106	0.5306934617307615
1	113	0.5196717820354241
1	110	0.4894676316065002
1	100	0.4815267547376645
1	104	0.480988881136016
1	105	0.4770514378022629
1	112	0.4430344325028744
1	5	0.4375931297036362
1	86	0.4353103141787423
1	10	0.4327943617719244
1	99	0.4314524678121717
1	30	0.42822412777989416
1	85	0.4040418728622376
1	134	0.4029032676797893
1	7	0.3802911657434624
1	95	0.3715067741922412
1	170	0.3711791745275647
1	141	0.3688661133895429
1	73	0.3670158287770138
1	107	0.3599948635948875
1	8	0.3566391750187484
1	167	0.3550758514745725
1	2	0.3491276775080323
1	84	0.3483634900033252
1	36	0.3437245684944588
1	160	0.3358788139828324
1	37	0.3230421446197328
1	65	0.3213662803471857
1	16	0.3174241269858884
1	11	0.3138135904784893
1	68	0.30778792201621336
1	35	0.2961553160800883
1	40	0.29198052027900057
1	184	0.2886656455370443
1	70	0.28851897122070824
1	38	0.28297216140754605
1	75	0.2807996874878135
1	32	0.2734232940895453
1	172	0.26502003563086834
1	83	0.2603464399440367
1	77	0.25652961830976434
1	69	0.25085966649965713
1	135	0.2490596284209659
1	187	0.2473986922921633
1	53	0.2466944663404819
1	147	0.2443733763931284
1	46	0.2427648241551535
1	59	0.2393363321882445
1	78	0.23927034081435636
1	54	0.2384405465692945
1	14	0.2371102641992724
1	58	0.2364778320791372
1	159	0.23461713353587935
1	140	0.2299531494992071
10	110	0.700494095412963
10	104	0.5115153790260482
10	2	0.4724269633561661
10	8	0.4717508585349831
10	114	0.4122177234949767
10	6	0.4072249755219683
10	7	0.3912795452860528
10	36	0.35025115545772834
10	102	0.3487412498309159
10	37	0.3329211894253576
10	38	0.3311950996117938
10	141	0.3283341734065585
10	135	0.3225584126459001
10	107	0.31881726541739497
10	169	0.3169204620310893
10	113	0.3056862065186905
10	182	0.3003734141799213
10	134	0.2988897545076201
10	176	0.2945853756313148
10	156	0.2943570539568989
10	40	0.2886014771903692
10	139	0.28468232309494584
10	132	0.2820059515879612
10	31	0.2815824792679377
10	166	0.27988749418351644
10	160	0.2739043502947301
10	131	0.2739043502947301
10	32	0.2732845024429185
10	195	0.2702374855848864
10	172	0.26641412696316946
10	157	0.2655778055002501
10	105	0.2644155847439937
10	161	0.26391326749453003
10	112	0.25962848696719143
10	101	0.2588356080908497
10	35	0.2576876481188568
10	199	0.2572581425821832
10	53	0.2565015923174399
10	180	0.2554456328659776
10	143	0.2543703578065817
10	39	0.2512625628684535
10	70	0.24951917725893635
10	130	0.2461308978864125
10	99	0.24323529962857585
10	145	0.2414374686945231
10	144	0.2374688677857393
10	175	0.23740281409027025
10	196	0.2344281337097496
10	27	0.2318275942685065
113	112	0.5359029363570391
113	139	0.5229706274274424
113	102	0.5156089318898529
113	106	0.473343091284656
113	104	0.4606924967874316
113	70	0.4523333698895972
113	38	0.4432112337757864
113	36	0.4394266280876052
113	134	0.4007230494202652
113	110	0.3993875201638344
113	142	0.3982270056173344
113	114	0.3981260309622793
113	199	0.3978314664462621
113	101	0.3893893113814798
113	176	0.3756712499090658
113	100	0.3638098821528412
113	95	0.35711912550168723
113	161	0.34424475645968106
113	141	0.3313553458220452
113	11	0.3255029726758719
113	37	0.31993976193276424
113	183	0.3041442616035561
113	105	0.3022282177108433
113	182	0.29627390947729026
113	166	0.2923921024920237
113	184	0.27430204328535024
113	99	0.2727014533210773
113	170	0.27041360116335433
113	58	0.2642946696165244
113	32	0.2639783907764476
113	86	0.26299198079776176
113	6	0.26214471821405033
113	2	0.25386522878178336
113	30	0.2489189277703697
113	167	0.2487875976831159
83	85	0.43842552185313743
83	5	0.41169463949523344
83	159	0.4015453588459527
83	160	0.33812148255616803
83	101	0.32960050142178937
83	102	0.3220834747795833
83	106	0.32093578659143185
83	35	0.2928584314104219
83	163	0.282797365928206
83	135	0.2804219718938279
83	11	0.2792975242699548
83	54	0.2784582976705774
83	7	0.2608870456955437
83	26	0.2574448966205087
83	64	0.2574075473509053
83	99	0.2566323765907325
83	151	0.24191768057674895
83	39	0.2415033871367624
83	128	0.2409100409875252
83	154	0.2321587569728429
85	66	0.5248859431598843
85	160	0.6339901495088555
85	65	0.5148523585062924
85	78	0.5012094147890185
85	96	0.4719529710334178
85	88	0.4576147090770757
85	97	0.4557785970683386
85	5	0.4533111606456661
85	7	0.4473081304557157
85	28	0.42262209768185793
85	107	0.4148952963449763
85	102	0.4144729974591145
85	67	0.3992362211590476
85	6	0.3990680856481893
85	86	0.39161825238330106
85	101	0.3911016816071767
85	11	0.3773533965436329
85	69	0.3707479815283681
85	106	0.3691857267364259
85	77	0.366366675675562
85	91	0.3659423695633393
85	112	0.3483547035439283
85	185	0.3466049813899417
85	94	0.3353641462333236
85	93	0.3332768074419347
85	99	0.32889614099137904
85	95	0.3265486099231415
85	170	0.32582479216413784
85	74	0.32436706298949114
85	61	0.3215994090284138
85	197	0.31576855676182003
85	167	0.30922659063032554
85	63	0.3033817701154369
85	198	0.3025462143967552
85	53	0.2993268109298766
85	4	0.2948958391388264
85	159	0.29374498620735023
85	92	0.287023955870779
85	76	0.28265015516455977
85	84	0.27691707256391024
85	41	0.27504168753005703
85	105	0.27224783212332904
85	8	0.27168295090098177
85	135	0.2621540309911042
85	104	0.2550716956662112
85	162	0.2544638849993224
85	147	0.25329445347175017
85	16	0.2511032886554827
85	54	0.2510564407104168
85	79	0.24973484511952335
85	15	0.24862811313511946
85	29	0.2462436249061318
85	81	0.24551078031706175
85	132	0.2418894360966975
85	42	0.24070279828948904
85	73	0.2309757864033011
163	184	0.4525799076133257
163	99	0.38986429829706604
163	30	0.37677007595169815
163	100	0.3755939488956162
163	56	0.3528365827664739
163	101	0.33110606568273115
163	106	0.3208102009186373
163	58	0.28755608522974146
163	79	0.2733862840966993
163	61	0.2701633262456831
163	167	0.2615020187634314
163	37	0.2604583028164728
163	41	0.258490363515462
163	36	0.2518807925577928
163	54	0.2344942856655988
102	101	0.6442876116088978
102	106	0.5657840578382894
102	110	0.4953158702418913
102	6	0.4875947435214548
102	112	0.4403944023903484
102	104	0.4286323523882557
102	105	0.4253698555557987
102	5	0.4178793953160046
102	100	0.4078170633839835
102	160	0.3977472900853117
102	99	0.37990617950319344
102	95	0.37353926762954204
102	11	0.37020445070857466
102	107	0.3549272759138039
102	86	0.3523462023705323
102	7	0.3272631159182477
102	16	0.3064022126549936
102	134	0.3031547630273227
102	84	0.2983614773363125
102	58	0.296018466197478
102	141	0.2821900357315957
102	8	0.2770001690168545
102	65	0.2725348310388877
102	2	0.2700149979509461
102	159	0.2691154834932861
102	59	0.2628244225283583
102	30	0.25477249095683285
102	188	0.2522834680282278
102	70	0.2415222205680732
102	75	0.23500452771782135
102	47	0.2341162452544384
102	73	0.2339555566313871
6	105	0.6833116006726269
6	8	0.4217263696990771
6	5	0.39949677813963946
6	104	0.39733472913609796
6	36	0.3927352327177172
6	106	0.3871387980810376
6	107	0.36024725431107113
6	37	0.3367745670816538
6	110	0.3310971619655181
6	69	0.33003719897796624
6	30	0.326861252279726
6	20	0.3244654859382555
6	160	0.32171595875167003
6	2	0.3156154992099096
6	100	0.3154264054397968
6	141	0.3152102675979465
6	73	0.3045888684792895
6	65	0.3025643836025753
6	63	0.2912119441603423
6	61	0.2904704609813121
6	170	0.28898644836306103
6	167	0.2869780743499246
6	38	0.2846088049427639
6	35	0.28049567932155034
6	40	0.275013956739148
6	23	0.2666649452637569
6	112	0.26303852194662736
6	32	0.2606447253974241
6	54	0.25984297055683164
6	101	0.25270477904266936
6	74	0.24402544073773105
6	78	0.24308475991696665
6	94	0.24267071534682105
6	131	0.23999612422600036
6	7	0.23856315176192516
6	134	0.2345037357677384
6	185	0.2330762693090267
6	184	0.2308905861156543
6	4	0.23016150569595745
112	11	0.7814172747317991
112	70	0.6983230860778069
112	95	0.5274170146046617
112	106	0.47994283392765097
112	197	0.4637435459692762
112	99	0.4391522396620616
112	198	0.4338340272253407
112	176	0.4154663574784687
112	32	0.4095746242674391
112	104	0.3994463527915587
112	16	0.3927775198391488
112	43	0.39084753995383936
112	101	0.37464873665514575
112	72	0.3719721514530058
112	179	0.36972973233229983
112	38	0.3685032033155209
112	5	0.3679067500331549
112	86	0.36521463364158735
112	199	0.3611084665794552
112	97	0.35852298726944976
112	182	0.35359803935258444
112	98	0.35248633081412856
112	65	0.3421450807511401
112	47	0.3399977633838692
112	114	0.33485815695747506
112	167	0.3342009704189794
112	178	0.3306519009556256
112	7	0.32687911539738346
112	110	0.3195267874510746
112	40	0.31233433601012744
112	78	0.3105825290485213
112	35	0.307380495645525
112	159	0.2998547532218028
112	166	0.2987804707987328
112	135	0.2964563430189107
112	46	0.2962191751981418
112	53	0.295708228142119
112	51	0.29012248436253546
112	160	0.28356080784577664
112	177	0.2814259508543308
112	144	0.2767508672329024
112	36	0.27025602491871115
112	155	0.2685774049897782
112	192	0.2685402899439663
112	187	0.26723147582069595
112	59	0.2617814818392547
112	118	0.25545498031738617
112	37	0.2539213610734508
112	148	0.2501098606405985
112	2	0.2473705282665279
112	172	0.24423232897601466
112	189	0.24139038272871094
112	100	0.2413809653991475
112	171	0.24136213060363196
112	170	0.23996785196664114
112	56	0.2391194950881371
112	134	0.23661943879028816
112	185	0.23652503543271725
112	130	0.23630789076496056
112	27	0.2344470344901321
179	182	0.5990345320920079
179	155	0.5764769774145178
179	171	0.598630450341849
179	189	0.5961093120643037
179	72	0.5727998448760658
179	80	0.5654236089338853
179	47	0.5550427133066963
179	51	0.5527829484731271
179	146	0.5255955827541939
179	177	0.5155795653870292
179	175	0.5090821147639648
179	173	0.4942434964021645
179	178	0.4939865072823689
179	180	0.4846469197433537
179	157	0.4843637755586626
179	86	0.4790033053224394
179	192	0.4728618634019447
179	15	0.4612988586369223
179	65	0.4558736637728126
179	187	0.4521106312185249
179	193	0.4401122404403597
179	16	0.43909573775352
179	43	0.42391082471430297
179	97	0.4214139038293221
179	183	0.41787114151340415
179	116	0.4049033667055345
179	159	0.4030875385138021
179	153	0.4007314435970042
179	170	0.3981260309622793
179	118	0.3971662907304536
179	50	0.3764611381100197
179	198	0.3682006924249911
179	42	0.3681142464173215
179	14	0.36420893083292055
179	70	0.3599600469456261
179	147	0.3585927021711573
179	91	0.3543153053300539
179	46	0.353991712477046
179	195	0.34995282973943426
179	77	0.3462529866127072
179	169	0.3400685135809971
179	117	0.3391219113544714
179	49	0.3366061055550214
179	149	0.32720954093514754
179	154	0.3208460836907553
179	18	0.3183770024544249
179	84	0.3165066034730241
179	76	0.3161556289750938
179	53	0.31511119348954464
179	45	0.3140028974166081
179	98	0.3119372046636216
179	115	0.3090185686884342
179	194	0.30612128949852985
179	71	0.3031547630273227
179	78	0.3013283772438373
179	166	0.2988442205814443
179	144	0.2948045328021389
179	165	0.29378153433322074
179	31	0.293489125282573
179	172	0.2919622252246515
179	67	0.28668440144393986
179	94	0.2866109747957571
179	152	0.2861428007865505
179	151	0.2798690608205216
179	66	0.27955566208600025
179	188	0.2722570909093009
179	162	0.2720441260798003
179	48	0.266850713315108
179	17	0.2659774312635416
179	11	0.2647038872664865
179	156	0.26433187515628004
179	181	0.2600574285112599
179	40	0.2586023419693188
179	79	0.2580050433042705
179	186	0.2578743579090074
179	196	0.2566604005696668
179	4	0.254959499620977
179	135	0.25243327846807945
179	93	0.2495660636829532
179	59	0.2493597546674125
179	148	0.2482903366545597
179	174	0.24690106632925346
179	52	0.2429342084948509
179	197	0.23792174822703505
179	7	0.2345037357677384
72	178	0.7716930705602312
72	192	0.5863792480285
72	47	0.4695711218550179
72	43	0.4688146596631793
72	152	0.449225865057224
72	177	0.4457709745485469
72	51	0.4391280249837389
72	155	0.4070330989554163
72	182	0.39673665168412
72	189	0.3843809481729293
72	80	0.3682698446478996
72	159	0.3631763350773359
72	116	0.3591154364035904
72	16	0.3558097261711194
72	46	0.35123337276502675
72	11	0.35018974126313396
72	14	0.34802956152061504
72	117	0.3328055931704192
72	84	0.3316045797094798
72	59	0.3307231526163454
72	135	0.3300282881940847
72	118	0.32678979747367304
72	18	0.32206554941941096
72	157	0.31434538936216416
72	70	0.3127854891484979
72	15	0.3120726026043099
72	151	0.3108987331354244
72	45	0.3077064457659113
72	49	0.3050061337722025
72	148	0.30494264442869623
72	86	0.3005098744023525
72	26	0.29049792954927856
72	187	0.2889956132049021
72	97	0.2889406233593257
72	27	0.2862529716787757
72	164	0.2855642795256201
72	154	0.28001652194550153
72	53	0.2787350128391231
72	58	0.2726459143773696
72	71	0.2725626025547943
72	195	0.2708677104336321
72	115	0.2704414072323009
72	188	0.2676957074225273
72	48	0.2648061767913933
72	7	0.2550436472986871
72	31	0.2510658103935291
72	173	0.2423318858282092
72	176	0.2411455173884999
72	22	0.2407875820472289
72	147	0.24017517241284805
72	142	0.2394211749912871
72	78	0.2335679609072505
72	77	0.23208306738231946
72	146	0.2311272448344671
72	98	0.22961215752790126
192	178	0.531949431799128
192	43	0.4644575416117473
192	117	0.42242494395346586
192	153	0.41600401421563504
192	118	0.4086920578878032
192	48	0.3863308838144055
192	47	0.3812487815342552
192	152	0.38115476616155375
192	149	0.3730314794127798
192	46	0.3682093366756635
192	189	0.3555389424860619
192	154	0.3508475937187365
192	182	0.3508037476513096
192	155	0.3438656572813078
192	116	0.3435129062166335
192	86	0.34022768744896703
192	52	0.33601188509081714
192	22	0.3219938456695491
192	16	0.3147418567699122
192	148	0.3116031689088101
192	84	0.3036632110828472
192	80	0.3033363714517403
192	76	0.29742287938380924
192	151	0.2962556649337738
192	15	0.2926755739147577
192	159	0.2921360196129128
192	156	0.28462718479470306
192	11	0.28149961315046995
192	146	0.27005208122644003
192	44	0.2699315576523802
192	187	0.2591434731453843
192	135	0.2582010536948408
192	176	0.2574915821257827
192	169	0.2555204111399673
192	77	0.2544451799415049
192	164	0.253771671162431
192	147	0.2536593957512219
192	14	0.2531447126972923
192	45	0.2517684024333018
192	177	0.2471264225383883
192	49	0.24424173245874284
192	51	0.2405237982943909
192	24	0.2306728359623421
192	188	0.2306160277735989
47	189	0.5333318782946718
47	182	0.5235661033452519
47	146	0.5231304394169558
47	80	0.5019353870619665
47	159	0.4930485213161556
47	84	0.4731878873301948
47	16	0.4634295109639131
47	155	0.4495051897706154
47	147	0.4411034538544004
47	175	0.4371726076809394
47	86	0.4343696538856429
47	157	0.4284119328215421
47	51	0.4283711087863101
47	154	0.3977809614333154
47	14	0.39443386519773066
47	43	0.39216842510218736
47	50	0.391474314827482
47	171	0.3523199265281841
47	49	0.3518819140697409
47	178	0.3424717259801884
47	153	0.33060736675337704
47	53	0.3300282881940847
47	46	0.32825387333355044
47	66	0.32340035582282195
47	180	0.3194190350041645
47	65	0.315948603432516
47	148	0.31338981312145675
47	118	0.30843052076399396
47	151	0.3031366009734138
47	45	0.3018374439658011
47	169	0.29857098845394103
47	52	0.2877303648903517
47	11	0.28354241587610923
47	165	0.2827053607616484
47	164	0.28259494769497484
47	188	0.2808088989773024
47	135	0.28016396985777703
47	170	0.2728125257558732
47	75	0.2721089442848981
47	68	0.2696255752124823
47	172	0.2678813652817349
47	193	0.2675007452736541
47	149	0.2670550352699472
47	59	0.26374579657903197
47	144	0.2590221992546712
47	77	0.2587049827803179
47	93	0.2567631514665886
47	107	0.2559409819463583
47	150	0.2554456328659776
47	152	0.253331886769258
47	140	0.2523209217723198
47	187	0.2514967649331468
47	173	0.2512906686703221
47	18	0.2498192301482881
47	78	0.24919093954371474
47	15	0.2387140400208364
47	70	0.2373273214643493
47	7	0.23481556426449696
182	80	0.6859096856430096
182	148	0.5563836072904627
182	173	0.6127232703097657
182	189	0.5772109534101532
182	175	0.550264078767514
182	147	0.5377963022887688
182	171	0.5313755638649691
182	157	0.5268682029438881
182	43	0.5205252939466599
182	170	0.5081406456195062
182	183	0.5060234749732665
182	187	0.4934571401872546
182	146	0.469937407381322
182	50	0.4691812788772428
182	193	0.451187256036634
182	135	0.4234595547588061
182	53	0.4227452984552113
182	195	0.4062652334972859
182	45	0.40523773383860257
182	16	0.4046525202633999
182	198	0.39477158066754586
182	180	0.3858798948366669
182	66	0.3857947818819367
182	199	0.37897311178018295
182	70	0.3674310992909972
182	194	0.3669466027940847
182	144	0.36452113655220575
182	77	0.3623339787342035
182	178	0.3558359278745896
182	15	0.3536767840048069
182	181	0.35348428822888905
182	27	0.35115447311053544
182	71	0.3498387452577281
182	142	0.3495754337749649
182	65	0.34775708075008543
182	177	0.34741419890904285
182	153	0.3431600581990078
182	116	0.3376608511992428
182	176	0.3364110179187424
182	31	0.3332501393782187
182	165	0.33176477705824714
182	164	0.3254135649844451
182	149	0.32477860311892065
182	169	0.3180264908773338
182	98	0.31489500795972303
182	155	0.31255993020586154
182	188	0.3063025363506324
182	49	0.3014465687704703
182	51	0.29779656504301355
182	86	0.29697615989680826
182	104	0.29696704181812555
182	52	0.29262985619535115
182	84	0.29049792954927856
182	8	0.2865375447803157
182	166	0.28305495270686365
182	42	0.2808549556487206
182	46	0.27815385758402084
182	156	0.27547607681770164
182	14	0.2743482805706151
182	2	0.2651037124290641
182	78	0.2645550918695504
182	7	0.2617442226308931
182	130	0.2615579148879983
182	107	0.2583317154810276
182	40	0.2520587296926565
182	97	0.25167473880830626
182	196	0.24977235004513726
182	38	0.24766153636603044
182	150	0.24759582876357225
182	114	0.24642209572866344
182	79	0.24394079823643186
182	172	0.2371291396842107
182	132	0.2370441985922592
182	18	0.2325749994439609
182	4	0.2305213439655808
155	51	0.7262945538708516
155	125	0.5418564876326231
155	146	0.5090895230802543
155	154	0.44333979486629504
155	178	0.4398299915489325
155	144	0.4170619343561177
155	149	0.415772443863268
155	157	0.4093665408085589
155	43	0.3895420083508412
155	156	0.3725234676300712
155	52	0.3724028896650728
155	189	0.3701008922687752
155	45	0.3693584543602431
155	175	0.3684686345904261
155	80	0.3672407851448535
155	53	0.34971587344126154
155	153	0.3456631769289028
155	49	0.3442271264273495
155	50	0.3397677986648712
155	173	0.3375633892131828
155	117	0.3237584743613986
155	150	0.32041542966099473
155	118	0.31879929819180663
155	21	0.31578656245247616
155	86	0.31145869715276564
155	16	0.30884670217001353
155	164	0.3087019568242597
155	116	0.3057859243189751
155	180	0.2992994985808176
155	40	0.2989443934225728
155	195	0.2950875649160422
155	171	0.2881522261938105
155	17	0.2836619599497717
155	18	0.2775078906127276
155	152	0.2720163460932832
155	14	0.2649270567289796
155	122	0.2638574456234346
155	70	0.2593673419361716
155	115	0.2585930106969009
155	169	0.25580080243369324
155	130	0.2542581188945619
155	27	0.2455859567969103
155	120	0.24056148386389795
155	15	0.23816701529221976
155	38	0.2381387167958504
155	23	0.2347116267986557
19	121	0.7906637819872255
19	120	0.4839733293585441
19	124	0.4333224610108798
19	23	0.42790559120048405
19	136	0.4146137836007531
19	119	0.3708256080720464
19	17	0.3195806605761015
19	123	0.29811549281058003
19	115	0.2573235086823243
19	20	0.241352713137683
121	119	0.565137816701513
121	124	0.5348757007674875
121	120	0.5140434809809533
121	136	0.4978698767923905
121	17	0.476672862595048
121	23	0.3715498725274757
121	115	0.34618257595292434
121	123	0.3004461944958286
121	18	0.2521242811837266
121	116	0.2312313660085072
119	17	0.6105953067503511
119	115	0.5587885537648233
119	120	0.5193724423652893
119	15	0.4523969991487292
119	124	0.4514580007133717
119	116	0.4187703998064189
119	152	0.32496643926545643
119	154	0.32254945305629623
119	117	0.3199218090469152
119	29	0.2882989343557996
119	23	0.2882989343557996
119	129	0.2782368922439557
119	14	0.2669993134806788
119	11	0.2472484793255181
119	18	0.24516305069652594
119	186	0.2379877846540425
119	149	0.2370536366703656
119	122	0.23027514563850265
124	23	0.5182688968239662
124	17	0.5324869895846733
124	123	0.4436852124212499
124	20	0.38775071636597
124	126	0.3454518353278906
124	125	0.32779874998978226
124	149	0.3220834747795833
124	21	0.2703672567125692
124	120	0.26494565290353683
124	150	0.26051423163072784
124	116	0.2553334597245813
124	52	0.2435081229872632
124	57	0.23830850170747306
124	148	0.2375632263983847
124	15	0.2321209125289639
11	95	0.52682485697988
11	70	0.5200658396846121
11	197	0.4487068861107092
11	106	0.4464598181864292
11	97	0.4350590237476893
11	99	0.4289506461435573
11	101	0.3987233239464795
11	5	0.3971241769473047
11	43	0.3871387980810376
11	7	0.3770789299978015
11	86	0.3482228993076452
11	53	0.3460241377095557
11	16	0.3452316505593025
11	78	0.3358699420988108
11	118	0.33279670073645345
11	96	0.3184399055783401
11	148	0.30661966490431364
11	198	0.3042985279913825
11	116	0.2999730599359145
11	187	0.29898992435445604
11	135	0.2971858607564988
11	15	0.2959910947623827
11	159	0.29577210578484114
11	178	0.2856193857639071
11	46	0.2824661229857117
11	52	0.27393209935891083
11	76	0.2736268345771601
11	40	0.2703209110087649
11	74	0.27011697503074433
11	160	0.2681876572536102
11	147	0.2521711022607929
11	177	0.2476896960697019
11	17	0.2428495181760729
11	104	0.24006209124788944
11	71	0.23689318325831224
11	93	0.23687430553648015
11	65	0.23322757173776426
11	110	0.2328587522981924
11	79	0.2309095198189643
11	189	0.2296405756798516
11	88	0.2295742660496231
70	176	0.6629339904098497
70	199	0.6318742836099038
70	98	0.5737129174817399
70	32	0.5293343913770892
70	198	0.5219018490233189
70	38	0.5174126431039755
70	197	0.4054550143591965
70	97	0.3998160825342783
70	95	0.3946365072731409
70	99	0.3853350584642309
70	166	0.38488366236582267
70	183	0.3777049599416284
70	114	0.3756798385879203
70	36	0.36781163527570815
70	171	0.35718019659002564
70	106	0.3482404740014925
70	40	0.33887408885698983
70	104	0.333783399295625
70	51	0.3200025952238723
70	43	0.3091090166455434
70	173	0.30107377943103897
70	45	0.300045859481792
70	101	0.2956078436464075
70	142	0.2894995978914853
70	71	0.2880880371185619
70	177	0.2880055045034271
70	27	0.2866017962279593
70	178	0.28425954801227105
70	53	0.2809286436324236
70	2	0.27038579464325563
70	50	0.26996864273011045
70	79	0.26478757913912565
70	144	0.259637812873466
70	145	0.24791495862999585
70	41	0.2450408604426501
70	46	0.23864802782538475
70	96	0.23762927475987294
70	130	0.2316004802045848
106	5	0.6971016776076526
106	101	0.6509986972934738
106	99	0.6354531125977502
106	100	0.5390460822962425
106	95	0.4592733491347682
106	30	0.4333874372898693
106	135	0.3923884156870081
106	7	0.36640996365551004
106	197	0.34883786787358284
106	167	0.3271113146692856
106	110	0.32463547266499565
106	58	0.32294362030409657
106	16	0.3193022938647976
106	68	0.3143634129883726
106	105	0.31003126619668736
106	184	0.3057859243189751
106	86	0.2843422735814925
106	46	0.28141674283407553
106	38	0.27649229269456
106	104	0.27180335113655835
106	96	0.26745432248522233
106	59	0.2669621646292859
106	198	0.2607379294005125
106	160	0.2581823869541304
106	114	0.25276094660865217
106	40	0.24877821661246485
106	75	0.2474831818605351
106	185	0.2462530185237722
106	134	0.24230364736521195
106	26	0.24025997900924964
106	41	0.2358451995219979
106	73	0.23383266847085374
106	131	0.23314246551059306
61	81	0.7736675885641718
61	63	0.6663004190383265
61	69	0.6471212986321916
61	60	0.5057556077004728
61	181	0.6218034451700827
61	67	0.5983287939466865
61	167	0.5973327669050488
61	183	0.5718786190708949
61	166	0.5687884136089266
61	41	0.5565285821785079
61	198	0.5406615928461712
61	96	0.5063730437233342
61	79	0.5017707954986821
61	74	0.4514500388206914
61	36	0.4487787627996064
61	180	0.4470921272057263
61	193	0.442342969596539
61	97	0.4264994951991425
61	174	0.4143073413024471
61	145	0.4014782557845191
61	92	0.3931495748765627
61	73	0.3814367886228252
61	42	0.3776963865196141
61	94	0.37638389056193106
61	170	0.3743822178294134
61	31	0.37122228502846255
61	37	0.3711791745275647
61	196	0.3672321337710249
61	40	0.36676486525223534
61	68	0.35898477395063433
61	66	0.353230498051047
61	62	0.3487500335956897
61	171	0.3483107703287218
61	65	0.3450819032038987
61	185	0.33888294047051265
61	88	0.3384137223122229
61	30	0.3277808989131633
61	56	0.31849382030975143
61	78	0.3099318359386368
61	32	0.2942474476148427
61	114	0.29342515347909165
61	194	0.29192563447498465
61	100	0.2892155535143825
61	99	0.2862988739835642
61	90	0.2849120457343957
61	197	0.2833676817620548
61	28	0.28054174478414795
61	91	0.2751156340684384
61	57	0.2739136000334633
61	172	0.2739136000334633
61	7	0.2727014533210773
61	93	0.25930204975011645
61	175	0.2568845768617472
61	187	0.2507659572064089
61	54	0.236940376780268
81	181	0.6437843244807122
81	63	0.6475337852010491
81	67	0.5955159054022807
81	96	0.584031855052086
81	183	0.5794139354926817
81	69	0.5747986900497445
81	79	0.5308443014525487
81	97	0.5167459507962803
81	198	0.4858701579388197
81	41	0.4795887145293428
81	94	0.4724502674088039
81	193	0.4565309236693009
81	73	0.4383608969416755
81	66	0.4071081853696464
81	60	0.39590215016126656
81	88	0.3942734130090465
81	78	0.3910593288052671
81	92	0.381411153150195
81	166	0.3771389752164171
81	42	0.3769588300511066
81	7	0.3741242374756836
81	74	0.3680450850285989
81	90	0.3661069144953165
81	167	0.3659683518635555
81	180	0.3650846337801784
81	170	0.3601863372409028
81	91	0.3432835660290113
81	56	0.3273702595723887
81	76	0.3218145701341455
81	196	0.3142372428460978
81	93	0.3105463870598318
81	31	0.30895525179221645
81	71	0.2958816041613005
81	75	0.2912485515580454
81	187	0.2796478443718645
81	77	0.2578370174912406
81	186	0.2560344289757304
81	194	0.2546976821540263
81	80	0.2546415735512074
81	145	0.2532102257790953
81	36	0.2418329459068602
81	162	0.2409100409875252
81	174	0.24058032637668936
81	184	0.2319884514417756
63	69	0.6401984824169683
63	167	0.5985855335488487
63	74	0.5974742508943292
63	73	0.4940318645777985
63	31	0.4684088501062922
63	181	0.4559845617826955
63	96	0.4559053503630996
63	56	0.4435004705826225
63	94	0.42003127692393066
63	88	0.41955348781809787
63	100	0.4178628876418231
63	67	0.4150608549834829
63	41	0.4085587738451086
63	7	0.39857192953453824
63	76	0.3923630344482996
63	75	0.3891856821241324
63	185	0.3760147467187923
63	78	0.375104254474916
63	193	0.3674916473407008
63	30	0.3643303539005143
63	97	0.3633499430548873
63	187	0.3606996849133092
63	79	0.35526809910445684
63	186	0.3524513001847709
63	57	0.3522673731771493
63	92	0.35158397753583176
63	90	0.3514525122976461
63	91	0.3442976451000783
63	66	0.33932544463141073
63	28	0.3274506117889117
63	183	0.32168009833653904
63	198	0.3200295229155277
63	65	0.3041714862431853
63	54	0.2990809821341301
63	99	0.29364447443288577
63	36	0.2911112694194092
63	166	0.2906077990330796
63	42	0.2903788956307846
63	170	0.2806983576894451
63	180	0.2806799334173745
63	77	0.2800349536572241
63	93	0.2760674047589815
63	132	0.27185891760660114
63	68	0.2676492898508654
63	60	0.26698073915416265
63	174	0.2518245983446252
63	162	0.2450032618750742
63	196	0.2432258912398015
63	184	0.2417764540776564
63	62	0.2393740405520289
63	194	0.2331708346498863
69	42	0.5960126053646538
69	68	0.5411709277163956
69	88	0.6201568991786316
69	67	0.6174540991399189
69	78	0.6068942821901665
69	41	0.5553954964822139
69	94	0.5458283555335333
69	96	0.5453437438248768
69	31	0.5429998372973317
69	181	0.5308586653865988
69	40	0.522745375382512
69	73	0.5215233847472116
69	167	0.5194965742893135
69	77	0.5175810484160014
69	193	0.5053610700108025
69	66	0.5013366980933714
69	92	0.4991624246697902
69	91	0.4901213187172224
69	7	0.4873889085593199
69	65	0.4792344388514351
69	74	0.4690486905854858
69	79	0.4618339889798834
69	93	0.4431790906538657
69	180	0.44233492623398746
69	84	0.4397896631831582
69	90	0.4391118815104065
69	86	0.4389019905556427
69	54	0.41966059870866906
69	170	0.4124667156603428
69	76	0.40807547313196735
69	196	0.4076252977943037
69	187	0.4049284479987709
69	185	0.403983298694136
69	56	0.3980839553415708
69	97	0.3666350355806223
69	57	0.3638359111398348
69	186	0.35848812831885485
69	194	0.3526264434527408
69	162	0.34712399553517137
69	75	0.3471152004553246
69	28	0.3419773118656059
69	172	0.3419066658115553
69	30	0.3376874304844783
69	198	0.33484927822759697
69	189	0.3171903047936099
69	183	0.3092718088769361
69	36	0.3086838626505109
69	166	0.3054595502162001
69	175	0.3051240353602333
69	100	0.2979150316928416
69	145	0.2902232223310781
69	99	0.2883814517497064
69	80	0.2814443667393579
69	62	0.274930761621065
69	137	0.27117347121723084
69	60	0.267686424007594
69	197	0.2616138092581839
69	159	0.2599641890734222
69	15	0.2585743480072862
69	37	0.2562399955950043
69	171	0.253621969095059
69	53	0.2502785931528464
69	188	0.2436304106086557
69	33	0.2422565823479262
69	32	0.2349667364477186
60	183	0.4798889562763341
60	175	0.4662281510085113
60	180	0.4087420349103395
60	45	0.37392641331405024
60	62	0.36931527484623344
60	194	0.3653966095192476
60	165	0.3611171625548067
60	37	0.3610910744403413
60	174	0.3599600469456261
60	92	0.3548486110045942
60	166	0.332770023079435
60	36	0.3101758799201261
60	50	0.30625722671893624
60	41	0.2973773017245144
60	68	0.2952792669328558
60	181	0.2889956132049021
60	74	0.2777478505300885
60	90	0.2737748486326621
60	79	0.2687722458949235
60	167	0.2640435116516502
60	38	0.2622005941439313
60	195	0.2612318294397271
60	196	0.2609150036152012
60	173	0.2593113773503994
60	31	0.25164663880137744
60	171	0.25080344148778594
60	157	0.2492003185590993
60	198	0.2445144134701511
60	67	0.2416163849951763
60	199	0.23032249376117345
60	51	0.2300668009484048
181	198	0.6389338395227616
181	79	0.7064343492310441
181	196	0.6327445512354622
181	114	0.6133661716440298
181	167	0.6008906595489307
181	193	0.6250496405743933
181	96	0.5933755499717237
181	170	0.5592285597731385
181	67	0.5582174520798365
181	41	0.5551049836786602
181	145	0.545392923961466
181	180	0.5164160359715311
181	31	0.4922306307055366
181	183	0.4821870746344599
181	73	0.4738007717415997
181	7	0.4721550339363904
181	78	0.4653198078405525
181	40	0.4652101138485786
181	88	0.4530966169642761
181	94	0.4376497238276783
181	187	0.4269084570443495
181	80	0.4264422266168428
181	93	0.42462422209467465
181	166	0.4174170761617457
181	97	0.4115119112927343
181	66	0.4089752286014388
181	68	0.3896946839082259
181	172	0.371136062426465
181	75	0.3678808104081635
181	175	0.3504704672816296
181	56	0.3483547035439283
181	99	0.3465257910710384
181	135	0.34618257595292434
181	91	0.34343352386315656
181	27	0.3409437285103648
181	42	0.3352043810306395
181	186	0.33432532795930137
181	65	0.333427916395926
181	36	0.33011739338596346
181	197	0.32993917712056503
181	157	0.3298144117387658
181	100	0.3262180245739361
181	194	0.3255297938483961
181	171	0.323095882204466
181	173	0.3209537264806961
181	77	0.314588689190174
181	185	0.31334472307370465
181	162	0.3033545310824834
181	184	0.3029822146246795
181	71	0.2933794577247502
181	132	0.28833560928182433
181	195	0.2841032770555276
181	86	0.2815548576953924
181	28	0.2805878089544351
181	53	0.2786612266505275
181	92	0.2782092144859809
181	74	0.27468115156764555
181	76	0.2715995919092803
181	177	0.2709511051619124
181	98	0.2682804623024337
181	16	0.26346664305329986
181	101	0.2627313277496182
181	32	0.2570059941471758
181	199	0.2566884241170458
181	37	0.2552680222173971
181	189	0.25367810879450353
181	174	0.25276094660865217
181	30	0.2494629120058375
181	38	0.2420588968266573
181	90	0.2318370568062348
178	152	0.4328268687707699
178	43	0.4203441849810585
178	177	0.40209879456845454
178	144	0.386194755649371
178	51	0.38072732421429
178	116	0.3496368780624327
178	118	0.3474229919122383
178	148	0.33240537506304324
178	117	0.3286107262170384
178	46	0.3250916491220474
178	154	0.31448056103398964
178	130	0.3004370971476541
178	16	0.2793528429164429
178	176	0.2779324115016503
178	195	0.2730809207785865
178	149	0.2696626668943956
178	157	0.26738004344125
178	171	0.2631595232039832
178	18	0.25849969531865963
178	199	0.2572768188510497
178	153	0.25726748074064043
178	80	0.2505691523941047
178	53	0.247276645162275
178	142	0.2454449984746862
178	52	0.2452476393869472
178	146	0.2429342084948509
178	189	0.24001497217273626
178	27	0.2351556856923944
178	59	0.2315153059198571
178	26	0.2299910340126818
24	34	0.7443749827225922
24	26	0.6737669443620842
24	22	0.6050021331113719
24	39	0.5631880996515425
24	143	0.5862283110178848
24	127	0.5172148987612923
24	140	0.4927835594988437
24	137	0.457393315857429
24	33	0.4496328518014657
24	37	0.4388212505079465
24	35	0.4156483661347449
24	27	0.39365671523356105
24	29	0.3897116465370855
24	164	0.3789559840627553
24	44	0.3785105723030325
24	45	0.3678981035551115
24	135	0.34686011658395594
24	40	0.3224956943049494
24	25	0.3205589957320337
24	128	0.2985254450058387
24	28	0.2969396872571494
24	31	0.2920354041599799
24	165	0.28968282527675554
24	62	0.28898644836306103
24	134	0.27290508056313273
24	131	0.270497018016582
24	141	0.2663769656266589
24	46	0.2583597132057814
24	144	0.2580517143720445
24	130	0.2565015923174399
24	2	0.2518807925577928
24	129	0.2468259416564691
24	142	0.2401845955490812
24	138	0.2392609132947593
24	43	0.23665719888252465
24	52	0.2342958232851764
24	54	0.2298963214222655
34	33	0.5643068887326826
34	22	0.5735049159137376
34	26	0.5272437531662916
34	140	0.4878157651584184
34	137	0.4820642658608105
34	127	0.4643163595555521
34	44	0.4508447246772624
34	138	0.4161197791650849
34	35	0.4021658577357826
34	143	0.3639660475510786
34	62	0.36023855206056404
34	45	0.3577471393843576
34	151	0.3484952795475618
34	46	0.3230063184059049
34	39	0.3131823872041681
34	136	0.2857479596411269
34	59	0.28123257154738385
34	128	0.26892995813890186
34	149	0.2436962545812484
34	25	0.23989245728501615
34	52	0.23963797887397495
34	165	0.23401227172304165
34	37	0.2335017786047594
26	143	0.6321865631172847
26	127	0.6321205211085197
26	29	0.6079544215681538
26	22	0.5447462568374393
26	140	0.5075098491964876
26	46	0.4853658023530234
26	129	0.4701711220748704
26	131	0.4666115527315065
26	33	0.4653824837053876
26	44	0.4585707916357949
26	135	0.4265158570231859
26	45	0.41368588624371777
26	43	0.4134206146602499
26	152	0.4020736447682989
26	116	0.3942142929841757
26	28	0.3930312076846461
26	132	0.38767424525314464
26	117	0.374365020941552
26	52	0.3693670900716679
26	16	0.3674483990516109
26	164	0.3634714536276165
26	128	0.3622471041779472
26	118	0.3512947357144864
26	151	0.35000548061486914
26	2	0.34968954220078
26	39	0.3465257910710384
26	18	0.3448264112838025
26	156	0.3306429942329718
26	15	0.32603035954246146
26	134	0.3233108117062751
26	144	0.3226659232124233
26	149	0.3184219335433516
26	115	0.3180444679460097
26	40	0.31567852489734083
26	27	0.3129298283617569
26	137	0.3117927662270832
26	31	0.3091361499423957
26	169	0.30605784785624685
26	99	0.2957447299760962
26	126	0.2933429001560087
26	130	0.2926572869875488
26	25	0.2895820528413558
26	159	0.2787165666004409
26	35	0.27255334543328624
26	160	0.27096963677145885
26	133	0.2691896880440839
26	188	0.2643132724847414
26	172	0.2606447253974241
26	14	0.2586956520388603
26	30	0.25760362243352875
26	53	0.2566043521802832
26	122	0.2436774422468509
26	110	0.23948716131035036
26	157	0.23241418857957255
26	76	0.23230066737665125
22	44	0.5387835410963256
22	127	0.5351255217838247
22	23	0.5145656794087505
22	33	0.5017483483787258
22	143	0.4892698968731419
22	137	0.4347022370683011
22	140	0.4084504677286141
22	45	0.3997908778189641
22	149	0.3761864563854796
22	29	0.3721875405984634
22	126	0.35986429599058894
22	165	0.3500405799699933
22	152	0.347044837618545
22	2	0.33951125161933265
22	116	0.3284769173737965
22	128	0.32844123278836296
22	164	0.3173431929008433
22	46	0.31611962669508936
22	138	0.31191012355479125
22	169	0.3097781576593506
22	25	0.3089642972307937
22	123	0.3011919908989386
22	115	0.2987531486469332
22	117	0.29692145061240555
22	136	0.2823740990977188
22	18	0.27504168753005703
22	43	0.2563521130747471
22	151	0.2547911926810936
22	15	0.2526954176160665
22	131	0.2340217240834885
39	37	0.517354057946544
39	143	0.4866337168834195
39	131	0.3966776680441035
39	38	0.35765121374159203
39	35	0.3399446982101568
39	5	0.2933703184129998
39	27	0.25855568512464283
39	132	0.25815438648160993
39	141	0.2567444699169755
39	25	0.2535658276869972
39	130	0.2342674699218769
33	44	0.5784299587717678
33	137	0.5445141421193007
33	140	0.5326947302050058
33	45	0.5237910891675931
33	138	0.4553189614096
33	127	0.4509801599315309
33	62	0.4165744394441789
33	149	0.41199357788521146
33	165	0.3710412101719591
33	136	0.3596118253200077
33	164	0.3357279838501816
33	150	0.32497538320452485
33	31	0.30839432549290985
33	134	0.3049789243854889
33	2	0.30239176727059985
33	46	0.30167383413018906
33	195	0.2941561030834005
33	27	0.2912760065465869
33	35	0.29096482192284545
33	40	0.2883814517497064
33	23	0.28456285439749823
33	30	0.2775448097777193
33	144	0.2730161396636088
33	32	0.26299198079776176
33	175	0.2592367551937625
33	143	0.2515061324033599
33	18	0.2471170332298723
33	116	0.24354575077249796
33	65	0.2421812759487445
33	152	0.23949658774677066
33	169	0.2352596002023892
33	135	0.2320546830612073
33	42	0.2320168366849675
115	116	0.7440537583806479
115	152	0.6601841624967775
115	120	0.5926948253707583
115	15	0.7090148158285959
115	117	0.5717238190981004
115	18	0.5556996978943557
115	154	0.5096597368946216
115	17	0.5027503272229247
115	14	0.4880519605242785
115	29	0.4655313201804111
115	118	0.4560400054784612
115	44	0.380060189802886
115	46	0.3788189529773818
115	77	0.3759804016858311
115	76	0.3515752136179521
115	186	0.34956665577411844
115	129	0.33888294047051265
115	189	0.33088345506712064
115	149	0.33088345506712064
115	86	0.3287356025699094
115	43	0.3149310411511955
115	151	0.3098414389115393
115	80	0.3066106050327237
115	188	0.30437111841656384
115	49	0.29692145061240555
115	78	0.29676643038812955
115	65	0.2931418181948962
115	93	0.29164202719705656
115	157	0.2891514074103915
115	133	0.2868037125636809
115	187	0.27805236513160697
115	66	0.2770370994439001
115	53	0.2739598479670137
115	42	0.2737193448810615
115	28	0.2706267694929542
115	51	0.270497018016582
115	23	0.2670178876088228
115	147	0.26598672379888577
115	128	0.2526860561421516
115	136	0.24994111293506746
115	153	0.2485718212517607
115	84	0.2442605392863946
115	31	0.24359278447307986
115	45	0.2405143767887057
115	91	0.23500452771782135
115	48	0.2307580452969664
116	15	0.7430253169873879
116	152	0.595135008740982
116	117	0.5931616993038369
116	118	0.5529218193205637
116	154	0.5349613642269274
116	43	0.530183230806114
116	46	0.5100889532015169
116	18	0.5016061675930008
116	17	0.4860152912750702
116	120	0.4791419934132
116	44	0.4746611381451857
116	14	0.4663611877858014
116	149	0.4644575416117473
116	147	0.4275134002102504
116	187	0.4194793272796326
116	29	0.4106060881842599
116	148	0.3948728745163994
116	153	0.3892535627709199
116	186	0.3889056297802249
116	189	0.3804023594674607
116	65	0.3800345228826807
116	76	0.3601080107798015
116	80	0.3516716133250797
116	188	0.3512859697636057
116	86	0.3469216932529276
116	129	0.3424805530811268
116	48	0.3389714533059345
116	45	0.31938311568604794
116	66	0.3157415477994138
116	127	0.3151021864118052
116	16	0.3147148283878035
116	128	0.3089462062977463
116	77	0.2964928271317207
116	171	0.2939185821543877
116	51	0.29289500033958765
116	173	0.2918798948361973
116	151	0.2840481189956807
116	146	0.28341366624833725
116	28	0.2814259508543308
116	126	0.27968471584272925
116	157	0.2786520031456179
116	164	0.2606074424356548
116	42	0.2598056709039433
116	53	0.24873131055909675
116	91	0.2423318858282092
116	135	0.2405520625395093
116	132	0.2373745046915409
116	52	0.2367515959852563
116	78	0.23007627161928665
152	154	0.6196581703721894
152	46	0.5400739506923354
152	151	0.5367435179026661
152	117	0.5300897666183012
152	14	0.4787104408122437
152	15	0.4740488982183082
152	18	0.4468280524057792
152	44	0.4452980901719533
152	120	0.37506988208727415
152	149	0.3507686696898836
152	127	0.3507248208538621
152	188	0.34947009371462273
152	43	0.3458744834673799
152	59	0.34307183105425304
152	118	0.3340854851397637
152	159	0.33030449513883164
152	29	0.3174421117101824
152	164	0.3026279740912205
152	17	0.3006099374139499
152	186	0.2996636228925677
152	129	0.2986256387967463
152	136	0.2872808680465311
152	165	0.28315613634430953
152	48	0.2802376888573466
152	153	0.2732567427479163
152	45	0.2663769656266589
152	187	0.265522036505903
152	65	0.2468635043637721
152	76	0.24491866240370916
152	137	0.2423883615224164
152	51	0.2421436216548148
152	169	0.2326506707454299
120	117	0.5704030022358622
120	17	0.5158144634920009
120	154	0.5140287656436755
120	18	0.4703502586966648
120	15	0.4033806293051015
120	136	0.360386481791394
120	44	0.3574331728481597
120	149	0.3457336163383369
120	73	0.3306519009556256
120	164	0.3267094063509562
120	118	0.3240359524429737
120	153	0.3040625847039041
120	186	0.2902232223310781
120	23	0.2824477186239546
120	86	0.2683825421048503
120	51	0.2574075473509053
120	197	0.2487219292084112
120	76	0.24667568341100596
120	79	0.2444203899012922
120	29	0.2412302819441676
120	80	0.2350801081264772
120	48	0.23010468337044915
120	151	0.23000050503214176
15	17	0.6285829486023357
15	118	0.6213309314630735
15	77	0.5590635944152001
15	14	0.5508494639846466
15	117	0.6107896936948061
15	18	0.5633792588681751
15	189	0.5421531045608435
15	187	0.5100519617951111
15	29	0.5066555521583912
15	46	0.497388363055274
15	186	0.4890264619779696
15	65	0.4784251808630749
15	188	0.4727997489197005
15	43	0.4634687717085695
15	147	0.460983919196029
15	16	0.4380215417983254
15	149	0.4354724010510376
15	80	0.4316396344522086
15	66	0.4180692137353032
15	86	0.4161445841853033
15	76	0.404744504365816
15	129	0.4038745093070975
15	28	0.3991017148978776
15	171	0.3978567180486073
15	78	0.38950807754121103
15	157	0.3867306629655222
15	148	0.3856075102653273
15	53	0.3828458353922327
15	133	0.3799147361836334
15	49	0.368762436266036
15	170	0.3686501090272723
15	154	0.3620907141159112
15	48	0.3535542901578111
15	73	0.35009322715975344
15	173	0.34581285601648715
15	91	0.34364519923147696
15	84	0.3409967528680412
15	44	0.32399120168289197
15	67	0.3230600573794549
15	94	0.31046506430241383
15	162	0.3082042856707901
15	51	0.3045797961954446
15	31	0.30250079042024264
15	146	0.30116471215092405
15	4	0.3003188266474649
15	42	0.2944392536322628
15	88	0.2865191867504042
15	56	0.2823740990977188
15	150	0.28030219027058245
15	151	0.27784013357979154
15	97	0.2751156340684384
15	126	0.27504168753005703
15	45	0.2721459821506426
15	128	0.264666689598569
15	164	0.2641365372974537
15	193	0.2592274272065337
15	7	0.25918078654499643
15	153	0.2591434731453843
15	93	0.2570153336023622
15	132	0.25628671204966696
15	92	0.25085029578187285
15	99	0.24419471458578945
15	135	0.2366855184825616
15	177	0.2366666387938863
15	175	0.2296216302887215
17	18	0.4787875207534752
17	14	0.4572430524432601
17	149	0.4225399551543521
17	117	0.4166488185716544
17	48	0.4018137279767638
17	73	0.3992866565772312
17	154	0.3800858561377996
17	118	0.3693325468432103
17	43	0.3598033596174777
17	77	0.35793896802004843
17	46	0.354175383692722
17	189	0.3326899869125671
17	42	0.32991244265176856
17	86	0.32728097377842025
17	80	0.3210075447665683
17	186	0.3160926243875701
17	49	0.3148409564705175
17	53	0.31477789381874216
17	162	0.29144072640044033
17	173	0.2873909606150465
17	147	0.2821716282520354
17	150	0.2812601985615081
17	187	0.2811496877080775
17	170	0.2788272409473571
17	51	0.2785597652695841
17	164	0.2785413170776647
17	148	0.2743482805706151
17	67	0.2735805775265701
17	16	0.26370857866021763
17	66	0.2587049827803179
17	122	0.2559596717349613
17	23	0.25350032721852445
17	88	0.2491534230147576
17	29	0.24749256935804925
17	44	0.2449468626419619
17	97	0.24230364736521195
17	197	0.2409759772401387
17	95	0.24039189309122144
17	193	0.2381387167958504
17	99	0.23518402654655515
17	65	0.23072964257861425
118	117	0.6189862509159154
118	46	0.5685786679127912
118	43	0.5142568193689641
118	149	0.5098891771922651
118	16	0.4584207331257138
118	154	0.4284609193552473
118	14	0.4226631663421253
118	147	0.4153836152705038
118	189	0.4123671261865231
118	18	0.4102734725162536
118	29	0.3893129548689927
118	86	0.388820751238421
118	77	0.3823165838134343
118	186	0.380145741976316
118	48	0.3594289688532837
118	150	0.3573808372342166
118	76	0.3539829655474078
118	52	0.3533967802501136
118	44	0.3454254151632077
118	53	0.3421450807511401
118	164	0.3415268770707674
118	188	0.3356392521994216
118	80	0.3308033062280191
118	78	0.3282181828891628
118	51	0.3267094063509562
118	88	0.32585160704816546
118	148	0.3113683949925305
118	162	0.2989534997178461
118	99	0.29516059705813874
118	65	0.2946858265160709
118	146	0.29454884642263685
118	84	0.2873267408727164
118	40	0.2802192594173017
118	128	0.2788180183679453
118	130	0.2715162288422309
118	45	0.268809355955131
118	93	0.2679556228561297
118	28	0.2662097298136737
118	171	0.2655406263681428
118	151	0.2653454229688742
118	91	0.2642202561771081
118	56	0.2610920602742591
118	157	0.260393050323816
118	66	0.2471264225383883
118	187	0.24642209572866344
118	129	0.2384877033123388
118	173	0.2370630747037255
118	27	0.23191275552841906
118	135	0.23084325109237105
118	197	0.22966899344024694
118	57	0.22961215752790126
77	78	0.637505492723648
77	76	0.6508258033236993
77	84	0.5851377323651824
77	189	0.5753207489258552
77	7	0.5587885537648233
77	86	0.5429786824174242
77	187	0.536558396409562
77	147	0.5287510992791299
77	66	0.524487356022373
77	94	0.520926158523255
77	73	0.4986591957403539
77	170	0.4927835594988437
77	88	0.4888590562839045
77	80	0.4834984096271262
77	92	0.44809170384379504
77	193	0.4426566052261034
77	28	0.4367680792347255
77	14	0.4333793155013789
77	162	0.42738263409986144
77	65	0.4178876490496233
77	42	0.41681408555018906
77	75	0.4111795934306088
77	188	0.409349892291549
77	67	0.3952948288785562
77	56	0.3938257088043273
77	31	0.3902882185405119
77	157	0.3841593406961457
77	16	0.3794697026123639
77	53	0.3744252089223711
77	91	0.373823187198178
77	186	0.3719204520961119
77	49	0.3703166286356107
77	96	0.35309045362292857
77	135	0.3463761958809781
77	117	0.3350002085478765
77	93	0.3276202286924499
77	29	0.3270309424664401
77	90	0.3169654393893768
77	40	0.31511119348954464
77	171	0.31081743008271634
77	68	0.3085300531542464
77	194	0.3009555587092801
77	48	0.29959080501000424
77	97	0.2917518167455767
77	74	0.2899851040433877
77	177	0.28497636221040656
77	172	0.2847834050863909
77	180	0.27843984834830343
77	43	0.27843062361010984
77	129	0.27562392836868577
77	148	0.268605240750814
77	133	0.26387605311020546
77	173	0.2637737095028098
77	46	0.260150663099702
77	41	0.2552680222173971
77	198	0.25243327846807945
77	99	0.2493128630971705
77	27	0.24676959620481406
77	159	0.2465254133042571
77	101	0.2441194836009597
77	122	0.24263307054447295
77	196	0.2393457593468825
77	183	0.2390346392941693
77	79	0.23860087490683576
77	167	0.2374311230857585
77	18	0.2362323566507161
77	175	0.2359490783012595
77	71	0.2317518923873623
77	149	0.2302183264520899
14	46	0.5464528955266795
14	154	0.5141096962543663
14	18	0.4904859278365338
14	189	0.4775456368818663
14	59	0.4756057207822103
14	149	0.4390473047815903
14	84	0.4303286881223027
14	187	0.41284838397360096
14	188	0.4018556544207984
14	65	0.3980755400164261
14	16	0.3970567914155679
14	75	0.3925153129167912
14	86	0.39173677480456665
14	147	0.3718170464602903
14	43	0.363488811271482
14	29	0.3553117875572526
14	186	0.35313421920680965
14	66	0.35269649384377205
14	117	0.34646419518569105
14	151	0.34586567972851345
14	80	0.3445973061145904
14	140	0.3430012449796171
14	99	0.33967049366581314
14	73	0.33858195196225105
14	157	0.3277541218593919
14	49	0.3099499146717123
14	137	0.2984161351835097
14	135	0.28948127398573603
14	146	0.2872625185470472
14	44	0.2854816166275386
14	53	0.2803206187809116
14	7	0.2788733530729381
14	164	0.2705062863051437
14	148	0.2702745640521224
14	76	0.2693937340774397
14	78	0.26844749884119296
14	28	0.2638574456234346
14	31	0.25968444167840343
14	150	0.2420588968266573
14	93	0.2402882470597653
14	51	0.24026940173803515
14	45	0.2396756814581193
14	170	0.2318275942685065
14	159	0.2298016044769339
66	67	0.7387763589161961
66	170	0.6360072503462058
66	65	0.6269591292825826
66	88	0.5969595853890002
66	78	0.5640205666397979
66	80	0.5513020690289129
66	193	0.5218872965022214
66	187	0.5147641618118497
66	84	0.4817494819046814
66	94	0.4613854466127824
66	86	0.4611571502665254
66	42	0.4530489334606776
66	92	0.4488586189777705
66	171	0.4462275927730217
66	189	0.43716451884446667
66	97	0.4311024479262108
66	96	0.4297092245587977
66	28	0.4290567204024913
66	93	0.4284119328215421
66	147	0.4267039979349522
66	53	0.4171610565159816
66	91	0.41338745077602734
66	76	0.4082421544076825
66	198	0.4014027596879072
66	173	0.39339472260898417
66	41	0.3828458353922327
66	31	0.3696002301623964
66	157	0.36681679312147103
66	40	0.3663580178892535
66	16	0.3646598683542751
66	183	0.3564820594046088
66	7	0.3544377237498105
66	167	0.35175924295074057
66	68	0.3495139864803056
66	79	0.34086418790622225
66	73	0.3394227754047581
66	71	0.3382189030573128
66	162	0.3352576382408288
66	107	0.333427916395926
66	188	0.329653982174656
66	90	0.3287534411106959
66	145	0.3131102320531166
66	56	0.31019395562646096
66	75	0.3092085029401511
66	50	0.3060759743171648
66	186	0.3024190237998998
66	74	0.30060084104995033
66	172	0.29536141766337404
66	177	0.2887023119994543
66	27	0.2872533437182373
66	4	0.28489366912715985
66	146	0.2757255687461908
66	197	0.2727569904473487
66	18	0.2615485989890605
66	160	0.2614181712878157
66	117	0.26023457008183826
66	174	0.2566323765907325
66	196	0.25628671204966696
66	132	0.24704191709128334
66	175	0.2442511358955367
66	184	0.2401186326449556
66	180	0.2361662619587078
66	194	0.2345320858082215
66	135	0.2308527181844508
66	185	0.2304645315852624
67	97	0.5945276036590474
67	88	0.5756752140081769
67	96	0.5413194089855953
67	193	0.5369072361596725
67	65	0.5189853021334165
67	41	0.5134399040733977
67	42	0.4835980131734301
67	79	0.4783943358989584
67	94	0.4759229165831077
67	198	0.4744364451489639
67	187	0.459186547270897
67	92	0.4586260697593134
67	93	0.44968869816455015
67	170	0.4480037859899268
67	171	0.4450014087481445
67	68	0.4445120719927664
67	78	0.43682472385794097
67	80	0.4149449668220181
67	91	0.4147297102283897
67	167	0.4086170877582691
67	189	0.4078170633839835
67	86	0.3939355403510663
67	162	0.3887867979734335
67	84	0.3808213754125516
67	180	0.3760662623311078
67	172	0.37372855512251824
67	183	0.3700577402038033
67	7	0.3667994840856825
67	40	0.35908930503897285
67	53	0.3556175632555364
67	76	0.35029502089590075
67	197	0.3464905937881416
67	145	0.3438744748150845
67	196	0.3431159453834339
67	73	0.3379354778403052
67	28	0.3368543571232124
67	90	0.33645535855422265
67	71	0.3244296965878408
67	157	0.31896099497261776
67	31	0.3187274269983634
67	186	0.317864686969456
67	174	0.31629062941464897
67	173	0.3140840213200437
67	188	0.3109800316383969
67	74	0.3107451568837563
67	50	0.3068733187473193
67	16	0.3062028533292019
67	56	0.3035270365830554
67	99	0.28575714309592065
67	177	0.268336142941698
67	166	0.2672221899224981
67	184	0.26565216139464737
67	147	0.24436397355362155
67	185	0.2432823408858827
67	146	0.2413432956262753
67	75	0.2385254278970595
67	194	0.2341446007427867
170	80	0.6218095787366995
170	193	0.6562338758920151
170	187	0.5380592367576322
170	173	0.5360027219958214
170	171	0.5270343370851227
170	65	0.5235878793592728
170	183	0.5185613951114942
170	86	0.5035345171842884
170	189	0.4773835110909461
170	167	0.4521822319428438
170	157	0.4519674122890426
170	198	0.4473081304557157
170	160	0.4469240886189073
170	91	0.4468600656212492
170	78	0.4459712742819847
170	180	0.44514575245893584
170	175	0.44143361949927457
170	40	0.4225153110423769
170	147	0.4153753406716111
170	94	0.4052293759809428
170	145	0.3991941897980749
170	194	0.3985551065920976
170	53	0.39254069056982377
170	88	0.3861437032498196
170	196	0.3822824299299589
170	93	0.3695484252734407
170	73	0.35908930503897285
170	84	0.3576163298181871
170	31	0.35337052665031204
170	76	0.34999670562252105
170	42	0.3488290847215247
170	96	0.34382156870283004
170	27	0.3422422001373763
170	7	0.3337745133795421
170	4	0.33188046324536863
170	177	0.327727344279038
170	114	0.322244792627784
170	166	0.3210703301465793
170	16	0.3179366021038223
170	169	0.3177298362347077
170	172	0.31712734607408194
170	68	0.31395782660000665
170	79	0.3098323989007025
170	104	0.30843956944222345
170	146	0.3076249650027462
170	41	0.3012465469160401
170	74	0.29811549281058003
170	28	0.2956169697794574
170	92	0.29373584904167976
170	75	0.2883447778811519
170	107	0.2842871236723843
170	71	0.28123257154738385
170	97	0.2765846453419807
170	199	0.2755315226770607
170	174	0.2739783467856866
170	185	0.2714606512006352
170	195	0.26420165232567583
170	8	0.25509039433942005
170	162	0.2472297018688773
170	98	0.2447682541351369
170	135	0.2441006753955787
170	186	0.24192709531233103
170	2	0.2337759483381513
170	132	0.23044559377598145
65	187	0.5813768305612813
65	86	0.5467754534702427
65	171	0.5392943357115011
65	68	0.4977344820547989
65	189	0.4925942450891586
65	28	0.4890264619779696
65	42	0.4784406029024333
65	31	0.4497445410118581
65	167	0.42847724764013617
65	146	0.4204100476274119
65	193	0.4182177418204504
65	157	0.41812697731404347
65	84	0.4096994538915193
65	78	0.3931749375797682
65	162	0.3808812220726937
65	186	0.37840776006406507
65	16	0.3780307019789133
65	172	0.3739952255784396
65	40	0.37165330199854135
65	183	0.3709118537103895
65	188	0.3695052527776914
65	88	0.3694016322794102
65	104	0.3693498185850244
65	175	0.36774245607218586
65	46	0.3652752953696659
65	132	0.3636189855555833
65	91	0.3633759820756076
65	80	0.3613780126062245
65	4	0.3585404163698247
65	73	0.3509089756287561
65	74	0.346420196295453
65	147	0.3458480720680864
65	169	0.3419773118656059
65	53	0.3356392521994216
65	173	0.33056283107877066
65	160	0.3303490393501615
65	145	0.3280040205453396
65	76	0.3280040205453396
65	7	0.32552085351575977
65	107	0.32488594119814684
65	29	0.31125099377710025
65	92	0.3060306577487896
65	174	0.30339992919528297
65	150	0.30181017689418
65	93	0.3017192830895032
65	79	0.30114652604506315
65	153	0.2997182340133911
65	135	0.2953979276973266
65	140	0.2945762434098482
65	59	0.2925292725036409
65	97	0.2913400663205077
65	45	0.28999426310322185
65	94	0.28758360433727004
65	54	0.28586734045925005
65	185	0.28572040896185186
65	159	0.284801782949958
65	166	0.2835700037523829
65	129	0.281656134513168
65	41	0.27863355598159073
65	117	0.2771017257217104
65	99	0.2759288310034618
65	133	0.27083064480471875
65	180	0.2699222862578122
65	198	0.2651966819662629
65	49	0.26482477424667106
65	134	0.26100819351951504
65	2	0.259936216296661
65	149	0.25566995851582464
65	101	0.2483184870021292
65	51	0.2453604184987936
65	196	0.23840282036526625
65	75	0.23772362575028044
65	144	0.2356940934945684
65	165	0.23422966481753546
97	177	0.5817937384243226
97	96	0.5807409549189403
97	198	0.5797924497513934
97	71	0.5220982783232021
97	88	0.5038703449117381
97	79	0.4804044938557242
97	197	0.4771750158768232
97	193	0.4285670482045571
97	7	0.4141085176740169
97	76	0.41248331294759344
97	78	0.4015034199377296
97	74	0.39467871954153705
97	42	0.38192375110168936
97	94	0.3785448409740383
97	101	0.34999670562252105
97	91	0.34879395150053777
97	93	0.34417423487388465
97	99	0.34368047506564514
97	41	0.3434599851929581
97	183	0.340926053242362
97	186	0.3356924919047406
97	16	0.3273702595723887
97	95	0.3267630009581282
97	86	0.3169654393893768
97	162	0.3120094184758013
97	187	0.3008191386890965
97	80	0.2948136636780948
97	167	0.2850866130563689
97	84	0.28473745951159296
97	189	0.279048567420993
97	180	0.27361758326829233
97	188	0.2722385732869433
97	31	0.2694679266396037
97	52	0.26940300832261554
97	90	0.25641751175267263
97	171	0.2469292373164849
97	53	0.2410324922576488
97	43	0.23759153310804115
97	56	0.2375349192852475
97	166	0.2359774079416939
96	198	0.7361993460362035
96	78	0.7056319221201011
96	88	0.6876373606833599
96	79	0.6153272891850599
96	197	0.6059965244661096
96	41	0.5724772440416009
96	7	0.5657228647664782
96	94	0.5279581739102545
96	95	0.4958891975715332
96	193	0.4897337335119033
96	185	0.4762786474734314
96	99	0.4759770595956892
96	90	0.4717586330095813
96	74	0.4535018220570506
96	56	0.4461234722120092
96	93	0.43758504454572794
96	167	0.4347265677699482
96	73	0.4309477466274873
96	196	0.4260412508189529
96	101	0.4160784360884664
96	162	0.3973515715045149
96	92	0.3798633951257878
96	186	0.37954674022817797
96	114	0.3745283809778005
96	91	0.3725665281412861
96	76	0.35207465855158715
96	40	0.35203085560878805
96	31	0.3494086412656656
96	75	0.3463673956151871
96	98	0.3459801235832888
96	135	0.3449233280293405
96	177	0.3375899704727369
96	187	0.33474272883144546
96	100	0.31729822752251197
96	28	0.31425526783191715
96	71	0.30287322644931064
96	42	0.2911936401416662
96	68	0.28528872001422323
96	57	0.27716634949244184
96	86	0.2739043502947301
96	80	0.26092432282449457
96	5	0.2548940487572228
96	16	0.2545480554032563
96	145	0.24742685589973726
198	197	0.6215089442660198
198	98	0.5564319360178397
198	78	0.540066867452803
198	114	0.5341256764308744
198	167	0.5318848960274425
198	79	0.5293127968811112
198	193	0.4947723197149368
198	199	0.4913056707186438
198	177	0.4777617540247094
198	41	0.4658915520847234
198	196	0.4578123336584888
198	183	0.4440064127722924
198	40	0.42824862618805415
198	88	0.4229588094498851
198	95	0.4158634243621524
198	7	0.4146800290361461
198	99	0.4143404747304102
198	32	0.41002393910733337
198	80	0.40741681614889935
198	71	0.401956271012275
198	185	0.3819322924115513
198	56	0.38089832053233535
198	93	0.37810783770528705
198	38	0.3753018756854664
198	180	0.3686414680244464
198	94	0.3683994940832591
198	145	0.3643476990419893
198	28	0.3634020205286169
198	173	0.35748550621737285
198	187	0.3552418852877439
198	171	0.35313421920680965
198	50	0.3502599286682807
198	74	0.3500142555457915
198	135	0.3462265830723681
198	166	0.3423304841432752
198	31	0.33887408885698983
198	27	0.3242865298979429
198	16	0.32346303325851594
198	101	0.3232391722439602
198	162	0.3070273016030479
198	176	0.29233723111794824
198	73	0.2922823578189255
198	91	0.29092820791783336
198	92	0.28582142580983044
198	42	0.2820519745711486
198	107	0.2787350128391231
198	156	0.26975539259822884
198	36	0.26809484722681953
198	75	0.26680427316067706
198	175	0.2654569704332869
198	86	0.25020360280146325
198	132	0.2454168055645187
198	100	0.2453040297728255
198	194	0.2376104040236352
198	172	0.2354390762326696
198	53	0.2345226358390513
78	88	0.7115023769843544
78	7	0.6988401895017884
78	56	0.5637886827089105
78	94	0.6444981244231861
78	41	0.5258777871135158
78	93	0.5115227625084504
78	92	0.4989822022330746
78	31	0.4964319513035192
78	73	0.4920108637288498
78	40	0.4891786177182012
78	193	0.4887296726726662
78	80	0.484019274213312
78	76	0.4827318099450442
78	91	0.46625945567713795
78	86	0.4661733650288226
78	75	0.4633588370384366
78	28	0.4613460895313933
78	197	0.4568316716965093
78	79	0.4525958108979179
78	74	0.4516570246648844
78	90	0.4494174114714407
78	42	0.441127616366938
78	135	0.43006791071034617
78	84	0.4091417628300217
78	187	0.4029200209239262
78	95	0.3901695375416103
78	162	0.3857351989059189
78	16	0.3834857233381694
78	196	0.3673532472218783
78	68	0.35992522929374204
78	99	0.3553816858529383
78	147	0.3495227648493563
78	185	0.3485040650273458
78	101	0.3462353843134273
78	167	0.3392104079859856
78	53	0.3363844128214322
78	107	0.33636667579156915
78	186	0.3338278279862278
78	189	0.33238758481144154
78	159	0.32814679918900713
78	132	0.3203346672765173
78	177	0.3168484952929646
78	145	0.30997703235106244
78	57	0.30790560196424777
78	160	0.2993177068680235
78	180	0.2990445596757739
78	27	0.2976689753156189
78	54	0.2836251780967477
78	117	0.2809562757724511
78	4	0.2790670099560037
78	172	0.2784121739796168
78	98	0.2767970370418615
78	122	0.26313160057158785
78	151	0.24716397930836875
78	157	0.24417590711511086
78	173	0.24260483646317346
78	29	0.2399867001847797
78	125	0.2389874956086991
78	194	0.23785570960038066
78	43	0.23475887176678145
197	95	0.6855335377124936
197	88	0.4122924276126417
197	185	0.4076669890253789
197	79	0.3856841252225456
197	101	0.377001724344624
197	162	0.36643593568216587
197	99	0.3599078200918377
197	177	0.3567788164091171
197	16	0.3513210331975932
197	98	0.3489169134844745
197	86	0.3383605926643455
197	167	0.3097962382971892
197	135	0.3013283772438373
197	114	0.2998911562702371
197	43	0.2977874518438166
197	56	0.291934782242519
197	186	0.28924304390676303
197	42	0.2846088049427639
197	40	0.2796294083270922
197	91	0.2467883782074428
197	187	0.2455483689261753
197	7	0.2444768045942705
197	41	0.2418329459068602
197	199	0.24119260926263314
197	193	0.2334828689780656
4	107	0.7349096718864131
4	8	0.5109170661256505
4	104	0.4768042250558572
4	2	0.4014195370697055
4	146	0.3305093863259413
4	194	0.30549581755157995
4	193	0.3023645102467665
4	189	0.29898081827697875
4	169	0.2963651289514475
4	171	0.28767533126609984
4	92	0.2732197291132653
4	74	0.26514090083555913
4	150	0.2621354053881705
4	173	0.26072860921888985
4	90	0.2605049102830935
4	187	0.2563521130747471
4	175	0.2523771009708873
4	28	0.2498286060283875
4	172	0.2481589628215572
4	110	0.2481401943858252
4	159	0.24702313759267544
4	94	0.240250556235186
107	8	0.7024851054742336
107	104	0.5197374736743247
107	110	0.35632492362597223
107	2	0.35395672438694503
107	7	0.26223784378717346
107	160	0.25873297471501644
107	159	0.2498098542213431
107	59	0.2358168680102949
107	101	0.2353351710135683
107	189	0.23520292022715594
107	146	0.2325466219798837
107	193	0.2299815629496568
107	16	0.2297826605654179
8	105	0.36382723487397
8	104	0.3363223321728495
8	161	0.30128291649849115
8	2	0.2928858581876233
8	169	0.29057117672310434
8	110	0.2848477266928981
8	160	0.2845904248815808
8	58	0.2791684402183871
8	184	0.2563614558867375
104	110	0.6041455712668234
104	134	0.5804426440059863
104	2	0.5432113481888811
104	36	0.4141499425230426
104	167	0.402517868558662
104	37	0.38899050172033695
104	101	0.38317009124862617
104	131	0.36882291570335096
104	105	0.3494964295581151
104	114	0.3462529866127072
104	199	0.3324142701001417
104	99	0.3301263035816149
104	185	0.32792370097186796
104	74	0.3247964933798899
104	139	0.3246086340493241
104	135	0.3223433665455426
104	100	0.3145346261323833
104	59	0.3030367057406811
104	187	0.3021191747841345
104	38	0.29364447443288577
104	7	0.2908824392132092
104	16	0.2861336195373037
104	128	0.27893790788835565
104	176	0.2763814627764081
104	28	0.2731549533059355
104	30	0.27085844410169835
104	166	0.26994082899689537
104	31	0.2698017535742922
104	68	0.2645922919000069
104	46	0.2562119651475973
104	141	0.2551464892142398
104	143	0.2513937196513562
104	132	0.25079407048794605
104	142	0.2448246586168137
104	169	0.2440348452306241
104	140	0.2429247986422881
104	150	0.2404955336413761
104	148	0.2387989096018855
104	53	0.2358451995219979
104	95	0.23382321522591776
104	20	0.23334104114948995
5	99	0.4823942714731279
5	101	0.4187868922953303
5	16	0.37354787228155545
5	100	0.3636536963000392
5	86	0.3337300829093803
5	160	0.32762915531306164
5	35	0.3000003601751256
5	58	0.2944392536322628
5	68	0.2880238454543663
5	105	0.2845904248815808
5	135	0.2758087244693985
5	95	0.2613250027985606
5	7	0.2606354047298593
5	53	0.25926473886526497
5	88	0.2501567323072867
5	40	0.2495097998337364
5	52	0.2485530569174839
5	30	0.2472860336816667
5	54	0.2462342312422289
5	167	0.2415033871367624
5	46	0.2413432956262753
5	79	0.23293441303268814
57	74	0.7313576017557384
57	162	0.6140269506349488
57	185	0.5531161869131423
57	56	0.4135200997317157
57	193	0.3723684365083623
57	88	0.3327789156909601
57	90	0.3255387341228258
57	194	0.3113954862311398
57	7	0.3029095567215006
57	91	0.2934342924690683
57	92	0.2914773284658473
57	123	0.2711178824159345
57	167	0.2624240802796962
57	174	0.2623309644762148
57	2	0.25080344148778594
57	126	0.2362606822781749
57	187	0.2361568196814415
57	180	0.23283983667407204
74	185	0.6195226266709926
74	193	0.5124229805191693
74	90	0.5077919196107036
74	88	0.478748981705408
74	162	0.4737852613380509
74	56	0.4544703757414858
74	7	0.4531522444417605
74	167	0.4527548279081026
74	92	0.43529410393900736
74	91	0.4104481093597524
74	194	0.3825727046389013
74	94	0.3727129218787952
74	132	0.35864498572262155
74	180	0.3410851219758421
74	41	0.3389006435175782
74	28	0.3370139226920005
74	174	0.3306697142242313
74	76	0.3180444679460097
74	31	0.3173701714429292
74	2	0.3060759743171648
74	42	0.2995725999939345
74	187	0.29631039791567043
74	37	0.2887481438865798
74	93	0.28722581891555216
74	183	0.2823464909178072
74	54	0.2775448097777193
74	122	0.27518033461947583
74	99	0.27170147456781185
74	123	0.26521527528204025
74	135	0.25054103572976205
74	71	0.2457738850714604
74	186	0.2456517337936771
74	52	0.2376198394141744
74	40	0.2373933776688296
74	126	0.23717632761324536
162	185	0.5793940067615375
162	189	0.499402654088886
162	56	0.4684556843789293
162	193	0.4664394348606535
162	88	0.4594548156006229
162	187	0.4456828285204715
162	186	0.3728851260555276
162	86	0.3686414680244464
162	135	0.36214284640213656
162	16	0.35718019659002564
162	147	0.347044837618545
162	194	0.3396262617168489
162	73	0.33774058743934604
162	76	0.33108825818934484
162	48	0.3261554724196125
162	90	0.3202269768532842
162	7	0.3154264054397968
162	91	0.3041533365386361
162	150	0.30029153214349075
162	95	0.29898081827697875
162	80	0.2919713727785342
162	177	0.2844617585954052
162	79	0.2748475623857588
162	42	0.27137728134367656
162	188	0.2676957074225273
162	43	0.2544919422290643
162	92	0.25366875229659724
162	49	0.24747379431655586
162	68	0.24729542215462536
162	84	0.24626241209514865
162	148	0.2409006213413111
162	100	0.2353351710135683
162	18	0.23001944694035995
185	167	0.6296584367154391
185	95	0.4374314131020105
185	88	0.4325180068431803
185	54	0.4270311115644873
185	100	0.4267857868145301
185	135	0.41312210022248297
185	193	0.40564718586812654
185	99	0.3664619071378031
185	90	0.3528015620183941
185	91	0.3421627393651761
185	56	0.3362957252857363
185	101	0.3325210059323318
185	7	0.3121718863716751
185	194	0.3092175468132035
185	196	0.2851233616622101
185	187	0.2772586648149349
185	20	0.27471813317189875
185	110	0.2655778055002501
185	68	0.25133751073172633
185	86	0.2502692195231284
185	2	0.24551078031706175
185	36	0.2439313932846201
185	93	0.23333158560784145
185	92	0.2315436977425481
166	183	0.7297442239839671
166	174	0.5750396984957812
166	171	0.5895656197900968
166	36	0.5429998372973317
166	175	0.5305497735918709
166	32	0.520211730812547
166	199	0.4912146311031368
166	172	0.4813807963086223
166	114	0.4770823340897093
166	167	0.4667679928618376
166	180	0.4655313201804111
166	140	0.4353184191927639
166	173	0.4322171752900447
166	165	0.4118607273222875
166	145	0.40928329549752535
166	139	0.4091750664056848
166	37	0.40733341159734376
166	194	0.3895674557641604
166	193	0.3685204872959175
166	134	0.3555039983067048
166	40	0.3496983193423276
166	41	0.32491277441036315
166	79	0.3192124863930105
166	144	0.3164076194345267
166	98	0.3118108218199073
166	176	0.30711787224558695
166	62	0.3001459531508351
166	157	0.29411042880231913
166	68	0.2939733978996638
166	146	0.28462718479470306
166	31	0.2801731849134594
166	169	0.2759011148756331
166	30	0.27334002046736244
166	187	0.271766305816284
166	196	0.26524316488586197
166	130	0.25933003240583913
166	27	0.253968136676665
183	171	0.6406172955700854
183	174	0.5603409177960532
183	173	0.5543504016885427
183	175	0.5415456012515358
183	180	0.472869627381813
183	193	0.4622036621129957
183	199	0.4539306584897828
183	165	0.452675323002164
183	187	0.432916257213724
183	194	0.4138350706510737
183	71	0.39216842510218736
183	80	0.3854712927665669
183	79	0.3740210291160572
183	36	0.3561503046743231
183	145	0.34146504043509057
183	98	0.3390776607877294
183	157	0.33782031883216684
183	92	0.3331790219348102
183	114	0.3208999061220025
183	42	0.31530032900753824
183	177	0.3083219322718113
183	146	0.3010828729494539
183	139	0.2986256387967463
183	167	0.2962282977131213
183	32	0.2829997589759334
183	94	0.2817389926965381
183	196	0.28039433075577025
183	40	0.2783014718822851
183	169	0.26421095427596863
183	41	0.2594512855488184
183	161	0.2592554110231297
183	31	0.2543422987208361
183	91	0.2376764508157019
183	195	0.23724238883363985
183	73	0.23069177167583546
174	175	0.549992108732709
174	171	0.4995527584921949
174	173	0.4605112922329409
174	165	0.4258202334102374
174	194	0.4034894705257384
174	180	0.38206894449553225
174	193	0.3540704320569611
174	146	0.3467369542756143
174	172	0.3215994090284138
174	195	0.30898238794026434
174	92	0.30339992919528297
174	62	0.3001004568477561
174	145	0.2973773017245144
174	157	0.2963286418105125
174	50	0.2616044936516652
174	199	0.2589289060884527
174	132	0.2469574078863451
174	169	0.2447964565830895
174	45	0.2393457593468825
171	173	0.6558807308528254
171	146	0.5772109534101532
171	175	0.5854993035745868
171	157	0.5267598328956821
171	165	0.4956931078789038
171	193	0.4945834962748067
171	80	0.4937067445491693
171	189	0.4878691058414497
171	180	0.4718208261656106
171	187	0.4702568009460708
171	172	0.4621171572600098
171	169	0.4473161295742989
171	51	0.404619069468466
171	50	0.4012098004371649
171	194	0.3888462154940847
171	140	0.3875722754683589
171	145	0.3802655040918255
171	199	0.37473469726676795
171	27	0.3669985226623552
171	42	0.36613289318179415
171	144	0.3606126922020444
171	195	0.3580784607813025
171	40	0.35083005547635404
171	130	0.3398562514435349
171	98	0.3369341423269453
171	177	0.336073980351099
171	45	0.33465393112875336
171	31	0.3335079083194825
171	71	0.33279670073645345
171	46	0.32267488205053585
171	53	0.3219042107873248
171	32	0.3209716661396469
171	86	0.3205589957320337
171	16	0.31783771785106485
171	44	0.3145796788222624
171	114	0.30801422124722155
171	153	0.30008225794421256
171	149	0.2911295743974074
171	117	0.28896811852046866
171	150	0.28540813492975603
171	84	0.2852703477024727
171	167	0.2844433768606717
171	134	0.2747458688417249
171	68	0.27268294054176345
171	28	0.27128464339288483
171	188	0.2673986135001897
171	18	0.2661539809805025
171	94	0.26275925669695804
171	92	0.256912596955226
171	196	0.2551558381930763
171	186	0.25164663880137744
171	79	0.2456611303228509
171	91	0.24164463343608436
171	139	0.23923263046529744
171	137	0.2381387167958504
101	99	0.7135699964824697
101	100	0.6098358662515471
101	7	0.5587747985040561
101	95	0.4986742223706187
101	110	0.4663298869122166
101	135	0.4091167844329007
101	30	0.4070247556808931
101	167	0.37833921338375376
101	86	0.3540879246156697
101	79	0.34630579204775724
101	73	0.34468542834729005
101	114	0.3430894769675492
101	59	0.30948883699138263
101	75	0.3002278430551235
101	16	0.29771454429641403
101	184	0.29516059705813874
101	187	0.28996678576436097
101	188	0.28281576633712824
101	84	0.27932518382497723
101	68	0.2756146880287164
101	53	0.27243299826222506
101	88	0.2704321385927826
101	46	0.27037652570297355
101	186	0.27028383354366925
101	54	0.2675843031633817
101	40	0.2566977652035972
101	160	0.2517590362830057
101	76	0.24239777397842335
101	52	0.24162580118764995
101	151	0.24119260926263314
101	56	0.23785570960038066
101	134	0.2353540632717912
51	53	0.5481340216830337
51	157	0.5129684663650691
51	50	0.4753193647006264
51	45	0.4713231494833393
51	175	0.4353184191927639
51	189	0.42521422148694654
51	125	0.4214303518971241
51	173	0.4147793889481829
51	195	0.4076419744906765
51	144	0.4014782557845191
51	80	0.3984121007536135
51	146	0.3966860944789542
51	40	0.3909322604623278
51	180	0.384014419561002
51	86	0.3559145296284569
51	49	0.3519169607411728
51	43	0.3345118424424591
51	154	0.32493066292789713
51	91	0.32488594119814684
51	149	0.30997703235106244
51	93	0.3029822146246795
51	42	0.29364447443288577
51	52	0.2925109838641495
51	153	0.2900858507796633
51	98	0.2842871236723843
51	156	0.28136149362424745
51	130	0.2770186343326814
51	150	0.2752912440505448
51	117	0.2733030086533813
51	16	0.2731919683563413
51	164	0.2653361270261431
51	23	0.26452719133002084
51	48	0.2629826724211014
51	31	0.25898488256804536
51	84	0.25874230526335285
51	147	0.2529387993269452
51	18	0.2490033494219344
51	46	0.24542620324737036
51	44	0.24066511544017866
125	21	0.4445762624313837
125	156	0.4236318826529067
125	122	0.34998793056874844
125	53	0.34466780438668826
125	52	0.33886523718347505
125	23	0.3169114663883731
125	29	0.3008009484227434
125	132	0.29160542897301395
125	150	0.29145902753982383
125	130	0.281066799674167
125	128	0.2789563516583307
125	123	0.273608331908798
125	157	0.2721459821506426
125	149	0.2644341863335912
125	40	0.2641737461798914
125	28	0.259199442954684
125	25	0.2512438254318057
125	7	0.2446366372355599
125	154	0.24257660197088746
125	146	0.24015632600459064
125	86	0.2395248667851139
125	129	0.2315436977425481
99	100	0.6061357149138136
99	95	0.5283763766997118
99	30	0.5156236146870264
99	167	0.5144774473016394
99	7	0.4938806631367921
99	114	0.4769587418651373
99	79	0.4729705524380881
99	40	0.4412806307612654
99	41	0.4343128595485893
99	135	0.4342641759396108
99	32	0.431012887104751
99	56	0.4266303819752176
99	16	0.4120849024881725
99	46	0.4033806293051015
99	53	0.37237704989376336
99	31	0.3607779729879915
99	68	0.3588976578303814
99	73	0.35189067583009515
99	145	0.3501458721377891
99	98	0.3434423443670105
99	59	0.3418183528091818
99	172	0.3413060183700133
99	110	0.3338900256613825
99	88	0.3331879118225841
99	187	0.32898532079083675
99	134	0.3283520172227929
99	151	0.3278344514408277
99	75	0.3255029726758719
99	28	0.3224956943049494
99	54	0.3204423494207945
99	184	0.3156335068333706
99	36	0.31042891939580997
99	58	0.2939368542843161
99	52	0.29148647884884565
99	199	0.28497636221040656
99	93	0.28040354452012795
99	45	0.274967737737463
99	86	0.2737285956329424
99	38	0.2615485989890605
99	156	0.24995986343013585
99	43	0.2467132490846129
99	132	0.2422377560217465
99	27	0.2405049552377003
99	186	0.23775193017274585
99	188	0.23749717584016736
99	2	0.23087165223747885
100	30	0.6559775895315487
100	167	0.5318848960274425
100	95	0.44291386641779706
100	73	0.43991064295922616
100	184	0.3966860944789542
100	134	0.3899321366474143
100	75	0.3874023047491798
100	7	0.38436390301616136
100	56	0.38427867330151705
100	187	0.3519081991658121
100	36	0.3455663163798769
100	135	0.3434599851929581
100	114	0.33354345874421315
100	110	0.3043801919711689
100	54	0.29780567818793313
100	37	0.2965931539796157
100	188	0.29243782716642897
100	68	0.28528872001422323
100	58	0.2708213782720041
100	140	0.26301059740419963
100	161	0.25877962697384344
100	86	0.255239976855528
100	31	0.2543422987208361
100	79	0.2519557155332076
100	16	0.2494910448429521
100	46	0.24791495862999585
100	2	0.2450972569120189
100	172	0.23810098483839046
100	59	0.2377991033129162
176	199	0.713285204288419
176	142	0.6312972282516678
176	32	0.5585065094689521
176	98	0.5442678686724145
176	139	0.5332960994852227
176	38	0.5296510318537563
176	114	0.4558815855287259
176	144	0.41003225787691777
176	36	0.4045103469070989
176	134	0.3887358660958528
176	45	0.37437361941767294
176	43	0.34098791562576153
176	27	0.3361449427854358
176	44	0.3334990205650906
176	164	0.3319694458277256
176	35	0.2814811978874387
176	173	0.2717199980333267
176	110	0.2680020322235175
176	2	0.2661168141025015
176	156	0.2660982303667701
176	30	0.2615392830413914
176	50	0.2568285353791927
176	130	0.2484967627953531
176	195	0.2461496861855445
176	165	0.2455671629538463
176	40	0.2317424294548284
199	98	0.7106025616271439
199	38	0.7018970695328176
199	142	0.6890107668517951
199	114	0.6669726896492896
199	32	0.6263153641071513
199	36	0.57657044427173
199	139	0.5286862581889221
199	173	0.4629975227010095
199	27	0.4404911236108672
199	145	0.41015703123394187
199	45	0.39772203587117855
199	40	0.3863819275380509
199	134	0.3828287666802148
199	195	0.3446149310470502
199	79	0.3438303865398011
199	144	0.33030449513883164
199	156	0.31997566701519603
199	165	0.3051240353602333
199	130	0.3015920225483706
199	177	0.2734047891943095
199	175	0.2720256061391686
199	50	0.2675100296823307
199	196	0.2670457484290652
199	167	0.2629175124137107
199	41	0.2582010536948408
199	2	0.2462060499729606
199	30	0.24316943994609444
199	131	0.2417199606094216
98	32	0.5760695528741709
98	38	0.550765870675205
98	45	0.5227962451300702
98	40	0.5137123127127595
98	114	0.511382463426513
98	173	0.500137879072981
98	27	0.49907982807880297
98	145	0.4919881256339358
98	50	0.4311512957034119
98	41	0.4286241896102027
98	79	0.4176234953628525
98	156	0.40741681614889935
98	142	0.4067076609289587
98	195	0.3422951712661621
98	196	0.3370139226920005
98	144	0.33089236019904633
98	175	0.32495749526825823
98	28	0.3217249237112468
98	132	0.3177657976876941
98	177	0.3118649872471641
98	130	0.30963350449203625
98	36	0.3087019568242597
98	80	0.28530709211631833
98	44	0.28249372913845017
98	31	0.28113126850744674
98	93	0.27840294908732005
98	53	0.2634945603924728
98	135	0.25566995851582464
98	68	0.24297184744789305
98	157	0.2397322339788586
98	95	0.2359679647727811
98	43	0.2334828689780656
38	142	0.6628274784755305
38	36	0.5838934676549845
38	114	0.5064473985920153
38	27	0.5004527549950931
38	32	0.461566465798099
38	40	0.4370674472905683
38	144	0.4279137601335785
38	156	0.41039821619012745
38	45	0.40730004787408336
38	37	0.3755510016298377
38	139	0.37214446597517614
38	145	0.3588366728253805
38	130	0.3509528180040266
38	195	0.3492593870892452
38	41	0.3304113987738873
38	141	0.32328394734214594
38	53	0.3073442745109617
38	79	0.3042531571808136
38	95	0.3001004568477561
38	196	0.2935074024579543
38	173	0.287023955870779
38	43	0.28220844300338105
38	164	0.2773694364448502
38	110	0.2729143357660445
38	2	0.26657205380628024
38	35	0.2466944663404819
38	50	0.2357129823714117
38	68	0.2337854018041109
142	139	0.7049031557754863
142	114	0.4713231494833393
142	164	0.4482515322830937
142	36	0.4415785325279262
142	45	0.4118358158922551
142	27	0.3905594406917848
142	165	0.3780821263797531
142	143	0.3778764147801209
142	173	0.3646598683542751
142	144	0.3645991751824799
142	32	0.338776717149031
142	134	0.33759883077294345
142	141	0.3248501627682011
142	156	0.3217787122572831
142	43	0.3146877994953161
142	195	0.3037176774096708
142	50	0.2846455644373872
142	44	0.2725811166464207
142	130	0.2690319995544087
142	37	0.2659774312635416
142	161	0.2535471135046735
142	2	0.2366477589264825
114	145	0.6003984554906188
114	32	0.6105953067503511
114	79	0.5915584003357298
114	36	0.5459827926952665
114	167	0.4899161506766621
114	196	0.4852052577836259
114	40	0.469228069695637
114	134	0.44794783375279945
114	27	0.4232461539468696
114	41	0.415582185019382
114	139	0.41199357788521146
114	172	0.365647863630206
114	31	0.36407882094761385
114	195	0.35530304999087114
114	132	0.3504792389554027
114	110	0.34349526611777864
114	130	0.3422245426109867
114	30	0.3378468948857864
114	2	0.33657063722429786
114	135	0.3325032172184195
114	95	0.32051413291649944
114	7	0.3138947250795064
114	156	0.2973043746504879
114	177	0.2846363746422027
114	187	0.2748475623857588
114	45	0.27180335113655835
114	28	0.2578276822664471
114	37	0.24948166727737076
114	144	0.2485342923966489
114	180	0.24194592464683304
114	173	0.24047669031277796
114	193	0.2361096076261825
114	129	0.23213983483875544
114	161	0.23034143270490698
32	36	0.6349520378045723
32	40	0.5168485596795553
32	30	0.5030566333320834
32	41	0.4607870230520814
32	27	0.4460513816714098
32	79	0.4425199055684748
32	134	0.4265649408204484
32	145	0.4129645151302629
32	172	0.4081754851629799
32	35	0.39590215016126656
32	167	0.3822909684987549
32	45	0.3803168268095721
32	62	0.3585665595517101
32	2	0.3508914382478615
32	68	0.3478713540349895
32	31	0.3310615465070765
32	140	0.32703987294486103
32	139	0.3091180611337441
32	173	0.3030094604303501
32	95	0.2957447299760962
32	144	0.2926024249215252
32	196	0.28406650522454874
32	151	0.2835883954091335
32	58	0.2650572258118313
32	195	0.2592740666590328
32	130	0.247267256596452
32	28	0.2469574078863451
32	37	0.2466287252765129
32	177	0.2321303737058219
88	193	0.6486994734319835
88	94	0.6034783897483605
88	90	0.6001617798975262
88	84	0.5360811144924814
88	86	0.5303844945306878
88	7	0.5219091251699443
88	91	0.5201898490784058
88	93	0.4816112447803517
88	73	0.4802660238093149
88	56	0.4765878520099174
88	41	0.4513863410913239
88	79	0.4479877999945384
88	68	0.4364200434241417
88	80	0.4290322427775097
88	16	0.416185924509344
88	186	0.4144729974591145
88	75	0.4075919435858168
88	92	0.40719995018166827
88	167	0.40003449807062347
88	42	0.3988158320569444
88	189	0.3922784260039392
88	76	0.388820751238421
88	31	0.3881244982988566
88	177	0.381060742904952
88	28	0.3654572619400379
88	40	0.3543765160583096
88	95	0.3499001766529142
88	147	0.3318359697391737
88	172	0.3217697476438338
88	71	0.3195716818653938
88	135	0.3192394292366436
88	187	0.3161736297736357
88	159	0.3118108218199073
88	52	0.30825858527370026
88	117	0.2945123163531779
88	194	0.2935348178186888
88	188	0.2738211003661083
88	122	0.2727014533210773
88	54	0.2716922127595605
88	53	0.2706453046156624
88	196	0.2466287252765129
88	27	0.23696869235672194
88	173	0.23093792004602906
7	31	0.5475531317916029
7	135	0.5286574379458469
7	94	0.5356391450876284
7	76	0.5219527804547502
7	73	0.5125262122891935
7	41	0.5041911047052621
7	56	0.4852511309995645
7	79	0.4819491154286508
7	93	0.4665724381360299
7	132	0.4578676604360493
7	75	0.4472281353340927
7	40	0.43830434642581817
7	28	0.4313954966778799
7	84	0.42655676036204093
7	193	0.4085254501114056
7	167	0.4056973116696988
7	196	0.3858458504429327
7	189	0.3785705417962644
7	86	0.3758000733156109
7	91	0.375104254474916
7	53	0.3740124280011897
7	187	0.36582977300379216
7	145	0.3627508889552002
7	147	0.3583399666263516
7	80	0.3545601300210523
7	92	0.3545251580405163
7	68	0.3488642169620861
7	29	0.3478713540349895
7	180	0.34398028048998064
7	157	0.33630459430776144
7	42	0.3173611786526463
7	90	0.3123704334496313
7	160	0.3101758799201261
7	110	0.30885574827922024
7	184	0.3037176774096708
7	122	0.3000185600616016
7	16	0.2927578624377489
7	129	0.29160542897301395
7	95	0.28791379657955657
7	172	0.28268695910402597
7	27	0.28216242443434303
7	186	0.2757440481524982
7	2	0.2673336174250007
7	159	0.2656335727173046
7	30	0.2640807224995772
7	54	0.254145873133296
7	188	0.24807450339381704
7	177	0.24474945227306205
7	37	0.23918549151405194
7	156	0.2312124352798547
7	133	0.2311651076922692
56	31	0.4650612205752106
56	73	0.4548749448409901
56	161	0.4122094226952752
56	75	0.398647629456395
56	41	0.3944085322401933
56	167	0.3932425685298371
56	94	0.3756798385879203
56	193	0.3727559753303236
56	187	0.3610215033718936
56	58	0.3608127660560383
56	80	0.3467369542756143
56	28	0.34091721551796994
56	90	0.3288069553255502
56	93	0.3280754117408598
56	76	0.3221013999088186
56	135	0.3213214434410768
56	16	0.3064837609975473
56	194	0.3052600640318273
56	30	0.3051421732360058
56	79	0.3000731584105221
56	186	0.298607422233393
56	184	0.29473148385648684
56	84	0.291431575750742
56	188	0.2839102156211216
56	92	0.2835240236978445
56	95	0.2789747952225067
56	40	0.27392284972152403
56	147	0.2635131717067236
56	189	0.261679017138964
56	132	0.2589289060884527
56	172	0.2568565563363893
56	68	0.25614655909463313
56	91	0.24402544073773105
56	151	0.2406180108582859
56	196	0.23703476046940786
193	194	0.6594614313622214
193	80	0.5863267528158455
193	173	0.5549458359172801
193	94	0.5480640629391627
193	180	0.5345900764794329
193	90	0.5316912516395942
193	189	0.4902048901314939
193	93	0.4826474387652693
193	175	0.475450946222269
193	177	0.4681355977174072
193	196	0.4559845617826955
193	187	0.4514978090984274
193	167	0.4502788589245543
193	91	0.4400799878239535
193	172	0.4200642193194959
193	86	0.4187703998064189
193	79	0.41812697731404347
193	31	0.41147037754084403
193	84	0.4011007207579964
193	92	0.4007062608649629
193	71	0.3990260475762708
193	42	0.3934623397282003
193	68	0.3932763824092286
193	41	0.39056791529191903
193	186	0.3888886545999698
193	147	0.3843553803395029
193	157	0.3841081942212461
193	73	0.3814282435304685
193	50	0.3698678521484056
193	53	0.32640566389489184
193	75	0.30023694166022924
193	40	0.2979059191993555
193	135	0.2976051764636779
193	76	0.2924561166618006
193	146	0.2879413095112799
193	16	0.258079716434638
193	145	0.2544732374568357
193	28	0.2377330606026289
40	145	0.7065695800719571
40	27	0.655658444022483
40	41	0.6099803090388635
40	45	0.5498874737991858
40	144	0.4947874235725082
40	31	0.5462354280323448
40	53	0.5190145276969422
40	180	0.5085929991306885
40	196	0.5075915123500507
40	130	0.5029221730338705
40	157	0.4824863416350138
40	28	0.4790957667072973
40	93	0.450310748308141
40	79	0.4416509804044672
40	175	0.4295298306063876
40	68	0.4271619257342567
40	167	0.4095080421957825
40	172	0.4017298700347152
40	173	0.3984373384858946
40	135	0.3936229133257032
40	36	0.3933862701698107
40	35	0.3915674530810619
40	132	0.3781678285297936
40	80	0.3759031215846381
40	42	0.3684859190803544
40	94	0.36163880610449134
40	29	0.3601080107798015
40	133	0.3597250083416779
40	140	0.3594289688532837
40	62	0.3571627480192391
40	16	0.3519520064259369
40	91	0.3354706456536125
40	195	0.3349735750344094
40	46	0.3274863223650282
40	75	0.3203436411047802
40	86	0.31923044834610514
40	134	0.31710036290998583
40	164	0.31448056103398964
40	73	0.3144355052267318
40	2	0.3124245779175169
40	129	0.30184653287994123
40	52	0.3016920138784555
40	187	0.2944575196352142
40	30	0.28843646096611925
40	84	0.2864824700593974
40	156	0.2808365331353643
40	146	0.26481547554365664
40	117	0.26029982835075705
40	95	0.25932070490230746
40	44	0.25275158546595256
40	37	0.2481589628215572
40	189	0.2460745318792089
40	54	0.24474945227306205
40	150	0.23928919571820556
40	92	0.2338043086034237
145	130	0.6218770429351971
145	41	0.5673525472973538
145	27	0.5669726844392504
145	157	0.5332746312836537
145	195	0.5016959691374846
145	196	0.4823789254097359
145	132	0.4809504477269346
145	180	0.4807505642032043
145	79	0.4736844365502121
145	28	0.4412967360472225
145	53	0.4320545235693631
145	31	0.4174170761617457
145	93	0.3882943569860923
145	144	0.3863989415866917
145	45	0.3843553803395029
145	133	0.3453373439930433
145	29	0.3380949120707635
145	172	0.3360828508640845
145	167	0.3358699420988108
145	36	0.3306964336853666
145	175	0.3277541218593919
145	62	0.3264324674126966
145	68	0.31879929819180663
145	129	0.3184399055783401
145	173	0.3180264908773338
145	94	0.294347920390766
145	146	0.2918707467482262
145	75	0.2738766007745104
145	187	0.26680427316067706
145	91	0.2615392830413914
145	80	0.25203063548831955
145	140	0.243837341243172
145	134	0.2359774079416939
145	73	0.2309284533473963
27	130	0.7028293709491193
27	45	0.5217708653970287
27	173	0.4847693290283733
27	41	0.4565942477176736
27	28	0.4543196059556849
27	36	0.4470361178488384
27	164	0.4428736741623985
27	79	0.4390150147159663
27	195	0.4388373990844195
27	53	0.4368975475691929
27	157	0.4360070873982729
27	44	0.42282742362439796
27	144	0.4064155132468534
27	196	0.4020401107576238
27	133	0.3985803409051825
27	150	0.3747089097596716
27	31	0.37437361941767294
27	80	0.3736941415293994
27	132	0.3687969963268634
27	135	0.35797384270851645
27	16	0.330821117493628
27	140	0.3274416839987095
27	180	0.3183320699349729
27	156	0.3169384531454667
27	128	0.3072718295701191
27	175	0.30409888610015223
27	35	0.3030730320505324
27	50	0.29934501889007675
27	29	0.2954709451767788
27	93	0.2872166438759099
27	46	0.2867670023973376
27	149	0.2790209032325011
27	172	0.27545759445725315
27	86	0.27509714773896554
27	2	0.2666928117350271
27	94	0.2644062838754157
27	177	0.2643690799092751
27	43	0.253303811867244
27	141	0.248825121498927
27	165	0.2480557341198807
27	134	0.2455765598984549
27	37	0.2444956091241629
27	18	0.2441288876347796
27	68	0.24118319097866486
27	52	0.23800665180052405
27	42	0.23687430553648015
27	92	0.2337286803453857
41	94	0.5891870912150531
41	79	0.5867072315285499
41	93	0.5200439533974774
41	31	0.5176249736433559
41	196	0.5011869507775741
41	92	0.4862291231285889
41	68	0.4561746397166809
41	90	0.4258202334102374
41	75	0.4191331707341967
41	28	0.4059646080605356
41	36	0.4002696639957216
41	167	0.3939270921698857
41	180	0.3902797417563635
41	172	0.3886509743534482
41	132	0.36044738876565297
41	73	0.35718892078193604
41	53	0.3443681598882082
41	30	0.3222806384974641
41	62	0.31547143003879946
41	133	0.3138045752398943
41	37	0.3064384569181246
41	194	0.2732937555734381
41	42	0.2709047752593634
41	91	0.2627499470967664
41	157	0.2611106967956608
41	45	0.2554082425828041
41	84	0.2405426411697943
41	130	0.2352501536509605
41	173	0.2344375841220961
41	80	0.2339744618388754
41	29	0.2337759483381513
45	44	0.5720804708879329
45	164	0.5556167486218764
45	195	0.5246975488197537
45	50	0.5074653018148687
45	173	0.5049365199549882
45	175	0.486397093030831
45	43	0.450446265371714
45	165	0.4500874985006863
45	144	0.4476920074143029
45	150	0.4438137062475884
45	157	0.4363390861367035
45	31	0.4307115747470571
45	130	0.4163678014943615
45	156	0.4126077838728139
45	53	0.4047779510997503
45	149	0.4007734134715424
45	140	0.3961382372007336
45	62	0.3845684275990003
45	46	0.38416786487940857
45	93	0.3803168268095721
45	52	0.3754221501554828
45	80	0.3666610026575218
45	135	0.3291993283675325
45	28	0.3286464063476491
45	132	0.3266647425731995
45	180	0.3172172862461705
45	146	0.31414711451870964
45	68	0.30239176727059985
45	18	0.3006099374139499
45	196	0.2893530007051128
45	29	0.28907809439757554
45	189	0.2840481189956807
45	79	0.2800902475535881
45	127	0.2777755359833388
45	117	0.27554076347539924
45	134	0.27065457210177096
45	137	0.2632246742982918
45	36	0.2531353534960559
45	16	0.24894706874123865
45	2	0.24259542501140785
45	42	0.2421342079673555
45	147	0.2380632521622023
45	129	0.23398391437627064
144	130	0.4844938814388491
144	140	0.4416429309248016
144	175	0.4385305276657385
144	157	0.43367165553166814
144	53	0.4195946856973709
144	195	0.3777478260802168
144	164	0.3616214216312773
144	173	0.3546300710061764
144	180	0.3502687018173753
144	43	0.33818347825913364
144	189	0.3314532646524257
144	80	0.31888014890249744
144	141	0.31604761940368004
144	44	0.3130019925488185
144	150	0.3099679931806492
144	149	0.3050424121799122
144	172	0.30337269049287563
144	156	0.30324556999312896
144	127	0.3031184386992802
144	135	0.3024462798346306
144	46	0.3021555233050208
144	165	0.2981974920540517
144	146	0.2895637298905449
144	35	0.2889131277215106
144	2	0.2806062342606636
144	50	0.2754298705347488
144	153	0.26828974253347176
144	16	0.2619025688770374
144	134	0.25297623982667083
144	187	0.23865745827406706
79	31	0.4957911590444883
79	196	0.4661655381683988
79	36	0.4640260778815104
79	73	0.3835710139371119
79	167	0.38265806518552176
79	94	0.3742618342067753
79	75	0.3636276633363625
79	93	0.3534930386865371
79	68	0.3454518353278906
79	42	0.3358610701551929
79	95	0.33561263154261
79	135	0.33137314977675003
79	80	0.33091907524122305
79	177	0.317828728030641
79	187	0.3138586658227105
79	180	0.3127674457308704
79	173	0.3062844126644837
79	186	0.29049792954927856
79	92	0.2777386219431413
79	53	0.27412633003582965
79	86	0.2731919683563413
79	71	0.26975539259822884
79	28	0.2651223067309064
79	172	0.2590408573080176
79	30	0.2590035410080098
79	91	0.2580517143720445
79	195	0.2417011290891721
79	132	0.2332559396862636
79	157	0.23044559377598145
196	180	0.4999278882831146
196	175	0.4582390483734332
196	31	0.4239846488627088
196	167	0.42127408405924777
196	93	0.4111795934306088
196	94	0.4049033667055345
196	195	0.3926929439354885
196	194	0.3818639601059109
196	135	0.3509703545233252
196	36	0.3489608255677287
196	73	0.3454078014158741
196	187	0.32968963483459673
196	173	0.3126591804849818
196	157	0.3100674209728629
196	75	0.309606380427302
196	80	0.30944362545880816
196	172	0.3075434797276632
196	37	0.29913561418766765
196	28	0.29748668582943755
196	68	0.29058948798451256
196	92	0.28916973513367106
196	132	0.2844158038664305
196	50	0.2736823413671285
196	90	0.26452719133002084
196	91	0.2594792658819369
196	53	0.2485718212517607
196	62	0.24124911801231
167	54	0.46849471092837497
167	134	0.5402510068147428
167	30	0.4785331289405429
167	36	0.4431389101488608
167	31	0.4415302307442657
167	68	0.4262785832566653
167	37	0.4131469798180356
167	73	0.4065824649603925
167	187	0.3719549185904343
167	28	0.3616735742964885
167	135	0.3530204254744514
167	62	0.3528015620183941
167	172	0.3521272200472781
167	75	0.3445532427205898
167	95	0.3385376830997657
167	175	0.3269952199686579
167	180	0.31892506395886583
167	86	0.3187723469238292
167	140	0.3151832480678336
167	94	0.30856624507582725
167	93	0.2930778321308016
167	91	0.29016827514545385
167	194	0.27962019022737605
167	132	0.27796932123427953
167	159	0.2542207044017052
167	2	0.2482903366545597
167	92	0.2415033871367624
137	140	0.705802589588629
137	138	0.573021530075651
137	165	0.5131821249472756
137	136	0.510954013369348
137	44	0.4465078573173637
137	127	0.42281921141997664
137	149	0.38828586467819415
137	62	0.3047430888478603
137	29	0.3035542724751843
137	164	0.3033182116006567
137	18	0.2989261806686904
137	141	0.29675731106420883
137	75	0.29164202719705656
137	123	0.2711178824159345
137	128	0.2692917140828966
137	59	0.25908750159555216
137	46	0.2525175415230729
137	134	0.25070972937439245
137	169	0.2452664363666539
137	151	0.2443733763931284
137	186	0.24409127122402066
137	30	0.2398453341393842
137	175	0.23927976828883896
137	143	0.237336758199378
137	84	0.2351178972648286
140	165	0.554745113435209
140	134	0.5313253271957245
140	127	0.4810042539820551
140	141	0.4766110375989909
140	172	0.4656957930227545
140	175	0.4523174618552349
140	44	0.4399590303995717
140	35	0.42758694828653854
140	138	0.4224578056848528
140	46	0.4103400043866308
140	146	0.38835380129472624
140	164	0.3857522229417076
140	149	0.3856841252225456
140	29	0.3780992673282513
140	30	0.3693239108766166
140	37	0.3691684525708973
140	169	0.3689438652092672
140	62	0.3653359539956714
140	59	0.3571104008112279
140	143	0.3425423410946956
140	150	0.32738811602973583
140	16	0.32495749526825823
140	130	0.3208729951654314
140	2	0.3203795358428791
140	157	0.3168574913347708
140	128	0.313705403881306
140	188	0.30281872939051196
140	151	0.29959990743622944
140	129	0.2910929642282583
140	84	0.2865283657916605
140	36	0.2851876697054087
140	75	0.2811588972307156
140	54	0.2795740989555511
140	31	0.2777293933049313
140	68	0.2714513880843413
140	135	0.26555921603292904
140	136	0.2652245718659615
140	159	0.2611572872475597
140	139	0.2562119651475973
140	18	0.2487969787070891
140	28	0.2473235872948891
140	180	0.2420777248853142
140	187	0.2356657598454059
138	136	0.5902176475395714
138	44	0.5007974672535759
138	149	0.40442670638610745
138	127	0.3657691396507844
138	123	0.2818954911332385
138	165	0.2769909362822165
138	35	0.2665999217636112
138	128	0.25016610649992904
138	46	0.2484686151047568
165	175	0.5732834136042297
165	169	0.43581269158335934
165	173	0.41990773308205465
165	146	0.41418308116705455
165	164	0.3897879750946576
165	44	0.3561415730736209
165	139	0.34982996909850284
165	62	0.3175140483236291
165	50	0.31079936211989884
165	134	0.3033000515292433
165	157	0.2960823309887496
165	194	0.29273957647400456
165	153	0.2594139777604391
165	149	0.257360859682328
165	180	0.2532102257790953
165	150	0.2395814236425311
139	36	0.5491056540055322
139	134	0.4661811918162733
139	161	0.3941974009491722
139	164	0.3909661468111283
139	141	0.3878356780094887
139	173	0.3030911948751816
139	110	0.2788364634753389
139	2	0.2566697418000791
139	37	0.2324898658639289
130	157	0.5094006042474801
130	195	0.4891253665952388
130	53	0.4877700416734392
130	128	0.4181599835552277
130	44	0.3803595939518455
130	29	0.3649199468485394
130	132	0.3580087163982605
130	173	0.350409063843714
130	150	0.32495749526825823
130	133	0.3212317653068265
130	164	0.3001004568477561
130	36	0.2968302641399709
130	129	0.2764368786546084
130	180	0.2741448270295205
130	28	0.2685495687801753
130	146	0.2599735132353864
130	175	0.2421247942343087
130	134	0.24139038272871094
130	46	0.2412114456942712
130	52	0.2399018817784966
130	172	0.23963797887397495
130	141	0.23200737498114016
110	2	0.4578992741452577
110	135	0.4124999099610023
110	134	0.3909661468111283
110	141	0.3639660475510786
110	156	0.32476071262553496
110	52	0.31679451784500706
110	16	0.29583598078256657
110	95	0.2807996874878135
110	148	0.26996864273011045
110	143	0.26069132800640515
110	20	0.2578556877964084
110	43	0.24502206125098702
31	73	0.4968839498080146
31	2	0.4764951030236798
31	187	0.4551445533203818
31	68	0.4530727755365382
31	135	0.4527548279081026
31	42	0.4335904591211618
31	80	0.4308337399843504
31	28	0.4265403992358605
31	175	0.4092916203352932
31	75	0.4007566257235619
31	189	0.3991773767838672
31	134	0.3971410226612673
31	172	0.39645855727559465
31	132	0.39457740729872814
31	94	0.3923461132905332
31	84	0.3886849318423311
31	186	0.38754678154000577
31	93	0.3831359634983281
31	30	0.3749925404441965
31	180	0.3684427073778732
31	164	0.35603678901437724
31	76	0.3509440496520588
31	46	0.3487588172991968
31	173	0.3442271264273495
31	151	0.3423039995761001
31	157	0.334582888687224
31	36	0.33040249046137793
31	117	0.31662357572353594
31	62	0.3079327575376073
31	159	0.3065743649908045
31	53	0.2957903560541091
31	194	0.29049792954927856
31	188	0.2871340661475867
31	86	0.2845352834426794
31	59	0.2844893308053366
31	16	0.27017259633841
31	29	0.2606074424356548
31	37	0.2564735658937895
31	161	0.2544451799415049
31	195	0.24758644177727496
31	58	0.24377150208492535
31	184	0.242218929513148
31	147	0.2300668009484048
135	147	0.488227156070428
135	2	0.456071686001077
135	46	0.4386920516922028
135	16	0.4163430020489818
135	43	0.4100988055776395
135	187	0.4022077700241067
135	52	0.4000428977610251
135	148	0.3731519917704574
135	189	0.36613289318179415
135	156	0.3638706155719381
135	157	0.35822665432754625
135	53	0.3459713205752915
135	134	0.3457864433384214
135	188	0.3400508263925809
135	143	0.32236128832508176
135	28	0.3190867463001446
135	80	0.3186645366974161
135	86	0.3180264908773338
135	75	0.3176489196234553
135	172	0.31375949819823484
135	68	0.3093531981966293
135	175	0.3065834250846156
135	127	0.3001914480883815
135	76	0.2893621634270097
135	132	0.27984141038911103
135	177	0.2766123501401095
135	159	0.27623367811655336
135	93	0.2752080626640643
135	30	0.2745239706844277
135	84	0.2732104755781869
135	150	0.2663676751687897
135	29	0.26023457008183826
135	35	0.2577156558146115
135	59	0.25085966649965713
135	129	0.2495473092537492
135	95	0.2477554004174065
135	186	0.2477178553548843
135	180	0.24423232897601466
135	195	0.23653447596946384
80	173	0.628873205072744
80	189	0.6128793889406391
80	175	0.5301041465626326
80	147	0.5265141307136239
80	157	0.5099187771096214
80	180	0.4838431377794255
80	86	0.4757836751283908
80	84	0.4639711485114607
80	43	0.4613460895313933
80	187	0.4597939761204187
80	16	0.45736959179126097
80	50	0.4492897184520932
80	53	0.4315582622175347
80	194	0.4057474350310221
80	93	0.3964079868359685
80	94	0.3949572787245221
80	18	0.39381725975794224
80	42	0.3778849868418804
80	76	0.3723684365083623
80	164	0.3708601070950389
80	177	0.3692634573244096
80	146	0.36563920058213184
80	91	0.3570144251037039
80	149	0.35073359074410404
80	75	0.3436011030749899
80	117	0.33990047557842323
80	153	0.33580783724203184
80	148	0.33244095485661285
80	71	0.3199936192117586
80	73	0.31669555386108805
80	159	0.29945426207254394
80	186	0.29707645518766945
80	52	0.2865926176075496
80	172	0.282668557238326
80	154	0.28136149362424745
80	195	0.27739712820028817
80	68	0.2747088878470273
80	28	0.2609429610971837
80	46	0.2578276822664471
80	49	0.2547818418427875
80	132	0.2464033101130674
80	188	0.2407216394420421
80	156	0.23160994379484245
173	175	0.6374936208373468
173	50	0.6532344449505353
173	157	0.5533868128899264
173	194	0.5515526030652405
173	195	0.511973012084427
173	180	0.4835213961723372
173	53	0.42265495274893145
173	164	0.4143818899709252
173	189	0.39532014083832573
173	150	0.3932425685298371
173	187	0.37411563713295853
173	177	0.37079973313314935
173	146	0.3553904228604619
173	149	0.34955787771190183
173	71	0.347765871369643
173	44	0.3188891320283581
173	94	0.31489500795972303
173	156	0.30462515706199417
173	93	0.289627859289815
173	42	0.2800810320332445
173	43	0.2737285956329424
173	148	0.2695142953666464
173	18	0.2612690993675151
173	132	0.2610920602742591
173	147	0.253303811867244
173	169	0.2531915079926759
173	86	0.2527890297528102
173	92	0.2503348339457755
173	36	0.2463375590004708
189	86	0.6107395363680606
189	147	0.6365071987462456
189	49	0.5189706888966141
189	187	0.5803033789018243
189	84	0.5724503526336243
189	146	0.5382439389015021
189	188	0.5310453687731028
189	157	0.4970420856363964
189	16	0.4942132668699002
189	43	0.4901669042421976
189	175	0.4869541901670203
189	76	0.445891159747122
189	53	0.4287058142417096
189	180	0.4139925189707449
189	153	0.4136444421871352
189	46	0.4089002793093098
189	117	0.4070080689280916
189	42	0.4052460916285241
189	172	0.4047612278681625
189	186	0.39628155021264777
189	148	0.3949657187786669
189	68	0.39058486429359296
189	194	0.3841763889971773
189	159	0.3840911448723697
189	91	0.3775334791974422
189	28	0.3765297982029641
189	93	0.3610736820500197
189	150	0.3575291156434918
189	177	0.355661239286337
189	50	0.3507160509021036
189	48	0.3459977294165426
189	18	0.3346006496541832
189	73	0.3317914747564996
189	169	0.3213035082752204
189	154	0.31338981312145675
189	94	0.30601253073311324
189	149	0.2956625996353303
189	71	0.2799151438410625
189	164	0.27351581552971016
189	29	0.2612784167277485
189	133	0.2604583028164728
189	52	0.2592740666590328
189	156	0.2409100409875252
189	195	0.2397039579218269
148	43	0.598303113225906
148	147	0.5552364229210368
148	149	0.4213234345005509
148	188	0.401671165466168
148	52	0.3894995946735946
148	150	0.3600296792414581
148	53	0.3266468766535594
148	49	0.3263252501920031
148	187	0.30291863915199324
148	157	0.2914773284658473
148	16	0.2732474894151058
148	46	0.25966579030172143
148	164	0.2538090947800855
148	2	0.25324766078318073
148	50	0.2496317027107469
148	18	0.2434422725993308
148	156	0.23663831892576126
53	157	0.6857666866298463
53	147	0.4464598181864292
53	93	0.41942164298933216
53	187	0.40036203618980176
53	86	0.3894147623630874
53	180	0.37416723822401343
53	49	0.3682352690457311
53	28	0.3681747592910379
53	175	0.35733722250804056
53	150	0.3507599000457191
53	16	0.34899595413105905
53	195	0.34559273362363124
53	29	0.34169470446293576
53	50	0.33858195196225105
53	84	0.3278969267270885
53	43	0.3191496177511241
53	94	0.31299297222305844
53	146	0.2967117136327618
53	42	0.2938911735567071
53	164	0.29220004426175794
53	188	0.28381827351215105
53	133	0.28342286298920993
53	132	0.27738789766635064
53	46	0.2760674047589815
53	52	0.2711271473417537
53	160	0.27048774967787925
53	76	0.2672407616692643
53	172	0.2642853681086653
53	91	0.26261960755793684
53	68	0.2548940487572228
53	18	0.2417482075483969
53	73	0.2352501536509605
157	175	0.6252324001828076
157	180	0.5985983673023856
157	146	0.5756150370662079
157	195	0.5222073817861399
157	147	0.4525003868719192
157	93	0.4227781493561966
157	187	0.4160784360884664
157	86	0.3975957557611409
157	50	0.3771990172647612
157	49	0.37392641331405024
157	94	0.35754655897738885
157	29	0.350409063843714
157	132	0.3425246876788661
157	194	0.342286342895786
157	84	0.3414738744211869
157	28	0.3406343765270338
157	42	0.34005967001686244
157	188	0.3018283549967933
157	150	0.30114652604506315
157	133	0.2981974920540517
157	129	0.29214516615165265
157	92	0.2871065392896363
157	172	0.28571122529713344
157	46	0.2838458566929131
157	16	0.2817297864392008
157	169	0.2813891184623594
157	91	0.2797584563094234
157	76	0.27309942921371216
157	68	0.2713309629966693
157	164	0.2692638893989344
157	154	0.2568845768617472
157	153	0.2559877060590766
157	62	0.2555017168580446
157	75	0.24703252736517506
157	71	0.2456987159778594
175	180	0.6826179740780396
175	194	0.612848169041233
175	146	0.5613964739018336
175	50	0.4831841933482395
175	195	0.4504303232648546
175	187	0.4149863569969767
175	172	0.3676992170028798
175	169	0.3521885389851964
175	62	0.3468425227007155
175	68	0.3430982998333864
175	93	0.3109619656976379
175	94	0.30337269049287563
175	75	0.3017192830895032
175	92	0.3014465687704703
175	153	0.2965110688636167
175	147	0.2920994329235589
175	132	0.2915688298951822
175	86	0.28113126850744674
175	150	0.27822766637596824
175	134	0.27817231008999593
175	16	0.2720533859745436
175	164	0.25933003240583913
175	84	0.2570993865385213
175	91	0.2545012945437765
175	52	0.2372707001136005
175	71	0.2352501536509605
175	28	0.2305402810764696
95	86	0.3462089804074169
95	43	0.2810760096628217
95	16	0.2778216773800332
95	36	0.25956320426743784
95	187	0.2378840121382569
95	73	0.2357979801131206
95	54	0.2309852528832965
105	127	0.3374747811265673
105	141	0.3167495350708566
105	131	0.28185866932077885
105	35	0.2734047891943095
105	20	0.2646108916199589
105	143	0.24913466446984897
105	37	0.2486374949524069
105	160	0.2364967135545324
180	194	0.601873701931796
180	93	0.4739946269825446
180	91	0.4413611543481385
180	94	0.4313710794241189
180	195	0.3989755996757284
180	146	0.3979408857028504
180	92	0.3556262985859587
180	172	0.35240751050907115
180	187	0.3398916308716933
180	62	0.32887830432748444
180	50	0.32072048995941865
180	132	0.3184039612794539
180	68	0.3136603237282704
180	177	0.29846168189439115
180	37	0.2868771303694411
180	71	0.2766585237818485
180	90	0.2736638393063368
180	42	0.2713216991764488
180	75	0.2678256700121702
180	76	0.2639969969863964
180	84	0.26185599791500275
180	16	0.2551277911134464
180	86	0.2380255187673862
180	54	0.2368648666084883
92	94	0.6756953117809086
92	90	0.6605845261455753
92	91	0.4838967486708514
92	194	0.4803198761170327
92	93	0.4750406512800731
92	133	0.3546038436017713
92	68	0.34539899445094724
92	42	0.3234451257093474
92	28	0.31945495340442753
92	84	0.2904704609813121
92	86	0.2877762247924052
92	76	0.282613350392873
92	75	0.2772032762356165
92	187	0.2625171911961401
92	54	0.24877821661246485
92	71	0.23605295168843865
94	93	0.5576458209434461
94	90	0.6039677389131736
94	75	0.5019727891666241
94	91	0.4884175413896597
94	84	0.4827241402080237
94	73	0.4644967546606769
94	194	0.419190871958151
94	76	0.41458065923500015
94	86	0.3821458039513684
94	68	0.3656911779202722
94	28	0.3553467372018581
94	42	0.3488642169620861
94	132	0.33743047484038624
94	187	0.31826916200475525
94	133	0.29713115894731823
94	177	0.29407388841023546
94	159	0.2670828954949766
94	71	0.2631502157088364
94	64	0.2425483670676568
90	194	0.6672002378582961
90	93	0.4803814171774784
90	91	0.4214139038293221
90	75	0.3807700757356505
90	84	0.3320139349035896
90	50	0.2934342924690683
90	68	0.27545759445725315
90	73	0.26231234072920395
90	177	0.2484498497445612
90	76	0.24622483753206498
90	71	0.24269894846898946
93	91	0.6175283436907051
93	50	0.4203030185775824
93	194	0.3922615035184451
93	28	0.3731003451587349
93	76	0.3582353710329617
93	42	0.3541578923728728
93	84	0.33858195196225105
93	147	0.3356481256325624
93	132	0.3317914747564996
93	187	0.3093079824673472
93	75	0.2819046964566096
93	73	0.2742280609909046
93	86	0.26421095427596863
93	64	0.26196776617476625
93	68	0.260393050323816
93	195	0.2586583285902789
93	160	0.2314111991960803
93	62	0.2309757864033011
93	177	0.2304171867347524
143	131	0.5341471173801564
143	127	0.6031031260168748
143	37	0.3707652323191358
143	141	0.3475460875412155
143	29	0.33918385962685577
143	129	0.3098866381254088
143	134	0.2933337606297696
143	164	0.2726459143773696
143	128	0.2711456770426727
143	126	0.2541926430326966
143	35	0.2334639591747679
143	132	0.2299910340126818
127	126	0.5372630059322221
127	129	0.419742983749208
127	29	0.40051317313965606
127	128	0.3968209083439897
127	44	0.3884302249426245
127	23	0.35313421920680965
127	46	0.3519344837068926
127	134	0.2820887920230972
127	123	0.274283548016106
127	131	0.26745432248522233
127	2	0.2576409676636465
127	141	0.2442511358955367
29	129	0.6523449536631394
29	28	0.6138836470913656
29	133	0.5532064085481286
29	132	0.4747540964663674
29	128	0.4586418628570114
29	117	0.421948324075257
29	126	0.388693421049572
29	122	0.3803339338616727
29	46	0.3289942384480857
29	156	0.3267362039172117
29	16	0.3247428218997426
29	23	0.3177118551654244
29	52	0.3142642802398613
29	18	0.29837969683616705
29	160	0.2971220417894848
29	146	0.2917701142563561
29	76	0.2837723005004093
29	43	0.2751341201944773
29	164	0.2746441691507314
29	131	0.2669900263422165
29	123	0.2578743579090074
29	172	0.25133751073172633
29	75	0.2506628715554661
29	169	0.2506066406223437
29	186	0.2487688354951376
29	149	0.2467883782074428
29	147	0.2449656625705494
29	187	0.2295647930713122
194	50	0.4322497022602141
194	187	0.347027246298834
194	177	0.3200025952238723
194	71	0.3060215942686877
194	91	0.28947211195329386
194	68	0.28525197518107803
194	195	0.27738789766635064
194	37	0.2770647967270625
194	84	0.2714235984337262
194	75	0.2483091035995387
194	54	0.2395814236425311
194	159	0.2380443855546165
154	64	0.2974502253287263
154	117	0.5173833511314794
154	46	0.4914422100151391
154	153	0.4738162818511976
154	149	0.472085094698431
154	44	0.40735843367632013
154	164	0.37503550866825297
154	18	0.35608045012733625
154	151	0.35455138711891193
154	43	0.354175383692722
154	86	0.33658837150904186
154	48	0.3233824474627958
154	147	0.322244792627784
154	146	0.3012920087571397
154	136	0.287996333948722
154	84	0.2392420581202283
30	62	0.4254189979306777
30	134	0.5487213723486973
30	36	0.4636257964907894
30	68	0.4173592710639047
30	75	0.37473469726676795
30	172	0.3720324644527724
30	184	0.34903108171362496
30	73	0.3454254151632077
30	54	0.3114948164419584
30	35	0.3068370851519241
30	2	0.2966843545244671
30	37	0.29609145431426953
30	58	0.27850442007720355
30	151	0.2737655981340143
30	28	0.26212609251346597
30	59	0.25451064681088537
62	68	0.3655525666172435
62	54	0.327272044877556
62	134	0.31477789381874216
62	35	0.24068395695553044
62	37	0.2392514857300495
62	36	0.23682711044938554
62	131	0.2297068831782809
146	169	0.4558023647194615
146	172	0.4449933889749946
146	150	0.42201407862445983
146	147	0.37276458582805577
146	16	0.3413501931262123
146	49	0.3394758618543416
146	153	0.3310704504601228
146	149	0.33011739338596346
146	195	0.3142102049425601
146	28	0.2977692252825958
146	86	0.2962100526291169
146	187	0.29395512619941183
146	50	0.29155967999232985
146	68	0.28792296760960906
146	117	0.2795280063951155
146	132	0.2673057612194922
146	91	0.23949658774677066
146	129	0.23683654955622835
146	52	0.2298110763673928
50	195	0.4502310226952807
50	164	0.3834516052668359
50	44	0.3734274013039117
50	156	0.3466225785676915
50	149	0.3029640504790613
50	177	0.2894995978914853
50	43	0.2869413681851959
50	150	0.2852152295094004
50	18	0.2814811978874387
50	71	0.28137991023480863
50	147	0.25872364411839743
129	133	0.6515687683920057
129	132	0.5486654575058408
129	28	0.5142421084191874
129	126	0.4937218694728294
129	131	0.3894995946735946
129	128	0.35767737602915417
129	117	0.34105861187639697
129	169	0.29661139452143304
129	122	0.2953431623228789
129	160	0.2819323121153152
129	91	0.2531727900166881
129	156	0.2477741726696168
129	147	0.23229120699067565
129	16	0.2314490567999086
129	172	0.2296216302887215
133	28	0.6188875441776712
133	132	0.5826992930616575
133	128	0.4368732736350557
133	126	0.35978594866134145
133	131	0.35015464608574937
133	117	0.2785689892884612
133	169	0.2609522801605764
28	132	0.6407293077362379
28	128	0.4637670938993702
28	131	0.35753783734162364
28	68	0.3434511648102781
28	73	0.34192432768741604
28	86	0.3362957252857363
28	76	0.328762360293123
28	126	0.32313170610350084
28	187	0.3126772252568793
28	117	0.3034544051125161
28	46	0.2958542302960364
28	75	0.2922549204476507
28	147	0.289316349287285
28	156	0.2882255819662069
28	16	0.2833400904448005
28	172	0.2795280063951155
28	84	0.2713216991764488
28	91	0.26908765596293355
28	42	0.25090651938332936
28	169	0.24842170135460084
28	150	0.2385725826156525
76	187	0.5810126135975018
76	186	0.5568253297993532
76	91	0.5030118159379764
76	84	0.4861222144782185
76	75	0.4572825979786807
76	86	0.43673570932341865
76	73	0.4353913611434512
76	147	0.4264095001775285
76	188	0.4205993780570244
76	42	0.36851184533756604
76	177	0.3591502773472285
76	117	0.3403956831600867
76	16	0.3235167545158079
76	46	0.29652018964843263
76	159	0.2863998544280153
76	48	0.2681412528623698
76	128	0.2601693094353322
76	49	0.2454168055645187
76	71	0.2448622606840184
76	153	0.24432636173606556
84	86	0.6480213079064481
84	75	0.5414183777462728
84	188	0.5094376288556508
84	68	0.4967333135721929
84	73	0.4835520438619461
84	159	0.4717197599030685
84	147	0.4410309624798686
84	187	0.4174913920382881
84	16	0.4020568778977872
84	186	0.3879631081182711
84	49	0.37779926330913055
84	172	0.3536680348465389
84	184	0.3488817827146851
84	42	0.34191549677968003
84	46	0.33924580495765033
84	91	0.32738811602973583
84	153	0.317828728030641
84	117	0.3132725760585459
84	59	0.3057677943087297
84	151	0.30283689529683266
84	43	0.2773602057572901
84	164	0.26356900447239673
84	177	0.24312239594297666
84	54	0.2347210758809997
86	42	0.5400951999518774
86	187	0.5289023711577724
86	68	0.5198396484532726
86	147	0.4813423817576058
86	73	0.4750096772363472
86	91	0.4732887732427145
86	16	0.4503824952208869
86	46	0.441522180198167
86	159	0.4301983083912045
86	188	0.4173262380629029
86	186	0.402442447683729
86	117	0.3939777802585434
86	153	0.3898473380482461
86	75	0.38226535259651867
86	43	0.38081282562919216
86	49	0.36248165103157853
86	48	0.3113954862311398
86	160	0.3099499146717123
86	177	0.3011374329099812
86	172	0.27420031679354884
86	149	0.2708769767153668
86	151	0.2558475301334789
75	73	0.5791215780011094
75	186	0.4123920244790956
75	187	0.3857522229417076
75	184	0.3836648260390366
75	68	0.3782792316345373
75	16	0.32822710558812074
75	164	0.3117927662270832
75	159	0.2863723149377029
75	18	0.2783014718822851
75	91	0.2688650195490996
75	59	0.2672036179772196
75	188	0.2573701973121753
75	172	0.24850614526562645
75	177	0.2344092327521313
75	151	0.2317613552760353
42	48	0.4476120466481401
42	68	0.41626859999585497
42	187	0.37470031379513263
42	91	0.3549272759138039
42	73	0.3258158537529665
42	46	0.32358837961466536
42	186	0.3118108218199073
42	153	0.2929864189135562
42	117	0.29294071029607743
42	188	0.2784213988205472
42	147	0.2715162288422309
42	159	0.26868874534212683
42	149	0.2546509251040843
42	49	0.2533973932143702
42	54	0.2461496861855445
42	71	0.245924214390241
42	16	0.2347399739126126
42	44	0.23213983483875544
68	172	0.4830232050779261
68	187	0.3833577751741854
68	73	0.36189085270241145
68	54	0.3563423841525136
68	159	0.3547786824225571
68	134	0.33484927822759697
68	184	0.33484927822759697
68	186	0.3040535092168634
68	36	0.2917243700790337
68	91	0.2899759449304337
68	37	0.2891972263211027
68	150	0.28670275757976843
68	58	0.2759842618825099
68	2	0.2759565466724336
68	16	0.2719978258503803
68	35	0.2417952848695221
68	46	0.23910063856061906
68	151	0.2323952688187317
68	188	0.23225336500727525
58	161	0.6450181397325485
58	184	0.37791070263844573
58	59	0.33208511435259463
58	151	0.2973317227098231
58	16	0.26087772629173706
58	73	0.2366477589264825
58	153	0.23520292022715594
58	134	0.2345509856135813
58	164	0.2311461763508867
161	184	0.4677528939205202
161	164	0.3029640504790613
161	36	0.2737470969847717
161	73	0.2618839406385759
161	2	0.2509252602076536
161	153	0.2346832792854921
184	73	0.4873050343372284
184	187	0.3096154218382009
132	131	0.4944777347492612
132	128	0.3828458353922327
132	156	0.3338633698708645
132	122	0.3192843328291973
132	172	0.2823004762452882
132	126	0.26723147582069595
132	195	0.2533131702153276
147	43	0.5167899278500697
147	188	0.45618255872753705
147	49	0.4332087416825536
147	187	0.3972084028410184
147	16	0.38255563174575785
147	46	0.37588594751866106
147	52	0.3560018590047465
147	149	0.3536855331011876
147	153	0.3381480525025349
147	91	0.31302905318728924
147	48	0.294265715876124
147	177	0.27029310298510834
147	150	0.2630850618712975
147	164	0.2627313277496182
147	117	0.2618373691887172
147	73	0.2528264732824352
147	156	0.2418988509689307
147	186	0.2396285531149967
147	160	0.2299057928773046
49	188	0.3631763350773359
49	43	0.3355416405037983
49	150	0.2856377540903072
49	48	0.2578463526678948
49	187	0.2570807084443724
49	153	0.2519557155332076
49	16	0.2387989096018855
36	37	0.6060344891784151
36	134	0.4430585437971517
36	141	0.4390230873386945
36	2	0.33334791967134825
36	35	0.2897652706745281
36	164	0.2603650842415789
36	172	0.2373273214643493
36	54	0.2347777694434935
37	141	0.5176103322040491
37	35	0.4053547367329501
37	134	0.3975536590435522
37	2	0.356700270088345
37	172	0.3440331800521307
37	54	0.30941649786770264
37	131	0.2800533851624869
160	169	0.4829005254244967
160	159	0.29872582600537445
160	122	0.2516841053829911
160	131	0.2360907224919421
160	91	0.2352690467093702
160	43	0.2304645315852624
131	128	0.3237674261369189
131	169	0.3027278965585135
131	35	0.27327524926182395
131	126	0.2338610279403988
126	123	0.5881349918116602
126	128	0.5000853868881994
126	23	0.4542561161525958
126	188	0.2360623944561884
159	151	0.5729745129469751
159	54	0.4358774947076876
159	169	0.3985551065920976
159	46	0.35699697416509596
159	59	0.34384802203183223
159	172	0.3346983307231104
159	188	0.3324142701001417
159	16	0.3269237721696738
159	35	0.28851897122070824
159	187	0.2727199658984538
159	43	0.2699964560127989
159	186	0.2622285314496205
159	134	0.2510283313788071
159	117	0.2323101277186739
159	2	0.23036984079332304
151	46	0.5193943495919259
151	59	0.49597968345503
151	117	0.4035062143155607
151	18	0.3438921097007098
151	188	0.3192035053304568
151	172	0.31900590745049817
151	169	0.2943205193697584
151	186	0.29320580163306603
151	16	0.2833492876026724
151	43	0.2770370994439001
151	44	0.2615020187634314
151	134	0.2448340592026637
151	164	0.2350328707041495
151	153	0.23498563217157406
153	187	0.3464729947808178
153	117	0.3247964933798899
153	46	0.26199570714185344
153	48	0.26144612088480296
153	43	0.2532663780008226
153	16	0.2508315542052666
169	117	0.2750232003869623
169	134	0.2738766007745104
169	44	0.24471184799671264
169	172	0.2408064223833026
169	188	0.2307201749184495
54	134	0.3362779870627298
54	35	0.28693219151235233
54	59	0.2750232003869623
54	141	0.2400715149271899
187	186	0.5971783783191469
187	188	0.5271282211771549
187	73	0.5013965886124302
187	16	0.4308337399843504
187	91	0.40776704104547695
187	46	0.4031629126184526
187	117	0.36859826205470414
187	43	0.32551191312491806
187	195	0.29959990743622944
187	177	0.2927304334118358
187	71	0.2800718164612787
187	18	0.27778476436522026
187	59	0.26185599791500275
187	172	0.255137140187696
187	2	0.2432917490000202
44	149	0.6214475677884015
44	46	0.4967860396598137
44	164	0.4798658647462107
44	18	0.4628325236689307
44	136	0.4245340515135898
44	150	0.4022412986410592
44	43	0.4001940806954447
44	117	0.3792642432458117
44	195	0.3379266198142429
44	128	0.3367657012228865
149	150	0.45866555196030895
149	164	0.5162326836843877
149	43	0.5004527549950931
149	18	0.4630525152491989
149	136	0.4398461223986044
149	46	0.4085837659306285
149	117	0.38146242350876347
149	52	0.3356037578712137
149	16	0.3038538345415147
149	156	0.27885490837700705
149	23	0.26670210045969617
149	186	0.25556714600881725
149	2	0.2529200787929688
149	188	0.2460275589350677
149	48	0.2383745252400484
150	164	0.4144150209277233
150	52	0.3420921034590255
150	43	0.3349203064016165
150	156	0.3233734931959128
150	195	0.3110793902953462
150	172	0.27715711767870765
150	2	0.2665627643881162
150	141	0.2534441821095776
150	46	0.2491440437656712
150	35	0.2388554872960225
117	18	0.5968372800601692
117	46	0.571016606342695
117	16	0.5302407408260651
117	43	0.4634530676290516
117	186	0.4445923093276379
117	48	0.441634881374036
117	188	0.3882094309395116
117	21	0.33805062673064634
117	164	0.32276446725159724
117	122	0.32222686934640016
117	52	0.29024153763438953
117	73	0.2607192889886663
117	59	0.2361096076261825
18	16	0.4946816902922631
18	43	0.4532714342956977
18	164	0.4108305420079304
18	46	0.4100488952114287
18	186	0.4068662205613644
18	136	0.322477774258826
18	188	0.3158045679156956
18	177	0.3072989968403615
18	59	0.28922471703151603
18	52	0.2427554134799065
46	59	0.5294207625026223
46	16	0.5315334262101278
46	43	0.4888894963615755
46	188	0.4452259334153543
46	48	0.37317781420911
46	186	0.3594812163754456
46	128	0.3353996469926542
46	2	0.32070254707698165
46	52	0.30931702572509523
46	164	0.3039990551356995
46	134	0.2960640841756353
46	73	0.27784013357979154
91	177	0.350409063843714
91	73	0.3364021496126385
91	186	0.3363223321728495
91	71	0.2437997191422045
141	35	0.43749610313878257
141	164	0.3009919353014185
141	134	0.28759277726759497
141	2	0.2684567781756861
141	23	0.2589102468753952
141	20	0.23360577839421776
134	2	0.457670048518758
134	172	0.3983952752635867
134	59	0.3498738492805722
134	35	0.33214739326813764
2	172	0.3816760247389653
2	16	0.3317469782974954
2	35	0.3308033062280191
2	43	0.3248143834084329
2	164	0.28748269862184905
2	156	0.2806338718322359
2	59	0.2558381846891559
2	23	0.2451348536367909
43	16	0.5955868904407008
43	52	0.4955422352550512
43	164	0.4474441057387142
43	156	0.4072833656047717
43	48	0.3330723386612457
43	188	0.3305450163967014
43	122	0.2328776677461269
16	52	0.4499997778212159
16	172	0.3821031049063148
16	188	0.3756111273502825
16	59	0.33086564462647616
16	186	0.3266022108332005
16	48	0.31384063585477795
16	177	0.28559183288083195
16	73	0.2722663496448576
16	156	0.2651966819662629
16	122	0.25451064681088537
52	156	0.5691738820468014
52	122	0.5178518771861608
52	21	0.3151202005105196
52	48	0.2541178106230902
186	188	0.5567425308009497
186	73	0.457670048518758
186	59	0.3003825119107144
186	177	0.2677328405852211
188	59	0.3525739030656934
188	73	0.2519557155332076
188	48	0.2467320316433869
177	71	0.536736398800495
177	59	0.2508690371704269
177	195	0.24445799988048636
136	23	0.3288337116411961
136	123	0.3278344514408277
136	128	0.2345887846923346
123	23	0.4608815388637551
123	128	0.3342009704189794
128	25	0.2510095915891883
128	23	0.2446554402018739
73	59	0.2636248354722033
164	156	0.2801455395915097
164	195	0.2711086174398775
195	156	0.2580983842354792
156	122	0.3540354461963157
122	21	0.3499352789562585
23	25	0.5524842721620642
23	20	0.469228069695637
23	21	0.2541178106230902
25	20	0.34755487962782905
20	21	0.2395908496273623
172	35	0.459691453357943
