11	176	0.8819549443027442
11	70	0.7698665359089004
11	9	0.763268942359885
11	12	0.7532692919867149
11	112	0.7369541458368534
11	3	0.7266062519176326
11	109	0.702915385919943
11	108	0.6676660455154606
11	139	0.6255794545951977
11	103	0.6092576898304343
11	102	0.5673728902837107
11	113	0.5668776810223491
11	106	0.5626552667449419
11	111	0.5382226297535558
11	5	0.5305713287569139
11	0	0.5242553449262093
11	6	0.512445102859754
11	110	0.4904023867385348
11	105	0.4756753597290133
11	8	0.4715020366204608
11	95	0.4603536918497458
11	1	0.4447768281222395
11	156	0.4143984555866184
11	104	0.4068912540521554
11	10	0.4063988165825281
11	52	0.3932002996846621
11	71	0.3804793332960025
11	20	0.37869903715034975
11	13	0.3461561709499805
11	96	0.34546064192776244
11	4	0.33743047484038624
11	7	0.3312574198533004
11	197	0.32103445313211265
11	135	0.3142282302682252
11	199	0.310718053507673
11	177	0.3100674209728629
11	148	0.30330913159249057
11	77	0.3023463386228209
11	131	0.3011010598220087
11	179	0.29463103593155715
11	78	0.2518714269735396
11	173	0.25079407048794605
11	87	0.24525703789985104
11	186	0.2429342084948509
11	157	0.22835189332429426
11	47	0.2255063862916095
11	114	0.21624163936474294
11	129	0.21484947108061567
11	151	0.21443928213742589
11	153	0.21320826191262585
11	83	0.21248269238212444
11	98	0.1973849306357648
11	118	0.19670249728767225
11	188	0.19484647029165414
11	43	0.19241132687710708
11	130	0.18145807780579867
11	76	0.17989096029866294
11	149	0.1786327357461491
11	154	0.17853592498254267
11	191	0.17488365305130366
11	38	0.17078972170783652
11	152	0.16936224297165636
11	101	0.16364527500367582
11	198	0.1629250049465063
11	119	0.1620390293818589
11	107	0.15714689941020893
11	143	0.15587874474444935
11	147	0.14896325935116092
11	168	0.14363971176099075
176	12	0.7656792838722919
176	139	0.7212042415301082
176	106	0.6360012953605568
176	112	0.7346934405605444
176	9	0.7264221028351349
176	70	0.7181770218602613
176	3	0.6939785460448302
176	113	0.6837218603808454
176	109	0.6789912326712513
176	103	0.6322886099745512
176	108	0.6279534584992775
176	102	0.6258106867469916
176	110	0.6038406789727762
176	5	0.5555683564378242
176	111	0.5541079111785436
176	8	0.5452523993234124
176	0	0.5252480954587161
176	6	0.5003103275163411
176	95	0.475450946222269
176	105	0.4707161999710976
176	104	0.4677450818116768
176	13	0.4590602743603542
176	10	0.4537083250888488
176	156	0.451354490501421
176	1	0.4494094311956736
176	4	0.3984878121404367
176	71	0.385113641894026
176	96	0.3821287245291437
176	199	0.3783906237830349
176	197	0.3719118353122916
176	20	0.3486270553141085
176	177	0.3455398985883824
176	52	0.3420038031393605
176	135	0.3406785741853114
176	148	0.3302064926950017
176	114	0.3224060917628892
176	131	0.31653359792379704
176	7	0.31028433079376605
176	77	0.29959080501000424
176	118	0.2933794577247502
176	179	0.26275925669695804
176	83	0.2517496700855493
176	198	0.24974422142117844
176	87	0.2453698164583847
176	143	0.2378085378063454
176	186	0.2319884514417756
176	173	0.23026567588312344
176	147	0.2301425650951461
176	78	0.2106295196542075
176	188	0.20385363102486545
176	107	0.2034222918217495
176	129	0.20315386311560413
176	98	0.20093816440830733
176	119	0.20024713537782102
176	101	0.19916220211591235
176	100	0.1978750112451365
176	43	0.18040376015765
176	130	0.1780518193460157
176	149	0.17767415709586262
176	191	0.1756203109371122
176	151	0.17182832054465194
176	117	0.17018774290166402
176	157	0.1677882798876294
176	14	0.1617371537882676
176	142	0.1602078361931272
176	153	0.15319442083473847
176	47	0.1517195182571438
176	154	0.14794617980481034
176	76	0.1458915094172918
176	75	0.14318917291247002
70	71	0.5603820774955467
70	139	0.6102941752978814
70	95	0.49170005167078396
70	177	0.4570215640308399
70	96	0.4565467551150626
70	12	0.4506933312941477
70	9	0.4462676359263426
70	199	0.4270965208841832
70	112	0.42035241805411255
70	156	0.4027524763333983
70	98	0.3790929985319365
70	109	0.3656738523943108
70	148	0.35756400206181543
70	135	0.3544377237498105
70	3	0.3522673731771493
70	52	0.34934718581055274
70	0	0.342462898818789
70	106	0.3375456680743797
70	5	0.3307854947267277
70	78	0.32628950925225186
70	38	0.3106186701392165
70	10	0.3103295162744142
70	102	0.2900400576055449
70	142	0.2873726123808715
70	131	0.284204395281114
70	113	0.2827697649245549
70	108	0.2780246842942464
70	151	0.2778955009483389
70	77	0.27781244920323983
70	7	0.27562392836868577
70	197	0.2709325733515183
70	110	0.26166970187366834
70	104	0.2408817819127323
70	8	0.2384594094014537
70	186	0.23173296647843505
70	1	0.2314869137027749
70	164	0.23057815477434496
70	179	0.2271003476597507
70	147	0.22308467443853036
70	6	0.22115482968338493
70	173	0.21968965240025232
70	103	0.2140481012910304
70	188	0.20279910691793526
70	152	0.20277992938970948
70	149	0.19314308291940474
70	13	0.18889400300895925
70	114	0.17991998931926456
70	130	0.17889410752696194
70	154	0.17533924095327608
70	153	0.17087709514296331
70	157	0.16854622127109092
70	129	0.1654257328307897
70	87	0.15634704654143125
70	83	0.15626900111734104
70	198	0.15294051254510269
70	20	0.15160227838066365
70	105	0.15026348821167862
70	111	0.15007777294374988
70	122	0.14977474108992864
70	4	0.1477701149710317
70	143	0.14431540835143353
12	3	0.8245924816001714
12	111	0.8490111125023929
12	113	0.8377561243079455
12	20	0.5437539106445918
12	108	0.8158904046028747
12	103	0.8097147064290703
12	112	0.8034960894676273
12	9	0.7981520343113795
12	8	0.7672880391461957
12	102	0.7640608919040678
12	109	0.7549041154833847
12	6	0.7091937974133865
12	105	0.7027534583153446
12	110	0.6613166135548297
12	4	0.6373214444652017
12	1	0.6243545288096745
12	106	0.6056990386988067
12	5	0.5782702360937517
12	13	0.5683823872474693
12	0	0.5586372289869029
12	104	0.4992525196975672
12	139	0.4585313050890059
12	107	0.4482914849158092
12	156	0.3399712310676225
12	10	0.3168934749318921
12	95	0.299062771013878
12	77	0.27083064480471875
12	87	0.26090568435727723
12	191	0.2535190418753205
12	52	0.2466850748989113
12	179	0.243837341243172
12	188	0.2386763190363915
12	76	0.22552536914338675
12	135	0.22154474142881814
12	7	0.21939459401355416
12	197	0.21858535718728814
12	83	0.21153719120302614
12	173	0.20525254147614186
12	118	0.2011396769114768
12	186	0.19873001292323525
12	199	0.1964910003505864
12	43	0.19340299721128448
12	96	0.19339337123986125
12	47	0.189385758310984
12	82	0.18432872899279112
12	71	0.18205759551975406
12	157	0.17409831525203973
12	129	0.17229411010524134
12	131	0.16951764938803845
12	119	0.16950793673390865
12	75	0.16477399569383402
12	184	0.1646377936185174
12	148	0.1622240349208521
12	160	0.15867774907786347
12	198	0.15529326896660672
12	190	0.15269635091473255
12	130	0.15194421608543032
12	17	0.15067397905251825
139	10	0.6195904031405777
139	114	0.613864952341044
139	110	0.5402014359206984
139	142	0.5091043394865447
139	113	0.4984863679500073
139	13	0.4881357546066165
139	156	0.4782015281285938
139	143	0.4665489685027294
139	38	0.4499200242125751
139	104	0.4419326673944252
139	102	0.4125082083650139
139	0	0.4029116443356081
139	112	0.3988074225640853
139	9	0.3833321837753869
139	131	0.3811462189185335
139	3	0.37655554467145896
139	148	0.3743392251269153
139	8	0.3585665595517101
139	52	0.3548398701489451
139	109	0.3431777029013955
139	106	0.34035147586878073
139	39	0.3314532646524257
139	36	0.321841462935976
139	95	0.3217428534573448
139	111	0.3190238720404999
139	134	0.3102391439110614
139	135	0.3033817701154369
139	127	0.301955595569465
139	1	0.2983250376842908
139	130	0.2973864173648103
139	149	0.2903605819224893
139	197	0.28972862880632955
139	105	0.2812509896086003
139	108	0.27693553880033395
139	100	0.2715440169839989
139	103	0.26655347492042786
139	141	0.2653826062464583
139	5	0.2642481615855913
139	4	0.249594194975722
139	6	0.24731419896123816
139	152	0.2412585359782195
139	154	0.23652503543271725
139	153	0.2340689852220753
139	45	0.2316856509386336
139	7	0.22623710235541974
139	43	0.22177294959305094
139	77	0.21660384061486584
139	164	0.21617491158606086
139	144	0.2082774430681736
139	129	0.20522380515737787
139	119	0.2045819352591806
139	71	0.20025673436944666
139	157	0.19392274433117526
139	20	0.17675399175835305
139	26	0.17223589061908134
139	173	0.16284712749619665
139	2	0.16255506899277206
139	177	0.1581220506951634
139	122	0.15490289113796174
139	125	0.15420008920794095
139	145	0.15111373301448555
139	14	0.1502439397352506
139	53	0.1496769828733902
106	5	0.6459107041312383
106	103	0.6331940635809746
106	109	0.6300686615792479
106	3	0.6260539702279969
106	9	0.6190726032751869
106	108	0.5792744198257103
106	112	0.5648655074598824
106	113	0.5500548814065666
106	111	0.5479101267086837
106	102	0.4664316104816217
106	8	0.44931366229182107
106	105	0.4466039278573549
106	6	0.4352697880501856
106	110	0.4193309894038763
106	83	0.4039916666352743
106	96	0.39443386519773066
106	198	0.3940622550810079
106	95	0.3880055815256669
106	4	0.3651019679178111
106	190	0.3634106998867904
106	197	0.3586275581221331
106	0	0.3558184601344304
106	199	0.3557747896963581
106	160	0.35352803989847503
106	191	0.3456719820681475
106	87	0.33733299574840225
106	107	0.3117747104090736
106	188	0.30391737028932675
106	170	0.30230090860150266
106	13	0.29155967999232985
106	55	0.2903422680014896
106	1	0.28767533126609984
106	104	0.2844249949167945
106	75	0.2746626604607653
106	179	0.26921751392671783
106	184	0.2535845416795107
106	101	0.2474174680769997
106	20	0.24155988688484184
106	71	0.2352501536509605
106	177	0.2277262145452285
106	73	0.21663243291234816
106	192	0.213370528209954
106	156	0.20367151967103286
106	173	0.2017153330682452
106	59	0.2003623207395762
106	117	0.19933505611247335
106	194	0.1930564387960577
106	118	0.1928157448813348
106	120	0.19139036247350294
106	159	0.18457022358907896
106	58	0.18172884447201876
106	119	0.17552339348472928
106	193	0.17532954837477568
106	99	0.1750193679267185
106	85	0.1722844069411275
106	82	0.15762476195308453
106	16	0.1573322017971181
3	9	0.8627493494598499
3	0	0.5931552176734057
3	108	0.8415319368664326
3	103	0.8347493886579038
3	109	0.8105395708996508
3	112	0.7854341113714842
3	111	0.7660927024227149
3	6	0.7254903180793405
3	113	0.7023128493483282
3	102	0.6964946004035929
3	105	0.6589864754519849
3	8	0.6201507450862627
3	1	0.6069827097825549
3	5	0.5961157585627561
3	110	0.5370211032760899
3	4	0.5148817549828405
3	13	0.4443274990515878
3	104	0.4140836619411674
3	20	0.40355644406352015
3	107	0.3627161519794814
3	10	0.3207832882351799
3	95	0.3058040541074657
3	156	0.2847282702396365
3	179	0.2483091035995387
3	197	0.2477929447357768
3	55	0.2420871388462759
3	191	0.23725182597174
3	75	0.22558231667120404
3	87	0.22121189435858726
3	190	0.2152500475863348
3	83	0.21256862733800969
3	47	0.20936773109956924
3	188	0.208669623964151
3	17	0.2078851951868837
3	101	0.20779908303888053
3	129	0.2025497869216858
3	131	0.19902775154953006
3	7	0.18905793198275272
3	160	0.18121629860113853
3	118	0.18026831310994804
3	52	0.17590135229268036
3	130	0.16771053107671752
3	186	0.1666509960448144
3	76	0.16129889342861972
3	119	0.16088979301781747
3	48	0.15909689364313367
3	96	0.15767351929049667
3	135	0.15649337644875214
3	157	0.15453198738743004
3	192	0.15185629271734966
3	16	0.1505567012503512
3	173	0.15052738113753858
3	198	0.14718316460535907
3	124	0.1469972753571893
9	108	0.8530097186822809
9	109	0.8118390594498183
9	112	0.7886687312168386
9	103	0.7778485744896865
9	6	0.6993923247451763
9	111	0.6944499865280211
9	113	0.6453917144891729
9	102	0.6314475704732792
9	5	0.6078283279537419
9	8	0.5813238680196278
9	105	0.5707402262384884
9	1	0.5504801768257036
9	0	0.5365156687288251
9	110	0.5014415033488262
9	4	0.4474121134152505
9	13	0.3859224488509325
9	104	0.38273488409219397
9	95	0.3746573330061805
9	20	0.36606361541639
9	107	0.3318270708607524
9	156	0.32684338892851633
9	10	0.32630737983875274
9	197	0.3011374329099812
9	191	0.2714791772823477
9	83	0.2707935783727161
9	179	0.2697275754122771
9	87	0.2661725641227487
9	75	0.2649549509169119
9	7	0.2496879629087997
9	173	0.2342107619997036
9	190	0.2323763488820156
9	131	0.2191280551635156
9	160	0.2189471708845628
9	96	0.21738522952973108
9	186	0.2129218809324643
9	47	0.21068685704184892
9	119	0.2025401971664239
9	52	0.19516392136973235
9	188	0.18633728368168512
9	77	0.18485032939990464
9	118	0.1805295262902444
9	170	0.17970710256069325
9	154	0.178613373870064
9	199	0.17759668144328214
9	130	0.1759788758987353
9	129	0.17403043614055203
9	101	0.17348734376105904
9	157	0.16845877664944905
9	71	0.16302234890448164
9	148	0.16248691790793393
9	55	0.16098720289771748
9	135	0.15911638734467198
9	76	0.15685429416878344
9	192	0.15323348185413746
9	153	0.14988227174586602
9	16	0.14795596090961805
9	17	0.14790705509618188
9	198	0.14771142461115394
9	117	0.14388454487225202
0	101	0.3660982548063415
0	102	0.5831218308096746
0	1	0.5610813689110151
0	8	0.5403642976368408
0	111	0.5089413424232879
0	113	0.5045415435610957
0	5	0.5038255766778176
0	103	0.4957157361926801
0	13	0.4872669067180957
0	109	0.48698470459730603
0	112	0.4854575274147069
0	108	0.4562063153266029
0	6	0.4495450861281197
0	110	0.4396121973040617
0	10	0.4225810272859019
0	105	0.3689438652092672
0	104	0.3543590275886646
0	4	0.3503301121401239
0	95	0.34114697676466843
0	20	0.33482264168120196
0	114	0.327727344279038
0	156	0.3167585317396797
0	77	0.2903239538677965
0	197	0.2615579148879983
0	148	0.2576876481188568
0	131	0.2565576438707222
0	52	0.25044731046293034
0	107	0.2461121094023044
0	135	0.23919491939450802
0	7	0.21438204045334608
0	100	0.20433280399291864
0	71	0.19517354046139698
0	75	0.19277723170077646
0	191	0.1833528644970922
0	186	0.18043278363506254
0	87	0.18003610226747555
0	43	0.1790393031644202
0	99	0.17011976956274735
0	116	0.15498097057776208
0	188	0.15312606289894656
0	78	0.15305770349770548
0	83	0.14737882626634113
0	129	0.14511823507766264
0	17	0.142885515416417
108	103	0.8450558360472592
108	6	0.7302206919998631
108	109	0.8108138134967686
108	112	0.8093700653888394
108	111	0.7915243722661831
108	105	0.7213433731151238
108	113	0.6764337055320244
108	102	0.6507796868607967
108	8	0.5678880149435911
108	1	0.5277129014352344
108	5	0.4858472396990791
108	110	0.4840728731711729
108	4	0.4615113770704557
108	104	0.400059696940214
108	20	0.38685822147409604
108	107	0.34629699129429603
108	13	0.3139037397522252
108	129	0.2488438831267355
108	10	0.2274133045870141
108	179	0.22391121672002368
108	119	0.21847108773752646
108	47	0.21700409894440129
108	117	0.21331325909578872
108	16	0.21109773254387196
108	75	0.209214739551328
108	191	0.20890872573285935
108	124	0.20510885634432607
108	173	0.20416989615774134
108	87	0.20363317864221128
108	118	0.20207984326160192
108	7	0.19091826707029166
108	48	0.19076409432765656
108	130	0.1885371800360239
108	157	0.188016322042917
108	186	0.18773655833655103
108	17	0.18520766217557494
108	190	0.1790489825963691
108	120	0.17656992155387527
108	83	0.16414157585405326
108	156	0.16342142593078626
108	154	0.16300288036673294
108	14	0.1629250049465063
108	95	0.1598570559353723
108	131	0.15813180065391708
108	52	0.1553323040841348
108	82	0.15111373301448555
108	160	0.1450105498823543
109	103	0.7694181202789785
109	112	0.7597358397591873
109	111	0.6894569799542328
109	6	0.6682420362892675
109	102	0.6320544699148841
109	105	0.6182887160149795
109	113	0.6179055833749248
109	5	0.528080777133402
109	8	0.5236241711957735
109	1	0.4743667002657396
109	110	0.4631467798949833
109	20	0.4234677615441082
109	4	0.4140505200034072
109	104	0.4105478883267256
109	13	0.3696606662955835
109	95	0.32825387333355044
109	10	0.3248680520994066
109	156	0.28037590307204685
109	107	0.2596005089578206
109	197	0.2578836928930899
109	7	0.2555577991305913
109	191	0.25338803529304665
109	179	0.2495660636829532
109	83	0.2346832792854921
109	47	0.2247184470918441
109	190	0.22238138587741552
109	87	0.2174614476970308
109	119	0.2138572564415127
109	75	0.20638255550970372
109	96	0.20189759515632796
109	118	0.20063106503892794
109	101	0.1966448181193496
109	135	0.1932393506346916
109	186	0.1913132917152872
109	52	0.1869935897437729
109	173	0.1817868623169633
109	160	0.17816801256880352
109	77	0.17776131457237154
109	131	0.17372980877524358
109	55	0.16962448640974392
109	129	0.1649393754798502
109	157	0.1609092752446151
109	117	0.14923703471017646
109	188	0.1473299119318566
109	148	0.1450692876876531
109	198	0.14463852006256614
109	130	0.14384537275731255
109	17	0.14342424407622428
103	112	0.8100931674900005
103	111	0.7690098104979513
103	102	0.7487833758502226
103	113	0.7454921169156353
103	105	0.7099137705667682
103	6	0.6794490935800339
103	8	0.6542651444860642
103	1	0.5914868892301998
103	4	0.5883115700198569
103	110	0.5592491773297725
103	5	0.5538445292526054
103	104	0.4991248818891343
103	107	0.4599674482599973
103	13	0.4355291247869861
103	20	0.3955310504862859
103	160	0.2647689812898799
103	95	0.2640993276287497
103	87	0.25049417368328697
103	83	0.2386951796186521
103	190	0.2217063913867849
103	191	0.2213165089953024
103	124	0.21946122361102144
103	118	0.2173757020724004
103	10	0.21387634166135727
103	197	0.2088609073762
103	75	0.2029237570588616
103	129	0.20065985728089306
103	179	0.19952710156071565
103	16	0.19026296795106276
103	55	0.18686813235305366
103	156	0.18449294774161304
103	198	0.178797306105735
103	130	0.17342914902687254
103	73	0.17205152097622
103	96	0.1681575582202261
103	17	0.1663884828289198
103	192	0.16294447399191908
103	119	0.15924309337981354
103	82	0.15645435581158898
103	7	0.15142641056855588
103	101	0.15045896651124413
6	111	0.7210554502921045
6	112	0.6720871380382535
6	8	0.6180168456830013
6	1	0.6005710983572599
6	102	0.5941330731004274
6	113	0.5746580557183192
6	105	0.574182326332745
6	4	0.5406828230530748
6	110	0.4511792917001001
6	107	0.4249110724462027
6	20	0.4088752949859868
6	104	0.4058643800498935
6	5	0.39647541355418336
6	13	0.3562987323695382
6	156	0.29776011192057456
6	10	0.2868587762338945
6	75	0.2616976475232977
6	131	0.2444956091241629
6	7	0.22745123556950936
6	47	0.22183950573283565
6	186	0.20742589319285884
6	43	0.20038151776145505
6	83	0.1999399473568522
6	135	0.19591409763403084
6	191	0.1946925399176389
6	16	0.19371100862807936
6	118	0.1876690246002363
6	55	0.18609595284030192
6	14	0.1855359788500604
6	76	0.18475374457928087
6	87	0.1739625553752198
6	17	0.1732836568935371
6	82	0.1724978688252172
6	95	0.17137216047578618
6	170	0.16946908578813227
6	129	0.16868224096459886
6	173	0.1684296278529296
6	77	0.1607339306909619
6	190	0.155117604938094
6	126	0.1550395288870919
6	124	0.15239356460620945
6	160	0.1512016766357666
6	101	0.14883614159705602
6	120	0.14855255350178334
6	130	0.1481124546489946
6	157	0.14432520006793134
193	194	0.8499853440154178
193	88	0.7130296729397326
193	160	0.6960876092846675
193	190	0.6902850227783535
193	198	0.6797020367829943
193	195	0.6107395363680606
193	90	0.6911426019752391
193	191	0.611171982143251
193	85	0.60907530414124
193	199	0.5512115739599781
193	74	0.5451399575435426
193	189	0.5344615056879176
193	97	0.5262104947811951
193	180	0.5215452248062769
193	183	0.5175737272795254
193	83	0.5058151421927759
193	87	0.5056960683903903
193	55	0.4768814871448075
193	170	0.4743434506478709
193	185	0.4673231194216839
193	96	0.4647711950003624
193	169	0.4575040195574326
193	182	0.4475000895492057
193	184	0.4379972973658776
193	73	0.4334930141338324
193	181	0.428526230815682
193	91	0.4246979917595816
193	175	0.41258289092019
193	84	0.3836221851560188
193	187	0.3795724182639494
193	161	0.3723856632150161
193	81	0.36849456122978336
193	98	0.36834763602828696
193	162	0.35444646745781905
193	93	0.3504704672816296
193	63	0.3462089804074169
193	64	0.34274533798930706
193	72	0.337793742239866
193	79	0.33743047484038624
193	196	0.3299569998057426
193	68	0.3252615585548741
193	66	0.3206307732455869
193	107	0.31724426718519705
193	82	0.2934068753382426
193	188	0.2762244411414873
193	197	0.2730439033018274
193	177	0.2616324403249945
193	179	0.2568845768617472
193	163	0.2568378757462378
193	121	0.2562213086779469
193	159	0.2470888650258988
193	99	0.24297184744789305
193	166	0.2425107198908411
193	167	0.2414657197283501
193	57	0.2396756814581193
193	76	0.2322722860868719
193	89	0.2282950212203825
193	65	0.2270055029629313
193	192	0.2263509572767105
193	75	0.22416766442707936
193	86	0.22209620290439094
193	171	0.2189090880656036
193	172	0.21841395076559905
193	147	0.21403855943650324
193	67	0.20795216907436628
193	178	0.2048022985196623
193	61	0.19303718413748674
193	58	0.18981958117530548
193	69	0.1886818440035201
193	92	0.17782910179281752
193	19	0.17726738536975678
193	173	0.16930396339366535
193	5	0.16574668462610553
193	8	0.1650561085691139
193	95	0.14910014988806494
193	168	0.14617532494508478
193	30	0.1450399189127936
194	180	0.6104384894728012
194	189	0.5848877835435268
194	88	0.7031227492308875
194	90	0.7003259849107726
194	190	0.664567537690891
194	198	0.6167420308331296
194	191	0.5995023724939714
194	160	0.5813371091168881
194	87	0.5467053459768225
194	199	0.5437046055500575
194	74	0.5286142052957847
194	83	0.514131766650568
194	85	0.5041538141987192
194	73	0.4955573238633698
194	183	0.4925639504558681
194	96	0.4924730593933798
194	195	0.4812655471083322
194	97	0.48070443013882
194	184	0.4768660353164914
194	182	0.4320301233864443
194	91	0.4316152235193351
194	55	0.4124750143381979
194	188	0.4065574239339872
194	187	0.4006307090361735
194	170	0.39736841360524056
194	185	0.3909746182327281
194	81	0.3726526443508082
194	63	0.3716963948888803
194	169	0.3656825151889697
194	64	0.3612388996147107
194	179	0.3593418846418802
194	161	0.3502687018173753
194	76	0.34817896150205435
194	84	0.33998891933859104
194	86	0.3351866281511663
194	98	0.3307053400546007
194	82	0.3242686330169404
194	68	0.31944597389041485
194	175	0.3153453575827509
194	181	0.3121357839723538
194	75	0.306755556310412
194	79	0.3040535092168634
194	177	0.3019192422176683
194	89	0.28461799489488965
194	107	0.2828985656011884
194	162	0.274930761621065
194	192	0.26631193138225856
194	93	0.2635503937466973
194	163	0.25677249216944537
194	66	0.25403362052539
194	58	0.2394306017437268
194	57	0.22508872025387866
194	5	0.224708952054312
194	173	0.22393971244161065
194	72	0.21350415044001134
194	159	0.20689949721809348
194	121	0.2050130613441002
194	147	0.20034312356384235
194	94	0.19978633860136652
194	8	0.18151610155195635
194	95	0.17735455584346566
194	67	0.17657960976739653
194	69	0.1746800682788721
194	99	0.17154686876954506
194	168	0.16276924801672152
194	80	0.16153264021546312
194	167	0.15813180065391708
194	196	0.1581220506951634
194	197	0.15579093034920632
194	19	0.1554103728638646
194	71	0.15155342717294715
194	61	0.1492956978832713
194	65	0.1469287872264987
194	178	0.14356136145016424
88	90	0.830919709613573
88	74	0.6326845840079804
88	87	0.6120295258478766
88	190	0.6068816484502164
88	85	0.5933366742602949
88	191	0.5831746258611209
88	83	0.5521437470500644
88	96	0.5489030616858666
88	97	0.5418635515098149
88	91	0.5305569587231274
88	73	0.5036390132357746
88	183	0.5027279096215634
88	198	0.4897413350833782
88	63	0.4878767256416306
88	89	0.4784714460957311
88	82	0.47829408161286296
88	189	0.4781475336903719
88	64	0.4627617999781784
88	81	0.4615113770704557
88	98	0.4488985443787027
88	180	0.4330950085594129
88	93	0.41981712437269053
88	199	0.4173757871508168
88	68	0.4151270707435888
88	76	0.4115202178380202
88	84	0.4066325451805792
88	179	0.4020401107576238
88	160	0.3970567914155679
88	55	0.3827690241298525
88	195	0.3748550312998476
88	181	0.3694275382653331
88	80	0.3619516836120727
88	79	0.3589673512269053
88	66	0.3571714723357931
88	184	0.3550408941325028
88	182	0.3496456555722779
88	162	0.34231282782559924
88	170	0.3357457294654425
88	169	0.3326722004467698
88	58	0.33130193254209506
88	188	0.3183500431144067
88	94	0.3175050564467878
88	192	0.3154444154498328
88	173	0.31494905740650186
88	72	0.3143093414298759
88	185	0.30902761373572496
88	161	0.30354519389958945
88	187	0.3021555233050208
88	177	0.2959454746236718
88	86	0.2795740989555511
88	61	0.2573795348939581
88	69	0.2563614558867375
88	50	0.2519088890274657
88	163	0.2514218234753257
88	75	0.25059726863574044
88	67	0.24100423495319914
88	71	0.23557131145493185
88	65	0.23291549811338744
88	57	0.2328871254040205
88	92	0.2237212354613644
88	178	0.22101216137049087
88	107	0.21497346677828488
88	60	0.19199721215111945
88	99	0.16880853921353786
88	167	0.16499774260230296
88	78	0.14844497920909594
88	159	0.1477407699211572
88	95	0.14368867979092256
88	5	0.14286592368584244
160	190	0.6029249412782459
160	85	0.5859657149084361
160	198	0.5700655858247932
160	170	0.5357817479502418
160	199	0.4997778588630333
160	191	0.4932679918443455
160	83	0.4928517012692506
160	184	0.4400396704566278
160	96	0.4269329892052315
160	87	0.4163926003202073
160	195	0.4099157888951831
160	90	0.4000176984882104
160	74	0.3990849004072427
160	73	0.39692200750931694
160	55	0.3900593221467248
160	197	0.3856841252225456
160	107	0.3799831872864993
160	187	0.368537771021536
160	161	0.3645384789125905
160	189	0.3642696439147932
160	97	0.3582789536232311
160	181	0.3452316505593025
160	98	0.34499380831618914
160	169	0.32317648467502025
160	75	0.3184758489615501
160	183	0.3158045679156956
160	185	0.30948883699138263
160	79	0.2973499544783364
160	182	0.2941378335321805
160	95	0.2937267118223309
160	180	0.2930686910501683
160	8	0.2835332198130508
160	175	0.27426505254394257
160	99	0.2553334597245813
160	66	0.2449844623149243
160	159	0.2396285531149967
160	188	0.2393646135287763
160	147	0.2332843072377461
160	58	0.2305402810764696
160	5	0.2301709759309732
160	163	0.2233412219512736
160	84	0.22260950486258735
160	162	0.22174442490051444
160	177	0.2149543909680999
160	172	0.20416989615774134
160	4	0.20184004021752056
160	63	0.2011972487864307
160	110	0.196798626209228
160	158	0.185854599542528
160	113	0.1807520211386681
160	76	0.18062626545250812
160	179	0.17588197105021391
160	173	0.17585289893085704
160	192	0.1756493855091125
160	81	0.1730702547512414
160	111	0.1728665375459312
160	196	0.1696050617931765
160	121	0.1684296278529296
160	13	0.15818054998511658
160	64	0.15407317776136412
160	166	0.14875791284152529
160	57	0.14401185113117956
160	101	0.1433067105155837
190	191	0.7368993131575843
190	55	0.6143756943873591
190	83	0.7207624732513629
190	87	0.6745306768009312
190	198	0.5787758724624852
190	85	0.5451188725259198
190	90	0.5232974762611089
190	73	0.4915787251573489
190	179	0.4650768947906415
190	96	0.44593121790769263
190	180	0.4204923697054199
190	184	0.4155987307108077
190	195	0.4115617495389444
190	199	0.4079421085201366
190	170	0.4053296658019567
190	97	0.3789645479539231
190	74	0.3693498185850244
190	89	0.3609693224332036
190	161	0.3597685374546347
190	82	0.3473438526840989
190	107	0.3368898178110734
190	189	0.3325654766819525
190	192	0.3307498710171353
190	75	0.32903882585415195
190	99	0.3170194103375105
190	173	0.31191012355479125
190	197	0.3100583823628929
190	169	0.2964837061846435
190	188	0.28686795332799386
190	5	0.28019161486991445
190	181	0.2607938494695467
190	98	0.25905951516803705
190	159	0.2548285955578021
190	79	0.2473517520172017
190	183	0.23655335690897505
190	8	0.2288352432522493
190	185	0.22688219841960935
190	187	0.2259524380114135
190	64	0.2250602400095293
190	168	0.2223338580230288
190	163	0.22003225041435234
190	93	0.206133616534778
190	162	0.2038344620727724
190	95	0.1948657109137326
190	76	0.1918431054870623
190	58	0.1854394194188022
190	101	0.18514971964444807
190	177	0.18285996376788768
190	111	0.1822606273111406
190	110	0.1616787227557245
190	72	0.16123071387223245
190	182	0.15431723371963396
190	13	0.1509769270715662
190	91	0.14796574198548235
198	199	0.8176878114796401
198	85	0.6426880429103056
198	197	0.5636385927844769
198	97	0.5535810364401299
198	96	0.7387400200092471
198	98	0.608918023377088
198	181	0.5952835257031205
198	90	0.5222582908866277
198	183	0.515520828747541
198	177	0.503930031679701
198	79	0.4985089129530782
198	83	0.4851746741557559
198	185	0.482770157519416
198	95	0.4808658877203153
198	191	0.4715798015365162
198	184	0.4524606238023182
198	195	0.4479398402896109
198	87	0.4329081313434036
198	99	0.42260566973175295
198	182	0.3968546091357125
198	5	0.37728478611942
198	55	0.3645037939389529
198	81	0.3598730009361474
198	74	0.35018096756095857
198	166	0.3335790082203476
198	147	0.31838598878665725
198	71	0.3033182116006567
198	161	0.3029822146246795
198	93	0.3003461206596205
198	63	0.2973226067442521
198	73	0.2902506952063084
198	188	0.27439451658738545
198	107	0.25821972024276124
198	121	0.25272350175393354
198	170	0.24858120334893594
198	196	0.23938346753015
198	163	0.2270624102978637
198	68	0.21986095818645573
198	61	0.2179282260757801
198	8	0.21463007711094975
198	187	0.21179509451112016
198	72	0.20739718377925012
198	78	0.206889925272309
198	159	0.2033647739575222
198	101	0.2019071875105716
198	180	0.19763478799661546
198	192	0.19651984191916788
198	189	0.1889422185063195
198	135	0.18388432079917869
198	112	0.1820962694393748
198	102	0.1817868623169633
198	69	0.17958129792591612
198	179	0.1752423136390248
198	19	0.1728665375459312
198	162	0.16855593717642775
198	169	0.16793405328164587
198	110	0.16718567207857427
198	91	0.16232140167725415
198	82	0.16211692784012205
198	13	0.1619319157042401
198	75	0.1572346756052143
198	167	0.15562505199598245
198	32	0.15561529417236525
198	175	0.15549819792066485
198	64	0.14550000032403934
198	58	0.14295408559153094
195	196	0.6709615761381305
195	175	0.5492662848015158
195	93	0.5204742583478855
195	181	0.5128505585523946
195	166	0.4628796695229382
195	85	0.42815879561417775
195	183	0.4162107278779392
195	79	0.4149118534454462
195	97	0.41310551348283214
195	90	0.4102485219388319
195	180	0.3773190918492871
195	171	0.3693757257192981
195	98	0.3566566310642128
195	199	0.3565344335167995
195	182	0.35647333016807764
195	174	0.35402669957632144
195	197	0.353142972138132
195	91	0.3505143250356288
195	141	0.31939209560162146
195	185	0.3190328542495348
195	74	0.3103295162744142
195	92	0.3038084502096807
195	99	0.2900583750345864
195	167	0.28974694984659755
195	169	0.284572044611165
195	41	0.2745054778511053
195	178	0.2686701891152499
195	57	0.2650107379624208
195	170	0.26290820364542
195	81	0.2608963650507243
195	69	0.2586023419693188
195	32	0.2544451799415049
195	30	0.25379973894690583
195	191	0.2456423372183377
195	65	0.23851599681836175
195	72	0.2351084500468729
195	96	0.23269796387852165
195	189	0.23209252873485925
195	55	0.22963110300603884
195	83	0.2274133045870141
195	66	0.22422464859206406
195	162	0.22030819268346472
195	61	0.21951833306523413
195	192	0.1971062133244892
195	37	0.19464443470864773
195	172	0.1910531604940456
195	67	0.18949181073502655
195	87	0.1870225405832774
195	163	0.1666509960448144
195	68	0.1626816311779677
195	60	0.16060728664693774
195	64	0.16056831818463474
195	84	0.15580068762586527
195	146	0.15298934263163816
195	7	0.15023416545297993
195	35	0.1457740614815992
180	189	0.5016211352678939
180	179	0.4721317215174673
180	87	0.4537956770920719
180	191	0.4506534866202381
180	89	0.4447688063508292
180	91	0.436063778515321
180	90	0.3732552780559082
180	94	0.3628811436356074
180	173	0.33444967385892305
180	86	0.3144715499858846
180	83	0.3041805610126517
180	170	0.29824304528760737
180	192	0.2929772772971895
180	175	0.2809102219469787
180	169	0.2772402021599031
180	146	0.2521430097562223
180	168	0.2290910887349775
180	55	0.22813387513267186
180	171	0.22521213020086106
180	178	0.22230534080315972
180	66	0.2181282434495979
180	183	0.21582217407773532
180	82	0.21532633966578324
180	50	0.20903304878453752
180	74	0.20518548951527515
180	150	0.20510885634432607
180	84	0.2026456823373884
180	172	0.19745220244940506
180	93	0.1953082038014108
180	196	0.19488495138583806
180	188	0.19375913196419506
180	182	0.19115914312218849
180	97	0.1857097767960438
180	174	0.1726531036571042
180	72	0.17025571462104785
180	15	0.16699125579023258
180	68	0.16405399938166826
180	199	0.15414151532613607
180	157	0.1536435936260402
180	57	0.15232518954282406
180	73	0.14953034006201232
180	76	0.14734947775214238
189	86	0.4727609249820644
189	169	0.4255090857689377
189	84	0.4243536850861247
189	76	0.4236318826529067
189	90	0.4190672223322291
189	91	0.4118025996946581
189	187	0.4054215895678711
189	74	0.3724201158585243
189	87	0.3626727293423584
189	66	0.3611693370879714
189	191	0.3604821913710513
189	188	0.3580610250601193
189	82	0.3542628365748233
189	170	0.350593265118864
189	73	0.3350712286332074
189	68	0.3347516082747768
189	184	0.3328233778607829
189	64	0.3280754117408598
189	172	0.3241970431716545
189	58	0.3174151345381084
189	182	0.3067464972723365
189	83	0.29592722619014245
189	63	0.28759277726759497
189	175	0.28759277726759497
189	57	0.2855275409843008
189	183	0.2788364634753389
189	168	0.2757625273549833
189	162	0.27317346093225364
189	89	0.2709047752593634
189	179	0.2572207894679043
189	80	0.2528451947632551
189	97	0.24149397035288084
189	173	0.2381387167958504
189	77	0.2336435951744409
189	146	0.2316477977174859
189	67	0.2271003476597507
189	75	0.2257056976926667
189	147	0.22387322182906355
189	81	0.21831871915131407
189	50	0.21831871915131407
189	150	0.21762340249644352
189	65	0.21406718487753845
189	85	0.2139240539966144
189	94	0.2120720689144308
189	199	0.2025881455542368
189	163	0.2009669529503797
189	161	0.20094776062756545
189	171	0.19462519236286124
189	72	0.19044608332981988
189	69	0.18401958343403904
189	15	0.1806843072725396
189	178	0.17908769997752946
189	42	0.17743203837287164
189	186	0.1704984575318085
189	185	0.1686336632398502
189	92	0.16468643793788784
189	60	0.1587167416852302
189	174	0.15642509001319851
189	167	0.15130916003347747
189	159	0.14553915328614445
111	8	0.7903261761334618
111	105	0.7408315626422075
111	113	0.8277666740351763
111	102	0.7358602335669201
111	112	0.7119366176280423
111	110	0.6523794190777833
111	4	0.6439248327867765
111	1	0.5912527878183104
111	107	0.5600321318303316
111	13	0.539542495427287
111	20	0.5255811076163667
111	5	0.5225854747959338
111	104	0.4752496952853057
111	10	0.27289582530970496
111	76	0.26041169413590604
111	191	0.2439125832433481
111	82	0.23549574953849794
111	77	0.2228375994739639
111	156	0.2127882239509813
111	87	0.2114894280970454
111	73	0.20957807774111814
111	7	0.20181126222532772
111	75	0.19366288435975265
111	188	0.1873023819429073
111	83	0.18584494494390646
111	43	0.1845315859505427
111	114	0.1830049441251824
111	47	0.18040376015765
111	86	0.17842942914992171
111	16	0.17723832792701488
111	124	0.17619205455776127
111	95	0.17408861833739162
111	118	0.1660967738147304
111	119	0.1558689877110712
111	184	0.15394626123073651
111	55	0.1473886090467387
111	17	0.14706576207843472
111	48	0.14637104577543938
111	101	0.14617532494508478
111	197	0.1432675317635526
113	102	0.7674524962890185
113	110	0.7756670297002056
113	8	0.7739083398558421
113	112	0.6999691295681094
113	4	0.6647182651384336
113	105	0.6635669019492008
113	13	0.6244338459562713
113	104	0.5896308571817032
113	1	0.5812642792717136
113	5	0.5181957532983502
113	107	0.5032284082796152
113	20	0.476665134728391
113	10	0.3663753333984323
113	156	0.29695792368528723
113	114	0.2866935795381671
113	95	0.25638948403528705
113	77	0.24270835941835295
113	124	0.2342958232851764
113	135	0.22824762661026002
113	76	0.22660710823180005
113	7	0.22111678572520874
113	87	0.20844006279484398
113	197	0.20823917792913504
113	188	0.2070526429627504
113	130	0.20617191657624587
113	129	0.20603786366809526
113	52	0.20531959151027426
113	83	0.20495558245845316
113	23	0.19347037796860653
113	131	0.18669441205742826
113	148	0.1864627668354658
113	191	0.18213494279560946
113	118	0.17975548739376254
113	73	0.17137216047578618
113	186	0.16910968958439468
113	179	0.15659092590415538
113	82	0.15614217314164128
113	143	0.15081079779480602
113	184	0.14666460553112565
113	147	0.14313040259597856
20	77	0.4833374851396211
20	8	0.4814268913289483
20	105	0.4770514378022629
20	102	0.4670260552237144
20	112	0.4110050827827698
20	43	0.38605861066026254
20	7	0.3798206091231294
20	52	0.3730314794127798
20	110	0.3632978633104265
20	4	0.3517504802655673
20	135	0.3490662083153551
20	1	0.3374127519072905
20	156	0.3212586693521341
20	13	0.3176669014924917
20	19	0.3161466284904558
20	47	0.3124696967568233
20	104	0.3063840901902592
20	157	0.3023826816509351
20	78	0.2979241441320329
20	107	0.2923097947090369
20	10	0.28572040896185186
20	76	0.2856377540903072
20	5	0.28530709211631833
20	48	0.25905018626219395
20	86	0.2549781994386917
20	51	0.2512906686703221
20	87	0.2468822854392466
20	148	0.2460087694338106
20	42	0.2391572076020879
20	191	0.2343714303052377
20	116	0.23166672441575306
20	17	0.22828554238491025
20	21	0.2257056976926667
20	121	0.21563148169131355
20	23	0.21345642913172896
20	150	0.20520464741495206
20	186	0.20024713537782102
20	133	0.19784618570963186
20	53	0.19493305190988072
20	114	0.18851789088865714
20	168	0.187881267508085
20	83	0.18718658920274625
20	124	0.18692603652182424
20	192	0.18608629913937372
20	28	0.18550701139681736
20	44	0.17075088820772438
20	147	0.169527362009239
20	179	0.16833246307066452
20	188	0.16301261465147535
20	197	0.15574214350991858
20	15	0.15132870208509885
20	172	0.15078147997907348
20	132	0.14846453843278698
8	4	0.7934955770400535
8	110	0.7905513000748317
8	1	0.7425187497622346
8	13	0.7375840249020311
8	102	0.7616781380309163
8	107	0.6680593566597014
8	105	0.5944370809550961
8	112	0.5806879332602431
8	104	0.5364373275026056
8	5	0.4629660967872625
8	10	0.3879885923604573
8	191	0.3421715685815634
8	87	0.3258158537529665
8	95	0.31537237404632085
8	197	0.2877670529175665
8	114	0.27197930540597776
8	83	0.26767714054295977
8	188	0.2647968779898825
8	73	0.2541552272082744
8	135	0.25270477904266936
8	76	0.2496317027107469
8	75	0.2492003185590993
8	186	0.24062743186534544
8	77	0.2394306017437268
8	101	0.23008574224658904
8	156	0.2280201174267775
8	7	0.22504125296629995
8	82	0.2123872052429625
8	184	0.20331684133173605
8	148	0.19763478799661546
8	16	0.1949138118127672
8	23	0.19446162637678188
8	55	0.19207426193312968
8	199	0.19096644412112249
8	168	0.1841258563296385
8	172	0.1825409789936124
8	78	0.17941677531005565
8	179	0.1777225782603578
8	147	0.17706397678307048
8	85	0.17315755759297125
8	19	0.17298294918975465
8	17	0.17206122494226514
8	47	0.1663787596640141
8	173	0.166184289573802
8	96	0.1584340340719168
8	121	0.15831704400943172
8	100	0.15514688295769827
8	124	0.1509573828932046
8	116	0.14851343598380998
8	159	0.14833740140320126
8	131	0.14442311567809854
105	102	0.6457766403638345
105	112	0.6376716673459689
105	110	0.5677186150964636
105	4	0.5124377288218008
105	104	0.5055099769962419
105	107	0.4687288318277801
105	1	0.4541449978933298
105	5	0.4077003407865469
105	13	0.401495031954014
105	124	0.2597217438505418
105	16	0.25231155840717
105	23	0.2448152579849336
105	119	0.24363981702796875
105	10	0.2265976217181183
105	129	0.22221028065669374
105	17	0.22027013377608803
105	130	0.21704221498236909
105	117	0.21522143737908245
105	52	0.2097788450782754
105	157	0.20666975959114836
105	48	0.2008709897937751
105	47	0.19571214961852906
105	7	0.19563521267373424
105	118	0.19417295414198035
105	125	0.19156376304918174
105	44	0.18809349287101398
105	76	0.18273430769115034
105	120	0.17974581049672056
105	43	0.17897154617039476
105	156	0.1746509835202526
105	28	0.1622240349208521
105	77	0.16086056944253793
105	154	0.15553723049028198
105	51	0.15429770993555192
105	29	0.1463123307288414
112	102	0.6902117247730943
112	1	0.5694847795280167
112	110	0.5584858670087233
112	5	0.5466282188797812
112	4	0.5163280327810674
112	104	0.462533872456705
112	107	0.3745713665973901
112	13	0.3675002968078059
112	95	0.3476340056570663
112	7	0.2983888065045505
112	10	0.2823833017204142
112	156	0.2801731849134594
112	197	0.27103449582303096
112	96	0.26692501498449744
112	118	0.2446554402018739
112	179	0.2389214925562476
112	131	0.22692013905398856
112	87	0.222856606257338
112	135	0.21928988622568807
112	52	0.2166514942375398
112	71	0.21108817814623004
112	199	0.2098457635940309
112	83	0.19965192288397826
112	130	0.1869356870903532
112	17	0.18518834814159796
112	47	0.17683149130443118
112	173	0.1752423136390248
112	191	0.17398195004832478
112	124	0.1683907623326876
112	129	0.1645599610417958
112	76	0.16354795138894834
112	75	0.16343115884925571
112	117	0.16166898414007347
112	186	0.16131837301911595
112	82	0.15686404812078766
112	77	0.15683478617297975
112	188	0.15654215155821882
112	16	0.15502000957167955
112	78	0.1544636582578679
112	119	0.1469874914247971
102	104	0.6582220511462646
102	110	0.6976359013315826
102	1	0.6822172444681512
102	4	0.6447319130072418
102	13	0.6267102271928543
102	107	0.5181811236835067
102	5	0.4562934172930043
102	10	0.3697124662061255
102	95	0.3145075938382447
102	197	0.27747097062809783
102	114	0.2766123501401095
102	101	0.25657632733835944
102	156	0.24957544082734925
102	135	0.2410324922576488
102	191	0.23025620608413294
102	87	0.22874047764084945
102	7	0.2187567501214119
102	23	0.20850702050958325
102	148	0.2036140078935667
102	124	0.19399011099443644
102	188	0.18644346213074456
102	186	0.1764052166908583
102	52	0.17095475816259958
102	118	0.16507556363450826
102	96	0.16474481006366148
102	17	0.16472535281660333
102	83	0.16454050257737227
102	131	0.1571956642696063
102	199	0.15497121075364895
102	77	0.15210051835705207
102	78	0.15049806075991595
102	76	0.14948145766271292
102	75	0.1450399189127936
90	74	0.6676660455154606
90	73	0.5189122329158582
90	85	0.6333318285291021
90	96	0.5979948486958212
90	63	0.5653895931651247
90	81	0.5622382380432056
90	97	0.5485256489229289
90	98	0.5331672799721549
90	183	0.5155942487898529
90	91	0.5096375291464988
90	64	0.4912980844939932
90	191	0.4862596657841362
90	199	0.4848764215772167
90	68	0.4757682023832697
90	83	0.4720617802983457
90	87	0.4707940389327406
90	93	0.4628010916448356
90	79	0.4441188059478558
90	181	0.4204100476274119
90	185	0.4115700556740224
90	82	0.4027189641758197
90	84	0.4001856822148571
90	184	0.3973094650815663
90	61	0.3556874441592135
90	182	0.3458040518513554
90	76	0.3344407923950629
90	162	0.3342720332957949
90	65	0.3336056697048865
90	92	0.3307854947267277
90	69	0.3259141730720694
90	66	0.3054051475514057
90	67	0.3051512420908737
90	169	0.2992175585909115
90	187	0.2951879832222894
90	80	0.2865926176075496
90	55	0.28579387639023585
90	170	0.28329410387368953
90	94	0.27649229269456
90	58	0.2738766007745104
90	107	0.2708677104336321
90	72	0.26659063249402914
90	177	0.2646201914061107
90	89	0.25440776925475
90	188	0.25334124497510185
90	163	0.24538861223920724
90	179	0.2397605096291723
90	86	0.2371952024715018
90	161	0.2356940934945684
90	78	0.23422966481753546
90	175	0.22414866936475586
90	167	0.22405369149875404
90	57	0.220488963331536
90	192	0.21648946770943386
90	75	0.2108779711959066
90	60	0.2072057785607895
90	71	0.2070813566604756
90	7	0.1927194608162948
90	166	0.18371040146428844
90	95	0.17105183394978535
90	30	0.16450158526433356
90	99	0.14945212787237944
90	173	0.14854277416586775
74	63	0.705441079192255
74	84	0.4917152161428383
74	81	0.6895671403082266
74	85	0.6143943703183167
74	183	0.5774709575977902
74	64	0.5133883556582477
74	79	0.5091117475765446
74	92	0.5048992670589612
74	91	0.5040195528085655
74	96	0.4916469736698357
74	182	0.4644732270498816
74	73	0.4618261218498844
74	61	0.4465959223722861
74	169	0.4460593920173283
74	187	0.44057171681754137
74	69	0.4288445600538017
74	65	0.42464881260951576
74	185	0.4167810343584353
74	97	0.4142493551609699
74	93	0.412134712418546
74	170	0.41045642464911736
74	60	0.3944929731004618
74	66	0.3931073023750384
74	98	0.3893299234453321
74	162	0.37297982740585023
74	76	0.3714722943712109
74	83	0.3649632877293254
74	80	0.3597075962580414
74	181	0.35566997430609826
74	67	0.3551545018635163
74	199	0.3522586140693162
74	68	0.3439185615743107
74	184	0.3239554000308851
74	167	0.3202269768532842
74	87	0.3147148283878035
74	191	0.30407166013575465
74	82	0.2989352870728538
74	57	0.2936079230866758
74	86	0.29149562917849986
74	166	0.2696626668943956
74	72	0.24967858632617604
74	177	0.23977935983673954
74	107	0.23035090211133846
74	55	0.22433861232193544
74	175	0.2188233992846056
74	58	0.2170803303585196
74	78	0.21129836557369155
74	71	0.20672719613548385
74	171	0.19622179598637704
74	188	0.1857966714125552
74	192	0.16549381644516806
74	174	0.1606559965207129
74	163	0.15134824401842964
74	161	0.1485818913351937
74	75	0.14584257327699027
73	184	0.6269105730672484
73	76	0.5123197339365501
73	83	0.4939033452574349
73	87	0.4720617802983457
73	191	0.4702645894948561
73	188	0.4459953072491124
73	82	0.4187951384361847
73	161	0.4149035749295592
73	75	0.3993707102373884
73	58	0.3810265506753889
73	55	0.3729884362342243
73	187	0.3540791783672841
73	96	0.3456719820681475
73	63	0.3446942402364713
73	85	0.3428159381039905
73	86	0.3218145701341455
73	162	0.3185836736163221
73	107	0.31259602200620945
73	68	0.2888306379484026
73	64	0.2680577218225985
73	163	0.2578276822664471
73	185	0.2532850950288477
73	84	0.22771673311592505
73	159	0.22545892841305926
73	59	0.22114531875693835
73	97	0.21992757344225491
73	4	0.21891860883287306
73	179	0.2172804252212158
73	5	0.20722491979677007
73	170	0.2046202607948024
73	192	0.19412483883169174
73	199	0.19100498509938935
73	182	0.1811292527229208
73	110	0.16866280997301653
73	98	0.1676910935479672
73	169	0.16600925543912434
73	121	0.16527983406253474
73	57	0.1638885701010761
73	95	0.16040269663673953
73	81	0.16000321928773978
73	91	0.15820979921371622
73	183	0.1577125246069242
73	151	0.15730294426168395
199	96	0.7842051282320935
199	98	0.7217795806599194
199	177	0.5781703869034214
199	85	0.6027466963675279
199	181	0.58306243048871
199	183	0.5526440469161211
199	79	0.5342971847847241
199	197	0.5130126768054533
199	95	0.5116261233306583
199	182	0.4929955362666541
199	81	0.4795656143570455
199	97	0.4789493646055384
199	147	0.4481076879770446
199	71	0.4339476706474195
199	166	0.4107058515850074
199	184	0.4067493895242841
199	63	0.4016627788297332
199	185	0.390771285833663
199	78	0.36374914564030697
199	83	0.35812204899166256
199	61	0.34227751446497306
199	87	0.3379354778403052
199	191	0.3365529027007987
199	135	0.3231675290764806
199	69	0.29839791611856964
199	5	0.2977783385903436
199	93	0.270728710184556
199	170	0.2694679266396037
199	188	0.2686516326889515
199	187	0.2655871001598575
199	92	0.2376387100607294
199	68	0.23491004821062986
199	7	0.2277356959313487
199	175	0.2218014739060296
199	167	0.21380954267766236
199	32	0.20923386405515795
199	99	0.20363317864221128
199	161	0.19474064419006676
199	91	0.18479237893590114
199	110	0.17541678035750113
199	107	0.1753586260083059
199	196	0.17527139219008758
199	64	0.17474793153011842
199	80	0.16144498729285406
199	141	0.1606754802511224
199	55	0.15604460965641234
199	76	0.15547868145376306
199	163	0.1438062001915923
199	121	0.14322835256247546
85	96	0.6216746226506255
85	98	0.6120045084410547
85	79	0.5929801845860845
85	97	0.5349899162694941
85	81	0.5341113820829411
85	181	0.5333891204208331
85	63	0.5229996868884509
85	83	0.5068859390126645
85	183	0.5005202111902353
85	93	0.4894676316065002
85	185	0.4431067644628253
85	87	0.4031796616767162
85	191	0.3965259807859896
85	61	0.39581782067417537
85	92	0.3901186702869416
85	64	0.38896504083153616
85	169	0.3856245362709784
85	170	0.3832724682225402
85	107	0.3760662623311078
85	184	0.3564471420850786
85	65	0.3518205800207787
85	55	0.3470712241402383
85	197	0.3442094961522669
85	66	0.3367834328807055
85	68	0.3289050592353314
85	84	0.3276648612105745
85	91	0.3271113146692856
85	166	0.3183410565532978
85	95	0.3143003293051713
85	82	0.3105463870598318
85	162	0.29520624039559223
85	72	0.2918433021639106
85	182	0.2899759449304337
85	177	0.2894904359651337
85	187	0.2857846931453888
85	78	0.2737933494780034
85	69	0.2453510204930845
85	67	0.23928919571820556
85	7	0.2320736059858631
85	99	0.21872818556943152
85	163	0.20189759515632796
85	32	0.1953082038014108
85	167	0.19477912693354005
85	192	0.19192016000213788
85	71	0.17995869419259045
85	161	0.177315813754182
85	196	0.1753877033358969
85	147	0.16988670582816154
85	76	0.1641999587315843
85	5	0.15716640544594018
85	75	0.15686404812078766
85	178	0.15685429416878344
85	57	0.15414151532613607
85	37	0.14666460553112565
85	188	0.1455097886072961
197	95	0.6009609372491131
197	99	0.4427932843115381
197	181	0.480612154026257
197	98	0.4708485218452387
197	96	0.3894741456742585
197	114	0.3779278461788856
197	10	0.3694102676718513
197	156	0.3600035676005351
197	101	0.3553117875572526
197	110	0.3495842117144401
197	135	0.3261912168575761
197	13	0.32036158858882263
197	196	0.3174061420332415
197	5	0.31566952139822985
197	83	0.3017192830895032
197	142	0.3014102031333508
197	78	0.28497636221040656
197	97	0.2781630838626724
197	147	0.278070818766628
197	177	0.2770832613267105
197	141	0.2615206509998652
197	7	0.25435165179699776
197	79	0.2390912102292297
197	166	0.23363414104564784
197	87	0.2176900862843259
197	184	0.21582217407773532
197	161	0.21434387851248776
197	191	0.21103085091337
197	163	0.19617372066440686
197	32	0.19527934799118032
197	55	0.19523125422282206
197	1	0.19376875651953407
197	71	0.1878137375760103
197	107	0.18432872899279112
197	148	0.17810991657826458
197	159	0.1777806825218123
197	100	0.17218737346140287
197	179	0.16365500718998893
197	185	0.15230565354257755
197	117	0.1484254198692659
97	72	0.4580731288447481
97	79	0.5518934478867412
97	93	0.5381586981808069
97	183	0.5105327028930705
97	98	0.4930333831037674
97	81	0.4867634480461557
97	181	0.4673934612821648
97	96	0.4551762664804253
97	68	0.4512350405465903
97	61	0.4442552645865417
97	92	0.4227699367351114
97	182	0.4006139190009441
97	67	0.3956575762568215
97	185	0.378193537910916
97	63	0.3740898357186835
97	166	0.3710757027968275
97	69	0.3671888759487817
97	167	0.3417918577310842
97	64	0.34000660736900856
97	91	0.3378646119555833
97	65	0.3344230292891234
97	178	0.32102548373451906
97	196	0.3174600962061135
97	83	0.3172532607174146
97	60	0.31644361442767843
97	177	0.31583157568405873
97	32	0.3141110616020745
97	169	0.3102752935293845
97	30	0.3025552990271512
97	162	0.2996272143876504
97	163	0.27738789766635064
97	41	0.2761505435040089
97	66	0.27393209935891083
97	55	0.2647317850005009
97	99	0.2601693094353322
97	94	0.2574915821257827
97	87	0.2410136541000856
97	71	0.2346832792854921
97	192	0.23304789884708024
97	191	0.2262560786050249
97	187	0.22430062509359475
97	175	0.2111263954947624
97	184	0.20000714809743608
97	80	0.1806456128656572
97	82	0.18060691789957264
97	57	0.17926192132671467
97	95	0.1741371025729718
97	161	0.1720030006451541
97	170	0.16766193701038287
97	158	0.16037346836685212
97	84	0.15928207879695486
97	78	0.15798554803589218
97	147	0.14444269846080493
97	37	0.14432520006793134
97	5	0.14349280345183174
97	42	0.1432381474048364
97	89	0.14308142656112874
96	98	0.7213097949580175
96	79	0.5918443516981836
96	177	0.5552156711999399
96	95	0.5483718240477508
96	181	0.5466352308173549
96	81	0.5216471360454138
96	183	0.5014340177471032
96	83	0.4867252940503066
96	71	0.4545100476738455
96	63	0.4473561240937671
96	87	0.4441027506355245
96	191	0.4034141201274177
96	184	0.3985382833814602
96	182	0.3696779331877593
96	185	0.3637404687431546
96	188	0.3354972691690394
96	5	0.3309814082768129
96	93	0.31647061007455896
96	78	0.31247872035551305
96	170	0.30918137098542503
96	61	0.2880146750053091
96	179	0.2788180183679453
96	55	0.2718496566541356
96	82	0.2713587541556985
96	147	0.26262891784290315
96	69	0.2592554110231297
96	166	0.24913466446984897
96	187	0.2481214257638041
96	192	0.2295742660496231
96	92	0.2191280551635156
96	161	0.2166514942375398
96	76	0.20819134560890795
96	58	0.20632511042398602
96	7	0.20523338396961752
96	107	0.2027319848886285
96	91	0.20255937663809967
96	64	0.2001511433474507
96	135	0.1959910258414689
96	68	0.19542362366042668
96	99	0.18991597619787812
96	75	0.1858063261905856
96	163	0.18141939460640424
96	80	0.17122656199675726
96	84	0.1670106980037062
96	89	0.15783928848596313
96	110	0.14998002381087167
96	159	0.14788749256825476
96	173	0.1448147498182654
96	66	0.14424686554471675
98	79	0.6307134510586299
98	181	0.6034084455839237
98	78	0.4953158702418913
98	81	0.4747386041483109
98	93	0.460684619126906
98	95	0.4571481357807986
98	147	0.4391522396620616
98	7	0.43844975502625055
98	183	0.4376335544317651
98	63	0.4356506640032136
98	69	0.4122177234949767
98	177	0.4075002139046485
98	182	0.40160407048831503
98	61	0.3971241769473047
98	166	0.3794097808286305
98	92	0.37578289770042334
98	71	0.3725751400510217
98	135	0.3712653939290324
98	68	0.3707824828540656
98	32	0.3474493705552348
98	80	0.3150121125126454
98	83	0.3117024848853843
98	185	0.3076702326504809
98	184	0.25988026943436376
98	87	0.25397749165476163
98	167	0.2392043472298621
98	64	0.23253716273720085
98	191	0.2290247614623224
98	156	0.2190233345212442
98	188	0.2105339541210888
98	91	0.20942510028801545
98	141	0.2023004406642036
98	187	0.2018592253520347
98	76	0.20102452899308704
98	148	0.1929794192697776
98	142	0.19275797488775476
98	99	0.1927098322056447
98	94	0.1870514910979162
98	66	0.18489862047131936
98	31	0.1798232246988538
98	170	0.1697021835579199
98	5	0.16766193701038287
98	65	0.16498801482880332
98	58	0.16241876527276575
98	196	0.16041243933086075
98	107	0.1512309906443775
98	60	0.14734947775214238
98	84	0.14390413076064226
177	71	0.5185248394597323
177	95	0.3950332368116173
177	181	0.35281907251599376
177	183	0.3454430286671735
177	79	0.3277808989131633
177	81	0.31363327495771515
177	182	0.29491409976000543
177	5	0.2733955366708005
177	83	0.24690106632925346
177	170	0.2425577787477249
177	87	0.24194592464683304
177	61	0.24122086384193786
177	63	0.2257246787457421
177	188	0.21816633991995732
177	147	0.21596518256537886
177	185	0.21441066147948445
177	184	0.21305552994580607
177	78	0.2027128068160248
177	163	0.19301792933024067
177	191	0.179484521132565
177	68	0.17441829448312232
177	69	0.1723620313177343
177	166	0.17229411010524134
177	135	0.17121685516549226
177	161	0.159545217363212
177	93	0.1590481588465749
177	192	0.1553615801039599
177	156	0.15180744536318333
177	64	0.15029281070601014
177	84	0.14392371653629313
177	72	0.14382578653079267
61	81	0.8107110142065744
61	92	0.7993466295180518
61	60	0.7954502714950429
61	65	0.7325599721089489
61	167	0.6422182397974556
61	67	0.6887270186582651
61	183	0.687421166250814
61	63	0.6732478760742849
61	166	0.633176091281246
61	79	0.5977571073049178
61	93	0.5546689604240067
61	69	0.5255521564277617
61	32	0.512577822619214
61	182	0.5124303547082725
61	68	0.4967483785428292
61	30	0.4755979827534245
61	41	0.4605191714901531
61	80	0.4571006735441019
61	91	0.4557152134877272
61	64	0.4474521036406501
61	37	0.4391845249073349
61	31	0.42593484137518856
61	35	0.4233528602251877
61	181	0.4088253245005561
61	72	0.4063570737342566
61	185	0.3940622550810079
61	171	0.3722133846029298
61	165	0.3692202743021957
61	36	0.3293063194767151
61	141	0.32582479216413784
61	169	0.3083671784535581
61	94	0.287785396614455
61	66	0.2823188822701874
61	57	0.2794358174091184
61	175	0.2781169519561624
61	84	0.2535564706195609
61	78	0.250147358067744
61	137	0.23812928387387164
61	62	0.2337003190194091
61	178	0.2318275942685065
61	187	0.2146205377511758
61	162	0.21319871646990396
61	196	0.21122193604184328
61	42	0.18289862597442227
61	147	0.1460676736093809
81	63	0.7812614712239873
81	183	0.7674935948013599
81	79	0.7076296006383941
81	92	0.7554498441006147
81	60	0.660330818106961
81	65	0.6290061807413622
81	67	0.6237500757799612
81	182	0.5931681808573754
81	93	0.5606701178947188
81	69	0.5522480090065334
81	167	0.5294423535693801
81	166	0.5162546884580824
81	91	0.5127178891318751
81	64	0.4940621012809378
81	181	0.4899845460556349
81	80	0.4895740833124169
81	185	0.4414094650886174
81	84	0.4064155132468534
81	68	0.3892111378620594
81	187	0.3825983134887462
81	66	0.379358416766318
81	169	0.3553554744577739
81	175	0.29338859698287506
81	72	0.28039433075577025
81	32	0.26891140450555945
81	78	0.26090568435727723
81	57	0.2498098542213431
81	171	0.2439784175848143
81	165	0.2268347716582325
81	170	0.2256962071018659
81	31	0.2253450251393529
81	71	0.20971192459715865
81	30	0.20711964103580496
81	162	0.2048022985196623
81	37	0.2022620773725193
81	86	0.18678127366538733
81	41	0.1846185198349645
81	184	0.1750581423840806
81	94	0.17420497908433913
81	174	0.1684393441511687
81	82	0.16624263195891067
81	147	0.15718591135904408
92	67	0.7111417417473421
92	69	0.6827567979387403
92	91	0.5409587530678373
92	60	0.7674524962890185
92	65	0.6693805797009987
92	183	0.6428875630117251
92	63	0.6428875630117251
92	93	0.6120107629075934
92	166	0.6087669887859499
92	167	0.5911226884075379
92	79	0.5762632822266546
92	68	0.5441552552687374
92	80	0.527366484548726
92	182	0.5181079710608139
92	31	0.4595021483720752
92	165	0.4517604993599113
92	181	0.42752157249823897
92	64	0.4078420736352722
92	32	0.4078087264975565
92	66	0.4001604863697816
92	175	0.3990428630063397
92	171	0.39439164326877857
92	41	0.3926168199426316
92	169	0.3852924817993164
92	72	0.3675348940404816
92	37	0.3534930386865371
92	30	0.3489608255677287
92	84	0.33963510822682713
92	196	0.3225315337036944
92	185	0.3208640247314383
92	78	0.30444370530672266
92	174	0.28509580028640763
92	94	0.27795086647055584
92	141	0.27497698163947704
92	57	0.268809355955131
92	42	0.26547556098652153
92	137	0.250119235067728
92	187	0.2464314884670247
92	35	0.2454637935174752
92	86	0.23913835143529766
92	162	0.21917565378673828
92	36	0.21578403691695489
92	7	0.19594294599445852
92	178	0.1899352547630891
92	62	0.1637328635335861
92	147	0.14668417526358898
60	67	0.6861108538029084
60	65	0.6776469250887754
60	167	0.5969209656505764
60	183	0.5584721049842801
60	63	0.5569495075512318
60	80	0.5341828507686319
60	165	0.5126368013186552
60	93	0.5099779733219345
60	91	0.4936159887347476
60	182	0.4922912450390042
60	31	0.4668070983311879
60	41	0.4650768947906415
60	69	0.4625731746685836
60	166	0.4582311481674861
60	79	0.4361123681468361
60	171	0.431891843736488
60	72	0.40264355787371375
60	68	0.3998748911853074
60	64	0.3937074160994091
60	30	0.391694446860568
60	35	0.3912371994417628
60	62	0.3605778933606579
60	37	0.3567875434667421
60	66	0.3535105394162389
60	32	0.35183810434305746
60	137	0.33664157293064906
60	94	0.3309101702860988
60	175	0.3160386182362097
60	169	0.30412611156779124
60	174	0.29017743314260097
60	36	0.2806246593600831
60	185	0.264852670060206
60	57	0.26247063634889023
60	178	0.2578090116724485
60	84	0.2527890297528102
60	50	0.2502879667356441
60	49	0.2477741726696168
60	187	0.2376387100607294
60	42	0.2335963240887293
60	162	0.21211981967994006
60	181	0.1992486306640343
60	45	0.19835538641794626
60	86	0.18572908696189552
60	141	0.17547493348255944
60	196	0.1675453079274464
60	34	0.15395602422119292
65	64	0.5655732554678019
65	171	0.5438525095739023
65	67	0.6681811520302139
65	183	0.5706862833280802
65	63	0.5618003921270511
65	167	0.5429998372973317
65	93	0.5181591786926771
65	169	0.5159612354364761
65	166	0.4674637972249761
65	91	0.4462275927730217
65	72	0.4367680792347255
65	41	0.4305649556244529
65	30	0.4259757694790644
65	79	0.4195864462598015
65	37	0.40890860728087214
65	69	0.4009580609358006
65	68	0.38694325225597465
65	66	0.3802141790320741
65	84	0.35996875120193994
65	175	0.34880273489769553
65	182	0.3437862967486027
65	185	0.3414120352516194
65	32	0.3383517375132901
65	35	0.33176477705824714
65	162	0.3137775291846304
65	31	0.2945853756313148
65	196	0.2901316426254056
65	181	0.28925220726487383
65	165	0.28618870624461434
65	57	0.2811588972307156
65	178	0.2496692096967296
65	80	0.24913466446984897
65	36	0.2387894798285599
65	62	0.2327925468430407
65	141	0.2309663198795751
65	40	0.2261232412519914
65	137	0.20081341004915065
65	174	0.1563665575924395
65	187	0.1494325745327068
65	42	0.14459935664806492
167	183	0.5578800471122881
167	182	0.5310956262619317
167	166	0.5190364460732583
167	67	0.5001453776564966
167	69	0.4860993035883228
167	63	0.4542084957718857
167	31	0.4439903554635953
167	175	0.4286568403025535
167	80	0.4270474643134176
167	68	0.4103732686838582
167	30	0.4091667406139676
167	187	0.3662454608948324
167	93	0.35658680538825704
167	165	0.3540179528943964
167	41	0.3538080139517433
167	181	0.3445532427205898
167	32	0.3378291775765618
167	79	0.3359231725089569
167	91	0.3318359697391737
167	185	0.3210075447665683
167	141	0.31550744869533914
167	171	0.3136422912711251
167	64	0.31258699914073435
167	72	0.3062300402738305
167	147	0.2942474476148427
167	196	0.2743482805706151
167	42	0.2713031713852004
167	169	0.2691804126499973
167	35	0.26828974253347176
167	94	0.2682804623024337
167	57	0.2620236476697193
167	37	0.2497629738839869
167	137	0.2443451677367462
167	178	0.23944945511318175
167	84	0.2352123670007997
167	78	0.2197372387003332
167	172	0.18974246252225135
167	135	0.18505314589857827
167	162	0.1846571561897098
167	86	0.18014253472946773
167	62	0.16991583983488387
167	36	0.1546491195985719
167	174	0.1429051070350169
63	183	0.6578194750256469
63	64	0.555983024443006
63	69	0.5440848619326655
63	67	0.5290176033704199
63	91	0.5137564773310179
63	80	0.5021672498455336
63	182	0.4991699330010493
63	79	0.4963792005982652
63	68	0.4660011572436684
63	84	0.4487867487399875
63	187	0.4082421544076825
63	185	0.4065657710106616
63	169	0.3948813152371988
63	93	0.381060742904952
63	166	0.3773791243847942
63	66	0.3747432929736232
63	181	0.3684859190803544
63	86	0.3361892923688765
63	76	0.3248501627682011
63	184	0.2809102219469787
63	82	0.2744499981328449
63	78	0.2551464892142398
63	31	0.25194635032643753
63	162	0.24586784228166605
63	72	0.2361096076261825
63	30	0.2355429760699737
63	175	0.22526908620094635
63	170	0.2072536313532474
63	147	0.2048214595615456
63	71	0.19956550881159332
63	165	0.1867426688667495
63	171	0.18512074789609406
63	32	0.1839712761499593
63	57	0.17290534196399895
63	37	0.16924568263162673
183	182	0.6964534064866448
183	166	0.6369471867784251
183	185	0.5250670430785793
183	181	0.601012042468177
183	79	0.5773509702142612
183	67	0.5509609045406648
183	69	0.5167019710154106
183	93	0.4982759154058733
183	91	0.4715175901903771
183	175	0.4524367650969543
183	169	0.41340403285523947
183	64	0.4061984354416061
183	80	0.3974778807344854
183	84	0.39334400697643584
183	68	0.3527315175569728
183	72	0.3445356169378731
183	165	0.3254850916031719
183	57	0.3249843270854623
183	187	0.3217787122572831
183	30	0.2999821600702493
183	171	0.29103804737599903
183	196	0.28843646096611925
183	170	0.261679017138964
183	32	0.2589942118121897
183	141	0.2439690128165515
183	66	0.24378090781654424
183	178	0.2332937630000069
183	41	0.21904237501341411
183	174	0.21728995309268145
183	184	0.2126068195963971
183	71	0.2027319848886285
183	147	0.20166736703829072
183	31	0.20031432751179304
183	162	0.1988740845847448
183	78	0.18912542908626687
183	37	0.1729441458453111
183	163	0.16987699442659168
183	191	0.1606365126650959
183	83	0.14555872959625668
79	181	0.6507047373664979
79	93	0.6165499090346165
79	166	0.5588023087181428
79	182	0.4466439542101063
79	32	0.4021155607648072
79	69	0.3880310647790911
79	67	0.36849456122978336
79	185	0.36528396107759775
79	64	0.3518643903640468
79	196	0.3033817701154369
79	187	0.2773694364448502
79	91	0.2661446893351887
79	169	0.24928472759385376
79	57	0.24237894902077994
79	36	0.2407404804131771
79	83	0.22262851367812087
79	95	0.2226000003913464
79	68	0.2215827778088293
79	41	0.2212404261281655
79	71	0.21671820757478585
79	80	0.2144202017397112
79	170	0.21254953096525295
79	99	0.21162316224755387
79	72	0.2093390459648104
79	30	0.2076555556350643
79	66	0.20335518751033987
79	78	0.1982689259120269
79	162	0.19782696849585732
79	37	0.18303393924169906
79	184	0.18043278363506254
79	163	0.16364527500367582
79	84	0.15676650722400606
79	175	0.14988227174586602
79	31	0.14707554578066218
79	174	0.14629275881753426
79	165	0.14285612777856924
67	68	0.580316643707639
67	91	0.5020027094985978
67	171	0.5015911996177895
67	93	0.4944248484948838
67	69	0.4893535600165616
67	66	0.4740178865245985
67	64	0.4619362550570749
67	72	0.4545497178031171
67	182	0.4389342845903762
67	166	0.4316640447528869
67	30	0.4097909858654071
67	80	0.4000932944921104
67	41	0.3769330926988432
67	42	0.3744853937482473
67	169	0.3657951257537235
67	84	0.3592722127663516
67	165	0.35241626856767216
67	175	0.35181181776715675
67	86	0.3383960126693105
67	37	0.33511561425314035
67	32	0.3324765337039406
67	185	0.3001823492101228
67	181	0.29741376396039004
67	146	0.28846396486035675
67	31	0.2845077120171622
67	35	0.27413557855802856
67	196	0.25296687977277155
67	57	0.2465817659838831
67	94	0.24514425270278556
67	187	0.2276503619018028
67	49	0.2201844987825294
67	178	0.2022620773725193
67	172	0.19296016401658808
67	162	0.18723483681018188
67	137	0.1806843072725396
67	158	0.1728956409097984
67	174	0.1683518962888746
67	36	0.16653432641873922
67	141	0.14505949812443406
67	78	0.14432520006793134
69	80	0.5724705213050645
69	68	0.5448095463707715
69	182	0.5176981762926259
69	166	0.4994777100392306
69	78	0.4702723779703878
69	31	0.4465879168157128
69	93	0.4205252965982629
69	181	0.3974778807344854
69	91	0.3909661468111283
69	165	0.3802655040918255
69	7	0.3735822902467512
69	42	0.35752039388299456
69	175	0.3424275895686063
69	64	0.34203029386951384
69	135	0.3319694458277256
69	32	0.3021010001942345
69	147	0.2930504087281647
69	41	0.2888856316070604
69	84	0.2864273934450935
69	94	0.2850866130563689
69	141	0.2681041284534657
69	86	0.26450859072431515
69	169	0.24955668649175264
69	66	0.23975108445759455
69	30	0.2345604354497678
69	196	0.22827606350616025
69	37	0.2266165947024877
69	40	0.19628909985228774
69	72	0.19155412999748184
69	76	0.19147706425544286
69	71	0.1872830835142627
69	187	0.1776451039841947
69	171	0.17013919068194655
69	185	0.16832274641248976
69	137	0.16519229132867605
69	77	0.16513392805986324
69	35	0.15889220228986242
69	162	0.1495987741930101
69	52	0.14683094459608653
69	57	0.1448832811316258
91	93	0.4716653344732408
91	66	0.461920522613804
91	68	0.4232871962129448
91	86	0.4229752314278766
91	84	0.39568287960894055
91	64	0.3921345764141759
91	80	0.3865265385689249
91	94	0.3836051283447725
91	175	0.3802655040918255
91	72	0.3361183323197714
91	182	0.3244207491050931
91	169	0.3163806225917237
91	50	0.3114857867040382
91	171	0.29861653054226844
91	89	0.29484105598292915
91	162	0.2861703442190283
91	178	0.2787442358813411
91	185	0.2419929971858207
91	166	0.2318654441561618
91	174	0.21864248966441768
91	165	0.2166991468278021
91	57	0.2149543909680999
91	187	0.21366639526587464
91	42	0.21326553371413096
91	31	0.20338394673491253
91	78	0.19196831787258364
91	30	0.1907062771223402
91	181	0.19064845859387625
91	82	0.18996417233627635
91	170	0.1862600602573448
91	87	0.18538148204093574
91	41	0.17780005033352372
91	196	0.1697604550346559
91	76	0.16645654407718086
22	34	0.7958172383344271
22	33	0.6591278863583631
22	123	0.6590882960017105
22	24	0.6861373154899185
22	26	0.6124671321984393
22	25	0.5166799801023402
22	138	0.5104957341314494
22	39	0.4631389249080006
22	2	0.4624238165924286
22	23	0.4507092686609109
22	127	0.4246160251171685
22	37	0.4039581944650616
22	35	0.3965512634996213
22	44	0.3835454274443744
22	27	0.3759031215846381
22	126	0.3752589174542816
22	62	0.3560018590047465
22	40	0.35409667080211665
22	29	0.3493208468382042
22	145	0.34541660831996124
22	128	0.34121766433454903
22	41	0.33888294047051265
22	143	0.2967481916861634
22	124	0.2821808320177868
22	140	0.2802469034999009
22	28	0.2655778055002501
22	137	0.2569779754935861
22	53	0.2487219292084112
22	132	0.24866564012434314
22	36	0.23830850170747306
22	18	0.23004785947590925
22	49	0.2291953130081403
22	32	0.2267019710036759
22	125	0.2238447252142668
22	38	0.2232367063271604
22	134	0.2223718803910852
22	30	0.20368110483063107
22	178	0.18777514824612754
22	17	0.18487930414988776
22	130	0.18061659169351285
22	144	0.15835604119099725
22	133	0.15803429967907942
22	100	0.15765401644777136
22	136	0.15686404812078766
22	142	0.1480342087059634
22	129	0.14723208110113695
22	51	0.1469287872264987
34	24	0.7054712190895308
34	35	0.6207534833727822
34	33	0.6524770564343263
34	138	0.6044947096906761
34	62	0.5829238054946202
34	2	0.5584170538121978
34	123	0.5216908077344159
34	26	0.515880514615044
34	39	0.5008424180166557
34	37	0.4955875001827406
34	41	0.4875718756459713
34	25	0.4690408906156418
34	145	0.4296521483432956
34	36	0.4290322427775097
34	40	0.428754785661481
34	137	0.4243700834259476
34	27	0.3724804055147214
34	140	0.3536680348465389
34	127	0.34760763086406765
34	38	0.3454430286671735
34	32	0.33033122184219993
34	30	0.3174061420332415
34	134	0.3132906131513947
34	142	0.2898477117722465
34	49	0.2774617405038826
34	23	0.27620596703826744
34	178	0.2658473305790049
34	196	0.25868632124912605
34	44	0.2583223828096708
34	141	0.2490127293718974
34	29	0.2372612630650608
34	128	0.23345450420689665
34	31	0.23094738670093745
34	143	0.2301899162702172
34	126	0.2287689077795639
34	144	0.22252396309825045
34	146	0.21891860883287306
34	93	0.20948246803473405
34	124	0.20848788993336068
34	114	0.20289499222529356
34	171	0.19359550881838725
34	42	0.1903593461173245
34	28	0.1842321249204558
34	45	0.1804521324454486
34	166	0.15937954016618247
34	72	0.15597631340492982
34	53	0.15166089885232487
34	94	0.14641997419316138
34	132	0.14348300933962466
33	24	0.5857095651538117
33	2	0.5320569776872766
33	138	0.5078438680797344
33	123	0.5076137825366169
33	62	0.5007150505051103
33	44	0.4634609197052017
33	35	0.45721141471299204
33	39	0.4234267269225537
33	127	0.410988461149702
33	26	0.3919145340614834
33	137	0.3429659504895561
33	136	0.33954664042311883
33	40	0.3316045797094798
33	37	0.3313553458220452
33	41	0.3192394292366436
33	36	0.287785396614455
33	145	0.28390102164512465
33	140	0.2714699142666378
33	25	0.2684938950154257
33	27	0.2570246730095411
33	134	0.2554362853668136
33	17	0.2495004223617411
33	196	0.23235742876943674
33	29	0.2316477977174859
33	143	0.2253545173141589
33	49	0.21447744244185385
33	32	0.2132941690652783
33	38	0.21102129623340735
33	30	0.21096396730686656
33	18	0.20032392623426706
33	19	0.18616352774065606
33	23	0.18180620131738304
33	132	0.1811872836238141
33	124	0.17768384139759474
33	128	0.17641490548576166
33	126	0.1690805473791699
33	28	0.16269136650899854
33	114	0.1625745404464567
33	142	0.15432699556648324
123	138	0.6856289338183228
123	127	0.6063823703967876
123	128	0.5540732619974648
123	24	0.5342543118192614
123	26	0.5308802107157881
123	143	0.4960626193867924
123	126	0.4906757604436721
123	124	0.47484704419639
123	125	0.4510040581150561
123	23	0.43159894921287606
123	27	0.4275624328900224
123	25	0.4089169351843272
123	130	0.40617338505141937
123	39	0.3889480665755503
123	51	0.3443505315553887
123	145	0.3417212015331788
123	53	0.33990047557842323
123	144	0.328271718204288
123	140	0.3251453070005395
123	136	0.3131823872041681
123	18	0.310871632623335
123	44	0.3042168595384322
123	132	0.3008737081748462
123	137	0.29704910257651
123	129	0.2940190762102817
123	155	0.2902781676031017
123	133	0.2453698164583847
123	131	0.22812439556169584
123	17	0.22475642681521554
123	149	0.22386372299999308
123	29	0.21885196258668524
123	62	0.2089756697538886
123	119	0.20743546291799672
123	134	0.20321138612484788
123	14	0.20094776062756545
123	157	0.19816324777002514
123	45	0.1965390694426282
123	2	0.19329710947814732
123	49	0.1825409789936124
123	40	0.18149676044364693
123	178	0.16678710471072733
123	117	0.1663593132371406
123	152	0.1654451854529662
123	154	0.16407346104351608
123	16	0.16074367232133868
123	35	0.15582020208797004
123	48	0.1458229986210201
123	38	0.1457055482879799
24	39	0.7372783741307118
24	26	0.7172168987337436
24	145	0.550981797457773
24	127	0.5939583534861727
24	143	0.5580384438514253
24	138	0.5501734350562171
24	27	0.5269910016263661
24	2	0.5218218063978599
24	62	0.5172075738359221
24	35	0.45344621676512703
24	25	0.4487308456520883
24	38	0.429366715771101
24	40	0.4138350706510737
24	142	0.380145741976316
24	140	0.36729269205339465
24	144	0.3606648885817945
24	41	0.3596553585039735
24	134	0.35790409233292536
24	137	0.33971472411237397
24	125	0.3375545286736905
24	37	0.3264324674126966
24	36	0.3239822513568817
24	128	0.3238927449072493
24	23	0.31375949819823484
24	126	0.30864767363277396
24	130	0.3031184386992802
24	44	0.28996678576436097
24	131	0.2849396102525693
24	53	0.2789102418475444
24	29	0.27536517960055823
24	28	0.27012624537390123
24	149	0.2535938986045849
24	132	0.24953793196894425
24	49	0.2407499008307089
24	45	0.2185282232115404
24	129	0.20825831057834465
24	122	0.20238675580028107
24	18	0.20094776062756545
24	51	0.18647241913383336
24	56	0.17946516535695287
24	155	0.17812928204643064
24	32	0.1705955489036899
24	152	0.16661210668777646
24	174	0.166602384267519
24	196	0.1573614590563643
24	133	0.15379004929656606
24	115	0.15058602109830468
24	114	0.14610681995002847
24	141	0.14420769760507235
35	62	0.7374289562860096
35	2	0.680712194438651
35	37	0.6708460996506651
35	36	0.6588676542771208
35	30	0.5198980273645261
35	41	0.5808403572506361
35	32	0.5573770403581989
35	137	0.5349685023521289
35	40	0.4943644025786004
35	141	0.4742426946575482
35	138	0.4074501760667426
35	38	0.4038494024414824
35	140	0.3834686644333348
35	134	0.3626379900987622
35	145	0.35821793755967946
35	31	0.355224409099522
35	39	0.34811744600411304
35	166	0.3377140092311899
35	114	0.3364996976978636
35	142	0.326530742486345
35	49	0.3033817701154369
35	165	0.2987531486469332
35	196	0.2846088049427639
35	178	0.2797676736356981
35	93	0.2727014533210773
35	171	0.268837187976582
35	42	0.25130940563614784
35	72	0.24539801006043566
35	146	0.2253070560123412
35	57	0.22492732711814928
35	26	0.22046993555528926
35	25	0.20532916992926104
35	127	0.19413446196848008
35	68	0.1903593461173245
35	94	0.18563253469833546
35	99	0.1832368961388235
35	29	0.17975548739376254
35	45	0.16950793673390865
4	107	0.7242089189022509
4	110	0.6714341404237743
4	13	0.6539962513732559
4	1	0.6476673263093623
4	104	0.5079477539377556
4	5	0.30158293209843545
4	95	0.22958373898443904
4	23	0.21176644004392428
4	100	0.20321138612484788
4	87	0.19727921403002865
4	16	0.19365325939424075
4	75	0.19348000364211185
4	121	0.19244021604677894
4	55	0.18923149235224845
4	10	0.1829469529370661
4	44	0.18101318713747624
4	17	0.1784391107620347
4	130	0.1774029826820653
4	186	0.16935252979089968
4	188	0.16688432129512626
4	124	0.16526038034670218
4	184	0.16099694371324078
4	191	0.15901891759656564
4	114	0.15806355029519634
4	37	0.1476820790410713
4	118	0.1447755884439111
4	131	0.14409019107540064
4	19	0.1439628877493183
107	110	0.5444226800801333
107	1	0.4524765292460625
107	13	0.4524685765601739
107	104	0.37522454970863295
107	87	0.32603929655537034
107	191	0.31993976193276424
107	55	0.3179905360539255
107	83	0.3050242730867153
107	5	0.27078431163924355
107	185	0.2701818663810464
107	184	0.26393187439206023
107	75	0.2499129868409779
107	95	0.23897806673639616
107	82	0.23828963743640502
107	188	0.2274702008019423
107	121	0.20080381329013589
107	76	0.19915259875261396
107	187	0.16738979518873806
107	19	0.16578558548963868
107	159	0.16532846778940813
107	170	0.1617955836867654
107	124	0.15814155058183524
107	23	0.15379981276775787
107	173	0.1501755191426777
107	101	0.14641997419316138
110	13	0.7324858264770397
110	104	0.6027721636103032
110	1	0.5870677911870257
110	10	0.4824403078866215
110	114	0.447771961021227
110	5	0.3858373391802957
110	95	0.34231282782559924
110	156	0.2712383225325036
110	135	0.25262988630519706
110	87	0.2513281424136236
110	83	0.2511688738022602
110	148	0.23856315176192516
110	7	0.2342391161600385
110	101	0.23053081254285315
110	191	0.21190970873815526
110	186	0.18996417233627635
110	23	0.18066496013900565
110	143	0.1790393031644202
110	131	0.17726738536975678
110	188	0.17211944803721135
110	76	0.16080212144585745
110	100	0.15720541714950614
110	147	0.1536045376401874
110	184	0.15003867364257056
110	37	0.1492956978832713
110	28	0.1469287872264987
110	78	0.14522591683506708
110	77	0.1443937412919274
1	13	0.5821772882627545
1	104	0.4568949737688017
1	5	0.4067911164223359
1	10	0.3323786895969406
1	87	0.2645550918695504
1	95	0.24822465087941634
1	131	0.2421812759487445
1	55	0.2378368410173949
1	191	0.23004785947590925
1	23	0.22391121672002368
1	156	0.22280908898124835
1	101	0.21535494851799086
1	135	0.21113594973104172
1	83	0.21014209338184328
1	148	0.19613525972777351
1	124	0.18622144768208804
1	126	0.18618283453158785
1	75	0.18473442718682692
1	100	0.1816224751371268
1	114	0.17260459369308498
1	7	0.17153716303617736
1	129	0.1685365053330025
1	17	0.1677882798876294
1	47	0.16339222698451658
1	43	0.1607241890292688
1	179	0.157224922817312
1	173	0.15041987179200308
1	76	0.15036122883107925
1	77	0.14857211208644816
13	114	0.5076583208749338
13	104	0.4896349063074542
13	10	0.4664863796020008
13	37	0.3917960311405165
13	2	0.3864414755577991
13	5	0.3062209780144551
13	95	0.29024153763438953
13	101	0.25334124497510185
13	156	0.2196515826074659
13	100	0.21767103398085186
13	99	0.19568329854650784
13	36	0.1863758945305473
13	40	0.1830436042097794
13	191	0.17481579312113035
13	172	0.1655229946541964
13	87	0.16421941943514384
13	29	0.16274004268896144
13	32	0.15508832664599628
13	39	0.15340925051419022
13	28	0.15217866664055904
13	148	0.15047851369440846
13	135	0.1465569699507802
83	87	0.7917856698647883
83	192	0.4695087592755361
83	191	0.7181479673024009
83	179	0.5328666049459403
83	55	0.48987055040638
83	82	0.4532555432515036
83	170	0.44053142110180027
83	173	0.4358045908750772
83	89	0.4215865947117209
83	5	0.40051317313965606
83	184	0.3948897558913367
83	161	0.3627074675780511
83	58	0.3207563750337292
83	163	0.3177298362347077
83	99	0.3034271674018416
83	168	0.3027551469856407
83	76	0.3012647318168344
83	159	0.2776001869881874
83	169	0.2753929045920509
83	188	0.27498622549065393
83	95	0.27216450078113275
83	75	0.2605794797042159
83	156	0.2556325728186161
83	181	0.2421342079673555
83	71	0.2271288002288573
83	101	0.21809014631443946
83	64	0.20616234162509725
83	84	0.2039973931823892
83	66	0.19537553271019564
83	7	0.18747606129272087
83	162	0.18521731913890785
83	151	0.17767415709586262
83	47	0.15625924530210314
83	185	0.1546979234036483
83	187	0.1484938770505307
87	191	0.782660201044987
87	179	0.6205936446497194
87	82	0.5366723234419877
87	89	0.5608415061228085
87	173	0.4873736593696399
87	192	0.41458065923500015
87	76	0.39044926486645104
87	188	0.3866456157373364
87	55	0.37915293713616977
87	184	0.3477394993275507
87	5	0.3410144271717919
87	168	0.3390865110211194
87	170	0.3282449508103158
87	75	0.3234809405759887
87	161	0.2814535746041269
87	95	0.26547556098652153
87	58	0.2425389553419328
87	159	0.22322720465222004
87	163	0.220812409841298
87	71	0.21772819039356345
87	86	0.21473500736549572
87	84	0.2084209316602882
87	7	0.20672719613548385
87	156	0.20381529296438705
87	47	0.19755791154205665
87	151	0.19746181255670675
87	64	0.1906099121733348
87	99	0.187369925304465
87	169	0.1816804953013827
87	50	0.17126538898938667
87	77	0.16451131464061275
87	66	0.16377179094059344
87	122	0.15895068692831016
87	181	0.15815130047891607
87	104	0.1512114480015216
87	186	0.1446678923260619
87	187	0.14302265439432454
192	179	0.3941213834956304
192	191	0.3894656625423207
192	55	0.3418360158927018
192	173	0.30775171090661657
192	89	0.2979970416907894
192	5	0.25580080243369324
192	161	0.2213830792940755
192	162	0.2085357160747498
192	122	0.1855552903064095
192	168	0.1851593768223807
192	82	0.17724801377559865
192	170	0.1759691855673303
192	50	0.17330305628178766
192	144	0.16848792515134772
192	99	0.16771053107671752
192	157	0.15773202708059758
192	47	0.1563665575924395
192	156	0.1495498928170831
192	86	0.1467624530450712
192	163	0.14335568332397233
192	150	0.14306183595096286
191	179	0.5261598757406761
191	89	0.4205911470607733
191	82	0.41493668858092303
191	184	0.4141582272869821
191	55	0.4007650196311918
191	173	0.38735980795333375
191	170	0.3685550544923679
191	188	0.36640996365551004
191	5	0.3434247032987172
191	161	0.32991244265176856
191	76	0.3046160849992218
191	75	0.2958542302960364
191	168	0.28612443823551553
191	169	0.2773140515514485
191	99	0.2514873974158158
191	159	0.2282950212203825
191	84	0.2269011688228867
191	58	0.2154884516065024
191	95	0.20746417185519234
191	64	0.2041219799359536
191	163	0.18879756928214272
191	86	0.17834229308637636
191	71	0.170925634779125
191	101	0.16350902105158618
191	187	0.15967190562694258
191	185	0.15824879775327472
191	181	0.15449294235150762
191	47	0.14453081958262382
179	173	0.6781063358057933
179	89	0.6514248804217623
179	168	0.3486534088137634
179	50	0.3743306263932819
179	82	0.3685032033155209
179	154	0.3423304841432752
179	47	0.3112780872086727
179	153	0.30801422124722155
179	157	0.3057315336230165
179	5	0.3026007213545266
179	152	0.2883172719245521
179	75	0.27278475832884874
179	14	0.2718218734946334
179	55	0.2611293331224159
179	188	0.2554082425828041
179	71	0.253958781651051
179	170	0.24749256935804925
179	155	0.2403636265352463
179	161	0.239798209863512
179	159	0.23608127985794164
179	151	0.2222768232029164
179	122	0.215049768378583
179	76	0.20173451920932792
179	46	0.20102452899308704
179	51	0.20090937551914986
179	163	0.19761556911084016
179	119	0.19662559142742547
179	184	0.19537553271019564
179	95	0.18450260734731375
179	117	0.17810991657826458
179	156	0.1714498099376732
179	125	0.17071205417714025
179	48	0.16593145913192908
179	77	0.16406373022855694
179	144	0.1636647393444476
179	21	0.15420008920794095
179	150	0.15347760237220207
179	58	0.15201259926485253
179	130	0.1464786873487536
179	16	0.14574469885550875
82	76	0.5181152866642141
82	75	0.42009716060804586
82	89	0.3541841292597229
82	184	0.3252973262862414
82	188	0.3188621824789044
82	86	0.31070901893668895
82	58	0.29075427975802165
82	64	0.2830641514797632
82	168	0.2711456770426727
82	84	0.2669900263422165
82	77	0.25849969531865963
82	187	0.25711806444058605
82	186	0.25118761199206546
82	173	0.24994111293506746
82	5	0.2318938311111688
82	47	0.22521213020086106
82	68	0.222790081774354
82	71	0.2157649680896742
82	59	0.2025306073723157
82	55	0.19696203669175366
82	169	0.19312382893004146
82	163	0.1820962694393748
82	162	0.16996439585269024
82	94	0.1651144733798972
82	159	0.16181506006752094
82	80	0.15973037535966725
71	95	0.321608374737781
71	5	0.3117927662270832
71	135	0.2674914608153056
71	89	0.25826638576902833
71	188	0.2534628973356409
71	181	0.23782740665858634
71	147	0.2352690467093702
71	78	0.22835189332429426
71	52	0.2156124115477916
71	80	0.2040069770134739
71	7	0.19084118187587445
71	156	0.18822853623133445
71	76	0.1879295020863921
71	77	0.18542010710274495
71	151	0.18280196939764728
71	173	0.17779036644488505
71	186	0.16152290112767026
71	163	0.16046115233257705
71	148	0.16022732279967092
71	14	0.1498138435567226
182	166	0.5322433498981602
182	80	0.4853122911323811
182	181	0.4835597055991061
182	175	0.4755902446510346
182	187	0.4023586403036133
182	68	0.3761692865813003
182	147	0.3703511427481285
182	93	0.3475812555209785
182	165	0.34601533500613524
182	185	0.31291178675039377
182	174	0.3084214720299466
182	64	0.2963286418105125
182	32	0.2676400061874416
182	57	0.2640156029998669
182	169	0.2508315542052666
182	196	0.245538971843116
182	78	0.24445799988048636
182	30	0.2388177690134263
182	141	0.2371102641992724
182	84	0.23701588408947655
182	66	0.2272710572574061
182	31	0.2260663083828431
182	72	0.21590798028183025
182	184	0.20455319069581773
182	171	0.1932778566791704
182	170	0.1919105283171312
182	86	0.18833463673607712
182	135	0.1851593768223807
182	41	0.1664370981680668
182	76	0.16625235557661872
182	162	0.15583971642844532
182	178	0.14951078718999192
182	94	0.14419790554955228
166	141	0.5772842997795402
166	181	0.6264551216571348
166	196	0.5738135368452382
166	32	0.5217708653970287
166	175	0.5205180033745272
166	93	0.5125999401983711
166	41	0.4011426758271413
166	171	0.3874023047491798
166	31	0.3537117800189953
166	185	0.3487676009414363
166	165	0.34817017375734993
166	137	0.3419331585347624
166	36	0.3394670142629143
166	30	0.33167578089269417
166	37	0.31661457819993505
166	142	0.30680085066709306
166	78	0.2896645034933931
166	174	0.2662654768659675
166	62	0.2544638849993224
166	68	0.25275158546595256
166	80	0.25206809433301963
166	57	0.2359868510660393
166	140	0.20996047647549895
166	147	0.2004679024555917
166	169	0.18981958117530548
166	64	0.1897328225259814
166	38	0.17375890316220424
166	40	0.1729150429846522
166	72	0.16944966011771462
166	172	0.16317809263500044
166	135	0.15893119217275614
166	99	0.15653239659740062
166	84	0.1495205636406199
185	181	0.4435968623320966
185	184	0.3907967044697341
185	93	0.2837355211516918
185	84	0.2761320685844277
185	162	0.2666463673685385
185	187	0.2587143134734975
185	64	0.2530885567791593
185	30	0.24866564012434314
185	72	0.24784925981783276
185	68	0.22439559188612535
185	163	0.2109448573421488
185	57	0.1981440330673301
185	32	0.1903593461173245
185	161	0.18923149235224845
185	196	0.18770761552401105
185	178	0.1837780381285764
185	175	0.17905866199365625
185	37	0.17471884748284305
185	121	0.16152290112767026
185	159	0.15890194980705458
185	95	0.15179767580335746
185	169	0.14862100803955414
185	78	0.14508886672887952
104	10	0.4065490767894411
104	143	0.2913217637945498
104	23	0.2723959666482411
104	5	0.2608404481902789
104	114	0.25929272210146
104	95	0.2392232027652584
104	118	0.2329249555950665
104	130	0.2289110526187749
104	131	0.22524060839333576
104	154	0.21742333894481314
104	157	0.20552073004652616
104	119	0.2016769603216746
104	39	0.201091699287488
104	136	0.1990085437139925
104	17	0.19885487552637404
104	44	0.19475026493214595
104	7	0.18445430896240106
104	129	0.1821929517733689
104	16	0.17933934942924165
104	156	0.17808086811733018
104	124	0.17494181738338813
104	120	0.16923596905619814
104	148	0.15949648970835856
104	51	0.1589799288292345
104	149	0.15876548174819186
104	127	0.15552747239340547
104	53	0.148151576925225
38	142	0.7576563880917588
38	36	0.6743616888767302
38	39	0.5781504149869008
38	62	0.5223891829104822
38	45	0.5165113604535851
38	134	0.5137711982653965
38	31	0.4699140322867895
38	145	0.4653746494774901
38	32	0.4395073149655928
38	10	0.42460782807005065
38	141	0.3947209301439376
38	41	0.3856415620140057
38	127	0.376752914936188
38	40	0.3731433841624278
38	114	0.3694793485145013
38	26	0.3658211112863336
38	149	0.3604038840976354
38	137	0.3580174346646379
38	2	0.35560882786298503
38	143	0.3413060183700133
38	164	0.3314443632355884
38	52	0.32809325895423697
38	148	0.32582479216413784
38	27	0.2841032770555276
38	165	0.2781630838626724
38	122	0.2778678174948374
38	156	0.2769078393689931
38	53	0.2766954617755092
38	135	0.26486196856621
38	131	0.2635131717067236
38	144	0.26019727857493524
38	43	0.2585930106969009
38	138	0.2568939169408954
38	7	0.2561652467777002
38	37	0.2316856509386336
38	49	0.22274256301608505
38	115	0.2200607978001668
38	116	0.21503069322460105
38	78	0.20608574059476914
38	140	0.20408364625429196
38	50	0.1888747165549874
38	152	0.1674772721297366
38	174	0.16543545915796876
38	130	0.1520516747140198
142	36	0.5769841875605126
142	141	0.5517752164794159
142	145	0.5407465095414626
142	114	0.4763946129852713
142	39	0.4561350435786724
142	10	0.4432031981021492
142	62	0.39678720648239546
142	137	0.3905085917008753
142	143	0.3831786230227464
142	134	0.3773705485024662
142	156	0.3762723015308185
142	31	0.3526264434527408
142	32	0.3414297038874152
142	135	0.3326099459526541
142	127	0.3325032172184195
142	45	0.3223433665455426
142	40	0.3212227971764887
142	174	0.3205769404555896
142	144	0.31865555213965524
142	2	0.31140451653153106
142	196	0.3062662887562935
142	7	0.2931235367302289
142	41	0.2911021168504771
142	140	0.279666280210414
142	149	0.2609429610971837
142	26	0.2604583028164728
142	181	0.2422565823479262
142	165	0.2415316372154993
142	138	0.23549574953849794
142	131	0.23157208917080496
142	27	0.22961215752790126
142	148	0.22403469541476714
142	164	0.22308467443853036
142	52	0.2193660378452472
142	122	0.2117091300173204
142	152	0.18777514824612754
142	78	0.18462817897715286
142	130	0.17479640426457385
142	43	0.17150804563629368
142	37	0.16619401338546125
142	53	0.14827872112008214
36	32	0.6169278852205116
36	141	0.5569977921759288
36	2	0.6190355969539428
36	62	0.5940618978010191
36	37	0.5783301372941371
36	41	0.5747518157111754
36	114	0.4679559830969605
36	40	0.4634452154801197
36	134	0.4536765585621264
36	39	0.4451858438295308
36	145	0.4189105771555892
36	137	0.3432747444347956
36	31	0.31590359389751904
36	10	0.31208162868304873
36	30	0.27497698163947704
36	93	0.2471264225383883
36	196	0.2431035780214661
36	138	0.2328114629075705
36	45	0.229290057787168
36	181	0.2240631894769064
36	127	0.17576568073249654
36	57	0.1749708990915671
36	143	0.16872110255443107
36	26	0.1667093291081997
36	27	0.1630515514730655
36	171	0.1538193396200426
19	121	0.7401631006862811
19	17	0.5494547996078942
19	120	0.4704359190341352
19	136	0.416285134267252
19	44	0.30621191569957845
19	117	0.2628616590697884
19	16	0.198413025040342
19	18	0.1903497084657852
19	15	0.18715764020476425
19	150	0.18509177582594186
19	172	0.17563969401915605
19	132	0.17108095603843812
19	161	0.16762306117068854
19	23	0.1639858825595708
19	29	0.15805380012064452
19	46	0.15555674659296834
19	187	0.14295408559153094
121	136	0.4837665444919649
121	120	0.5169951180411771
121	17	0.4291546246009282
121	117	0.3413590278965111
121	184	0.24965983302046196
121	172	0.2329249555950665
121	44	0.23127869206407306
121	16	0.20474481445224785
121	187	0.1920164748185598
121	146	0.1862117944483877
121	159	0.184377029693574
121	18	0.15487361084907295
121	119	0.15379004929656606
121	188	0.15031235888866953
121	15	0.14322835256247546
17	120	0.5942948005480139
17	18	0.5421813467488135
17	16	0.4621171572600098
17	119	0.4493216434282893
17	117	0.4488346628769856
17	44	0.4431308738341859
17	48	0.4363795656636253
17	14	0.4043095982907601
17	154	0.402760854204084
17	53	0.3987737839219013
17	132	0.3822141190294788
17	46	0.36002097542382155
17	157	0.35589706300717483
17	51	0.3532655066849936
17	125	0.33998891933859104
17	47	0.327727344279038
17	118	0.3257711608234482
17	129	0.3213304109375619
17	149	0.3164976052088447
17	23	0.31375048262017496
17	152	0.3074891537047869
17	155	0.2943844543326695
17	136	0.291367519709524
17	128	0.27893790788835565
17	127	0.2484310841978745
17	133	0.2400243960782485
17	124	0.23293441303268814
17	29	0.2302846153502689
17	115	0.222856606257338
17	126	0.22167786580878385
17	15	0.2200703135116788
17	43	0.21785202416435653
17	26	0.2130268915425328
17	153	0.1985667213232144
17	49	0.18471510965162904
17	144	0.1815257720534513
17	130	0.18061659169351285
17	25	0.1755137015523346
17	21	0.1679048991901632
17	131	0.16713706922477714
17	150	0.15700060023493606
17	27	0.15620070977047484
17	28	0.1479950850393965
17	116	0.14333609428484975
136	120	0.3902204024147122
136	127	0.3594376769301476
136	138	0.30368136674566537
136	44	0.29597284686892433
136	119	0.2924012475338681
136	159	0.28368035056328444
136	143	0.2662654768659675
136	117	0.24394079823643186
136	149	0.20793303387687714
136	154	0.1996423214737123
136	16	0.1908604533951819
136	46	0.18657859203964935
136	140	0.16535764763960376
136	2	0.16298341170204675
136	54	0.16271083707602735
136	132	0.15412199045808178
136	18	0.14597959267057328
62	137	0.6329663639987042
62	41	0.5967342645819111
62	134	0.5361737482512915
62	49	0.3815307803361288
62	2	0.6338765050876668
62	40	0.5140581960156612
62	138	0.4815113919500252
62	145	0.4798581674217556
62	39	0.4547718372024381
62	32	0.4292525187160349
62	165	0.424730776467252
62	45	0.40989914937784894
62	31	0.3866371106527739
62	37	0.3761521165187688
62	30	0.36943617346637175
62	141	0.3396793398753223
62	140	0.33108825818934484
62	127	0.3002278430551235
62	26	0.2886381451345473
62	196	0.2776001869881874
62	178	0.2320262983448896
62	27	0.2319695277268085
62	114	0.22290412247448568
62	115	0.2191851733862012
62	93	0.21305552994580607
62	171	0.20236757493062305
62	164	0.17991998931926456
62	149	0.16607732551289245
62	144	0.16543545915796876
62	42	0.1554201313248587
62	72	0.15305770349770548
62	143	0.15000934885869147
62	175	0.1447070549474553
2	37	0.5735988612657861
2	40	0.47938078905082104
2	41	0.4789647766080278
2	114	0.4473961168240958
2	39	0.4344507826617629
2	137	0.4340450683053904
2	32	0.4303857236095417
2	138	0.4259921402324676
2	134	0.4007062608649629
2	145	0.4001100928648039
2	141	0.3769759879625567
2	30	0.3697642638185899
2	140	0.3315956792959388
2	10	0.3104379557066184
2	127	0.28706066013930953
2	26	0.2655685107912734
2	49	0.2521898303610404
2	29	0.21591751409868615
2	146	0.197586740497334
2	99	0.189385758310984
2	143	0.186173181154094
2	196	0.18514006243075495
2	31	0.17054700363171527
2	25	0.1679826427813012
2	27	0.16795348917943925
2	100	0.16435564077994647
2	45	0.16332409499676
2	44	0.15448318101711975
37	32	0.5267526076168381
37	141	0.5143156601419957
37	30	0.5010072143677657
37	41	0.44491318731796425
37	39	0.4297255314182981
37	40	0.4234103125874121
37	114	0.35126843767708354
37	68	0.3334456927938721
37	93	0.2981519374620897
37	171	0.2964472218555039
37	42	0.2556138796832928
37	137	0.2272236393252828
37	25	0.22452853823526425
37	29	0.22089801990889746
37	138	0.21805204851458634
37	72	0.2169659822447207
37	196	0.20515675237094366
37	140	0.20356608033888116
37	146	0.1916119277540454
37	94	0.18774620586828544
37	26	0.18742781820421767
37	181	0.18516903396455106
37	57	0.18447362842328535
37	172	0.1662815262357472
37	31	0.15686404812078766
37	134	0.15099647113189935
37	145	0.14588172224633872
37	178	0.14413915262345775
37	66	0.14369847331248306
30	32	0.5060532319806518
30	68	0.40224968062671984
30	41	0.39628155021264777
30	137	0.3651886348085993
30	42	0.3612128141383037
30	72	0.3601080107798015
30	141	0.3361272025346235
30	31	0.3145256154243521
30	171	0.3091451942628441
30	196	0.3086657682533456
30	40	0.30323648954435045
30	181	0.2735990804986786
30	178	0.2667392548628945
30	93	0.2428871587748737
30	169	0.2305592180127286
30	99	0.2304929379718444
30	146	0.2284277203719377
30	57	0.22414866936475586
30	172	0.2174995557862795
30	165	0.2163083651233502
30	140	0.2136282210727719
30	49	0.20953983433936615
30	134	0.20086139326604416
30	162	0.20033352491828407
30	94	0.1934511265098604
30	114	0.19091826707029166
30	64	0.1848696459356031
30	175	0.18144840705859067
30	158	0.1736134281951239
30	29	0.14729077994538298
137	165	0.6262971318926428
137	140	0.464716314073416
137	138	0.5605261146478199
137	134	0.5134693586470522
137	31	0.47841746973272
137	145	0.4595889183412372
137	45	0.4417234225218353
137	141	0.4412806307612654
137	41	0.3697815291786895
137	127	0.342153910088368
137	171	0.3110974547752127
137	40	0.31108842256337765
137	196	0.3032183284815828
137	49	0.29969092869847624
137	32	0.29210857967605386
137	164	0.28180343504531785
137	114	0.2556232262748465
137	175	0.2492378341531725
137	39	0.24757705474449576
137	146	0.24664750866929736
137	178	0.2273469237071871
137	26	0.213370528209954
137	144	0.2021086179992579
137	42	0.2013987394002908
137	174	0.1830146091993988
137	72	0.16890568794096944
137	149	0.1490219274235691
41	40	0.5330455943931699
41	93	0.5460529791419815
41	32	0.5457511230420271
41	145	0.4365576545960182
41	196	0.42282742362439796
41	94	0.4098908295168728
41	171	0.3934792433429237
41	141	0.38226535259651867
41	72	0.37503550866825297
41	31	0.35321299336308065
41	39	0.336446490546469
41	178	0.326048233510003
41	25	0.3030457874007097
41	27	0.3001004568477561
41	175	0.27542062912543136
41	138	0.26940300832261554
41	134	0.26247994741610164
41	26	0.26041169413590604
41	49	0.25628671204966696
41	68	0.2443075555515919
41	29	0.2291953130081403
41	165	0.1937880055183144
41	42	0.19117841221215676
41	28	0.1906677315836911
41	57	0.18277297173543156
41	146	0.16123071387223245
41	64	0.1566884723045346
41	181	0.1528135508255802
41	140	0.15253031035603726
41	169	0.14365929905738206
134	45	0.5272870726373292
134	39	0.4712375810535786
134	127	0.4517047837265084
134	149	0.4316965908370092
134	31	0.4195864462598015
134	114	0.3889310920554783
134	145	0.3677683987505515
134	26	0.3652666295984264
134	164	0.35681372426596963
134	165	0.3398031804977077
134	143	0.32329290218809004
134	43	0.3121267582316579
134	52	0.3120094184758013
134	138	0.3078874979699581
134	10	0.2766677583569121
134	53	0.2735065636134185
134	27	0.26504792834051755
134	44	0.2643225738450962
134	141	0.26101751224242115
134	40	0.25593163698030336
134	152	0.2464408811590928
134	131	0.24331056509095905
134	144	0.24321648280525976
134	32	0.24209655276165776
134	115	0.236449509531168
134	155	0.2238542241283936
134	125	0.2049460025067266
134	156	0.2001703420609916
134	148	0.19626987036501395
134	122	0.18991597619787812
134	14	0.18947252880488044
134	140	0.1843480493799559
134	51	0.18429974814494976
134	42	0.18326588870663635
134	116	0.18065528651980728
134	49	0.17980387135709566
134	100	0.17944580944239272
134	46	0.16149368367552802
134	28	0.16091901631099192
134	128	0.15114304782077148
49	45	0.3664532500493724
49	146	0.34410370940450724
49	40	0.3292617408753538
49	42	0.3146157199537577
49	48	0.31344391931351395
49	138	0.2555391052308202
49	53	0.2514405591224457
49	154	0.2431318048351071
49	51	0.23193167977011755
49	46	0.2277641398305933
49	149	0.22762191644816104
49	27	0.2274417528885868
49	39	0.2257436596274386
49	127	0.21899477347021865
49	145	0.2155075228188518
49	164	0.2108588605056834
49	171	0.21079197182064136
49	26	0.21040015561470224
49	119	0.19708699026589865
49	44	0.19686591420321567
49	47	0.19659675110600788
49	94	0.1840582286212761
49	132	0.18396161458648969
49	165	0.18189322507868136
49	155	0.1687793939556349
49	128	0.16491019148537878
49	29	0.14873835536167396
49	86	0.14569576057478706
49	43	0.14533359515212646
39	143	0.7046766837589556
39	26	0.6940718452692172
39	27	0.6334635661464727
39	127	0.597557837589079
39	145	0.497064673774525
39	130	0.4867558173955562
39	40	0.4254927067891933
39	131	0.4239026216834029
39	144	0.4040586077303032
39	138	0.37211000512236025
39	45	0.36834763602828696
39	53	0.3654226037938258
39	149	0.3503301121401239
39	25	0.3434688055150492
39	125	0.31642561704499994
39	122	0.2987713634692196
39	129	0.2979241441320329
39	128	0.29551657934859005
39	44	0.2791407780372637
39	52	0.2698202976145008
39	28	0.2378368410173949
39	23	0.2374877398668428
39	29	0.2321966007138549
39	140	0.2225714867237459
39	114	0.2136282210727719
39	10	0.21325598851565336
39	32	0.20697607135832213
39	141	0.20150427530209186
39	126	0.1922090933534848
39	132	0.1907062771223402
39	155	0.1816321452523286
39	174	0.17377829925166827
39	51	0.15471744471429744
39	152	0.15233495749831094
39	157	0.14756469416093398
26	27	0.6470631714683672
26	127	0.6308760175173258
26	143	0.6055407325620062
26	53	0.5167825985304882
26	128	0.5096819439636511
26	131	0.5026606527602739
26	25	0.4984187288949595
26	129	0.4844403110245996
26	125	0.4834677598628625
26	23	0.4634295109639131
26	130	0.4624474011916546
26	145	0.4366385928037504
26	126	0.4259102836760695
26	29	0.4239272305674622
26	18	0.4203030185775824
26	149	0.4097410603570513
26	44	0.385326543262492
26	40	0.3715671114132156
26	45	0.34737902628530704
26	138	0.3420921034590255
26	28	0.3399535425561122
26	118	0.3317024803623102
26	132	0.314165140637259
26	157	0.2988077924607373
26	155	0.2957903560541091
26	133	0.2914041234816368
26	51	0.29071766085420503
26	52	0.2863080542868284
26	144	0.2855642795256201
26	152	0.2798598440616391
26	43	0.2579210323479381
26	140	0.2467508140167913
26	122	0.2462530185237722
26	48	0.22508872025387866
26	115	0.2202225591987564
26	154	0.20616234162509725
26	119	0.19855711559156908
26	124	0.19426918195956352
26	14	0.18737957421149648
26	153	0.18565184543788002
26	16	0.18343983741708866
26	21	0.17345824654538114
26	46	0.17077030502409654
26	10	0.15487361084907295
145	144	0.5011794626236411
145	138	0.4754896426222116
145	143	0.4299945541279002
145	40	0.429570604936895
145	127	0.4247061880409298
145	141	0.3734532175739675
145	140	0.3730917371652944
145	27	0.3644257490502961
145	196	0.33668590580696645
145	174	0.3322808383349939
145	128	0.31588558968538233
145	125	0.3137414669855421
145	53	0.3097962382971892
145	25	0.3054776839946787
145	114	0.2994360554206067
145	45	0.2756331686577181
145	130	0.2662747678681867
145	149	0.26514090083555913
145	126	0.24429815239043656
145	171	0.2393457593468825
145	31	0.2255063862916095
145	115	0.22487036188758452
145	10	0.22457601704898314
145	146	0.21956592312792236
145	165	0.2166419635955914
145	122	0.2137809139296542
145	132	0.21215801956308566
145	154	0.2097023643680232
145	152	0.2093390459648104
145	51	0.19906616676184632
145	32	0.19748103265745112
145	129	0.1969139759206812
145	131	0.18901936140715614
145	14	0.1862890193112172
145	155	0.18542976327867894
145	157	0.17229411010524134
145	23	0.16407346104351608
145	175	0.1598765447874944
145	44	0.15797579761482214
145	29	0.15252054299609513
145	178	0.1499115976731326
145	46	0.14460914754416762
143	127	0.7224877942757965
143	130	0.6282198816292428
143	131	0.5643000731168685
143	144	0.4862978424327878
143	129	0.4829925369420713
143	27	0.4760544004980558
143	149	0.4605743242586276
143	125	0.4425279472942201
143	138	0.3691425408443225
143	128	0.3551545018635163
143	119	0.3415180434466761
143	53	0.3325476885595662
143	152	0.3286731658299966
143	122	0.32235232746419784
143	153	0.32128557287885723
143	156	0.3085210050342675
143	157	0.3054051475514057
143	154	0.302173697235986
143	132	0.30191015374251695
143	155	0.30054626171755866
143	52	0.27850442007720355
143	45	0.27012624537390123
143	10	0.2684753366952056
143	23	0.2588169479116941
143	118	0.2578370174912406
143	100	0.25178713459240665
143	114	0.25134687900273706
143	40	0.2394588817301939
143	126	0.23567520443964424
143	14	0.2273658898884721
143	140	0.22497479696912215
143	25	0.21745192057112567
143	51	0.20779908303888053
143	133	0.20285663856915825
143	29	0.198902897885784
143	46	0.1895014516452941
143	18	0.17641490548576166
143	124	0.17568815112846034
143	164	0.17425346129326974
143	173	0.1677882798876294
143	44	0.16613567003075738
143	28	0.15429770993555192
143	174	0.1508010252190356
55	158	0.25024109835246816
55	161	0.3496807649978465
55	170	0.3472647085078705
55	169	0.3381303392648517
55	99	0.30050077743686165
55	5	0.292428682338514
55	75	0.2767139304657313
55	159	0.2577716699068467
55	58	0.20867918851407274
55	188	0.20490768230716191
55	173	0.19380725436788626
55	89	0.1853042301989264
55	184	0.17368131745638746
55	162	0.16311968968866064
55	163	0.15380957620891733
55	76	0.1439628877493183
55	66	0.14322835256247546
64	169	0.5400527007442121
64	84	0.4657192865173736
64	68	0.3954888718927688
64	162	0.3945436344189194
64	66	0.3698937477942172
64	93	0.36787216373926096
64	86	0.3557311177045739
64	80	0.31464275020708804
64	171	0.3092175468132035
64	72	0.29849811828435474
64	76	0.25758494952985284
64	187	0.2340311763996943
64	170	0.2327547141855691
64	78	0.22080289740149708
64	184	0.21772819039356345
64	181	0.20831570756963624
64	58	0.19369175903260205
64	175	0.1864338097243943
64	163	0.18568081127831307
64	94	0.1751744624976025
64	57	0.16450158526433356
64	42	0.15143618125418198
171	146	0.5205398748632305
171	169	0.4980578847840404
171	196	0.4901972931025962
171	175	0.4741496781005163
171	66	0.4368489990646322
171	174	0.38412524330817255
171	72	0.3798548380552724
171	57	0.3556262985859587
171	172	0.3544814416700092
171	141	0.35151386446739163
171	170	0.3460065322417972
171	93	0.32257633165170785
171	165	0.31860164359067894
171	178	0.2977054306087804
171	68	0.26890212761404786
171	84	0.21496392889369545
171	32	0.21343734032318173
171	162	0.20045830431014994
171	40	0.18341084676277464
171	31	0.17480609870979855
171	29	0.1708382628368277
171	181	0.16821586101404964
171	42	0.1619513912022569
171	163	0.15707862731966776
171	25	0.14409019107540064
126	128	0.7296553917284825
126	124	0.5139257498109817
126	23	0.5518447670526038
126	125	0.4886992263451996
126	132	0.4338827332396719
126	25	0.4047863126140076
126	129	0.3919399258528731
126	18	0.3884981525884955
126	133	0.3558621290186557
126	53	0.3456631769289028
126	43	0.3139668408765365
126	140	0.30359058622638363
126	131	0.30288230909988845
126	130	0.29722232754554945
126	27	0.2884456289837549
126	16	0.28066150893844977
126	127	0.27247002906912704
126	51	0.2692360642654377
126	144	0.2678442353009321
126	44	0.2564548813717503
126	14	0.25178713459240665
126	155	0.2510939191605717
126	52	0.2362417985711477
126	29	0.2261517071072721
126	157	0.22558231667120404
126	21	0.22380672913251845
126	118	0.22377823162474916
126	138	0.21695645296642024
126	40	0.1879295020863921
126	116	0.1877944429835376
126	117	0.16541600647143098
126	28	0.15768327066573418
126	15	0.1498138435567226
126	148	0.14681137572514866
128	125	0.6324626392819872
128	129	0.5069156610758141
128	132	0.4784945777159478
128	27	0.5306934617307615
128	53	0.5227744442655721
128	23	0.5196279841955093
128	25	0.5124524768221318
128	124	0.4900529354025916
128	133	0.4677607059562813
128	130	0.4574644841494806
128	131	0.41898478061132505
128	51	0.4125745931323739
128	157	0.4042928674804993
128	18	0.3991437499500877
128	127	0.37119641891995503
128	155	0.3484952795475618
128	29	0.3327789156909601
128	144	0.32904774315932106
128	21	0.3053870128867228
128	138	0.29761429074814244
128	43	0.2922640662915359
128	14	0.2792329835057294
128	140	0.2707009087798007
128	122	0.26812269075745665
128	44	0.2661353976404162
128	40	0.2592460831326283
128	16	0.2588542680768095
128	52	0.2586956520388603
128	152	0.2472484793255181
128	149	0.24605574284024606
128	118	0.23946830830206045
128	154	0.2373178846845287
128	46	0.22600937396920145
128	48	0.2241011809638712
128	28	0.22236237486247976
128	47	0.21289324082135114
128	119	0.1895014516452941
128	153	0.18592218072794647
128	45	0.16086056944253793
128	148	0.15357524533583278
128	117	0.14295408559153094
124	23	0.4090335186809671
124	125	0.3916775152187237
124	21	0.32361523807074205
124	25	0.3138947250795064
124	132	0.29497801023769743
124	129	0.29012248436253546
124	140	0.2707750448555852
124	133	0.2663676751687897
124	51	0.2491440437656712
124	52	0.236449509531168
124	144	0.2337003190194091
124	16	0.2328209208737784
124	18	0.2285983210952889
124	150	0.2243196187929779
124	138	0.2234077292202983
124	118	0.21739475694563945
124	155	0.19965192288397826
124	130	0.1927868600516042
124	117	0.1897328225259814
124	27	0.18534285640629264
124	157	0.1789425069389177
124	53	0.1609774620508313
124	44	0.1594672527423784
124	43	0.14441332424432116
125	155	0.6375826526056102
125	53	0.5490078588708871
125	51	0.5401589435989671
125	130	0.5145583271493029
125	129	0.4771363997553118
125	144	0.4711286629486993
125	157	0.4656331404944578
125	127	0.4547797689921271
125	132	0.4458350753215291
125	152	0.44366111779757594
125	131	0.43865167334236416
125	18	0.4381750750733053
125	27	0.4330706353813364
125	23	0.42953798561260537
125	154	0.4255172751542701
125	122	0.4161115106873845
125	14	0.4123422272779084
125	119	0.4075752660737162
125	149	0.4063821196467804
125	118	0.3986644509236265
125	133	0.3966776680441035
125	21	0.3701267827411912
125	25	0.3550671122321448
125	153	0.3496281004912083
125	16	0.3483459170233151
125	46	0.3148319476904333
125	52	0.3128757028502214
125	48	0.306936725398806
125	43	0.29824304528760737
125	47	0.267417183360506
125	50	0.26450859072431515
125	173	0.25839704283032633
125	115	0.2433481967234487
125	117	0.2391666356178403
125	120	0.2375160476523541
125	138	0.21555520013045154
125	29	0.20865049474455916
125	44	0.1967313363613089
125	45	0.1914866976023355
125	15	0.1809261346391753
125	151	0.17333215511201194
125	28	0.16653432641873922
125	56	0.1609092752446151
125	174	0.14381599337527665
129	130	0.4892851090236433
129	131	0.4703191072852327
129	127	0.4496408300685784
129	149	0.444046554796364
129	157	0.4071165279649369
129	133	0.4067827711785124
129	118	0.38251294836992417
129	18	0.3760147467187923
129	152	0.3731864215601787
129	27	0.3722650708803477
129	14	0.362533766321226
129	53	0.35745061755399005
129	132	0.3519169607411728
129	119	0.34171236923679305
129	155	0.3310437384241188
129	29	0.3227375922984165
129	154	0.3216352715198649
129	16	0.3087743312848825
129	46	0.30402628242461355
129	52	0.3029095567215006
129	51	0.3005826481578896
129	153	0.289737789353005
129	23	0.27914999881578473
129	144	0.27178482857710473
129	122	0.2716088542207403
129	43	0.2710900873370556
129	48	0.2546135186068266
129	47	0.24006209124788944
129	164	0.2327736306023693
129	45	0.23048346921996446
129	25	0.22408218530552096
129	40	0.215192826802376
129	44	0.20518548951527515
129	120	0.19945028521986471
129	115	0.19776931594218056
129	117	0.19133255962604875
129	21	0.1882092447583499
129	10	0.18424178548789907
129	28	0.16687459978266975
129	77	0.14919792534443588
132	28	0.5495455460504585
132	133	0.4841570927661873
132	29	0.4048532022910723
132	23	0.36785487021060426
132	27	0.3618474001656573
132	131	0.35821793755967946
132	44	0.3542540915654171
132	53	0.34409489344779964
132	16	0.34388329228821884
132	25	0.3304559394533909
132	149	0.31794559123841265
132	18	0.314165140637259
132	144	0.30107377943103897
132	43	0.29837969683616705
132	127	0.2962830316679689
132	119	0.29378153433322074
132	117	0.2864824700593974
132	155	0.2810760096628217
132	130	0.2776647914022209
132	21	0.2753466960184087
132	118	0.2713587541556985
132	120	0.2635410883102736
132	140	0.2623682113839573
132	46	0.255137140187696
132	14	0.25486599767201235
132	154	0.2544264746933101
132	51	0.24409127122402066
132	48	0.2295079542881425
132	157	0.2254968948015085
132	115	0.2146014589087886
132	152	0.21206251863980174
132	52	0.20851658573786275
132	40	0.206315536104744
132	15	0.19604872041401
132	116	0.16464752254646875
132	10	0.1641999587315843
132	47	0.15396578718158802
132	56	0.15189537006661766
132	45	0.14969653475087422
127	149	0.5840450330340027
127	138	0.5189049255769945
127	130	0.5006700920881911
127	144	0.4718830146267727
127	131	0.4472841326705978
127	27	0.4412242600217412
127	152	0.4094248084712343
127	119	0.40564718586812654
127	155	0.40113428494794573
127	45	0.389372343730058
127	53	0.3695570595811463
127	154	0.36727539000473136
127	51	0.3645558210200987
127	14	0.35060203593173833
127	18	0.3496807649978465
127	164	0.3066468441857273
127	140	0.29089159306064755
127	46	0.2881705654540089
127	153	0.28695054480537635
127	23	0.2732937555734381
127	29	0.27155327959731484
127	44	0.2709881681801464
127	157	0.2696348482079716
127	118	0.2662190211127365
127	122	0.26018795557691515
127	120	0.2476146025967149
127	40	0.23717632761324536
127	16	0.2147159295060324
127	52	0.2135614146650384
127	25	0.2049460025067266
127	115	0.19965192288397826
127	133	0.1911302392109797
127	48	0.18861433517066992
127	114	0.1868584815320086
127	165	0.18521731913890785
127	28	0.1770349171782731
127	100	0.16012988851832946
127	151	0.14885569849489702
149	45	0.6033893682911535
149	152	0.5434439305600773
149	46	0.4592812397784361
149	164	0.5818268132644546
149	131	0.4978473126878042
149	43	0.4724191951918245
149	18	0.4708796533256728
149	153	0.4619283888717756
149	44	0.4552396893361184
149	155	0.4457709745485469
149	53	0.4447768281222395
149	14	0.435845093710406
149	118	0.4323310147647022
149	119	0.4297255314182981
149	154	0.4148621813197002
149	115	0.40954133377697294
149	120	0.4006894720405674
149	157	0.3854372357661671
149	144	0.3852413876359978
149	51	0.3839035847482207
149	130	0.3823848884465483
149	52	0.3677943408564696
149	151	0.3361804225714604
149	27	0.31228018815970554
149	15	0.2933429001560087
149	48	0.2891422434692581
149	148	0.2735898290379355
149	122	0.2607472495335328
149	16	0.2597590452476334
149	116	0.2508315542052666
149	10	0.2463469521554019
149	133	0.240250556235186
149	77	0.2399584277897262
149	47	0.2356657598454059
149	156	0.20940597738537425
149	28	0.18047148111617373
149	29	0.17602732704413787
149	59	0.16353821885235534
149	165	0.15917486770480752
130	131	0.5581830314553459
130	157	0.5568046310870296
130	27	0.5312391984970533
130	53	0.4953460561313607
130	144	0.4297989088172954
130	154	0.4191331707341967
130	155	0.3728076373537933
130	122	0.35554767837560586
130	133	0.34995282973943426
130	152	0.34799440601425513
130	119	0.3475900473631275
130	153	0.3359497869094022
130	51	0.3328055931704192
130	48	0.32128557287885723
130	47	0.31153093483108474
130	25	0.28541732032550504
130	173	0.2827881656456899
130	23	0.24664750866929736
130	14	0.22966899344024694
130	18	0.2263509572767105
130	118	0.22564875350529565
130	138	0.2102090012185646
130	52	0.19334524082429816
130	46	0.19162156058427884
130	50	0.1897231824931308
130	156	0.1889711473674764
130	16	0.18404856737780934
130	120	0.17554277724744746
130	28	0.16782715351043245
130	45	0.16553272065947974
130	174	0.15966216056255728
130	29	0.15772227585914078
130	10	0.14369847331248306
131	53	0.4497764496317251
131	27	0.43823971301563536
131	155	0.41790415630991296
131	52	0.4129811041994316
131	157	0.4104397940021272
131	122	0.4088003383384928
131	156	0.4029954071811122
131	133	0.3964248439164801
131	153	0.3954635639359396
131	51	0.38775071636597
131	118	0.3775249044803492
131	144	0.3662108258169583
131	152	0.3488817827146851
131	43	0.3281378759629443
131	154	0.3274684671939109
131	10	0.3170284052959292
131	148	0.3133988309614457
131	45	0.30051897131316896
131	119	0.2950784356558129
131	23	0.2917701142563561
131	28	0.2902598527250677
131	164	0.28186787485173725
131	100	0.2731919683563413
131	18	0.267593587124946
131	14	0.2525924388011809
131	47	0.2431318048351071
131	120	0.22447156225163747
131	48	0.2202415891554257
131	115	0.21627023636582068
131	29	0.20936773109956924
131	173	0.20808611099935204
131	151	0.2048214595615456
131	16	0.20376736950973265
131	50	0.2003719192697483
131	77	0.1949522918569736
131	46	0.18907721705179734
131	114	0.18695498811916744
131	44	0.18431906874578816
131	21	0.16662182907563652
131	116	0.16457941937813636
131	117	0.16181506006752094
131	168	0.15014619559117262
10	114	0.654585311934529
10	156	0.4960173827277749
10	7	0.4431228374482879
10	135	0.4269329892052315
10	148	0.40523773383860257
10	101	0.3587931102317123
10	52	0.3126862475581964
10	77	0.2957812309464656
10	43	0.29096482192284545
10	40	0.27137728134367656
10	116	0.2679927504495352
10	100	0.24813081009809995
10	78	0.2404295811983142
10	95	0.2396097014615207
10	14	0.23689318325831224
10	141	0.22066971883422745
10	152	0.2202606189444483
10	45	0.21979434088017188
10	172	0.21883292042697006
10	5	0.21715655912494944
10	186	0.21359958999979348
10	44	0.1952408730516165
10	147	0.191900896595156
10	153	0.19075445821867154
10	53	0.17953290996360602
10	144	0.1744376859806461
10	168	0.16794377124686324
10	99	0.15591777257376166
10	157	0.15113327624821182
10	28	0.14808311263760254
10	150	0.14630254478750487
27	53	0.5588917084206306
27	25	0.5530606594575079
27	157	0.4078170633839835
27	28	0.36006449388527
27	133	0.3491276775080323
27	144	0.34630579204775724
27	40	0.3419596507144506
27	51	0.33905996014089473
27	29	0.3275041773022542
27	155	0.3014283860615269
27	23	0.2917701142563561
27	138	0.2774155891145311
27	18	0.271895960912916
27	154	0.253968136676665
27	122	0.2528171124710248
27	44	0.2364400685925508
27	21	0.2329060405876523
27	152	0.2274702008019423
27	45	0.22368323716899155
27	48	0.2137236553320248
27	153	0.21347551777729185
27	118	0.2070813566604756
27	43	0.20414114654205068
27	46	0.1847730618289769
27	52	0.1827053092870052
27	119	0.1811485964967199
27	140	0.17657960976739653
27	56	0.17620174410428782
27	117	0.16688432129512626
27	115	0.14514760317073389
68	42	0.6287704259421472
68	86	0.5598055898474597
68	94	0.4596046937567537
68	80	0.5014115604915097
68	172	0.4729705524380881
68	72	0.4255008963139118
68	78	0.37003184819829743
68	66	0.33852882914742083
68	76	0.3137865445929635
68	84	0.3129659109069864
68	147	0.3129388490827533
68	32	0.3089190694789915
68	93	0.3064565787165003
68	31	0.2997273356759134
68	146	0.2837355211516918
68	181	0.28291696486511503
68	169	0.2707750448555852
68	7	0.26874441282611405
68	187	0.2410984243787535
68	178	0.2303887793007923
68	175	0.19833617323891448
68	162	0.19389387234413905
68	188	0.19082191020945447
68	135	0.185854599542528
68	57	0.18427076697663675
68	141	0.16633014335420193
68	77	0.16623290830887294
181	196	0.4839426979729107
181	93	0.4493615480347932
181	141	0.4016627788297332
181	32	0.3991017148978776
181	78	0.3688142759749175
181	135	0.33396998982880394
181	175	0.3318537673188375
181	99	0.331132776480598
181	147	0.3256638918524536
181	57	0.2971949775350464
181	95	0.29672995276770386
181	114	0.25684721606530386
181	7	0.2545574074323256
181	84	0.2213165089953024
181	31	0.21663243291234816
181	187	0.2164608735544213
181	163	0.2149162388556896
181	184	0.2103045804266657
181	80	0.2038440465683563
181	156	0.196798626209228
181	169	0.17273071785737584
181	174	0.1558689877110712
181	159	0.15003867364257056
181	172	0.14927614360899466
181	72	0.14564682158105008
93	196	0.42431268801879823
93	32	0.3978314664462621
93	72	0.3869602576227608
93	66	0.35576605542229384
93	94	0.3416858719854665
93	169	0.3056136802697718
93	178	0.3023826816509351
93	175	0.2821532205647111
93	174	0.2645736919832001
93	31	0.256912596955226
93	40	0.25353775634233666
93	162	0.2420871388462759
93	80	0.24059916870815615
93	57	0.1910917001470947
93	165	0.18903864676786766
93	50	0.18036506169908387
93	141	0.17687024025527645
93	170	0.17016832211291966
93	99	0.1700226619846788
93	89	0.1601591191304639
93	78	0.1537119404460846
93	84	0.1436495054232549
84	86	0.4456908421529194
84	169	0.4231476454209596
84	187	0.41612804757397204
84	66	0.3588628096312744
84	76	0.3263788598521528
84	170	0.2755500042228135
84	80	0.2545854632338524
84	57	0.2358451995219979
84	58	0.22918583829133998
84	162	0.21359004622725689
84	175	0.20996047647549895
84	184	0.20105331649363087
84	72	0.19939267135544425
84	78	0.19406709922642268
84	168	0.19095680878455035
84	77	0.18679092477491868
84	42	0.18481169590003976
84	172	0.1725851894730177
84	174	0.1676910935479672
84	146	0.16071444733626122
138	140	0.45653883942832
138	144	0.3664792211243148
138	25	0.2733215146615331
138	40	0.2603091507664841
138	45	0.2323858088723573
138	165	0.20359483698878425
138	31	0.19432691685562406
138	146	0.1877558533637941
138	141	0.18773655833655103
138	51	0.1818738867112401
138	178	0.16677738287389585
138	196	0.14659611056348856
80	31	0.478826057956385
80	86	0.4304916375398041
80	50	0.4159461266838175
80	76	0.4142327870742705
80	165	0.4102984224794895
80	78	0.4079587800488359
80	42	0.3991269361305299
80	94	0.39715786810762704
80	147	0.3631416104549224
80	135	0.33188046324536863
80	7	0.3124245779175169
80	187	0.2977874518438166
80	174	0.29374498620735023
80	77	0.28559183288083195
80	66	0.28064308425268225
80	164	0.2723589342272674
80	175	0.2186044015128619
80	148	0.20513759407819804
80	45	0.19391312037282024
80	89	0.18123564174409254
80	32	0.1593697941690279
80	188	0.14316958291915596
173	50	0.5838934676549845
173	89	0.4951045355248988
173	170	0.4307604427364807
173	153	0.4203606510579511
173	157	0.3836477698821368
173	151	0.3422157137571481
173	154	0.3345118424424591
173	168	0.3300282881940847
173	122	0.32635205528451233
173	155	0.31699242512006937
173	174	0.3060034671420675
173	51	0.3037993731778484
173	152	0.2927121471269121
173	76	0.2781077254208917
173	47	0.2756331686577181
173	75	0.26374579657903197
173	144	0.20951115136733328
173	186	0.19791344476011166
173	156	0.1930853205051182
173	119	0.18889400300895925
173	159	0.1885275354805232
173	188	0.18718658920274625
173	66	0.18096482498850308
173	161	0.18039408559536385
173	14	0.17835197500937405
173	46	0.16688432129512626
173	58	0.15929182507362422
173	164	0.1558885017474093
173	163	0.15560553631837865
173	5	0.15266705026578573
173	21	0.1526572833231575
50	122	0.4990272618896939
50	89	0.4700386918414037
50	174	0.4055970576264881
50	51	0.37869903715034975
50	164	0.3582702372300885
50	153	0.3569533457283495
50	155	0.34968954220078
50	94	0.3101306896731418
50	66	0.3061484779415164
50	165	0.2882897654921217
50	157	0.28175740505558594
50	152	0.2672686189171772
50	154	0.2663862560350329
50	151	0.25774366307728824
50	178	0.24306594162949044
50	47	0.2350801081264772
50	45	0.2080669769163157
50	52	0.2019743329055965
50	86	0.19869159236256448
50	53	0.1961256443993159
50	21	0.17871018186688847
50	76	0.17404013325774872
50	31	0.17111007782815826
50	144	0.1674772721297366
89	168	0.3016374739755401
89	94	0.2688928506726447
89	51	0.2488907863792085
89	47	0.22853197803725206
89	178	0.21871866396879708
89	122	0.2088035240298784
89	174	0.1918334735063556
89	154	0.19134219352613188
89	48	0.18546838762428988
89	163	0.1825699791985216
89	170	0.17521323478221282
89	46	0.1744279902487963
89	153	0.16900283338666186
89	72	0.16462806465853108
89	21	0.1630807537559593
89	76	0.16088979301781747
89	5	0.1598862891668194
89	152	0.15826829683791815
89	66	0.15256937949782418
89	77	0.14687008199315074
89	155	0.14295408559153094
168	77	0.3236331434184046
168	156	0.3028459781674745
168	153	0.29444838666063045
168	159	0.2765199990250965
168	47	0.2758641593248174
168	76	0.2739413489456224
168	169	0.25933003240583913
168	157	0.23263175318410076
168	163	0.23251824411985886
168	154	0.23057815477434496
168	52	0.22754606000594355
168	14	0.224708952054312
168	75	0.2214496475296253
168	170	0.21216756943257184
168	150	0.20060227245036372
168	152	0.19749064265089036
168	135	0.18562287927479149
168	151	0.1779646711702643
168	46	0.17567845977469854
168	133	0.16826444577657795
168	172	0.16787574480497222
168	86	0.15011687177549712
168	21	0.14881658458278374
32	141	0.5101037492357655
32	31	0.39185528422625976
32	40	0.3848666249433476
32	114	0.35238123596290244
32	196	0.33729754701210085
32	72	0.2810023283040306
32	78	0.24231306023182864
32	140	0.21467777329555826
32	42	0.20001674804964228
32	99	0.1966159780247554
32	175	0.18544907552311288
32	94	0.18452192645178034
32	165	0.17770320989781296
32	57	0.17563000249515534
32	135	0.15250100818682927
141	114	0.5424001821708172
141	196	0.4210190670381866
141	140	0.3797264741969894
141	175	0.3328233778607829
141	31	0.3305895526602091
141	172	0.3259499238040552
141	40	0.3183590296182984
141	135	0.2783199227453996
141	78	0.2691618617120198
141	146	0.2505785245216194
141	165	0.22416766442707936
141	99	0.2147445462337783
141	174	0.1914192633994281
141	7	0.188749351053117
141	57	0.18757254475620944
141	178	0.17540708805096786
141	156	0.15803429967907942
141	147	0.1569225711901319
196	175	0.5684839198095898
196	174	0.37954674022817797
196	172	0.28355161188701833
196	57	0.26680427316067706
196	99	0.256912596955226
196	146	0.2480369646597103
196	40	0.2259619274449291
196	114	0.2056739668030091
196	178	0.19966152425590547
196	72	0.17542647263003067
196	165	0.16962448640974392
196	169	0.1589604342596076
196	140	0.14584257327699027
175	174	0.43710789500894137
175	172	0.36006449388527
175	169	0.3043166759290495
175	57	0.2970035138079099
175	165	0.2808088989773024
175	146	0.2755869667032002
175	66	0.2369026220521493
175	170	0.2107346370908912
175	187	0.1916119277540454
175	147	0.19082191020945447
175	162	0.1860090682386677
175	31	0.18547804362115267
175	178	0.18076169440825168
7	78	0.6618058464463498
7	135	0.6344683520585348
7	77	0.4712609187779094
7	147	0.4269084570443495
7	31	0.4033052710033667
7	148	0.3975452394991983
7	52	0.3748722208450837
7	156	0.349865073366972
7	76	0.30466144476035634
7	42	0.27096963677145885
7	43	0.2620515877583238
7	116	0.2469292373164849
7	114	0.2222292930240198
7	186	0.2046298420806855
7	94	0.1929216530643613
7	95	0.17208063277417324
7	172	0.14426644934505176
78	135	0.6222264823293786
78	147	0.5137711982653965
78	77	0.4862214872790631
78	148	0.4174170761617457
78	31	0.32888722268876297
78	76	0.3284679963153457
78	52	0.3194190350041645
78	43	0.31151287574903497
78	42	0.29382721828263186
78	86	0.2788272409473571
78	95	0.2740615889607664
78	156	0.26375510093603977
78	116	0.24438277918667925
78	186	0.2118715046433292
78	94	0.20270321772140729
78	172	0.19121694995002092
78	114	0.18005545393783062
78	66	0.17139157304090044
135	77	0.586746576620928
135	147	0.5702478145836536
135	148	0.5225636673214064
135	156	0.4070330989554163
135	43	0.39544669163110224
135	52	0.3690388881991632
135	116	0.3487061141591777
135	114	0.32206554941941096
135	76	0.3218593911820273
135	31	0.310871632623335
135	95	0.28592243630599723
135	172	0.2663955463939103
135	15	0.23473052491898594
135	42	0.20114927232048002
135	186	0.17598856619603448
135	58	0.16164950681430715
135	23	0.14767229712659022
114	100	0.3552418852877439
114	156	0.395725050527529
114	172	0.31950882928367264
114	140	0.3164076194345267
114	99	0.3033817701154369
114	40	0.2708769767153668
114	148	0.2698852001790424
114	43	0.2527796687520826
114	101	0.24842170135460084
114	52	0.2151737528793413
114	44	0.2115180860818651
114	45	0.19829774642358247
114	77	0.18614422080595489
114	95	0.17872954305110297
114	42	0.16405399938166826
114	147	0.16379125445284926
114	28	0.16043192462533068
114	5	0.15972063048203014
114	116	0.15842428506990291
114	31	0.15117236236121492
114	29	0.1459991664125938
156	52	0.4822714946751878
156	148	0.3940031234042568
156	77	0.38194937483554253
156	43	0.30287322644931064
156	5	0.2951240814181613
156	122	0.2946127719728836
156	151	0.23076751278236435
156	153	0.22806751722763502
156	95	0.20848788993336068
156	40	0.19783657712175384
156	147	0.1948945715656467
156	99	0.19336449310220585
156	45	0.19000272858781272
156	47	0.18016188563309035
156	164	0.1799877224819165
156	159	0.17522292776845266
156	144	0.1749127353699511
156	76	0.17104212652047993
156	28	0.1517195182571438
156	174	0.15094761075976765
100	101	0.23204522153301102
100	117	0.2295269007231512
100	161	0.18936647557725805
100	115	0.18188355591254746
100	163	0.1741758893535627
100	133	0.1648420943753844
100	5	0.16464752254646875
100	57	0.16420968909934222
100	99	0.14885569849489702
51	155	0.6495674117241139
51	157	0.5717170877408693
51	21	0.4185394759566844
51	53	0.5662394103851721
51	154	0.4594784823125748
51	48	0.4549780402859821
51	47	0.4375041890750041
51	153	0.4230409165613697
51	144	0.41846523893684784
51	152	0.3976041749038165
51	14	0.3759718152661727
51	122	0.36248165103157853
51	52	0.3394847093856983
51	23	0.3292260769374222
51	133	0.32462652651785473
51	119	0.3174600962061135
51	46	0.3089642972307937
51	164	0.30375398719143165
51	18	0.29374498620735023
51	151	0.2926664304779131
51	16	0.26358761500188865
51	45	0.25530541536503953
51	150	0.25032546059760186
51	120	0.24807450339381704
51	43	0.2340406286716574
51	118	0.21586984460273664
51	77	0.2012356292642116
51	25	0.19958471220709792
51	140	0.1940863459109371
51	117	0.1902436918776543
51	44	0.17321575797584615
51	115	0.17210004047249342
51	28	0.17003237289111184
51	58	0.1694787985739614
51	186	0.15016574465486462
155	152	0.5068859390126645
155	53	0.5025186460686077
155	154	0.4945608343236103
155	157	0.4663298869122166
155	153	0.4450415065432429
155	119	0.4366952453438391
155	14	0.40735843367632013
155	144	0.4066993150062301
155	118	0.3966860944789542
155	122	0.3726181986371087
155	47	0.3524600579347138
155	46	0.34541660831996124
155	48	0.3409348909064939
155	18	0.3361538128213937
155	16	0.3127945107726571
155	21	0.3052600640318273
155	52	0.2982612662006385
155	120	0.2891605712985295
155	164	0.2873450896341516
155	133	0.2770924935497921
155	151	0.2761320685844277
155	115	0.2747366236692489
155	45	0.2453322243433191
155	117	0.2448622606840184
155	58	0.2144583623714779
155	23	0.20838266891270849
155	159	0.2012836039925361
155	43	0.2007750227818502
155	59	0.1852849168805068
155	15	0.1686336632398502
155	140	0.1453727500503295
157	53	0.5929153432912714
157	150	0.3495227648493563
157	154	0.5058969942528366
157	47	0.4763636904691262
157	152	0.4748160627965648
157	153	0.4201053957572065
157	48	0.40050477721404815
157	119	0.3634193791818806
157	122	0.3633499430548873
157	144	0.3596901839238729
157	118	0.35040029167809605
157	120	0.34241876210491984
157	133	0.33929004982131017
157	52	0.31413810137449105
157	21	0.3087381445014662
157	16	0.29517885455479737
157	18	0.2770186343326814
157	25	0.2745239706844277
157	14	0.2702282158428226
157	23	0.2663862560350329
157	77	0.22364523819664608
157	164	0.2225334679079581
157	151	0.2214591571091021
157	148	0.2165943097664597
157	43	0.2127595821329982
157	46	0.20590380302612865
157	29	0.20527169882538174
157	117	0.19314308291940474
157	28	0.18844073284478285
157	116	0.18430940846317376
21	25	0.3915928530305712
21	28	0.3645384789125905
21	23	0.34498499849307385
21	52	0.3424275895686063
21	53	0.3155524707375529
21	15	0.2662933497241866
21	122	0.2658380373023311
21	47	0.25437971074000104
21	16	0.2358546432701436
21	133	0.2287783844057523
21	18	0.21234900925148728
21	43	0.21013253495875145
21	77	0.20707178546753852
21	115	0.20356608033888116
21	48	0.19336449310220585
21	116	0.1815257720534513
21	144	0.1811485964967199
21	14	0.18000707450064654
21	152	0.17951355453542509
21	29	0.17353583844743567
21	118	0.1721485591337533
21	154	0.16935252979089968
21	153	0.16012988851832946
21	46	0.15940877797124176
21	40	0.14295408559153094
21	140	0.14292469854162745
53	18	0.4563013352200485
53	43	0.4205088332903019
53	23	0.41554081958750494
53	154	0.4090501723763385
53	25	0.3927436902748708
53	47	0.3878866518324713
53	48	0.3854372357661671
53	133	0.3805135421944305
53	45	0.3802312876455344
53	44	0.37016993225085054
53	52	0.3615171095115083
53	152	0.35916769744366306
53	153	0.35622015524082845
53	144	0.3549709764696821
53	122	0.3290031560466577
53	28	0.32451916822201426
53	46	0.297112924577473
53	118	0.2578183469935159
53	119	0.2522647408727041
53	16	0.2493316198655678
53	77	0.20858354121880346
53	14	0.2027319848886285
53	120	0.19811521072774468
53	164	0.19435578379880825
53	148	0.18329488095565
53	29	0.1816321452523286
53	115	0.16470589544134068
53	116	0.16329489509649756
53	40	0.15098669911648727
53	54	0.14598937955587135
25	23	0.5662869646053081
25	28	0.4276686617324715
25	29	0.4256646721718205
25	40	0.41015703123394187
25	133	0.32970746081194724
25	144	0.29107465882396577
25	18	0.2653361270261431
25	140	0.236912060801265
25	178	0.20994135806325304
25	48	0.2083922346594078
25	122	0.18605733782102515
25	44	0.18314025194427808
25	16	0.1585705168556913
5	95	0.4244438725104056
5	99	0.2745332170249392
5	101	0.24427934593029665
5	188	0.24336701226497465
5	184	0.2077703782737118
5	118	0.19694281249690546
5	117	0.19496191177425798
5	47	0.18872041967882805
5	170	0.18467647415305655
5	77	0.17545554924357873
5	75	0.16722455377657708
5	76	0.16297367732210655
5	58	0.15727368645011072
5	159	0.15103555889842218
77	43	0.6049450724868602
77	76	0.5723226016274348
77	148	0.5641364752610267
77	116	0.4755438144910346
77	52	0.5099705740595327
77	15	0.4563884276483166
77	86	0.4392490919948944
77	147	0.4335173763312008
77	42	0.4264831330959641
77	47	0.3515752136179521
77	153	0.3209088763257193
77	45	0.28668440144393986
77	75	0.2737655981340143
77	186	0.27309942921371216
77	172	0.27035798767204405
77	164	0.2656800440403009
77	151	0.2442605392863946
77	14	0.2420118258824761
77	152	0.2407310599502876
77	31	0.23413514895759674
77	58	0.2267683723849788
77	115	0.222932631696398
77	48	0.1908989959924042
77	94	0.16324622796032154
77	133	0.1579075438048464
77	188	0.1572346756052143
77	28	0.1531748901455127
77	150	0.14516718175736146
77	118	0.14409998344145886
147	148	0.4807351864774489
147	76	0.43842552185313743
147	188	0.3807871758884123
147	187	0.34434171729792284
147	172	0.3234809405759887
147	116	0.2953705452527439
147	184	0.2824017068098841
147	95	0.2715440169839989
147	186	0.265522036505903
147	86	0.2284940667653141
147	42	0.2165371238090605
147	31	0.19748103265745112
147	75	0.15029281070601014
165	45	0.4799659232414824
165	31	0.4777694714249024
165	164	0.4588313574289311
165	174	0.3599339338007052
165	140	0.22294213468562968
165	158	0.1843673696246541
165	42	0.18089711650966572
165	66	0.17743203837287164
165	115	0.160081170207367
165	146	0.1575467486147507
165	43	0.14634168838102726
165	178	0.14632211664154182
140	40	0.272729222111412
140	144	0.26908765596293355
140	23	0.2241106787291932
140	150	0.2008326034515491
140	146	0.19275797488775476
140	29	0.17878762577319385
140	28	0.17469945794860464
140	56	0.16728287534825606
140	99	0.1643361809715156
140	172	0.15162181865639782
140	115	0.14886547690015126
42	86	0.470653923525341
42	172	0.4490662114908177
42	94	0.4297092245587977
42	31	0.38728330957249796
42	146	0.3526439564210553
42	43	0.33016194377591257
42	45	0.32129454060585155
42	76	0.2813522852412399
42	72	0.2506441280990063
42	148	0.24605574284024606
42	116	0.2352784931719019
42	150	0.20920517723939494
42	52	0.1998343423927469
42	44	0.1620390293818589
42	178	0.15254984498653062
86	76	0.5481340216830337
86	187	0.35016341997226524
86	188	0.3336678777600775
86	66	0.3306608076193792
86	172	0.29529752302813084
86	94	0.2941286986759629
86	47	0.2512250878068503
86	146	0.2492565916697089
86	184	0.2461402920591013
86	169	0.23717632761324536
86	75	0.2265312149186449
86	116	0.2027128068160248
86	186	0.1914385304989756
86	150	0.1537119404460846
86	162	0.14351239159192114
86	72	0.1432381474048364
94	178	0.3695915961737868
94	72	0.3446942402364713
94	31	0.2886381451345473
94	66	0.23031302422387456
94	40	0.191900896595156
94	76	0.1606754802511224
94	169	0.15126030438699836
94	28	0.1486014497455019
184	187	0.4705371425490627
184	161	0.415722814628764
184	159	0.3254761509795204
184	188	0.4591155210414702
184	76	0.4266222020751483
184	75	0.3627248363179127
184	95	0.32108826830825066
184	162	0.29990025689588873
184	163	0.2992539769091173
184	58	0.29533403457175633
184	151	0.2036523492347045
184	59	0.19194905483532976
184	120	0.18804526137555566
184	57	0.17423406851106255
184	16	0.16741895446199434
184	170	0.16619401338546125
187	76	0.4162024601572283
187	188	0.376486886129563
187	75	0.27974002150215754
187	186	0.2370913885353104
187	58	0.22344573244013047
187	170	0.20161940004100815
187	158	0.19774048915222744
187	57	0.19475026493214595
187	162	0.1943750282405864
187	161	0.18618283453158785
187	169	0.18056822237439785
187	59	0.17677336685038592
187	159	0.16172741536158644
161	163	0.5658248497574692
161	56	0.4872516551502338
161	58	0.4504223521037115
161	162	0.4460754124947803
161	151	0.3022736499294815
161	188	0.2972496770683148
161	101	0.2892063899442444
161	159	0.2836711552826125
161	57	0.2768524391257041
161	59	0.2659774312635416
161	75	0.26393187439206023
161	95	0.2488814058220969
161	170	0.2358640869737423
161	15	0.2000263479634455
161	158	0.19942147845999614
161	99	0.19828813962449507
161	117	0.187562896572708
161	76	0.1744279902487963
161	120	0.15027326240583236
161	16	0.1499115976731326
159	75	0.3046705165467586
159	163	0.2701447859099642
159	151	0.2137045688064595
159	119	0.2071100700014388
159	58	0.20303881289046047
159	46	0.19559674329817367
159	170	0.1940767225873566
159	188	0.1938361273624484
159	120	0.18215427926242214
159	117	0.1720127047781401
159	57	0.16942052136521624
159	154	0.16862394759659047
159	153	0.16375232730083436
159	99	0.15574214350991858
159	14	0.15519567905136494
159	59	0.14871879776546434
159	152	0.14584257327699027
159	95	0.14402164372294407
159	47	0.14311081226614467
159	162	0.14297367681810372
158	99	0.20898523302559785
158	66	0.16336302775199268
43	52	0.5137785586191392
43	15	0.4844938814388491
43	45	0.5469226542527974
43	44	0.4845015340585609
43	148	0.3577907394536445
43	116	0.34561034481515224
43	18	0.34314241325442024
43	118	0.293489125282573
43	133	0.2876569863024788
43	164	0.2812601985615081
43	153	0.2802192594173017
43	115	0.27066383953771395
43	28	0.2663583846614269
43	23	0.26166038655962204
43	152	0.2490033494219344
43	14	0.2454168055645187
43	48	0.2337003190194091
43	31	0.22248594343642544
43	16	0.21049572678101652
43	46	0.1963852450236703
43	47	0.19084118187587445
43	172	0.18849860159583592
43	122	0.1658925602037328
43	29	0.1652214725292586
52	45	0.42224418458110347
52	122	0.3944929731004618
52	148	0.3765297982029641
52	152	0.30850290862681834
52	23	0.29667523471347257
52	28	0.28390102164512465
52	164	0.2821532205647111
52	116	0.27654770489595554
52	144	0.27071017596489394
52	153	0.2621540309911042
52	15	0.22326521109744096
52	44	0.2220106405994473
52	151	0.2207933849196886
52	31	0.20874613924571736
52	133	0.20048709863102646
52	40	0.19917180544095828
52	14	0.1924498456958798
52	76	0.18490827857846284
52	115	0.1702848448620006
52	118	0.16789518109439813
52	47	0.16772024979219555
52	48	0.1454510584805329
15	115	0.4819491154286508
15	18	0.4197100305628471
15	116	0.4120932043142932
15	14	0.35060203593173833
15	16	0.309099972101428
15	151	0.3083762275224859
15	44	0.3014920245836163
15	133	0.2456329405968343
15	120	0.24490926223219855
15	152	0.2344092327521313
15	28	0.22597141683555985
15	148	0.22105971852614206
15	75	0.21010385944845775
15	118	0.2082009121526271
15	172	0.20818177902535534
15	153	0.2025306073723157
15	56	0.19873001292323525
15	164	0.1905713651650024
15	45	0.18550701139681736
15	46	0.1781583299899596
76	75	0.5153445897597259
76	188	0.4627696584569769
76	58	0.3789645479539231
76	148	0.3010828729494539
76	186	0.29596372284118083
76	151	0.2908824392132092
76	47	0.27907623114630964
76	59	0.2226760349763464
76	150	0.21633696125850949
76	172	0.19375913196419506
76	116	0.1829469529370661
76	66	0.18191256330542235
76	95	0.14963787876725973
76	169	0.14596980575670152
76	170	0.1454510584805329
148	116	0.3891687113019419
148	95	0.26195845242147264
148	164	0.2512063499935995
148	115	0.24187060621559095
148	45	0.2311840388586019
148	31	0.2237307349281998
148	153	0.22112629677784865
148	186	0.19866277654127554
148	47	0.1948753311685328
148	151	0.19207426193312968
148	122	0.19158302904185964
148	188	0.18577736174886653
148	152	0.18285029812787687
148	23	0.1711391993188981
148	118	0.15328230745501284
148	101	0.1457055482879799
116	115	0.4492657739668932
116	186	0.2641272349539865
116	152	0.2541926430326966
116	151	0.253968136676665
116	188	0.2472297018688773
116	44	0.23605295168843865
116	28	0.2328682100441837
116	14	0.19855711559156908
116	120	0.1980191337883068
116	18	0.1967217233745845
116	164	0.1904846322477136
116	118	0.18849860159583592
116	172	0.18511109057512964
116	16	0.18311125799554445
116	23	0.18288896047581835
116	47	0.17880698640365986
116	31	0.16564943021081652
116	144	0.16153264021546312
116	153	0.15659092590415538
116	75	0.15365335754749956
116	133	0.1484058604133114
116	150	0.14538253870373458
116	101	0.14315978788042746
45	164	0.5877554860036251
45	31	0.4419648546461238
45	44	0.3639920731283848
45	46	0.28046803942375603
45	152	0.2691433105743131
45	153	0.2667949849810979
45	144	0.2620795274076272
45	174	0.22632249412611505
45	122	0.19568329854650784
45	115	0.18731203110301106
45	48	0.1855552903064095
45	40	0.17111978502496064
45	14	0.1707605966324886
45	151	0.15778078272642224
164	151	0.3801628516305276
164	152	0.37416723822401343
164	122	0.3432571010646707
164	153	0.3298233239339099
164	31	0.275013956739148
164	46	0.2683918217880559
164	14	0.2457269047343017
164	154	0.23035090211133846
164	150	0.22255247740046388
164	144	0.2175948231082252
164	115	0.21217711926153476
164	174	0.19731765696311696
164	119	0.1966736578736705
164	118	0.19564482992355486
164	48	0.1942595593460207
164	47	0.1510844179424062
152	154	0.5851443084650446
152	14	0.5578042777790381
152	151	0.4386678248948535
152	153	0.5246178280458041
152	115	0.4447286964234355
152	120	0.4433317603324121
152	46	0.41799494130898496
152	119	0.3932763824092286
152	47	0.36928073008682505
152	118	0.3488203015081901
152	144	0.3365529027007987
152	16	0.3323164214398106
152	18	0.32129454060585155
152	122	0.3207832882351799
152	48	0.29631039791567043
152	117	0.28948127398573603
152	150	0.2337570412736339
152	133	0.2164036841303204
152	186	0.1864627668354658
152	58	0.18564219008603214
152	59	0.1822219557866801
46	14	0.4488985443787027
46	154	0.40425103927112654
46	47	0.37549946278186097
46	119	0.3630461125418051
46	153	0.35731977618117033
46	48	0.31585858294063235
46	115	0.29793325651692804
46	151	0.2964289793664545
46	120	0.2926847172980813
46	16	0.2842871236723843
46	18	0.2838366623515193
46	144	0.2729513560725032
46	59	0.2646852885309845
46	44	0.2464784514644021
46	117	0.22748916586181495
46	133	0.1961448750185132
46	122	0.1910242553676858
46	28	0.17278892709998106
46	58	0.15765401644777136
95	75	0.3047158746495742
95	188	0.2858030595825926
95	99	0.284167625748663
95	101	0.2589942118121897
95	186	0.1866654575393723
95	163	0.18546838762428988
95	16	0.16861423192056485
95	118	0.15779053376328273
95	117	0.1447070549474553
99	101	0.33506235133074497
99	163	0.17266280554941127
40	29	0.2895362450664049
40	144	0.2767231647341853
40	28	0.26544767508264355
40	23	0.2465911579350508
40	122	0.17714146755308927
40	178	0.1721679663644039
40	115	0.14927614360899466
120	117	0.5740214286460579
120	119	0.5604643885913387
120	118	0.4668540224848369
120	16	0.4766110375989909
120	18	0.4648887849620612
120	154	0.4527945776615152
120	115	0.3937919122195034
120	14	0.34191549677968003
120	151	0.3355327663559473
120	48	0.3055048842469359
120	153	0.30506055105178265
120	47	0.2709603709917923
120	44	0.2528732766294603
120	133	0.2107155251920883
120	29	0.196798626209228
120	59	0.16413184526265087
120	75	0.1620877161550083
120	58	0.1436103306053944
18	16	0.5411779990183977
18	44	0.5304491737489928
18	14	0.4009328836539561
18	118	0.3962141112001679
18	115	0.3714550540764372
18	133	0.3523374438181354
18	23	0.34191549677968003
18	119	0.3267719331883528
18	153	0.2888764661296644
18	154	0.2729143357660445
18	29	0.27220153743729103
18	48	0.25644553903885353
18	117	0.2408441025110154
18	47	0.23177081812084574
18	151	0.21387634166135727
18	28	0.20142752238280948
18	56	0.1623116651438244
18	144	0.14376702717520887
117	119	0.473343091284656
117	118	0.4341099944410767
117	154	0.3855479171774948
117	115	0.3594725086115924
117	16	0.33889179202404257
117	48	0.2420777248853142
117	47	0.23242364839403576
117	14	0.22503175938059108
117	101	0.2167563285730452
117	133	0.20116846302267846
117	153	0.20097654905393264
117	29	0.18462817897715286
117	56	0.1552054381792309
119	154	0.5218436371161721
119	118	0.44799579302804104
119	16	0.41700410851402137
119	48	0.3736941415293994
119	153	0.33462729065890995
119	14	0.3323075257522887
119	47	0.2586956520388603
119	133	0.23229120699067565
119	144	0.2310231183659396
119	115	0.2234077292202983
119	151	0.21946122361102144
119	29	0.185487699582196
118	16	0.457725384414745
118	115	0.327245257824305
118	133	0.30462515706199417
118	153	0.293845491486562
118	154	0.2917243700790337
118	14	0.26482477424667106
118	23	0.2371480149901127
118	48	0.2298963214222655
118	29	0.2102090012185646
118	44	0.2042657256662221
118	47	0.1922379848568128
118	151	0.14495181105493446
101	115	0.16424861025079254
101	56	0.15309676619210685
101	59	0.15253031035603726
150	172	0.32640566389489184
150	47	0.21490670072508813
150	146	0.2020606599093341
150	188	0.19300830187086868
150	23	0.1916119277540454
150	144	0.1718671392789553
150	186	0.16671905117198765
146	172	0.5853678500700498
146	169	0.22128797823579574
146	66	0.18995453318183345
146	57	0.1889518614964802
146	174	0.18419348229474203
146	72	0.17954258762557354
146	29	0.1584827786185788
172	169	0.190908631549743
172	66	0.1764439716653554
172	186	0.15921385399102084
172	44	0.15870699357979956
172	178	0.1578295376029826
172	31	0.15155342717294715
172	29	0.14486370089819445
154	153	0.5792611308488219
154	47	0.4924503349490782
154	48	0.4191496571436983
154	14	0.4174913920382881
154	16	0.4023921640650353
154	144	0.3776706658649956
154	122	0.2729513560725032
154	115	0.2675843031633817
154	151	0.25769698406555896
154	133	0.24441098729158064
14	115	0.3710498334241665
14	153	0.34920670491249184
14	151	0.34249820710161644
14	144	0.3376342713755148
14	16	0.3209268165604353
14	47	0.3145256154243521
14	59	0.2714699142666378
14	48	0.22599988475012645
14	75	0.2216873743769432
14	133	0.21304598385205628
14	58	0.1997767377279966
151	59	0.4064155132468534
151	58	0.3885406052230934
151	153	0.3623426658436053
151	186	0.3124606731017413
151	75	0.2955713385746685
151	115	0.28406650522454874
151	47	0.2547911926810936
151	163	0.24438277918667925
151	16	0.18135169765657874
151	122	0.1743310310702583
151	48	0.1602078361931272
151	188	0.1486503452626206
151	56	0.14483433033531656
153	47	0.5182908384033279
153	48	0.3533967802501136
153	115	0.29714939310044475
153	122	0.2918158570990196
153	144	0.2910563532065423
153	16	0.2770924935497921
153	133	0.20401656080545527
153	58	0.1549907303716235
153	174	0.15432699556648324
122	144	0.3395289461413809
122	47	0.20995091728944565
122	174	0.17367161909154388
169	170	0.5817937384243226
169	66	0.4334930141338324
169	72	0.3527665402818703
169	162	0.29942695201286096
169	57	0.27030237237643834
169	174	0.20629638734774164
169	178	0.1858352903093998
169	163	0.17332245553555972
170	66	0.5514760615518497
170	174	0.34034263422995953
170	163	0.2524894542635689
170	162	0.21336098345941168
170	57	0.16646626698318545
170	58	0.16303208312574996
66	174	0.25984297055683164
66	72	0.2544545324942116
66	162	0.24132446046708986
66	178	0.17018774290166402
66	57	0.1648129094185482
47	48	0.4987643758577127
47	16	0.3034907212886453
47	133	0.2034893942221145
47	186	0.19294090861477808
47	144	0.1876111371282523
47	75	0.18140972371882708
47	115	0.17109066333489528
47	58	0.15859001390167926
31	178	0.20803827549317627
31	174	0.1948657109137326
31	72	0.1697021835579199
31	57	0.14306183595096286
75	186	0.3806418162885951
75	59	0.35015464608574937
75	58	0.3435305460731061
75	188	0.33224525428427804
75	16	0.2121962187978837
188	186	0.24424173245874284
188	58	0.2380726853986246
188	59	0.21451560209152554
188	163	0.14907081668250713
174	57	0.21833776580688408
174	178	0.14829828133048956
23	44	0.33269888005670634
23	29	0.3264324674126966
23	28	0.3072537177783617
23	133	0.2886014771903692
23	144	0.250119235067728
23	48	0.16891540263324625
23	16	0.15590801566206725
163	162	0.4621800707526404
163	56	0.38247880049368893
163	57	0.3111968053960617
163	58	0.2865191867504042
163	178	0.17132362848084431
163	72	0.14809289333703618
56	162	0.331239614364903
56	57	0.3112058369334387
56	144	0.22149719500579754
56	115	0.19380725436788626
56	58	0.18913507138375124
56	72	0.14881658458278374
56	54	0.14339486106521968
58	59	0.4957685329741625
58	162	0.26554992122521826
58	186	0.1776354195448208
162	57	0.3785791086072813
162	72	0.2606260840137086
162	178	0.2268727131534089
72	178	0.5416304031436496
144	48	0.28649164931104365
144	115	0.23004785947590925
144	133	0.19209352400869015
144	16	0.1827923035455784
28	29	0.5344686491587277
28	133	0.4038494024414824
28	44	0.3145166046596389
28	115	0.23677047486949765
28	16	0.2254779116928897
29	133	0.3554952621065756
29	44	0.3265396762339153
29	115	0.2391477795412398
29	48	0.18135169765657874
29	16	0.156298268380104
133	16	0.3643650439306796
133	44	0.2939277182462053
133	115	0.25353775634233666
133	48	0.17181861577769414
16	48	0.36525796376388014
16	44	0.3339611051586731
16	115	0.2930686910501683
44	48	0.2444203899012922
44	115	0.20297169766984827
48	115	0.17586258967139465
186	59	0.2353446171649107
186	115	0.17674430416096615
59	54	0.19399973465413556
