11	95	0.8110192620996813
11	197	0.7855873005379931
11	112	0.5111313338604087
11	79	0.7008911386512039
11	198	0.6698494530051883
11	70	0.6272867563451102
11	181	0.6094588682228952
11	96	0.5942689273853743
11	98	0.5928699498096328
11	199	0.5666944175594665
11	176	0.5541356291410899
11	106	0.5402934931684722
11	93	0.4982984667021273
11	41	0.4918516829691762
11	145	0.4876328551605757
11	9	0.4858701579388197
11	190	0.4318674393372341
11	81	0.4294238091506653
11	170	0.4207722129829559
11	85	0.3969388564339596
11	97	0.39170291258201095
11	66	0.3877082330732611
11	71	0.3754908727480713
11	83	0.37457996352810136
11	196	0.3695397909019191
11	100	0.366366675675562
11	177	0.36242953347498186
11	183	0.36046479019380334
11	135	0.3290923288048797
11	99	0.32687911539738346
11	78	0.31472383790521685
11	113	0.306683082449732
11	63	0.3023372527284352
11	182	0.3022736499294815
11	160	0.2989261806686904
11	6	0.2968393830308459
11	175	0.2851692962407525
95	197	0.7807544368776421
95	79	0.7209834306474806
95	198	0.6644446827335551
95	96	0.6627377634043934
95	181	0.5981618472891833
95	98	0.5512394199780309
95	85	0.5405695873245262
95	190	0.5166726496464839
95	106	0.5121869665662624
95	145	0.495172470932455
95	70	0.4897489365803974
95	199	0.4868168605203168
95	83	0.4777694714249024
95	93	0.4696724510538802
95	97	0.4660011572436684
95	81	0.4624631238942568
95	41	0.4599043715433498
95	100	0.4260739898151129
95	99	0.4169958474038376
95	66	0.3771132419394728
95	170	0.3540354461963157
95	176	0.3497422041292417
95	196	0.33765199131783097
95	9	0.3310081215507781
95	71	0.3150571501716859
95	112	0.3107903280542563
95	101	0.2971676270368419
95	183	0.2921908980436917
95	135	0.2882530895087643
95	63	0.2861152568811873
197	181	0.7599049089525142
197	79	0.7481368592071702
197	106	0.6044312472400205
197	100	0.5106657748075416
197	198	0.6766939909725987
197	199	0.6325946189381543
197	145	0.6048372743537908
197	190	0.5182103826099566
197	41	0.50813322765097
197	70	0.5018231694838299
197	96	0.497139962702936
197	98	0.4922078990996817
197	176	0.4734206822434761
197	135	0.46003052033469793
197	139	0.4392248798687915
197	196	0.4263194967130776
197	183	0.4212905344835648
197	93	0.4031461632900829
197	99	0.4020149595417971
197	170	0.39441697662598457
197	85	0.3930565731796491
197	175	0.3855479171774948
197	112	0.3836648260390366
197	83	0.3829226413615582
197	9	0.3754565119678239
197	81	0.3707652323191358
197	66	0.3604212861530042
197	182	0.3603429749282789
197	97	0.3528103172980833
197	36	0.33512449119864285
197	194	0.3276559348239389
197	5	0.3237495225279138
197	177	0.3041533365386361
197	63	0.30267339421937745
197	61	0.2871615925313073
197	101	0.2863172345375247
197	65	0.2857387761338499
112	113	0.7296179813040792
112	12	0.6860896831460512
112	103	0.6600882450645927
112	108	0.5854664430843488
112	13	0.5540386108965144
112	3	0.5428728976798229
112	9	0.5348542831842799
112	6	0.4641045422202035
112	1	0.4486749390521173
112	114	0.4375284464591517
112	106	0.4334605302183199
112	111	0.4317454078557098
112	109	0.3950247972908605
112	105	0.37902449337461946
112	176	0.3691684525708973
112	0	0.3672840410608368
112	170	0.3658470962485864
112	8	0.3561677676891412
112	193	0.3555389424860619
112	179	0.3398474064361913
112	38	0.3262448317655917
112	196	0.3238658918416381
112	135	0.3159305997891541
112	192	0.3095340471247322
112	87	0.3095159632393097
112	70	0.308276684695004
112	36	0.30679179190692074
112	160	0.3061394151826767
112	5	0.3025098753254785
112	7	0.2976416332760267
112	173	0.285894888618898
112	190	0.2837723005004093
112	177	0.28335848470842423
112	66	0.281490405544873
112	50	0.2800626008376924
112	189	0.2797584563094234
181	199	0.7853574806834959
181	145	0.7707204956255254
181	198	0.7520381190056821
181	135	0.5990217087857902
181	183	0.7024901705854177
181	79	0.6456658619920872
181	175	0.6289396975069054
181	182	0.6106893741397857
181	196	0.6056103931680012
181	98	0.5624228598165301
181	170	0.5513716717943344
181	176	0.536686562945492
181	190	0.5322218480443455
181	81	0.5210718705277465
181	41	0.5066332528149112
181	70	0.4861451246998742
181	194	0.468252716851706
181	139	0.4519117097447561
181	100	0.4516490645696117
181	96	0.45139430355909294
181	180	0.4417475686143911
181	106	0.4291219909884236
181	92	0.40553857159418105
181	65	0.3907119733651755
181	97	0.3866456157373364
181	160	0.3602820626860981
181	66	0.3495490995883162
181	23	0.34645539552958915
181	99	0.3445356169378731
181	147	0.34392737874421664
181	61	0.325610254222675
181	63	0.3244744331307089
181	166	0.3129568903553693
181	193	0.3129208075843033
181	162	0.3043529711416506
181	78	0.3016920138784555
181	83	0.3005098744023525
181	85	0.2937267118223309
79	198	0.6056293899044076
79	190	0.5743297769287383
79	199	0.5565078735546494
79	41	0.5495385660151721
79	96	0.5347900263107092
79	145	0.5248134898824878
79	98	0.513984617816448
79	83	0.5102590893678227
79	81	0.4950214951378506
79	100	0.4879833950372023
79	85	0.4609917940979892
79	70	0.4597230001285633
79	106	0.4560479257174755
79	93	0.4384012880425495
79	183	0.3984541633055656
79	196	0.3845172999918683
79	170	0.3708773562227157
79	61	0.3680277940450161
79	97	0.3658904032514717
79	63	0.3586014162526484
79	78	0.3577035377552629
79	139	0.3575552805507865
79	92	0.35165408666028186
79	99	0.34368047506564514
79	194	0.3357013649804628
79	176	0.3333123640306932
79	66	0.3177478170754677
79	135	0.3076340186437037
79	160	0.3009919353014185
79	175	0.29951798363686616
79	65	0.2988533274755468
79	69	0.2853897639809639
79	36	0.2831745326921753
106	5	0.6307676460309876
106	109	0.5480360772943441
106	9	0.5060383536275411
106	103	0.3949910385410758
106	100	0.3897455710015391
106	113	0.35699697416509596
106	199	0.3364908299884895
106	101	0.32905666040580606
106	41	0.3192035053304568
106	139	0.31046506430241383
106	145	0.3065471843760644
106	0	0.30107377943103897
106	12	0.294265715876124
106	198	0.2941378335321805
106	14	0.2938911735567071
106	6	0.2918250055073782
106	114	0.2886656455370443
106	196	0.28314693809223995
100	190	0.4125911886395359
100	145	0.3947969050295911
100	30	0.3231048382660381
100	199	0.32275550899169664
100	139	0.3213124758869626
100	41	0.31917656179878523
100	175	0.3185297623192969
100	36	0.3054051475514057
100	99	0.3045797961954446
100	198	0.3008191386890965
100	135	0.29970003052467115
100	10	0.28783125493282385
100	32	0.2873083919003961
100	40	0.28672111350508805
199	196	0.7058527703171458
199	182	0.7039711851321625
199	72	0.3632544617889529
199	145	0.7561744277782402
199	198	0.7512942730342791
199	183	0.7246366093208844
199	98	0.6960824546283848
199	170	0.6048372743537908
199	176	0.6011397840165936
199	41	0.5986496992436717
199	175	0.5790152292361356
199	70	0.5786894135541001
199	180	0.5676372860873261
199	194	0.5431620018123919
199	135	0.5251104999854762
199	190	0.5195695828272316
199	96	0.5068859390126645
199	139	0.49710231917438796
199	193	0.4781861015150855
199	81	0.47790065594519504
199	92	0.474939981334387
199	97	0.465687961712001
199	78	0.4630839379618923
199	38	0.4350428091336881
199	160	0.4086170877582691
199	177	0.40640716494861895
199	147	0.3950838725358978
199	173	0.3933524597481088
199	66	0.3786647731497679
199	83	0.3655005831978832
199	93	0.3581743527836129
199	63	0.3563336539203519
199	65	0.3558359278745896
199	158	0.35086513171499034
199	91	0.3453637659828657
199	23	0.3449233280293405
199	60	0.33971472411237397
199	185	0.3396439546767138
199	178	0.3322274619042316
199	36	0.3202359513713781
199	61	0.3138496508670377
199	179	0.3122440884654326
199	162	0.2992994985808176
199	99	0.29107465882396577
199	166	0.29041552240921825
145	183	0.7412373437149766
145	180	0.6241103952834038
145	41	0.6031476627999401
145	198	0.6837165351002593
145	196	0.6625133924739413
145	175	0.6235117528382464
145	182	0.5647565492999821
145	170	0.5468806003362177
145	194	0.5404067766450918
145	139	0.5270632258683934
145	135	0.5060457928417421
145	98	0.5009173299517302
145	190	0.4977645718711282
145	176	0.47991204714158503
145	92	0.4417636656538849
145	70	0.4105312591815589
145	61	0.4056388313306309
145	81	0.3949403984162246
145	173	0.39387640168508187
145	97	0.39137270031113336
145	166	0.3854372357661671
145	193	0.38406557035791616
145	96	0.3666004119228435
145	91	0.3642176043198777
145	160	0.3556000924083058
145	72	0.3452052258324073
145	23	0.3440331800521307
145	93	0.33260105221683445
145	177	0.3305361089673373
145	99	0.31393979787714155
145	165	0.30965158692191336
145	65	0.3066921418768174
145	36	0.2976416332760267
145	83	0.287023955870779
198	96	0.7602596198546332
198	190	0.614257397503656
198	98	0.7039257840444446
198	81	0.6421594804507719
198	176	0.6364120116793465
198	183	0.6330922115210615
198	70	0.6262302745776482
198	196	0.5854993035745868
198	97	0.568517760149323
198	182	0.5493081818136114
198	170	0.5431831507189605
198	93	0.5267453822618748
198	41	0.5051972375570841
198	135	0.5051823418915578
198	177	0.4707317683497114
198	66	0.4690564904821588
198	194	0.4574486694798749
198	85	0.4454984952604997
198	175	0.399664845173802
198	180	0.3981596902527745
198	78	0.3955647921599567
198	193	0.38752978525842857
198	63	0.38406557035791616
198	83	0.3813513347659571
198	65	0.3760405048155294
198	92	0.363037430535084
198	91	0.3601689317994718
198	160	0.35608918216337315
198	71	0.3480471389067497
198	162	0.31576855676182003
198	173	0.30728994113926833
135	147	0.5009622735106091
135	182	0.5603820774955467
135	196	0.5534284372899321
135	170	0.5078809718678395
135	183	0.5069973905345718
135	162	0.4962360016336501
135	175	0.43574788394014985
135	167	0.4324854891536679
135	190	0.4317047271824192
135	193	0.41095521706381016
135	194	0.35115447311053544
135	176	0.3481262341159577
135	160	0.3331256813641961
135	65	0.3023554244622651
135	173	0.29538880026972153
135	180	0.28354241587610923
135	98	0.28061544683622514
196	193	0.65550448653018
196	170	0.6791151766213586
196	173	0.6044249005729859
196	194	0.6366261553185057
196	183	0.6130978746639429
196	182	0.6126358229818324
196	180	0.5610539607880036
196	41	0.5531439487982566
196	195	0.495225305396699
196	98	0.4881509889275876
196	176	0.4643634228634547
196	190	0.4438618867281899
196	175	0.4359017947142138
196	38	0.4157972575520029
196	139	0.41320502980923296
196	93	0.3799831872864993
196	92	0.37341879575201703
196	81	0.35727615927306994
196	160	0.35109310326459403
196	158	0.3497773108537169
196	83	0.34845135123015114
196	191	0.3466401755014598
196	60	0.3411646490188942
196	96	0.3369430070509141
196	179	0.3365529027007987
196	78	0.3356392521994216
196	177	0.3345118424424591
196	70	0.33260105221683445
196	174	0.329270656713057
196	97	0.325610254222675
196	192	0.3254493287593743
196	87	0.3242775814864594
196	91	0.3075887498819022
196	162	0.3068733187473193
196	169	0.3042531571808136
196	66	0.30288230909988845
196	165	0.2997273356759134
196	156	0.29167862456722266
182	183	0.7006926712821118
182	180	0.6044756717610533
182	194	0.5744503906137902
182	193	0.5470978491971928
182	170	0.5366367233458755
182	175	0.5051599978288865
182	98	0.5046458974856042
182	176	0.4947949753891974
182	81	0.4463076772927073
182	173	0.4425440305321896
182	190	0.4125579973513341
182	192	0.4021658577357826
182	147	0.39194838965064505
182	172	0.3884896618636551
182	78	0.3726698668225789
182	60	0.3670417874726313
182	158	0.35930704920478784
182	185	0.35274902904296385
182	189	0.3270934545886869
182	179	0.32137524755550634
182	162	0.3207653461584322
182	80	0.3182781490235572
182	167	0.31703740019731474
182	41	0.3162636303513383
182	38	0.3048519406646931
182	184	0.30351795784211866
182	96	0.3018192659729192
182	86	0.3018192659729192
182	70	0.29439358768371243
182	195	0.28690466117785624
72	178	0.5149772851692149
72	58	0.3178467076143428
72	41	0.3509966588406636
72	62	0.3384048675207319
72	55	0.31982306406836897
72	66	0.31796356933610936
72	59	0.3174061420332415
72	194	0.3150751648380131
72	44	0.31429131712381625
72	195	0.3096244631931128
72	183	0.308539101218393
72	193	0.3069004933601236
72	180	0.30437111841656384
72	24	0.30422593403184955
72	36	0.30359058622638363
72	50	0.3017011036703197
72	67	0.29846168189439115
72	90	0.29215431263695024
72	34	0.29103804737599903
72	61	0.2892063899442444
72	97	0.2805693834414087
183	175	0.7048327132084834
183	176	0.6171012872581877
183	180	0.6082695214693543
183	170	0.5340399057623947
183	194	0.5245525951138632
183	81	0.5034971935951336
183	98	0.4722016567929772
183	165	0.4665802612011292
183	190	0.4614011889369079
183	177	0.44672400155239017
183	173	0.4351806243581392
183	166	0.4316721813792883
183	70	0.42093678927989137
183	139	0.4111629746671061
183	97	0.4100821690617961
183	193	0.3966355348670904
183	160	0.3911694426448871
183	61	0.3729626095564473
183	65	0.3474493705552348
183	23	0.34192432768741604
183	169	0.3402011598245912
183	92	0.3376785707825676
183	179	0.33101702585753856
183	174	0.32802186869550204
183	41	0.3247696579012793
183	158	0.32396435053087697
183	96	0.3150211201579596
183	91	0.3083671784535581
183	178	0.29103804737599903
183	162	0.2898385518626572
183	185	0.2894079762410656
183	78	0.2860326223281596
183	159	0.2855734640298147
180	194	0.6210545776703823
180	193	0.525827143570625
180	170	0.4874956445628042
180	173	0.4835673672621684
180	91	0.4807582529551905
180	175	0.4729006825670143
180	179	0.4245832365110347
180	41	0.3873173095113006
180	190	0.3867646800150595
180	92	0.3850625394643031
180	98	0.3588540974251712
180	192	0.3533267694136779
180	195	0.3376697110208221
180	158	0.3368011642996569
180	176	0.326298444574658
180	81	0.3201462036040862
180	97	0.3144264938952668
180	159	0.2988533274755468
180	172	0.2971858607564988
180	93	0.2958816041613005
180	160	0.2941286986759629
180	174	0.29011332604652473
41	92	0.5844533977771904
41	139	0.5398614202257256
41	98	0.5181811236835067
41	93	0.4876480992958743
41	40	0.4517286622865702
41	66	0.4455706301662305
41	70	0.4441830243449672
41	170	0.4423912282775027
41	38	0.4309558894327925
41	195	0.42594302713543136
41	36	0.4207557538295513
41	193	0.3956407070216879
41	96	0.3908729568018237
41	83	0.3864584886860247
41	97	0.3835454274443744
41	67	0.3818810435737568
41	176	0.3784763025943267
41	194	0.3706185924435984
41	61	0.3650759666164345
41	173	0.3629853371709942
41	32	0.33664157293064906
41	190	0.3365174329375722
41	91	0.33009957281817665
41	87	0.3294489611355224
41	99	0.3184668632015966
41	89	0.31548943948070435
41	60	0.3150571501716859
41	50	0.3122531134735445
41	192	0.30967871014678416
41	78	0.30900952358524136
41	130	0.29506017697372416
41	85	0.29052539763847546
3	108	0.7692956932965338
3	111	0.7013182384502383
3	103	0.72167417639219
3	12	0.6950655871751338
3	9	0.6623731002392949
3	13	0.6179055833749248
3	8	0.5557204334840393
3	113	0.5373127984518952
3	105	0.5356462759564949
3	6	0.5281745176876047
3	1	0.4877014514277802
3	5	0.4461154624378006
3	0	0.4415543819560138
3	109	0.3831018347019687
3	76	0.3367125048163181
3	119	0.3364287543519458
3	87	0.32968963483459673
3	14	0.3247070397509768
3	115	0.3222537541818418
3	102	0.3003643163944737
108	103	0.7680683119122106
108	12	0.7602596198546332
108	9	0.6956904907416381
108	6	0.6361680063268945
108	8	0.6056483859505275
108	105	0.5700858362353007
108	111	0.6842008374889879
108	13	0.6385431108685039
108	113	0.5911096767743652
108	1	0.5062689342557799
108	5	0.4023251154630879
108	0	0.3630461125418051
108	109	0.3499352789562585
108	102	0.3367834328807055
108	154	0.3270220119296081
108	115	0.31881726541739497
108	179	0.3039264466040623
108	88	0.29959990743622944
108	87	0.2833400904448005
111	13	0.7210074389266187
111	1	0.5767906993087163
111	103	0.6794383264551362
111	12	0.6134971489786119
111	113	0.5780904950804293
111	8	0.5753475085514603
111	105	0.560375217737834
111	6	0.4801121401210702
111	102	0.4113789972710577
111	0	0.4113125336982138
111	9	0.3812402350080063
111	154	0.3659943335932561
111	88	0.3000549591793105
111	84	0.2815548576953924
103	12	0.7194288249811887
103	13	0.6886271311205541
103	113	0.6564274141164467
103	9	0.5558862933116021
103	6	0.5341757042436374
103	1	0.5249004329027067
103	8	0.5177420942442945
103	105	0.44901032596652907
103	0	0.4472601342414417
103	109	0.4124750143381979
103	102	0.4052628070051494
103	5	0.3429659504895561
103	114	0.3168754832473546
103	119	0.3066377844808168
103	154	0.2893438379301905
12	113	0.7202190642503119
12	13	0.6632477642643331
12	9	0.6446559449415495
12	6	0.6117104621562355
12	105	0.5258560831945235
12	8	0.4954818778309616
12	1	0.486931303564185
12	0	0.3512772037511377
12	114	0.32610185401393194
12	154	0.3202180022777126
12	102	0.3195986178253511
12	5	0.3022554772068101
12	109	0.2834412563145605
9	6	0.5090376632822252
9	5	0.4826014143455194
9	113	0.474203939045274
9	109	0.4475640667522731
9	105	0.442431441888019
9	13	0.4378760656467871
9	8	0.4326561944707192
9	1	0.3708773562227157
9	15	0.3601341201643449
9	14	0.3572150929837216
9	115	0.3517855306363745
9	0	0.3487148981690065
9	191	0.3014647512601705
9	77	0.2980243773792969
9	43	0.29714027605097193
9	87	0.29133091508418923
9	116	0.2892888601672007
6	105	0.5317414610797029
6	113	0.4991248818891343
6	13	0.4225153110423769
6	1	0.3842190086035763
6	5	0.353309266086112
6	8	0.3277541218593919
6	154	0.29562609585855065
6	119	0.29144072640044033
8	13	0.5615334253230164
8	1	0.4126575679292781
8	105	0.3653619495999713
8	113	0.3345207234310236
8	0	0.3186914900271274
8	88	0.297112924577473
8	10	0.2949962698894406
8	50	0.29086413135857186
8	189	0.2882347511999175
8	76	0.2842779318379403
105	1	0.40250110883643264
105	13	0.3992025962045049
105	102	0.3864669951515157
105	113	0.34232165601465786
105	115	0.29661139452143304
19	121	0.7631019231679164
19	4	0.3714809144225347
19	117	0.542661276516064
19	18	0.4441990782311654
19	75	0.4371806964466883
19	77	0.4275052278523864
19	15	0.4120849024881725
19	43	0.4092083688912065
19	44	0.40696635085755545
19	42	0.39443386519773066
19	17	0.3821714225951948
19	73	0.3816760247389653
19	152	0.3813171513981615
19	150	0.37363391526586265
19	59	0.35649951769096155
19	49	0.34232165601465786
19	20	0.32367790577346234
19	175	0.31083549782090164
19	123	0.3085481492267063
19	126	0.3064112738040705
19	186	0.3059037639798325
19	188	0.3047703025485505
19	178	0.3040535092168634
19	187	0.3039355228636274
19	40	0.2946766948865251
121	117	0.5636112997076854
121	75	0.5176835363690815
121	15	0.5557066098344036
121	77	0.5287871194405654
121	73	0.4831841933482395
121	43	0.4477319851127095
121	17	0.4332412343269376
121	18	0.430255351732397
121	49	0.39088990103599336
121	42	0.37004910959917614
121	152	0.3559581950937419
121	150	0.3510492658134371
121	188	0.3431335906913043
121	4	0.34121766433454903
121	16	0.3257264664379396
121	23	0.31938311568604794
121	175	0.310338553202283
121	147	0.3083128828680495
121	20	0.30623910247770336
121	76	0.3037176774096708
121	119	0.29817015946187264
121	25	0.2947132210817885
121	178	0.2834044694553348
121	126	0.2821808320177868
121	124	0.28002573782716955
4	75	0.3361892923688765
4	49	0.31039277359156103
4	152	0.29779656504301355
4	107	0.29195307761735384
4	17	0.28054174478414795
117	15	0.6156130395536098
117	16	0.515520828747541
117	17	0.5812046842888478
117	77	0.5117737559641327
117	18	0.4532634888096148
117	75	0.4332737258451688
117	115	0.4273090703029038
117	23	0.4099823442361554
117	118	0.3992614391701931
117	73	0.3895589733591419
117	26	0.3813769716074343
117	132	0.3726354216223154
117	187	0.3662281434827388
117	152	0.3644604362995777
117	188	0.3636623738283744
117	49	0.3615084164262864
117	42	0.34900473611865
117	126	0.33527539016811714
117	25	0.3249843270854623
117	14	0.3043076019878287
117	186	0.2992357678589911
117	119	0.29631039791567043
117	116	0.2894629498678085
117	43	0.2876202957419973
75	73	0.5209407310901758
75	77	0.5137859188972504
75	76	0.4936613679860376
75	15	0.453303215519734
75	56	0.3640094231974908
75	188	0.3596988901222732
75	147	0.3537642721835071
75	43	0.3334901327514173
75	184	0.3081771351162118
75	16	0.3081137818698964
75	187	0.3077245519893456
75	49	0.3065290636884948
75	78	0.29830681753214483
75	63	0.2821900357315957
75	167	0.281490405544873
113	13	0.6609450956305503
113	114	0.4932377237796221
113	1	0.4846622219422922
113	0	0.3794611425524333
113	179	0.3293419813008676
113	109	0.3255029726758719
113	124	0.31890709810820145
113	5	0.2958907286750656
113	160	0.2863998544280153
113	51	0.28382746795793146
113	7	0.28356080784577664
113	154	0.2797676736356981
96	98	0.7338131755889771
96	81	0.6566265544234091
96	93	0.6191342743682802
96	85	0.5976864071479625
96	70	0.5645998874441032
96	66	0.5069305216554021
96	97	0.5009173299517302
96	78	0.4858777972035988
96	83	0.431428052033111
96	91	0.4275297447163512
96	190	0.4238534020375619
96	176	0.40755024929576256
96	90	0.3765727086606284
96	63	0.3705582059469465
96	92	0.35754655897738885
96	65	0.35320424092635294
96	170	0.3452668826770522
96	193	0.32502010202787723
96	177	0.31456165791637114
96	88	0.3079689641882929
96	94	0.29933591493722816
96	160	0.29223662859950594
96	80	0.2891239154280115
96	71	0.284167625748663
96	87	0.28002573782716955
98	70	0.6570586582964477
98	78	0.5607592457703997
98	66	0.5201023153122148
98	38	0.5001678729569984
98	81	0.6367094068973143
98	93	0.5795600583519862
98	97	0.5688087076548465
98	176	0.5297949105676273
98	92	0.5091784169921314
98	91	0.4939487074822397
98	60	0.4754354671471255
98	83	0.4563409237713738
98	170	0.4544068968994752
98	190	0.4340613002620538
98	194	0.42614764847631853
98	63	0.42384519851985547
98	80	0.4184157444835767
98	87	0.4030037830943753
98	193	0.3906102872996036
98	85	0.380855573894794
98	177	0.3654745906331716
98	173	0.3619951323746553
98	65	0.34592730462164833
98	89	0.3432482792887641
98	90	0.3320762171282804
98	94	0.3309279801374112
98	158	0.3264771387757611
98	71	0.3248143834084329
98	88	0.3188621824789044
98	52	0.2953522900200853
98	191	0.29241039252223217
98	185	0.289307186300275
81	65	0.4808505122124857
81	97	0.5250380702860775
81	78	0.5169658087931663
81	91	0.4987944246221016
81	70	0.4855033859382546
81	93	0.4712453603683413
81	190	0.42602488090241786
81	60	0.41799494130898496
81	85	0.4078337369528422
81	92	0.3995472010704064
81	68	0.38658607876430573
81	90	0.384253103109705
81	176	0.3821970406515849
81	63	0.3746831216728001
81	66	0.3734704280993044
81	175	0.365613211057806
81	86	0.3465785851658714
81	194	0.3408023196177372
81	170	0.3379886247393971
81	80	0.3367125048163181
81	185	0.33279670073645345
81	160	0.3158675852457533
81	69	0.3090909275013989
81	94	0.2858030595825926
93	91	0.5731222683650248
93	90	0.4973281522742471
93	85	0.4825784011360939
93	66	0.4820258842335429
93	88	0.4574407620365548
93	70	0.44478484982229227
93	92	0.40442670638610745
93	193	0.3904746910497613
93	87	0.3882943569860923
93	50	0.3860501010399193
93	194	0.37524173371041947
93	97	0.3727731962615943
93	89	0.371325743701038
93	78	0.3698592201387593
93	60	0.3616909580152545
93	176	0.3445796809391886
93	94	0.3386616321375541
93	170	0.3328856224124708
93	177	0.3319160569871596
93	192	0.3314532646524257
93	179	0.3054595502162001
93	83	0.3046523729186775
93	71	0.30426223145336795
93	160	0.2822176465613545
85	160	0.4375284464591517
85	66	0.4321114548696568
85	91	0.3897116465370855
85	190	0.3818554182741332
85	90	0.3662194846815589
85	55	0.34203912399209263
85	82	0.3289139774206189
85	83	0.3040807355124137
85	63	0.3027278965585135
85	97	0.3016192935691788
85	88	0.2930412674867971
85	193	0.2833308932348099
190	83	0.6149978544461002
190	194	0.5183785978975329
190	193	0.48891993524872296
190	170	0.452627616603374
190	97	0.39104238722073903
190	191	0.3834430755854649
190	66	0.3729970449983786
190	63	0.3432747444347956
190	184	0.3255297938483961
190	175	0.32272863386503936
190	162	0.3139848692597845
190	70	0.30958829743754823
190	99	0.30181017689418
190	158	0.28753773889427503
190	87	0.28654672371636863
190	167	0.28113126850744674
70	176	0.7524982570171572
70	97	0.6338286466147562
70	177	0.6064076618001584
70	71	0.5571702065286109
70	92	0.4021910053110563
70	61	0.3998580890495068
70	170	0.397250513278888
70	69	0.3823165838134343
70	66	0.3600906042100275
70	139	0.34220688484288186
70	38	0.34090837773331906
70	175	0.324340219148028
70	160	0.31890709810820145
70	36	0.3025734681230263
70	78	0.3014829335306167
70	60	0.2983432576190169
70	67	0.29428398392237753
176	177	0.7006010343649502
176	71	0.5004752410686905
176	97	0.4949082436715108
176	170	0.4614484141660354
176	175	0.4559607991152579
176	173	0.3973178864999965
176	139	0.3916267187015891
176	160	0.3623774136516627
176	61	0.3200923521852321
176	168	0.30265522633307257
176	174	0.28793213858685063
176	51	0.2872900427172022
176	92	0.2857846931453888
97	177	0.4716575591184448
97	71	0.4104896851239592
97	38	0.37225645666111024
97	60	0.3570231504795553
97	91	0.356962071540292
97	170	0.32902099106776594
97	92	0.326584344096579
97	63	0.3141110616020745
97	175	0.3057315336230165
97	66	0.3042168595384322
97	160	0.2976872030707224
97	69	0.2837631057415028
177	71	0.6522013187258925
177	51	0.3700232174020479
177	170	0.3653792796862497
177	168	0.3319160569871596
177	155	0.33122180864058864
177	160	0.32836986080466674
177	173	0.3237584743613986
177	171	0.31612862735045244
177	174	0.3028550609831024
177	122	0.3022100444389079
177	169	0.3002096456810137
177	156	0.2963286418105125
177	50	0.2839837655495959
177	158	0.27990592734014186
32	36	0.7476697802625042
32	61	0.7450742371908369
32	40	0.6752875283201103
32	141	0.6669393794704351
32	166	0.6447202264413423
32	62	0.6138026315335671
32	139	0.6094085809801265
32	114	0.6037707829226037
32	31	0.5633109946414699
32	35	0.5447321916538888
32	44	0.5381444903235756
32	130	0.5266442193000213
32	134	0.4758610344369515
32	137	0.4631860537384864
32	140	0.4530330383833769
32	37	0.449816333792012
32	144	0.4470201145315726
32	27	0.4396848011317265
32	30	0.429627686057052
32	67	0.41129591712153135
32	33	0.4006894720405674
32	110	0.36581244950550185
32	165	0.3599948635948875
32	10	0.3467545496232836
32	164	0.3367745670816538
32	150	0.32852152178692096
32	34	0.3061575406448653
32	149	0.2981428263807033
32	64	0.29460363991283384
32	69	0.2892155535143825
36	139	0.6993872162056869
36	114	0.6703783623665429
36	141	0.6425647663374631
36	40	0.6422946156657497
36	61	0.6362810978068173
36	31	0.5838209654725588
36	130	0.5785563744456812
36	166	0.5550565517048047
36	27	0.5504313869354879
36	44	0.4897945439989187
36	62	0.4531363512368545
36	38	0.4213069846306679
36	30	0.4030372860723168
36	165	0.3990428630063397
36	37	0.3866115950044827
36	164	0.3839462148317741
36	35	0.3761692865813003
36	137	0.37434782379617215
36	134	0.3726268101618008
36	144	0.3540529392505069
36	67	0.3460593479140385
36	178	0.3453285365414397
36	10	0.33636667579156915
36	110	0.33269888005670634
36	150	0.32823602822850545
36	140	0.3253062680736488
36	33	0.2912027921776551
36	195	0.2870331320169285
36	175	0.2800533851624869
61	166	0.7191682157925237
61	62	0.6340140711618121
61	67	0.5524286888151478
61	69	0.4972001884561558
61	139	0.5731894176028789
61	40	0.5638568930951837
61	175	0.5143083053101516
61	35	0.506194561314136
61	114	0.4936008617202975
61	141	0.4769819168442819
61	30	0.4610626649483383
61	137	0.4416187820592067
61	44	0.4155077260043628
61	144	0.4101487134877291
61	31	0.4087420349103395
61	134	0.4074501760667426
61	165	0.39170291258201095
61	33	0.3803852534564214
61	130	0.3754822826497717
61	140	0.3646511980908543
61	37	0.3527227617213233
61	138	0.34434171729792284
61	110	0.32695949653637657
61	92	0.3260839807457481
61	178	0.30494264442869623
61	71	0.29148647884884565
61	10	0.28668440144393986
61	171	0.2845077120171622
40	139	0.488607880220804
40	35	0.4870686131508512
40	141	0.456000403199813
40	62	0.4386355215064763
40	69	0.4383528185090227
40	31	0.4218496839277879
40	114	0.42091210460159495
40	130	0.4123588266187663
40	166	0.3994295438050504
40	44	0.3850966080131721
40	27	0.378502004973138
40	137	0.3752503256145915
40	30	0.36014282316715696
40	144	0.3527665402818703
40	67	0.3158765874940037
40	37	0.3132365011947909
40	92	0.3003188266474649
40	134	0.29289500033958765
40	34	0.2832849064031268
40	150	0.2805693834414087
141	130	0.6404108859799545
141	140	0.5973134707523006
141	27	0.5672440396744155
141	144	0.5440003798176561
141	166	0.6402692944849482
141	114	0.6134160717505189
141	139	0.6012674948524924
141	31	0.5561488142078795
141	137	0.5508912564953952
141	149	0.5456457910633052
141	30	0.5068859390126645
141	134	0.5067075813236483
141	62	0.5035345171842884
141	44	0.4691344854243691
141	164	0.4663768377846789
141	35	0.4524367650969543
141	37	0.442471653719398
141	34	0.4424636114954571
141	150	0.41704541303145337
141	138	0.3911525027830195
141	110	0.3559756608446649
141	165	0.3248948856603394
141	136	0.32005645009012884
141	10	0.30501520345712274
141	33	0.29663875492838176
141	39	0.2926664304779131
141	128	0.2903972091263646
141	7	0.2830641514797632
139	166	0.6722735170604912
139	114	0.6128731451138261
139	130	0.5347043408569422
139	62	0.451043886983852
139	31	0.4230983874062034
139	165	0.398210177178266
139	137	0.3721013897488609
139	27	0.3548923143523176
139	175	0.3505055536078045
139	44	0.34368047506564514
139	144	0.3109800316383969
139	164	0.3095250052100081
139	195	0.298798685294493
139	170	0.29840702567822314
139	178	0.29339773618737297
139	67	0.2833216959727021
139	38	0.2820611790120233
139	92	0.27993357668811225
114	166	0.5775709280315068
114	130	0.5642455454211879
114	110	0.5351754747598806
114	31	0.4930409522472804
114	10	0.476703773324942
114	134	0.443098727863262
114	27	0.4158882357809685
114	144	0.4128981561133514
114	140	0.4095746242674391
114	164	0.39138963672675103
114	37	0.3869772627263328
114	30	0.3836477698821368
114	137	0.35810461389482645
114	150	0.3543765160583096
114	7	0.3249217186981919
114	62	0.3223792098735309
114	44	0.3189879426312627
114	13	0.3106096349507341
114	148	0.3024917054600429
114	165	0.2950693063417064
114	171	0.2843055071844843
114	149	0.28040354452012795
166	137	0.606470884940819
166	175	0.5565561926013423
166	62	0.5503825932853594
166	140	0.5352325592926368
166	150	0.4920639166732775
166	138	0.4898021449747361
166	30	0.4785099984271529
166	165	0.4776228282118401
166	144	0.477398953043176
166	130	0.4746069075671186
166	134	0.44817961303113296
166	164	0.44466451682924574
166	35	0.4386597491540339
166	171	0.4272273261143292
166	33	0.4062151353625552
166	110	0.39746946058767424
166	34	0.3849347730594477
166	44	0.37872473446957344
166	37	0.37535342343477296
166	31	0.36858097922087374
166	149	0.3645991751824799
166	67	0.3313998552663257
166	10	0.3193382152477925
166	27	0.31591259591827464
166	172	0.311115519030288
166	136	0.3097419957115611
166	178	0.2896919860888253
62	35	0.5680235001941912
62	33	0.5756551557203319
62	44	0.5705446597525449
62	67	0.5294567472328507
62	140	0.4885698161739468
62	137	0.4824403078866215
62	34	0.4810964848469178
62	130	0.4565150919344347
62	31	0.4451938618894797
62	149	0.4389988692578694
62	164	0.4368328156642
62	165	0.3971325998377359
62	27	0.394847551954042
62	134	0.3948222287917645
62	144	0.36581244950550185
62	60	0.36481592228187504
62	138	0.3647985839685145
62	45	0.3522148176045279
62	69	0.3443240886008848
62	175	0.33751908591754803
62	171	0.3321207026589149
62	122	0.33016194377591257
62	150	0.32989461937856496
62	174	0.29677554965792424
62	37	0.2878129117638579
62	54	0.2835883954091335
67	92	0.4433237257272897
67	44	0.4206569930920533
67	69	0.4100572137763535
67	173	0.4025932839693081
67	68	0.40179695692742906
67	60	0.38605861066026254
67	50	0.3674137992761227
67	31	0.3616301138993181
67	33	0.3585665595517101
67	35	0.3417300337692011
67	174	0.3389271976382087
67	86	0.3378911871113309
67	172	0.3088105171744259
67	45	0.30402628242461355
67	171	0.30323648954435045
67	195	0.2954253096565905
67	91	0.29052539763847546
67	54	0.2898568716287363
67	66	0.2872716933231457
67	89	0.2797953253050721
69	42	0.41130422544404494
69	175	0.3775763518117185
69	68	0.37522454970863295
69	35	0.34737902628530704
69	92	0.3063750288746043
69	71	0.291367519709524
175	147	0.3827178136813575
175	172	0.3781164080175123
175	170	0.3665138483359096
175	23	0.3593680105625265
175	171	0.3526702254103394
175	165	0.3493208468382042
175	137	0.3205320782152746
175	194	0.31679451784500706
175	138	0.31446253888110504
175	22	0.31404796681799513
175	160	0.308222385761583
78	80	0.5594278338412255
78	63	0.4349374072651708
78	60	0.42614764847631853
78	90	0.3799831872864993
78	83	0.3627769410254569
78	91	0.3587756847565907
78	185	0.35748550621737285
78	73	0.3469304896757981
78	94	0.34060785720939424
78	68	0.3225673721777044
78	193	0.31014876594012564
78	88	0.3087652846728258
78	147	0.3064112738040705
78	66	0.3049335743012017
78	86	0.29592722619014245
78	38	0.29517885455479737
78	74	0.2849120457343957
78	22	0.27974923893157605
66	91	0.4983285340483341
66	50	0.4628246657720117
66	88	0.4607555154585911
66	193	0.4411115080963025
66	92	0.4404266439331851
66	90	0.40458561759072825
66	63	0.3960876515286375
66	83	0.3891262830906836
66	194	0.3670590929521173
66	87	0.3616735742964885
66	170	0.3586798401735566
66	192	0.34550467401440205
66	65	0.32332872099284804
66	89	0.3126140675679281
66	55	0.3120996806715132
66	38	0.30902761373572496
66	184	0.29476800875996273
66	80	0.2921177263751121
66	191	0.2851141745893296
38	142	0.601184486302663
38	39	0.4813423817576058
38	52	0.4598886016389182
38	63	0.4275542609514226
38	87	0.379358416766318
38	31	0.3730400878558209
38	193	0.3719290688158374
38	60	0.3635669175456703
38	50	0.3625250805970547
38	156	0.3578953732551129
38	191	0.35505837292765663
38	24	0.3446325557365593
38	195	0.34425357138481233
38	28	0.3352665142342311
38	88	0.33444967385892305
38	89	0.32551191312491806
38	185	0.3248143834084329
38	194	0.3222627156781419
38	94	0.3173701714429292
38	192	0.3009555587092801
38	170	0.2994633653167329
38	80	0.2956443478548618
38	44	0.2860142585163299
38	92	0.2821808320177868
13	102	0.5442467551530646
13	0	0.5229488320338127
13	1	0.5243423582117279
13	7	0.3788103879829276
13	10	0.34250703402116545
13	179	0.3380949120707635
13	88	0.33696960086438804
13	50	0.29596372284118083
13	87	0.29236466704562275
13	154	0.28544487619814685
102	104	0.5003028305830717
102	7	0.39581782067417537
102	2	0.38909233933293297
102	110	0.3879631081182711
102	10	0.3855564306727065
102	1	0.3748722208450837
102	37	0.3267094063509562
102	134	0.3218952469816795
102	0	0.29092820791783336
0	1	0.3971915581975097
0	109	0.38807353554969504
0	10	0.28885813501601193
1	2	0.3587234068308089
1	10	0.3267987295287664
1	189	0.3082314357232978
1	88	0.29484105598292915
1	160	0.2947862708887187
1	154	0.28335848470842423
1	7	0.2807167817546503
15	17	0.7203489857975838
15	77	0.6594049165734228
15	118	0.5304491737489928
15	43	0.5007899751970882
15	18	0.5634475154035836
15	14	0.5574321843659914
15	115	0.5281745176876047
15	49	0.5184955935735246
15	16	0.5003927888312012
15	152	0.4780472487156216
15	116	0.4571560459004569
15	73	0.4172932039590396
15	119	0.40776704104547695
15	48	0.3884302249426245
15	132	0.3542016202078719
15	186	0.3335878954411541
15	149	0.3324142701001417
15	47	0.32630737983875274
15	188	0.3230511010285275
15	25	0.3213662803471857
15	125	0.32098063588275155
15	76	0.2893530007051128
15	187	0.2825029310853849
17	49	0.6300385099553085
17	18	0.6246717201399908
17	115	0.5660151754260484
17	152	0.5393085187909116
17	48	0.4612909865669786
17	119	0.550661363498786
17	14	0.5281600969016955
17	16	0.4970119670710002
17	118	0.4780858213350125
17	43	0.4585944826947387
17	154	0.4363471821833961
17	47	0.4298641284064899
17	116	0.42004774826008706
17	53	0.4004376073881703
17	51	0.3865265385689249
17	77	0.37225645666111024
17	132	0.3291101626522801
17	153	0.32238817056109353
17	125	0.3219221382254856
17	149	0.3098504788663568
17	155	0.30928085235844904
17	25	0.30091918124131223
17	24	0.29917203446723706
17	174	0.2935348178186888
17	26	0.2932149419098448
77	76	0.5288015269718396
77	43	0.4715720253749378
77	73	0.4387728030778128
77	187	0.4290893562555957
77	16	0.427145574940786
77	188	0.4173344964165485
77	186	0.40515415221393103
77	49	0.3851051249863982
77	167	0.3664272784033925
77	146	0.33430756330901856
77	7	0.31037470035284537
77	18	0.30801422124722155
77	150	0.2967208332272925
77	147	0.2924744059432185
77	132	0.2843606564663785
77	42	0.28305495270686365
77	118	0.2810299592018365
118	14	0.4939789474717185
118	115	0.4916773044034704
118	116	0.4765878520099174
118	132	0.4343939932585806
118	16	0.4322415706231165
118	119	0.413975946629646
118	152	0.3502423821857191
118	18	0.3413148534418768
118	48	0.3245728484153021
118	154	0.31413810137449105
118	127	0.3097058328676906
118	125	0.30941649786770264
118	49	0.3021555233050208
118	51	0.2975778332847937
118	142	0.289701146847819
43	152	0.458286448088625
43	49	0.4487947346086893
43	18	0.432989386880496
43	45	0.3957925205261704
43	76	0.391474314827482
43	119	0.3912880142560895
43	116	0.3911609727470844
43	148	0.3899066977619745
43	149	0.3797521481386533
43	73	0.3758515986120503
43	47	0.3704201679053829
43	31	0.368071021026684
43	125	0.3605865931651162
43	188	0.3596292387814654
43	132	0.3590980155564041
43	115	0.3559669280002896
43	154	0.3550234150891198
43	186	0.35333552098469617
43	57	0.34007735708498354
43	14	0.32171595875167003
43	51	0.31683050303832994
43	21	0.3053870128867228
43	156	0.30123745438346977
43	155	0.2919713727785342
43	143	0.2910655060418947
43	44	0.28202436093699323
49	47	0.6000913966090861
49	119	0.5508564295949566
49	14	0.4500237025042244
49	154	0.4209450173674503
49	18	0.41516845336035896
49	148	0.3925829853299802
49	155	0.37779926330913055
49	48	0.3703338858196871
49	115	0.3634193791818806
49	45	0.3583748298253506
49	153	0.35137362650079995
49	51	0.35118954023939825
49	152	0.3322719424109901
49	116	0.3185657034129661
49	149	0.2878495978906015
18	152	0.5241465629225958
18	119	0.520211730812547
18	16	0.3898982180012412
18	44	0.3856415620140057
18	115	0.3766413620318505
18	154	0.3513210331975932
18	14	0.35124213908541474
18	153	0.3507511303400336
18	149	0.3363755443363322
18	188	0.3149580654490433
18	47	0.29697615989680826
18	116	0.2951149523734539
18	186	0.29234637648064565
18	20	0.2841860106193823
115	14	0.7010945822483318
115	116	0.6772790152541199
115	119	0.4945910501090986
115	132	0.4455305559327923
115	152	0.442431441888019
115	46	0.4419809478452142
115	16	0.43043460843485787
115	125	0.4127986093679878
115	21	0.3634193791818806
115	120	0.3417476980601508
115	51	0.31644361442767843
115	155	0.3093260689268986
115	154	0.3081499840595982
115	47	0.30409888610015223
115	52	0.2899484672728652
152	186	0.5257113729011419
152	151	0.4756598849227529
152	119	0.4696802450951607
152	59	0.465781932626893
152	154	0.4443676268137402
152	51	0.4344102191547823
152	155	0.3941636160801105
152	125	0.3905763898258554
152	116	0.3895335257475608
152	149	0.3641048440617361
152	47	0.3558621290186557
152	50	0.35224985489977345
152	153	0.35025115545772834
152	44	0.3496544330207431
152	132	0.3390068567600389
152	156	0.3159305997891541
152	53	0.3121899372332404
152	14	0.3115489936880973
152	16	0.30131928520435003
152	52	0.2935805090135893
152	188	0.2806246593600831
48	47	0.40966616749174106
48	14	0.362533766321226
48	16	0.3403691589658664
48	51	0.3374216134037389
48	155	0.3160926243875701
48	154	0.2962374201740541
48	125	0.2903605819224893
48	46	0.2864549319889
137	138	0.6524713136599479
137	34	0.5813040057964279
137	165	0.5276551774709304
137	150	0.5162326836843877
137	123	0.5108505563299024
137	140	0.5649744459266169
137	130	0.4985690296645493
137	35	0.4807351864774489
137	30	0.4760466667391615
137	136	0.4644810696596681
137	149	0.4617710499052956
137	144	0.4407328819269027
137	44	0.4397412668030332
137	134	0.4293177758569664
137	110	0.4142824905107702
137	128	0.40058873344362395
137	33	0.3770703518506498
137	37	0.35587086260902706
137	164	0.3475812555209785
137	27	0.3184129474400157
137	31	0.3097871980062756
137	171	0.3077245519893456
137	104	0.2936261988671052
137	178	0.2849120457343957
193	194	0.7184045292796047
193	173	0.5907777761779052
193	195	0.5746714509267441
193	88	0.5723831187256639
193	179	0.5657160651516085
193	170	0.5558793833689019
193	192	0.5295718855665951
193	87	0.5117958982528518
193	191	0.4851670280633037
193	83	0.4564438455499974
193	50	0.4262867660874779
193	89	0.4223099191483671
193	158	0.4090668257992239
193	91	0.3878441738114074
193	80	0.3549709764696821
193	185	0.3327344520415053
193	156	0.3284679963153457
193	55	0.31756799838551725
193	90	0.3097962382971892
193	142	0.3042985279913825
193	86	0.2986893950548441
193	184	0.2941469683346601
193	189	0.2897835912901103
193	60	0.28543569095970184
194	170	0.5139110320532334
194	173	0.4449693292272959
194	83	0.3965259807859896
194	179	0.3813684260587885
194	192	0.379127249552484
194	91	0.3735650813927269
194	195	0.3666783137247562
194	87	0.3629940195559282
194	158	0.3549010548357501
194	191	0.3543327944194067
194	92	0.3450466659783251
194	55	0.33774058743934604
194	88	0.3259052352434222
194	185	0.3165785875357926
194	169	0.2827697649245549
51	155	0.7139133974000507
51	50	0.5509748332288131
51	125	0.549768866672584
51	53	0.465781932626893
51	47	0.4803737248035856
51	119	0.4551128390055914
51	154	0.4414980281333323
51	21	0.43014941136421053
51	89	0.4151105172158519
51	14	0.38432128897772905
51	174	0.3802056246277688
51	116	0.3765297982029641
51	27	0.366531161560976
51	52	0.3411293042692876
51	132	0.33240537506304324
51	195	0.3230242316285461
51	179	0.31724426718519705
51	156	0.3063478445945044
51	157	0.2880055045034271
51	122	0.28355161188701833
51	46	0.2813338683197777
51	24	0.2808549556487206
155	119	0.5769374894271917
155	154	0.5553332551453879
155	125	0.5339255277695364
155	47	0.4780626779846612
155	53	0.43356609882488456
155	153	0.4249356556502404
155	21	0.4099407476596263
155	50	0.396542835995248
155	14	0.37870760298830336
155	46	0.3483107703287218
155	132	0.3279772478810261
155	149	0.3114316070952517
155	174	0.31095293264298995
155	156	0.2960002186280947
155	116	0.2958816041613005
155	122	0.28538057842792336
155	89	0.2799151438410625
50	89	0.6476731315421079
50	195	0.6299962944902435
50	88	0.6120670496614602
50	173	0.5125483314555389
50	87	0.5060011564271786
50	179	0.4875337610335183
50	156	0.4284935756451755
50	192	0.4200642193194959
50	52	0.4198006491627197
50	125	0.4133128280265003
50	142	0.3886594638246548
50	174	0.3640874953821531
50	47	0.3585927021711573
50	91	0.3490925526229363
50	94	0.33954664042311883
50	27	0.32842339014402805
50	90	0.31499409705176656
50	80	0.3146247300948977
50	158	0.31113358306056194
50	60	0.30444370530672266
50	31	0.2938820372500756
50	82	0.2930778321308016
50	191	0.28592243630599723
125	132	0.4621957983989022
125	21	0.4126907559307145
125	116	0.4081171460020603
125	142	0.3722650708803477
125	119	0.3699800624627382
125	47	0.3616561903262313
125	149	0.34988262513276336
125	24	0.3479768278940481
125	14	0.34789772332541913
125	16	0.3453109214557451
125	154	0.34297477420286154
125	53	0.33979433512966595
125	156	0.3347249697664435
125	39	0.31710036290998583
125	25	0.3164616115825521
125	122	0.3086295787888065
125	130	0.2912943096057199
125	46	0.29092820791783336
125	153	0.2885464736867479
125	52	0.28559183288083195
125	82	0.2821348126696341
53	119	0.38255563174575785
53	154	0.371110194397761
53	26	0.3306251806109678
53	124	0.3050333426609789
53	25	0.2931692399899666
53	47	0.29056202101258816
53	157	0.2841308553803056
119	154	0.6141328446338901
119	14	0.5362378717508498
119	116	0.4677607059562813
119	47	0.4617789175439396
119	153	0.4206734539074473
119	149	0.39907649306126775
119	132	0.3683389927962597
119	124	0.3155704791566628
119	120	0.2847742160761006
119	20	0.2842687399512354
119	16	0.2796478443718645
23	25	0.7062840322257569
23	22	0.5539207827928271
23	26	0.4802429431403846
23	28	0.36891794850969106
23	123	0.33803291217540504
23	187	0.2956169697794574
23	34	0.29206284537923904
25	22	0.4214056796914481
25	26	0.3970146732842189
25	28	0.3917537055179021
25	34	0.36374914564030697
25	124	0.33195164978383235
25	132	0.3174151345381084
25	42	0.3086567209709849
25	24	0.29455797880550794
25	187	0.2902598527250677
25	27	0.2897927515182673
22	123	0.4163264687412207
22	187	0.3511983068676786
22	34	0.3406874135362883
22	26	0.2886381451345473
26	29	0.35470000802290463
26	28	0.4089918832504577
26	129	0.3341387872845685
26	132	0.3267540686695291
26	24	0.32391064666107794
26	162	0.3172262799495737
26	187	0.31191012355479125
170	173	0.5979434540643582
170	160	0.4615349869610265
170	195	0.3964417007296912
170	158	0.3784248960857173
170	83	0.3467545496232836
170	92	0.3338900256613825
170	91	0.3151202005105196
170	65	0.3014920245836163
170	169	0.29583598078256657
170	87	0.2929589939037598
170	191	0.2896003755799281
170	159	0.2813522852412399
173	195	0.6480619108514865
173	174	0.5371349508264941
173	60	0.4595652546741933
173	179	0.4305568094511887
173	87	0.4072666830636815
173	158	0.3950332368116173
173	89	0.38966075785727855
173	192	0.3731175609529172
173	191	0.358941216672247
173	88	0.3384048675207319
173	165	0.3318626660200777
173	83	0.33033122184219993
173	156	0.2926207124909216
173	94	0.2857387761338499
14	46	0.5246033323710224
14	116	0.6664227307325097
14	47	0.4589024071354438
14	154	0.4250585622684915
14	5	0.3979577184299093
14	149	0.3513035016037785
14	156	0.32582479216413784
14	174	0.3249217186981919
14	132	0.3226211281546688
14	21	0.3207832882351799
14	153	0.310311442250412
46	47	0.4995152352029089
46	87	0.4595573666401759
46	154	0.4554220043133986
46	191	0.4374314131020105
46	116	0.4047612278681625
46	189	0.403623413277025
46	148	0.3970315207374268
46	153	0.3778335534995856
46	82	0.3402630567724309
46	156	0.3115038461236244
46	192	0.29980924818324706
46	171	0.2942931178648656
46	130	0.28461799489488965
46	21	0.2829997589759334
46	45	0.2812601985615081
116	120	0.34375102382428085
116	149	0.526730931323592
116	52	0.4273090703029038
116	132	0.3963911294881636
116	21	0.39381725975794224
116	45	0.3727990271770388
116	47	0.3689093094823477
116	142	0.3670244817390701
116	39	0.35079497825323996
116	154	0.3275488136219804
116	148	0.3230690136725136
116	156	0.3087743312848825
116	24	0.3028913916954468
116	140	0.28696889788774216
116	57	0.28381827351215105
116	31	0.2814259508543308
87	191	0.6833862254691551
87	88	0.6316880193144179
87	192	0.5301185262020525
87	89	0.5929283121653947
87	83	0.5527551706184618
87	179	0.4989746920279818
87	195	0.470498211893305
87	156	0.41846523893684784
87	158	0.4151519005198101
87	60	0.34405962901427395
87	91	0.33381005668795377
87	80	0.3153633686152636
87	74	0.2997546403361141
87	52	0.2865100076565485
191	83	0.4227042332666081
191	192	0.4100572137763535
191	5	0.3712740155170957
191	88	0.3654745906331716
191	179	0.3348315205894593
191	195	0.2995543947597145
191	156	0.29317838048113626
191	158	0.2918981908519299
88	89	0.6788510754958326
88	80	0.5771242593283566
88	90	0.5765170364865524
88	179	0.5532619231046929
88	91	0.5020176692139926
88	192	0.4896197010053848
88	195	0.4796272133393758
88	94	0.42464881260951576
88	158	0.37512144028194977
88	68	0.3526789816165797
88	142	0.34902229990993405
88	60	0.34817017375734993
88	83	0.34043988894662114
88	55	0.33151557291799905
88	82	0.322244792627784
88	185	0.3159396016392753
88	86	0.30187379929314256
88	156	0.2946584314659816
88	7	0.28560101722765185
88	74	0.28397457199127896
192	179	0.4853122911323811
192	89	0.4068662205613644
192	195	0.3786390744681528
192	148	0.3657604774897364
192	91	0.35825280425643424
192	60	0.34943497839762744
192	146	0.31951780839606336
192	178	0.31233433601012744
192	80	0.29550745262210604
89	179	0.607689589564351
89	195	0.5697212228706123
89	80	0.4330950085594129
89	156	0.4090751524084825
89	158	0.3900593221467248
89	60	0.3749581647048045
89	83	0.3678808104081635
89	90	0.3677683987505515
89	47	0.3592896311107334
89	91	0.34747574864832226
89	142	0.3218952469816795
89	94	0.3100854980246474
89	52	0.29096482192284545
80	60	0.5671422958882272
80	94	0.530017862323035
80	68	0.4975764908622833
80	90	0.4261230962169885
80	84	0.40617338505141937
80	86	0.40115106663901823
80	73	0.36497195571567626
80	185	0.35566997430609826
80	76	0.353991712477046
80	42	0.3253420346415043
80	195	0.3190957281079679
80	91	0.3074438804877558
80	142	0.30378121894872884
80	45	0.2976416332760267
80	179	0.2973317227098231
80	156	0.2866201533109414
90	68	0.5004227725133158
90	55	0.4997553518628314
90	91	0.5286574379458469
90	94	0.4392006671046062
90	84	0.3566828146654738
90	185	0.34119115694804697
90	86	0.3376785707825676
90	74	0.30054626171755866
90	92	0.2880421861940015
90	60	0.2824201116914501
179	195	0.5284412472710986
179	156	0.43694609352853375
179	158	0.3922361192923493
179	142	0.3828373010688964
179	91	0.35892379332311075
179	47	0.32378532951406136
179	60	0.3084938603393508
120	136	0.33769629012655306
120	149	0.3089281151411325
120	82	0.29133091508418923
130	31	0.5465510825070157
130	44	0.5436623410532299
130	27	0.5187806892135288
130	149	0.5061201808426754
130	164	0.4970947902441192
130	144	0.4392813738370936
130	150	0.4123007277279621
130	195	0.39072892011582455
130	140	0.3885575858151
130	34	0.3862543137919504
130	134	0.3729712185132576
130	148	0.3679153964475768
130	35	0.3672061792682952
130	37	0.36503262984848
130	30	0.3536417870004221
130	165	0.3321295995877547
130	136	0.31446253888110504
130	110	0.3100854980246474
130	45	0.29959990743622944
130	33	0.29942695201286096
130	174	0.2960002186280947
130	138	0.2957356045985617
130	146	0.2914681780295063
140	149	0.6320844943233591
140	134	0.5625595805410859
140	35	0.5487842706792958
140	136	0.5272654132444233
140	37	0.4751180812395404
140	31	0.4602197087041704
140	44	0.4517127433184378
140	144	0.4490662114908177
140	164	0.4363957569798053
140	34	0.4323472764219651
140	138	0.4247799514400768
140	150	0.40862541804498576
140	110	0.3876402563789157
140	104	0.3780649851720254
140	33	0.3706530976064071
140	27	0.3688142759749175
140	2	0.3437862967486027
140	171	0.3419684813202261
140	30	0.31892506395886583
140	128	0.3113051801342342
140	123	0.29210857967605386
140	7	0.28961869810625074
140	165	0.28149961315046995
27	31	0.4856180205584066
27	149	0.4534223848450842
27	39	0.4009832376119504
27	34	0.3673099938478632
27	44	0.3516015051867154
27	164	0.3418978347830429
27	35	0.3284679963153457
27	144	0.30409888610015223
27	150	0.30202829963850225
27	142	0.29876225608528584
27	33	0.2930778321308016
144	149	0.4400799878239535
144	128	0.3998496878808279
144	31	0.3876487536962928
144	35	0.3670677455965794
144	30	0.3641568885844458
144	134	0.362533766321226
144	136	0.3519169607411728
144	44	0.34741419890904285
144	34	0.34413015691059395
144	37	0.3382189030573128
144	124	0.33354345874421315
144	150	0.3285839655035122
144	138	0.32792370097186796
144	164	0.31530032900753824
144	171	0.3128125538516598
144	33	0.2950875649160422
144	7	0.2887023119994543
144	110	0.2815456504008481
144	54	0.28033904708460616
76	188	0.47829408161286296
76	73	0.4869923330191314
76	7	0.4751955038416824
76	167	0.3906187615025367
76	184	0.3711274398142321
76	146	0.3508037476513096
76	187	0.3497422041292417
76	84	0.32544038790293256
76	186	0.30252804497105273
76	2	0.30135565303353196
76	63	0.2981246040549471
76	148	0.2873909606150465
149	164	0.6592749042717629
149	44	0.5982517480966859
149	136	0.5716968932073608
149	45	0.5385705929940813
149	148	0.4878767256416306
149	31	0.4835673672621684
149	153	0.4809273867942018
149	171	0.476448724552781
149	134	0.4642300700136716
149	174	0.4223920811115309
149	33	0.4201548051991041
149	150	0.4173592710639047
149	35	0.39292973972314976
149	34	0.3732294573518625
149	154	0.37020445070857466
149	146	0.3587234068308089
149	47	0.3394847093856983
149	39	0.3334990205650906
149	52	0.3232481273793887
149	138	0.3141921793903441
164	148	0.5651718467023092
164	44	0.5434650702762537
164	45	0.5083038218537879
164	171	0.4883718531525025
164	165	0.4835213961723372
164	146	0.4777771887513528
164	31	0.43133038259678935
164	153	0.4293585592938464
164	134	0.4172601687523653
164	136	0.4058560272749427
164	33	0.4006978664864015
164	150	0.3910932111793025
164	174	0.38496884554362176
164	172	0.326530742486345
164	47	0.324787548278458
164	157	0.30623910247770336
164	54	0.28161010037382195
44	33	0.6309181553379317
44	31	0.6126920408433397
44	134	0.52387816084168
44	35	0.5175224772022324
44	136	0.5089413424232879
44	45	0.4913663578322741
44	34	0.44034603794622
44	165	0.40587273275704255
44	171	0.3897031652557076
44	30	0.37292817308705023
44	148	0.36173441621184105
44	52	0.3355593886208411
44	178	0.33093688497466195
44	64	0.32636992505459345
44	156	0.3220476238283115
44	153	0.3208012300817084
44	57	0.3183590296182984
44	150	0.3133176683668536
44	10	0.3030821134903811
44	138	0.29125770327420303
44	54	0.2887848084434634
44	37	0.2835148275304916
44	122	0.2832757088804539
44	174	0.2795740989555511
136	20	0.3436011030749899
136	171	0.4933512228636424
136	35	0.4727531599742766
136	134	0.423951838825587
136	138	0.4038494024414824
136	150	0.4002948572190741
136	153	0.3999840985169691
136	123	0.3877167298635781
136	33	0.385113641894026
136	34	0.3486094860080821
136	45	0.3417300337692011
136	110	0.3267987295287664
136	104	0.3161016252136469
136	31	0.3097058328676906
136	146	0.2909099005957567
136	37	0.28468232309494584
148	45	0.6488384571495962
148	146	0.6079733329658691
148	154	0.4802660238093149
148	47	0.467104240238384
148	153	0.4535653666392996
148	31	0.4487947346086893
148	171	0.3793926597343505
148	189	0.3582789536232311
148	172	0.3568399045047029
148	195	0.3555651499683319
148	174	0.33580783724203184
148	134	0.317864686969456
148	156	0.31550744869533914
148	57	0.30567714093154713
148	157	0.3037630644990113
148	147	0.3018919766275809
148	167	0.2951240814181613
65	74	0.39564914167262616
65	91	0.3519782900419671
65	92	0.34943497839762744
65	160	0.33902455812704024
65	185	0.3294846192008831
65	162	0.30934415516266706
138	123	0.4891938316549519
138	34	0.4302879463847109
138	30	0.41132915000151415
138	134	0.3866711305964075
138	35	0.3636450187085915
138	150	0.3558359278745896
138	171	0.3525301177117073
138	110	0.35060203593173833
138	165	0.3302243118507629
138	33	0.3107270880225131
34	128	0.4531363512368545
34	35	0.5555614429614023
34	33	0.4970345561073206
34	123	0.4370917161337429
34	150	0.4118109038466499
34	134	0.3698851159761356
34	24	0.3638706155719381
34	37	0.35446395468788505
34	39	0.3171992986681873
34	30	0.29209028611762866
34	31	0.2860509859298847
165	171	0.3576337719046463
165	150	0.31989487928737786
165	169	0.3001550522475923
165	33	0.29898992435445604
150	123	0.4074001357822259
150	147	0.4057975559519138
150	134	0.4036150423618358
150	35	0.3796580074928624
150	146	0.36093453388498775
150	42	0.3589586397712268
150	128	0.3302064926950017
150	20	0.32507376269736177
150	110	0.3116302557595453
150	37	0.3044074123035629
150	33	0.2904338354793347
150	188	0.2887023119994543
150	31	0.2828617664487277
123	128	0.41312210022248297
123	35	0.3193202546709993
123	33	0.31168442794160056
123	42	0.3072446617990081
123	178	0.3014283860615269
123	126	0.2896003755799281
123	187	0.2815548576953924
153	154	0.6513212520592545
153	47	0.5813371091168881
153	171	0.4910401085059383
153	45	0.4124169221556045
153	146	0.3628985098550795
153	168	0.36064749003953306
153	174	0.33817462190983283
153	33	0.3312574198533004
153	157	0.3181343498587065
153	151	0.3133537411962917
153	82	0.3043076019878287
153	122	0.2814443667393579
154	47	0.6313333147133235
154	157	0.3852669350129304
154	45	0.3842616265724805
154	189	0.33456512748256245
154	146	0.32332872099284804
154	168	0.31838598878665725
154	188	0.31079936211989884
154	171	0.2888306379484026
154	174	0.2881522261938105
47	45	0.4421338190457356
47	157	0.3314176586310413
47	82	0.31723527359591625
47	156	0.3039627513112867
47	195	0.28606934932149386
157	146	0.3332056914204111
45	57	0.3523987523887417
45	31	0.4890340704719567
45	146	0.4772059074473482
45	33	0.3950163577034271
45	60	0.3620907141159112
45	134	0.3584706984686523
45	156	0.3574331728481597
45	122	0.3395554874738685
45	171	0.32996591106012185
45	52	0.30494264442869623
45	195	0.3038175271863596
45	174	0.3001914480883815
45	54	0.2811681067015671
57	31	0.3059037639798325
57	7	0.3042531571808136
57	188	0.2863172345375247
146	172	0.5435778037873978
146	189	0.5252625775953441
146	147	0.4256155423418976
146	31	0.4065407295770242
146	167	0.4050872820376198
146	86	0.3866286055024433
146	187	0.37004910959917614
146	188	0.3641482146552544
146	2	0.3198589721372882
146	7	0.3138586658227105
146	171	0.2982248241572046
146	68	0.2963560072473108
146	54	0.2874643514424017
195	156	0.4694385957736647
195	174	0.4667523501629927
195	158	0.3678981035551115
195	60	0.3560018590047465
195	52	0.3213214434410768
195	31	0.2972314441073328
174	171	0.3762379642478261
174	156	0.36904752627027504
156	122	0.3760576765571565
156	52	0.4505339418248934
156	142	0.41244181921602746
156	60	0.2821348126696341
35	37	0.5489519691866244
35	33	0.496740846094928
35	134	0.4555805080336663
35	104	0.39567444522497947
35	110	0.3801970701584144
35	30	0.369902379548442
35	128	0.3497860873813464
35	54	0.3314176586310413
35	31	0.2881705654540089
35	171	0.2810207489543329
33	171	0.4416992757893173
33	31	0.39915215675920107
33	134	0.3600470866887132
33	122	0.29165117661965245
31	134	0.5650016774662154
31	7	0.4680731274530042
31	30	0.4587445109296143
31	10	0.4286813275870447
31	64	0.3776878130328365
31	142	0.3647725760240985
31	110	0.3478537742022605
31	52	0.3264503361329199
31	39	0.30840337439440324
31	54	0.2818218466780261
5	109	0.3444034158253667
109	10	0.3520921792969087
91	92	0.4017382561321407
91	60	0.4004627965772394
91	94	0.3744510028055147
91	68	0.3643303539005143
91	82	0.3519081991658121
91	86	0.3271559638483766
91	74	0.28843646096611925
16	73	0.3244475913791658
16	132	0.3111968053960617
83	158	0.3371202889837687
83	63	0.3241254496127977
83	60	0.3071631554808121
83	99	0.3018010877605771
134	110	0.564572637750027
134	30	0.5461021050942031
134	10	0.515997923690136
134	104	0.5011644860905996
134	7	0.4541846846081649
134	2	0.4490741948503439
134	37	0.4296439943179477
134	54	0.34656978630253377
134	171	0.33950240426819506
134	64	0.33052720147908843
134	167	0.2986438551425036
172	171	0.5143230148981862
172	189	0.42040181503888296
172	86	0.41169463949523344
172	169	0.3638619395586177
172	147	0.35566997430609826
172	159	0.33738616705915103
172	167	0.3290923288048797
172	84	0.2932515024809347
172	54	0.2925749931661076
189	188	0.4339070852959005
189	82	0.3861351942865587
189	187	0.3752073654489302
189	160	0.3660982548063415
189	167	0.3562638098233099
189	169	0.3131102320531166
189	86	0.31110648693084986
189	84	0.309253721746097
189	68	0.2961097008032281
189	10	0.2883172719245521
189	147	0.28628969362773365
92	158	0.3383605926643455
92	60	0.2984525726609595
142	39	0.5089783904159929
142	52	0.4749244925469816
142	28	0.41898478061132505
142	143	0.4046692452547984
142	132	0.3744510028055147
142	21	0.3647812454021525
142	184	0.3390157074735448
142	7	0.3304113987738873
142	131	0.32141111581241083
142	185	0.3043076019878287
142	94	0.2855826484815525
39	28	0.5208970124784585
39	24	0.484095843041197
39	52	0.40060552388243337
39	21	0.33325902879204045
39	132	0.2984707910734479
39	143	0.29080005218999705
52	21	0.3807187737146903
52	60	0.2860509859298847
52	94	0.2826317528827384
147	167	0.4605270506747946
147	162	0.3698333237267079
147	187	0.3222179076190767
147	188	0.29200796245988825
128	132	0.3428777100278225
128	24	0.2965840336275555
60	158	0.4344507826617629
60	94	0.4122343248890754
60	68	0.374751888616055
60	86	0.3297698498812553
94	68	0.3811633133394178
94	42	0.3021464362571667
94	84	0.3014465687704703
94	86	0.28382746795793146
68	86	0.5752136981068625
68	42	0.4651787700833388
68	84	0.4683776257953134
68	55	0.3714809144225347
68	54	0.3211241439404199
68	185	0.28225446027375445
55	185	0.3932932889499883
55	84	0.3844917353035938
55	158	0.3406697347741067
55	86	0.28670275757976843
86	84	0.5435566677475948
86	185	0.4677372696297516
86	54	0.3575552805507865
86	74	0.3468161314181814
86	187	0.32747739480870536
86	162	0.3243939063085238
86	63	0.29320580163306603
86	159	0.2847098915387377
86	184	0.2840205392606869
86	42	0.2812417806038917
42	187	0.3845002569318833
42	20	0.3252705005749741
42	107	0.3174061420332415
84	185	0.4988620299579912
84	104	0.38340895620585796
84	74	0.35622888628173643
84	110	0.3456279557632106
84	82	0.3402718989528659
84	54	0.317208292485708
84	2	0.30918137098542503
84	162	0.2897835912901103
84	7	0.28088258903069985
20	124	0.3790073664361228
20	73	0.29501452932572386
160	169	0.5699710747506589
160	82	0.3929128274658527
160	171	0.32803079268276564
160	168	0.3116573421038203
169	171	0.4956553925270332
169	159	0.4060397726603879
169	168	0.31895201230513
169	185	0.2876661588106754
82	168	0.33891834632466256
82	54	0.3159305997891541
171	159	0.4564121786112127
171	54	0.4048866455048546
171	168	0.3716360643939531
37	110	0.44374946161518175
37	104	0.3893638598052448
37	2	0.368693313085733
37	30	0.341049775056026
37	7	0.2932149419098448
110	10	0.5625459098529093
110	104	0.5485116663772857
110	107	0.4365738428029585
110	30	0.452293599264027
110	2	0.3989671914574733
110	7	0.3917706359659328
110	64	0.3814367886228252
30	10	0.5249294114756782
30	7	0.4087836805566334
30	2	0.3965006974708356
30	54	0.3529941638989572
30	162	0.2868863073582348
10	7	0.5471539014592599
10	64	0.3822995070022667
10	2	0.5100149685019034
10	104	0.3881414853544689
104	2	0.4492976998037224
104	107	0.3551632404852784
104	7	0.3127945107726571
107	2	0.3028096463548359
7	2	0.5423719494766002
7	64	0.31414711451870964
74	185	0.5611772876534821
74	63	0.5206929561572696
74	162	0.30709975856207783
185	63	0.5259139587900427
185	162	0.4964093443073092
185	184	0.3986644509236265
185	167	0.3759031215846381
185	187	0.354175383692722
185	54	0.28421358753360604
63	184	0.39446764154185066
63	162	0.3873088096253618
63	167	0.3695484252734407
162	167	0.4781861015150855
162	184	0.3780735558082925
186	59	0.4801275298199508
186	188	0.43756887401763467
186	151	0.3843724256273037
186	99	0.33691641269979866
186	187	0.3079327575376073
151	59	0.4238534020375619
188	187	0.4868397504663429
188	73	0.3625163948099075
188	132	0.3086567209709849
59	99	0.4696334797492892
59	163	0.3775592029602496
73	56	0.4171940950307859
73	184	0.3087200507745816
28	132	0.4872745323905542
28	131	0.4056722490739324
28	21	0.41769779572544097
28	29	0.28079047594659273
132	129	0.3527315175569728
132	21	0.4859923772668809
132	143	0.4061065810263384
132	126	0.31814333773546705
132	131	0.29352567941875746
132	124	0.2912302479658057
131	143	0.3660549554103945
58	184	0.3071359857065762
159	54	0.3281289526783203
159	168	0.323266037476561
126	129	0.5012169026427136
129	133	0.3714550540764372
129	127	0.3223433665455426
129	143	0.298252155771295
133	143	0.34418305028450435
167	184	0.4074501760667426
167	187	0.2894354632931068
99	101	0.3425688207649121
99	163	0.34188900369414416
184	161	0.3546213286000461
