198	199	0.8296461309709873
198	96	0.8211050493335549
198	97	0.7556858585565969
198	98	0.6483518247660961
198	197	0.5668708944869304
198	181	0.6623225836591099
198	190	0.6055217326042183
198	185	0.5941848311115411
198	193	0.5799583858746112
198	81	0.5639591942525508
198	83	0.5596339113990038
198	95	0.5596133067565218
198	93	0.5501176478656171
198	85	0.543676429525219
198	88	0.5227308404851025
198	194	0.5207002449077716
198	11	0.4989371398782986
198	87	0.4968462935554855
198	177	0.4906529829894449
198	66	0.4896044954055199
198	79	0.4711131020464187
198	195	0.4694775762289256
198	196	0.4605034129031586
198	3	0.4427691659679411
198	9	0.4368004480150008
198	176	0.4274153273043066
198	191	0.4183002477616732
198	63	0.4172271324429305
198	112	0.412806905306823
198	167	0.4074668556178992
198	75	0.4055803476704031
198	160	0.3973515715045149
198	76	0.3854712927665669
198	74	0.3810350988304947
198	77	0.3725837518965859
198	90	0.3529241303117706
198	55	0.3380240548079617
198	12	0.33077658888770395
198	99	0.29319666130268746
198	187	0.2882805965755778
198	178	0.2810115386550638
198	106	0.2718867001618723
198	163	0.2689485115726601
199	181	0.682126355390661
199	176	0.6260235664549839
199	96	0.6330442735530946
199	98	0.6224225502286218
199	193	0.6063444309912335
199	97	0.5842953561977212
199	185	0.5558862933116021
199	177	0.5429293183507196
199	195	0.5379881837090202
199	190	0.5208460039774622
199	197	0.5089932090851053
199	11	0.5086671286763881
199	81	0.5035718388941189
199	194	0.479919743948917
199	85	0.4578597568278062
199	167	0.4520788068039302
199	196	0.4520628941650081
199	83	0.4500476265412413
199	95	0.44090207471558784
199	9	0.4397332004913799
199	112	0.43648480416662855
199	160	0.4286568403025535
199	3	0.41776383580263216
199	66	0.4024256867472989
199	79	0.3923038092343075
199	93	0.3921938109213048
199	12	0.3867561758513458
199	87	0.37577430979601373
199	191	0.35861884422813745
199	187	0.35700569966555035
199	88	0.3504792389554027
199	166	0.3486094860080821
199	70	0.34541660831996124
199	77	0.3293776421854376
199	76	0.3265664771265561
199	170	0.32535991757635035
199	71	0.2898385518626572
199	75	0.275013956739148
199	55	0.2748752959215991
199	99	0.2711086174398775
96	93	0.6586242511647508
96	95	0.6006286335392711
96	97	0.6885850653892925
96	88	0.6315437645883307
96	85	0.6213616279030959
96	98	0.5869235952558578
96	185	0.5626552667449419
96	66	0.5577491669688567
96	81	0.5545512511273547
96	74	0.5493710221536828
96	63	0.5461933290412081
96	190	0.5427812036369667
96	79	0.5418635515098149
96	90	0.5322648510653331
96	75	0.5274242328795182
96	87	0.513866876964711
96	83	0.5017558308271316
96	181	0.4927759878178971
96	193	0.4807736302373778
96	11	0.4678075766360871
96	194	0.4544307020061133
96	76	0.4435004705826225
96	112	0.4392733034828963
96	3	0.4247225803947658
96	197	0.4235744434277245
96	31	0.41935571393847576
96	9	0.4147959479719838
96	55	0.4073500930512792
96	73	0.3987821936830577
96	196	0.38478995329651183
96	12	0.3283520172227929
96	99	0.3233824474627958
96	191	0.30897334261347675
96	92	0.3006099374139499
96	177	0.2976689753156189
96	187	0.29550745262210604
96	77	0.2802376888573466
97	93	0.5955352658805831
97	81	0.5939001011596898
97	181	0.5486025474401018
97	98	0.5427459332515422
97	88	0.5373839241256466
97	63	0.5321358337627811
97	66	0.5288879657597577
97	190	0.5269765558644282
97	185	0.520926158523255
97	83	0.5188756954631756
97	85	0.5030865100918257
97	79	0.4973733108092138
97	177	0.4956327624185821
97	90	0.4738395464644276
97	87	0.4734284409353211
97	95	0.4725590109197431
97	76	0.4701088046017359
97	194	0.4416831776121132
97	193	0.4280934589727016
97	75	0.4242224883474405
97	11	0.41735101291705023
97	31	0.4155159995032818
97	74	0.41030673899741177
97	197	0.3882943569860923
97	191	0.38436390301616136
97	92	0.3535630401205141
97	196	0.3485479915077143
97	73	0.32905666040580606
97	167	0.32815572235650753
97	12	0.3271738231110253
97	3	0.32628057387153536
97	77	0.3259856736038172
97	71	0.3093260689268986
97	91	0.30858434070159885
97	112	0.29373584904167976
97	54	0.28704230811040105
97	99	0.275642408895812
98	66	0.5127694857056083
98	93	0.4926093919581255
98	9	0.4723803532691727
98	38	0.467330935476178
98	3	0.4613775753417693
98	181	0.4447367185516244
98	81	0.4445762624313837
98	112	0.4126243788322013
98	90	0.3972336693044706
98	63	0.3905170666981776
98	32	0.3858798948366669
98	68	0.3852158396685438
98	85	0.3774477291131668
98	185	0.3730056536983123
98	79	0.3707566069557311
98	11	0.3529941638989572
98	31	0.3495315431570424
98	92	0.34750212619147075
98	99	0.34539018742518185
98	74	0.33743047484038624
98	88	0.3326810937092545
98	77	0.3256817705965929
98	95	0.32286300429358644
98	56	0.3228361312488914
98	12	0.32220894583400045
98	197	0.3171453345649141
98	176	0.31016684198285777
98	70	0.310103574852216
98	196	0.30955213078625304
98	75	0.3016647441737893
98	76	0.2968393830308459
98	55	0.28196913226691944
98	190	0.27271070963500843
98	177	0.2712197938365444
98	194	0.2693659110421063
197	95	0.4586181731018162
197	181	0.4022077700241067
197	83	0.3952695163184383
197	185	0.3941636160801105
197	177	0.3672234823336553
197	193	0.3639486968504549
197	93	0.3432571010646707
197	190	0.3384137223122229
197	11	0.3328856224124708
197	167	0.3273256174060427
197	176	0.3227196753738392
197	81	0.31551645321742705
197	106	0.3149760813638959
197	79	0.30955213078625304
197	195	0.3041714862431853
197	99	0.3018283549967933
197	196	0.3010010293125949
197	87	0.2904063657943829
197	112	0.2841032770555276
181	81	0.7338039450890422
181	196	0.6288792502196471
181	167	0.5863726863962495
181	195	0.5480990432697063
181	79	0.5704232411019778
181	194	0.5669116125453076
181	185	0.5411709277163956
181	93	0.5371349508264941
181	66	0.53352505089225
181	193	0.5092376735654051
181	166	0.5069453819336617
181	190	0.4893003208764243
181	85	0.4679403626068109
181	176	0.4678778777224447
181	160	0.4548352894998843
181	12	0.4423670992572416
181	83	0.4275706047587421
181	170	0.4174996490131915
181	183	0.4136195749302931
181	11	0.4049284479987709
181	9	0.4043514241326324
181	112	0.4007314435970042
181	177	0.39104238722073903
181	92	0.38694325225597465
181	95	0.3768472973208546
181	3	0.36478991471695815
181	63	0.3629940195559282
181	175	0.3627682570650432
181	105	0.3612388996147107
181	87	0.33369453746562544
181	70	0.3126050448152745
181	99	0.30612128949852985
181	76	0.3051331043257919
181	103	0.3010919664131109
181	191	0.29754137495352
181	55	0.2933154814164363
181	91	0.28758360433727004
181	75	0.277295589510719
181	159	0.27346955544217266
181	90	0.2725440882613169
176	70	0.6661280098692031
176	177	0.6102690730443205
176	11	0.5739811972965194
176	139	0.5718853485808606
176	195	0.5256390063417504
176	166	0.4997703566046212
176	12	0.497305571996091
176	173	0.4695633267887997
176	183	0.4411920466071301
176	71	0.4386920516922028
176	179	0.436063778515321
176	175	0.42676942959706826
176	114	0.3968546091357125
176	160	0.3964669854483038
176	172	0.36626277805323104
176	171	0.3473878195328818
176	170	0.3463937962296674
176	112	0.3423834516456458
176	81	0.33341902810804463
176	9	0.3283252514105591
176	167	0.3254135649844451
176	193	0.3228898768177077
176	191	0.3228002997129075
176	145	0.32138421470619044
176	156	0.3050514816435139
176	113	0.2981610484891466
176	85	0.2927852909818624
176	89	0.2830457538818888
176	50	0.2825489400401598
176	111	0.2793436232707963
176	180	0.27739712820028817
176	182	0.27327524926182395
176	196	0.27122905820965154
176	168	0.2691247592368888
93	90	0.7045608759139532
93	79	0.6840412439713763
93	66	0.6174540991399189
93	74	0.6016121607071506
93	81	0.6002129619070542
93	85	0.5877620314000408
93	31	0.5779040377180588
93	92	0.5718449703665218
93	63	0.5571702065286109
93	88	0.5408667893294663
93	185	0.5206710894503389
93	190	0.5093117374927261
93	83	0.5081406456195062
93	75	0.5028399908661005
93	76	0.47617813062587894
93	95	0.4722482770077921
93	194	0.4563330062056301
93	196	0.45506526536834
93	87	0.45031872047454063
93	55	0.4499040726296023
93	112	0.4419165733418278
93	3	0.3977641258932461
93	73	0.3711705522353568
93	193	0.3681142464173215
93	11	0.3676213826716005
93	54	0.3615866519304604
93	99	0.35731977618117033
93	9	0.3525563891093389
93	86	0.3518030554518814
93	12	0.317828728030641
93	167	0.30270064563641386
93	91	0.29959080501000424
93	187	0.29485931725027736
93	133	0.2778585895744363
93	68	0.27168295090098177
93	38	0.26998718496863033
95	79	0.4385709113290467
95	185	0.4260085107069208
95	83	0.4046107066005423
95	88	0.3753276498503291
95	81	0.3667908294725531
95	90	0.366652347028694
95	193	0.3619951323746553
95	11	0.3488642169620861
95	87	0.34105861187639697
95	85	0.3400419827081535
95	63	0.33885638544996965
95	75	0.3321207026589149
95	74	0.3286464063476491
95	76	0.32425968448938697
95	194	0.3196614663898503
95	190	0.3182511877955346
95	99	0.30023694166022924
95	196	0.2975687187833399
95	31	0.29192563447498465
95	66	0.2859591658203226
95	3	0.2732197291132653
95	9	0.2724792866447352
111	113	0.7631019231679164
111	13	0.5694104492925759
111	12	0.5674339150877056
111	8	0.5538029324961221
111	114	0.5370353352899228
111	107	0.5192775031610848
111	4	0.4830615385812633
111	108	0.5562593161334869
111	103	0.5190802807781559
111	105	0.4851135033387592
111	102	0.4843484675757136
111	110	0.4713698194328113
111	6	0.44762004304690384
111	10	0.4408215106277179
111	112	0.4306627042318073
111	141	0.425378046125818
111	3	0.4034224926641184
111	9	0.4019311177742816
111	37	0.3696088640871836
111	104	0.3532480024916876
111	150	0.3531604778153141
111	134	0.3380860551225145
111	171	0.3376342713755148
111	7	0.3311950996117938
111	139	0.3309903127604141
111	38	0.3117024848853843
111	36	0.30912710556602857
111	142	0.30776076376760025
111	0	0.29696704181812555
111	145	0.2881247169071767
111	174	0.2767508672329024
113	12	0.5673050776360937
113	108	0.5415102638766371
113	103	0.5052642643269516
113	112	0.5052344754039885
113	105	0.4993275906415388
113	13	0.4749167480429374
113	114	0.4741806847957374
113	4	0.4553903001039442
113	8	0.4176812850164845
113	171	0.4104231630820997
113	6	0.4089918832504577
113	110	0.4015453588459527
113	102	0.3970567914155679
113	3	0.3624382198918321
113	10	0.35689226330057083
113	7	0.3351866281511663
113	174	0.3274684671939109
113	141	0.3249485512129315
113	142	0.3244744331307089
113	2	0.3208640247314383
113	36	0.3195267874510746
113	38	0.31859265863212605
113	9	0.31746908836843984
113	37	0.31588558968538233
113	139	0.30320016719854304
113	0	0.3007918532074909
113	134	0.2932789223463877
113	135	0.2873175664129161
113	107	0.2821900357315957
113	150	0.2811773161206306
113	175	0.2805509577215958
113	172	0.27779399269583194
13	12	0.4785331289405429
13	114	0.4710664175801501
13	36	0.4543275418565868
13	10	0.42536166491609856
13	37	0.38406557035791616
13	38	0.3837330480490411
13	8	0.37089460509450173
13	110	0.3657085031928037
13	139	0.3595421689694093
13	32	0.3358433260891734
13	9	0.3264503361329199
13	102	0.3262180245739361
13	7	0.3212138289885354
13	70	0.3205320782152746
13	65	0.31690247068864025
13	112	0.3102481813997591
13	108	0.30902761373572496
13	141	0.30647470029273555
13	41	0.29837969683616705
13	105	0.2953979276973266
13	4	0.2951149523734539
13	78	0.2929681356272569
13	145	0.2898110718153065
13	6	0.28672111350508805
13	103	0.2825581416751252
13	66	0.27853209290462505
13	69	0.2695421160030342
12	112	0.5565907039011635
12	109	0.2785966610367444
12	3	0.5364444498143351
12	11	0.5301257159074201
12	81	0.5099779733219345
12	9	0.4928819845602498
12	103	0.4706227835437407
12	108	0.4392248798687915
12	6	0.4369218208670252
12	177	0.41562354873222107
12	85	0.3861607209792004
12	105	0.3779278461788856
12	102	0.37276458582805577
12	70	0.3672667388850793
12	66	0.3660289750120061
12	8	0.3482844096650604
12	0	0.34044872992334285
12	79	0.3394227754047581
12	190	0.33437862048472
12	160	0.2984434633731542
12	196	0.28481097180323195
12	77	0.2843330820606428
12	194	0.2760674047589815
12	191	0.2698388414545681
8	110	0.4584997145479226
8	141	0.4407812259200448
8	10	0.4343290868544332
8	37	0.39528639142522093
8	150	0.3777221065913633
8	140	0.37470031379513263
8	104	0.36787216373926096
8	119	0.36374914564030697
8	108	0.3604995922973886
8	114	0.35822665432754625
8	102	0.3329122977609394
8	157	0.3321207026589149
8	144	0.3200923521852321
8	6	0.3152733111809087
8	107	0.3123523848426306
8	146	0.3037630644990113
8	139	0.2976872030707224
8	4	0.2955622121718557
8	128	0.2954983258416816
8	137	0.2906535757232453
8	123	0.2732567427479163
8	171	0.27220153743729103
8	165	0.2713216991764488
114	141	0.667483111939334
114	139	0.6878270894575792
114	145	0.6582220511462646
114	174	0.5760762342743838
114	134	0.5549665966252179
114	146	0.5271282211771549
114	175	0.5104735519685762
114	171	0.5064697035840933
114	37	0.4993726296095662
114	10	0.4922003217485449
114	110	0.4745991600475156
114	166	0.4713387064264655
114	142	0.44938548993800337
114	150	0.4437735538869061
114	70	0.4437253687019931
114	137	0.4416268317521708
114	153	0.4285507214589133
114	40	0.4152098342590889
114	135	0.3965849728487205
114	165	0.38780169414282617
114	172	0.38118895448206297
114	170	0.3634106998867904
114	7	0.35861013027164224
114	155	0.3578517769299129
114	140	0.35240751050907115
114	157	0.35066342989976657
114	154	0.3500230304152871
114	179	0.3497509809024518
114	173	0.3475197109146996
114	180	0.3378734704006933
114	36	0.33115058338435344
114	32	0.3292884882123194
114	183	0.32678979747367304
114	41	0.3160026129973957
114	144	0.31249676738371085
114	108	0.3019283306379401
114	169	0.29548919900731796
114	4	0.2918798948361973
114	195	0.2793897209839097
114	100	0.2759842618825099
107	108	0.414564096640132
107	104	0.3993539000424046
107	102	0.3669292956632573
107	4	0.34321299157953444
107	141	0.33743047484038624
107	110	0.31576855676182003
107	150	0.3001550522475923
107	140	0.29609145431426953
107	148	0.2945031837013263
107	123	0.2926389998462665
107	17	0.2849396102525693
4	105	0.39331019522478095
4	6	0.3898982180012412
4	108	0.3789988028695047
4	102	0.33384559904720124
4	103	0.3243849585935628
4	104	0.3111245510735258
4	150	0.3053960802467555
4	141	0.3033545310824834
4	9	0.29950888071982684
4	123	0.2986529632337803
4	37	0.29091905428342474
4	3	0.28546324651772315
4	100	0.27158106713542285
31	63	0.7554970626852195
31	90	0.7066947478165485
31	86	0.5708143896974587
31	54	0.5315190766132475
31	74	0.6518564037309623
31	92	0.5944888100595528
31	76	0.5875132522454088
31	73	0.5437609539231401
31	88	0.5431620018123919
31	185	0.4838661143204482
31	79	0.4648339116872197
31	75	0.4544068968994752
31	81	0.4413611543481385
31	85	0.422991653128027
31	65	0.4055051495133631
31	68	0.4051708690807295
31	66	0.3712395287807369
31	55	0.3680018570923741
31	94	0.33219187643480946
31	69	0.3300906624460435
31	91	0.3252973262862414
31	190	0.32512742127364597
31	194	0.3245012743596895
31	3	0.3202090276446643
31	58	0.3184399055783401
31	83	0.3129568903553693
31	87	0.2989079676970359
31	2	0.2951240814181613
31	187	0.2928675737230391
31	64	0.282797365928206
31	77	0.2749215174648872
31	105	0.2709418392818205
31	196	0.26955138944851503
63	90	0.6931585854831314
63	74	0.6721803381981989
63	92	0.6026893905812022
63	185	0.5888148368529321
63	76	0.5860379411126208
63	88	0.5764302383278979
63	81	0.5740013133176812
63	73	0.5688695856370374
63	75	0.5431126516833293
63	66	0.5073984756559022
63	86	0.5053461776565058
63	54	0.4909566272397812
63	85	0.4827854960308146
63	194	0.4393459341181136
63	91	0.4287384621348319
63	79	0.4286160267621742
63	190	0.4163926003202073
63	83	0.4124584169140288
63	196	0.4045019831594744
63	167	0.398891514474128
63	58	0.3854968348276608
63	87	0.35135609564611275
63	94	0.3472207373833149
63	193	0.3212586693521341
63	68	0.32118692407899463
63	55	0.3157415477994138
63	65	0.30299129661493857
63	69	0.2860785309385016
90	74	0.6982923440977267
90	92	0.6651143643687303
90	94	0.4353103141787423
90	88	0.6598455342802686
90	75	0.5810589814156046
90	73	0.5731491289838537
90	76	0.5276046650043332
90	85	0.5123566094164282
90	86	0.5039897136353848
90	79	0.5030043461092724
90	81	0.5020401082238365
90	185	0.4938655413496154
90	54	0.4785022881084445
90	91	0.4653198078405525
90	66	0.4651552614939192
90	194	0.4439662689658495
90	190	0.4063570737342566
90	55	0.3884472072499003
90	83	0.3842445795814259
90	87	0.3772247486006197
90	196	0.3349735750344094
90	69	0.306184728421954
90	65	0.29604583714643073
90	68	0.2917243700790337
90	3	0.2895362450664049
90	162	0.28897728346824936
90	56	0.2786520031456179
90	58	0.27636299040856144
86	68	0.4833374851396211
86	186	0.2879504803828957
86	54	0.4457629616304454
86	69	0.4287384621348319
86	76	0.41122113914353403
86	65	0.4043932482833048
86	91	0.3826324577074078
86	92	0.3752675092294885
86	75	0.3638359111398348
86	94	0.34319534736157403
86	88	0.33761655119388245
86	73	0.33384559904720124
86	74	0.3097962382971892
86	2	0.2964381006380181
86	84	0.2892796970211392
54	92	0.4137770571332055
54	68	0.3965259807859896
54	65	0.3676732727981232
54	185	0.3646598683542751
54	55	0.3624382198918321
54	74	0.3586014162526484
54	73	0.35446395468788505
54	58	0.3469480823384338
54	56	0.3380594839184419
54	88	0.3344319108717959
54	75	0.3272006115667669
54	94	0.3267808653602015
54	76	0.3096877511097508
54	28	0.30359966452638193
54	69	0.2975140306355405
54	57	0.2817666111572937
54	162	0.2811588972307156
54	81	0.27556848556486385
3	103	0.737711670082701
3	9	0.6555272984867597
3	112	0.6272867563451102
3	6	0.4843484675757136
3	108	0.4830998702329011
3	102	0.4716886600975447
3	105	0.4657349484824132
3	0	0.4515614987761018
3	11	0.4163512685996108
3	38	0.38789514723897184
3	185	0.3633759820756076
3	5	0.35141745255952744
3	99	0.3497070964224885
3	81	0.33218297991968393
3	79	0.32491277441036315
3	1	0.3244207491050931
3	101	0.31110648693084986
3	44	0.30494264442869623
3	77	0.30246445024967306
3	187	0.302164610297961
3	100	0.2886564787891325
3	194	0.2809470651108625
3	56	0.2779970029951244
3	57	0.2724052246273959
3	85	0.2723681924081611
103	108	0.6073678260557623
103	6	0.523537067595765
103	102	0.5071236817681883
103	0	0.4537877363612031
103	112	0.6069827097825549
103	9	0.5387622493833081
103	105	0.5170024451637752
103	38	0.3727731962615943
103	101	0.3223792098735309
103	1	0.31375949819823484
103	167	0.30320016719854304
103	100	0.2893255122212752
103	195	0.2817942291511356
9	112	0.5986817792102916
9	108	0.5134030841549424
9	11	0.4777617540247094
9	6	0.4332006183455016
9	105	0.41457237797189794
9	99	0.3721875405984634
9	38	0.36729269205339465
9	66	0.3456895921640151
9	75	0.3007008980458325
9	85	0.2981246040549471
9	81	0.2976234049783563
9	102	0.2950875649160422
9	77	0.2919896677260493
9	185	0.2825581416751252
9	5	0.2780246842942464
9	101	0.2748013388097029
9	23	0.2736823413671285
9	195	0.2718681785087134
112	108	0.4927532723273194
112	11	0.4911008164899514
112	38	0.4098242681737537
112	66	0.4026603153020721
112	105	0.4021826228533907
112	196	0.3808470243719146
112	81	0.3774648796479316
112	6	0.3765984541596219
112	194	0.366531161560976
112	0	0.3426217784725314
112	79	0.3346184103834309
112	102	0.3309814082768129
112	77	0.3231227502155567
112	193	0.31543541047321977
112	85	0.31019395562646096
112	185	0.3023645102467665
112	195	0.29233723111794824
112	187	0.2896095368696213
112	160	0.28570204157993745
112	167	0.2742743003053885
108	100	0.36006449388527
108	6	0.4741961877022751
108	105	0.4174996490131915
108	102	0.4018975791800287
108	37	0.3472471202412728
108	23	0.31478690293915873
108	171	0.3015647510340746
108	141	0.2966661148483655
108	10	0.29324236241856866
108	104	0.2914773284658473
108	139	0.2776740203992311
6	105	0.5526718296842434
6	102	0.4346292411558065
6	104	0.36981605913275656
6	1	0.35855784522024003
102	1	0.4474920920767187
102	0	0.431607086401226
102	148	0.3881669654433852
102	105	0.3864669951515157
102	104	0.3306340874514187
102	100	0.3064837609975473
0	1	0.3691943637235308
0	101	0.3336501043265245
0	38	0.2783937241436584
81	66	0.6037008775875518
81	79	0.5902958391766099
81	194	0.5688831132310176
81	85	0.549754911435278
81	196	0.546719368088795
81	185	0.5404421737144094
81	92	0.5367292796219019
81	167	0.5078809718678395
81	190	0.4888286150157375
81	83	0.4871753928521394
81	193	0.4408940186264636
81	11	0.4283711087863101
81	91	0.4226878067051151
81	160	0.42099438443808296
81	74	0.4159295867698314
81	87	0.4026268001754623
81	177	0.38478995329651183
81	88	0.3753190585265312
81	105	0.3560193241339194
81	55	0.3521272200472781
81	195	0.35102296260404425
81	76	0.3477394993275507
81	75	0.3400419827081535
81	166	0.3191136915516504
81	191	0.31413810137449105
81	68	0.3116392845972454
81	170	0.3095340471247322
81	101	0.30916328273597976
81	70	0.30900952358524136
81	99	0.3054595502162001
81	65	0.2776740203992311
81	158	0.2716922127595605
196	194	0.5739409631758409
196	167	0.5102590893678227
196	185	0.4933360906229164
196	195	0.4789262460481825
196	85	0.4669322235658962
196	193	0.4566338228987981
196	190	0.4273499397775968
196	66	0.3994631615094977
196	92	0.39907649306126775
196	170	0.3835795426371707
196	160	0.3821287245291437
196	166	0.3764353895088823
196	74	0.3462705886681948
196	175	0.3263252501920031
196	83	0.32626270293517673
196	79	0.28923388049564325
196	183	0.2872992173351577
196	87	0.2868587762338945
196	75	0.28379988446401816
167	166	0.5843216995394845
167	170	0.5791082854831936
167	160	0.5508146347819919
167	185	0.5421248611479198
167	175	0.5248062441364529
167	194	0.5044073525661096
167	183	0.5022719384123315
167	195	0.4559053503630996
167	193	0.4512668954491386
167	190	0.3786476407602299
167	184	0.3619343036666863
167	66	0.3553117875572526
167	83	0.3451788005581892
167	172	0.34320416950083205
167	169	0.3421009331587471
167	92	0.3413236884534294
167	85	0.3244475913791658
167	105	0.3165875852872865
167	163	0.28957289139247944
167	158	0.2877578809899405
167	174	0.2787165666004409
167	79	0.2743667751295526
167	162	0.27067310692348984
195	173	0.5381373862802704
195	160	0.5377963022887688
195	175	0.5191460277160534
195	193	0.5065589167743338
195	183	0.4974636197934702
195	194	0.4650220337609741
195	170	0.4629346697095636
195	179	0.4131552728795034
195	166	0.3975199804644812
195	190	0.3959611768294801
195	85	0.3941805086478147
195	177	0.3636276633363625
195	11	0.3567526348626095
195	174	0.3502160620009621
195	191	0.3444651113779965
195	87	0.3416593741909102
195	180	0.3400685135809971
195	185	0.3252705005749741
195	122	0.3241254496127977
195	139	0.3177478170754677
195	89	0.3137324512943376
195	184	0.3035815078712633
195	50	0.30194650731383976
195	168	0.2960732076092044
195	145	0.2838550509821116
195	83	0.28356080784577664
195	70	0.2834504528990354
195	156	0.26902272331162075
137	165	0.7231420219069224
137	146	0.5977249720224568
137	155	0.5692279628715342
137	141	0.5899438895794373
137	140	0.5492453352598644
137	134	0.5452805067032139
137	157	0.5299675247809382
137	150	0.5009173299517302
137	35	0.4885469768531538
137	7	0.4876176107279326
137	153	0.4864123612396583
137	62	0.4784020472506611
137	40	0.4523492776361326
137	171	0.4512350405465903
137	144	0.4495131691855909
137	142	0.44872285920996935
137	154	0.44582706297495134
137	110	0.443428170037005
137	138	0.43991064295922616
137	123	0.4377224826063555
137	10	0.4275542609514226
137	164	0.4116780292079921
137	37	0.4109801502306973
137	152	0.4104730550230637
137	119	0.4037322290249691
137	135	0.4021742403282991
137	42	0.4010168055712511
137	174	0.38892260469641227
137	139	0.3838097928036841
137	53	0.3795381807529713
137	27	0.3676300311849964
137	67	0.3521184599522228
137	145	0.3467545496232836
137	127	0.3417212015331788
137	130	0.3335790082203476
137	61	0.3232123064903205
137	30	0.3187903144930923
137	45	0.3131102320531166
137	182	0.3121989625794948
137	104	0.301937419003331
137	2	0.30056445504708884
137	125	0.2902964822684805
137	51	0.28759277726759497
137	60	0.28481097180323195
137	47	0.2790301246801267
137	136	0.2742558047317698
165	7	0.5923833546181598
165	40	0.5165846782678445
165	146	0.5518099927254774
165	134	0.5501804081097665
165	62	0.5099853725088673
165	141	0.4977871384470658
165	35	0.4755515530350393
165	139	0.4736378978443142
165	164	0.4556439014351233
165	142	0.4553585947394457
165	155	0.4503027760699418
165	144	0.4483953533787808
165	60	0.4437012751473574
165	67	0.4429781703237274
165	140	0.4262131180987369
165	42	0.4249930140221925
165	10	0.420533528148396
165	174	0.4134786488183551
165	110	0.4098159476989627
165	61	0.406098230217977
165	157	0.4027189641758197
165	153	0.3998832921524278
165	145	0.39515138310066
165	27	0.3935384038992896
165	127	0.393191845716178
165	37	0.3785277067682518
165	123	0.3760233328156097
165	171	0.372730143451976
165	152	0.3706789758070813
165	41	0.3637664992452384
165	130	0.3509440496520588
165	135	0.3475460875412155
165	150	0.34534615138381625
165	30	0.34489689691891384
165	182	0.34438578797820385
165	39	0.34326592278001505
165	154	0.3380949120707635
165	2	0.3350801058761795
165	45	0.32525261647660403
165	104	0.3113232418034744
165	125	0.30444370530672266
165	46	0.2973226067442521
165	36	0.2957994811077704
165	143	0.2949871400905008
165	38	0.2862988739835642
165	138	0.2851876697054087
165	119	0.2843422735814925
165	52	0.27317346093225364
165	53	0.2720533859745436
146	141	0.6281169628761258
146	171	0.5990217087857902
146	153	0.6216009946786356
146	134	0.5552710075866079
146	174	0.5723763949115243
146	154	0.5396984335720532
146	157	0.5223237399751155
146	150	0.5205180033745272
146	144	0.5153152123560097
146	135	0.5096967482990591
146	145	0.4828161721649914
146	140	0.474839298956766
146	172	0.4319813211231108
146	10	0.4309314608063292
146	155	0.417103236461952
146	175	0.4141747966089889
146	37	0.4096744891939617
146	139	0.40828382047432377
146	189	0.4027105859677205
146	152	0.3962646908603698
146	183	0.3771732853465461
146	180	0.3657171657340307
146	182	0.35645587150831143
146	110	0.34649939320033635
146	14	0.3415622109637391
146	169	0.33593204403537674
146	179	0.3319961394504846
146	166	0.32129454060585155
146	119	0.3112690561210369
146	123	0.31053735142235744
146	142	0.3102572188323798
146	7	0.2985254450058387
146	40	0.2967025939841131
146	173	0.2908275150102925
146	49	0.2786888968568237
146	17	0.2784951956986337
146	148	0.27714788581379995
146	51	0.2721552414910874
155	51	0.5587404090070575
155	125	0.4618339889798834
155	53	0.4261803838455652
155	27	0.41702889143118105
155	21	0.3915251185057708
155	48	0.2842503560210486
155	157	0.541891806253053
155	154	0.471292034717201
155	152	0.4559687200766378
155	130	0.4443355247466631
155	141	0.4442632909234829
155	142	0.4308744582216016
155	148	0.4198006491627197
155	164	0.4105977741237187
155	150	0.41045642464911736
155	134	0.39645855727559465
155	119	0.3963911294881636
155	144	0.3892705322720862
155	153	0.3846025113596604
155	45	0.3755939488956162
155	135	0.3695397909019191
155	171	0.3668427561989609
155	110	0.36625411950574416
155	156	0.3641568885844458
155	52	0.3621602233274517
155	127	0.3588366728253805
155	123	0.347765871369643
155	174	0.3433541366022669
155	40	0.3415622109637391
155	7	0.33718233201330283
155	140	0.3371202889837687
155	62	0.335355270894665
155	139	0.33176477705824714
155	145	0.3270309424664401
155	17	0.3125328607633441
155	179	0.2908824392132092
155	149	0.2856377540903072
155	42	0.27988749418351644
155	182	0.2783937241436584
155	30	0.27195152436158704
155	35	0.27048774967787925
155	117	0.2702652945104692
155	37	0.2696255752124823
7	62	0.6123608908556404
7	142	0.5698225268718281
7	42	0.4806429139131937
7	78	0.3767443343314497
7	30	0.5364088374915502
7	35	0.5269693328692693
7	10	0.5092821128270523
7	2	0.48664134872253606
7	67	0.4696802450951607
7	33	0.4632960108226328
7	61	0.4587050323504335
7	45	0.4569424472862968
7	164	0.4484992097331825
7	134	0.4426726861863314
7	41	0.4256564840410982
7	110	0.42116714954452106
7	39	0.4138102081263825
7	60	0.4125414012964233
7	40	0.4123671261865231
7	139	0.3985971634453144
7	38	0.398420513398076
7	36	0.38299944203713226
7	27	0.3799660749009056
7	127	0.37522454970863295
7	32	0.3571627480192391
7	130	0.3491715822348178
7	37	0.34388329228821884
7	52	0.33593204403537674
7	171	0.3335256836504177
7	141	0.3281378759629443
7	138	0.3239285481829653
7	125	0.3056680752889808
7	135	0.3054595502162001
7	34	0.3007099938081804
7	152	0.2944118542244696
7	72	0.2885464736867479
7	115	0.285894888618898
7	105	0.28535302145424113
7	143	0.2843146988621374
7	145	0.28248452713952554
7	70	0.2819323121153152
7	104	0.2814535746041269
7	149	0.2776555623539593
7	123	0.2698388414545681
40	141	0.4698127325947874
40	145	0.4553665211888536
40	41	0.4334848932605623
40	36	0.4065407295770242
40	35	0.39611294466525016
40	27	0.3904407893396431
40	62	0.3886085260075973
40	139	0.38806504152742216
40	37	0.3839462148317741
40	42	0.38052209425633055
40	134	0.3769330926988432
40	144	0.3431865251617616
40	142	0.34286006120927764
40	10	0.34079348104982604
40	140	0.33707597074123896
40	61	0.32507376269736177
40	32	0.3203346672765173
40	52	0.28686795332799386
40	38	0.2825489400401598
40	69	0.28022847416314645
40	174	0.2749122732578808
40	153	0.273182714669577
35	62	0.72285565832267
35	61	0.49950022536236205
35	30	0.4613933178111622
35	34	0.4527945776615152
35	10	0.4434442373236694
35	42	0.4423590561081667
35	142	0.410007301363511
35	2	0.40486156319606864
35	36	0.3928198052996701
35	33	0.3895250430781951
35	37	0.3843383347896421
35	32	0.3750097279271829
35	24	0.3688056361827547
35	140	0.36858097922087374
35	138	0.3659943335932561
35	41	0.3655525666172435
35	39	0.36265535984654407
35	123	0.35377302066095506
35	110	0.3419861423505891
35	141	0.34180068948415754
35	67	0.3382986053486089
35	38	0.335834453966774
35	134	0.3357900924609284
35	69	0.3102120311085184
35	127	0.3069276674725382
35	56	0.2869138380086811
35	164	0.2852060429604707
35	139	0.27221079647531765
62	30	0.5846837956169417
62	33	0.5372132096671732
62	34	0.4586418628570114
62	61	0.5417505202885323
62	41	0.5249439003058233
62	32	0.4980127671352183
62	42	0.4774607179032967
62	45	0.4657506101556827
62	67	0.45707694144944305
62	60	0.4313873576635144
62	10	0.3888716791556544
62	142	0.3837927388719181
62	2	0.3817443685249761
62	39	0.3748206514361469
62	164	0.37176534018179797
62	36	0.3658470962485864
62	134	0.36440840504641775
62	52	0.35950733929136897
62	138	0.3425688207649121
62	38	0.3315333747484632
62	125	0.32436706298949114
62	72	0.3225404934088939
62	69	0.3006736104305809
62	145	0.2808641668277891
30	61	0.5928115812253071
30	72	0.4104397940021272
30	67	0.5589123372764935
30	2	0.4741496781005163
30	41	0.4516490645696117
30	42	0.44962487346260704
30	32	0.4473881184211651
30	10	0.4418441465846323
30	36	0.3992698450396633
30	60	0.3976125939795426
30	57	0.3776963865196141
30	134	0.37641822345169584
30	45	0.36419158366946897
30	99	0.3560717180291128
30	56	0.3539217353060884
30	101	0.32905666040580606
30	38	0.3242865298979429
30	142	0.3239733009728763
30	46	0.3114406371706699
30	65	0.2980699357739077
30	33	0.29800615364126715
30	69	0.29660227427757524
30	34	0.2929589939037598
30	52	0.2890139427296676
30	164	0.2827053607616484
30	149	0.2798598440616391
30	70	0.2730161396636088
33	39	0.4772059074473482
33	44	0.4451136780774793
33	45	0.4047361425131103
33	34	0.3832298122943784
33	149	0.3691511781502836
33	42	0.34809986959686645
33	127	0.3369075477966232
33	143	0.3354883947234423
33	142	0.33490254971491024
33	125	0.3214828495593464
33	115	0.29675731106420883
33	57	0.2905437094319387
33	123	0.2877670529175665
33	130	0.2861152568811873
33	24	0.28315613634430953
33	164	0.2774617405038826
33	20	0.2723311593820055
33	38	0.27104376120093904
34	22	0.3054776839946787
34	24	0.37483784149686605
34	149	0.371291258501164
34	138	0.3472207373833149
34	28	0.3247696579012793
34	39	0.32005645009012884
34	127	0.314102048231353
34	129	0.2818494637379272
87	191	0.7188880766680987
87	190	0.7096904891548307
87	88	0.6423474837958865
87	83	0.6345937998233867
87	193	0.6264004387159562
87	85	0.5881088273068875
87	194	0.4585076122918288
87	177	0.4424555692003481
87	76	0.44202117959818427
87	74	0.4385547580762473
87	160	0.4197017920933673
87	184	0.4043095982907601
87	185	0.4029367738980564
87	75	0.385326543262492
87	89	0.3760576765571565
87	192	0.3638706155719381
87	187	0.3638359111398348
87	91	0.34467661639736197
87	79	0.3284769173737965
87	73	0.30985951876515383
87	11	0.308539101218393
87	168	0.3031547630273227
87	92	0.2838366623515193
87	159	0.2800349536572241
87	66	0.2770370994439001
87	179	0.27224783212332904
191	192	0.4615349869610265
191	193	0.5741957324719145
191	190	0.5733102668335425
191	83	0.5086078256430979
191	177	0.4942208243650182
191	160	0.4632174715035637
191	179	0.41752441952422586
191	88	0.4096162358466098
191	85	0.403882878127105
191	194	0.37897311178018295
191	184	0.37513862583111496
191	168	0.3669292956632573
191	89	0.3631502917051044
191	159	0.3606996849133092
191	189	0.35576605542229384
191	76	0.33284116231438193
191	173	0.32313170610350084
191	11	0.3121538352847095
190	83	0.6788079402559486
190	193	0.6685684445834972
190	85	0.6524598278863697
190	88	0.6381046293617098
190	194	0.5591392090335374
190	160	0.5567563314023684
190	185	0.5538098654808464
190	75	0.4736301411361584
190	74	0.4657506101556827
190	177	0.4452980901719533
190	79	0.4150360229396862
190	76	0.3919229980582914
190	159	0.3599861595265717
190	184	0.3599426382450076
190	66	0.34937352423082024
190	92	0.3475724636177117
190	158	0.3392369558047921
190	91	0.3257175273861324
190	73	0.32279134168432616
190	55	0.3219221382254856
190	11	0.31414711451870964
190	192	0.3002460402107004
190	187	0.2979423688475257
190	170	0.2833952726102039
88	74	0.6904211100638483
88	75	0.6954065740276792
88	76	0.6478008276381043
88	84	0.3570929512433691
88	73	0.6483170450184876
88	85	0.6152029994255039
88	193	0.5564043200631752
88	83	0.5483438519004966
88	185	0.5385421947136627
88	194	0.4794269993651707
88	187	0.4366547795971781
88	92	0.4362014425336267
88	91	0.3727559753303236
88	79	0.35287160252603955
88	77	0.3476164225228565
88	66	0.3373507197578217
88	55	0.3158675852457533
88	162	0.3079327575376073
88	184	0.2885373062509706
88	192	0.2760212147820412
192	89	0.3068280266140977
192	179	0.2997182340133911
192	177	0.2988897545076201
83	85	0.5164893636323079
83	193	0.5141832615940773
83	74	0.4926548307742731
83	185	0.4578281416710878
83	194	0.44123231319773215
83	79	0.3873683074442016
83	75	0.3847473556423978
83	177	0.3821799620125968
83	160	0.35819178688138176
83	76	0.3556437690604123
83	66	0.3516716133250797
83	92	0.3261912168575761
83	106	0.2912119441603423
83	178	0.2879688219676808
83	99	0.2808457444179119
83	55	0.27885490837700705
83	11	0.2750509310253345
193	194	0.6483460283294018
193	160	0.5907387158962447
193	187	0.5536642566757642
193	184	0.4814883472137603
193	185	0.579114931780641
193	85	0.5243858607485455
193	75	0.4897261318659731
193	177	0.4807428753772903
193	76	0.4148704601790592
193	173	0.3952357653044475
193	74	0.3739092096046456
193	73	0.35441149225389595
193	159	0.3533880291120306
193	170	0.3421892268330711
193	77	0.33035794801585344
193	162	0.3245549552498304
193	122	0.3185657034129661
193	91	0.3182781490235572
193	89	0.3088738403299962
193	188	0.30312751986387443
193	189	0.2992084538751426
193	168	0.29631039791567043
193	161	0.2916145786090708
193	11	0.2868771303694411
193	175	0.2748198283925649
85	55	0.4541926217348381
85	74	0.5753742669454072
85	185	0.5164233690784393
85	66	0.4930787968452722
85	194	0.4844403110245996
85	160	0.4830998702329011
85	92	0.4737077049111864
85	75	0.4670260552237144
85	73	0.4659385274752426
85	76	0.4563567586860752
85	11	0.37872473446957344
85	79	0.3775163296985127
85	177	0.3768129773589575
85	91	0.33561263154261
85	184	0.3043438974213453
85	170	0.3037630644990113
85	159	0.3028278123711781
85	187	0.30017325027723746
85	158	0.29164202719705656
85	105	0.27518033461947583
85	133	0.2730346488062901
74	73	0.6668560923593249
74	133	0.3249038300644119
74	75	0.6348684733494432
74	185	0.5393581571594119
74	76	0.5061722479633128
74	92	0.4812885982797082
74	194	0.4570294753075835
74	66	0.4448490208537607
74	79	0.3779878465294971
74	94	0.3102933680020653
74	55	0.3023099947156416
74	91	0.29713115894731823
74	99	0.2904887734131512
92	91	0.4730947508553216
92	66	0.4936235521299698
92	65	0.41942164298933216
92	94	0.4171610565159816
92	185	0.4109718392433799
92	76	0.403188036104556
92	73	0.3912117911399369
92	75	0.37728478611942
92	69	0.3764439724405481
92	79	0.3751644036713416
92	194	0.347044837618545
92	105	0.3184399055783401
92	68	0.3169474486171255
92	55	0.2733955366708005
92	64	0.27071944309981283
94	69	0.3121899372332404
94	91	0.2911387268064708
94	49	0.28658343893452914
94	73	0.2827605644859387
79	66	0.4986366552329646
79	185	0.39806712462428223
79	55	0.35432404990571426
79	76	0.3396439546767138
79	68	0.333374585779601
79	194	0.33018867330387885
79	11	0.3237942811156811
79	75	0.31404796681799513
79	99	0.3070725876196115
66	75	0.39467027722113385
66	76	0.39182142571812345
66	185	0.3916097859987014
66	68	0.3533792779120964
66	194	0.3519169607411728
66	38	0.32738811602973583
66	11	0.32361523807074205
66	91	0.3021100875166381
66	73	0.2912760065465869
66	99	0.2902140645996883
37	141	0.7010183042691809
37	140	0.5575148911563632
37	10	0.4833911302658066
37	36	0.467526313094793
37	110	0.4277421978582737
37	139	0.4014614793456111
37	150	0.4005299647891111
37	123	0.3683217061411873
37	104	0.3623947871779464
37	61	0.35003180522335475
37	2	0.34947009371462273
37	38	0.3362425099009245
37	142	0.3254582695576203
37	144	0.3182152386906613
37	69	0.30997703235106244
37	27	0.2956169697794574
37	134	0.2927030039041599
37	128	0.2898477117722465
37	24	0.2889497884660055
37	145	0.28532546400874703
37	174	0.2806338718322359
37	138	0.2764645859043844
37	153	0.2712568510274361
37	42	0.2694679266396037
141	140	0.7007791960373136
141	150	0.6105890349783424
141	144	0.5305425883843725
141	139	0.5581554935723776
141	157	0.5551119022248258
141	134	0.5105253092917315
141	174	0.5084224725590285
141	110	0.5049961206761598
141	145	0.5026980184345384
141	123	0.4805813929566117
141	10	0.4764409945498231
141	153	0.4518480453787106
141	135	0.4492897184520932
141	171	0.4323228838306131
141	104	0.4194710868741262
141	142	0.4176647740316771
141	148	0.4059646080605356
141	166	0.3949572787245221
141	27	0.3861011577763997
141	154	0.3805990598845022
141	172	0.3757657218270618
141	119	0.3698074267400088
141	175	0.3664272784033925
141	36	0.33088345506712064
141	138	0.3307409649424505
141	53	0.32360628530999297
141	130	0.3031638439716896
141	124	0.2998274503623951
141	128	0.2986893950548441
141	127	0.2978421302248103
141	20	0.28019161486991445
141	180	0.2768709060779882
140	123	0.5636385927844769
140	110	0.5237838327006353
140	150	0.5358173938912181
140	144	0.5288807629464664
140	157	0.4574565768508505
140	104	0.450733174172325
140	10	0.4260821743897923
140	148	0.3846451145857723
140	134	0.3542191109082097
140	135	0.32245089375622976
140	53	0.32067563232175184
140	27	0.3144985829601709
140	138	0.3109980973544313
140	128	0.30436204480672385
140	119	0.2961735618125896
140	153	0.2913126124515909
150	157	0.5179835942049483
150	153	0.4664942034700797
150	123	0.4527945776615152
150	144	0.4411034538544004
150	134	0.4337609634494443
150	135	0.4304753438605203
150	148	0.4258202334102374
150	110	0.4245750391854778
150	119	0.3981007857908599
150	154	0.3635322042770063
150	152	0.35861884422813745
150	171	0.35713657469566
150	172	0.3405106150747918
150	53	0.33151557291799905
150	175	0.3188891320283581
150	104	0.31756799838551725
150	174	0.31728024097167623
150	145	0.31584958057864204
150	128	0.30625722671893624
150	10	0.30191015374251695
150	51	0.29464016783017805
150	17	0.29141327429133884
150	14	0.27479209394205634
144	157	0.5011270434444903
144	135	0.381291513187979
144	145	0.37550805275114
144	154	0.3465961827095766
144	174	0.3441389726246071
144	110	0.32842339014402805
144	180	0.32716489350891553
144	153	0.3267004737121347
144	123	0.31608362350459124
144	173	0.3048972932380779
144	148	0.3032909714109161
144	130	0.2926755739147577
144	134	0.290763434350892
144	51	0.28668440144393986
144	189	0.28382746795793146
144	139	0.28140753476199426
144	182	0.27560544763781136
144	10	0.2723774505386222
123	148	0.466721063889147
123	128	0.3841763889971773
123	110	0.4620385088524974
123	104	0.4571797758254923
123	127	0.4430263952623508
123	138	0.4147793889481829
123	125	0.3833236531783178
123	53	0.3793926597343505
123	130	0.33961741514678045
123	157	0.3357723474414827
123	27	0.3239554000308851
123	24	0.3188442158261573
123	20	0.3163626244118076
123	143	0.3153093348361678
123	39	0.3148049210098341
123	119	0.30956117253304705
123	10	0.2954526911304994
123	129	0.28541732032550504
123	124	0.2808273218010792
110	10	0.5258922560123969
110	134	0.4552634717160684
110	104	0.4068912540521554
110	135	0.3641048440617361
110	139	0.3361715527144073
110	148	0.32787907693792423
110	2	0.32784337665729196
110	138	0.32243297313223945
110	142	0.31581357056201337
110	49	0.3127133141236056
110	119	0.3121357839723538
110	157	0.2915413800265616
110	36	0.2783291480999293
73	75	0.620790361905962
73	76	0.6018545691449283
73	185	0.450167237035858
73	194	0.3780821263797531
73	162	0.34646419518569105
73	187	0.3390688104943208
73	58	0.3123433604545662
73	91	0.2910563532065423
73	84	0.29057117672310434
73	24	0.2716459029634223
133	132	0.2904704609813121
133	99	0.2890597656145022
75	76	0.6036055371671426
75	185	0.4933512228636424
75	194	0.4356668680320047
75	77	0.3962731205699134
75	187	0.3651366354336264
75	91	0.3371646057322658
75	84	0.3298144117387658
75	59	0.3071631554808121
75	58	0.2891147513279009
76	77	0.4893763756744061
76	185	0.4954215156217205
76	187	0.4568633233110633
76	194	0.4306301224851477
76	91	0.3308033062280191
76	162	0.3285393631418877
76	84	0.3039809033338498
76	55	0.3012920087571397
76	43	0.2943022517535926
76	186	0.27738789766635064
84	59	0.34760763086406765
84	189	0.31085356533444464
84	82	0.3070544733798476
84	49	0.28833560928182433
173	179	0.6908029401950749
173	175	0.5965474988837266
173	189	0.5630651797424108
173	50	0.447404115155458
173	89	0.612567103842807
173	154	0.5602517289523956
173	183	0.5125335854202213
173	168	0.5099039773018744
173	160	0.5088153651442486
173	171	0.5074207517204173
173	182	0.4961229307434188
173	157	0.4830308719267266
173	180	0.4684791005279926
173	188	0.4467159971399685
173	174	0.4462275927730217
173	135	0.4368894563285135
173	170	0.4298233666888684
173	139	0.390008449732678
173	172	0.3663839910578632
173	184	0.3627943087572636
173	177	0.3415975438912261
173	159	0.3316490808917387
173	82	0.3054776839946787
173	166	0.2973955329508892
173	152	0.2815824792679377
173	145	0.2737285956329424
179	89	0.6636172700480276
179	154	0.5826728739845417
179	168	0.5771842796937023
179	175	0.5202627855361738
179	180	0.4946514780934506
179	189	0.4846775238445775
179	183	0.4786410625550951
179	171	0.44931366229182107
179	157	0.4404911236108672
179	174	0.4052878795620304
179	160	0.37888747059684297
179	82	0.366652347028694
179	182	0.34881151823358
179	177	0.34574242099056124
179	139	0.3424717259801884
179	152	0.3295915877573156
179	51	0.3287356025699094
179	172	0.3194190350041645
179	170	0.3062300402738305
179	153	0.2929224264741533
179	166	0.29061695447754426
179	50	0.2839561847180018
179	159	0.2743667751295526
179	17	0.2738211003661083
175	183	0.6662336884529421
175	170	0.6425295383480658
175	172	0.6216991628669133
175	174	0.5980655082852914
175	180	0.575681899950167
175	171	0.5979563031832105
175	166	0.5709424682823663
175	145	0.5037136442512514
175	160	0.4887068380386626
175	139	0.4880976675028105
175	189	0.4618182546472202
175	169	0.4115202178380202
175	154	0.4100904873538301
175	135	0.408200486640022
175	89	0.3813427890217733
175	182	0.3597337142895439
175	184	0.35754655897738885
175	50	0.35465629785252584
175	168	0.3473174718417701
175	153	0.3437333869983573
175	157	0.3313642478288956
175	188	0.3125509071147589
175	159	0.3071088154316468
175	134	0.3062844126644837
189	82	0.4618261218498844
189	147	0.3992025962045049
189	154	0.5116999434245759
189	180	0.4835443820506887
189	172	0.472085094698431
189	89	0.4549939000413202
189	168	0.4549145983783148
189	171	0.4473721214005998
189	135	0.4329812616434065
189	157	0.4230819675121696
189	184	0.4172849452607576
189	14	0.4153091414058399
189	182	0.4002780618040683
189	188	0.3859735115003062
189	159	0.3785191395680708
189	50	0.3689352263731517
189	152	0.3563423841525136
189	183	0.3435834641881381
189	169	0.34081999657282674
189	153	0.3276648612105745
189	59	0.3244923273414272
189	170	0.3023190807748442
189	187	0.29677554965792424
189	160	0.2891147513279009
50	135	0.3453373439930433
50	174	0.33956433446453704
50	183	0.33437862048472
50	157	0.3313375416313614
50	89	0.3307142463649274
50	188	0.3181882762614177
50	147	0.3133176683668536
50	184	0.3046433010217233
50	171	0.3023099947156416
50	170	0.29924487241129905
50	182	0.2944575196352142
50	145	0.2902506952063084
50	154	0.2819967468355709
50	187	0.27375634758471695
50	142	0.2720533859745436
50	160	0.2697090303715361
89	154	0.4634295109639131
89	160	0.3900338862373309
89	168	0.38209456490151134
89	171	0.3742532348937971
89	177	0.3652926267222211
89	184	0.33557713649966353
89	82	0.3331612419815476
89	159	0.3078965499949737
89	157	0.3002551387065356
89	152	0.2958451055662967
89	183	0.29149562917849986
89	180	0.2889314581996825
89	170	0.28666604509761345
89	14	0.282070383400974
154	152	0.6095719965910278
154	157	0.6344145784961727
154	171	0.5647020628351695
154	182	0.5104217909463846
154	153	0.4996803236546783
154	119	0.4946363715456986
154	17	0.4848381759072374
154	135	0.4671433300068392
154	14	0.4336229385303844
154	168	0.4328593746440428
154	174	0.4227863619078397
154	47	0.41205169449948414
154	51	0.40881699584796616
154	183	0.3963068387399878
154	180	0.3896183488063675
154	19	0.3453021138216565
154	139	0.3279058515338785
154	134	0.2941652377784001
154	46	0.292291503502427
154	172	0.2899759449304337
154	188	0.28972862880632955
154	142	0.27623367811655336
154	124	0.27523579025079764
154	151	0.27218301921001936
168	82	0.3706013394785365
168	180	0.3417476980601508
168	184	0.3393519901084549
168	159	0.2734325464612693
168	171	0.2694772004849784
139	145	0.6708131003918243
139	70	0.6177324594734567
139	174	0.5251032573578165
139	142	0.5121058188984434
139	134	0.4996052879481266
139	171	0.4956327624185821
139	166	0.4844403110245996
139	61	0.4597545457389829
139	183	0.4378033189705187
139	10	0.4350184866836295
139	36	0.4323228838306131
139	156	0.41457237797189794
139	32	0.4135947070563084
139	41	0.4016460053547479
139	135	0.3819664569985513
139	71	0.3577122582058601
139	182	0.3534667871280045
139	38	0.3383163163098471
139	170	0.31851179142900377
139	60	0.3173701714429292
139	180	0.30433482364580905
139	157	0.2904063657943829
139	172	0.2899118296525109
145	174	0.5487143832617916
145	41	0.4704281320970422
145	134	0.4562934172930043
145	183	0.450167237035858
145	166	0.4498960967304642
145	171	0.4351157726745673
145	172	0.41049800007201104
145	170	0.3853776334885489
145	142	0.3605343933972969
145	135	0.3488817827146851
145	180	0.3385199751351294
145	156	0.33687208758660003
145	36	0.3283877041521703
145	157	0.3207563750337292
145	32	0.31578656245247616
145	38	0.30463422906949505
145	70	0.3039718273501568
145	27	0.2865283657916605
145	153	0.2864824700593974
145	169	0.27604892892121186
145	61	0.27554076347539924
70	61	0.5521298441508864
70	32	0.5464108107929124
70	11	0.4563963447082149
70	177	0.4562379897804968
70	71	0.4536686167502945
70	36	0.44291386641779706
70	41	0.3958431202213326
70	38	0.3757141926580119
70	10	0.35210969979547524
70	142	0.3338011709498322
70	60	0.30985951876515383
32	61	0.6691266138848317
32	36	0.5201825550152539
32	41	0.5105105218625748
32	68	0.45274687774145
32	38	0.4418843843831633
32	10	0.3959358800865986
32	2	0.3701958211899813
32	69	0.356988248602342
32	72	0.3313642478288956
32	60	0.324232838558533
32	42	0.3170553898289822
32	67	0.2932606424896941
32	134	0.2824109092766558
61	67	0.6073804479889149
61	36	0.6002129619070542
61	41	0.5396488209057668
61	2	0.5278211207321637
61	69	0.5258343785907321
61	60	0.5706053597267073
61	10	0.4591786557575125
61	68	0.4168801846274129
61	42	0.41121283013761867
61	38	0.3747432929736232
61	65	0.3524425423730942
61	72	0.3504792389554027
61	134	0.3272631159182477
61	142	0.29873493360697617
67	60	0.5923573907245037
67	65	0.4369218208670252
67	41	0.4595179253825944
67	14	0.42367290858527773
67	46	0.4229834423126823
67	2	0.4120599965992856
67	171	0.3937243158557458
67	42	0.3630634763661287
67	72	0.3568835369903036
67	36	0.3501283240575392
67	47	0.3381303392648517
67	69	0.3372709598321317
67	45	0.3329745381685359
67	142	0.32049618738765384
67	152	0.2915322299636484
67	38	0.28119573480338783
67	52	0.2772586648149349
36	38	0.5613964739018336
36	41	0.504847109844548
36	2	0.4867710786224689
36	10	0.4266058420656256
36	69	0.41942164298933216
36	68	0.41039821619012745
36	142	0.34377747860846586
36	65	0.33325902879204045
36	42	0.32017312853773017
36	105	0.3059672122231977
36	72	0.2993996414625315
36	39	0.2808273218010792
41	60	0.5073687731816023
41	38	0.4569978297667345
41	2	0.4032047847576475
41	42	0.3902373568431416
41	52	0.3774391537486816
41	134	0.3679586275653239
41	72	0.3656998405882173
41	69	0.3636450187085915
41	142	0.3285750451484256
41	65	0.30245536506963056
41	68	0.2693566365970647
2	134	0.3904238380874757
2	42	0.376486886129563
2	38	0.3712309069366068
2	10	0.3643910607897256
2	68	0.3618387094696206
2	65	0.30617566588508544
2	69	0.29673907225399465
2	60	0.2967208332272925
2	57	0.2878587692902913
2	105	0.28015475475046003
2	1	0.27772016461545995
69	64	0.3012010837053977
69	68	0.4426807265596677
69	65	0.43086631471450104
69	91	0.3332323603728318
69	10	0.2844066127637847
194	185	0.6050591875222979
194	158	0.3805135421944305
194	160	0.5008424180166557
194	184	0.4571639559477923
194	187	0.4105811457978122
194	162	0.4027943650119655
194	170	0.3862117725901459
194	177	0.3529328847264563
194	77	0.3493384062144441
194	159	0.3467281565102641
194	55	0.31904183640125755
194	122	0.27977689091039865
194	161	0.2797308040211691
194	57	0.27351581552971016
160	159	0.43752036073518935
160	170	0.5825671853608331
160	184	0.4613067306342387
160	183	0.4277421978582737
160	166	0.4209861567661625
160	177	0.41483734432947456
160	185	0.3604734908137906
160	158	0.33439638418468504
160	106	0.29209028611762866
160	187	0.2856285699533398
187	188	0.4774993185448929
187	184	0.4676669567038297
187	185	0.4664942034700797
187	162	0.36546592631827
187	132	0.28884896937975824
187	182	0.2879779926808475
187	77	0.28525197518107803
184	161	0.39138963672675103
184	185	0.390008449732678
184	162	0.3887358660958528
184	170	0.3843724256273037
184	59	0.2869138380086811
184	151	0.2854540613841544
183	166	0.6315257296724388
183	174	0.5786960647012367
183	171	0.5136534223198861
183	180	0.4952102102092526
183	170	0.4670104173443757
183	182	0.40553021617562746
183	156	0.36865874996638826
183	172	0.3617778728364235
183	157	0.3269505655322998
183	169	0.3236241907735464
183	60	0.3150121125126454
183	135	0.2817113737689068
170	166	0.5477911505640113
170	174	0.4631624896506682
170	172	0.4376497238276783
170	171	0.38285436965022257
170	169	0.37134298591682735
170	180	0.326048233510003
170	158	0.29328806219431924
170	185	0.2923738122478997
170	163	0.2843698478304121
170	105	0.2783014718822851
172	171	0.5007300360438025
172	166	0.4928592722039425
172	135	0.480612154026257
172	169	0.4104397940021272
172	174	0.3800516342278486
172	180	0.37535342343477296
172	188	0.3639660475510786
172	153	0.33988278610483835
172	134	0.32737918783029146
172	157	0.27885490837700705
174	171	0.629000137191102
174	166	0.4686273875201804
174	157	0.4571955954138938
174	134	0.4363471821833961
174	153	0.4334199237398513
174	180	0.4322497022602141
174	135	0.4076252977943037
174	169	0.3870962910807165
174	182	0.3737973792220158
174	142	0.3463673956151871
174	156	0.2934799866144189
174	152	0.2794265982271175
174	51	0.27567936933877435
180	171	0.4061566844521294
180	166	0.3672407851448535
180	82	0.3624121604523889
180	157	0.32723632868967284
180	153	0.3167225447224284
180	51	0.2975960621249641
180	135	0.29600934243979365
180	159	0.2835240236978445
180	169	0.2790670099560037
180	182	0.2790024601828725
166	169	0.4461154624378006
166	171	0.4318430343056041
166	105	0.2808549556487206
177	71	0.558960468583279
177	122	0.35712785012983145
177	178	0.3485479915077143
177	11	0.4391280249837389
177	77	0.3059128281809762
177	185	0.2904063657943829
11	71	0.2878587692902913
91	185	0.3197512451743598
91	82	0.31083549782090164
14	152	0.6631245237550395
14	46	0.5880564946042336
14	47	0.5041314389923608
14	17	0.5207949917568697
14	171	0.4599516795160065
14	119	0.4414899773028768
14	151	0.40587273275704255
14	157	0.3823336603634539
14	15	0.3776363707521977
14	135	0.3628811436356074
14	49	0.3419066658115553
14	44	0.32048721453695783
14	153	0.2977418850337172
14	51	0.29269386062788244
152	17	0.5501594887189337
152	151	0.4186219549750436
152	157	0.531970942349906
152	119	0.4948553872323367
152	46	0.4798427725512274
152	153	0.4154663574784687
152	171	0.4021742403282991
152	135	0.3833918961235945
152	51	0.3792642432458117
152	47	0.378502004973138
152	182	0.3747175056597912
152	45	0.3673186446497719
152	44	0.36654847453221095
152	142	0.3592373753266399
152	120	0.35085636274763005
152	115	0.3352043810306395
152	42	0.3270041506807157
152	164	0.3191047098584703
152	53	0.3080051699469475
152	49	0.2966934742813478
152	19	0.2919713727785342
152	134	0.287143241661521
152	18	0.2838734394039168
152	48	0.2714513880843413
46	47	0.3719204520961119
46	171	0.339812025805636
46	135	0.33731527149982554
46	45	0.3356481256325624
46	60	0.3323342126374829
46	17	0.3200115711785392
46	151	0.31539938999868083
47	17	0.35351928968829066
47	171	0.33663270617628643
47	153	0.30327281100902764
47	42	0.29206284537923904
47	117	0.2910929642282583
47	60	0.27771093587472845
17	119	0.44657991118763535
17	157	0.4217345911330959
17	51	0.3805049900674467
17	15	0.3442359414738597
17	19	0.3231406619335665
17	153	0.31855671822541665
17	53	0.3110613255906987
17	171	0.3099499146717123
17	115	0.3093622411746419
17	120	0.30778792201621336
17	44	0.3035270365830554
151	59	0.3168574913347708
151	44	0.3132274823375977
55	185	0.35945509289607425
55	158	0.27584568124355896
185	162	0.4308255961263793
185	58	0.4083171521028329
185	99	0.3423304841432752
185	77	0.3299035310445666
185	158	0.3279504746898581
185	101	0.32681659346381337
158	162	0.314660770092484
77	116	0.3677078649439393
77	162	0.2925749931661076
77	15	0.2862070680600013
157	119	0.5502849947055375
157	135	0.5143818502241393
157	171	0.4324041900077016
157	182	0.4227945743900401
157	148	0.4068829096231292
157	53	0.40667427683073215
157	153	0.3906696053298323
157	51	0.3774220028255111
157	124	0.3583399666263516
157	130	0.3284501540226277
157	142	0.31943699431903266
157	134	0.3168394991941505
157	128	0.2862346103889345
157	125	0.27726789606566804
157	27	0.2756331686577181
157	147	0.27197930540597776
157	164	0.2714235984337262
119	120	0.4510518525420437
119	153	0.42483731907367933
119	51	0.40913343676577735
119	53	0.3530291792093407
119	19	0.3506458890735717
119	148	0.3221999839911726
119	149	0.2951058232748641
119	124	0.289701146847819
119	171	0.2828341665378947
119	164	0.2735343192104598
119	27	0.2735065636134185
119	115	0.27168295090098177
171	135	0.5196571830589134
171	169	0.4703191072852327
171	153	0.4853810906053715
171	134	0.4772754091691344
171	182	0.4159874752648287
171	60	0.3921938109213048
171	142	0.37549946278186097
171	188	0.3386350726187538
171	51	0.3194818916022356
171	156	0.28833560928182433
171	100	0.2751895773518757
171	10	0.27255334543328624
135	182	0.5305425883843725
135	134	0.47302489155890004
135	142	0.4397009345353652
135	153	0.3942903038453681
135	188	0.34255116771190597
135	147	0.2974502253287263
135	148	0.2767785692716217
169	134	0.2759565466724336
153	134	0.4585865857475195
153	10	0.29273957647400456
153	51	0.2823464909178072
153	142	0.2691618617120198
134	142	0.4826090852672478
134	10	0.4219318847442921
134	182	0.33375674136942324
134	100	0.3286731658299966
134	42	0.32378532951406136
134	60	0.3134529368143433
142	38	0.5747652087642268
142	52	0.4749787020155613
142	39	0.4718052783167366
142	143	0.4192320850449525
142	45	0.4174913920382881
142	156	0.3973094650815663
142	164	0.3971999805527175
142	182	0.3964248439164801
142	127	0.3627595730416239
142	10	0.34450917780834456
142	125	0.3247428218997426
142	21	0.3247159853753128
142	105	0.31950882928367264
142	51	0.3134890062523373
142	42	0.30422593403184955
142	131	0.30365413316873885
142	132	0.3012920087571397
142	130	0.28129703385510463
142	60	0.27738789766635064
42	45	0.4174501061296184
42	10	0.3737543646421504
42	57	0.31240652998708474
42	39	0.3050242730867153
42	38	0.30494264442869623
42	164	0.2813522852412399
78	38	0.2805785962237709
71	156	0.2782922463737032
71	80	0.27197930540597776
178	163	0.279362062510579
60	80	0.3519607676929529
60	182	0.3933524597481088
60	52	0.3511720067981127
60	45	0.3456279557632106
60	65	0.2916877737763358
65	68	0.3172262799495737
65	105	0.2954526911304994
162	57	0.5498944499984859
162	58	0.42685939083744334
162	56	0.4289098452013532
162	132	0.3411381405471217
162	163	0.2755500042228135
19	121	0.5998033682069411
19	120	0.4806582934131368
19	136	0.3968883088575073
19	124	0.3888377274748727
19	20	0.3371114254547807
19	15	0.3210972373026915
19	23	0.31115164686602426
19	44	0.2942291791385447
19	115	0.2754483532006612
19	18	0.2751341201944773
121	124	0.4261230962169885
121	120	0.4143901728130949
121	136	0.3768901958182348
121	15	0.348908130883956
121	23	0.3368011642996569
121	44	0.31077225975450984
121	20	0.2961553160800883
120	117	0.34656098737820745
120	23	0.3436628372697911
120	15	0.4462436102487797
120	44	0.4254599479934068
120	16	0.41672319212114345
120	115	0.3852413876359978
120	149	0.3710498334241665
120	18	0.3698592201387593
120	118	0.31174762625985863
136	149	0.3039536752172409
124	20	0.376504051152804
124	27	0.2841216626576163
124	148	0.2774432801017929
124	15	0.27267368407638354
124	23	0.27058043080838673
72	56	0.2999366588526276
80	182	0.3242238897988545
159	188	0.2721552414910874
38	39	0.44637173976182
38	105	0.4236647035378504
38	52	0.3254761509795204
38	68	0.3030185422554999
38	56	0.2730439033018274
52	164	0.5453648214860656
52	156	0.4231886918559991
52	45	0.4215701492781964
52	21	0.36211678054219343
52	143	0.3469480823384338
52	125	0.3221372494744387
52	149	0.3163896215962687
52	182	0.3134529368143433
52	39	0.2856377540903072
52	51	0.2781077254208917
68	64	0.2807812643536416
68	105	0.27148844024776336
51	53	0.3486094860080821
51	45	0.3094617102397346
51	164	0.29497801023769743
51	156	0.2930686910501683
51	21	0.2860601676519545
51	115	0.2837631057415028
125	149	0.3673272953881288
125	132	0.3621515348962595
125	164	0.3593505933446853
125	21	0.34343352386315656
125	45	0.2977236579297823
125	143	0.2971220417894848
125	156	0.29692145061240555
125	130	0.2903514249885769
125	27	0.27651076363265764
125	53	0.2709881681801464
53	148	0.39388485026560666
53	104	0.3813256973378747
53	27	0.3748894101325665
53	115	0.3276023752757544
53	164	0.3187723469238292
53	130	0.30881956350713435
53	127	0.30780602723666084
53	20	0.2880880371185619
53	49	0.28634477497419364
53	43	0.2841952029763723
53	138	0.28040354452012795
27	164	0.3853946630388826
27	130	0.3846962362940376
27	127	0.3763495566383629
27	148	0.34307183105425304
27	39	0.3399358538040695
27	25	0.30145566004272645
27	104	0.2945853756313148
27	115	0.2890231074125892
27	143	0.28312854143183425
27	129	0.2800533851624869
27	20	0.27426505254394257
21	45	0.32308692608502043
21	149	0.3163626244118076
21	164	0.27096963677145885
148	104	0.4781629610415593
148	130	0.38322128091257424
148	127	0.3278969267270885
148	20	0.3028459781674745
128	129	0.281140478133654
128	132	0.274967737737463
82	59	0.28606934932149386
147	188	0.3273434744479427
28	132	0.559661383179432
28	131	0.5083409022725854
28	39	0.4040920766550098
28	29	0.3187633630532831
28	129	0.3138316207859325
28	143	0.303345451294655
28	127	0.289307186300275
28	130	0.2863080542868284
28	24	0.2739505984816571
132	131	0.4243536850861247
132	130	0.34375102382428085
131	39	0.4025094887312771
131	129	0.2893988137843161
39	143	0.5141979737542504
39	127	0.4768814871448075
39	24	0.4335498582753008
39	115	0.414564096640132
39	130	0.3860501010399193
39	44	0.3258784214079379
39	149	0.3227375922984165
39	45	0.31455264737839395
39	164	0.3139488122668745
39	129	0.3023281667791092
39	57	0.29448491823624817
39	105	0.2929955604763557
39	104	0.2841952029763723
188	182	0.3514262175864657
105	15	0.2697368478576171
57	56	0.4430263952623508
57	44	0.3577732996131152
57	149	0.28523360245005025
56	101	0.3738403921940375
56	163	0.3176848831330398
56	58	0.3445444298595959
56	99	0.2994724685064002
164	45	0.5133957199444027
164	149	0.4137853449843819
164	130	0.3890583945185854
164	182	0.3404840932282401
164	143	0.32405385234099754
164	115	0.3231496177057525
164	156	0.2806799334173745
156	45	0.27702786691386755
45	44	0.4675888242883346
45	149	0.3589586397712268
45	115	0.3518643903640468
45	182	0.2987440411541629
44	149	0.5386912720356891
44	15	0.4922457847364729
44	16	0.4234103125874121
44	115	0.465781932626893
44	18	0.3867816881451403
44	116	0.3823165838134343
44	118	0.3352043810306395
44	43	0.2849028574569555
44	161	0.2828525665304941
149	115	0.45308072275113204
149	16	0.3906950263496722
149	127	0.34764279713248497
149	116	0.3003643163944737
149	143	0.2880146750053091
149	138	0.2827237622111821
149	24	0.2826593562274505
149	130	0.27639993494003906
149	15	0.2736545881999896
15	115	0.5152711439796016
15	18	0.4711597838735223
15	116	0.4500635755403598
15	43	0.35932446704850635
15	16	0.34329238756266106
15	118	0.3223075222932337
15	23	0.2746626604607653
16	118	0.4144067382914948
16	18	0.3742360360747417
16	115	0.3705150708169783
16	117	0.3351422449111544
16	127	0.3189340467982528
10	138	0.3383074608591867
115	116	0.4011594573835757
115	18	0.2906352652068291
115	118	0.2896919860888253
115	143	0.2809194328155762
18	118	0.33431644566385504
18	43	0.2853438356914982
116	43	0.3280040205453396
43	49	0.3704115399844316
43	104	0.30407166013575465
43	24	0.27762787490167945
143	26	0.3194818916022356
143	127	0.4708952186261247
143	130	0.3073623851895735
143	129	0.2751063909291305
127	130	0.444439852292127
127	138	0.44248773795377255
127	129	0.3618995430210689
127	104	0.34476473316290035
127	24	0.3047521601367138
127	25	0.2740153438148312
24	126	0.2431412136814857
24	25	0.2884181247721854
24	104	0.2803114045515756
161	163	0.2970673377047861
23	25	0.34002429515886584
23	20	0.30969679201672
104	25	0.2912760065465869
104	130	0.27806159197477376
130	129	0.31850280589799684
101	99	0.43798113405694
101	106	0.3556525042044413
101	5	0.3274238282429059
99	5	0.3079870671791292
106	5	0.4291709409870446
