3	103	0.9554080141449416
3	9	0.9449633989331148
3	0	0.8215606264257427
3	12	0.9274585864903728
3	108	0.921999043317362
3	111	0.8681205619203367
3	6	0.8603784934156736
3	102	0.8368294100626894
3	13	0.8354151904807793
3	112	0.7997073859942045
3	109	0.7243182706174306
3	5	0.6846314128321359
3	106	0.6709340846877007
3	11	0.6198491010525151
3	99	0.6144317201148849
3	101	0.5977506804020942
3	113	0.5884619442540315
3	41	0.5771976167058878
3	37	0.5588848319816166
3	8	0.5465861456445071
3	10	0.5193286258639502
3	36	0.4899085508177763
3	105	0.4829311971153273
3	35	0.4675653831387749
3	38	0.4673543832013378
3	59	0.44746809922980174
3	30	0.4437655232009397
3	100	0.4340613002620538
3	151	0.4244766658495943
3	32	0.41244181921602746
3	145	0.4089585736799643
3	154	0.3662021668889382
3	70	0.3646251869212001
3	39	0.3583748298253506
3	40	0.3535630401205141
3	114	0.35274902904296385
3	137	0.34496737866448834
3	62	0.33833402703141063
3	54	0.3383074608591867
3	142	0.3363223321728495
3	45	0.33238758481144154
3	46	0.3259767362412769
3	138	0.3189160810621816
3	176	0.3178736765612888
3	49	0.2996363165957013
3	7	0.29748668582943755
3	44	0.2964198580408147
3	178	0.28856480839958754
3	1	0.27974002150215754
3	163	0.27801545724584403
3	42	0.27030237237643834
3	117	0.27009843419418683
3	122	0.26496424888101605
3	140	0.2630012891254617
3	17	0.26290820364542
3	58	0.2508784077941804
3	155	0.250222350670788
3	120	0.24935037644689986
3	139	0.2468165508637453
3	161	0.2453134280091007
3	34	0.2422377560217465
3	68	0.2398264845646532
3	152	0.2341446007427867
3	55	0.2316288708438448
3	119	0.231288157143848
3	61	0.2291953130081403
3	85	0.2278589500205019
3	52	0.2249463151866784
3	48	0.22136405941922044
3	93	0.21933748130108244
3	168	0.19937346642760814
3	51	0.19706776705576293
3	159	0.1949907713010428
3	2	0.19075445821867154
3	56	0.18737957421149648
3	158	0.17440859868362588
3	149	0.17052758529109202
3	115	0.16576613512235652
3	144	0.16271083707602735
3	27	0.15529326896660672
3	82	0.15414151532613607
3	74	0.14524549496686098
3	18	0.1437572338507106
3	199	0.14239568859791513
3	197	0.13695397866189987
3	141	0.13644369569152728
3	160	0.1360314911843077
3	43	0.13231954744736746
3	157	0.12967571054267532
3	14	0.12801376659158106
3	124	0.1263806243348536
3	162	0.12399855284012234
3	47	0.1239788603041102
3	192	0.12364407226240595
3	83	0.12233419047841446
3	84	0.11836256552751848
3	98	0.11622242023967493
3	130	0.115985655476283
3	146	0.10753262432743106
3	190	0.1068011230686875
3	24	0.0965641675214506
3	89	0.09531378350220646
3	174	0.08747187814575752
103	108	0.9487386230685596
103	102	0.8793967619958467
103	12	0.9292817916246182
103	111	0.9050940269298512
103	6	0.8976525981658167
103	9	0.8925850954139786
103	0	0.8203216193747304
103	13	0.8059629327230937
103	112	0.7714502642833054
103	109	0.6293444982216464
103	113	0.621441429721052
103	11	0.5944241479102045
103	8	0.5920067577308675
103	101	0.566341307669188
103	99	0.5569219146466908
103	5	0.5546758838090482
103	106	0.55354635807849
103	37	0.5476861532090009
103	41	0.5403076546742677
103	30	0.5046086299193816
103	105	0.4830845377944537
103	35	0.47249687353229297
103	36	0.4684400732472335
103	100	0.4537639137361879
103	10	0.4477399804376068
103	38	0.4434844042934645
103	151	0.4257301747080607
103	59	0.421537257579198
103	137	0.4138267832114346
103	45	0.3851562254481565
103	138	0.3792728047996784
103	145	0.36814018088795575
103	39	0.3640701464499107
103	54	0.3637664992452384
103	40	0.3559931263468944
103	140	0.3516365597489493
103	44	0.3440772613523737
103	62	0.3432218135976799
103	154	0.33936083848069554
103	1	0.3389449000853036
103	49	0.3369518717151449
103	114	0.3240270024069574
103	32	0.3156875283396077
103	46	0.31080839612938593
103	7	0.30895525179221645
103	17	0.306936725398806
103	117	0.2964381006380181
103	70	0.2951058232748641
103	142	0.29069019611742863
103	34	0.2735990804986786
103	42	0.27058043080838673
103	120	0.27058043080838673
103	161	0.2678256700121702
103	178	0.2628895859619985
103	85	0.2612038764827309
103	58	0.25982432082730106
103	119	0.2546976821540263
103	68	0.2522647408727041
103	122	0.2518901580948659
103	152	0.24942540090133106
103	55	0.24832787035811846
103	163	0.2403730487658688
103	2	0.2384216835572278
103	56	0.22472794208670216
103	149	0.2239207153364252
103	139	0.2220486687127396
103	155	0.22017498357371376
103	176	0.2095015902965276
103	159	0.20830614150404916
103	51	0.20239634617688185
103	48	0.1933259883974964
103	93	0.1908989959924042
103	74	0.19018586277736435
103	144	0.18627936632922226
103	43	0.17912641680398916
103	160	0.17717052602567096
103	52	0.17544585707307114
103	124	0.16814784097353005
103	115	0.16549381644516806
103	82	0.16501719805299694
103	168	0.1643167210351663
103	20	0.16379125445284926
103	141	0.15901891759656564
103	61	0.15869724544342706
103	158	0.1583365426619613
103	18	0.1484156401558033
103	19	0.14715381436229033
103	84	0.14179800544106996
103	162	0.14097479718853795
103	27	0.13205426526118058
103	73	0.12527835748362662
103	121	0.11916114093600462
103	123	0.11668604628422412
103	24	0.1150976704269124
103	127	0.1141404139040096
103	146	0.11270906866377853
103	47	0.10479384578980444
103	130	0.10463560021786733
103	14	0.0956001501227626
103	157	0.0928706082585384
103	16	0.09086864937375937
103	86	0.08765049809216449
9	112	0.8369492565552514
9	109	0.8282382915975468
9	108	0.9010173606341728
9	12	0.8844839701931495
9	111	0.8208442488751666
9	6	0.8011088335492917
9	102	0.7729439924321517
9	0	0.7653480928866855
9	13	0.7596343489067302
9	106	0.7440716132094259
9	5	0.7090794586088041
9	11	0.6809106978699079
9	99	0.6793252539756712
9	101	0.6284498558344374
9	41	0.599822574938912
9	10	0.5250960146540941
9	113	0.5083853962870691
9	38	0.4938050512136596
9	8	0.4749941897730847
9	37	0.47477733439182795
9	70	0.4565150919344347
9	36	0.4421820888263388
9	32	0.4282649581104529
9	59	0.4216934832695676
9	105	0.4183497480134191
9	176	0.4094248084712343
9	154	0.4086504084966581
9	145	0.4012098004371649
9	100	0.397713617665876
9	114	0.3839888432785927
9	35	0.3813342432124122
9	30	0.379478262607329
9	40	0.3727904169360868
9	142	0.37134298591682735
9	46	0.34640259631256354
9	62	0.34294830288137185
9	151	0.3363844128214322
9	7	0.32733454595621875
9	122	0.3184578773844097
9	42	0.31503913527833144
9	163	0.3120635764692351
9	137	0.3072356057640062
9	54	0.306936725398806
9	45	0.3023281667791092
9	155	0.2918981908519299
9	68	0.2773509750185254
9	139	0.27627986222638823
9	138	0.2729235909184389
9	49	0.2674636071422437
9	17	0.267417183360506
9	44	0.2593953235758956
9	61	0.24822465087941634
9	197	0.24266130421474416
9	178	0.2410513302335885
9	85	0.2340784373170521
9	140	0.2318275942685065
9	39	0.2314301280856083
9	51	0.2310799152777143
9	199	0.2297542443716729
9	55	0.22911003899360954
9	161	0.2279158340606752
9	168	0.2222768232029164
9	117	0.21903285478818166
9	1	0.21602238336650254
9	52	0.2147636238474367
9	56	0.2094537843416131
9	48	0.2083731031261424
9	58	0.20062146754791532
9	34	0.1988740845847448
9	152	0.1959044814385282
9	93	0.1897328225259814
9	119	0.18892293241668165
9	95	0.1846185198349645
9	190	0.1779646711702643
9	120	0.17531016311581274
9	115	0.16967304737452754
9	98	0.16451131464061275
9	144	0.1639274954673421
9	158	0.16390803284801087
9	47	0.1637328635335861
9	89	0.16168846133988504
9	83	0.16051960690284112
9	159	0.15275495140724238
9	192	0.14071015307299758
9	162	0.1372777744068084
9	18	0.13523639244877886
9	149	0.12995099211905445
9	74	0.12952823004357136
9	2	0.11709044450494333
9	97	0.11398249550683155
9	118	0.11303486443403415
9	43	0.10083613492306588
9	156	0.09882339647867748
9	160	0.09604899051110642
9	175	0.09600341467856756
9	124	0.09106104410009266
9	146	0.08689628677951743
9	196	0.08518504997893643
0	101	0.7376615300500249
0	100	0.6019183424142525
0	102	0.7785584926184229
0	12	0.7634358595985365
0	108	0.7486207811320617
0	99	0.689519932634286
0	111	0.6859096856430096
0	6	0.6823348343363475
0	112	0.6723063986332226
0	13	0.6685739747088733
0	109	0.6275232378967124
0	113	0.6127669883481816
0	5	0.6099175128063679
0	106	0.5550496325441555
0	11	0.5459406771482506
0	30	0.4927229839618436
0	10	0.4903188366269237
0	41	0.4755670299022445
0	38	0.454533849967784
0	37	0.450573791885533
0	35	0.4469560984010129
0	36	0.41555736596653386
0	114	0.398470987857082
0	40	0.3878441738114074
0	105	0.3819579159496703
0	8	0.35656934834675585
0	1	0.3543590275886646
0	7	0.3488466509643632
0	154	0.3400862005288207
0	163	0.3256817705965929
0	46	0.3179905360539255
0	32	0.3033908496829064
0	54	0.29696704181812555
0	145	0.29609145431426953
0	142	0.2924561166618006
0	176	0.2893530007051128
0	140	0.2887939744503372
0	56	0.2781815362659899
0	52	0.2706916415445347
0	122	0.26649773707436725
0	117	0.2657451018182699
0	137	0.26028118337370665
0	62	0.2579116975564513
0	144	0.249594194975722
0	124	0.24586784228166605
0	59	0.2429247986422881
0	48	0.2345320858082215
0	70	0.2301330947293538
0	119	0.22649326723046506
0	151	0.22436710229579548
0	17	0.22241940739995267
0	178	0.21948026026288944
0	2	0.21733759182888504
0	138	0.21253043443013864
0	39	0.20990312075712275
0	77	0.2041219799359536
0	55	0.20240593651466166
0	168	0.20071744072484335
0	68	0.19833617323891448
0	115	0.19725999233595615
0	155	0.19517354046139698
0	161	0.18671371488928115
0	152	0.18605733782102515
0	139	0.1838553350425896
0	49	0.1835557968430684
0	118	0.17834229308637636
0	83	0.16826444577657795
0	61	0.16793405328164587
0	45	0.16784659012612088
0	85	0.16515338261132456
0	34	0.16348955569193285
0	51	0.16130863323957895
0	120	0.15853152239272986
0	14	0.15772227585914078
0	20	0.15680552394981315
0	148	0.15532254535022358
0	93	0.15370217670468325
0	123	0.15290144793815616
0	43	0.1482396003512374
0	73	0.13356710138286168
0	44	0.132378496471532
0	158	0.1303933669528636
0	190	0.12798425810399824
0	16	0.12431362012249016
0	159	0.12097461441897545
0	160	0.1171397587075814
0	53	0.11134638818064906
0	157	0.11127725550319607
0	98	0.10753262432743106
0	125	0.10737447173017757
0	21	0.10704826484481172
0	47	0.10627713889217867
0	82	0.10519932582789356
0	192	0.10435865772172556
0	153	0.10374537037141816
0	15	0.09789447121087867
0	27	0.08871019346311726
0	149	0.08830638179163286
0	130	0.08477304688202658
108	111	0.9477301385513844
108	12	0.9297984191229852
108	6	0.921170301425382
108	102	0.8508434075447141
108	13	0.8175220504015681
108	112	0.7179735873679783
108	8	0.6456775241533816
108	109	0.6345221194800753
108	37	0.5961286513290904
108	113	0.5736592467394614
108	41	0.5639591942525508
108	106	0.5514412668847805
108	101	0.551378631648755
108	35	0.5428870033070092
108	99	0.5412840593639799
108	5	0.5314616751748774
108	11	0.523537067595765
108	36	0.5205107127264966
108	30	0.5116556522747284
108	105	0.5107027348871206
108	151	0.4772290753513224
108	10	0.4457389224475182
108	100	0.435707376868558
108	137	0.4337528448999636
108	38	0.43005976025937226
108	54	0.4151105172158519
108	45	0.4147628296496458
108	59	0.4122343248890754
108	62	0.412068298630668
108	138	0.4051207176675852
108	140	0.4012433611263932
108	1	0.39991689534902203
108	40	0.38767424525314464
108	49	0.3692030006468615
108	154	0.3629158758224664
108	7	0.3561503046743231
108	145	0.3553117875572526
108	44	0.3538867452345461
108	39	0.3475372953934888
108	46	0.3355061435550896
108	142	0.3230242316285461
108	58	0.3190238720404999
108	55	0.3189789601356854
108	42	0.3136693398720032
108	34	0.30883765600492946
108	17	0.3086657682533456
108	161	0.30621191569957845
108	32	0.301473842422801
108	85	0.2878771119312659
108	117	0.2861428007865505
108	68	0.2800718164612787
108	114	0.2689485115726601
108	119	0.2562213086779469
108	56	0.2500817370778593
108	120	0.2449468626419619
108	2	0.24117377264926584
108	70	0.2314395924646627
108	163	0.22485137313578
108	74	0.21979434088017188
108	93	0.21952785116135431
108	149	0.21283595950165074
108	178	0.2126259154820015
108	122	0.2063921295523521
108	144	0.2058463460989276
108	48	0.1991333919112664
108	115	0.1977789247961536
108	155	0.1975771308835472
108	152	0.1920646308398521
108	162	0.18198024599080048
108	20	0.1813033416400589
108	158	0.1765117915543363
108	43	0.1664079290616603
108	73	0.16303208312574996
108	160	0.16271083707602735
108	51	0.1558982587199492
108	18	0.15444413537799345
108	139	0.15427818603097046
108	176	0.1458229986210201
108	124	0.14251325340460844
108	61	0.1411414146319414
108	123	0.13782717880869594
108	19	0.13735626592964195
108	159	0.13386173751674274
108	84	0.1329581119352558
108	127	0.13154329815110122
108	168	0.1179089853241118
108	121	0.11462400308204032
108	86	0.10922253875382207
108	47	0.10259771797054858
108	118	0.10150917448021464
108	88	0.09927987349498786
108	141	0.0982777479235046
108	50	0.09469244256897524
108	52	0.09000080556542908
108	148	0.08627299485367874
108	24	0.08564367939707311
102	111	0.8654849203401804
102	12	0.8497631730572004
102	6	0.8444544203172866
102	13	0.7799723717000892
102	112	0.6683582450218883
102	8	0.6254150912437442
102	37	0.6029058464874144
102	101	0.5982324849055876
102	113	0.5914673845863071
102	109	0.573759875340022
102	100	0.5725847973579998
102	11	0.5621424861639641
102	99	0.5574115059393981
102	35	0.5443663893129425
102	106	0.5173394108994173
102	1	0.5160712945182467
102	30	0.5135798025224514
102	10	0.4928517012692506
102	38	0.4698439030488514
102	140	0.4494174114714407
102	105	0.4485151865590461
102	114	0.44837138480815386
102	151	0.4448089144942981
102	5	0.4232625710617613
102	56	0.4163926003202073
102	36	0.4095330109839287
102	46	0.4078420736352722
102	17	0.3997152600454904
102	138	0.3990933076861128
102	41	0.3895335257475608
102	45	0.3833407143070551
102	43	0.3728851260555276
102	39	0.3700145865419261
102	161	0.3690907156694597
102	154	0.3647552370782496
102	137	0.3613954005991896
102	142	0.3581307664464233
102	40	0.35373802637977825
102	115	0.35175924295074057
102	44	0.3498914009235444
102	49	0.3430630080067965
102	62	0.34110279507407043
102	59	0.3399358538040695
102	117	0.3396439546767138
102	54	0.3394581666114175
102	58	0.3336145567478099
102	163	0.3328945142544948
102	162	0.3167765249063389
102	7	0.3162546305497144
102	149	0.3058856354111793
102	70	0.299062771013878
102	34	0.28663851018346426
102	122	0.2856193857639071
102	18	0.28528872001422323
102	120	0.2806983576894451
102	2	0.27772016461545995
102	119	0.2722756083299975
102	155	0.2712383225325036
102	48	0.2663676751687897
102	85	0.26069132800640515
102	16	0.25680051399019793
102	42	0.25578211101908066
102	144	0.2544451799415049
102	32	0.25262988630519706
102	152	0.25244264121884363
102	77	0.2472203130709205
102	52	0.24191768057674895
102	51	0.2398264845646532
102	176	0.23699700753058445
102	68	0.2364306276092893
102	148	0.2311840388586019
102	20	0.2294132195043277
102	123	0.2224289126748829
102	145	0.21258772354839545
102	55	0.20983620392641567
102	118	0.20784692351883466
102	158	0.19927743949131746
102	178	0.19355700768910336
102	15	0.19324897720162265
102	160	0.18821889051299728
102	47	0.18723483681018188
102	139	0.18127432760930806
102	24	0.17992966558982912
102	14	0.17954258762557354
102	74	0.17109066333489528
102	84	0.16791461725329407
102	127	0.1671759515728128
102	134	0.16554244663256365
102	73	0.16462806465853108
102	50	0.1610748691081437
102	61	0.15748823732040498
102	27	0.1557323860508751
102	53	0.15255961225707831
102	124	0.15116259087727488
102	168	0.14603831355369126
102	147	0.1457936364229862
102	199	0.14482454009096968
102	141	0.13946507641575073
102	82	0.1380626118969044
102	86	0.13000997842344278
102	31	0.12892841703846156
102	98	0.12793507678783364
102	33	0.1209647607556287
102	57	0.12093519962256224
102	69	0.1192794353186045
102	157	0.10462570969360696
102	130	0.1027956086489371
102	159	0.09824506654854466
102	164	0.0979667711111667
102	60	0.09742499195850436
102	19	0.09620255828529237
102	189	0.09609159364255583
102	156	0.09601827640733036
102	143	0.09113442998902893
102	188	0.08452185967680592
111	8	0.7719356520949373
111	12	0.9227897362675391
111	6	0.8912765704487725
111	13	0.8515046132671382
111	112	0.6316820095739927
111	113	0.6243911383235329
111	37	0.6054013835076522
111	109	0.5437468672894468
111	36	0.5172295483847202
111	101	0.5044073525661096
111	105	0.4982458459620889
111	35	0.4769510167247063
111	106	0.4675731969283649
111	10	0.4635158822003174
111	11	0.4504622071913334
111	30	0.4500316772550078
111	5	0.4412645251910277
111	140	0.4403379769570553
111	151	0.43843359964834006
111	99	0.431948784875398
111	41	0.4304509028155397
111	138	0.4239928511981072
111	100	0.4173262380629029
111	137	0.4070914999752853
111	1	0.3998160825342783
111	54	0.3897879750946576
111	38	0.3795381807529713
111	39	0.36606361541639
111	45	0.3549971960586344
111	49	0.3364198861651785
111	114	0.33619816210665404
111	59	0.3240270024069574
111	85	0.32245089375622976
111	55	0.3221462117214927
111	44	0.3200474744227144
111	154	0.3194908708867575
111	17	0.31078129393245946
111	46	0.3099318359386368
111	58	0.30889193215724714
111	142	0.2991629294790598
111	62	0.2989717121450505
111	161	0.2940647531778899
111	74	0.28586734045925005
111	56	0.28120494406707874
111	34	0.2770832613267105
111	145	0.2747458688417249
111	42	0.27446849157530245
111	7	0.2721552414910874
111	40	0.2643132724847414
111	32	0.2591248161554835
111	117	0.2571274033195832
111	160	0.24718275741488754
111	2	0.2463375590004708
111	119	0.2370630747037255
111	162	0.23391774568566315
111	141	0.2253829935818785
111	158	0.21744239340378654
111	163	0.21308416798298752
111	73	0.20798087157215656
111	48	0.1996999293601934
111	149	0.19960391544929496
111	139	0.1969524246132608
111	68	0.19343187490214492
111	70	0.18824782755907127
111	127	0.17515507615153147
111	120	0.1703431044509838
111	144	0.16075341392039744
111	18	0.1606559965207129
111	152	0.15351665991742566
111	134	0.14940324430405882
111	115	0.14725164749780414
111	43	0.14458956572364706
111	123	0.14409019107540064
111	93	0.13913167379183372
111	155	0.130108286885558
111	20	0.12865306141561308
111	178	0.12808261884777544
111	50	0.12648886590281413
111	122	0.12501258606037546
111	84	0.1196540118406478
111	189	0.11502859719367507
111	51	0.11345934971711967
111	88	0.10216232991228673
111	176	0.10042038786909947
111	168	0.1002125011815854
111	27	0.09281806512230638
111	52	0.08851970116462263
12	13	0.8853948710400091
12	113	0.6853585836960238
12	6	0.8297396138900696
12	112	0.7929022406198983
12	8	0.6357987807767356
12	109	0.6131602819371664
12	11	0.5921366479497184
12	36	0.5851245799345814
12	37	0.5731088375937671
12	5	0.5722284515267042
12	101	0.5635976527077982
12	106	0.5590498453035214
12	10	0.5518725851326616
12	41	0.5364230826499048
12	38	0.5262466489556888
12	99	0.5199418083612427
12	30	0.5053685160750621
12	35	0.4985464864596959
12	100	0.4568158454554381
12	105	0.4358936947826527
12	154	0.4279464351668328
12	151	0.4141499425230426
12	59	0.4083254848398417
12	39	0.4067827711785124
12	142	0.405396520262928
12	145	0.4043179635944255
12	114	0.3971410226612673
12	137	0.3969894016027537
12	138	0.3891856821241324
12	45	0.3866456157373364
12	140	0.3841422921331416
12	40	0.3742704334553859
12	32	0.3690388881991632
12	70	0.3608997443322462
12	62	0.3560018590047465
12	1	0.3525038457583824
12	7	0.3497685342646905
12	49	0.3455487045797388
12	46	0.3445973061145904
12	54	0.3427365127027263
12	17	0.32238817056109353
12	117	0.3176669014924917
12	139	0.31405698052843284
12	44	0.3099408753331913
12	2	0.3070363589175999
12	34	0.2894354632931068
12	120	0.2783937241436584
12	119	0.27596578512678266
12	58	0.2736638393063368
12	48	0.27297912077185904
12	152	0.27197004510821765
12	161	0.2664884472600491
12	176	0.2629547469973725
12	52	0.2535471135046735
12	122	0.25292943908363186
12	42	0.2526766946209264
12	144	0.2520025408591436
12	85	0.24689167590743424
12	55	0.2341824074409149
12	155	0.23220606153927306
12	149	0.2300573302339452
12	178	0.22844667670086355
12	51	0.22618966098013346
12	141	0.20592295501973476
12	163	0.2002663333226272
12	168	0.19270020355788392
12	56	0.19176604860677
12	160	0.1906677315836911
12	68	0.18181587076485467
12	115	0.17931999261186052
12	19	0.1748642646693341
12	124	0.17071205417714025
12	61	0.16930396339366535
12	159	0.16407346104351608
12	18	0.15741022054122494
12	82	0.15491265117378603
12	123	0.1457740614815992
12	47	0.1435907430276786
12	14	0.14332629972317018
12	20	0.1414158259284477
12	74	0.1405533174389458
12	27	0.13954351949977456
12	158	0.13585481768223387
12	199	0.13309563447415998
12	93	0.13276164228533452
12	43	0.13062927898237187
12	157	0.13021642323918914
12	118	0.1282596618358549
12	121	0.1270497057293563
12	24	0.11680441075027052
12	127	0.11445623338703675
12	192	0.11186978629441682
12	16	0.10890634517341682
12	162	0.09929274534396157
12	84	0.09604403663577027
12	53	0.09518099915919498
12	146	0.09290134079660373
12	189	0.09213991496612656
12	130	0.08737264241100133
6	37	0.6378674398408724
6	105	0.5419695004812692
6	13	0.7402037922481103
6	8	0.6812002261202332
6	112	0.5791747449936152
6	109	0.5249149223413051
6	35	0.5097633640732628
6	41	0.5084447174174102
6	99	0.4963415192786247
6	137	0.493442010036919
6	151	0.4909490375866178
6	113	0.4897565380029605
6	11	0.4680731274530042
6	1	0.4597230001285633
6	30	0.454351349126632
6	36	0.44809170384379504
6	101	0.4475960536358549
6	106	0.4290730384690752
6	45	0.42872213832823947
6	58	0.4139345145763062
6	138	0.4135200997317157
6	54	0.4126243788322013
6	59	0.4117029445362798
6	5	0.4113789972710577
6	62	0.4050956410466976
6	140	0.4001100928648039
6	100	0.3895250430781951
6	44	0.3749151935804856
6	42	0.3696520327537511
6	56	0.3676300311849964
6	10	0.3663233861096576
6	46	0.3635061686629769
6	85	0.357206368978785
6	49	0.3558359278745896
6	34	0.336437622479043
6	40	0.33595865825700544
6	55	0.3351955046206563
6	161	0.33441414764704663
6	17	0.3338811404572084
6	39	0.3317380788285481
6	38	0.3262358960933424
6	145	0.32128557287885723
6	74	0.3113774254616383
6	163	0.3109709986961073
6	154	0.3071993810675428
6	162	0.30375398719143165
6	68	0.2955987174594024
6	7	0.2939733978996638
6	119	0.2810760096628217
6	160	0.2758087244693985
6	120	0.2755500042228135
6	32	0.26859596221364523
6	117	0.2677049907877581
6	93	0.2496973394445991
6	73	0.2466569002961975
6	149	0.2456893196333633
6	114	0.23819531338420594
6	2	0.2356940934945684
6	158	0.22763139830920945
6	43	0.21608911576038706
6	142	0.21218666904997255
6	141	0.2048693614794238
6	18	0.19652945569979194
6	84	0.1865978957361935
6	152	0.185854599542528
6	50	0.18265697790702756
6	155	0.1815354425198374
6	115	0.17770320989781296
6	48	0.17634708320365358
6	61	0.17210004047249342
6	20	0.17203211294395634
6	178	0.1647156241449967
6	122	0.16429726097091285
6	70	0.1640053446683444
6	123	0.15707862731966776
6	127	0.15284285013181198
6	144	0.15283308372625345
6	67	0.15170974843044358
6	189	0.1508010252190356
6	86	0.13783698883186254
6	51	0.13390102054779118
6	159	0.13313492568704285
6	88	0.12453021434260868
6	24	0.12431362012249016
6	57	0.11783009678245225
6	31	0.11626187975017202
6	19	0.11518647723410512
6	165	0.11352844805653445
6	134	0.1120080320494684
6	69	0.10683078077925763
6	136	0.10014320367376273
6	146	0.09296379669945548
6	168	0.09030729408734664
6	148	0.08886496367827505
6	60	0.08593650821254509
6	33	0.0856277967327476
8	13	0.6707965997662338
8	1	0.519905324387
8	138	0.4427289673047549
8	85	0.43181049327976784
8	37	0.4248864886154164
8	151	0.4140090910374133
8	140	0.3958009539755981
8	17	0.3923799553404986
8	113	0.3805477500515184
8	58	0.3785705417962644
8	137	0.375808661026387
8	74	0.3665138483359096
8	56	0.3613084581209756
8	36	0.35664790307260885
8	90	0.35523314722467353
8	160	0.3438656572813078
8	54	0.34133252340467035
8	44	0.3349380628504414
8	10	0.3298767958701676
8	55	0.30103740480982705
8	154	0.2991902442801531
8	189	0.29701263166995706
8	39	0.292584137138088
8	162	0.29163287772109336
8	73	0.2890139427296676
8	45	0.2882989343557996
8	119	0.2862621522448578
8	105	0.27974923893157605
8	141	0.27477360405433915
8	161	0.2653640147063373
8	158	0.26293612980344483
8	11	0.2594885925628415
8	109	0.2539868465853392
8	49	0.25206809433301963
8	50	0.2489564489714561
8	112	0.2424354233461252
8	18	0.2360907224919421
8	171	0.2289679078216189
8	35	0.2287120471119449
8	100	0.2259524380114135
8	101	0.22541146946451665
8	46	0.220412851219784
8	149	0.21105951471129186
8	88	0.20884177975387488
8	114	0.20017994136011796
8	106	0.1985667213232144
8	163	0.1984610561773765
8	152	0.19442313869039266
8	48	0.19330673582181426
8	57	0.19176604860677
8	84	0.18066496013900565
8	123	0.17988128388883226
8	110	0.1734388482333537
8	168	0.1667287732033586
8	117	0.16439456001299566
8	115	0.16237982021398278
8	93	0.1597596098057852
8	127	0.15942826968592627
8	142	0.1554396481558455
8	43	0.15270611773806275
8	144	0.15184652330585088
8	134	0.15038077660230936
8	34	0.14987249637816866
8	30	0.14920770272963862
8	42	0.14054351497751885
8	38	0.13588426386626826
8	148	0.12361453078853413
8	99	0.11757369875550865
8	2	0.11207715330145898
8	120	0.1119586590629632
8	47	0.10932134471801172
8	92	0.10716688820071064
8	20	0.10443778580258542
8	82	0.09718231161991234
8	155	0.0969941025832866
8	186	0.09617977109831716
8	66	0.09411364715583467
112	11	0.8345977286424219
112	109	0.7654723370449639
112	106	0.6804223072182494
112	5	0.6532516431562944
112	70	0.6507969810971245
112	13	0.6203660929043101
112	99	0.6161468345199868
112	176	0.6067173819215875
112	113	0.6033766497122655
112	101	0.5982324849055876
112	38	0.5555061323845988
112	41	0.5317916667821689
112	10	0.5050035704277197
112	114	0.5020251489590407
112	122	0.4988995858549525
112	142	0.4909186782287384
112	145	0.4457068692035194
112	139	0.4396767343235017
112	52	0.4251486838284152
112	154	0.4158055286440177
112	30	0.4067660804871836
112	155	0.3802398418546872
112	46	0.3794097808286305
112	51	0.3786733392472265
112	32	0.37574854569553395
112	35	0.3679845654724458
112	59	0.3553904228604619
112	100	0.3481613859514527
112	199	0.3453109214557451
112	62	0.34142086959967954
112	40	0.33110606568273115
112	36	0.3285126010215175
112	124	0.3276648612105745
112	178	0.3233108117062751
112	197	0.32294362030409657
112	37	0.30546861713313594
112	98	0.2938820372500756
112	152	0.28988435087959563
112	156	0.2820979962562669
112	49	0.2805509577215958
112	17	0.27958331731301056
112	117	0.27541138766520834
112	42	0.2626754685341622
112	144	0.2623961460517235
112	151	0.26165107119682673
112	95	0.2608031693109216
112	45	0.2594512855488184
112	120	0.25932070490230746
112	168	0.2565109343628085
112	47	0.2494066450683821
112	115	0.249040868941494
112	105	0.2462154437756417
112	7	0.2410795868569269
112	138	0.238723470154396
112	48	0.2379028802724212
112	68	0.2367138376804309
112	89	0.2353540632717912
112	159	0.2323763488820156
112	192	0.22886367209001854
112	61	0.2276503619018028
112	15	0.2197848239547773
112	118	0.21743286619501515
112	137	0.2132273526759582
112	39	0.2120052161414765
112	163	0.20505137981563545
112	82	0.2031346884675405
112	53	0.19586601627976272
112	97	0.19134219352613188
112	125	0.1804908296472241
112	43	0.1749708990915671
112	44	0.17336125363961202
112	130	0.16777856140039188
112	149	0.1674967110918887
112	140	0.1673703555105312
112	157	0.16671905117198765
112	177	0.1639274954673421
112	121	0.16365500718998893
112	153	0.16263295404772066
112	27	0.15899942327489205
112	54	0.15797579761482214
112	18	0.1496085503804523
112	148	0.1471440308903447
112	161	0.1446483108453897
112	19	0.14162162014236238
112	34	0.1383961153921365
112	2	0.1371305981554099
112	190	0.13641425407748525
112	56	0.13496150293385994
112	16	0.13462768059512048
112	71	0.12608540476936247
112	1	0.12470741896920425
112	191	0.12376223596581708
112	20	0.11785968015991778
112	198	0.11686359173922126
112	77	0.11249185801484367
112	175	0.10641555555556544
112	141	0.10497186571489037
112	146	0.09860058889258244
112	21	0.09364580709104373
112	87	0.0930074162612357
112	188	0.0913010321153183
112	119	0.0901783527772662
109	106	0.8350523291356802
109	99	0.7497307807356665
109	11	0.7156057440201136
109	5	0.7078941093958863
109	101	0.6188690344877845
109	176	0.5799583858746112
109	13	0.5732968403728347
109	70	0.5368716486733554
109	10	0.4793268736575526
109	41	0.4550494069119242
109	114	0.4365252773340853
109	197	0.43342804517634814
109	38	0.39628155021264777
109	142	0.3762894697847196
109	113	0.3731433841624278
109	95	0.36226447959277136
109	46	0.3621254692251026
109	32	0.3616127293003701
109	100	0.3597337142895439
109	122	0.3566653589935589
109	163	0.3447382987711358
109	155	0.3254493287593743
109	199	0.3210703301465793
109	68	0.3096154218382009
109	30	0.3014283860615269
109	154	0.29400994065559344
109	98	0.29210857967605386
109	40	0.2898935105236741
109	37	0.2764368786546084
109	145	0.2709325733515183
109	42	0.27054335895795123
109	59	0.2682433408803535
109	148	0.2648991620976483
109	52	0.26208884052643217
109	15	0.2535283991325519
109	56	0.2469198470337803
109	7	0.2461215036674797
109	35	0.2437620963074493
109	118	0.24357397113031945
109	62	0.23911006684692204
109	77	0.2367893535749413
109	115	0.2350328707041495
109	139	0.2311177790106224
109	156	0.2300668009484048
109	151	0.22364523819664608
109	18	0.21636555702248705
109	54	0.21234900925148728
109	61	0.20321138612484788
109	83	0.2015714320766082
109	186	0.19877803776509453
109	178	0.1971734928359414
109	44	0.19698126073514494
109	45	0.19628909985228774
109	51	0.1955582733206497
109	190	0.19370138384898405
109	117	0.17866177830087346
109	48	0.1771802121145568
109	43	0.17628894848623533
109	124	0.17504844882064374
109	192	0.17439890285030885
109	47	0.1723911399071139
109	161	0.17152745726951169
109	144	0.1620585041858019
109	97	0.15779053376328273
109	36	0.15650313153171697
109	49	0.15096715499713806
109	17	0.1498138435567226
109	135	0.1474668702516208
109	71	0.14718316460535907
109	168	0.14610681995002847
109	1	0.14351239159192114
109	105	0.14195478481487614
109	55	0.13929837905140002
109	162	0.1376996460474003
109	138	0.13762116207839228
109	130	0.13449021545082626
109	198	0.13218199608493245
109	153	0.13207391644269806
109	188	0.12932174771819516
109	149	0.12515039570702913
109	125	0.12088593059081068
109	16	0.12063957650281094
109	89	0.11833298571340063
109	21	0.1155811518587689
109	158	0.1131138415692459
109	191	0.10979558324120428
109	177	0.10243939957967993
109	181	0.09712783077085872
109	166	0.09636305648353397
109	58	0.08909512682917697
109	78	0.08635537649212258
109	152	0.08502819439493796
13	10	0.7156398958986468
13	37	0.6324686391541392
13	36	0.6183937172182082
13	113	0.5914413773177042
13	38	0.5601076272204893
13	106	0.5550427133066963
13	5	0.5188245398443345
13	101	0.5005726729183518
13	35	0.4977043910403066
13	99	0.4917986154076298
13	30	0.486397093030831
13	11	0.4852434856490669
13	100	0.4808428243476696
13	39	0.4731413204147595
13	41	0.4535653666392996
13	142	0.4371321627913486
13	32	0.4365171828419285
13	114	0.4294319650675629
13	151	0.42336927553331105
13	1	0.3933186482624372
13	7	0.38706228429572137
13	54	0.3858373391802957
13	59	0.36710235553919895
13	145	0.3645384789125905
13	45	0.3332056914204111
13	105	0.33238758481144154
13	140	0.3289942384480857
13	40	0.3203167194475147
13	138	0.3179545803158421
13	70	0.3138045752398943
13	154	0.3133627592623618
13	2	0.30258255258850264
13	55	0.3010010293125949
13	44	0.2906077990330796
13	137	0.268781523484786
13	85	0.2668878645464069
13	139	0.2635131717067236
13	58	0.2632153671460851
13	178	0.2493878890483192
13	46	0.24701374777378576
13	163	0.2410795868569269
13	176	0.24096655791165675
13	144	0.2405143767887057
13	27	0.23532572481776556
13	199	0.2350328707041495
13	161	0.23283983667407204
13	49	0.23008574224658904
13	52	0.2298963214222655
13	62	0.226113752547738
13	74	0.21937555660978034
13	17	0.2193565190389521
13	117	0.21783297327144216
13	18	0.21355187072943485
13	186	0.2114321110364889
13	158	0.20769383048393306
13	34	0.19573138347833036
13	149	0.19467329794641813
13	56	0.19289276946012848
13	155	0.18526560341894796
13	141	0.1798425779014054
13	48	0.17943613143301154
13	122	0.17875858456789026
13	115	0.17586258967139465
13	159	0.17573660738643807
13	120	0.17552339348472928
13	14	0.17124597555956164
13	162	0.1669426496884089
13	93	0.16224350852491765
13	160	0.1604514097947584
13	98	0.1589116972932688
13	119	0.15789779313737354
13	156	0.15015597013769566
13	168	0.14878724884309855
13	42	0.1474375225161297
13	134	0.14687008199315074
13	61	0.13975922894746268
13	152	0.1374739999792409
13	16	0.1372090929100438
13	135	0.1323490220764774
13	24	0.12895791824824482
13	31	0.12633142262709784
13	124	0.12517992571750314
13	192	0.1242250099801924
13	83	0.12399855284012234
13	75	0.12281682833812407
13	118	0.12255089219879657
13	190	0.12062972202999707
13	157	0.12027494518927735
13	95	0.1149299192167423
13	43	0.1148016344559996
13	143	0.11298550299912605
13	123	0.11102046756274546
13	127	0.10961774964118086
13	77	0.1055652168170299
13	130	0.102765925565522
13	197	0.09935314357605723
13	53	0.09923630699040817
13	51	0.0986332679577265
13	50	0.09280616849137484
13	68	0.09156877482142647
113	101	0.5025485444680258
113	30	0.4897565380029605
113	138	0.4815113919500252
113	114	0.4766342225250434
113	142	0.465492155239322
113	2	0.459005024128506
113	5	0.4444478769886389
113	35	0.4296766099989311
113	46	0.42211270212361895
113	36	0.420961473334754
113	117	0.41322161490423664
113	38	0.41006553227305703
113	48	0.4051374350762139
113	10	0.3994127345499797
113	140	0.3975031407732985
113	17	0.3938257088043273
113	52	0.3932932889499883
113	37	0.3918044960660507
113	139	0.3874702961981734
113	123	0.3791101241720593
113	11	0.3744080126783408
113	124	0.3723167548488977
113	39	0.3651453021543554
113	99	0.354813647209808
113	154	0.35269649384377205
113	100	0.3434247032987172
113	1	0.3318359697391737
113	137	0.3183590296182984
113	144	0.3171813108619769
113	34	0.3151562280267496
113	62	0.3129839518408322
113	134	0.3101849178013276
113	104	0.3059672122231977
113	41	0.3056136802697718
113	33	0.3004461944958286
113	149	0.2991447193392738
113	127	0.2988442205814443
113	145	0.2972314441073328
113	106	0.2968393830308459
113	148	0.2861795252580955
113	136	0.28456285439749823
113	105	0.284149240668967
113	45	0.28363437363825
113	188	0.27776630755018866
113	152	0.2736545881999896
113	143	0.2712475868050989
113	118	0.2683918217880559
113	7	0.26467598908939016
113	120	0.25118761199206546
113	19	0.24987548472614696
113	49	0.24784925981783276
113	110	0.2455577659630859
113	51	0.24259542501140785
113	115	0.24171054487205576
113	121	0.23891206336851564
113	85	0.23383266847085374
113	119	0.2256962071018659
113	16	0.2157458990978174
113	54	0.2154217010688278
113	161	0.2147445462337783
113	22	0.2144202017397112
113	128	0.21398130745161956
113	55	0.21012297649548886
113	44	0.20988400186326506
113	47	0.20983620392641567
113	122	0.2048693614794238
113	56	0.2034510502273736
113	155	0.2026360929706819
113	125	0.1946925399176389
113	151	0.19188163304030706
113	24	0.18862397939880485
113	157	0.1870514910979162
113	130	0.18091646196433728
113	53	0.1787682650042697
113	160	0.1774029826820653
113	141	0.177315813754182
113	18	0.1770542902824382
113	126	0.17418558596426892
113	14	0.16562025325784274
113	20	0.1646669803062591
113	59	0.1623992928066208
113	147	0.159545217363212
113	164	0.1580733004389253
113	153	0.15774177827129282
113	43	0.15628851265634325
113	176	0.15183675386468304
113	40	0.15179767580335746
113	131	0.1419449863125764
113	23	0.1341956298594155
113	156	0.13011811759110398
113	116	0.13002964032042552
113	32	0.1273842031137902
113	27	0.12499289857408785
113	21	0.12426439251035545
113	163	0.12086622281132972
113	28	0.11625201490695013
113	25	0.11559101825733825
113	70	0.11202778108923987
113	129	0.1096869079868266
113	77	0.10284508004776588
113	73	0.10127164168495427
113	178	0.09327903912841498
95	197	0.924129427218981
95	198	0.8525460101839151
95	71	0.7778090762579374
95	177	0.7692548717426577
95	96	0.7633106812261107
95	97	0.7258075185924331
95	70	0.6907558860529358
95	176	0.6485256829179021
95	166	0.6385075737452939
95	199	0.5996881132992273
95	181	0.5797061439537737
95	98	0.5743230754371765
95	79	0.5482669221683637
95	191	0.5369712888201478
95	192	0.4499678772390243
95	11	0.43575598514266506
95	190	0.415954396537616
95	156	0.4133211197172914
95	168	0.4121513151812688
95	179	0.4096994538915193
95	15	0.3735134532878036
95	81	0.35654316231765515
95	195	0.3488993482221509
95	183	0.34161520999288997
95	175	0.3414297038874152
95	182	0.3383871577579601
95	106	0.3338367135463777
95	170	0.32507376269736177
95	122	0.3200025952238723
95	89	0.30747104458501506
95	114	0.2983888065045505
95	87	0.2935713708819146
95	10	0.29100143507559645
95	196	0.27530048617241115
95	174	0.2662747678681867
95	135	0.2606540460164013
95	83	0.2574915821257827
95	66	0.2484873802784493
95	32	0.2454637935174752
95	139	0.2293374285475163
95	99	0.22117385141007365
95	82	0.2200703135116788
95	194	0.2090521748082659
95	173	0.1989509192900248
95	38	0.18603803009583994
95	178	0.1802005870219677
95	52	0.17070234558662126
95	169	0.16730231561200531
95	162	0.16601897983225178
95	5	0.1642680706347437
95	159	0.15482480976298044
95	163	0.1527940178055109
95	155	0.14827872112008214
95	75	0.1335572797714493
95	186	0.1316710464926971
95	180	0.1289972528395364
95	61	0.12394932131698685
95	80	0.11650849337092267
95	184	0.11198828292121467
95	27	0.10727562359684838
95	171	0.09850948249739418
95	142	0.09167388500770746
95	153	0.08697766702035868
95	125	0.08621046342475812
197	176	0.7245558660716915
197	198	0.8493736463344396
197	71	0.7809885806698397
197	177	0.7720164626875494
197	97	0.7508453021417468
197	166	0.7357272373715013
197	70	0.6972969645824083
197	96	0.6863806778307355
197	191	0.6242324772861465
197	181	0.6002897257057737
197	98	0.5442397171600659
197	199	0.5263623295287735
197	192	0.4961756992533872
197	79	0.4822868428112547
197	190	0.4613697039981232
197	168	0.4529376618708534
197	156	0.4498881207595594
197	11	0.4498083571034733
197	179	0.446435797655788
197	175	0.4143404747304102
197	122	0.4075836048637537
197	106	0.4027943650119655
197	195	0.3864074485124001
197	83	0.3763581402161704
197	183	0.3623079170282844
197	89	0.35891508155473645
197	87	0.3554690531335101
197	196	0.3501458721377891
197	15	0.3488817827146851
197	81	0.3178197381530725
197	170	0.31711835174309494
197	174	0.30624816462607235
197	82	0.3057134029475695
197	182	0.29857098845394103
197	114	0.2873542639357841
197	99	0.27271070963500843
197	52	0.2693937340774397
197	169	0.2686516326889515
197	5	0.2675100296823307
197	10	0.2535190418753205
197	66	0.25309791621729555
197	173	0.24549198573564385
197	32	0.2340028193183553
197	194	0.2245855126837836
197	139	0.2230276596817698
197	178	0.21308416798298752
197	125	0.20343187799596066
197	155	0.19680823889331728
197	21	0.1765117915543363
197	38	0.16963419866860532
197	47	0.1691971144257237
197	172	0.16064625460855447
197	135	0.15457103194065885
197	51	0.14398247318666318
197	159	0.13674791158074764
197	163	0.13558979123079318
197	153	0.12875140498904392
197	75	0.12378192957524692
197	180	0.1207479741340828
197	61	0.12032422158977847
197	184	0.1163802560791233
197	150	0.11626187975017202
197	154	0.11420950138951355
197	27	0.10819482913082004
197	162	0.106573740977599
197	185	0.10515976833738397
197	142	0.08637919746872318
197	53	0.08598117571102437
198	177	0.832982331124143
198	96	0.8870047201320033
198	97	0.8223715545126096
198	166	0.7434907870427421
198	71	0.7931249182783005
198	181	0.6832902766795456
198	98	0.6809428781924456
198	191	0.6430518082046701
198	79	0.6273595322256371
198	199	0.6000274037375706
198	176	0.5901524793805956
198	70	0.5511349910787358
198	195	0.5373625872261271
198	156	0.5341185292950821
198	175	0.49729804508697895
198	174	0.4953837868110757
198	183	0.4936764938057701
198	81	0.4863283824150482
198	170	0.4849911474605447
198	182	0.4825937433497506
198	192	0.4326480663493789
198	87	0.4214961413956085
198	179	0.4092499954650161
198	190	0.398470987857082
198	196	0.3666177238786694
198	66	0.3641048440617361
198	168	0.3489783899719849
198	194	0.3196255532687917
198	122	0.3144084710623332
198	15	0.3106819148868864
198	173	0.2965840336275555
198	83	0.2930047019855865
198	167	0.2851876697054087
198	89	0.2835240236978445
198	180	0.2798967107876261
198	135	0.23645895042513915
198	11	0.2362229146856748
198	82	0.2358640869737423
198	52	0.2337570412736339
198	75	0.21920421245993235
198	139	0.2143534190590554
198	169	0.21014209338184328
198	184	0.20686120919732096
198	125	0.1981440330673301
198	29	0.1922090933534848
198	106	0.18343983741708866
198	159	0.1831885744841536
198	21	0.17779036644488505
198	185	0.17197388804590613
198	61	0.1709159269182584
198	172	0.16494910341382885
198	32	0.16188322640732927
198	80	0.15836579040920062
198	171	0.15427818603097046
198	10	0.15396578718158802
198	178	0.15278425125070727
198	193	0.1469972753571893
198	187	0.13934740850795266
198	26	0.1339403031580388
198	76	0.12964621490163528
198	141	0.11597578999156358
198	114	0.11037843292556627
198	27	0.10857036534693583
198	38	0.10801693276998647
198	162	0.10702849398910574
198	186	0.1018159705413002
176	70	0.8083674465975341
176	199	0.6864811522237959
176	177	0.6457766403638345
176	71	0.6311769203013363
176	114	0.5984186667894146
176	122	0.5901589965426449
176	11	0.5833923533794715
176	98	0.5828709870446435
176	38	0.5605809770255431
176	139	0.55254679755452
176	156	0.5463757380734434
176	97	0.5394007013492659
176	52	0.4909793957521289
176	106	0.4891634034837543
176	99	0.4615035069616462
176	142	0.44801177888019533
176	166	0.4442552645865417
176	5	0.43578838924669305
176	96	0.4239272305674622
176	32	0.4108554782485583
176	10	0.40033684458003693
176	191	0.3889056297802249
176	101	0.3688747527355789
176	182	0.3616735742964885
176	181	0.3598468859115165
176	192	0.3526264434527408
176	47	0.3514086874709853
176	51	0.3490837712483845
176	155	0.3402718989528659
176	175	0.3389006435175782
176	125	0.3367125048163181
176	15	0.3306340874514187
176	168	0.3259767362412769
176	145	0.2967481916861634
176	154	0.2897927515182673
176	21	0.2882622585838977
176	144	0.2799980900273304
176	153	0.2727569904473487
176	178	0.26481547554365664
176	40	0.2644620883490683
176	179	0.2628523500078369
176	53	0.25231155840717
176	41	0.2449750624657641
176	190	0.2387706201468061
176	61	0.22948900767919864
176	82	0.2253450251393529
176	174	0.22039382277240388
176	46	0.2200227345353269
176	87	0.219899024298028
176	135	0.2139049691849805
176	100	0.20711964103580496
176	163	0.20566438980111815
176	124	0.2005734795152459
176	89	0.19140962979433185
176	59	0.1911013349683044
176	173	0.18804526137555566
176	152	0.18633728368168512
176	195	0.17599825645922607
176	130	0.17409831525203973
176	159	0.16904169064565394
176	83	0.1650561085691139
176	27	0.1639858825595708
176	172	0.16332409499676
176	29	0.16283739267221345
176	157	0.16110409061352565
176	170	0.1578295376029826
176	169	0.15141663985333892
176	183	0.15014619559117262
176	66	0.14766251518321868
176	79	0.1452063385895427
176	196	0.1338224540650125
176	150	0.13316439382208373
176	56	0.11613363499980645
176	36	0.11327179155070065
176	7	0.10943002878340444
176	118	0.1070878063022366
176	129	0.10676157915897078
176	48	0.1066923765043458
176	26	0.10480373596193863
176	162	0.096153020793663
176	115	0.0949322671371761
176	80	0.09190591346639107
19	121	0.9234550350496604
19	120	0.7509325353073115
19	136	0.7108549425802598
19	124	0.5628397618562463
19	20	0.5627714368706249
19	117	0.5626757689703894
19	33	0.5305497735918709
19	149	0.5255666321742221
19	53	0.5122459773090762
19	130	0.4911615197039534
19	14	0.490569459920358
19	24	0.4892394716789922
19	116	0.4883185468249446
19	17	0.48457040429899295
19	23	0.481764840105437
19	16	0.469228069695637
19	157	0.4624867074028256
19	126	0.4580652271184664
19	128	0.4389019905556427
19	115	0.41889408673886425
19	123	0.4116115853238335
19	138	0.4102402049432094
19	118	0.4078920923018075
19	127	0.404986968646548
19	131	0.4038912468795123
19	143	0.3858628727711645
19	119	0.37667568716607774
19	22	0.3738317897282666
19	44	0.37017856196111815
19	25	0.3639053189938224
19	104	0.36136062436191213
19	76	0.35992522929374204
19	18	0.3565169757283614
19	188	0.35627254055318336
19	51	0.3458744834673799
19	152	0.3457600301123611
19	39	0.3359231725089569
19	28	0.3306162737116202
19	84	0.3155344620911377
19	27	0.3143183534979287
19	137	0.309235634391516
19	159	0.3087743312848825
19	144	0.3054595502162001
19	59	0.30107377943103897
19	187	0.2960732076092044
19	54	0.29103804737599903
19	26	0.2894995978914853
19	91	0.28572959257409114
19	48	0.2767970370418615
19	132	0.2758641593248174
19	34	0.2749492497809296
19	49	0.2739136000334633
19	155	0.2734232940895453
19	4	0.2688650195490996
19	148	0.2603184731336771
19	94	0.26029982835075705
19	30	0.2573328465044144
19	45	0.2499317376172344
19	133	0.24973484511952335
19	145	0.24006209124788944
19	69	0.2378085378063454
19	164	0.2371102641992724
19	62	0.2360246231177159
19	55	0.23518402654655515
19	161	0.2344281337097496
19	2	0.23326539558087284
19	42	0.23086218523282065
19	75	0.2295269007231512
19	63	0.2255728255236099
19	125	0.22295163763248907
19	1	0.21617491158606086
19	29	0.21104040555300607
19	58	0.18594148931500026
19	43	0.1854394194188022
19	41	0.1852752601676189
19	122	0.1771802121145568
19	129	0.173952857988057
19	86	0.1706926369629566
19	21	0.169527362009239
19	72	0.16890568794096944
19	35	0.16311968968866064
19	142	0.16300288036673294
19	31	0.15949648970835856
19	146	0.1563080240733687
19	82	0.15064465999943735
19	151	0.15049806075991595
19	68	0.14542169303271707
19	65	0.14491265126900515
19	52	0.13222129699391305
19	154	0.13101260447093402
19	178	0.12905625396533218
19	46	0.12734485198271078
19	15	0.12597715199662124
19	77	0.12536694396455342
19	67	0.1142884571631285
19	180	0.11419963181634392
19	163	0.10922253875382207
19	186	0.1091928965435922
19	189	0.10619804180627056
19	140	0.10546633017496072
19	40	0.10284508004776588
19	47	0.0910084833285001
121	136	0.6822653536809588
121	120	0.6576776333174733
121	124	0.5949993707836796
121	126	0.5091561945324921
121	116	0.4855263141981625
121	33	0.4781398199041286
121	20	0.4750019335414988
121	23	0.4740566509579772
121	157	0.4670573301059999
121	128	0.4650298712696088
121	130	0.4613146025589276
121	53	0.4531284045263736
121	123	0.4516411044024353
121	17	0.4495929593897231
121	117	0.4394589036898187
121	14	0.43809427127259504
121	149	0.3982774893261549
121	138	0.3981512755306602
121	24	0.38807353554969504
121	127	0.3847558753043416
121	51	0.3750011342179164
121	152	0.3684859190803544
121	16	0.3668254475441276
121	188	0.36015152610728296
121	118	0.34362756095071234
121	22	0.33761655119388245
121	119	0.3354262719370503
121	115	0.3324142701001417
121	25	0.3319961394504846
121	159	0.3293330659329123
121	131	0.32495749526825823
121	94	0.32105239175453004
121	143	0.3140389530509425
121	59	0.3113142109969686
121	133	0.3043892654705381
121	144	0.30382660410788376
121	28	0.30242810919976404
121	132	0.29769631686688275
121	48	0.2934525702881192
121	76	0.286041804155286
121	155	0.2759842618825099
121	26	0.2675843031633817
121	104	0.26719433193014186
121	4	0.2640249059329192
121	137	0.2629826724211014
121	54	0.2524613665785574
121	91	0.2493972670817392
121	187	0.24783048830989698
121	44	0.24400663161424999
121	39	0.23211145130818306
121	34	0.2315436977425481
121	29	0.2262940305890059
121	84	0.2209360677352816
121	55	0.21551705836337773
121	145	0.21353278273594167
121	129	0.20992223949045646
121	49	0.2034031193563261
121	21	0.20306757597246497
121	122	0.20302922511858928
121	161	0.2024442974775362
121	75	0.1996711255894923
121	18	0.18922185041958015
121	27	0.18479237893590114
121	148	0.17341944978674895
121	42	0.1687891090743992
121	89	0.16716623103455058
121	125	0.16630097318015194
121	69	0.16567860687380295
121	62	0.16253559741247964
121	45	0.1585705168556913
121	82	0.15798554803589218
121	142	0.1495987741930101
121	72	0.14881658458278374
121	2	0.14881658458278374
121	41	0.14668417526358898
121	30	0.1463123307288414
121	154	0.14224872693983104
121	52	0.14011217942295678
121	164	0.13700304050628467
121	58	0.13062927898237187
121	47	0.12785638537331998
121	63	0.12384100981842668
121	184	0.1226592386784546
121	86	0.12034393198397705
121	65	0.10921265803866016
121	73	0.10847154302677084
121	101	0.1056937663302091
121	146	0.1030132789966284
121	178	0.09997490568263216
121	186	0.09798558872386133
121	150	0.09273280534855922
121	46	0.09146663749704473
121	93	0.08716721893219709
120	14	0.6289215641190595
120	117	0.6813502680484468
120	149	0.6678156584950681
120	20	0.5831812248961944
120	17	0.5824746916512696
120	152	0.5702208212707546
120	53	0.5511906886405956
120	115	0.5462845400343961
120	157	0.5425272141346851
120	16	0.5355749638302197
120	136	0.5329740043379023
120	155	0.5285133184471386
120	124	0.5281817279663104
120	24	0.523050538019635
120	51	0.5164893636323079
120	44	0.5046086299193816
120	18	0.4968688875315241
120	118	0.480696740869349
120	23	0.4769432915105846
120	161	0.4729162097190448
120	49	0.4718441473887402
120	43	0.4703424709536938
120	46	0.4431790906538657
120	59	0.44225448869491896
120	84	0.4386193693871952
120	148	0.43523736587724265
120	48	0.42851806712800383
120	130	0.4238369949326081
120	58	0.4206652235343728
120	45	0.4122177234949767
120	143	0.4119437609763096
120	35	0.4050705638162966
120	151	0.38706228429572137
120	69	0.3850540221630994
120	42	0.37789355883885495
120	128	0.3764010571360428
120	67	0.375370605501934
120	76	0.3731003451587349
120	119	0.37196353505377
120	30	0.3702130801632745
120	39	0.3634540957313889
120	104	0.3581656356410605
120	144	0.3475285031846498
120	62	0.3402984251331181
120	86	0.3358699420988108
120	68	0.33279670073645345
120	122	0.3287356025699094
120	159	0.32564601287541434
120	1	0.3215366474482224
120	126	0.3121267582316579
120	138	0.3114767569098653
120	41	0.31053735142235744
120	77	0.3083671784535581
120	154	0.3057859243189751
120	164	0.3056680752889808
120	25	0.2980608242036153
120	47	0.2960549606880437
120	189	0.2901408008351339
120	127	0.28677618001788224
120	123	0.2866476885408001
120	125	0.27974002150215754
120	142	0.2784675222546551
120	22	0.2729235909184389
120	54	0.2714513880843413
120	27	0.2689670648068229
120	33	0.26341080705103154
120	131	0.26100819351951504
120	188	0.2609336419851559
120	26	0.2599455406040581
120	94	0.2458396556036446
120	178	0.23741225046690625
120	116	0.23518402654655515
120	52	0.23360577839421776
120	61	0.22394921093039133
120	163	0.21402901754112946
120	145	0.21388588421005247
120	137	0.21335143866813974
120	31	0.20879395999902514
120	60	0.1996423214737123
120	91	0.1931912172420001
120	89	0.19192016000213788
120	100	0.1915252306209582
120	82	0.1898966974862143
120	133	0.1888264997826088
120	146	0.18803561496761967
120	72	0.18700324005970104
120	156	0.1841258563296385
120	21	0.18095515245367835
120	105	0.17950387676921514
120	40	0.17884570724916146
120	153	0.17140127927355134
120	2	0.16429726097091285
120	5	0.16071444733626122
120	11	0.16028578186989806
120	106	0.1530381719711311
120	15	0.15101601507418955
120	38	0.1492956978832713
120	192	0.1488948119412268
120	101	0.14684072898845682
120	29	0.14005335681389086
120	34	0.13905322152859767
120	55	0.13837649840753596
120	165	0.13659090014534114
120	50	0.12870223351875446
120	187	0.12049175691509854
120	80	0.11937801138409715
120	168	0.10735470227326913
120	129	0.10709769161366772
120	99	0.09715952879023124
120	10	0.09531972899050233
120	28	0.094772715653745
120	180	0.0849517505887242
136	149	0.7194288249811887
136	188	0.6221161598175204
136	116	0.6162212725852534
136	143	0.6357034494940489
136	44	0.6342831061571705
136	24	0.6114225084073335
136	33	0.5934921604977793
136	138	0.5782635800199215
136	127	0.5767973723951182
136	104	0.5661239058696177
136	123	0.5418635515098149
136	45	0.5372345513822361
136	131	0.5333461892841715
136	128	0.5303269967080974
136	164	0.5190875862968551
136	20	0.5185029051588086
136	119	0.5153519339214158
136	130	0.5116556522747284
136	117	0.5085559315300414
136	187	0.4944550696599516
136	53	0.4710197304748287
136	17	0.4668227400078119
136	39	0.4632724497909773
136	118	0.4471961352818582
136	18	0.4468760717998318
136	76	0.44281740201437736
136	115	0.44238318534191023
136	126	0.4419729012812327
136	4	0.4359665916244975
136	152	0.4331193811041436
136	124	0.4319406506377901
136	137	0.4308255961263793
136	157	0.4222770524198994
136	49	0.4193227477541036
136	14	0.4105894599949024
136	28	0.4002108774549589
136	16	0.3932932889499883
136	34	0.39161825238330106
136	48	0.38703677851591706
136	51	0.38624580568303696
136	22	0.3850880909743485
136	132	0.3819322924115513
136	26	0.3777478260802168
136	23	0.3723856632150161
136	2	0.3660982548063415
136	43	0.3654485974984764
136	25	0.34402436361008937
136	94	0.338457995370683
136	129	0.32897640307491205
136	84	0.32488594119814684
136	86	0.3235704736875732
136	134	0.31816131331742153
136	133	0.3107632255204086
136	148	0.310103574852216
136	27	0.3055230174714517
136	46	0.3023826816509351
136	62	0.2999366588526276
136	144	0.2996363165957013
136	155	0.2992357678589911
136	63	0.2965566722467853
136	146	0.29077258889052604
136	140	0.28459961493832714
136	125	0.27250705906885503
136	30	0.2636806647058253
136	161	0.2600574285112599
136	29	0.2566977652035972
136	142	0.2508221833464477
136	58	0.2460275589350677
136	31	0.2388743461670529
136	80	0.2337570412736339
136	52	0.2335490518987696
136	159	0.23211145130818306
136	69	0.2275081307491146
136	189	0.2187472286457406
136	77	0.21299825277321213
136	154	0.20865049474455916
136	47	0.20475439522824093
136	21	0.20404531194676287
136	59	0.20104372069869925
136	1	0.19781735983194373
136	186	0.19690436365289274
136	54	0.1911495085219514
136	147	0.18401958343403904
136	122	0.1806359391765568
136	35	0.17556216087405885
136	82	0.16216561335052956
136	50	0.1617468921834475
136	151	0.15999347528245114
136	167	0.14792661750837197
136	89	0.14157262262961245
136	153	0.13960235066350346
136	75	0.13865112630429868
136	60	0.13163173977627518
136	165	0.12891858325115058
136	91	0.12501258606037546
136	156	0.11920057277293353
136	72	0.11338037884241248
136	40	0.11282754266073952
136	15	0.1116920353898799
136	42	0.10650453551878672
136	184	0.10460592858299994
136	67	0.10220191226484646
37	35	0.7315389452847847
37	36	0.6315497760750995
37	140	0.6165251137747423
37	30	0.5863530010377872
37	2	0.5831548282940912
37	137	0.5661171107939174
37	62	0.5265502689057382
37	39	0.5044819061275923
37	1	0.4973657845738834
37	40	0.4838201605713709
37	34	0.4824556527655463
37	134	0.4644104835488931
37	45	0.4588945130134106
37	54	0.4459872963315253
37	58	0.4416509804044672
37	41	0.4232625710617613
37	10	0.4231312263606046
37	32	0.4227370855563656
37	138	0.4124916114885285
37	101	0.3805135421944305
37	49	0.3639833979991013
37	42	0.3568660841829131
37	7	0.3550933297732417
37	145	0.3537117800189953
37	105	0.35347553770937784
37	74	0.34937352423082024
37	38	0.34932962655699423
37	61	0.3400685135809971
37	106	0.3357900924609284
37	141	0.3334634689547211
37	100	0.3293063194767151
37	99	0.3283520172227929
37	165	0.3277630476024932
37	161	0.32128557287885723
37	114	0.3195447453889533
37	59	0.30035521855437297
37	5	0.2985072272458981
37	162	0.2955804649235315
37	127	0.2892705338220633
37	151	0.2757810063536346
37	86	0.2734788075608931
37	33	0.2638946604005745
37	55	0.26055151653558273
37	31	0.2576316314282751
37	163	0.2558755661795216
37	11	0.2539868465853392
37	56	0.25007236246316755
37	44	0.2444862068822039
37	50	0.23572242674304925
37	24	0.2352501536509605
37	144	0.23187490651837955
37	142	0.22436710229579548
37	139	0.22391121672002368
37	143	0.218956691485081
37	68	0.2086026709971244
37	189	0.2076172801503515
37	84	0.20477355666252328
37	158	0.1995174996522001
37	73	0.19600064169780032
37	164	0.19304681148535752
37	119	0.18584494494390646
37	154	0.17589166168849216
37	67	0.16310022178581451
37	85	0.16098720289771748
37	77	0.15432699556648324
37	43	0.15394626123073651
37	63	0.15354595276156252
37	146	0.15232518954282406
37	69	0.14910992756493913
37	60	0.1460676736093809
37	27	0.14532380635643916
37	46	0.14164121895318166
37	57	0.13739551104424694
37	20	0.11941744115141015
37	149	0.11490031538127013
37	186	0.11025989336384456
37	18	0.11007219931040522
37	48	0.10348816184581064
37	160	0.09763596586029456
37	80	0.09762110883026442
37	78	0.09699014021317306
37	117	0.088577246396338
37	93	0.08548981425595313
105	41	0.3559931263468944
105	151	0.3177028645450895
105	100	0.3126682028991407
105	36	0.3039536752172409
105	1	0.2995361893073548
105	62	0.29780567818793313
105	160	0.282677758197185
105	35	0.2783752741022462
105	85	0.26641412696316946
105	42	0.2535845416795107
105	67	0.24751134421367624
105	145	0.245538971843116
105	30	0.2223528692916009
105	93	0.22036527978680498
105	84	0.21650853027310185
105	99	0.21165181853473128
105	137	0.21031413812639954
105	5	0.2094537843416131
105	74	0.18698393939175373
105	34	0.18514971964444807
105	68	0.1808390793058154
105	101	0.17991031301388088
105	55	0.1690125477506671
105	88	0.16607732551289245
105	46	0.16562997894105186
105	32	0.15266705026578573
105	2	0.15074238914551555
105	49	0.14524549496686098
105	54	0.14447207242271634
105	90	0.14267979666346112
105	59	0.14021021490675115
105	61	0.1369343537359937
105	196	0.13285005491986362
105	39	0.1267545369761982
105	165	0.12446129928618065
105	10	0.12378192957524692
105	138	0.11645917179509604
105	119	0.11405158551481535
105	45	0.11274856035234825
105	178	0.10778961068771506
105	158	0.1065836273874397
105	123	0.09424150300103412
105	140	0.08951772920080893
71	177	0.9189758769868016
71	97	0.8104709546565284
71	70	0.6708131003918243
71	96	0.6391527402764495
71	166	0.5983737322502646
71	199	0.5456176996233735
71	98	0.5396488209057668
71	179	0.4926093919581255
71	156	0.4681746392566455
71	66	0.4584207331257138
71	170	0.4373262821355682
71	191	0.4190754661243134
71	173	0.3946365072731409
71	15	0.378193537910916
71	168	0.35395672438694503
71	81	0.33691641269979866
71	182	0.3325476885595662
71	183	0.3306608076193792
71	11	0.3253778002784624
71	181	0.3248233283355416
71	122	0.32270175821797475
71	87	0.31945495340442753
71	114	0.3099679931806492
71	82	0.2905437094319387
71	79	0.2708677104336321
71	89	0.27068237425909725
71	192	0.26083112854336393
71	171	0.2556045330439567
71	47	0.2498942358772781
71	52	0.2460369536163564
71	139	0.2271382843323969
71	175	0.22493682117376945
71	153	0.20830614150404916
71	195	0.20331684133173605
71	169	0.20108210364690748
71	80	0.1941825770919336
71	125	0.1900220064938156
71	60	0.1837393888191732
71	107	0.16663155143109734
71	29	0.16335329461088105
71	174	0.15735170666730613
71	194	0.15005822335183192
71	187	0.14285612777856924
71	21	0.12720711986766975
71	26	0.11544301988488108
71	51	0.11431806520606068
71	155	0.10930158369793656
71	142	0.10873835836555737
71	38	0.09533360177007824
71	180	0.09438422213287036
177	97	0.8008937954316494
177	96	0.6750970879532516
177	70	0.6674942011172014
177	166	0.6428934299298206
177	98	0.5917013946287167
177	191	0.5816415693743117
177	199	0.5608140872355167
177	179	0.5325801226259415
177	170	0.52308685797648
177	156	0.5191460277160534
177	66	0.44938548993800337
177	183	0.4439662689658495
177	87	0.43072786435752
177	122	0.4222524016448929
177	168	0.4085837659306285
177	181	0.4032299072308014
177	81	0.3963742718730723
177	182	0.39100850325669867
177	173	0.38924507792125385
177	175	0.35123337276502675
177	15	0.3208460836907553
177	82	0.31923044834610514
177	195	0.3183410565532978
177	79	0.3169474486171255
177	11	0.3143544012035974
177	192	0.3130110128181113
177	52	0.3109077665271167
177	174	0.30265522633307257
177	89	0.2985254450058387
177	139	0.2880238454543663
177	114	0.2742095649100528
177	194	0.2690134470189223
177	171	0.2499129868409779
177	169	0.24970671593357266
177	190	0.2258100913635817
177	125	0.20755029652242502
177	196	0.19602948904062234
177	21	0.19189126483621405
177	29	0.18810313906124929
177	47	0.18678127366538733
177	180	0.1815257720534513
177	83	0.17972645659827535
177	153	0.17331275592548434
177	159	0.16256480473544122
177	80	0.16120149359119793
177	187	0.1587947254145506
177	178	0.15131893107407354
177	193	0.14989204708426035
177	60	0.13074722945184825
177	141	0.12303350400598527
177	26	0.11701154057977553
177	38	0.11499899403887286
177	184	0.11065501301879728
177	172	0.10570365460803506
177	107	0.09037473910536896
96	98	0.7324441119209125
96	79	0.7048327132084834
96	97	0.6915028322420138
96	181	0.6581767092602484
96	199	0.6300083564316409
96	182	0.5379668663035456
96	166	0.5278283347427315
96	191	0.5061127423814027
96	174	0.4845015340585609
96	195	0.4589260890668277
96	156	0.4560875258289375
96	81	0.4514102282789786
96	87	0.3961213755772046
96	135	0.39292973972314976
96	170	0.3898558182057163
96	183	0.3724804055147214
96	70	0.3682179808626784
96	190	0.3588976578303814
96	175	0.3488203015081901
96	83	0.32761130201334704
96	192	0.31503913527833144
96	196	0.3080323236804931
96	75	0.3007190895158245
96	184	0.2907085059951738
96	194	0.2787165666004409
96	167	0.26361553042821195
96	179	0.253771671162431
96	66	0.22291362559082434
96	15	0.22076484722223386
96	80	0.21380954267766236
96	180	0.21190015777516272
96	29	0.21180464591926984
96	78	0.20622936545396514
96	178	0.205693120688605
96	61	0.20376736950973265
96	32	0.19165045885346985
96	159	0.1865013758129431
96	168	0.1829179568655601
96	122	0.17900058509004166
96	10	0.17837133875176042
96	89	0.17450555515636895
96	38	0.15435628092624196
96	93	0.15203213704884344
96	106	0.1481124546489946
96	185	0.14504970853281365
96	193	0.1450399189127936
96	92	0.14438394977331462
96	26	0.14393350938183674
96	186	0.13891592586847654
96	52	0.13709135013218465
96	125	0.13612963939219644
96	173	0.13238832121786254
96	187	0.13162191303248955
96	76	0.12692180202916464
96	139	0.11559101825733825
96	82	0.09720509434774564
96	162	0.09718924550438343
96	59	0.08440370861841517
98	199	0.8590741488949863
98	182	0.6155198778637461
98	156	0.6229980481072616
98	97	0.6219506297166287
98	70	0.5218509138703825
98	135	0.502055067188229
98	122	0.4950516926886712
98	38	0.4929652574535285
98	174	0.4874575262338833
98	80	0.472209427012239
98	87	0.4475160842794477
98	181	0.44029767094637295
98	79	0.4294156531637204
98	191	0.42041828014671984
98	170	0.3963574139907021
98	52	0.3917198438259338
98	195	0.37473469726676795
98	15	0.3692202743021957
98	7	0.3522060581264533
98	10	0.3369430070509141
98	192	0.3358788139828324
98	142	0.3319249552749356
98	106	0.3252615585548741
98	11	0.32282717345164896
98	166	0.30986855860792895
98	179	0.2901316426254056
98	100	0.2877303648903517
98	78	0.2577623343451206
98	77	0.2568565563363893
98	66	0.24586784228166605
98	168	0.24209655276165776
98	89	0.2307201749184495
98	178	0.2283329361294623
98	125	0.22104069579002444
98	173	0.22073630914676934
98	60	0.2176519815114916
98	190	0.21607004956810866
98	114	0.205070538815694
98	186	0.20490768230716191
98	175	0.2027223958717658
98	21	0.20225248645260024
98	83	0.2002663333226272
98	99	0.1972215484928224
98	187	0.19446162637678188
98	29	0.19135182738934767
98	53	0.19115914312218849
98	153	0.18888435980018786
98	26	0.18005545393783062
98	5	0.17563000249515534
98	61	0.1727501210723248
98	81	0.16807981933175234
98	40	0.16630097318015194
98	154	0.16577586032211966
98	31	0.16269136650899854
98	51	0.1620098169392723
98	50	0.16188322640732927
98	147	0.15997398717833705
98	152	0.15902866471090404
98	159	0.1573712114147296
98	115	0.14342424407622428
98	183	0.1360707507880013
98	32	0.1341268898064999
98	155	0.1336063875661242
98	59	0.1235259050524848
98	139	0.11818508349357935
98	47	0.11381470089866573
98	180	0.10763146693769156
98	118	0.10117266627748492
98	163	0.10040058951442496
98	43	0.099652153539042
98	164	0.09328102172608684
98	75	0.09262275874668778
98	76	0.08900980883864518
79	181	0.716623948290943
79	195	0.6436554870516353
79	81	0.6323846340375359
79	174	0.5934727271401159
79	196	0.5766638960408963
79	93	0.567508492495173
79	191	0.5037211069393066
79	190	0.4981105186329636
79	78	0.49138152886522907
79	175	0.4643555791609166
79	83	0.4372454040265302
79	194	0.43673570932341865
79	92	0.4106060881842599
79	97	0.4033722564306483
79	183	0.3974105176858573
79	166	0.3839376889459983
79	182	0.3622471041779472
79	185	0.32293466320098946
79	170	0.3198589721372882
79	199	0.3139938833664999
79	61	0.2917701142563561
79	88	0.2817666111572937
79	55	0.2591621299418925
79	74	0.24975359767600014
79	135	0.24689167590743424
79	184	0.240250556235186
79	158	0.2398830327463184
79	180	0.22911003899360954
79	91	0.22680631508500174
79	87	0.2151737528793413
79	32	0.206889925272309
79	65	0.19970953054040164
79	85	0.1984418438369374
79	192	0.19810560320507828
79	64	0.18907721705179734
79	75	0.1826473115250873
79	193	0.17944580944239272
79	163	0.1772964425034441
79	160	0.17499998049444054
79	106	0.16712734855652972
79	156	0.16668988488337982
79	159	0.15804404991527166
79	167	0.1534678379109604
79	59	0.14399226586303726
79	169	0.12025523446311465
79	90	0.118135781587981
79	10	0.11017098663379604
79	66	0.10918301576368998
79	70	0.10849130766237727
97	166	0.6037580735523007
97	70	0.5958513891027197
97	199	0.5615745047516535
97	156	0.5454701994465829
97	191	0.5350541538973911
97	179	0.4642928269182141
97	170	0.43985418771701534
97	181	0.4392490919948944
97	173	0.432534265266012
97	195	0.4313141033743361
97	183	0.4232871962129448
97	87	0.4169875862247566
97	89	0.4075669272157045
97	122	0.40178018560855
97	81	0.3969725534806851
97	168	0.37167053934687505
97	182	0.3693239108766166
97	66	0.3680537304249335
97	192	0.3631416104549224
97	174	0.3413590278965111
97	52	0.33018867330387885
97	175	0.32286300429358644
97	11	0.30957021422386183
97	15	0.2680391588219265
97	82	0.2593113773503994
97	190	0.2477835587259538
97	194	0.2349667364477186
97	60	0.22803907747683044
97	83	0.21619397687178166
97	21	0.21069641313219792
97	125	0.20325932089439086
97	51	0.20090937551914986
97	187	0.2001703420609916
97	196	0.19429804957586047
97	139	0.19402860540918795
97	80	0.18180620131738304
97	38	0.17891346739565786
97	180	0.17458311789829073
97	106	0.17275982262952175
97	178	0.17125568229109744
97	76	0.17010034831139112
97	29	0.16671905117198765
97	159	0.15625924530210314
97	26	0.15029281070601014
97	114	0.14896325935116092
97	47	0.14181760325200182
97	171	0.13789584840288094
97	155	0.13476514055766065
97	10	0.12562284923108494
97	184	0.12532757244196446
97	142	0.12410686004187085
97	167	0.11653808604060907
97	193	0.11578834143624946
97	50	0.11486084328317593
97	53	0.10837271856270073
97	32	0.1019149328841899
97	61	0.09222419267593557
97	141	0.08902965034839935
166	183	0.6361739591917016
166	175	0.625025267447157
166	191	0.6077526570678676
166	196	0.5592010686214823
166	181	0.5489869008145822
166	150	0.5480710591586478
166	81	0.5015837155175656
166	169	0.4912222181477297
166	172	0.488326162237725
166	195	0.4665254982124356
166	190	0.4651866061340056
166	170	0.4650768947906415
166	192	0.4219894211887705
166	70	0.3932172074221839
166	179	0.3917198438259338
166	168	0.3892196229759357
166	174	0.3818212502946809
166	194	0.3624034738466483
166	141	0.3441566038706033
166	61	0.3265128748161763
166	180	0.3260750440242321
166	83	0.3015374790263265
166	89	0.2974502253287263
166	167	0.2938180816001281
166	156	0.2906077990330796
166	185	0.29052539763847546
166	15	0.2834872387155676
166	82	0.27781244920323983
166	171	0.2624333915912817
166	87	0.2577063199641444
166	32	0.2302846153502689
166	122	0.2279158340606752
166	199	0.226588135161444
166	182	0.22255247740046388
166	173	0.22197261181073727
166	11	0.21651806149302885
166	66	0.20972148478619626
166	21	0.20288540386961826
166	106	0.19976713681626584
166	139	0.18402924478418906
166	52	0.18039408559536385
166	74	0.176812116623439
166	125	0.1724978688252172
166	64	0.15124076192147465
166	10	0.14544127002639998
166	114	0.1320837419945267
166	165	0.13000014743660673
166	163	0.1030330667211448
166	107	0.09391541490292192
166	51	0.09044615057384278
10	38	0.6184122445508022
10	106	0.6172931981996005
10	36	0.5665722107564027
10	114	0.5476441494361032
10	101	0.5257330813853354
10	32	0.5062986813240117
10	5	0.5035195879741428
10	99	0.4904099817562792
10	142	0.4546925153377587
10	11	0.4516172234694896
10	139	0.4359827901458749
10	7	0.4257629243030773
10	199	0.4208874192998863
10	145	0.4161363159140451
10	41	0.4034810985294868
10	70	0.3768558771496665
10	100	0.36420893083292055
10	52	0.3485040650273458
10	163	0.348143810156084
10	190	0.3456807871465186
10	30	0.3434688055150492
10	110	0.339980075233175
10	54	0.31955372427181844
10	35	0.30858434070159885
10	178	0.3057677943087297
10	144	0.3036087427712572
10	156	0.3011192464755213
10	135	0.2951149523734539
10	1	0.29215431263695024
10	40	0.2891605712985295
10	2	0.28695054480537635
10	154	0.2866017962279593
10	83	0.2824017068098841
10	15	0.27454246331468235
10	59	0.269913014813193
10	85	0.2691989633882338
10	122	0.26312229292948897
10	159	0.2480651187801289
10	55	0.2469667979835421
10	155	0.21844251943877996
10	175	0.21797585092121446
10	61	0.2168802172515952
10	56	0.21512606735354373
10	141	0.21312235146300956
10	39	0.20951115136733328
10	93	0.19569291560815524
10	151	0.1863083251673109
10	192	0.1843673696246541
10	115	0.18060691789957264
10	140	0.179484521132565
10	158	0.17878762577319385
10	168	0.17519384870783433
10	181	0.1699352623410249
10	150	0.16802151379336328
10	162	0.1648129094185482
10	124	0.16470589544134068
10	16	0.161259933870596
10	58	0.15161204853334345
10	118	0.1509573828932046
10	196	0.15042964551592286
10	191	0.14710489671466426
10	21	0.1464591164115387
10	50	0.14527486195127529
10	161	0.1449420211510194
10	160	0.14385516582831268
10	17	0.14365929905738206
10	46	0.13932779680730362
10	134	0.13743475572748606
10	180	0.13739551104424694
10	74	0.13611000996433056
10	174	0.1311698548849015
10	42	0.1274530666281648
10	170	0.1262133359928995
10	14	0.12410686004187085
10	51	0.12363422512879693
10	165	0.12139829936450595
10	157	0.12061986753340832
10	27	0.1199201376242778
10	48	0.11893440058254293
10	169	0.1158968652901727
10	89	0.11534435145523585
10	125	0.1148016344559996
10	77	0.11027965017539257
10	62	0.1086593036004696
10	195	0.10533777442218953
10	186	0.10284508004776588
10	18	0.10265708602751177
10	68	0.10039069030727016
10	53	0.0965631768459934
44	149	0.8630303126216717
44	45	0.7829699614369604
44	49	0.6939578097181135
44	43	0.6637067984802686
44	119	0.656569666531386
44	18	0.6370660312935557
44	46	0.5577284991470366
44	115	0.5453437438248768
44	24	0.5447040603673681
44	117	0.5423719494766002
44	17	0.53563201414237
44	164	0.5350184670900824
44	143	0.531167416192537
44	148	0.5240232559718301
44	138	0.5198031591678793
44	189	0.5187587628743916
44	155	0.5162033429258852
44	152	0.5136975905683071
44	146	0.4974410435581418
44	118	0.4965374417156779
44	39	0.4955120571411629
44	20	0.489490443914645
44	51	0.4872440292548312
44	48	0.4853658023530234
44	77	0.4822868428112547
44	84	0.4721006372649478
44	154	0.4668462019751097
44	188	0.4545497178031171
44	137	0.43017386019322096
44	58	0.4244930621015986
44	86	0.4223181356569897
44	35	0.4188363681044122
44	151	0.3889565537365545
44	130	0.3870282764576905
44	62	0.3846451145857723
44	127	0.37513862583111496
44	69	0.3734360067915357
44	50	0.3676473280210208
44	30	0.3675521922753584
44	53	0.3650933008806376
44	80	0.3571016760584549
44	157	0.35424534649405154
44	76	0.3420038031393605
44	47	0.33836944775547634
44	161	0.3329389725765801
44	14	0.3306519009556256
44	16	0.33056283107877066
44	186	0.31151287574903497
44	42	0.3086567209709849
44	31	0.305250995841213
44	104	0.3015465697504017
44	40	0.29704910257651
44	59	0.29377239738227745
44	142	0.2917884115535901
44	116	0.2916145786090708
44	144	0.2912943096057199
44	147	0.2871615925313073
44	187	0.2869780743499246
44	1	0.2788272409473571
44	165	0.2772402021599031
44	89	0.2676492898508654
44	140	0.2669528772924659
44	34	0.2531072756080549
44	94	0.25119698101636706
44	153	0.2310231183659396
44	57	0.2255348605050597
44	125	0.22358823846340545
44	134	0.22328421406549467
44	7	0.2223718803910852
44	68	0.21341825135166315
44	122	0.20497474224409684
44	54	0.19930624797414567
44	52	0.1991333919112664
44	60	0.19685630174617413
44	11	0.1967794007275452
44	123	0.19600064169780032
44	38	0.1911109697526896
44	27	0.18934719269747144
44	33	0.18509177582594186
44	156	0.1843963497245464
44	2	0.18016188563309035
44	106	0.1697604550346559
44	162	0.16744811344234325
44	41	0.1658925602037328
44	131	0.16225324527955953
44	82	0.16023706605610952
44	26	0.157429724920268
44	124	0.15354595276156252
44	128	0.13942585421726816
44	159	0.13368495867280455
44	67	0.13143519998770414
44	5	0.12048190208585945
44	100	0.11610403950733968
44	78	0.1086593036004696
44	21	0.10817506321047228
44	66	0.10671214879688802
44	192	0.09613221490512608
44	63	0.09274172794675352
44	178	0.0884006401889844
44	56	0.08644569717225728
44	74	0.08471546341419232
149	43	0.7359748399101335
149	117	0.7335546191609552
149	143	0.6802396763102924
149	18	0.6792390818582936
149	45	0.7380669751263795
149	118	0.683492807553756
149	115	0.6767102531997348
149	24	0.6722680365404647
149	49	0.6706920803812235
149	164	0.6688669655472146
149	119	0.656199713120922
149	148	0.6296403304658298
149	17	0.6212204084861758
149	46	0.6202122825751426
149	48	0.6084584894374242
149	20	0.6045010555137752
149	155	0.5981297362086064
149	51	0.5813304886067451
149	188	0.5809993649566941
149	104	0.5768507543150563
149	39	0.5580935288397594
149	152	0.5491056540055322
149	53	0.5474270859677273
149	138	0.5318203540768527
149	16	0.5297877173559911
149	130	0.5180787078891573
149	157	0.4983059836510511
149	189	0.4760466667391615
149	127	0.4746921254289882
149	142	0.4726056108772851
149	14	0.4725667777628517
149	161	0.4580573253197942
149	144	0.4531919761936685
149	84	0.45274687774145
149	77	0.44970465362254297
149	76	0.4450415065432429
149	86	0.4239928511981072
149	116	0.4231886918559991
149	131	0.4220469542341812
149	125	0.420961473334754
149	146	0.41870442708818617
149	154	0.41735101291705023
149	30	0.403882878127105
149	47	0.4009160984629074
149	52	0.40058873344362395
149	69	0.3961972507790017
149	58	0.3936820659658853
149	62	0.39271831740411495
149	124	0.3901017140061829
149	26	0.3835539563407129
149	128	0.3820860248314457
149	137	0.37805641447095295
149	151	0.3734360067915357
149	147	0.3729884362342243
149	35	0.36485926695834003
149	122	0.34715917524395273
149	80	0.34339824124189844
149	50	0.3331612419815476
149	187	0.3311683900522397
149	156	0.32878911748852585
149	1	0.3199666908307495
149	42	0.3097962382971892
149	123	0.30700012932569504
149	153	0.29835236750484423
149	27	0.29231894023214244
149	129	0.2910105882306082
149	59	0.2845169025446321
149	21	0.2820979962562669
149	38	0.2710066993879633
149	134	0.26405281443732603
149	31	0.2636248354722033
149	40	0.26275925669695804
149	140	0.2603557621170786
149	2	0.25847169976433715
149	23	0.2559596717349613
149	33	0.2547911926810936
149	165	0.2545012945437765
149	54	0.25210555242235283
149	68	0.2509346305492786
149	34	0.24655358985247944
149	94	0.23772362575028044
149	57	0.2311556420434584
149	15	0.2202225591987564
149	60	0.2201274069011633
149	89	0.21777581959676812
149	67	0.21590798028183025
149	25	0.20733019375824044
149	7	0.2056165042008016
149	126	0.20243470729505755
149	22	0.19693320034268924
149	132	0.1942595593460207
149	186	0.19215130934729152
149	11	0.1817771927640188
149	28	0.1735940309602231
149	133	0.17184772997851275
149	159	0.16899311898982156
149	100	0.16611622198735684
149	41	0.16163002936260046
149	72	0.15204190589628433
149	56	0.14248386257978168
149	82	0.12464835164372788
149	178	0.12160519920194535
149	4	0.1206691397785845
149	29	0.1103586765499245
149	162	0.0959984607594678
149	163	0.08890861604036572
45	49	0.7556129295782217
45	164	0.6851039638190959
45	62	0.6752276853321667
45	35	0.6281411810308773
45	39	0.6232855444176271
45	43	0.5917663797292819
45	119	0.5732297034508381
45	30	0.5568184303054144
45	137	0.5566252132801713
45	46	0.5293631829715428
45	143	0.5240450176185313
45	58	0.51124213707826
45	24	0.5107766493836984
45	138	0.4861527612919264
45	140	0.4818416266697581
45	2	0.4768583092918054
45	84	0.4766419506863873
45	40	0.4724114269540859
45	86	0.4595652546741933
45	142	0.4571718659228043
45	50	0.4535415379613253
45	151	0.4525003868719192
45	117	0.4494174114714407
45	48	0.4471481330569358
45	154	0.43958799475139737
45	165	0.4378194853940403
45	18	0.43648480416662855
45	34	0.4326399381577059
45	155	0.4290567204024913
45	148	0.4272436755108653
45	1	0.4269411664525472
45	146	0.4174831349944402
45	115	0.4147793889481829
45	17	0.413005987289364
45	20	0.41066428469628014
45	7	0.4009412761485355
45	189	0.397713617665876
45	51	0.3894317293537983
45	42	0.38706228429572137
45	161	0.3809068696644656
45	152	0.38065036737412256
45	31	0.3735048483786612
45	80	0.3677165128214007
45	144	0.36003838299642243
45	38	0.35945509289607425
45	134	0.3498387452577281
45	104	0.3454078014158741
45	47	0.34169470446293576
45	118	0.3409525660539733
45	188	0.34002429515886584
45	41	0.33580783724203184
45	60	0.3314265602248951
45	54	0.3162456306911656
45	127	0.309298939153656
45	69	0.2987531486469332
45	130	0.2825673432580908
45	147	0.2821900357315957
45	77	0.2746626604607653
45	157	0.2662933497241866
45	59	0.2625451235178801
45	11	0.25956320426743784
45	36	0.243037713855222
45	89	0.2323763488820156
45	67	0.2315153059198571
45	68	0.2168897468606407
45	14	0.21598424966381807
45	100	0.2147827012972088
45	53	0.21448698241565933
45	131	0.20999871281828653
45	76	0.2082774430681736
45	153	0.20136036154923045
45	57	0.18558425722217906
45	33	0.18302427423823828
45	159	0.17419528254119498
45	128	0.16826444577657795
45	16	0.1661745657298238
45	187	0.16380098616115887
45	123	0.15901891759656564
45	56	0.15859001390167926
45	145	0.15738096374240013
45	124	0.1569225711901319
45	122	0.1538193396200426
45	5	0.14275816716679285
45	114	0.13981805649556595
45	99	0.1334787059358467
45	178	0.128987419229764
45	52	0.12857438473483818
45	101	0.12151652913594065
45	82	0.11161303269299223
45	116	0.11135626418947056
45	162	0.11065501301879728
45	66	0.10971654695275397
45	106	0.1058618642089361
45	27	0.1009747094562408
45	186	0.09514334328107524
45	70	0.08688536982969403
43	148	0.7186705663483206
43	77	0.6564501776407304
43	18	0.6407646743338229
43	155	0.6342831061571705
43	164	0.6320244436086432
43	49	0.6297127513600983
43	46	0.6196520100964981
43	115	0.6056863759719221
43	20	0.6023772833411016
43	117	0.5821442338203533
43	147	0.5712726479862461
43	69	0.5641023867976638
43	48	0.5572253689785802
43	24	0.5543088385682321
43	189	0.5468245241542611
43	86	0.5451821255098469
43	17	0.5104809460983584
43	51	0.5094672471841798
43	118	0.5078512889881039
43	16	0.5063209908345054
43	47	0.4938428581087361
43	188	0.4761317340370775
43	143	0.4673231194216839
43	35	0.4660324703768314
43	76	0.464630065402618
43	80	0.4623687833161403
43	84	0.4426324832518827
43	154	0.4326155531606981
43	57	0.43218464719515853
43	153	0.4268757465190187
43	144	0.4208215887810257
43	53	0.4184734877707671
43	104	0.4129893986312527
43	161	0.4126243788322013
43	50	0.4109136604194704
43	125	0.4030289104290998
43	152	0.39178756614865134
43	146	0.3879376232828612
43	122	0.38524990349392346
43	52	0.3779021307710438
43	151	0.3749151935804856
43	58	0.3739350150722599
43	56	0.3724717928991664
43	119	0.37054957904881897
43	60	0.3676386796348036
43	1	0.36757813915082427
43	142	0.3665051916281921
43	138	0.36265535984654407
43	30	0.3611432501040263
43	157	0.35016341997226524
43	62	0.3463673956151871
43	26	0.3410144271717919
43	39	0.32954701855360696
43	15	0.327727344279038
43	130	0.32639672927230323
43	156	0.3185836736163221
43	165	0.3037267549378247
43	31	0.300810043583279
43	162	0.3003279247061651
43	40	0.2957629805692372
43	127	0.2811496877080775
43	11	0.27972158648861234
43	68	0.2706267694929542
43	128	0.2685310110579223
43	131	0.2599268919407894
43	21	0.2579116975564513
43	124	0.2455765598984549
43	14	0.2395531454170481
43	140	0.23422966481753546
43	101	0.2255443518239201
43	42	0.21958495886043589
43	129	0.2194136312502607
43	67	0.2186900989169934
43	107	0.2118906067716931
43	187	0.2087365749752592
43	38	0.2072536313532474
43	116	0.18599941421444527
43	163	0.1858063261905856
43	137	0.1811582683310591
43	100	0.1734776447228172
43	94	0.1684976412531677
43	178	0.16793405328164587
43	89	0.1668162700266377
43	27	0.16047089483912969
43	7	0.15166089885232487
43	106	0.1491490379808283
43	168	0.1484743180010757
43	72	0.14822982008653066
43	123	0.14437415822642705
43	82	0.14429582483365386
43	54	0.1337340647611176
43	23	0.12599683454217106
43	2	0.12238344189440875
43	134	0.1160152517931234
43	179	0.1127781788850201
43	192	0.1124622375474343
43	133	0.11048709143200686
43	59	0.10605961867250943
43	25	0.10601018084251837
43	22	0.09709316083655617
43	186	0.09474496707241133
43	34	0.08868142160456127
43	126	0.08710568968344076
43	159	0.0852873016626602
117	118	0.6602687776476438
117	115	0.6067742492778796
117	16	0.5980526617786759
117	17	0.5943206724805795
117	148	0.5726856106960911
117	48	0.5458634581458186
117	18	0.5407182052007621
117	24	0.540066867452803
117	155	0.5336466495355838
117	49	0.4974560944565648
117	46	0.4858014012153235
117	53	0.4816189252494505
117	143	0.46930604853825203
117	51	0.4680653183409785
117	20	0.4670104173443757
117	157	0.464128080101692
117	130	0.4580336194894408
117	119	0.4565546707295277
117	39	0.4448730838130812
117	188	0.4415865825763747
117	104	0.4340613002620538
117	154	0.4235416194839717
117	161	0.4045354377439835
117	14	0.4034141201274177
117	27	0.39602020022566653
117	127	0.3866456157373364
117	152	0.3855989971640201
117	144	0.3799575186105756
117	164	0.3785362739035746
117	30	0.3748894101325665
117	124	0.3746917177661751
117	142	0.3679845654724458
117	138	0.3667389004605454
117	131	0.33301899382621536
117	125	0.3271738231110253
117	35	0.3264414018019737
117	1	0.3231048382660381
117	23	0.3194998501139036
117	47	0.3172622541925678
117	62	0.31357917588961365
117	76	0.30906379336584355
117	11	0.3044527784194028
117	52	0.2986529632337803
117	128	0.29527013880435743
117	77	0.28098390744667723
117	116	0.2720163460932832
117	26	0.2718867001618723
117	67	0.26307575398430794
117	123	0.25951657231513026
117	25	0.2575102559913157
117	15	0.2562213086779469
117	147	0.2546883308393019
117	151	0.2503160872025004
117	22	0.2469292373164849
117	122	0.2410984243787535
117	57	0.2374688677857393
117	54	0.2318843688367158
117	189	0.23180866906143055
117	42	0.22221028065669374
117	68	0.22062215306569136
117	101	0.2200988603949139
117	86	0.2186615334903736
117	2	0.21290278756570652
117	50	0.21280731829315264
117	126	0.21258772354839545
117	41	0.21254953096525295
117	33	0.21197656434560533
117	21	0.2108397496542732
117	59	0.20909042637591085
117	146	0.2069186409908352
117	137	0.20600913703857865
117	58	0.20059267484382814
117	69	0.19490419170795695
117	5	0.19457708584303945
117	129	0.19039789635654186
117	192	0.19003164539186976
117	84	0.18944360563565996
117	153	0.18370073894165376
117	106	0.1795909754141112
117	156	0.17636646116943094
117	163	0.17498059292645016
117	94	0.16422914973898725
117	168	0.16302234890448164
117	56	0.1556445675521015
117	145	0.15271588453156404
117	38	0.15196375428515738
117	28	0.14990182239334984
117	40	0.14041608047227291
117	80	0.13508913279492998
117	34	0.13145485443179988
117	165	0.1259181037649379
117	100	0.12279712996920733
117	133	0.12085636888585816
117	140	0.11956529942298508
117	99	0.11625201490695013
117	178	0.11310396950549108
117	132	0.10697906647956563
117	72	0.09232334123104406
117	186	0.0882002151767187
117	89	0.08711759862217805
117	187	0.08663030425015761
143	24	0.7959638616217392
143	131	0.789762431440011
143	127	0.7754279140490018
143	39	0.7665879692461814
143	164	0.6595179386976469
143	26	0.6336012525829803
143	129	0.6276020393639676
143	130	0.6196951304231026
143	157	0.6189924194379448
143	104	0.5880892031204413
143	128	0.5785630271324073
143	138	0.5684568461526501
143	28	0.5670608883943161
143	53	0.5661578800940684
143	132	0.5445071070375036
143	142	0.5409092357389162
143	125	0.5342400202199503
143	133	0.5124377288218008
143	115	0.5052642643269516
143	49	0.5034673333707261
143	14	0.4978322695769578
143	27	0.4836746227645157
143	25	0.4808966378487524
143	48	0.4716886600975447
143	188	0.453636848782379
143	76	0.4524685765601739
143	119	0.4428656354977103
143	126	0.4379326424311205
143	23	0.4365252773340853
143	52	0.4363390861367035
143	134	0.4239190276756564
143	33	0.40881699584796616
143	148	0.4063487249610449
143	84	0.4063153291897005
143	2	0.40425940504828
143	17	0.4024592083503487
143	34	0.3939862280403475
143	20	0.38485810613375177
143	30	0.38341748614887616
143	156	0.3810265506753889
143	118	0.38053064625314587
143	51	0.3778506982061435
143	16	0.3774991799406123
143	86	0.3727559753303236
143	18	0.3706876017460755
143	123	0.36419158366946897
143	155	0.3637057605233259
143	144	0.3617170331218396
143	35	0.3567700892892192
143	187	0.35622015524082845
143	29	0.3550496335611089
143	124	0.35124213908541474
143	116	0.34937352423082024
143	140	0.34900473611865
143	152	0.3460065322417972
143	146	0.3452316505593025
143	62	0.3415798775481728
143	189	0.3322185656255404
143	58	0.3261822808355274
143	137	0.3258694833462663
143	46	0.3226300872818412
143	4	0.317864686969456
143	147	0.3106638452396553
143	38	0.3053960802467555
143	167	0.3021191747841345
143	77	0.29863474699682513
143	21	0.2966843545244671
143	22	0.275402146154081
143	50	0.2702282158428226
143	165	0.26182805475240783
143	67	0.2587049827803179
143	161	0.2488345023361739
143	80	0.2444956091241629
143	69	0.242811876845985
143	186	0.23303844193827294
143	47	0.22300865442373805
143	122	0.21819491183638964
143	72	0.2058463460989276
143	94	0.2055111524145472
143	154	0.19294090861477808
143	63	0.1892797014681893
143	40	0.17603701717088166
143	153	0.171760386475675
143	75	0.16728287534825606
143	31	0.1667287732033586
143	54	0.14298347238937567
143	145	0.1384941986858993
143	7	0.1369932281911729
143	151	0.1307570584906166
143	59	0.1295085655438794
143	159	0.12915458714428446
143	1	0.1166169988146934
143	184	0.11016110799937594
143	42	0.10860001162463878
143	82	0.10760181437793427
143	57	0.0939243355144352
143	173	0.08557518509636827
18	16	0.6280624675783397
18	115	0.6088865614771879
18	148	0.5771175900139737
18	118	0.5393794295985509
18	17	0.4928138454763897
18	155	0.464943654665623
18	77	0.4646614295757847
18	15	0.4643477353855329
18	20	0.4506375482478866
18	188	0.4482195688874528
18	46	0.4321602503859264
18	24	0.4237221374097956
18	48	0.41685539799007865
18	151	0.3995472010704064
18	53	0.39333555413826576
18	125	0.3821628831125219
18	130	0.3707221048625384
18	147	0.3693066387520616
18	57	0.3643390265028493
18	104	0.3558533953661248
18	49	0.34920670491249184
18	189	0.3474229919122383
18	51	0.3462529866127072
18	152	0.3448528438527375
18	76	0.3441918656344421
18	164	0.3396439546767138
18	84	0.33790890358251713
18	1	0.33339236288878105
18	154	0.3121989625794948
18	69	0.30997703235106244
18	47	0.30567714093154713
18	157	0.30016415128972684
18	138	0.2861519819832544
18	26	0.283597591159275
18	162	0.28290776525917816
18	14	0.28079047594659273
18	161	0.2697646648934976
18	119	0.268336142941698
18	144	0.26792777663876616
18	142	0.2654290842333122
18	39	0.264071419861291
18	116	0.25863966657635873
18	35	0.247267256596452
18	21	0.2461496861855445
18	124	0.2386763190363915
18	11	0.2317992063920861
18	58	0.23153423384547495
18	31	0.2313922701313371
18	156	0.22754606000594355
18	23	0.2267304289966132
18	127	0.21917565378673828
18	22	0.2188424415276638
18	52	0.21774724219930072
18	122	0.21400039160994516
18	27	0.21125059741902932
18	80	0.21092574721618448
18	86	0.2089756697538886
18	106	0.20369068995118306
18	129	0.2025114276675672
18	153	0.19789422807868184
18	131	0.1945963285633063
18	62	0.1932682302238637
18	128	0.19188163304030706
18	107	0.1895785776118769
18	42	0.18531388680445468
18	30	0.1732739571489868
18	56	0.17250757125333288
18	163	0.17205152097622
18	68	0.169527362009239
18	123	0.15949648970835856
18	186	0.14785814855938895
18	25	0.1455097886072961
18	60	0.14493223121872498
18	59	0.13815089528405658
18	165	0.13403850784187393
18	67	0.13308581160556568
18	146	0.12936107855014362
18	33	0.12176283008168705
18	38	0.10568387803148052
18	50	0.10446745849207492
18	74	0.1041608317412808
18	78	0.0978726819971601
23	25	0.8624678525099383
23	126	0.8139421343981017
23	22	0.6903687745815926
23	133	0.7565638219349868
23	128	0.7507667698889865
23	132	0.6910276736832671
23	26	0.6681313309789679
23	129	0.6607310442792872
23	29	0.6501970534440981
23	124	0.6293263801144992
23	28	0.5908493795025436
23	131	0.5877620314000408
23	53	0.5495246057144503
23	104	0.5188464641359879
23	24	0.5015163552370643
23	130	0.4999503901088246
23	125	0.477939235571454
23	123	0.4744829384289925
23	4	0.4662203246589107
23	157	0.461574335325752
23	21	0.4545973195780602
23	16	0.4536130220498429
23	14	0.4212658587431358
23	33	0.3936820659658853
23	127	0.3825044114988265
23	118	0.3555039983067048
23	116	0.3538430062520728
23	20	0.3132094444537147
23	52	0.3114225769635883
23	27	0.3111245510735258
23	48	0.3023190807748442
23	115	0.2785597652695841
23	188	0.27162737869271586
23	164	0.2697461202529348
23	148	0.26312229292948897
23	76	0.22914793898985986
23	77	0.22414866936475586
23	144	0.21981337460545355
23	156	0.21364730825088132
23	15	0.20989356133025847
23	142	0.2084209316602882
23	107	0.20840180036623854
23	110	0.20398780931220287
23	138	0.19078336643533172
23	72	0.1887686384539543
23	51	0.17864241663231273
23	39	0.17852624371602355
23	67	0.17626956997378074
23	2	0.17173127137456998
23	17	0.1609287573460183
23	94	0.1605780603471436
23	147	0.16006168266459894
23	153	0.15933080986978362
23	75	0.1549516910146748
23	155	0.15412199045808178
23	47	0.15336042685963805
23	122	0.12961671903115446
23	134	0.12895791824824482
23	187	0.12633142262709784
23	152	0.12163475545937645
23	34	0.11397262541567453
23	167	0.09990560484648484
23	1	0.09736457058887217
23	46	0.09679895220452864
23	62	0.08621046342475812
25	132	0.7689689449643521
25	126	0.8016097858692758
25	128	0.7904762824863913
25	129	0.7626002534727578
25	26	0.7398328465357327
25	133	0.7245701163258423
25	28	0.7008555242911135
25	131	0.6580179750539239
25	22	0.6575016848102196
25	29	0.6547910099577409
25	53	0.5984058287337809
25	130	0.5967986515612521
25	124	0.5920197481370336
25	125	0.5907842859556383
25	27	0.5506056192781897
25	24	0.5395637618999247
25	21	0.5238273703621199
25	123	0.5021597715274484
25	127	0.5003103275163411
25	157	0.4793884909544902
25	4	0.4742116903147587
25	16	0.4666897764471224
25	104	0.4662829334123294
25	14	0.4110383252291167
25	33	0.3983447971847547
25	116	0.3978062142411569
25	52	0.38043657070867737
25	118	0.32220894583400045
25	20	0.2950875649160422
25	48	0.28885813501601193
25	188	0.27041360116335433
25	115	0.26580086370154765
25	75	0.2642853681086653
25	39	0.25420199686992184
25	76	0.2480932724815072
25	72	0.23137334089139155
25	15	0.22214373604033766
25	142	0.2220011334655862
25	107	0.2212974885310572
25	110	0.21753766321245452
25	122	0.21131747255295766
25	187	0.2092816746144453
25	156	0.20745460224916515
25	138	0.2072536313532474
25	164	0.198547509821778
25	144	0.19564482992355486
25	2	0.1798425779014054
25	47	0.16422914973898725
25	94	0.16235061108788273
25	134	0.1562787569020883
25	167	0.1524228677582763
25	63	0.15022439114134062
25	34	0.14202337355194394
25	77	0.14197438173601742
25	148	0.1405239099720064
25	182	0.1395239088929232
25	135	0.13679697624566614
25	153	0.13240797063248094
25	147	0.12068884851019125
25	31	0.12061001301304658
25	91	0.11595605895347699
25	184	0.11150440168131773
25	155	0.10625736474675557
25	46	0.0958617307161818
25	84	0.0943247562990668
25	69	0.09359921905427536
126	128	0.8040977369298464
126	133	0.7230799975463573
126	132	0.7176342571328106
126	129	0.7000507273436894
126	28	0.6698715044827421
126	22	0.6624123867489933
126	123	0.6248911934620902
126	131	0.6226552794363824
126	26	0.5926494135876809
126	124	0.5906475644705699
126	127	0.5260803240003666
126	33	0.5211592831542249
126	29	0.5191606373123993
126	53	0.5040717684665674
126	130	0.4833374851396211
126	24	0.460810652985005
126	116	0.4587839876977785
126	4	0.4437574924436979
126	16	0.4223017025703461
126	104	0.413818495703204
126	125	0.41019030153647135
126	157	0.4056555403378425
126	118	0.3802056246277688
126	21	0.3617865639726878
126	115	0.341049775056026
126	14	0.33959972182637704
126	188	0.33817462190983283
126	48	0.32332872099284804
126	138	0.2938820372500756
126	20	0.282070383400974
126	153	0.27307166648520803
126	142	0.27191448226392473
126	52	0.2639504810931532
126	164	0.26290820364542
126	27	0.257575613005866
126	134	0.2541645812357051
126	15	0.253621969095059
126	110	0.2357602037843345
126	34	0.23555242124279016
126	17	0.2325277034505253
126	75	0.21721372896172225
126	148	0.2146968514827155
126	144	0.21439158083630014
126	47	0.2016098065254908
126	77	0.190176224465658
126	39	0.18893257547971945
126	147	0.1860090682386677
126	122	0.18531388680445468
126	186	0.18230896592377566
126	2	0.18081973329129966
126	1	0.1781583299899596
126	76	0.17137216047578618
126	51	0.16339222698451658
126	156	0.16050986455264507
126	72	0.15204190589628433
126	135	0.1406611426955844
126	140	0.13771926676951188
126	187	0.13619834154790578
126	62	0.1307275712972061
126	94	0.11210677636319928
126	184	0.11117849266727878
126	107	0.1110500976977235
126	73	0.10599040556376224
126	30	0.0930431047280645
126	152	0.09280616849137484
126	155	0.0925563331259224
126	46	0.08983912351859953
126	99	0.08757607379879076
22	33	0.6876110020341127
22	123	0.6763631824634158
22	132	0.5347543253747258
22	128	0.5251756802115386
22	116	0.4975689666484875
22	16	0.4974259923602385
22	129	0.4712142426693819
22	28	0.4623216091009911
22	104	0.45885504131648
22	26	0.4563092530748337
22	188	0.4477799559881368
22	34	0.4397332004913799
22	24	0.4371726076809394
22	131	0.4336310582066472
22	133	0.42142212789788097
22	118	0.4086504084966581
22	21	0.4078420736352722
22	4	0.4026854509385453
22	127	0.3724631802194519
22	125	0.3618821623208546
22	14	0.35852298726944976
22	53	0.34546064192776244
22	15	0.3444034158253667
22	110	0.3384402863271026
22	147	0.3256638918524536
22	130	0.3212138289885354
22	115	0.3181792886706121
22	124	0.3106457753678794
22	77	0.2946219039791252
22	52	0.2927030039041599
22	29	0.2900858507796633
22	2	0.2815456504008481
22	138	0.2784213988205472
22	1	0.26792777663876616
22	76	0.26437838097458155
22	75	0.23303844193827294
22	157	0.21880435687487115
22	48	0.21176644004392428
22	187	0.19417295414198035
22	164	0.19195868637244526
22	39	0.18614422080595489
22	153	0.18520766217557494
22	134	0.1749902867274085
22	107	0.17215826276578414
22	27	0.16997410695722592
22	55	0.15995449894951894
22	20	0.15876548174819186
22	148	0.15487361084907295
22	99	0.1547272053243188
22	85	0.15256937949782418
22	17	0.15183675386468304
22	62	0.13803318361356898
22	152	0.1363553701265222
22	78	0.13631611362390825
22	122	0.13591370981022718
22	72	0.11478189799899215
22	73	0.11116861626287096
22	46	0.10470483330803873
22	160	0.09772213577610238
22	142	0.09364878078159672
22	144	0.08478098938488411
132	28	0.8299886742512516
132	129	0.8097835676953946
132	133	0.8082634587611547
132	26	0.7456830795351361
132	128	0.7411472169150519
132	131	0.7271439357287992
132	29	0.7004482548010836
132	125	0.5748723421038369
132	127	0.5532133481364336
132	116	0.5449853180661309
132	130	0.5402793313566187
132	53	0.5324153400090732
132	21	0.5198104571767012
132	4	0.5058002590213766
132	124	0.5038404997232091
132	123	0.4994176658787272
132	104	0.4987643758577127
132	24	0.4905087102079319
132	157	0.45035060842213376
132	33	0.4059729599539996
132	187	0.3967197995498208
132	52	0.3508037476513096
132	16	0.3488290847215247
132	14	0.3361183323197714
132	27	0.331204002680367
132	188	0.32649500691264505
132	75	0.2879779926808475
132	118	0.2793897209839097
132	76	0.2736268345771601
132	48	0.2608031693109216
132	20	0.25872364411839743
132	115	0.2581823869541304
132	147	0.25020360280146325
132	164	0.2427648241551535
132	138	0.24009036215004814
132	134	0.2329533277757522
132	167	0.2310704492351129
132	94	0.2290816135405404
132	107	0.22589550050982635
132	156	0.20932948417315575
132	39	0.20844962830230754
132	110	0.2077321046968511
132	144	0.20097654905393264
132	148	0.18751465511234128
132	186	0.18351714426851504
132	63	0.18289862597442227
132	184	0.17105183394978535
132	77	0.16104564732034932
132	72	0.16017860604917236
132	182	0.14512802447043466
132	15	0.14097479718853795
132	153	0.13331173096460222
132	142	0.1323490220764774
132	34	0.11210677636319928
132	135	0.11056611414156928
132	83	0.09510568713066883
132	150	0.09248891523559603
132	2	0.09130896542249586
132	181	0.08868539014557536
132	119	0.08501131727703938
53	157	0.8616974137751693
53	130	0.7956705216691234
53	26	0.73125525975786
53	128	0.7091888269365593
53	24	0.7054008886934754
53	125	0.7023635214555561
53	124	0.6786731124331468
53	51	0.6697612352774762
53	155	0.6597664824361794
53	52	0.6447552852348905
53	48	0.634725185434468
53	16	0.6308037725942994
53	27	0.6268134460243417
53	21	0.6246595242827832
53	28	0.6189800823175212
53	14	0.6028612892892026
53	29	0.6025046963109701
53	115	0.5913438391006357
53	152	0.5794803595928911
53	144	0.5746044718055193
53	122	0.5731088375937671
53	129	0.5721006522596105
53	118	0.5609443159937826
53	47	0.5380734464498722
53	156	0.5106805590658722
53	131	0.5070716821323589
53	127	0.4994777100392306
53	133	0.4849223139333823
53	17	0.4774066739087128
53	142	0.4710041675199516
53	116	0.46679927738335
53	20	0.4564042616958471
53	39	0.4347427878851451
53	82	0.4274725377221894
53	46	0.4265240378305303
53	154	0.4258202334102374
53	119	0.4227863619078397
53	123	0.4200806901021509
53	15	0.39895037481968704
53	153	0.38859154620735936
53	138	0.3809325166700835
53	164	0.3791015613844597
53	187	0.37784212588525456
53	38	0.3639139946914388
53	192	0.35459510100962904
53	49	0.34995282973943426
53	168	0.34735264617603506
53	104	0.3206128292123761
53	76	0.3116392845972454
53	77	0.2993905378367287
53	94	0.2964381006380181
53	188	0.2948958391388264
53	148	0.2857479596411269
53	84	0.2722385732869433
53	146	0.2720348661346748
53	40	0.26482477424667106
53	180	0.2548379461578425
53	147	0.2517496700855493
53	173	0.24720153533574216
53	179	0.2453698164583847
53	178	0.23868574935003056
53	69	0.2197467558348795
53	186	0.21800442533020245
53	182	0.21273093994938347
53	75	0.2120911693421666
53	59	0.20522380515737787
53	80	0.20500348162801407
53	89	0.2019071875105716
53	159	0.1983649929502976
53	150	0.19631794380010487
53	145	0.18841179797851013
53	86	0.18243464219184197
53	189	0.18150643101535432
53	100	0.17812928204643064
53	33	0.17792593775152513
53	11	0.17468976313067422
53	4	0.16639820596146912
53	199	0.14584257327699027
53	106	0.1402494283306308
53	35	0.13218199608493245
53	101	0.13058996133729253
53	30	0.13044251651087654
53	72	0.12994116097888264
53	165	0.1278957312818627
53	175	0.1121857702202265
53	137	0.10813553111320988
53	107	0.10696918091419713
53	99	0.10427952831962266
53	60	0.10243939957967993
53	5	0.10066786058754226
53	151	0.09830151606306124
53	31	0.0904947495136186
53	70	0.08877368945463594
53	167	0.0887617840111691
157	48	0.6880430550381711
157	130	0.7881768250354935
157	155	0.6835780522438909
157	51	0.6805726457075704
157	24	0.6588054014900173
157	128	0.6217052977302817
157	144	0.6124858783743503
157	152	0.6105953067503511
157	26	0.5905563979689055
157	27	0.5861758016460096
157	124	0.5611498838362879
157	14	0.5606564047605715
157	39	0.5522619092957343
157	127	0.5519699387412443
157	125	0.5425977767284291
157	47	0.5205398748632305
157	52	0.5191606373123993
157	115	0.5103330491598822
157	28	0.5091191555911141
157	16	0.5091043394865447
157	119	0.5023915644617227
157	133	0.4933814864492392
157	17	0.4729006825670143
157	154	0.4706928468535513
157	129	0.4684010441382372
157	131	0.4612752422092118
157	21	0.4591470889792538
157	49	0.4553823738711036
157	29	0.4543275418565868
157	118	0.4479718137126862
157	82	0.4439341526374433
157	142	0.4364524243606847
157	20	0.4317128634575795
157	138	0.42947274360131743
157	146	0.4080838078420375
157	46	0.4010671554910198
157	122	0.3949572787245221
157	94	0.37196353505377
157	156	0.3662194846815589
157	116	0.3552768369191915
157	84	0.3449409484657399
157	164	0.3446061186111887
157	168	0.34244524431461243
157	153	0.3413590278965111
157	38	0.32143801639985725
157	40	0.31808042139725506
157	150	0.3142462553673289
157	123	0.3121809118306334
157	145	0.31085356533444464
157	189	0.3099227964880503
157	59	0.3033182116006567
157	180	0.2945853756313148
157	104	0.2876478137415113
157	173	0.28633559488120874
157	187	0.2847098915387377
157	148	0.2725348310388877
157	86	0.2711549418177696
157	192	0.2673429027275476
157	159	0.25394942657792113
157	188	0.2497160923757189
157	179	0.2279158340606752
157	76	0.2265122411605111
157	137	0.2255728255236099
157	15	0.2225334679079581
157	69	0.21606051641017388
157	165	0.2105148405315269
157	58	0.20005514747442066
157	5	0.19472140259349688
157	77	0.1916793567903607
157	89	0.18764972892107076
157	67	0.17963936233365568
157	33	0.17774194648521532
157	186	0.1774126679467004
157	41	0.17671524116334492
157	35	0.17483518184210814
157	50	0.17404013325774872
157	167	0.1727016127835911
157	178	0.1725754873127498
157	30	0.17108095603843812
157	4	0.1661453940039935
157	72	0.16099694371324078
157	106	0.1605585759908402
157	172	0.1554201313248587
157	2	0.15132870208509885
157	147	0.15045896651124413
157	151	0.1429442899362339
157	140	0.14059252700908173
157	75	0.13905322152859767
157	101	0.13313492568704285
157	91	0.13286970188491715
157	100	0.13230972251899384
157	175	0.13000997842344278
157	62	0.12126036027761965
157	11	0.10477406538335207
157	34	0.09768152714767096
130	27	0.7198723596842578
130	24	0.7241898974935708
130	128	0.6898240570865078
130	26	0.6832209656514808
130	124	0.6772302959023636
130	125	0.6412948470152566
130	28	0.6279958538474241
130	127	0.6141888972120259
130	129	0.5895851918153199
130	115	0.5518030376297794
130	39	0.5369072361596725
130	138	0.5188391561146042
130	131	0.5174712234115757
130	20	0.5166873104824471
130	155	0.5115227625084504
130	21	0.5100371647042421
130	48	0.5087190148714615
130	144	0.5009248207324929
130	16	0.4927684160623273
130	51	0.4825707299182068
130	29	0.466384662674637
130	118	0.4594469265516523
130	116	0.4527150763549602
130	52	0.4505897314070537
130	122	0.4481236718237924
130	133	0.4217099266230077
130	119	0.4167810343584353
130	142	0.4162603327569147
130	14	0.4152512134396791
130	47	0.41095521706381016
130	123	0.3905001166373818
130	49	0.3800773007578624
130	152	0.37845916735085583
130	84	0.3580784607813025
130	187	0.3534405350127229
130	17	0.3503476573934395
130	188	0.3446501801831084
130	82	0.3176938738676276
130	46	0.31070901893668895
130	164	0.3030911948751816
130	148	0.2925749931661076
130	104	0.28968282527675554
130	145	0.2873726123808715
130	156	0.28357919960683564
130	75	0.27905778871423104
130	94	0.2770647967270625
130	69	0.2745147242931493
130	86	0.2695235689620984
130	15	0.26494565290353683
130	76	0.2577716699068467
130	40	0.24747379431655586
130	137	0.2418800211789171
130	146	0.2407875820472289
130	38	0.2381104178951401
130	33	0.23541073897928574
130	154	0.2328965830178628
130	189	0.2325466219798837
130	34	0.2305592180127286
130	4	0.2147636238474367
130	153	0.20737804397169868
130	186	0.2070813566604756
130	91	0.20207984326160192
130	159	0.19457708584303945
130	11	0.1871383406921716
130	178	0.1855552903064095
130	140	0.16850735732224498
130	180	0.16633986668086287
130	72	0.1634506245907533
130	192	0.15698109315745568
130	59	0.15224704482778764
130	77	0.15193444694103506
130	63	0.1475255649435497
130	151	0.1314155454402767
130	184	0.1304916654277745
130	106	0.1304818356956953
130	2	0.12951839780645996
130	62	0.11744549386137587
130	58	0.11652822184036885
130	167	0.11587713388610685
130	5	0.1124227432799858
130	147	0.10359698252862932
130	35	0.10091532085002422
130	30	0.10082623659234616
130	168	0.1003807910802396
130	41	0.09776274407912944
130	101	0.08889373459165059
26	129	0.8066277190432283
26	29	0.7440760767505581
26	125	0.7194384732856777
26	28	0.7434281695224328
26	128	0.7430432329900293
26	24	0.6964894514150146
26	131	0.6927375289173974
26	133	0.6750535460879988
26	21	0.6703288060201273
26	52	0.5983608931190834
26	124	0.5687275273156144
26	127	0.5155722235720589
26	16	0.5056588538751389
26	156	0.5023242771750572
26	27	0.4796118140369349
26	116	0.4480037859899268
26	123	0.4100488952114287
26	118	0.4072833656047717
26	14	0.40653238229673744
26	48	0.4050956410466976
26	122	0.4007985945889088
26	164	0.4004963812211878
26	187	0.4001184919503339
26	115	0.3968209083439897
26	144	0.3909576753232875
26	76	0.3907967044697341
26	142	0.38813299185962896
26	104	0.3799831872864993
26	20	0.3735048483786612
26	4	0.3612910688713585
26	39	0.3487061141591777
26	155	0.33954664042311883
26	80	0.33645535855422265
26	51	0.30897334261347675
26	77	0.3050061337722025
26	147	0.304289453939712
26	188	0.2917243700790337
26	47	0.279666280210414
26	15	0.2700798931573143
26	138	0.25119698101636706
26	148	0.2436304106086557
26	192	0.2418800211789171
26	182	0.2391760635884955
26	107	0.2374783038486996
26	69	0.2276124345439469
26	153	0.2275081307491146
26	152	0.2253355329217665
26	75	0.21807109749759312
26	186	0.20790433078223344
26	94	0.19682746414798305
26	72	0.19300830187086868
26	179	0.18954965564850876
26	33	0.1890482893935394
26	87	0.1812839989879576
26	86	0.17873922359130512
26	82	0.17634708320365358
26	135	0.1763373941695051
26	167	0.16848792515134772
26	84	0.15788804243910853
26	184	0.1569713395727808
26	38	0.1558982587199492
26	173	0.15253031035603726
26	110	0.14704619458765072
26	180	0.14677223763853456
26	17	0.13611000996433056
26	46	0.11576860952935784
26	199	0.11143527146805962
26	119	0.10576298383592904
26	189	0.10324083290196943
26	31	0.09777661025439237
26	181	0.08904750764676496
48	154	0.7199494362116803
48	46	0.716117663023277
48	47	0.7165801649566983
48	51	0.7145844895065261
48	155	0.7078492068015527
48	17	0.6758474450309085
48	152	0.6668061120941042
48	119	0.6193993730579468
48	49	0.5970882978707365
48	115	0.5711446410569677
48	118	0.5658724368293329
48	52	0.5647701701469316
48	153	0.5501106741215184
48	16	0.5485186576884556
48	144	0.5379597603488105
48	24	0.527799478243534
48	142	0.5065960857360812
48	138	0.4787258573909172
48	21	0.4741729332321996
48	125	0.4612043890043652
48	128	0.4610626649483383
48	127	0.4590918443272167
48	148	0.44799579302804104
48	164	0.4447286964234355
48	39	0.4325505234075532
48	20	0.4323066217515236
48	124	0.4185147309047765
48	122	0.4047194186046382
48	189	0.4033638834886469
48	14	0.3949657187786669
48	129	0.3918806774108253
48	165	0.3893893113814798
48	104	0.3846195528467392
48	123	0.37519877322236267
48	188	0.3629853371709942
48	147	0.3460329403520573
48	116	0.3418448473438949
48	168	0.3341210201404204
48	146	0.32793262560306513
48	15	0.3192394292366436
48	156	0.315327346323049
48	77	0.3126140675679281
48	50	0.3094526678772533
48	131	0.2962830316679689
48	38	0.281950722294932
48	133	0.27732328249501753
48	35	0.2687722458949235
48	140	0.26496424888101605
48	137	0.25850902707361195
48	82	0.2523021949947704
48	150	0.2490502487045902
48	89	0.2484686151047568
48	192	0.2464033101130674
48	173	0.2462530185237722
48	58	0.2444862068822039
48	5	0.2428401079121053
48	62	0.2413715480241206
48	94	0.2409382996538473
48	86	0.2248608675330314
48	40	0.21877579294778
48	101	0.2179282260757801
48	28	0.21711844507274794
48	151	0.21707080157653305
48	179	0.21459191942617875
48	1	0.21101174151311985
48	106	0.2033072546896248
48	161	0.20277992938970948
48	84	0.20063106503892794
48	27	0.19940227376192352
48	11	0.1946925399176389
48	30	0.18134202652342274
48	99	0.1683810458708147
48	29	0.1653965536561814
48	163	0.1618053218929001
48	67	0.16134759216917546
48	100	0.15651288658414794
48	2	0.15183675386468304
48	33	0.1469385713314376
48	76	0.13322332938577894
48	69	0.1331742164814453
48	72	0.12880057582624788
48	178	0.12201896715847654
48	57	0.11847102304831587
48	114	0.11668604628422412
48	134	0.10912373063124124
48	56	0.10802681608273287
48	187	0.1004698834078252
48	80	0.09738933353210104
48	34	0.09320964774397483
48	59	0.09302426917813633
48	107	0.08520986851375856
199	38	0.6906513003445149
199	135	0.5184370981617248
199	70	0.6222326106332933
199	156	0.5803895946357686
199	142	0.5435425766714317
199	182	0.54350734764067
199	122	0.455620129451131
199	7	0.4474281097201249
199	114	0.44333979486629504
199	174	0.4007902009504018
199	139	0.3886000361404701
199	80	0.3858543616398893
199	52	0.3762207952187504
199	11	0.3567526348626095
199	181	0.33228973419987906
199	170	0.3282003373155319
199	32	0.3274149002773069
199	106	0.32628057387153536
199	40	0.3127042919915608
199	173	0.3047975157516096
199	195	0.2989352870728538
199	15	0.29411042880231913
199	100	0.29279443372282743
199	192	0.268642354401023
199	145	0.26539190194251183
199	99	0.2587702966186521
199	179	0.2464033101130674
199	191	0.2459805848352485
199	154	0.2455953536492109
199	178	0.23492894446723395
199	153	0.22992473565672905
199	168	0.2254019775464268
199	164	0.2239207153364252
199	41	0.22236237486247976
199	50	0.21783297327144216
199	87	0.2175471899653808
199	66	0.21626070407335687
199	5	0.21250178932307529
199	51	0.2111263954947624
199	186	0.21023767540300303
199	190	0.20193596434088446
199	36	0.1920453685423109
199	144	0.18796808909639587
199	175	0.1821059378312552
199	89	0.18008448118203174
199	155	0.1765408567080406
199	47	0.1754652413800754
199	165	0.1576442649802871
199	61	0.1400141411919308
199	147	0.1337438858999823
199	125	0.1333019086716844
199	29	0.1330661657899417
199	59	0.13027540539927876
199	56	0.1285842194084689
199	101	0.12560316480363629
199	60	0.11993984996020887
199	171	0.11549235324553835
199	163	0.11166240954394273
199	21	0.1099734098122429
199	183	0.10748320222501256
199	162	0.10218212112901268
199	77	0.0990055962078724
199	46	0.09868179102561836
199	159	0.0981945585522664
199	83	0.0904540851240522
199	31	0.08860205019319205
182	80	0.5386060891240111
182	181	0.5370993755688581
182	174	0.5177640521969468
182	180	0.5161446577738324
182	135	0.5076063592164577
182	183	0.5071905330182662
182	187	0.5056365242627057
182	195	0.4910552859491183
182	87	0.4763714212086435
182	175	0.4370269978043183
182	179	0.4333711936424917
182	184	0.42462422209467465
182	81	0.42119182777966796
182	191	0.3838865322565405
182	156	0.3803681471851051
182	173	0.3794868225373277
182	29	0.3673099938478632
182	60	0.3282003373155319
182	38	0.3203256933907618
182	190	0.3176938738676276
182	78	0.3127042919915608
182	66	0.31041084660588597
182	192	0.30616660329272205
182	31	0.30584937760844705
182	70	0.29600934243979365
182	28	0.29529752302813084
182	63	0.2929681356272569
182	159	0.2876019501451588
182	193	0.2790116817334159
182	92	0.272729222111412
182	171	0.2677421237516274
182	7	0.26483407290043504
182	40	0.2472484793255181
182	52	0.2405709051429584
182	196	0.2361662619587078
182	82	0.2319506038362516
182	172	0.2288731482825267
182	122	0.22429112817999766
182	167	0.22035576537440424
182	170	0.216746798385448
182	146	0.19558712586022256
182	145	0.1776451039841947
182	125	0.1768024292315567
182	59	0.17421467559369966
182	15	0.17408861833739162
182	194	0.16808953680716224
182	89	0.16200007939530467
182	4	0.15772227585914078
182	178	0.1572346756052143
182	139	0.15685429416878344
182	21	0.15130916003347747
182	27	0.15071307071097498
182	75	0.1473201289784732
182	76	0.14458956572364706
182	94	0.11686359173922126
182	133	0.10760181437793427
182	91	0.1065836273874397
182	116	0.10112317782260233
182	164	0.10067775923739562
182	186	0.09929571576592892
182	50	0.0990788703149042
182	83	0.08842643694818406
182	165	0.08718309734006563
38	142	0.8205177662735397
38	7	0.6900388948481733
38	40	0.6359893851620142
38	114	0.608918023377088
38	52	0.5833923533794715
38	41	0.5803299082055459
38	145	0.5500409324605658
38	36	0.5457932510051954
38	144	0.5457932510051954
38	100	0.5377891944991712
38	122	0.5247772603917898
38	139	0.5228035119329403
38	156	0.4954818778309616
38	39	0.49208665253070294
38	30	0.4869999613666574
38	70	0.486290207251574
38	32	0.4846469197433537
38	154	0.4769278408612714
38	99	0.4734284409353211
38	5	0.4487068861107092
38	35	0.4475480728809866
38	11	0.4441509157168647
38	106	0.4439742978697238
38	101	0.432916257213724
38	2	0.4231148070223505
38	164	0.4193145060352123
38	51	0.3752159576110206
38	62	0.3704546789499894
38	155	0.3634020205286169
38	140	0.3576424928543088
38	115	0.3103475900740617
38	135	0.3099137569814329
38	46	0.3097871980062756
38	49	0.3066921418768174
38	152	0.29677554965792424
38	124	0.2935165409651789
38	59	0.29141327429133884
38	178	0.2855826484815525
38	17	0.2794265982271175
38	125	0.27917766084246565
38	50	0.2760951181330913
38	159	0.27468115156764555
38	27	0.2722941255490214
38	137	0.2569312767775924
38	165	0.25104707098025797
38	118	0.2504754285359995
38	58	0.2450972569120189
38	138	0.2434799016672869
38	146	0.24232247305282825
38	47	0.24176703861342985
38	153	0.2380726853986246
38	24	0.2358924178172413
38	54	0.23224390440155854
38	163	0.231657261088542
38	34	0.224661476226596
38	161	0.21352323867805534
38	21	0.2097788450782754
38	134	0.20859310612791565
38	14	0.2031634503812059
38	15	0.19960391544929496
38	173	0.19779814239007248
38	151	0.1971062133244892
38	128	0.18979066195483307
38	80	0.1895882181932292
38	147	0.18663650269702609
38	31	0.1742631576336855
38	192	0.17206122494226514
38	77	0.17175068147530964
38	61	0.16715651046378932
38	119	0.15667871780202422
38	28	0.15148503423838616
38	68	0.14962810266757898
38	131	0.14855255350178334
38	180	0.1473396948564136
38	1	0.14301285893511184
38	110	0.14229771485635098
38	56	0.14167061696120653
38	127	0.13947488189699978
38	148	0.13854323931411286
38	168	0.13247674276400204
38	186	0.1218711977492362
38	175	0.12160519920194535
38	129	0.1138936638766342
38	174	0.1138837935830596
38	162	0.10435865772172556
38	42	0.09053045458249398
38	82	0.08620053773864153
135	186	0.5372487788101007
135	181	0.4859923772668809
135	78	0.4681824473451613
135	31	0.4640888499350706
135	7	0.4323960597063815
135	80	0.41799494130898496
135	77	0.36046479019380334
135	75	0.35254763203854056
135	184	0.300810043583279
135	29	0.282042770078351
135	147	0.2700242688449219
135	100	0.25495014964060314
135	156	0.2487688354951376
135	28	0.24321648280525976
135	190	0.23918549151405194
135	110	0.2385914441881093
135	40	0.23725182597174
135	192	0.2065548822294421
135	118	0.19340299721128448
135	106	0.18878792570915787
135	148	0.17152745726951169
135	142	0.15377052226409266
135	83	0.1512896178635801
135	162	0.14460914754416762
135	99	0.14447207242271634
135	32	0.13736607724872724
135	55	0.13107157414916518
135	15	0.12947906860334155
135	164	0.12540631509227332
135	134	0.12114212304668548
135	129	0.12099432167414463
135	163	0.11924000423384043
135	125	0.11541341959510078
135	144	0.1126695766191215
135	133	0.10740412575633074
135	124	0.10724596874320257
135	30	0.1071570030375366
135	128	0.10640566878774936
135	174	0.10522899372730872
135	21	0.10289455093780826
135	114	0.10186545196476617
135	145	0.09992540518432133
135	178	0.09951453198032977
135	92	0.09568734512277634
135	59	0.09059194609995136
135	195	0.08698362162656376
135	54	0.0866471766435443
135	63	0.08575287153557462
135	70	0.0857022463455183
135	131	0.08463702984950676
51	155	0.8494293497528762
51	152	0.7498489908180774
51	47	0.7473300225064092
51	154	0.7223873966534047
51	17	0.6477834166771131
51	46	0.6407352023580112
51	122	0.6165127156861877
51	49	0.6083262191023641
51	144	0.60045600933301
51	119	0.5765771198984679
51	153	0.5694374795465185
51	52	0.5571839976021489
51	115	0.5507937363395198
51	89	0.5367150410354505
51	118	0.5310453687731028
51	168	0.5284340397345296
51	142	0.50095478310508
51	156	0.4626910703961008
51	173	0.4482595229529132
51	82	0.4363228938313607
51	179	0.4232871962129448
51	94	0.42282742362439796
51	146	0.421537257579198
51	192	0.4174583634492368
51	138	0.41516845336035896
51	24	0.4068495312279888
51	11	0.4026854509385453
51	125	0.3985466950203032
51	50	0.3921938109213048
51	164	0.388820751238421
51	124	0.3863393912660204
51	188	0.38206894449553225
51	16	0.3816162205024041
51	20	0.3714464338329891
51	189	0.3696261317452875
51	15	0.3665051916281921
51	14	0.3612041188538665
51	148	0.3596901839238729
51	21	0.3435570054033279
51	116	0.3381480525025349
51	39	0.3257264664379396
51	128	0.3245012743596895
51	70	0.3202449258319928
51	150	0.32017312853773017
51	40	0.3080685278778941
51	165	0.3059037639798325
51	76	0.29200796245988825
51	127	0.2824661229857117
51	147	0.2775448097777193
51	77	0.275161849002072
51	187	0.26953284250756143
51	86	0.2551090928218357
51	59	0.253968136676665
51	69	0.2497817261594495
51	80	0.24342345779052865
51	123	0.2429247986422881
51	106	0.23608127985794164
51	84	0.2282002309183544
51	137	0.22696756387839126
51	159	0.22165884854599605
51	114	0.21049572678101652
51	104	0.20869831749415935
51	5	0.20724406087408964
51	66	0.1964621584419763
51	101	0.19283500124884412
51	29	0.1904846322477136
51	99	0.18844073284478285
51	186	0.18839250788593545
51	140	0.18717693957287546
51	129	0.1857001216593256
51	42	0.18567115603402215
51	67	0.18159346458077066
51	62	0.18140972371882708
51	27	0.17673461652933473
51	139	0.17599825645922607
51	58	0.17198359227903534
51	163	0.17101300403332484
51	35	0.1667968265151293
51	161	0.15456127084761054
51	178	0.15426842403349705
51	145	0.15234472542403796
51	41	0.1517585972674722
51	131	0.14556851770857124
51	133	0.14038667184866807
51	172	0.13901399474237086
51	180	0.1350302272619788
51	28	0.1221371787916202
51	100	0.11699181436762685
51	72	0.1074140103892516
51	60	0.09833023574872696
51	107	0.08913976944278898
51	191	0.08766439051857867
155	47	0.7144914967705256
155	154	0.7091192328581812
155	46	0.6962988884111103
155	152	0.6906408401844032
155	115	0.6527583605835111
155	17	0.6453333637699734
155	122	0.6344265287073951
155	144	0.6268984332523709
155	52	0.5615813510539625
155	153	0.5556167486218764
155	118	0.5455474656589324
155	49	0.5286862581889221
155	156	0.5261454124727749
155	168	0.5241755731295793
155	142	0.5067224461215448
155	16	0.4880900498589595
155	89	0.4824863416350138
155	148	0.4818569830947049
155	125	0.4734361995537022
155	11	0.4517923352826545
155	119	0.4473721214005998
155	24	0.44208554670406
155	20	0.4283547786825422
155	124	0.41232562766326425
155	82	0.3946449498600944
155	179	0.38898201482342826
155	189	0.388820751238421
155	14	0.3858032934729619
155	15	0.3725493041293043
155	21	0.3641308666073562
155	164	0.3618126370041576
155	192	0.3609693224332036
155	138	0.3565955338156345
155	146	0.3531604778153141
155	188	0.34706242869405834
155	106	0.3385465369921629
155	59	0.3298857076537649
155	50	0.3287356025699094
155	147	0.3262448317655917
155	165	0.32533309308680897
155	77	0.3233645388711182
155	173	0.31338981312145675
155	39	0.30605784785624685
155	84	0.3033182116006567
155	70	0.2993905378367287
155	128	0.29548919900731796
155	40	0.2921268730207321
155	163	0.2810760096628217
155	86	0.28093785439751945
155	101	0.2763260450602668
155	27	0.2763260450602668
155	69	0.2734880596290085
155	159	0.2732197291132653
155	5	0.27013551566697497
155	58	0.26002013331796897
155	94	0.2568565563363893
155	35	0.25353775634233666
155	129	0.2516653721864747
155	127	0.2442887491833376
155	151	0.2357035379552509
155	178	0.23035090211133846
155	76	0.2298773783815413
155	116	0.22447156225163747
155	161	0.2220106405994473
155	186	0.22160179574599734
155	99	0.21532633966578324
155	80	0.2103332534052588
155	150	0.2020222927396661
155	114	0.18249264461295306
155	104	0.1771802121145568
155	137	0.1756203109371122
155	41	0.16472535281660333
155	123	0.15659092590415538
155	66	0.15275495140724238
155	30	0.14942279781904086
155	187	0.1464786873487536
155	62	0.13759173014441495
155	162	0.1324669182518609
155	87	0.13069808387250725
155	57	0.1304523463455528
155	140	0.12988217360137913
155	133	0.11399236557548825
155	29	0.11226476265934858
155	56	0.1098351008648248
155	100	0.1086593036004696
155	67	0.1007470492281808
155	42	0.10047978245590458
155	131	0.09684353035864657
155	180	0.09502641013500043
155	1	0.09260689598678812
155	145	0.08915961048944386
155	107	0.08704118249937673
152	154	0.7075946506828564
152	17	0.6681036500280375
152	46	0.6182948931674231
152	115	0.5955223589719127
152	14	0.5842097318325397
152	47	0.5823623575792439
152	122	0.54618631227441
152	119	0.5186564309346459
152	52	0.5077102788405138
152	82	0.4619047898798447
152	144	0.4578834674354076
152	49	0.45498597019973097
152	153	0.4389827235162565
152	16	0.4364038525319093
152	168	0.4208709620857502
152	118	0.4123007277279621
152	59	0.4055051495133631
152	89	0.38738530622839135
152	116	0.3788532123062748
152	138	0.3762465486654706
152	24	0.3759718152661727
152	125	0.3752589174542816
152	142	0.3662454608948324
152	21	0.3633846616230244
152	156	0.3624903370706197
152	151	0.34445629790976695
152	173	0.34249820710161644
152	189	0.3414738744211869
152	146	0.3385376830997657
152	188	0.3375899704727369
152	84	0.33662383936222684
152	187	0.3343697385456394
152	179	0.3256191939731894
152	76	0.32525261647660403
152	94	0.3240717520070017
152	124	0.3238658918416381
152	20	0.3151562280267496
152	123	0.3146877994953161
152	58	0.31183790478689816
152	148	0.3115399642877213
152	127	0.3098956778001109
152	39	0.3071631554808121
152	50	0.3025643836025753
152	77	0.2924744059432185
152	15	0.28311934302350106
152	192	0.2801731849134594
152	164	0.2759380696107717
152	159	0.2709511051619124
152	128	0.2673243320728081
152	147	0.2657172202097704
152	161	0.2522553772240781
152	150	0.25206809433301963
152	69	0.249247212934817
152	104	0.23963797887397495
152	86	0.220089344809054
152	80	0.1968370767185561
152	165	0.19566406431030064
152	11	0.19083154606105268
152	100	0.1905713651650024
152	40	0.17570753373382295
152	137	0.17276952415319793
152	178	0.16143524792196987
152	180	0.16118201324682602
152	171	0.15844378304303927
152	35	0.14607746023743273
152	60	0.1423075123560125
152	87	0.13869035712130887
152	191	0.13738569980603155
152	129	0.13471604830906084
152	66	0.13327244163581853
152	163	0.13038353696434773
152	5	0.12873173647688532
152	70	0.1234175820324589
152	106	0.12260999064090095
152	172	0.12215688039368272
152	186	0.11590673095790452
152	107	0.11479176623882377
152	131	0.11004256268922093
152	27	0.10429931079396132
152	33	0.10341891103023394
152	99	0.10144979236536636
152	101	0.09557736027859637
152	29	0.09359921905427536
152	7	0.0930778016193828
152	30	0.09171553187507983
152	67	0.09068914096047476
47	153	0.7273888991647091
47	154	0.6949104896900519
47	46	0.6535439095282399
47	49	0.5501106741215184
47	168	0.5262538795622824
47	122	0.4978623554990867
47	17	0.4778929397986894
47	119	0.4773449049203138
47	144	0.4670104173443757
47	52	0.4262131180987369
47	142	0.40888362316186616
47	115	0.4009916297027308
47	179	0.3968630341664693
47	82	0.39631526811547696
47	128	0.3740812351185617
47	118	0.3540529392505069
47	164	0.3502160620009621
47	89	0.3342897984211799
47	173	0.32452811506607426
47	138	0.32186835521849844
47	189	0.3187094586272799
47	70	0.31855671822541665
47	188	0.31434538936216416
47	147	0.30680085066709306
47	21	0.3044890703176452
47	15	0.2969305689618525
47	165	0.29217260544721346
47	192	0.2888673005993144
47	123	0.28386424521911324
47	11	0.28113126850744674
47	124	0.2805509577215958
47	16	0.2678628003907911
47	125	0.2675007452736541
47	146	0.25962848696719143
47	24	0.2570993865385213
47	148	0.2568285353791927
47	156	0.24605574284024606
47	84	0.2418800211789171
47	104	0.22602835227867096
47	29	0.22121189435858726
47	20	0.22036527978680498
47	129	0.2188995672566504
47	50	0.2150879181942832
47	114	0.2139526809078599
47	150	0.20531001305195476
47	140	0.1960775671913168
47	101	0.1900220064938156
47	116	0.188758994771739
47	14	0.1873216802269668
47	86	0.1863179780414062
47	5	0.18488896232846044
47	39	0.18457022358907896
47	137	0.1788747475197309
47	107	0.16836161284890644
47	133	0.1564153346860269
47	80	0.15253031035603726
47	77	0.14426644934505176
47	40	0.14349280345183174
47	35	0.13365549470469196
47	69	0.13275181852882928
47	62	0.13273217093757328
47	106	0.13033438663730454
47	127	0.12696115746358794
47	60	0.12383116317218995
47	131	0.12121109518271428
47	66	0.12080709890126465
47	72	0.12075782832145115
47	151	0.11547261996963333
47	57	0.10677146516806817
47	28	0.10439822192737212
47	27	0.10142999816641407
47	99	0.09969769652486243
47	67	0.09882438671251594
47	94	0.09609654747220382
47	178	0.09466072940596792
47	187	0.09340394133638676
154	168	0.5966891891238966
154	17	0.6764608264868265
154	46	0.6358464391453724
154	153	0.5821177888809355
154	49	0.5578731593753328
154	144	0.5429081611734621
154	115	0.5379526543176206
154	119	0.5224473492428473
154	142	0.5104735519685762
154	122	0.4507730152546918
154	52	0.4445923093276379
154	11	0.4303857236095417
154	50	0.4228109991461093
154	118	0.4221702278844297
154	179	0.41846523893684784
154	89	0.4140919472540681
154	192	0.4054215895678711
154	165	0.40003449807062347
154	147	0.3957756534270413
154	146	0.3859309594567226
154	5	0.3795125019375157
154	40	0.37341879575201703
154	106	0.3673791984836247
154	173	0.3639573722323413
154	15	0.35103173040206426
154	101	0.3344230292891234
154	82	0.3341299037421772
154	148	0.33195164978383235
154	39	0.32972528655420497
154	35	0.3277808989131633
154	164	0.3231585734200577
154	189	0.3186914900271274
154	156	0.3166595652481633
154	70	0.3049789243854889
154	138	0.3047158746495742
154	16	0.2962191751981418
154	36	0.2843698478304121
154	99	0.2751063909291305
154	114	0.2727755024188441
154	163	0.2726921969566618
154	14	0.26581015717585377
154	58	0.2570993865385213
154	24	0.2561932779432638
154	137	0.2512906686703221
154	140	0.23293441303268814
154	62	0.2323858088723573
154	188	0.23117457329731755
154	7	0.2303793100688729
154	80	0.226588135161444
154	171	0.22632249412611505
154	77	0.22295163763248907
154	21	0.22232435232533898
154	59	0.21223441738422866
154	41	0.20939641587398586
154	56	0.20600913703857865
154	151	0.2023004406642036
154	186	0.19747142262605608
154	150	0.19199721215111945
154	100	0.1888361432099289
154	30	0.18500485768516456
154	124	0.16934281657724393
154	125	0.16658293932981902
154	57	0.16106512854358898
154	1	0.15869724544342706
154	94	0.15122121933772587
154	20	0.1399945332162202
154	145	0.13591370981022718
154	123	0.1353051115764047
154	2	0.13423490930986642
154	127	0.1311108867527316
154	116	0.1268332508408316
154	161	0.12486492751460734
154	178	0.11924000423384043
154	139	0.1188752488840021
154	66	0.1119586590629632
154	128	0.10852095445496067
154	86	0.10806634912016694
154	172	0.096759326852608
154	191	0.08502819439493796
11	70	0.735681363453366
11	106	0.5963091177783305
11	122	0.5369214706192141
11	99	0.5019802693622646
11	114	0.4660011572436684
11	5	0.4569345352141447
11	101	0.4521981424235352
11	15	0.4234677615441082
11	142	0.3993454948442132
11	52	0.3862968533506144
11	168	0.37573136930584794
11	192	0.353309266086112
11	156	0.34984752135554875
11	46	0.3330101028131093
11	41	0.3119372046636216
11	139	0.3118830419391437
11	115	0.3047158746495742
11	40	0.2945031837013263
11	17	0.28686795332799386
11	89	0.2739413489456224
11	144	0.26618185561967805
11	49	0.2576596399900646
11	145	0.2560437734155169
11	163	0.2530417588778762
11	82	0.250690986387782
11	148	0.24258601351397865
11	32	0.24222834279024885
11	30	0.24058032637668936
11	35	0.2395342930409172
11	42	0.2370064458323999
11	56	0.22371173595202426
11	118	0.21933748130108244
11	153	0.21805204851458634
11	124	0.21424847079762546
11	125	0.2117473368635212
11	27	0.20843049724750368
11	100	0.20622936545396514
11	159	0.2029333452588928
11	162	0.2025881455542368
11	179	0.2008422000949295
11	62	0.19214167855004294
11	68	0.1914674308716588
11	1	0.1873602763612752
11	191	0.176812116623439
11	178	0.17129450888475706
11	137	0.16954678715284516
11	138	0.16553272065947974
11	87	0.1627497778299032
11	189	0.1561714415931843
11	61	0.1539950758823868
11	59	0.14461893841195322
11	16	0.1410434053388435
11	140	0.13807242127051295
11	50	0.13480441388020833
11	146	0.13263393141686647
11	165	0.1320640908649154
11	141	0.12146726715001704
11	175	0.1207184114292003
11	36	0.11974272234766772
11	151	0.11820480409268395
11	20	0.11731728505234075
11	39	0.11386405292846825
11	119	0.1093806272597051
11	66	0.10624747764252572
11	54	0.0922559204126358
11	21	0.09142300543188832
11	24	0.08836789797769512
11	7	0.08500238231252004
106	5	0.8157566318133642
106	99	0.6989424996786392
106	101	0.6901907798838497
106	32	0.5079700132709297
106	163	0.5074875758447868
106	41	0.4579466925377143
106	70	0.4255500319986503
106	61	0.378921727849024
106	114	0.3712653939290324
106	142	0.365734490626402
106	40	0.3596205320820477
106	52	0.3424717259801884
106	100	0.33466281116649954
106	30	0.33423650233242325
106	68	0.310736122481208
106	192	0.3030367057406811
106	35	0.3003734141799213
106	156	0.29990025689588873
106	42	0.2997273356759134
106	15	0.2917060720344383
106	122	0.2903514249885769
106	145	0.28954540672750617
106	77	0.2874093086382981
106	83	0.28212560864419184
106	190	0.2776924782394913
106	59	0.2727014533210773
106	186	0.2684567781756861
106	7	0.2661632725763563
106	36	0.2656056893309587
106	54	0.25868632124912605
106	115	0.25043793767801004
106	139	0.24417590711511086
106	144	0.2398264845646532
106	62	0.23968510699120535
106	148	0.237166890116966
106	118	0.22422464859206406
106	46	0.220089344809054
106	17	0.21743286619501515
106	161	0.216746798385448
106	16	0.2166896163923524
106	168	0.2157745025238873
106	162	0.21536448471991532
106	178	0.21010385944845775
106	21	0.20088058628295286
106	89	0.19813442565887227
106	58	0.1866461543471709
106	74	0.1864917236225738
106	181	0.18545873159160936
106	191	0.17593042390068736
106	93	0.17556216087405885
106	56	0.17521323478221282
106	55	0.17111978502496064
106	49	0.16457941937813636
106	150	0.1645502318255935
106	39	0.16154237927179252
106	124	0.15914562766434315
106	125	0.15587874474444935
106	138	0.15227634931905346
106	27	0.1521298241862898
106	175	0.1410826093879561
106	158	0.13863151073260338
106	172	0.13586463310358396
106	159	0.13277146601575546
106	174	0.13026557510328513
106	1	0.12608540476936247
106	137	0.1161533652135534
106	140	0.10580253623623076
106	151	0.09890063413018772
106	87	0.09493424911252912
106	196	0.09419194684060746
106	78	0.08822005955615134
106	20	0.08779041311408263
5	99	0.7190764718128455
5	101	0.6493129916666667
5	41	0.57467814841549
5	32	0.5313109731752598
5	36	0.434734677862804
5	145	0.4160453603885997
5	163	0.4061650347856903
5	114	0.36709370314883055
5	83	0.3652406319048723
5	30	0.35928092196983297
5	40	0.3538605020307939
5	142	0.3494261994149921
5	35	0.342462898818789
5	100	0.3349203064016165
5	62	0.334485199120274
5	70	0.3328856224124708
5	7	0.3285839655035122
5	59	0.315948603432516
5	139	0.3109167998626382
5	190	0.3018374439658011
5	52	0.29616443897335765
5	178	0.2940556178918171
5	61	0.29104720031791
5	42	0.25988026943436376
5	46	0.2522647408727041
5	54	0.24551078031706175
5	39	0.21832824249989125
5	192	0.2102567913250196
5	124	0.20770339909678714
5	55	0.205501574743202
5	118	0.20232921272552806
5	68	0.201437116633016
5	2	0.1936147591594284
5	49	0.1857580519416854
5	89	0.17836165689783604
5	168	0.17780005033352372
5	156	0.17498059292645016
5	93	0.17255608289175428
5	144	0.16633014335420193
5	17	0.1552054381792309
5	122	0.15273541802907215
5	165	0.1521688982091597
5	137	0.15038077660230936
5	174	0.15038077660230936
5	191	0.1474766527724163
5	196	0.1411708168804686
5	159	0.13325279681433289
5	77	0.13037370695019845
5	150	0.1282498263286488
5	85	0.11866821129680755
5	21	0.11392327462245087
5	34	0.11217589606561984
5	186	0.10117266627748492
5	151	0.10005410545048274
5	27	0.09948581908859486
5	115	0.09887389815485734
5	172	0.09695051634296116
5	14	0.0955634881504804
5	153	0.09479848206169
5	175	0.09379151596220922
5	161	0.09042730597107797
5	72	0.08821708290370027
5	146	0.08583426797152591
99	101	0.6821905145748263
99	41	0.5735317589823951
99	100	0.5493919675528732
99	114	0.5289527876508368
99	32	0.5098299737352566
99	163	0.4426083606370232
99	30	0.4394346970945329
99	36	0.3975031407732985
99	145	0.3834686644333348
99	62	0.3812573279953375
99	7	0.3671888759487817
99	142	0.3651539688117924
99	40	0.36310688482369774
99	70	0.36133454152418587
99	83	0.329974822255693
99	118	0.3270309424664401
99	42	0.3259141730720694
99	56	0.3245370618520645
99	15	0.32415229763251324
99	35	0.3241075506429116
99	68	0.31918554303334296
99	46	0.31037470035284537
99	59	0.2997637417803878
99	139	0.2991265089815877
99	122	0.2990263481198285
99	178	0.29688497667314256
99	77	0.2833676817620548
99	54	0.28265015516455977
99	190	0.2646015917845905
99	52	0.25703401236871104
99	61	0.2440442496776168
99	137	0.23696869235672194
99	55	0.23653447596946384
99	2	0.22784946919591034
99	144	0.2269011688228867
99	1	0.2211358077884256
99	85	0.2208599714101322
99	124	0.220707770693339
99	34	0.21953736921568487
99	153	0.21389542671792744
99	140	0.19157339606397494
99	115	0.1902436918776543
99	14	0.18692603652182424
99	39	0.18517869107095736
99	186	0.1805295262902444
99	17	0.1706538021368771
99	16	0.16861423192056485
99	151	0.16241876527276575
99	123	0.16147420521681494
99	134	0.1568933097931879
99	21	0.1509769270715662
99	161	0.14782880429019693
99	89	0.14402164372294407
99	158	0.13827841185610668
99	119	0.1345785864953093
99	168	0.12372284845449268
99	181	0.1235160576268132
99	159	0.12141800456571801
99	156	0.12029465582061202
99	58	0.11800759390821725
99	49	0.1123141322133376
99	93	0.1121857702202265
99	188	0.10637600835806764
99	192	0.0958518226013982
99	138	0.09505019336030812
99	125	0.09335735117381504
99	110	0.0895534406024503
99	162	0.08860006589348703
70	114	0.5964315428391035
70	139	0.5322146806071546
70	122	0.4860840292904872
70	32	0.4165579099917382
70	156	0.4089419184860405
70	82	0.4006726829470855
70	179	0.3922445807674272
70	168	0.3865350445083969
70	142	0.37003184819829743
70	52	0.3400154512940077
70	66	0.3294133021303481
70	191	0.3086567209709849
70	173	0.30717221196095285
70	89	0.29898992435445604
70	101	0.2984707910734479
70	192	0.2979241441320329
70	15	0.29216345906880425
70	159	0.2756146880287164
70	87	0.27073797721912196
70	40	0.2685866836266328
70	178	0.25528671888667803
70	153	0.2504004460688823
70	145	0.24571750852833016
70	36	0.2340028193183553
70	175	0.22034625092007226
70	41	0.21976578997848908
70	170	0.1991141849169294
70	181	0.18737957421149648
70	144	0.18647241913383336
70	61	0.1795716204029631
70	141	0.17864241663231273
70	100	0.17753857325903824
70	46	0.1714595159706586
70	80	0.17100329647119944
70	146	0.16249665387212905
70	183	0.13822936756301848
70	169	0.12847603660790202
70	59	0.12599683454217106
70	27	0.12055088539174888
70	195	0.12037349739736868
70	165	0.11627174457045585
70	163	0.11230425834689116
70	174	0.11163278349951933
70	171	0.11025001492539377
70	162	0.10444767671974424
70	190	0.10329029971309958
70	60	0.1032210460345074
70	189	0.10127164168495427
70	125	0.09081707849991956
70	49	0.08962783861621165
28	131	0.7531481425329455
28	128	0.7300993067440581
28	29	0.724151851370053
28	129	0.6880693839700978
28	133	0.6843284651403854
28	127	0.6136343271361517
28	24	0.6051922903176918
28	124	0.5389183726283615
28	123	0.5158218028085358
28	27	0.5112125912149812
28	125	0.4955045124257659
28	21	0.471735309365729
28	33	0.4484193213045724
28	116	0.42688392425508
28	187	0.4246815989880284
28	75	0.37824495492299226
28	52	0.3762637173069677
28	39	0.3737887764346662
28	4	0.3689525039816379
28	138	0.36419158366946897
28	104	0.35126843767708354
28	16	0.3462001789835269
28	63	0.33341902810804463
28	184	0.3253062680736488
28	144	0.3138135904784893
28	76	0.30188288798779883
28	164	0.2930961141313245
28	14	0.2906993510829145
28	186	0.2717477828541077
28	20	0.2689392348807297
28	34	0.2634294192479105
28	140	0.2532289433759343
28	167	0.2473893043300674
28	115	0.2467977691392306
28	118	0.2428306976024337
28	142	0.2422659954426052
28	134	0.24169171326077235
28	94	0.2387894798285599
28	2	0.23269796387852165
28	188	0.2250602400095293
28	147	0.22409168315597994
28	110	0.21853774564488745
28	156	0.20485020083002325
28	31	0.18239597320562695
28	77	0.16722455377657708
28	80	0.1664079290616603
28	15	0.1584827786185788
28	122	0.14869924005291113
28	185	0.1344607579605243
28	82	0.12771867152489572
28	40	0.12514055232092586
28	180	0.12390993565910499
28	193	0.11855975891744247
28	137	0.11834284567477765
28	119	0.11668604628422412
28	141	0.11011171450084076
28	30	0.10748320222501256
28	86	0.09598161739895746
28	181	0.08647547290927203
28	192	0.08530417798148485
131	104	0.6341217035857272
131	129	0.702049239637062
131	133	0.6944137430210944
131	128	0.6636228661320799
131	127	0.6489368777642136
131	24	0.6084458937188136
131	164	0.562908079151097
131	29	0.5610950725111858
131	4	0.5245163519345728
131	39	0.5031387915280299
131	123	0.4649750071784395
131	33	0.44958498069214303
131	125	0.41567318291835775
131	142	0.4100156202695309
131	115	0.4067410439409976
131	16	0.4050789229608192
131	116	0.4034392375348592
131	124	0.3982438337883434
131	14	0.3859054274422865
131	138	0.3850199523023675
131	27	0.3823592746988141
131	188	0.3732036360695872
131	134	0.3561939617448868
131	147	0.3445796809391886
131	187	0.34274533798930706
131	76	0.34160637697223245
131	20	0.32354361436239804
131	2	0.3190957281079679
131	52	0.3098052785320899
131	110	0.30810473118303605
131	118	0.30128291649849115
131	148	0.2979150316928416
131	140	0.2794819125462458
131	17	0.2714050717485529
131	21	0.26776997295258204
131	144	0.259852295348908
131	119	0.25389329514139125
131	34	0.24957544082734925
131	156	0.24266130421474416
131	75	0.2386103055805587
131	167	0.2154026291168459
131	30	0.2148017785830813
131	31	0.20490768230716191
131	63	0.1988164569512665
131	107	0.19465405582536088
131	49	0.18740852071562333
131	186	0.17345824654538114
131	1	0.1709159269182584
131	80	0.17044020111936192
131	15	0.16487127904356744
131	84	0.16402480664944286
131	86	0.15849252743521713
131	72	0.15757600384712994
131	184	0.15574214350991858
131	50	0.14016119750837325
131	77	0.13056047283391434
131	62	0.12235389111712736
131	122	0.11710030739167253
131	137	0.11375547772147712
131	67	0.11214627346889022
131	46	0.10235034320361378
131	153	0.10223159881689076
131	58	0.0979895503176062
131	35	0.09587064800324538
131	161	0.0930778016193828
131	173	0.08668092128118997
131	94	0.08450200252213658
129	128	0.7323653027528138
129	133	0.7265448804847982
129	125	0.6725803085878677
129	29	0.621404599714869
129	127	0.6172498698899103
129	124	0.5475741370135885
129	21	0.5465721206194835
129	24	0.5272654132444233
129	123	0.5150507612246962
129	16	0.4642928269182141
129	52	0.4596362437177355
129	104	0.4514580007133717
129	115	0.4481636301871821
129	116	0.44553857092232
129	142	0.4179866884721984
129	14	0.4171114966763994
129	188	0.3888801669108192
129	27	0.3853095126621463
129	156	0.3815136915204598
129	118	0.3810350988304947
129	4	0.3766156175024323
129	164	0.3251900203000531
129	138	0.2994815716415446
129	39	0.299062771013878
129	144	0.2970855726163811
129	122	0.2949962698894406
129	20	0.2880055045034271
129	147	0.27180335113655835
129	148	0.2677049907877581
129	15	0.265298942761922
129	76	0.2650107379624208
129	134	0.2598895940325863
129	77	0.24821526701089655
129	75	0.2469761880343585
129	186	0.2296879383962921
129	33	0.2289394804154429
129	107	0.21522143737908245
129	153	0.20870788192432105
129	110	0.19960391544929496
129	187	0.19504848934165087
129	46	0.19267131739195506
129	17	0.17409831525203973
129	184	0.15116259087727488
129	84	0.12893825080041554
129	86	0.12649870589603535
129	72	0.1138936638766342
129	140	0.11343960713280347
129	80	0.10268676978176608
129	34	0.10100440348952301
129	2	0.09994520544301567
129	69	0.08819922295590912
133	128	0.7447804822883024
133	29	0.7407503414650238
133	4	0.5852232156606069
133	104	0.4968839498080146
133	124	0.4871067504303499
133	24	0.4157889863912057
133	127	0.4080504685936159
133	125	0.3823934262318717
133	116	0.3633325833923593
133	123	0.3600296792414581
133	14	0.3561852304551705
133	164	0.3476164225228565
133	21	0.3367657012228865
133	16	0.31549844411643113
133	187	0.3022100444389079
133	33	0.2756146880287164
133	118	0.2693659110421063
133	107	0.25829438450630543
133	72	0.2493034846428261
133	167	0.24539801006043566
133	188	0.23507066073084096
133	147	0.2178234477627353
133	94	0.20979796485477756
133	76	0.2060474391323532
133	110	0.2025497869216858
133	115	0.19910458136239406
133	153	0.19857632701671216
133	52	0.19828813962449507
133	20	0.1977212711022472
133	27	0.19601987329737866
133	144	0.19299867437433305
133	134	0.19165045885346985
133	39	0.18233796866837146
133	184	0.18044245805771228
133	148	0.17013919068194655
133	156	0.1679048991901632
133	75	0.15540061437253916
133	142	0.1402396250159035
133	77	0.13759173014441495
133	2	0.1298231853044994
133	80	0.12579016286930012
133	63	0.12511102201480662
133	31	0.09901549817698774
133	173	0.09417707990144612
101	163	0.5272654132444233
101	114	0.5595377504816148
101	30	0.5091413791822361
101	100	0.4724114269540859
101	41	0.4410712361762444
101	32	0.4365738428029585
101	35	0.4250585622684915
101	54	0.4127737211405374
101	144	0.41248331294759344
101	36	0.3986223967526079
101	40	0.3950501156530973
101	140	0.3866541207561302
101	142	0.3837074652861052
101	62	0.34392737874421664
101	52	0.3365972385618777
101	56	0.3362691178617508
101	137	0.3324854282679133
101	2	0.3228540466698613
101	124	0.3060850374644038
101	139	0.2974319947530059
101	46	0.2972040942594049
101	20	0.29217260544721346
101	138	0.28650082851009445
101	55	0.2751433631812055
101	122	0.26971830291691634
101	77	0.26653489583648377
101	7	0.2649828446614055
101	178	0.2628151132706623
101	145	0.2587609662151722
101	148	0.2584810316640207
101	1	0.256641717964992
101	68	0.25486599767201235
101	42	0.2482434184766961
101	161	0.2460463482514163
101	61	0.2370253223018131
101	110	0.2317424294548284
101	123	0.23160994379484245
101	17	0.22417716189437106
101	150	0.2201654683229978
101	159	0.21253043443013864
101	49	0.20229084989948465
101	168	0.1992678365871603
101	34	0.1979710938915732
101	115	0.19548133156014716
101	134	0.19145779745098515
101	39	0.1914385304989756
101	186	0.18921220845042253
101	85	0.18451226691737013
101	59	0.18051985218187871
101	83	0.173826788885441
101	21	0.17148863386990515
101	118	0.16836161284890644
101	153	0.16598008206602838
101	128	0.1618053218929001
101	69	0.15919436090997818
101	190	0.1586485042974989
101	158	0.15802454941206973
101	172	0.14744730512347567
101	16	0.14338506667203718
101	58	0.13931799091599126
101	125	0.13676753752724244
101	73	0.13550144476616635
101	162	0.13093397679120686
101	147	0.12596731068665198
101	27	0.12055088539174888
101	15	0.1179385681435959
101	146	0.11732714740731642
101	14	0.11611390469440555
101	156	0.10722619873475632
101	33	0.10142999816641407
101	86	0.0999848057229166
101	119	0.09879368937252443
101	188	0.09375781494760052
101	82	0.09153704304335353
100	30	0.5341899972172761
100	7	0.4929122666571855
100	35	0.4853658023530234
100	41	0.4442151318321215
100	1	0.42259745565256096
100	142	0.4170867158263353
100	31	0.40328015035368414
100	40	0.38075297532243785
100	161	0.3744338069478069
100	114	0.3711446849746949
100	36	0.3682352690457311
100	151	0.3422333714043965
100	54	0.3244475913791658
100	56	0.31146772705944065
100	14	0.2884823005253903
100	46	0.28755608522974146
100	68	0.2709511051619124
100	58	0.2702374855848864
100	77	0.2693937340774397
100	61	0.2686145192381376
100	163	0.25968444167840343
100	32	0.256912596955226
100	39	0.2525643526765632
100	62	0.2523021949947704
100	144	0.2498661090802985
100	124	0.2424824840289025
100	20	0.23381376193677386
100	164	0.2318938311111688
100	178	0.21986095818645573
100	115	0.21928988622568807
100	145	0.21921373193419733
100	49	0.2191090154221665
100	122	0.21256862733800969
100	17	0.2123299110124146
100	110	0.21040971291233854
100	55	0.2020031089222928
100	134	0.2010341248651841
100	147	0.20098614511891372
100	2	0.19944068300487613
100	16	0.1929216530643613
100	140	0.1922283543927279
100	159	0.18830570067065772
100	148	0.1872155378755981
100	78	0.18564219008603214
100	118	0.1842514460197448
100	50	0.18277297173543156
100	60	0.17221648385627344
100	59	0.17166333497207442
100	52	0.16166898414007347
100	119	0.15919436090997818
100	80	0.15344830889856698
100	15	0.14726143065292108
100	158	0.14486370089819445
100	128	0.13108140233870738
100	137	0.1271185752028138
100	123	0.12454005925260557
100	186	0.12315168579140676
100	156	0.11524568074939515
100	92	0.1076512352044817
100	162	0.10679123712292844
100	153	0.09985610365574778
100	86	0.09854810388838868
100	67	0.0968286710171028
100	27	0.08508974582315726
142	52	0.6229613343290256
142	144	0.6026320785777735
142	39	0.5779839554062872
142	114	0.5606015491486126
142	164	0.559180449450635
142	122	0.5465580952878291
142	156	0.5453226654740027
142	115	0.5218218063978599
142	17	0.4966052492364949
142	46	0.4851746741557559
142	7	0.4566971394298082
142	49	0.4408134538282443
142	124	0.4398219260176728
142	30	0.4233282367417902
142	40	0.4157972575520029
142	118	0.41525948906961146
142	128	0.41294792578706396
142	24	0.41148699124668897
142	138	0.410764042361205
142	35	0.4098908295168728
142	125	0.4093665408085589
142	145	0.395303266265186
142	153	0.39174524019439694
142	62	0.3907458666016123
142	140	0.3875382834321506
142	139	0.3847303161218354
142	41	0.3730486962346365
142	2	0.3703425143158627
142	127	0.3683908512332916
142	148	0.3620038219384407
142	36	0.315327346323049
142	50	0.3137775291846304
142	119	0.2964928271317207
142	15	0.2958907286750656
142	104	0.2930869731578541
142	165	0.2926572869875488
142	147	0.2925567050616297
142	21	0.2904704609813121
142	16	0.28499473787513113
142	27	0.2845169025446321
142	14	0.28039433075577025
142	134	0.2774155891145311
142	188	0.2651223067309064
142	110	0.24832787035811846
142	137	0.2469480177427689
142	161	0.2453040297728255
142	32	0.2434893088197569
142	123	0.22782102646291744
142	34	0.21945170522241925
142	20	0.2145823799026268
142	58	0.2144297419590256
142	1	0.20931036046975413
142	151	0.20854528118335405
142	186	0.1952023975110975
142	54	0.1815257720534513
142	163	0.17620174410428782
142	77	0.1721485591337533
142	178	0.17159539693685266
142	80	0.1669426496884089
142	146	0.16557162435860126
142	173	0.15026348821167862
142	59	0.13523639244877886
142	159	0.11823438481650625
142	29	0.1149299192167423
142	189	0.10352773328999683
142	42	0.10195451725665744
142	56	0.09253353011090393
142	67	0.091697683256914
7	40	0.5981233137620056
7	30	0.5596819862075896
7	41	0.5441059807378368
7	35	0.5207731282379873
7	31	0.4949837465175956
7	62	0.483950355930501
7	164	0.4705293565644523
7	2	0.4459632631500324
7	36	0.4371321627913486
7	54	0.37323806431746
7	78	0.36784622335085204
7	145	0.35759888748222324
7	59	0.3440860774304215
7	58	0.33474272883144546
7	77	0.332645520304294
7	55	0.3250558760400984
7	80	0.3141921793903441
7	1	0.3073442745109617
7	161	0.2989352870728538
7	151	0.2981974920540517
7	147	0.28538057842792336
7	50	0.27743404982392106
7	32	0.2695606628440026
7	114	0.2617349077068929
7	34	0.2603277954523345
7	144	0.2543890636258365
7	140	0.2448152579849336
7	56	0.2339461039612971
7	158	0.2327925468430407
7	68	0.23156262540521466
7	39	0.2259429485350145
7	165	0.22450005043531754
7	93	0.22172540822797965
7	134	0.2201178914409702
7	52	0.2145823799026268
7	156	0.19585639989589115
7	148	0.1814387362762878
7	118	0.17783878554370222
7	137	0.17586258967139465
7	163	0.16953707459750847
7	61	0.16948851132686835
7	115	0.16560080179478004
7	14	0.15547868145376306
7	186	0.1505176077077519
7	122	0.146547184725894
7	139	0.14283653588006034
7	178	0.13899438118565696
7	174	0.1372090929100438
7	46	0.11521607909406813
7	49	0.10404213219565364
7	159	0.10267687521733287
7	60	0.1023701336512449
7	110	0.09840946161851308
7	124	0.09485794251828092
7	24	0.09403534630674036
7	17	0.09137243146258936
7	83	0.09107096116992422
7	42	0.08910504744092164
7	104	0.08455859523594951
40	144	0.6426176032286147
40	41	0.6021988536004144
40	35	0.5622861083305697
40	62	0.5417081285282116
40	145	0.5120836861295129
40	140	0.49729804508697895
40	36	0.4772908531853874
40	30	0.471875241325887
40	137	0.4655861480349309
40	32	0.43985418771701534
40	164	0.431834899154536
40	49	0.4253452834276593
40	68	0.4243536850861247
40	2	0.4190589784710504
40	146	0.4162520654491478
40	86	0.3999420970409614
40	58	0.3878356780094887
40	54	0.3832809992119939
40	34	0.3816503947431382
40	39	0.3638098821528412
40	69	0.3600296792414581
40	31	0.34741419890904285
40	61	0.34428883047841424
40	59	0.3253956827478306
40	24	0.31425526783191715
40	138	0.31363327495771515
40	80	0.3074167158894057
40	20	0.3059128281809762
40	42	0.3001459531508351
40	163	0.298252155771295
40	50	0.297112924577473
40	114	0.2958086061074482
40	77	0.28903227204253484
40	139	0.2831653345442885
40	124	0.27584568124355896
40	1	0.2744222575884957
40	165	0.2723404177141882
40	159	0.2706453046156624
40	148	0.2581357192589771
40	52	0.2558101480692815
40	189	0.2541926430326966
40	161	0.2469574078863451
40	119	0.2434328652178304
40	180	0.23856315176192516
40	122	0.2260378413690622
40	94	0.220412851219784
40	27	0.21252088610170145
40	134	0.19987274473518615
40	147	0.19370138384898405
40	56	0.1931912172420001
40	156	0.1839712761499593
40	115	0.18345916434270046
40	151	0.1830436042097794
40	60	0.17695742338986195
40	84	0.1696050617931765
40	78	0.1665246037393667
40	46	0.16599953101371018
40	186	0.16093849834969248
40	118	0.14267000022472764
40	150	0.14252305029037232
40	17	0.14079837001434167
40	91	0.13998472918718874
40	82	0.13591370981022718
40	162	0.13580574017547833
40	67	0.1332429743643231
40	21	0.12869239914874686
40	128	0.126587264714531
40	125	0.12644950568101784
40	178	0.12212732795449342
40	153	0.12183179166071212
40	127	0.12146726715001704
40	55	0.11447597133726425
40	172	0.10912373063124124
40	192	0.10723608374957973
40	87	0.09045011785038284
128	124	0.7255376810228842
128	29	0.6676771298084803
128	123	0.6049070286184823
128	24	0.5850851207957607
128	125	0.5627509378752483
128	127	0.560450670844192
128	21	0.5089117026715092
128	116	0.4994626994489401
128	52	0.4624395397312884
128	104	0.4622822952557538
128	16	0.4557706743735244
128	20	0.4555805080336663
128	27	0.4520310680239397
128	144	0.4471801348264217
128	164	0.43913609661407055
128	118	0.42909751504383054
128	14	0.4169545408194759
128	4	0.4097160966822959
128	115	0.3964332723564987
128	33	0.3891432545733165
128	188	0.3884641892933091
128	39	0.3726095870482402
128	138	0.35351928968829066
128	153	0.325967798820469
128	122	0.32116001865095856
128	2	0.31168442794160056
128	72	0.2849120457343957
128	187	0.2819415172310766
128	134	0.2560157399526087
128	77	0.24402544073773105
128	148	0.2426895374739452
128	76	0.2413809653991475
128	15	0.24039189309122144
128	30	0.2391477795412398
128	46	0.23725182597174
128	140	0.22208669615051055
128	178	0.22182048990379502
128	75	0.2206792318619867
128	156	0.2169183354397462
128	49	0.21608911576038706
128	86	0.2108588605056834
128	84	0.20380570835158893
128	147	0.20325932089439086
128	17	0.19601025751643747
128	94	0.1922379848568128
128	62	0.1907255496711471
128	35	0.1906002754763528
128	119	0.18767867238550207
128	110	0.1857870165986483
128	82	0.1841258563296385
128	186	0.16939138231651418
128	34	0.16126967380722634
128	137	0.16114305218130964
128	69	0.14980406798395493
128	1	0.13526584366282846
128	31	0.13038353696434773
128	145	0.12992149862189262
128	159	0.12364407226240595
128	107	0.1186977887271705
128	184	0.11264983046329825
128	63	0.1031913655801372
128	80	0.10032139530077222
175	183	0.8130288844743
175	196	0.7961103915733028
175	195	0.7488053412006423
175	180	0.7390623777365208
175	172	0.6272442986880886
175	191	0.6305026343395802
175	190	0.6218770429351971
175	194	0.6088991464670346
175	81	0.5922080744579796
175	181	0.5790351711306593
175	174	0.5786960647012367
175	185	0.5037584192518466
175	150	0.4924427599850993
175	91	0.43783565153444537
175	192	0.4168801846274129
175	171	0.3893468917574187
175	92	0.3734015844554192
175	145	0.3666956245380889
175	82	0.3660116544294227
175	93	0.3614475630699159
175	141	0.35748550621737285
175	65	0.3573023296049415
175	173	0.35573985222722115
175	184	0.34999670562252105
175	169	0.3389714533059345
175	87	0.33681002991955433
175	159	0.33484039943825805
175	193	0.32512742127364597
175	179	0.3179725582992132
175	168	0.31548043478816
175	83	0.3012920087571397
175	61	0.30091918124131223
175	170	0.2996818268177265
175	160	0.2813246597813259
175	27	0.27472737844597306
175	167	0.2506534998507268
175	94	0.2431788486094499
175	139	0.2407593212028815
175	74	0.2322722860868719
175	66	0.218956691485081
175	122	0.20358525147784534
175	32	0.19571214961852906
175	59	0.18521731913890785
175	89	0.17980387135709566
175	63	0.17673461652933473
175	146	0.17451525061756173
175	163	0.1736328252953204
175	156	0.16633986668086287
175	52	0.15679576981424184
175	21	0.1351971237916514
175	178	0.13304651986974975
175	67	0.111731536208951
175	90	0.10610905597816747
175	75	0.09449225000749344
175	29	0.08759889735273424
175	41	0.08566651065078011
175	64	0.08542032543580948
183	81	0.703809732904643
183	196	0.741367980117948
183	195	0.723027506286591
183	194	0.6759452145775271
183	180	0.6640479512227108
183	191	0.6351250883486801
183	174	0.5695726123461581
183	190	0.5688628217246143
183	179	0.5207148221810609
183	185	0.5145583271493029
183	173	0.5115449125024399
183	172	0.4874651500483215
183	181	0.4784868672496629
183	171	0.47574499271347603
183	193	0.448531163098278
183	170	0.4456427592867783
183	141	0.4401525546139788
183	160	0.4213152096002623
183	87	0.3975115606523597
183	150	0.38112912423702827
183	167	0.3626466750041485
183	184	0.329983733392455
183	192	0.31644361442767843
183	82	0.3001004568477561
183	66	0.2987713634692196
183	92	0.2922640662915359
183	168	0.2678349526814134
183	89	0.2445990307509541
183	65	0.2320168366849675
183	93	0.2302372663553245
183	169	0.22400620096960586
183	63	0.20948246803473405
183	165	0.2024442974775362
183	60	0.20172492615813814
183	91	0.19605833604415054
183	83	0.19165045885346985
183	4	0.1776160505628566
183	139	0.17751920358916345
183	159	0.1689834045601478
183	145	0.1636258105354937
183	187	0.14787771126089433
183	74	0.13053098409953331
183	85	0.11943715589381684
183	94	0.11724824791968212
183	156	0.11578834143624946
183	29	0.11007219931040522
183	27	0.09451504459588728
183	61	0.09424546747369608
196	194	0.7153519372197307
196	195	0.7041275226263123
196	185	0.6525689306327456
196	190	0.6436730579407618
196	174	0.6089557751282278
196	81	0.6040757157306257
196	191	0.5856307262963548
196	93	0.5730349628482253
196	181	0.5416162702604277
196	180	0.5155501976729188
196	160	0.4656018124798411
196	65	0.4551207676925446
196	172	0.4397735313402248
196	150	0.4117112495089424
196	83	0.3773276681199561
196	92	0.3664878780223936
196	170	0.3356924919047406
196	169	0.3272273994966018
196	91	0.3244833802651
196	145	0.3239822513568817
196	61	0.3138586658227105
196	141	0.2984434633731542
196	74	0.29472235249604994
196	192	0.29024153763438953
196	184	0.2793436232707963
196	193	0.26371788321353584
196	171	0.2624240802796962
196	85	0.2598616200925231
196	167	0.2457644890963937
196	88	0.223331720743068
196	55	0.2140099336278488
196	90	0.21254953096525295
196	179	0.21218666904997255
196	87	0.21018988489468252
196	163	0.2055590401807455
196	59	0.20402614455833168
196	159	0.2002279372792408
196	82	0.1898003017315837
196	173	0.17675399175835305
196	64	0.17372011057885978
196	89	0.16860451621177516
196	168	0.15800504878560512
196	67	0.14910992756493913
196	32	0.14619489754334905
196	158	0.11602511718629124
196	75	0.11038831108067804
196	27	0.10914349242833724
196	139	0.10485318651161377
196	41	0.10430920200018223
196	178	0.09827477689817583
196	73	0.09656515819671647
196	78	0.08861494812413226
196	68	0.08766835977700535
195	174	0.7536756343982136
195	191	0.6715439609138795
195	181	0.6632981704716225
195	190	0.6530222783190589
195	81	0.5994895604022479
195	194	0.5818400426616959
195	180	0.5305354031006326
195	173	0.4811272261022117
195	185	0.4379407245457329
195	93	0.4373667185374872
195	87	0.3880990172209548
195	179	0.3822397361067513
195	170	0.3760061605574049
195	193	0.3721875405984634
195	83	0.368762436266036
195	192	0.3615431883900476
195	92	0.34561034481515224
195	160	0.327245257824305
195	184	0.29744111006797874
195	168	0.2731919683563413
195	89	0.2623402762764375
195	171	0.25207745892617234
195	66	0.24267071534682105
195	159	0.23500452771782135
195	145	0.2339082928386691
195	167	0.2176900862843259
195	78	0.21671820757478585
195	172	0.1961833358042573
195	156	0.18299527901559087
195	82	0.1746509835202526
195	91	0.16525065344056092
195	150	0.16449185585604442
195	60	0.14319896786705202
195	85	0.13887669755589838
195	141	0.13556034264875874
195	61	0.13497132077453658
195	65	0.1252980435409622
195	178	0.10908420677828616
195	122	0.10315179135512678
195	29	0.09935116331775802
195	74	0.09503631982539706
195	187	0.09369635960316784
195	88	0.0925999560145497
195	94	0.09088055027544452
195	75	0.09080616921418096
195	163	0.08839468707386601
195	50	0.08770011374419054
195	59	0.08496564953699394
180	171	0.5845258186858081
180	172	0.6233894909747203
180	91	0.5429011086278882
180	194	0.518203067992058
180	167	0.4993350973236278
180	82	0.4955799562150573
180	159	0.4851364429515694
180	146	0.4731801263612382
180	92	0.4729006825670143
180	81	0.4597072268882759
180	63	0.4506295789539732
180	173	0.4457629616304454
180	179	0.4384174439871045
180	192	0.4185807163289672
180	174	0.4133211197172914
180	94	0.4065240349485817
180	185	0.4037908173892
180	27	0.4034224926641184
180	87	0.38785266954742537
180	184	0.3860926484845859
180	150	0.3856671001361108
180	191	0.378836082771615
180	60	0.3743220275952727
180	193	0.34376866040769904
180	65	0.3423746238797008
180	187	0.338272038457382
180	86	0.3266290105004839
180	189	0.31496707343484165
180	190	0.3022645635956106
180	181	0.2977327715088838
180	145	0.2918890428707656
180	141	0.2840573121362284
180	66	0.27796932123427953
180	168	0.26608893842472675
180	50	0.2538090947800855
180	89	0.25275158546595256
180	170	0.2479524997846268
180	59	0.24766153636603044
180	61	0.23865745827406706
180	169	0.23545796751253986
180	74	0.2147540850610925
180	165	0.2134087068047938
180	156	0.21100218675250906
180	58	0.20531001305195476
180	67	0.2042273943325188
180	69	0.1912843895726825
180	29	0.17735455584346566
180	31	0.17108095603843812
180	52	0.16951764938803845
180	76	0.16951764938803845
180	107	0.16470589544134068
180	80	0.16346035741377782
180	93	0.15673724435852535
180	21	0.15210051835705207
180	4	0.1502439397352506
180	125	0.14990182239334984
180	160	0.14934458305804288
180	90	0.14663525071717054
180	84	0.1460187400403047
180	162	0.13897476751989582
180	24	0.1299313298131614
180	14	0.1293905764069992
180	75	0.12230463933959465
180	178	0.11821466435727118
180	163	0.11275843321883774
180	127	0.10874824011450596
180	68	0.10026199880626044
180	122	0.09496100570612477
180	57	0.0866630564977963
180	139	0.08547293847607053
172	150	0.7104886828971091
172	94	0.4979977273197445
172	146	0.571400627130335
172	169	0.4751567934603082
172	65	0.43575598514266506
172	91	0.4355048150379213
172	189	0.4172519097783885
172	61	0.4117942954742725
172	171	0.4044350707426711
172	82	0.3905001166373818
172	185	0.38558197076444745
172	191	0.3649459515668142
172	190	0.34700085886141746
172	192	0.3439450129020798
172	141	0.32119589243978713
172	167	0.3141741536115872
172	68	0.2972040942594049
172	69	0.2870790119574933
172	81	0.2830825488693309
172	194	0.27655694008408466
172	86	0.2708862429469013
172	181	0.2701447859099642
172	159	0.26649773707436725
172	42	0.2615672307382032
172	174	0.2415787197702749
172	168	0.23966625587985155
172	63	0.23911006684692204
172	27	0.2270244722468385
172	184	0.22365473800347424
172	139	0.2228375994739639
172	179	0.22112629677784865
172	145	0.2182044357254132
172	32	0.2118428511472464
172	67	0.20712921203052415
172	163	0.201437116633016
172	59	0.2013987394002908
172	87	0.18475374457928087
172	74	0.1831885744841536
172	64	0.18309192851941428
172	162	0.17972645659827535
172	165	0.17816801256880352
172	89	0.17521323478221282
172	57	0.16774940574301975
172	125	0.15548843970238688
172	21	0.1480244278327542
172	137	0.14697770746364258
172	187	0.1463514742078086
172	92	0.14399226586303726
172	170	0.1392199305004194
172	83	0.1382489853616196
172	52	0.13223112215620794
172	66	0.13138606342542114
172	41	0.12847603660790202
172	84	0.1266364631863156
172	72	0.12610508676914164
172	76	0.12594762799233433
172	173	0.11234375367959262
172	75	0.11098096040909114
172	58	0.08704515219332477
81	92	0.6436789147530078
81	194	0.6411888614167034
81	181	0.5478051489077534
81	191	0.5142641747303757
81	193	0.4871067504303499
81	185	0.4708407387918978
81	170	0.4574565768508505
81	174	0.4519992407319379
81	65	0.4401041773927152
81	184	0.4097993065447884
81	66	0.3934707915688175
81	160	0.39272677509413145
81	190	0.3890074753160747
81	171	0.37754205384979056
81	60	0.36643593568216587
81	91	0.3519870511239631
81	93	0.3413236884534294
81	63	0.3097239144016309
81	87	0.30520565405774264
81	169	0.2962465425809387
81	167	0.2868954842943737
81	173	0.2826317528827384
81	88	0.2810483795415413
81	78	0.2663862560350329
81	90	0.2542674723988692
81	107	0.25198381087035804
81	150	0.2373273214643493
81	64	0.23613793499311875
81	179	0.23315192193445355
81	83	0.2296405756798516
81	85	0.22202014769109485
81	73	0.2207267963709533
81	82	0.21717561590275736
81	141	0.2170803303585196
81	187	0.208956543090562
81	74	0.19956550881159332
81	159	0.17290534196399895
81	61	0.16764249915570814
81	4	0.1449028612515835
81	192	0.12043262758350275
81	168	0.12015667941040865
81	89	0.10817506321047228
29	124	0.5117294693469395
29	21	0.4916318078556477
29	125	0.452889969726349
29	187	0.4214467996876601
29	116	0.368537771021536
29	24	0.3512509053442209
29	52	0.3365085653475582
29	4	0.3325921584218533
29	14	0.3203974828669398
29	27	0.31950882928367264
29	156	0.3150661575332286
29	80	0.3110251955071023
29	75	0.30947075254625084
29	123	0.2933703184129998
29	104	0.2816377210130072
29	76	0.27655694008408466
29	16	0.2644341863335912
29	82	0.2471545901854892
29	167	0.2462905925316784
29	181	0.24100423495319914
29	144	0.2388649167540613
29	164	0.2279158340606752
29	192	0.2245095464112723
29	179	0.2136568517787684
29	94	0.2105912939239512
29	184	0.2105339541210888
29	118	0.20843049724750368
29	31	0.2029333452588928
29	173	0.19880685221200656
29	20	0.19156376304918174
29	127	0.1904942693854047
29	87	0.1904846322477136
29	63	0.18933755120280968
29	107	0.18802596852340614
29	122	0.18566150075387727
29	77	0.16380098616115887
29	147	0.1624771819120994
29	178	0.13262410732143434
29	110	0.12131947760293495
29	188	0.12044248253145598
29	15	0.11625201490695013
29	153	0.11489044739075685
29	159	0.11253135166038927
29	72	0.097700345820808
29	186	0.0917264393349485
29	33	0.08499543288622012
125	21	0.7770178203390928
125	52	0.7474668551313088
125	122	0.6085970221097442
125	156	0.6065024936355911
125	16	0.5852823887847001
125	24	0.5548835496458249
125	115	0.5415597356656807
125	124	0.5262611100927737
125	27	0.4831152023750676
125	118	0.48255538726031805
125	127	0.4565546707295277
125	14	0.4527786779761226
125	144	0.42139745548426
125	77	0.4170536737282369
125	15	0.41340403285523947
125	20	0.4116115853238335
125	76	0.4027943650119655
125	116	0.3978483009148004
125	148	0.3852243557233069
125	188	0.3510492658134371
125	46	0.3451611834046573
125	187	0.3312752251057715
125	69	0.3109348663651635
125	104	0.3076792860129056
125	147	0.30101012326902515
125	123	0.2755592449193022
125	164	0.27373784633417964
125	39	0.26075656961794924
125	138	0.2592554110231297
125	75	0.2481026569555061
125	186	0.24605574284024606
125	153	0.2459336095799434
125	178	0.2368459886183609
125	17	0.2187472286457406
125	192	0.2170326860349185
125	189	0.20902348571270268
125	84	0.2072057785607895
125	82	0.20237716538486086
125	94	0.19288314151776226
125	72	0.18783303202353208
125	87	0.18695498811916744
125	86	0.1821929517733689
125	150	0.17758699683189555
125	80	0.16874053315265247
125	159	0.1602078361931272
125	114	0.14999957387207585
125	146	0.14962810266757898
125	59	0.1347258668116967
125	168	0.12155593829369092
125	35	0.12103373589833258
125	83	0.11940758374489155
125	119	0.11623228515169967
125	4	0.11464374026354895
125	134	0.1026076126974792
125	33	0.09816088627368576
125	191	0.09489262747208768
125	30	0.0911235213384213
125	49	0.08946019368073019
125	161	0.08881932675291453
125	179	0.0875502731488353
124	20	0.613858720604587
124	144	0.5746245663501502
124	24	0.5079922719256897
124	21	0.4857861211268921
124	16	0.4813961616112679
124	52	0.459107628875853
124	115	0.4580336194894408
124	122	0.44488110465679137
124	118	0.4403944023903484
124	123	0.40117623867072905
124	27	0.4001856822148571
124	127	0.3687710763768302
124	148	0.3675954367498899
124	14	0.3591328570005347
124	17	0.3566304469026324
124	116	0.3543590275886646
124	138	0.3506722002206013
124	104	0.2964289793664545
124	145	0.2955257060211321
124	30	0.2934982638970853
124	156	0.260476945948805
124	46	0.2567538107157648
124	164	0.25123445664286564
124	178	0.2501567323072867
124	39	0.2453698164583847
124	153	0.23362468687267865
124	35	0.2323101277186739
124	159	0.2317897436788728
124	4	0.22111678572520874
124	69	0.20033352491828407
124	77	0.19080263839593567
124	15	0.1891061443818834
124	49	0.1886818440035201
124	41	0.18683917978171968
124	188	0.18454124541365552
124	54	0.18451226691737013
124	62	0.1771317813269266
124	1	0.1755330853831008
124	2	0.1741758893535627
124	94	0.17390437054621108
124	86	0.163265694910142
124	84	0.16321702729725168
124	91	0.16018834946170682
124	119	0.1521298241862898
124	137	0.14873835536167396
124	140	0.1435809491966307
124	59	0.1435809491966307
124	163	0.13399922628414862
124	82	0.1334492403148127
124	110	0.13128778836431768
124	31	0.13037370695019845
124	151	0.12727598653873992
124	33	0.12340773433930098
124	187	0.11925971982324785
124	72	0.09643240600692357
124	68	0.09386089972717064
124	76	0.09194061772035096
124	114	0.08920326054298527
124	147	0.08898103852402489
54	55	0.7984422116290816
54	158	0.629000137191102
54	161	0.5569357112526361
54	159	0.5283763766997118
54	58	0.5241320573629252
54	30	0.4935781706386149
54	1	0.4721394923971536
54	91	0.44413486097497096
54	35	0.4411598320555147
54	68	0.4394024206413348
54	163	0.4373424569085521
54	73	0.43385838054947895
54	41	0.42655676036204093
54	2	0.4000764958505781
54	137	0.39963963683121695
54	20	0.3930227523867166
54	85	0.3653272886676071
54	56	0.35446395468788505
54	88	0.3483547035439283
54	36	0.34748454122381106
54	93	0.3447999781679828
54	86	0.32731668879741543
54	31	0.3254582695576203
54	140	0.3236868580706186
54	42	0.31805345639458626
54	78	0.3180444679460097
54	69	0.3150751648380131
54	62	0.3138676807217951
54	59	0.30277331366205673
54	162	0.3001550522475923
54	34	0.29980924818324706
54	134	0.2986893950548441
54	74	0.2947588776148372
54	92	0.2864824700593974
54	90	0.2837631057415028
54	151	0.2827605644859387
54	84	0.25480989421475403
54	65	0.2543890636258365
54	39	0.2457456970077096
54	144	0.2375726620131035
54	160	0.23718576506475786
54	32	0.2348439099143319
54	145	0.2304740004244366
54	148	0.21950881492732596
54	184	0.20778951482358726
54	138	0.1952023975110975
54	61	0.1887011319139668
54	114	0.17588197105021391
54	178	0.17393346311251975
54	127	0.15965241546705353
54	17	0.1575662521337338
54	118	0.15291121413469536
54	189	0.1506055675164387
54	63	0.14966720689075014
54	24	0.14250345649092086
54	115	0.1383863069134098
54	186	0.13453931073974093
54	49	0.1283678507495345
54	164	0.1220780734079798
54	33	0.12029465582061202
54	77	0.11528514930475366
54	27	0.11365677062983008
54	110	0.11338037884241248
54	50	0.10197430932182523
54	139	0.10030159654869718
54	57	0.0920169662927525
54	119	0.08484850022407386
55	158	0.7100575874615584
55	85	0.6083199196719318
55	73	0.6054203878374347
55	93	0.5443523158550384
55	78	0.4926926944024423
55	88	0.4877471789272997
55	163	0.4791728097405736
55	160	0.4768505831934345
55	65	0.4220305165680657
55	90	0.39742735884960656
55	161	0.3892196229759357
55	92	0.3888971422231053
55	91	0.3824617261637364
55	1	0.34656098737820745
55	56	0.33746591998894243
55	34	0.33636667579156915
55	74	0.32286300429358644
55	162	0.31060059970612336
55	68	0.29421091044724057
55	58	0.2900400576055449
55	41	0.28948127398573603
55	30	0.27459793998692383
55	36	0.27191448226392473
55	190	0.2510377012030543
55	184	0.23758209758298954
55	159	0.229545846984212
55	185	0.21986095818645573
55	35	0.21410535156032304
55	59	0.2119479121853213
55	2	0.21153719120302614
55	31	0.2020990264588076
55	33	0.1891832823240307
55	83	0.1652117454945376
55	137	0.1647642671825009
55	134	0.1590481588465749
55	42	0.1459306578155134
55	110	0.1455195768620671
55	145	0.14369847331248306
55	62	0.14350259753593114
55	61	0.14220953610487072
55	20	0.1409943996553974
55	193	0.13443130023256886
55	181	0.12457943864735775
55	186	0.12439238302892615
55	57	0.12305320121265215
55	32	0.12192045481960218
55	174	0.1217332747593374
55	151	0.11652822184036885
55	17	0.11439701899422212
55	140	0.10057877184226316
55	69	0.10044018614424784
55	148	0.0986273263253396
55	138	0.09561798558307268
55	127	0.0857955551752938
158	73	0.4103649527119284
158	161	0.4101819840631888
158	163	0.3622818547558174
158	65	0.3517241918401773
158	58	0.336473094390708
158	93	0.3362957252857363
158	56	0.331889361769417
158	78	0.309235634391516
158	85	0.2852703477024727
158	160	0.2795095690101698
158	68	0.27542062912543136
158	90	0.27037652570297355
158	162	0.2628523500078369
158	88	0.2505878966021651
158	1	0.2469292373164849
158	61	0.2287215239982649
158	92	0.20528127744101585
158	42	0.18596079775844396
158	169	0.18360411176307626
158	30	0.1768896145251015
158	32	0.15623973358016285
158	41	0.15323348185413746
158	74	0.14711468030176536
158	134	0.1468994347391812
158	91	0.14560766987284354
158	83	0.1394062429539609
158	114	0.12808261884777544
158	159	0.12740387852895674
158	34	0.12250164283311887
158	35	0.11762300728686632
158	36	0.11571927936240235
158	148	0.10996353074288752
158	185	0.10860001162463878
158	57	0.10714711785317728
158	181	0.08676726694817477
85	160	0.7839740061214289
85	88	0.5958642881714417
85	73	0.5914088665014594
85	93	0.5223382833813993
85	56	0.4327130893507288
85	74	0.4140008050383834
85	90	0.39526107866499227
85	36	0.34760763086406765
85	193	0.3451083304847059
85	163	0.3294846192008831
85	141	0.29641073666109985
85	162	0.2835240236978445
85	1	0.2691711372059754
85	110	0.2548846984431507
85	92	0.24875007312046046
85	65	0.2363267738473289
85	185	0.2349950799668995
85	190	0.2325655403332653
85	34	0.2091764900635439
85	114	0.19094717341117948
85	17	0.17979419463401836
85	57	0.1689834045601478
85	194	0.16809925424990407
85	137	0.16404426850285178
85	33	0.15278425125070727
85	184	0.15117236236121492
85	78	0.1511039613533226
85	91	0.14883614159705602
85	171	0.14584257327699027
85	139	0.1405827246578872
85	123	0.12880057582624788
85	66	0.11098096040909114
85	138	0.10893598925879447
85	140	0.10605961867250943
85	83	0.09713674585872577
85	174	0.09591721580786627
73	88	0.5195184776472243
73	90	0.4999353889666816
73	184	0.4762245245635915
73	160	0.4504223521037115
73	193	0.4374799310540856
73	163	0.426139464459626
73	74	0.4001352899197561
73	162	0.3971410226612673
73	93	0.3793412948925811
73	56	0.3788018229235829
73	92	0.35029502089590075
73	65	0.3391219113544714
73	91	0.3383163163098471
73	185	0.3267719331883528
73	141	0.3106457753678794
73	34	0.27990592734014186
73	140	0.2701633262456831
73	1	0.2548285955578021
73	78	0.22476592163936104
73	33	0.222647522324379
73	110	0.222647522324379
73	123	0.2040932297333866
73	161	0.20347022230276265
73	57	0.1929794192697776
73	58	0.189559296339515
73	137	0.17301205134569936
73	138	0.16529928764975552
73	36	0.16441401943758535
73	134	0.1643361809715156
73	127	0.16382044948213273
73	75	0.16183453632221406
73	63	0.15863875597551286
73	186	0.1510648744133813
73	64	0.14910992756493913
73	190	0.1405827246578872
73	116	0.13140571812781826
73	194	0.1304818356956953
73	17	0.13027540539927876
73	107	0.1240970140547787
73	171	0.1208169529458085
73	4	0.10204358091405416
73	181	0.10030159654869718
73	159	0.09686730521531847
73	66	0.09673357020936738
73	150	0.08895127597334124
194	185	0.6723885909597956
194	193	0.5918898302324098
194	191	0.5059490771845341
194	190	0.4382316335206887
194	92	0.4123754256858308
194	90	0.4108471662366484
194	170	0.4081171460020603
194	171	0.3999252959801943
194	93	0.3982690755422302
194	173	0.3928790021538542
194	181	0.3897455710015391
194	167	0.38673916732657626
194	184	0.3857692467148161
194	160	0.3855564306727065
194	65	0.38507957386992864
194	141	0.3808213754125516
194	88	0.3723598230588139
194	91	0.3464113963344924
194	169	0.3384048675207319
194	179	0.30409888610015223
194	63	0.2859499835205105
194	74	0.2801271091187149
194	64	0.2798598440616391
194	87	0.27530048617241115
194	174	0.2737933494780034
194	83	0.2611386512127971
194	159	0.2570993865385213
194	82	0.2240631894769064
194	66	0.21211981967994006
194	192	0.20737804397169868
194	150	0.1877655008230754
194	168	0.17498059292645016
194	4	0.1706538021368771
194	89	0.1643848302527144
194	107	0.14677223763853456
194	75	0.09948284877999296
24	127	0.7329628348738378
24	39	0.7230370507730742
24	138	0.605901600606442
24	27	0.5958513891027197
24	164	0.5699913283935514
24	115	0.5241248044690463
24	20	0.5096079177593162
24	49	0.5050482673569707
24	16	0.5041985625809592
24	52	0.4810042539820551
24	14	0.480904325196021
24	104	0.4688614711152626
24	34	0.4650690577193739
24	76	0.4580257174012127
24	33	0.4571639559477923
24	119	0.4320545235693631
24	84	0.43117571864431137
24	118	0.42998640304601693
24	144	0.4213645579623797
24	21	0.4142907741766327
24	17	0.4087253761751813
24	123	0.4047695895178017
24	86	0.3953117035851095
24	187	0.3919991710439541
24	148	0.3837074652861052
24	69	0.3761692865813003
24	77	0.3736253112567417
24	62	0.3705064435991905
24	35	0.3692289110341973
24	137	0.3625250805970547
24	188	0.35848812831885485
24	30	0.35248633081412856
24	116	0.3419684813202261
24	2	0.3357368566876013
24	46	0.33505347396879337
24	156	0.3281289526783203
24	58	0.3261912168575761
24	122	0.3240449024209875
24	80	0.3210703301465793
24	189	0.3158765874940037
24	147	0.30895525179221645
24	140	0.2986256387967463
24	146	0.2984161351835097
24	94	0.2941743724196577
24	1	0.2805233187541763
24	165	0.2791315572072645
24	4	0.2610361495422916
24	50	0.25849969531865963
24	31	0.23646839127446276
24	63	0.2254684200743751
24	82	0.22031770730550526
24	67	0.2100082718036186
24	60	0.2076459868234924
24	153	0.20698564294756971
24	145	0.18493725268558292
24	134	0.18387465891584664
24	167	0.1764439716653554
24	15	0.17590135229268036
24	151	0.17483518184210814
24	59	0.1472809968767123
24	161	0.1358155557301573
24	42	0.12312214067239105
24	72	0.11829354563455947
24	192	0.11495952284807323
24	107	0.11413054417308542
24	68	0.11232400605760462
24	186	0.10924230011939227
24	57	0.09800242547582863
24	75	0.09022893780567616
24	91	0.08695186365499084
127	138	0.7438706851002953
127	39	0.6548824001796463
127	123	0.5807276999661226
127	33	0.5600115405640453
127	34	0.5316984246455849
127	27	0.4974485690447885
127	115	0.4535971372012091
127	140	0.4380134603916382
127	137	0.426139464459626
127	49	0.4174418487410592
127	188	0.41704541303145337
127	17	0.4127820172848442
127	20	0.4059980152275129
127	104	0.4051875856766027
127	119	0.4030456616480202
127	86	0.3897710136557432
127	134	0.3870112721438053
127	116	0.3834686644333348
127	84	0.36485926695834003
127	16	0.35228489120768225
127	76	0.3495315431570424
127	14	0.3491715822348178
127	164	0.33576347484238434
127	94	0.33013521371843674
127	52	0.32452811506607426
127	144	0.3202449258319928
127	4	0.31286668173405113
127	63	0.309380326962813
127	58	0.3047975157516096
127	2	0.3032274090405013
127	118	0.2940556178918171
127	189	0.28258574626801714
127	21	0.27393209935891083
127	30	0.2717107363257344
127	35	0.2620795274076272
127	187	0.25706203015815143
127	46	0.2506441280990063
127	167	0.24648784392498105
127	75	0.2437997191422045
127	148	0.2394306017437268
127	62	0.2313260170251007
127	69	0.2289394804154429
127	74	0.2257816208766434
127	184	0.22521213020086106
127	1	0.22135454941863705
127	67	0.22055555922676445
127	186	0.2166800859155997
127	141	0.2103045804266657
127	91	0.20608574059476914
127	185	0.19994954757783168
127	146	0.1919105283171312
127	122	0.18140005279616206
127	161	0.18073267449459468
127	50	0.1771802121145568
127	77	0.15933080986978362
127	145	0.14809289333703618
127	165	0.1383568813143539
127	147	0.13188722602881392
127	90	0.13170052625830478
127	156	0.1294594038490048
127	82	0.1257114279303476
127	150	0.12199926488296507
127	57	0.11717920965378655
127	162	0.10879764853682444
127	59	0.10361676784093693
127	107	0.10010360466161068
127	65	0.08726943540733545
39	49	0.6215334927210112
39	138	0.6145997601220972
39	2	0.5865957387231456
39	34	0.5697752538261474
39	30	0.5471468951948437
39	27	0.5287871194405654
39	137	0.5279653864738408
39	164	0.5266297662304652
39	35	0.5056737399070617
39	140	0.5056662969287371
39	119	0.4985765439163117
39	62	0.4957006507249422
39	14	0.435196836573516
39	33	0.4168967087078728
39	145	0.4158055286440177
39	36	0.412599486290411
39	144	0.3993623051734633
39	134	0.390635709709792
39	146	0.38758927109124175
39	58	0.3802740580407615
39	41	0.3772075944414217
39	115	0.3719290688158374
39	84	0.3634627747110475
39	17	0.35848812831885485
39	104	0.32912799626491
39	52	0.32104342247211665
39	46	0.3084124232400827
39	50	0.29898081827697875
39	123	0.29646546412823715
39	86	0.2960823309887496
39	165	0.2880880371185619
39	20	0.28186787485173725
39	189	0.27596578512678266
39	151	0.2738488507982901
39	76	0.27346030327284865
39	1	0.2678256700121702
39	32	0.2656614556592482
39	42	0.2615765465396738
39	188	0.2608684068393057
39	16	0.2525549905404405
39	118	0.2502879667356441
39	114	0.2459993746138452
39	59	0.2223718803910852
39	63	0.21738522952973108
39	139	0.2064304253277282
39	116	0.19909497776961632
39	187	0.19850908636118944
39	82	0.1969524246132608
39	148	0.19120731557081824
39	161	0.1832079032522584
39	67	0.18060691789957264
39	167	0.1705955489036899
39	141	0.16715651046378932
39	75	0.15912613414891572
39	122	0.15224704482778764
39	31	0.15050783424854375
39	159	0.14939346750274635
39	69	0.14245447150369075
39	77	0.1384059238437141
39	156	0.13513822000964165
39	178	0.13393048254493348
39	153	0.13142537272690594
39	173	0.1311403709348131
39	21	0.12793507678783364
39	147	0.12329940811080395
39	94	0.11842172452549975
39	72	0.11561075098604705
39	186	0.10970666731912147
39	68	0.10798728270364708
39	80	0.08647051029716342
27	82	0.4294238091506653
27	145	0.4165909686211921
27	63	0.3771303975221337
27	52	0.3517504802655673
27	138	0.34124417117836936
27	91	0.33211180567097776
27	14	0.31539938999868083
27	21	0.3141921793903441
27	84	0.3137865445929635
27	144	0.3071993810675428
27	16	0.3066468441857273
27	146	0.305196585534978
27	75	0.2837631057415028
27	20	0.2737100940785382
27	159	0.2734232940895453
27	115	0.2698017535742922
27	122	0.2568752367346125
27	167	0.2479712700826984
27	156	0.2441288876347796
27	192	0.2333032187181485
27	137	0.2321966007138549
27	86	0.23178028092179215
27	49	0.22336022424036267
27	30	0.21817586393366006
27	189	0.2177377163171736
27	118	0.2126259154820015
27	178	0.20792346621844893
27	41	0.2016961467723562
27	76	0.20095735680825674
27	69	0.19857632701671216
27	74	0.19635640186868167
27	187	0.19435578379880825
27	33	0.19333561462950816
27	15	0.1911013349683044
27	2	0.19046535786218904
27	123	0.18647241913383336
27	116	0.17925224265772924
27	32	0.17780973418772653
27	119	0.17469945794860464
27	34	0.16601897983225178
27	94	0.15130916003347747
27	186	0.14651782887916284
27	141	0.14566639726409206
27	59	0.14314999281365387
27	68	0.13831764680230452
27	185	0.13638481222246687
27	46	0.12282667748629413
27	140	0.1226198402967259
27	184	0.12224553641144005
27	17	0.12130962477513835
27	104	0.12059030390101165
27	168	0.11941744115141015
27	31	0.1124622375474343
27	35	0.11022037947935716
27	139	0.10858024746096412
27	114	0.09993530532356223
27	67	0.09754583254286678
137	140	0.7953033211999879
137	138	0.6761298254856236
137	2	0.632492637883808
137	34	0.6289699182993723
137	62	0.609314279183371
137	119	0.5931746623340214
137	49	0.5791880359719528
137	134	0.5536365178258235
137	42	0.5414749245881313
137	30	0.5136975905683071
137	36	0.46090516618328
137	35	0.4519833266543496
137	41	0.4519674122890426
137	33	0.4434362037159612
137	146	0.4350752380795204
137	144	0.41844874106189817
137	86	0.4107224778625045
137	165	0.4073250707684511
137	84	0.39781463170983056
137	164	0.3770789299978015
137	189	0.3761950411906848
137	145	0.3683303495005595
137	141	0.3645558210200987
137	58	0.36192561359963593
137	32	0.3579825612245855
137	20	0.3519344837068926
137	1	0.3197602227370658
137	150	0.3149400493072189
137	123	0.3141921793903441
137	114	0.3007736626128408
137	67	0.3001914480883815
137	68	0.28677618001788224
137	17	0.274930761621065
137	104	0.24424173245874284
137	46	0.24346108722492096
137	69	0.23199791323340901
137	74	0.2258100913635817
137	139	0.21750908270499048
137	50	0.18330454496780224
137	188	0.17495151132003442
137	63	0.1742243720692747
137	161	0.17007121618659318
137	82	0.16721483340083645
137	153	0.16654404906572862
137	56	0.15928207879695486
137	163	0.1554591648654851
137	162	0.14788749256825476
137	61	0.14340465543031294
137	91	0.1384451573784968
137	159	0.12959705499005836
137	59	0.11803717602971435
137	94	0.108125648035454
137	57	0.09336230759352633
140	134	0.7032390226571925
140	138	0.6795728944847996
140	2	0.6879324537406944
140	34	0.5906736092734074
140	144	0.5313109731752598
140	30	0.5309017553587091
140	62	0.5205325844428944
140	35	0.5143377241836047
140	36	0.4961153920856421
140	114	0.4810503707455171
140	49	0.4728929188808556
140	164	0.44055559874427336
140	119	0.4040167700530184
140	33	0.3985551065920976
140	1	0.3816333077531916
140	141	0.3782792316345373
140	42	0.3432482792887641
140	123	0.3419684813202261
140	139	0.3323786895969406
140	110	0.31591259591827464
140	86	0.3123433604545662
140	32	0.306184728421954
140	20	0.289701146847819
140	104	0.2784121739796168
140	58	0.2745794479659417
140	41	0.25966579030172143
140	17	0.2365816779832633
140	50	0.23347341409849146
140	147	0.2319884514417756
140	148	0.2257721306286197
140	189	0.2206316663033585
140	46	0.2034222918217495
140	188	0.20309633870402066
140	153	0.20045830431014994
140	146	0.19690436365289274
140	56	0.19517354046139698
140	165	0.19411521565754167
140	84	0.19293128085814465
140	161	0.1882092447583499
140	145	0.18715764020476425
140	150	0.170925634779125
140	52	0.16033449690284765
140	186	0.1597108855732639
140	94	0.14518676023030266
140	162	0.13786641873909314
140	115	0.1315531251017813
140	69	0.1274629041727843
140	163	0.11292626854107228
140	77	0.11089206803107024
140	74	0.1081157649363258
140	68	0.10501142478506202
140	67	0.09675833621487948
134	2	0.6925086086811963
134	104	0.4899541488540997
134	30	0.4608185294841298
134	114	0.4559766409657839
134	33	0.4459712742819847
134	34	0.4371806964466883
134	62	0.42899144533564
134	164	0.4243700834259476
134	138	0.4105894599949024
134	35	0.4000512973842221
134	110	0.39100850325669867
134	36	0.3635582393231547
134	42	0.3092175468132035
134	141	0.3071088154316468
134	49	0.299062771013878
134	123	0.2945123163531779
134	139	0.2859958944944064
134	1	0.28225446027375445
134	119	0.2589102468753952
134	32	0.2582850516420901
134	165	0.2402976696527069
134	188	0.2342863722083613
134	147	0.2312124352798547
134	86	0.2204413935762929
134	4	0.2162035094528161
134	58	0.2112410436669964
134	186	0.2109353022993217
134	144	0.20474481445224785
134	189	0.20283746150767315
134	31	0.18806455408258851
134	77	0.1853911383600956
134	56	0.18508211839772185
134	161	0.18447362842328535
134	63	0.18297594869028916
134	148	0.17593042390068736
134	50	0.16995468471514366
134	20	0.15701035372773792
134	67	0.15285261650751608
134	146	0.1526377493484431
134	150	0.15096715499713806
134	94	0.12977402768842256
134	41	0.12249179288757785
134	46	0.11943715589381684
134	116	0.115551552526224
134	76	0.11363702894218737
134	162	0.10471472366666153
134	118	0.10219201670704203
134	169	0.0939372208155509
134	167	0.08608440594025514
138	34	0.6488847754377725
138	123	0.5766905937750973
138	33	0.5575286745455953
138	49	0.557073660407741
138	119	0.5345115083800458
138	17	0.5129684663650691
138	144	0.508889472065747
138	20	0.4635001789942069
138	188	0.4098658695247178
138	46	0.401495031954014
138	115	0.3790673095848353
138	2	0.3787418656913208
138	104	0.37779926330913055
138	62	0.37026485554965344
138	164	0.36739649900699584
138	189	0.3567089977063864
138	148	0.35480490610603604
138	84	0.3506722002206013
138	52	0.3334812448784638
138	86	0.3180894096171202
138	35	0.31728923427562883
138	30	0.3139938833664999
138	94	0.3056408780287564
138	116	0.3001368539994566
138	1	0.2899484672728652
138	69	0.2681134096303452
138	58	0.2591434731453843
138	122	0.25486599767201235
138	42	0.24485286023626765
138	76	0.23923263046529744
138	186	0.22904371232868825
138	21	0.2262181259340885
138	161	0.222989648996172
138	141	0.21586984460273664
138	16	0.2010341248651841
138	50	0.19923902764506896
138	146	0.18363310028929947
138	145	0.1801522101987096
138	36	0.17656023330614104
138	118	0.1761436063129963
138	153	0.1724396535536514
138	14	0.16321702729725168
138	150	0.16128915358623994
138	77	0.15973037535966725
138	147	0.1584340340719168
138	114	0.1423662967683298
138	74	0.1404258832917513
138	67	0.14016119750837325
138	187	0.13934740850795266
138	57	0.13536401264976392
138	41	0.13418580993090867
138	165	0.1255539533023717
138	162	0.12045233745567015
138	151	0.11207715330145898
138	139	0.10976594479569103
138	59	0.10673192100503266
138	156	0.10644521573275348
138	163	0.09770925990475143
138	110	0.0883917105139388
138	91	0.08656876921792303
138	82	0.08582136373490776
30	35	0.7918229744562394
30	62	0.6946415008203536
30	2	0.6587035138290381
30	41	0.6146495390452503
30	68	0.4939865072823689
30	42	0.4705215705065706
30	49	0.4659306984258782
30	164	0.4592338948292468
30	36	0.45818374541136697
30	31	0.4233856905634471
30	1	0.42120005371946295
30	77	0.41554909281139857
30	161	0.4120932043142932
30	20	0.407992122290079
30	34	0.3921345764141759
30	145	0.3826666008809104
30	148	0.3786048086511445
30	58	0.37189460155236986
30	144	0.346076952650745
30	114	0.3443064596610456
30	32	0.34314241325442024
30	86	0.3268880468686272
30	151	0.321608374737781
30	46	0.2930321261918541
30	146	0.28788628317254805
30	118	0.2870147796719539
30	61	0.2785505411993182
30	59	0.2759842618825099
30	115	0.26070996870984336
30	178	0.2488907863792085
30	14	0.2465911579350508
30	119	0.2429059788000104
30	33	0.23653447596946384
30	67	0.2357602037843345
30	84	0.2341446007427867
30	17	0.2152500475863348
30	104	0.20552073004652616
30	69	0.2046490045348133
30	147	0.2025210175393629
30	188	0.2022716682536409
30	165	0.19796148579809247
30	159	0.19732726760157565
30	16	0.17262399777918244
30	52	0.1667579391029516
30	56	0.15696158595748522
30	139	0.15686404812078766
30	189	0.14687986627057045
30	63	0.13616889792725664
30	72	0.13363585192801258
30	163	0.13338048628164467
30	110	0.12292516763697378
30	50	0.11054635859519796
30	123	0.1081157649363258
30	80	0.10088562627719347
30	76	0.1001729027246918
30	186	0.09318189093661657
35	62	0.7403710228281348
35	1	0.5291112151807865
35	2	0.5935957933849145
35	49	0.5647497387611191
35	41	0.537753654404433
35	58	0.5113012251796499
35	36	0.510000170656325
35	164	0.4578123336584888
35	151	0.4487867487399875
35	77	0.4328918793916973
35	86	0.4300434591471132
35	161	0.4293340894418367
35	31	0.4292117307268927
35	34	0.3921938109213048
35	20	0.3893299234453321
35	42	0.388362293074998
35	148	0.3853009972635413
35	46	0.3819066682862381
35	144	0.3673791984836247
35	68	0.3550933297732417
35	165	0.3479680387421917
35	84	0.32697735836932473
35	115	0.3196255532687917
35	59	0.307480099172742
35	61	0.3053054041544285
35	69	0.2968120261958161
35	147	0.28527953388455424
35	145	0.27483831777217604
35	80	0.2741540754503043
35	32	0.2610641051272196
35	114	0.2590688440255454
35	189	0.24967858632617604
35	17	0.2448622606840184
35	67	0.24155988688484184
35	56	0.2372707001136005
35	118	0.22298014621881773
35	178	0.2191280551635156
35	162	0.21780439662083
35	163	0.21586031058005392
35	119	0.2107346370908912
35	14	0.2095302733887543
35	50	0.2088322158827916
35	146	0.20362359328740712
35	33	0.18141939460640424
35	153	0.17309935600074344
35	60	0.16721483340083645
35	57	0.14555872959625668
35	159	0.13521675817331294
35	16	0.13497132077453658
35	104	0.1163506623067284
35	186	0.11458452844755505
35	123	0.11027965017539257
35	52	0.09724669732699684
35	122	0.09235011102712562
35	188	0.0885226776566197
35	76	0.08597819788854402
62	41	0.6657217327432314
62	42	0.6514651737780915
62	165	0.4902048901314939
62	2	0.6409885996395508
62	34	0.6351191221495659
62	49	0.5960964188368286
62	164	0.5578593836708716
62	68	0.4653041381451976
62	67	0.4531284045263736
62	145	0.43434531387835984
62	36	0.4208791907274508
62	32	0.37297982740585023
62	46	0.3474669560117293
62	58	0.3438303865398011
62	86	0.3383163163098471
62	119	0.3211062062395342
62	33	0.3202808230996361
62	1	0.3139938833664999
62	20	0.31262309026416923
62	77	0.3011919908989386
62	146	0.28382746795793146
62	148	0.2815916863550856
62	144	0.2737100940785382
62	61	0.268642354401023
62	84	0.26842894002274675
62	114	0.2667485433398173
62	151	0.2588169479116941
62	104	0.25849969531865963
62	188	0.2541645812357051
62	31	0.2441194836009597
62	161	0.24304712315905
62	118	0.23625124044696774
62	69	0.2315153059198571
62	115	0.2227805781073864
62	59	0.20141792809395195
62	17	0.1922379848568128
62	189	0.1679243352837889
62	123	0.1608508281880964
62	50	0.15795629668026387
62	178	0.1572541810890087
62	72	0.15691281742175986
62	139	0.15463935874697907
62	147	0.1526279823163605
62	153	0.1455097886072961
62	14	0.13499095637638045
62	56	0.12404778375279793
62	57	0.11264983046329825
62	60	0.10390364564651544
62	80	0.10207326843639043
62	163	0.10093511713202696
62	162	0.08730913063057283
1	56	0.4744906870516378
1	110	0.4402896095312695
1	31	0.43144432928937787
1	151	0.4206323013496332
1	147	0.41205169449948414
1	148	0.4068578759286275
1	58	0.4035229578351365
1	161	0.3874872934018441
1	115	0.3790501832955012
1	2	0.3554690531335101
1	104	0.3484777084042922
1	123	0.3483371304414868
1	17	0.3427100364800173
1	20	0.32703987294486103
1	50	0.3208550542398792
1	33	0.3207743172255828
1	60	0.3080775787878321
1	16	0.3008918975656241
1	90	0.2835883954091335
1	163	0.2760858803927293
1	34	0.2708769767153668
1	78	0.259936216296661
1	164	0.2563147413477893
1	144	0.253968136676665
1	77	0.2511595046367598
1	36	0.2485530569174839
1	49	0.2352123670007997
1	46	0.2168897468606407
1	74	0.21444882227491052
1	118	0.2072823425526925
1	15	0.20338394673491253
1	92	0.20182085492811264
1	57	0.20117805831587024
1	160	0.1967313363613089
1	162	0.1936051340075427
1	86	0.19207426193312968
1	84	0.1917082543949052
1	119	0.1892989848590798
1	107	0.1760854672928198
1	80	0.16160081294893344
1	14	0.1609774620508313
1	68	0.16012988851832946
1	42	0.14514760317073389
1	171	0.13301705079342935
1	4	0.11928929303100902
1	189	0.11358767433052028
1	165	0.11318294539009027
1	188	0.11271894161930887
1	69	0.11145502306764196
1	41	0.1092620613986116
1	91	0.10668249032643036
1	93	0.10150917448021464
1	114	0.0924680948333486
104	4	0.6249704234548511
104	164	0.5976799793999578
104	188	0.4795271125927951
104	147	0.4792498453908185
104	33	0.4770437135461577
104	148	0.4769046643346341
104	110	0.4622980210119467
104	107	0.4265894817769296
104	123	0.4253207106724135
104	2	0.4240584673772744
104	116	0.4189600467478306
104	16	0.4086087574034742
104	17	0.4071582399224536
104	115	0.3687105942631193
104	14	0.35287160252603955
104	20	0.34656978630253377
104	119	0.34055481694824563
104	118	0.3318982602343991
104	67	0.2946492996749867
104	49	0.28297216140754605
104	46	0.27693553880033395
104	76	0.2753466960184087
104	52	0.2739413489456224
104	187	0.26029982835075705
104	34	0.25775299873526725
104	57	0.25430488594042666
104	144	0.2433764199670525
104	77	0.2396097014615207
104	50	0.23119350437612055
104	21	0.2298110763673928
104	153	0.2107155251920883
104	165	0.19978633860136652
104	161	0.1920164748185598
104	86	0.1890097186721197
104	60	0.1851014332184117
104	156	0.1814774191949231
104	15	0.17282773259122086
104	84	0.1697021835579199
104	189	0.16596063298922065
104	31	0.1585607682863214
104	94	0.15074238914551555
104	72	0.1467624530450712
104	80	0.1440412288218507
104	114	0.14340465543031294
104	56	0.13919051184322978
104	171	0.12342742970130928
104	58	0.08560198731040224
160	193	0.4154167129786428
160	185	0.40864207841418093
160	141	0.4077920525207109
160	65	0.4045019831594744
160	93	0.3690561642776299
160	88	0.3625858793436961
160	90	0.3497334272946392
160	56	0.34715038040835056
160	190	0.3286910051917292
160	74	0.3209716661396469
160	171	0.3182601749287473
160	92	0.3102391439110614
160	163	0.2873083919003961
160	162	0.2629454384248852
160	36	0.25520258237159665
160	174	0.22298014621881773
160	173	0.21877579294778
160	107	0.19685630174617413
160	57	0.18965570123906625
160	91	0.18234763617939534
160	4	0.1749902867274085
160	110	0.16784659012612088
160	33	0.16420968909934222
160	139	0.14666460553112565
160	34	0.14540211592515698
160	191	0.13078654545268856
160	66	0.12183179166071212
160	17	0.1206691397785845
160	184	0.11214627346889022
160	145	0.11178091173626048
160	181	0.10889646376857584
160	170	0.09778948595457372
160	114	0.09150233619823273
88	90	0.6417361903484945
88	193	0.6137777010683042
88	93	0.580952992289141
88	92	0.4786873153907234
88	74	0.4526991752297959
88	185	0.396037063452121
88	184	0.3731347764901606
88	78	0.3536417870004221
88	91	0.2912119441603423
88	65	0.28249372913845017
88	64	0.2770186343326814
88	83	0.2710900873370556
88	162	0.25554845220459177
88	63	0.19367250928798455
88	87	0.18417416076834492
88	141	0.1731478574115725
88	75	0.15888245474169413
88	190	0.11462400308204032
88	36	0.11026977178051146
88	34	0.10622770337103916
88	181	0.10069755647730604
88	56	0.0993343310904426
88	159	0.09116219736460464
49	119	0.7043896129438638
49	86	0.6360846582666857
49	46	0.6369471867784251
49	189	0.6239394292713456
49	146	0.6000338033703185
49	164	0.5363091128248862
49	17	0.5284052088265097
49	84	0.5265647236497996
49	42	0.5143230148981862
49	20	0.4917758710484107
49	165	0.4862673012623821
49	50	0.4820872939490804
49	58	0.4312489836759731
49	144	0.4293830285154837
49	67	0.4233118207387257
49	115	0.4049786087571396
49	148	0.3883453094484979
49	69	0.3856671001361108
49	41	0.3554952621065756
49	153	0.34851285044589464
49	34	0.3433541366022669
49	118	0.33909536119448985
49	68	0.3385022669307114
49	2	0.325288384440659
49	188	0.32525261647660403
49	89	0.3220207350086955
49	151	0.30551395088689354
49	94	0.2915779797446781
49	82	0.29049792954927856
49	77	0.2734510510529225
49	161	0.26586591698411605
49	57	0.2496879629087997
49	76	0.24234129855797
49	36	0.23701588408947655
49	145	0.2316856509386336
49	60	0.22418665931908055
49	122	0.21126970480199972
49	80	0.20512801487287285
49	14	0.2021373923879786
49	72	0.19563521267373424
49	16	0.19385537583893936
49	173	0.18796808909639587
49	147	0.17962000767013106
49	33	0.17716083990246326
49	52	0.1694302343156296
49	168	0.1607728970245536
49	31	0.15634704654143125
49	123	0.14906103888901548
49	59	0.14239568859791513
49	162	0.14010237572344916
49	178	0.13842554066541468
49	179	0.1351774893038091
49	114	0.13173983225007432
49	159	0.12763997568571386
49	56	0.11533448448704932
49	192	0.11085255973787513
49	66	0.10988449740604084
49	187	0.0971149533942013
49	32	0.09645717346698557
49	61	0.09585578584959104
49	150	0.0935129805430426
49	171	0.08447320952865023
164	147	0.5624843879493373
164	148	0.5032209406303453
164	80	0.5011869507775741
164	2	0.4895132555528152
164	188	0.4686664060244743
164	144	0.4649358163551995
164	119	0.4360232852134183
164	165	0.4333224610108798
164	50	0.4267121771370325
164	77	0.4265240378305303
164	153	0.4202206805799084
164	115	0.4062234852212745
164	46	0.404568891245825
164	146	0.3932087535866644
164	20	0.39029669525849264
164	31	0.3892790169235847
164	118	0.3734704280993044
164	17	0.3486446243751313
164	34	0.3426217784725314
164	52	0.33878556942240035
164	58	0.3176489196234553
164	86	0.3135972091385232
164	161	0.2930412674867971
164	69	0.2919713727785342
164	14	0.28846396486035675
164	187	0.2879688219676808
164	156	0.2849120457343957
164	60	0.2805785962237709
164	16	0.25567930482065176
164	4	0.2476896960697019
164	67	0.2460839263293388
164	33	0.2372612630650608
164	189	0.2350990027844948
164	122	0.2341918590047811
164	76	0.23199791323340901
164	84	0.21807109749759312
164	116	0.21177599157344573
164	123	0.20686120919732096
164	151	0.18839250788593545
164	57	0.1856035683201692
164	114	0.18504348832737505
164	41	0.18089711650966572
164	72	0.17459281308871372
164	42	0.16415130641351178
164	110	0.14475600758663731
164	186	0.14083757682627054
164	56	0.1396219608324221
164	173	0.12902675351662515
164	21	0.12693164092523834
41	145	0.7777300613591117
41	32	0.6711979264755442
41	68	0.5901655136277717
41	42	0.5755080404402456
41	36	0.5682605253180979
41	59	0.4818185914773814
41	61	0.4624002313388289
41	2	0.4449051667597225
41	139	0.3969135829466788
41	178	0.3889989885512194
41	114	0.3616474982467961
41	34	0.3483195570941891
41	151	0.3430982998333864
41	146	0.3276648612105745
41	67	0.3191675805068954
41	144	0.2911021168504771
41	159	0.2908824392132092
41	58	0.2818310524165494
41	165	0.27945425561854903
41	161	0.2496129489368586
41	163	0.2318465193000877
41	46	0.23008574224658904
41	93	0.19742337189980155
41	122	0.1839326296828043
41	14	0.16995468471514366
41	86	0.15437580434873888
41	119	0.13857266336493412
41	84	0.13674791158074764
41	20	0.1366595934932468
41	31	0.13619834154790578
41	150	0.11554168603643634
41	69	0.11436741149295933
41	118	0.11187966113487867
41	77	0.09537125627081622
41	174	0.09374691163216246
41	83	0.09361904380088494
41	189	0.08448611675007475
145	32	0.5697347310712565
145	139	0.5476161453872445
145	36	0.5316769053987821
145	59	0.4528025273962233
145	2	0.4105146297633185
145	178	0.371325743701038
145	42	0.3632110586908712
145	68	0.34817017375734993
145	34	0.3451259483679065
145	114	0.33726209731924484
145	144	0.3230511010285275
145	174	0.28941713864478136
145	165	0.28897728346824936
145	146	0.27743404982392106
145	159	0.2756608892191787
145	141	0.2662190211127365
145	61	0.26420165232567583
145	67	0.25639882665565805
145	190	0.237166890116966
145	151	0.18001675045776008
145	93	0.17575598965120853
145	122	0.15822929854520254
145	163	0.14357115533745865
145	52	0.14320876279358144
145	58	0.13661052695024167
145	185	0.13137623603548632
145	14	0.1308651762201754
145	184	0.12372284845449268
145	91	0.12036364228329482
145	150	0.1198807126687613
145	75	0.10996353074288752
145	46	0.08850977951321527
145	119	0.0875998896790805
32	139	0.6346833849015783
32	36	0.6554132267406642
32	61	0.5839461906655766
32	114	0.5768974594535545
32	42	0.4771827388800128
32	2	0.37969224136485136
32	68	0.34121766433454903
32	141	0.31642561704499994
32	83	0.304289453939712
32	150	0.2971220417894848
32	178	0.254959499620977
32	163	0.2454543960191473
32	59	0.24521944357164566
32	34	0.23696869235672194
32	169	0.2337759483381513
32	144	0.2324898658639289
32	146	0.20779908303888053
32	159	0.20189759515632796
32	93	0.17320605799603267
32	181	0.16182479821062626
32	74	0.157429724920268
32	165	0.15741997274609834
32	190	0.13975922894746268
32	52	0.1134198644589034
32	186	0.08964371006305866
21	52	0.7567903650019716
21	16	0.5255376803769876
21	122	0.5095190763544097
21	156	0.4938504192637106
21	144	0.4120599965992856
21	15	0.4008909201716237
21	116	0.3975536590435522
21	118	0.37915293713616977
21	123	0.3705150708169783
21	77	0.3591067260112769
21	94	0.3518030554518814
21	115	0.3403337925309546
21	14	0.325037989150267
21	76	0.3135250747857529
21	153	0.2918341538623424
21	188	0.2914773284658473
21	20	0.2755037999765144
21	187	0.2612318294397271
21	192	0.2551090928218357
21	168	0.2540149110919432
21	150	0.2510751800295933
21	46	0.23138280553326385
21	83	0.2293469025692272
21	148	0.22770725164343986
21	191	0.22552536914338675
21	186	0.21566962148489172
21	75	0.21012297649548886
21	147	0.209788404986582
21	178	0.19399973465413556
21	17	0.19340299721128448
21	189	0.18205759551975406
21	87	0.18121629860113853
21	82	0.15955496280089942
21	110	0.13986707869836953
21	179	0.13977883823980694
21	181	0.13922973666487642
21	72	0.1302262536632192
21	69	0.12399855284012234
21	190	0.1157784754942263
21	80	0.10845177830540824
21	33	0.0962223731485205
21	119	0.08890663184949693
21	146	0.08739050497129128
52	156	0.7495949990176092
52	122	0.7451809855517363
52	144	0.5097041503535785
52	16	0.4377224826063555
52	46	0.4352211543674209
52	153	0.4291872570930627
52	115	0.4240420637498299
52	15	0.4161197791650849
52	118	0.4155325462948537
52	114	0.3972336693044706
52	17	0.3430894769675492
52	14	0.33819233454853315
52	168	0.3318181719232732
52	188	0.3277541218593919
52	123	0.3238121841450109
52	116	0.3198140869075813
52	77	0.31539038473803066
52	192	0.30850290862681834
52	147	0.28999426310322185
52	187	0.2877028483157257
52	76	0.278070818766628
52	139	0.27717558125500136
52	82	0.2745609557418574
52	150	0.26415514183696176
52	87	0.2553615036544867
52	148	0.25104707098025797
52	178	0.2467977691392306
52	20	0.23355850642509185
52	179	0.2283613718567777
52	146	0.22274256301608505
52	191	0.2220106405994473
52	80	0.21496392889369545
52	173	0.21022811738171035
52	165	0.20981708447082872
52	2	0.19811521072774468
52	89	0.19010875525734008
52	83	0.1787682650042697
52	119	0.17617267536227646
52	189	0.17229411010524134
52	72	0.16619401338546125
52	159	0.1620098169392723
52	94	0.15653239659740062
52	186	0.1499506984991604
52	59	0.14724186431387554
52	174	0.1427875556440919
52	50	0.12497321098936814
52	163	0.12358498909555618
52	110	0.11399236557548825
52	190	0.10973630615497963
52	161	0.09634918646656422
156	122	0.6483402318175449
156	80	0.402266444395742
156	15	0.3989167407390345
156	87	0.3892111378620594
156	115	0.3835624851716256
156	174	0.3754135595411402
156	66	0.3542978159928332
156	173	0.33880327378919745
156	144	0.3235167545158079
156	14	0.3183770024544249
156	192	0.3168035142288414
156	168	0.31126002497717903
156	17	0.30998607146543705
156	170	0.30934415516266706
156	191	0.3081771351162118
156	153	0.3072989968403615
156	114	0.3066649634288597
156	46	0.3056499438375841
156	118	0.3044346321387973
156	89	0.3039990551356995
156	16	0.2964016152273113
156	179	0.2924195374571145
156	147	0.2910197413323468
156	187	0.28560101722765185
156	148	0.2788272409473571
156	76	0.2748198283925649
156	186	0.2707750448555852
156	159	0.26180942573346344
156	50	0.2557166895620151
156	181	0.25418328914791777
156	77	0.2532850950288477
156	163	0.2319411418251309
156	139	0.20248265781913924
156	161	0.18826711874154656
156	116	0.1846185198349645
156	82	0.1689639756023073
156	188	0.16420968909934222
156	171	0.1633435614379705
156	165	0.16273030751633366
156	178	0.1618442744022827
156	83	0.15289168171175158
156	59	0.14976496540001816
156	190	0.14731034599626525
156	189	0.13019676231432584
156	60	0.11534435145523585
156	184	0.1151568751695574
156	146	0.10201389320995206
156	58	0.09154398438569393
156	150	0.08505400636322888
122	46	0.5175224772022324
122	115	0.5112569095567573
122	15	0.4794347008257703
122	153	0.4693840200620218
122	168	0.4406603611430812
122	144	0.4320057225710203
122	118	0.39279443422267296
122	16	0.3914827822729421
122	89	0.3768558771496665
122	17	0.3709204779223687
122	178	0.3594115525117603
122	192	0.3590109075671415
122	82	0.3568660841829131
122	14	0.35566997430609826
122	87	0.31873641109800105
122	159	0.3079508609744488
122	188	0.3070635305275407
122	114	0.30114652604506315
122	191	0.30114652604506315
122	179	0.2978876940495042
122	123	0.29551657934859005
122	116	0.29244697194085834
122	20	0.286418213825318
122	187	0.25388393973569195
122	59	0.2505785245216194
122	69	0.2381387167958504
122	77	0.2354485218948444
122	173	0.2337948552258688
122	76	0.22036527978680498
122	80	0.22031770730550526
122	147	0.2151737528793413
122	189	0.1971734928359414
122	148	0.1963371729099008
122	151	0.17544585707307114
122	150	0.17384618450295816
122	165	0.1689348319193406
122	119	0.1650658361178679
122	146	0.16186375046785514
122	161	0.15706887404129935
122	174	0.15341901515522866
122	86	0.14543148154379404
122	66	0.14320876279358144
122	139	0.1320837419945267
122	84	0.13142537272690594
122	58	0.13002964032042552
122	163	0.1276989977158252
122	186	0.11287690587950268
122	190	0.11276830606306235
122	72	0.1127288145525819
122	60	0.10543666377550943
122	83	0.10534766345130513
122	50	0.10158834950808612
119	17	0.5618482968654281
119	46	0.5253929031324378
119	146	0.5000178915360481
119	118	0.451688864326926
119	115	0.4295298306063876
119	116	0.3856245362709784
119	189	0.3822738912958799
119	144	0.3624208469951671
119	14	0.3578604963197676
119	84	0.3578517769299129
119	20	0.3543327944194067
119	50	0.3347072104636639
119	165	0.32475176729168903
119	188	0.3241254496127977
119	33	0.3115219053181889
119	153	0.3094797947968005
119	123	0.2992630813524447
119	34	0.29516059705813874
119	82	0.2924652613292544
119	86	0.28686795332799386
119	89	0.2832665113056721
119	42	0.2627871852039861
119	187	0.25530541536503953
119	148	0.2400809385612433
119	173	0.23079591497637805
119	16	0.2292426859406428
119	94	0.22107874109405395
119	58	0.2203843084858065
119	168	0.2190994954889142
119	150	0.20795216907436628
119	2	0.20255937663809967
119	147	0.1980767804086888
119	67	0.18516903396455106
119	69	0.1641999587315843
119	66	0.1431793779298374
119	186	0.14034745996520126
119	36	0.13881785426987878
119	77	0.13513822000964165
119	76	0.13127796071624925
119	72	0.11587713388610685
119	161	0.1117611615915539
119	171	0.11007219931040522
119	151	0.11000304688992933
119	15	0.0957973276306181
119	179	0.08909413476703022
86	69	0.7212282338870188
86	189	0.7038601945389228
86	84	0.6988453056899296
86	58	0.5734713603459802
86	20	0.6427760772347791
86	146	0.5605878344767832
86	91	0.4746688850764532
86	76	0.4668305607365968
86	68	0.4415785325279262
86	63	0.4300760610912155
86	60	0.4165496451622344
86	82	0.4154994524366896
86	159	0.4024843488443688
86	94	0.3948222287917645
86	42	0.3915166513918044
86	161	0.3864840078852494
86	67	0.38118895448206297
86	31	0.3547349750429463
86	50	0.30541421480067205
86	46	0.3035270365830554
86	187	0.3034271674018416
86	165	0.303363610815224
86	80	0.29056202101258816
86	77	0.2893988137843161
86	151	0.27579024577651906
86	162	0.2721459821506426
86	144	0.26221921906322804
86	57	0.25457611134762503
86	61	0.25145929458113064
86	148	0.2446554402018739
86	89	0.24009036215004814
86	188	0.2265217280610679
86	167	0.22581958144017825
86	87	0.22311318124457974
86	2	0.22268553910901712
86	34	0.219899024298028
86	115	0.21504023082210166
86	90	0.20424656007766087
86	72	0.20203188459022048
86	171	0.1980575650207877
86	59	0.1963852450236703
86	66	0.18846002257388492
86	178	0.1664273751649609
86	150	0.1617176769034058
86	17	0.15765401644777136
86	92	0.14879702745209475
86	107	0.1360314911843077
86	74	0.11470295126495675
86	65	0.11424897945673335
86	33	0.11375547772147712
86	179	0.10268676978176608
86	116	0.09614212248157396
86	14	0.0870511067290637
86	56	0.08688437737867527
86	184	0.08511555751916143
86	141	0.08455263813386339
174	191	0.5948313911063567
174	181	0.5308083902830357
174	190	0.5222946522509763
174	170	0.42340210531559
174	87	0.38478143389681196
174	93	0.3769502509983629
174	83	0.3053688780005149
174	173	0.2941012937848957
174	179	0.2839561847180018
174	185	0.27649229269456
174	163	0.26015998629177217
174	59	0.2584343716832101
174	78	0.2464972363392575
174	92	0.2298110763673928
174	192	0.2289584320629509
174	61	0.2287215239982649
174	89	0.2286836161928935
174	184	0.21150853346066725
174	171	0.2049460025067266
174	66	0.2027223958717658
174	168	0.1916600915360246
174	159	0.1841065343051068
174	60	0.18105187622636948
174	178	0.1709353426068053
174	165	0.16215587631160133
174	150	0.15461007601107815
174	167	0.1395533247621533
174	80	0.1226592386784546
174	146	0.08445633081170642
191	87	0.6568824574970084
191	190	0.6588959480157132
191	181	0.6514939524970187
191	83	0.5796928649840842
191	179	0.533467820368053
191	168	0.498080442597283
191	192	0.4821947495537027
191	170	0.4214056796914481
191	89	0.4208874192998863
191	82	0.3533792779120964
191	173	0.34971587344126154
191	193	0.3350357190664273
191	185	0.29776011192057456
191	159	0.28789545436102465
191	184	0.2843146988621374
191	150	0.2760858803927293
191	93	0.2616883323555076
191	178	0.2555391052308202
191	169	0.23557131145493185
191	187	0.222989648996172
191	66	0.2178615495485606
191	15	0.1769380495998917
191	75	0.14613617940524606
191	59	0.14116101615862856
191	167	0.11943715589381684
191	92	0.11905270144657296
191	163	0.11686359173922126
191	171	0.1152358135536933
191	141	0.10116276862655554
191	139	0.09525928287600798
181	190	0.7130984884858006
181	83	0.563590829092482
181	184	0.4267039979349522
181	185	0.38406557035791616
181	75	0.3559931263468944
181	87	0.33213849645749594
181	192	0.3177747879081042
181	193	0.31375048262017496
181	78	0.31208162868304873
181	93	0.2726088874053642
181	170	0.26712004176718873
181	92	0.2322722860868719
181	91	0.2298205482143169
181	163	0.19179494521399776
181	169	0.18622144768208804
181	159	0.17595949520182125
181	186	0.17339035186454024
181	61	0.16380098616115887
181	150	0.1530284061630068
181	167	0.15193444694103506
181	65	0.14581321125021746
181	139	0.14324794221913745
181	179	0.1360903804295939
181	15	0.1158278049758512
181	64	0.10784891318810197
181	66	0.10655396809470154
181	168	0.09973729878168353
181	89	0.09886102522693227
181	173	0.0977251071263838
181	187	0.0906534369266537
181	178	0.0906425273142771
114	139	0.7511940776319921
114	36	0.5004377639042481
114	2	0.4680340811618429
114	144	0.3833833659843511
114	110	0.3768730366132885
114	141	0.3470712241402383
114	56	0.32697735836932473
114	153	0.2988442205814443
114	46	0.267593587124946
114	163	0.2565576438707222
114	169	0.21735664703347785
114	42	0.2165943097664597
114	15	0.2120147666591119
114	147	0.1966544314086004
114	178	0.18777514824612754
114	165	0.17939741904818668
114	150	0.16668988488337982
114	34	0.15614217314164128
114	118	0.11185003654721316
114	170	0.1076512352044817
114	159	0.10302317286907957
114	162	0.10032139530077222
114	148	0.09953532397089193
114	146	0.09593604097142304
114	61	0.0915211770846017
114	168	0.0908369135090548
114	17	0.08829447535522125
114	66	0.08557816312626683
139	141	0.5603820774955467
139	36	0.5503407671641269
139	2	0.4208298178382999
139	144	0.28954540672750617
139	159	0.2104288273869528
139	34	0.20334560102416846
139	169	0.19336449310220585
139	42	0.19310457479194135
139	150	0.1922379848568128
139	59	0.18484067107849428
139	190	0.179484521132565
139	173	0.1765117915543363
139	61	0.16695237097369678
139	184	0.14523570591518126
139	178	0.14291490280232175
139	170	0.1423662967683298
139	110	0.13982786099096794
139	163	0.13162191303248955
139	146	0.1121166506728361
139	66	0.1081157649363258
139	83	0.09052450375384093
141	185	0.4101237598397104
141	36	0.4078170633839835
141	150	0.3801885156240121
141	193	0.3715412529885278
141	171	0.34712399553517137
141	167	0.32952027632635345
141	74	0.3228092576836559
141	2	0.2945853756313148
141	173	0.2894629498678085
141	169	0.2891972263211027
141	63	0.2840205392606869
141	82	0.26844749884119296
141	184	0.267389328495547
141	66	0.2562680256114633
141	170	0.2519931758883499
141	33	0.2261232412519914
141	34	0.20280869562371154
141	159	0.18337219206075595
141	65	0.16868224096459886
141	162	0.16634958997517638
141	94	0.16177610717996174
141	189	0.14540211592515698
141	42	0.11629147414220165
141	123	0.11422924046821893
141	179	0.11339025028011683
141	87	0.11250173145955533
141	165	0.111731536208951
141	4	0.10743377959138664
141	190	0.10706803561586042
141	91	0.10114297326462224
141	89	0.10016300306087976
14	16	0.5485675947191263
14	115	0.5310597284369143
14	59	0.44948125109527465
14	116	0.4442713171891082
14	118	0.4367114311477256
14	123	0.3919653170471464
14	76	0.3874957919048877
14	17	0.3757399575329603
14	77	0.3567526348626095
14	84	0.3252705005749741
14	46	0.32040645629271863
14	188	0.31967942260598786
14	187	0.3162096306877483
14	151	0.3107632255204086
14	33	0.30495171450087344
14	82	0.2939916693850613
14	159	0.2924744059432185
14	75	0.2813338683197777
14	58	0.2681598147681934
14	178	0.2674821763072868
14	161	0.25112202750414103
14	20	0.24801819501331826
14	147	0.20649744141279253
14	31	0.19993034709748325
14	15	0.19946948953493052
14	72	0.19719271521241044
14	144	0.1940767225873566
14	148	0.1919105283171312
14	69	0.19112060450024865
14	146	0.19042680865061987
14	167	0.19036898373217154
14	89	0.1737686012237884
14	186	0.1731090563500814
14	94	0.1631099557531146
14	2	0.1476429512098118
14	192	0.14248386257978168
14	80	0.1371796575789441
14	34	0.13425454887691993
14	153	0.13105191769279076
14	168	0.1293807438134897
14	67	0.12014682377484287
14	4	0.11629147414220165
14	189	0.10836283599845233
14	63	0.1069296384412518
14	163	0.10683078077925763
14	65	0.1033694455480498
14	60	0.099286804494718
153	46	0.5574321843659914
153	168	0.4880824321407461
153	147	0.4690408906156418
153	144	0.43339555900796256
153	17	0.4110964968799306
153	15	0.3963068387399878
153	115	0.3695138874044674
153	188	0.3611693370879714
153	118	0.3354262719370503
153	148	0.3186914900271274
153	77	0.3172532607174146
153	179	0.28292616441899754
153	165	0.2801178938048733
153	123	0.2628709680828002
153	89	0.24194592464683304
153	189	0.2408535224295106
153	16	0.2269391091129021
153	146	0.222580991321924
153	80	0.2174900288261264
153	82	0.20222371346007487
153	192	0.20111089045287128
153	116	0.18481169590003976
153	72	0.1738946729566478
153	56	0.15609339177975218
153	110	0.14955966915075788
153	173	0.14333609428484975
153	163	0.14110221124659045
153	20	0.12979369081141945
153	150	0.1286727303327969
153	186	0.1264396655633503
153	50	0.12185149475299105
17	115	0.7425770707001481
17	46	0.5912853078639498
17	16	0.5623066230144812
17	148	0.5465160174530921
17	118	0.4912677388499722
17	144	0.4530409859580329
17	15	0.4241896863796294
17	50	0.40682449671866977
17	20	0.4065824649603925
17	147	0.3772247486006197
17	163	0.37198938405917337
17	58	0.35627254055318336
17	161	0.3465257910710384
17	188	0.33846684980256786
17	123	0.33340125135447096
17	56	0.2974319947530059
17	189	0.292584137138088
17	168	0.2871615925313073
17	116	0.2833768787635625
17	57	0.27768324934498834
17	89	0.2541926430326966
17	77	0.2238827206156035
17	151	0.222390891321469
17	162	0.2038248775381154
17	67	0.2023004406642036
17	107	0.198067172733768
17	42	0.1932778566791704
17	76	0.19178531304853416
17	33	0.18774620586828544
17	94	0.18556494598083492
17	165	0.18473442718682692
17	110	0.17952323226688932
17	173	0.16664127375415727
17	84	0.1624479737347776
17	186	0.16088979301781747
17	146	0.1567177356286484
17	171	0.1401906080298594
17	34	0.13696379108453832
17	4	0.11409106502411992
17	59	0.11130688392545032
17	68	0.11019074383733407
17	150	0.10920277730191624
17	74	0.1056641013713232
17	69	0.1044180039062906
17	90	0.1038245086662809
17	192	0.09527216489375186
17	82	0.08941753765109665
115	118	0.706344166672727
115	16	0.6945121100566664
115	148	0.6896038533371703
115	15	0.568199585003782
115	147	0.5611567349059217
115	46	0.5555199604897026
115	188	0.5208314294368394
115	20	0.4862673012623821
115	144	0.4758068836939505
115	116	0.4459472406717673
115	77	0.4417234225218353
115	76	0.3682698446478996
115	123	0.3389360488917561
115	151	0.33101702585753856
115	161	0.3190238720404999
115	58	0.3077336050174879
115	186	0.29734083862118504
115	84	0.2776555623539593
115	69	0.2713124353059587
115	163	0.244081867006553
115	50	0.2239207153364252
115	189	0.2136759387121985
115	162	0.2074928804350255
115	187	0.2044094625880628
115	89	0.19750025260637188
115	59	0.1921320477157848
115	107	0.19104352548873926
115	110	0.16935252979089968
115	168	0.1680409491034677
115	57	0.1623603474948661
115	68	0.16143524792196987
115	80	0.1612209738099598
115	56	0.1556445675521015
115	75	0.1448832811316258
115	33	0.14377682047154794
115	91	0.12980352233463666
115	34	0.1292037527813761
115	94	0.12500274232953654
115	192	0.1239788603041102
115	4	0.11752438964440895
115	146	0.113617287164809
115	31	0.10574320751027462
115	159	0.08834507753568152
115	42	0.08478595344369896
118	16	0.6849128889799901
118	188	0.5621424861639641
118	77	0.5268826509895765
118	116	0.5223891829104822
118	148	0.5143156601419957
118	46	0.5132042239302438
118	15	0.4907668635547577
118	147	0.4625260117961786
118	144	0.4090085376270141
118	20	0.4018221134003498
118	76	0.3438039328469827
118	123	0.3354173970151209
118	186	0.2883997883667108
118	161	0.2688000785148912
118	80	0.25930204975011645
118	192	0.2398641835332767
118	89	0.2356846489893656
118	187	0.210046507343438
118	59	0.20112048597767074
118	178	0.17238143707743858
118	56	0.15343854434741874
118	151	0.1505957943220897
118	94	0.14518676023030266
118	163	0.14413915262345775
118	110	0.14402164372294407
118	33	0.14314019771883696
118	68	0.14125902213159133
118	72	0.13352781477980966
118	75	0.12791540408517715
118	31	0.1254555284464558
118	146	0.11957515645259092
118	69	0.11820480409268395
118	2	0.11581793912522817
118	58	0.11050684724040152
118	162	0.10311221680354286
118	4	0.09973729878168353
118	165	0.09586073990555824
118	34	0.09394515021598017
118	189	0.0925018040155057
118	168	0.08976572028978234
118	50	0.08777751329239737
118	42	0.0877705672223724
16	15	0.5977378263659442
16	20	0.5006700920881911
16	116	0.4870152178388098
16	148	0.4846163144555326
16	77	0.4570690306065887
16	123	0.4304020188318531
16	188	0.4120267877895743
16	46	0.3966186811283472
16	147	0.3862543137919504
16	76	0.3766156175024323
16	144	0.31900590745049817
16	151	0.26925461440438186
16	161	0.2476896960697019
16	33	0.24120202750116904
16	163	0.2332559396862636
16	178	0.2221342294976144
16	4	0.2220296547405272
16	110	0.21439158083630014
16	186	0.21018988489468252
16	72	0.17495151132003442
16	57	0.1741177089800414
16	168	0.1644334787341994
16	107	0.1589409395660257
16	69	0.15614217314164128
16	187	0.14976496540001816
16	192	0.14958899797631772
16	75	0.1453727500503295
16	94	0.1361198246916233
16	56	0.13216234547458772
16	84	0.13044251651087654
16	59	0.1262428579869231
16	162	0.12157564272886175
16	31	0.11560088463309826
16	58	0.11340999308836418
148	147	0.6580123048931685
148	77	0.6014398557647513
148	20	0.5802105166396903
148	144	0.5101851220276468
148	188	0.4594074802194261
148	46	0.4576779538638442
148	161	0.4481636301871821
148	69	0.3896353126250224
148	56	0.3442359414738597
148	57	0.3361715527144073
148	189	0.3325032172184195
148	68	0.33244095485661285
148	15	0.3097510362825193
148	163	0.27813540487273924
148	186	0.2591248161554835
148	110	0.2569966546439833
148	76	0.2515904375147222
148	80	0.2387989096018855
148	151	0.2310136520608828
148	58	0.228503544648272
148	50	0.22412017645194424
148	116	0.21638462065890493
148	42	0.20832527359536812
148	84	0.2021373923879786
148	107	0.18979066195483307
148	162	0.18428042740167944
148	31	0.1714595159706586
148	94	0.1594672527423784
148	123	0.11248198454791834
148	146	0.10491252648678012
148	67	0.10341891103023394
148	78	0.09777165805329896
42	68	0.7104886828971091
42	67	0.5415809367128065
42	61	0.5030043461092724
42	189	0.4673543832013378
42	146	0.3999672981281549
42	58	0.38666262570915416
42	69	0.36046479019380334
42	84	0.3558009921456555
42	34	0.3258069152835493
42	2	0.3097239144016309
42	165	0.3090909275013989
42	161	0.2866568668455169
42	150	0.2811681067015671
42	20	0.2805970216333997
42	36	0.2416728814674303
42	46	0.24139038272871094
42	59	0.2260852861775201
42	72	0.21967061758748727
42	151	0.19604872041401
42	91	0.19202610609679985
42	163	0.1851593768223807
42	89	0.1836910763835188
42	162	0.1815741240342585
42	77	0.1602078361931272
42	33	0.1432675317635526
42	144	0.13435274512987386
42	94	0.12989200489481953
42	74	0.12608540476936247
42	76	0.12376223596581708
42	56	0.12259029125679285
42	57	0.11780051319583727
42	169	0.1136074162424737
42	178	0.1090644447224576
42	65	0.1081454141695916
42	188	0.08570919492722442
165	146	0.4760853347972936
165	50	0.4699296157563749
165	67	0.4518878361469026
165	89	0.4053547367329501
165	46	0.4031796616767162
165	179	0.3978062142411569
165	2	0.380949614348175
165	171	0.3658990644619089
165	150	0.3522673731771493
165	189	0.3425864735760245
165	60	0.3215725115543121
165	173	0.3120545502778255
165	58	0.24655358985247944
165	170	0.2439596080023991
165	57	0.2399772760983261
165	72	0.2280485574370036
165	80	0.2272995074994161
165	36	0.2169659822447207
165	61	0.20285663856915825
165	34	0.178797306105735
165	84	0.1534287797663054
165	178	0.15066420606427286
165	87	0.1402494283306308
165	56	0.13942585421726816
165	66	0.13346888408838636
165	192	0.13154329815110122
165	144	0.1290070864239386
165	169	0.12452036940809193
165	68	0.1145253158173846
165	77	0.1071570030375366
165	82	0.10468505252866084
165	4	0.09792022197881574
165	168	0.0898649136105818
165	167	0.08770408297755829
165	163	0.08719004412957877
171	173	0.5460529791419815
171	170	0.5409941202925712
171	50	0.5042358508313685
171	57	0.4482914849158092
171	66	0.44763603562967097
171	179	0.40486156319606864
171	60	0.3786476407602299
171	107	0.366366675675562
171	169	0.3365174329375722
171	189	0.32279134168432616
171	146	0.2922732120819613
171	56	0.28964618149774257
171	74	0.2886289782278767
171	150	0.2833952726102039
171	92	0.2830641514797632
171	91	0.2783752741022462
171	162	0.25956320426743784
171	82	0.2594512855488184
171	4	0.2531072756080549
171	193	0.2508784077941804
171	167	0.24046726858050704
171	65	0.23262229433742265
171	80	0.2279347950616941
171	90	0.22449055441672566
171	67	0.2220296547405272
171	168	0.21727089730834567
171	58	0.1961641054868315
171	15	0.1908700890996641
171	185	0.186366241872298
171	192	0.18443498935897384
171	110	0.14740817452102006
171	63	0.1354032795004934
171	147	0.13516767202007485
171	89	0.1309929477054816
171	87	0.1299116674050781
171	159	0.103587089841729
171	94	0.09661766371196837
171	61	0.09658100897494856
171	184	0.09114930538642796
171	163	0.08522178137291657
163	162	0.5696942055458046
163	56	0.5654712277790424
163	161	0.39104238722073903
163	58	0.3879036425795659
163	57	0.3434070619880871
163	61	0.32232544453492323
163	144	0.27963862637525555
163	93	0.26953284250756143
163	91	0.26842894002274675
163	74	0.25726748074064043
163	68	0.2502973402715201
163	69	0.2421436216548148
163	15	0.2314585210913443
163	150	0.22137356937770045
163	20	0.21742333894481314
163	65	0.2126545590058842
163	192	0.2034414641311693
163	77	0.2028470500578657
163	159	0.2025881455542368
163	59	0.19277723170077646
163	190	0.19240169707976568
163	36	0.16677738287389585
163	78	0.1590481588465749
163	186	0.15585923064727658
163	168	0.15379004929656606
163	147	0.136002046201151
163	92	0.13029506591442544
163	50	0.11548248661898007
163	90	0.1136666414399958
163	185	0.10936086649891122
163	34	0.10660340014389548
163	67	0.10639578199889307
163	46	0.10287476264286098
163	189	0.10273624229908178
163	89	0.09810740631047524
163	110	0.08928758353957808
77	147	0.5808271046070965
77	76	0.5122902321923838
77	80	0.4780781069586571
77	188	0.4660168139561744
77	69	0.4547718372024381
77	20	0.4253207106724135
77	31	0.3862798377243332
77	46	0.3684859190803544
77	186	0.35352803989847503
77	68	0.32156354561428235
77	189	0.3202808230996361
77	161	0.31456165791637114
77	15	0.30029153214349075
77	78	0.2918890428707656
77	116	0.28885813501601193
77	144	0.27778476436522026
77	56	0.2701077046375057
77	58	0.25793036709127226
77	151	0.2440160361989392
77	61	0.22529756362364944
77	146	0.2170231570461058
77	94	0.2163941524152388
77	84	0.21052439734642725
77	187	0.20309633870402066
77	178	0.1832368961388235
77	59	0.17975548739376254
77	75	0.17667649002050725
77	33	0.17626956997378074
77	123	0.17567845977469854
77	192	0.17107124870876622
77	162	0.1554103728638646
77	34	0.14333609428484975
77	57	0.14092579053781576
77	2	0.10612883075356397
77	72	0.10431909318576826
77	60	0.09621741943986274
77	50	0.09350901552026962
173	179	0.7281226783380803
173	66	0.5882134779397996
173	50	0.5590567198977935
173	82	0.4921169659630696
173	168	0.4740023802367303
173	89	0.4732810132286162
173	170	0.3690734401010648
173	187	0.3608649537750471
173	87	0.3485040650273458
173	192	0.3400331389635814
173	193	0.31659658298180904
173	60	0.3156335068333706
173	146	0.2801271091187149
173	159	0.27170147456781185
173	107	0.2594792658819369
173	80	0.2556138796832928
173	184	0.2377613648905113
173	4	0.22262851367812087
173	167	0.2006982463976134
173	94	0.187369925304465
173	190	0.1713527477776006
173	185	0.16945937296938274
173	150	0.16575640989035131
173	144	0.13523639244877886
173	46	0.11065501301879728
173	189	0.1103290418229446
173	15	0.10960786979086147
173	58	0.08922409340230114
173	178	0.08885405053440719
179	89	0.6496830091404351
179	168	0.6112784707755388
179	82	0.6027785302291144
179	192	0.5475041169232553
179	87	0.5333819654222071
179	66	0.466588084193227
179	80	0.3961803900906312
179	146	0.35253887490599634
179	187	0.3317469782974954
179	50	0.32731668879741543
179	60	0.30116471215092405
179	170	0.2999548595034579
179	15	0.265856623806267
179	190	0.2652338684005693
179	159	0.2566604005696668
179	178	0.2455483689261753
179	193	0.24321648280525976
179	72	0.22525010103863746
179	167	0.1998823452248562
179	94	0.1902533299326952
179	46	0.18328521690807048
179	184	0.1582877957991185
179	189	0.15081079779480602
179	107	0.14319896786705202
179	150	0.12334864767000045
179	76	0.10716688820071064
179	59	0.09872536236018484
66	89	0.4746611381451857
66	87	0.4486988994535693
66	50	0.4250421756248152
66	170	0.3959611768294801
66	184	0.3902882185405119
66	82	0.3896183488063675
66	80	0.3794097808286305
66	187	0.3587059803554377
66	60	0.3396793398753223
66	193	0.3273434744479427
66	159	0.2954800721190166
66	168	0.28002573782716955
66	189	0.268605240750814
66	146	0.2379594835975611
66	162	0.2323290482708538
66	92	0.2169659822447207
66	167	0.21411489312887808
66	63	0.2088704711274384
66	169	0.20735890400537949
66	186	0.2039782254029168
66	57	0.19577946746898905
66	58	0.17073147125873422
66	91	0.16728287534825606
66	107	0.1602078361931272
66	4	0.1571956642696063
66	192	0.15240333235333833
66	185	0.1425426439781214
66	94	0.1313565811781532
66	56	0.1261149277318023
66	76	0.11669591011638013
66	64	0.1019248290075685
50	60	0.4566100780069701
50	80	0.398470987857082
50	58	0.39173677480456665
50	67	0.3528540927698254
50	89	0.3447030520649047
50	57	0.3302688587103961
50	147	0.30506962040471725
50	189	0.2872166438759099
50	146	0.2859040712337716
50	107	0.25610918315409376
50	46	0.25417393521558673
50	56	0.25277030770402936
50	161	0.25275158546595256
50	94	0.2328303787959461
50	162	0.2204794494643888
50	170	0.19857632701671216
50	144	0.1903111574927396
50	31	0.1729247439717565
50	168	0.1501950680302288
50	4	0.14927614360899466
50	110	0.14207236467207718
50	192	0.1400141411919308
50	2	0.13953371421003058
50	15	0.13492223130616554
50	74	0.12811212657966622
50	36	0.12013696811559454
50	187	0.11776106808842855
50	159	0.10459603799665708
50	87	0.08871316985382988
50	151	0.08544216486886033
89	87	0.5326231027572471
89	82	0.5161960075469324
89	168	0.5126294292457639
89	192	0.4984788527991359
89	159	0.4183909963249905
89	178	0.3517241918401773
89	46	0.3446942402364713
89	146	0.33998891933859104
89	59	0.3033363714517403
89	60	0.27674163311777233
89	189	0.27033018024975863
89	184	0.2691525861681319
89	80	0.2515998045136729
89	58	0.2489376884643173
89	76	0.24130562512608816
89	94	0.2371574525759213
89	150	0.2273658898884721
89	187	0.22563926265747955
89	190	0.2224289126748829
89	72	0.21704221498236909
89	83	0.17746109375435504
89	15	0.17348734376105904
89	84	0.17050816681801378
89	167	0.16234087464928507
89	170	0.16110409061352565
89	185	0.1598960335149846
89	116	0.15144595191021545
89	186	0.14295408559153094
168	192	0.6101749286782446
168	82	0.5775975838885905
168	46	0.32276446725159724
168	146	0.3226300872818412
168	15	0.31269526980309065
168	190	0.27441301063887497
168	150	0.2640063000176922
168	178	0.25108454961860804
168	189	0.2469386275528149
168	159	0.2082774430681736
168	144	0.2055398851923784
168	186	0.2004199113435935
168	87	0.1998343423927469
168	94	0.18498554214964516
168	83	0.13951410354845425
168	59	0.10431909318576826
168	170	0.09910659537255068
168	80	0.09525432824530304
168	72	0.09129012379902653
82	159	0.5823160959075324
82	146	0.538094760414798
82	84	0.4956855649580863
82	192	0.4845321437958657
82	187	0.4629110986374672
82	87	0.4169793249767792
82	189	0.4027776097429988
82	63	0.3626814139957752
82	178	0.35238123596290244
82	69	0.3329122977609394
82	60	0.31815232555503914
82	91	0.3132725760585459
82	150	0.3099227964880503
82	94	0.2992266632521948
82	76	0.2888306379484026
82	59	0.28123257154738385
82	116	0.27984141038911103
82	184	0.24119260926263314
82	167	0.2403165147027351
82	72	0.2294226931783408
82	46	0.22514567958863696
82	80	0.19781735983194373
82	193	0.1931142018795826
82	20	0.18648207139620326
82	58	0.1783326111288447
82	144	0.16826444577657795
82	92	0.16725371470873404
82	185	0.15637631307218156
82	75	0.13468659264243532
82	151	0.12785638537331998
82	15	0.11105997436551313
82	65	0.10848142535529454
82	107	0.10671214879688802
82	169	0.1012518467637718
82	74	0.10005410545048274
82	123	0.092386795345669
69	20	0.6639696783018593
69	84	0.6933559553330021
69	189	0.5777041950001232
69	68	0.5393156102158824
69	76	0.5047576889002268
69	91	0.4717508585349831
69	146	0.451744580967063
69	58	0.4489304834090645
69	161	0.4330868842370916
69	61	0.3704115399844316
69	60	0.36787216373926096
69	159	0.3459008943185773
69	151	0.3442183113201515
69	162	0.3196884006279543
69	80	0.3195716818653938
69	144	0.3122982376686547
69	31	0.31153093483108474
69	94	0.2999093574669549
69	59	0.2912302479658057
69	65	0.2634201131739852
69	187	0.2609429610971837
69	46	0.24707008599124394
69	57	0.2409948157609114
69	67	0.2278968728867949
69	188	0.22076484722223386
69	78	0.2069090691242694
69	34	0.20686120919732096
69	107	0.19544285977738654
69	63	0.1862021411787364
69	178	0.1799006366736797
69	56	0.17724801377559865
69	92	0.1761629857133217
69	147	0.14109241033110165
69	116	0.1335572797714493
69	150	0.1328402313981843
69	87	0.1293119149466239
69	33	0.1281022906942354
69	72	0.12433331099600768
69	192	0.11579820735542545
69	90	0.1019347251107739
20	84	0.515506143830633
20	144	0.5006326246773373
20	189	0.4504861193821769
20	116	0.4351157726745673
20	161	0.428754785661481
20	46	0.4064572537201494
20	58	0.3992782508420096
20	91	0.3926083613890952
20	68	0.3906865527426027
20	76	0.3738661992054336
20	94	0.3543153053300539
20	31	0.33951125161933265
20	188	0.32155457961658995
20	146	0.29782390431493466
20	159	0.29780567818793313
20	151	0.2813430768064162
20	123	0.26902272331162075
20	187	0.25863966657635873
20	33	0.2365627973117365
20	178	0.22409168315597994
20	147	0.2111263954947624
20	63	0.20908086354398026
20	162	0.1995367034309144
20	72	0.19317196362453845
20	2	0.19036898373217154
20	34	0.177315813754182
20	80	0.16228245535389973
20	60	0.15084988780310812
20	67	0.14973563815460694
20	4	0.14594044484366192
20	57	0.1446972643346054
20	15	0.1399945332162202
20	107	0.13303669687044542
20	90	0.12460897293587195
20	59	0.12049175691509854
20	56	0.11625201490695013
20	61	0.11398249550683155
20	186	0.09227376718221007
20	150	0.08757111214446169
189	146	0.6641820995171536
189	84	0.5804824278006271
189	58	0.5598124559860383
189	46	0.4204347449776696
189	68	0.3979408857028504
189	76	0.3811034817261229
189	94	0.3689265874732927
189	57	0.3523899942066852
189	91	0.3290923288048797
189	161	0.31513821438217104
189	67	0.3129208075843033
189	144	0.2991447193392738
189	150	0.2990172422601685
189	159	0.2938180816001281
189	60	0.2918890428707656
189	151	0.2844341859148753
189	61	0.27714788581379995
189	167	0.2757994851484409
189	162	0.2756978492545877
189	80	0.2334923238134887
189	169	0.22728054071451803
189	192	0.2260757973016337
189	56	0.20156183836769265
189	188	0.19863396037650666
189	59	0.17920384879235898
189	63	0.164365370636188
189	187	0.162194824277826
189	72	0.15258891388990334
189	107	0.12177268180782308
189	147	0.11935829635922103
189	178	0.11501872949810645
189	74	0.10723608374957973
189	31	0.09811929079572512
189	186	0.09090435200093916
189	15	0.08619954516908868
84	146	0.4476840116598417
84	91	0.43695418427429467
84	151	0.4342804040911725
84	76	0.4245258537703968
84	58	0.40966616749174106
84	159	0.3944929731004618
84	68	0.3803168268095721
84	60	0.34581285601648715
84	67	0.30963350449203625
84	63	0.2959454746236718
84	90	0.28313773978808104
84	187	0.2728865700057626
84	59	0.26684142538335537
84	161	0.24995986343013585
84	61	0.24833725366750475
84	46	0.2467132490846129
84	65	0.2414657197283501
84	31	0.2384877033123388
84	167	0.2375254834912133
84	107	0.23562798102331356
84	34	0.22983002001770456
84	57	0.1972311595104752
84	33	0.1966736578736705
84	162	0.1932200973892171
84	74	0.18390364445924104
84	144	0.1753586260083059
84	72	0.17142069163903192
84	116	0.14725164749780414
84	178	0.1443937412919274
84	92	0.14299326793263556
84	94	0.13616889792725664
84	188	0.1341170696935545
84	150	0.12872190218282553
84	80	0.10563443622436544
84	123	0.08639507806492168
58	161	0.6356617359591953
58	151	0.5023242771750572
58	162	0.4813577477999075
58	59	0.4581521421259616
58	159	0.39450986047310416
58	31	0.3845939905178068
58	68	0.3611345543170933
58	60	0.3437422054416317
58	56	0.3436628372697911
58	91	0.327968323542508
58	76	0.3211331127044605
58	146	0.31907776443500163
58	67	0.3173971494712888
58	34	0.3008282337401945
58	57	0.28696889788774216
58	80	0.2841308553803056
58	46	0.2797308040211691
58	63	0.27011697503074433
58	2	0.2669714519165185
58	36	0.2428495181760729
58	61	0.228588843645548
58	144	0.2285225002842425
58	74	0.212425400585456
58	90	0.20370027503268706
58	167	0.1954043873930985
58	178	0.17476732072555992
58	92	0.15964267034043314
58	184	0.15249124073750914
58	93	0.1507521618981047
58	147	0.1484743180010757
58	94	0.14308142656112874
58	87	0.12913492071163452
58	192	0.1139331448260811
58	78	0.1130743531802458
58	186	0.10469494292870453
58	185	0.09869763519106643
58	187	0.0937934983681404
58	65	0.08854252089619634
46	188	0.4201053957572065
46	151	0.40442670638610745
46	144	0.3792299963809337
46	146	0.3293687270523851
46	147	0.3202359513713781
46	15	0.3170194103375105
46	178	0.310311442250412
46	161	0.2845169025446321
46	123	0.2622564683157556
46	56	0.25811705184359623
46	59	0.2357979801131206
46	80	0.18458954219441487
46	116	0.17912641680398916
46	68	0.16963419866860532
46	67	0.16702041906173815
46	76	0.15082057034110033
46	72	0.14594044484366192
46	57	0.13990629596695228
46	192	0.13651239185354738
46	2	0.12472710788128764
46	150	0.12115197628060895
46	34	0.11986100004920608
46	186	0.11826396533048175
46	60	0.10979558324120428
188	116	0.5951995863296654
188	123	0.4715098134420873
188	76	0.4676669567038297
188	147	0.4568791486845368
188	33	0.43272121690938253
188	187	0.3898812582814002
188	15	0.3632544617889529
188	34	0.3492418266089736
188	186	0.2663862560350329
188	144	0.2567164472328287
188	4	0.2360907224919421
188	161	0.23147744954277905
188	94	0.2262276141662191
188	146	0.2240631894769064
188	80	0.20868875302407608
188	2	0.18684883067489666
188	75	0.15914562766434315
188	59	0.15528351011144606
188	72	0.15345807341974813
188	151	0.1190034098304851
116	187	0.6586355752974979
116	123	0.5966183486532365
116	33	0.4812194427686916
116	76	0.4513624532567196
116	4	0.4076336361764801
116	15	0.37840776006406507
116	75	0.3265932774940655
116	147	0.298798685294493
116	94	0.292584137138088
116	63	0.29215431263695024
116	186	0.268605240750814
116	184	0.24701374777378576
116	107	0.2431600312369809
116	34	0.2222578112581233
116	87	0.1987684328730854
116	110	0.1964910003505864
116	193	0.18653033216802697
116	72	0.18160313480134607
116	159	0.17623081253898307
116	144	0.17595949520182125
116	80	0.16795348917943925
116	91	0.15230565354257755
116	83	0.13159243264593015
116	146	0.08693300727574603
116	161	0.08665313159404904
147	110	0.5053536238712838
147	80	0.5013591576010259
147	15	0.4585313050890059
147	56	0.4098492291889339
147	144	0.4067410439409976
147	107	0.34375102382428085
147	57	0.3139488122668745
147	186	0.3115399642877213
147	31	0.2646108916199589
147	4	0.24227540849167475
147	76	0.2208314345948707
147	123	0.22080289740149708
147	187	0.19518315951551385
147	162	0.1840582286212761
147	161	0.17221648385627344
147	33	0.14977474108992864
147	2	0.14921748008566418
147	78	0.13629648521205415
147	60	0.12156579052325325
147	34	0.11586726814977663
190	83	0.6175469031092125
190	185	0.4675966378587129
190	184	0.37014404273671503
190	93	0.3692030006468615
190	193	0.3308122118902845
190	192	0.32507376269736177
190	87	0.2949871400905008
190	75	0.28674864699833885
190	170	0.25274222427593185
190	178	0.2413809653991475
190	150	0.22236237486247976
190	59	0.21486854779273631
190	159	0.15967190562694258
190	186	0.15515664223700384
190	169	0.1463123307288414
190	78	0.12599683454217106
190	92	0.11335076439499965
190	74	0.11286703328031795
185	184	0.5532064085481286
185	167	0.4980954807649306
185	193	0.4610311675187039
185	74	0.4514978090984274
185	93	0.4098409089187404
185	90	0.4078920923018075
185	65	0.4077753782718826
185	75	0.3867986960120857
185	63	0.3733413428929461
185	91	0.356246348176937
185	92	0.3125689532405591
185	83	0.2742095649100528
185	150	0.2696626668943956
185	162	0.26467598908939016
185	59	0.2450502599693843
185	94	0.22435760568045449
185	169	0.21857583496205807
185	64	0.2164704049806914
185	159	0.13300722771572132
185	192	0.13037370695019845
185	4	0.13024591443446673
185	170	0.1155614189932099
185	87	0.1075820458984036
193	184	0.6298877233391129
193	92	0.484095843041197
193	63	0.4616294199851733
193	87	0.4529297133601072
193	90	0.4302064576503009
193	187	0.3865180325636974
193	91	0.3286910051917292
193	4	0.2998001470118142
193	75	0.2936810249204577
193	159	0.24378090781654424
193	93	0.23774249541011785
193	74	0.2196230298238568
193	83	0.2088035240298784
193	65	0.1989893357255534
193	167	0.19275797488775476
193	107	0.17023629429508924
193	170	0.13518730656100195
193	78	0.1262920608133472
193	110	0.12622317668241712
193	162	0.1241757812671168
193	94	0.10438833090693382
83	87	0.38287997203210455
83	184	0.368762436266036
83	93	0.3432747444347956
83	75	0.3286642460611794
83	169	0.2868312446356974
83	178	0.2536593957512219
83	64	0.2433199730677573
83	150	0.23362468687267865
83	186	0.20018954062081265
83	170	0.1970197083675028
83	72	0.15068375201131295
83	159	0.14256223755415334
83	192	0.11685372829868552
83	92	0.10595085475474596
83	36	0.09825298932557268
83	78	0.09333256900585572
150	169	0.5701263349783462
150	61	0.4081004770581021
150	94	0.4058309685432894
150	146	0.4017298700347152
150	64	0.2978968066515759
150	65	0.2978876940495042
150	67	0.24471184799671264
150	91	0.2420588968266573
150	192	0.21027590708626667
150	170	0.19115914312218849
150	144	0.18867219999370646
150	74	0.18313058733009746
150	167	0.15064465999943735
150	68	0.14640040291202833
150	107	0.1389453468168228
150	159	0.129960823233675
150	123	0.12770883463292304
150	93	0.11631120362217247
150	87	0.11597578999156358
150	72	0.11023025798314816
150	33	0.10473450432176533
150	184	0.08918242760561816
150	36	0.08587992888521555
169	64	0.5836363724395068
169	170	0.5540178193144114
169	65	0.3419861423505891
169	61	0.282070383400974
169	167	0.2282286684633006
169	67	0.17838102057114566
169	146	0.16462806465853108
169	107	0.13436256461007953
169	90	0.13052115447008106
169	74	0.11419963181634392
169	192	0.10734481751297867
169	92	0.10558499389497182
169	91	0.10201389320995206
94	76	0.4094997191300653
94	187	0.375963228781949
94	146	0.3653532844618546
94	63	0.3373950287349954
94	91	0.3034725633107904
94	192	0.2733122616827469
94	167	0.2657451018182699
94	184	0.2634201131739852
94	144	0.2624147689192404
94	186	0.22248594343642544
94	33	0.20972148478619626
94	159	0.18657859203964935
94	123	0.18372972640304988
94	59	0.15887270716255153
94	107	0.15289168171175158
94	75	0.152540077686183
94	4	0.14188619471468494
94	80	0.12693164092523834
94	65	0.1091533732945332
94	34	0.10093511713202696
94	67	0.09736258954820563
94	92	0.0939461413901958
94	68	0.09146862076439036
94	87	0.08780430519681456
68	61	0.6250069868019349
68	91	0.4471321317428967
68	161	0.43588559478047706
68	67	0.4221866631916312
68	65	0.3484074213820257
68	146	0.3362336404613566
68	151	0.2985345538042332
68	56	0.28356080784577664
68	59	0.2766954617755092
68	162	0.2763260450602668
68	78	0.22307517208505206
68	159	0.21447744244185385
68	93	0.2031634503812059
68	57	0.19873001292323525
68	31	0.19783657712175384
68	34	0.1900412842532901
68	144	0.1870225405832774
68	74	0.1592625861504734
68	178	0.15860951082398608
68	76	0.1370422894978502
68	63	0.10257792845577872
68	60	0.08968834826319556
68	90	0.08773583674423206
67	60	0.39907649306126775
67	61	0.3911525027830195
67	57	0.3259231108424576
67	146	0.2946949580917977
67	65	0.2628802770468707
67	161	0.22172540822797965
67	167	0.20325932089439086
67	72	0.1599155221178283
67	162	0.15651288658414794
67	34	0.15196375428515738
67	107	0.13163173977627518
67	91	0.12519961226793722
67	2	0.1228069791657612
67	4	0.1217234229372466
67	63	0.1077797268630634
67	64	0.09516811691574964
61	161	0.3280129446496929
61	59	0.3042168595384322
61	65	0.29661139452143304
61	93	0.26532683103408083
61	91	0.2638574456234346
61	146	0.2556512657627973
61	162	0.2432070743249522
61	36	0.2257436596274386
61	60	0.22271405125305144
61	78	0.22243841790752827
61	74	0.22078387239587416
61	159	0.21596518256537886
61	57	0.19699087270004007
61	192	0.1865689401373513
61	64	0.13770945642196586
61	92	0.13590389452225235
61	31	0.11458452844755505
61	167	0.11448584027848625
61	178	0.10966714856783792
61	56	0.10427952831962266
61	170	0.09693268550109346
61	63	0.08893441045744076
146	159	0.3996144278841696
146	72	0.36136062436191213
146	187	0.32045132255904746
146	178	0.276833971968914
146	192	0.26185599791500275
146	144	0.26077520964096457
146	59	0.2527890297528102
146	60	0.236940376780268
146	76	0.2324331081645254
146	80	0.22321770293485887
146	2	0.21950881492732596
146	167	0.2189281295584572
146	63	0.2062006411927954
146	91	0.203556494710859
146	87	0.1624577098255195
146	36	0.1371992811599333
146	151	0.1272169580386411
146	57	0.11989056894309247
146	31	0.1036662307629074
146	186	0.1025482440313808
146	34	0.09432772960674644
92	65	0.606869014403575
92	78	0.5825803975163826
92	91	0.5824086154793616
92	90	0.5748053860759149
92	93	0.5715622452811365
92	63	0.43462113014632653
92	184	0.4064238614772304
92	31	0.39173677480456665
92	60	0.3424275895686063
92	159	0.30711787224558695
92	74	0.3024190237998998
92	87	0.2460745318792089
92	64	0.22216274899907373
92	187	0.2096928040987916
92	107	0.19875882794289326
92	162	0.176589297946703
92	4	0.17218737346140287
92	167	0.15604460965641234
92	33	0.15528351011144606
92	161	0.11882595515729286
92	170	0.11135626418947056
92	80	0.09039755120329754
92	59	0.08790750245609634
2	36	0.6275899168982039
2	34	0.5726654494139758
2	33	0.4687132258158381
2	144	0.3439361958534734
2	110	0.3304915709372696
2	123	0.2613436368860253
2	31	0.209788404986582
2	161	0.1940863459109371
2	59	0.18484067107849428
2	63	0.15898967606756034
2	4	0.15811230070557597
2	178	0.15443437389282727
2	159	0.14584257327699027
2	72	0.14208216281258834
2	151	0.11978214862602404
2	184	0.09187418366738667
15	110	0.3476164225228565
15	56	0.2778585895744363
15	123	0.2600014854303896
15	76	0.24859058539946705
15	107	0.24589602854387865
15	162	0.2396097014615207
15	192	0.21857583496205807
15	144	0.20362359328740712
15	4	0.1865399842143745
15	80	0.1719350707796314
15	186	0.16972160751536944
15	187	0.16757446563797426
15	57	0.13690491614558895
15	75	0.10044018614424784
15	87	0.09019918196297644
15	170	0.0869697275357509
33	34	0.6929819032509192
33	123	0.6751079726847221
33	76	0.3748808155210447
33	4	0.3624469062457168
33	187	0.31168442794160056
33	63	0.2796109720761084
33	65	0.2443169586668021
33	110	0.2269391091129021
33	75	0.21799490056873294
33	167	0.19481760907736725
33	36	0.15343854434741874
33	72	0.13852362314434488
33	31	0.1014003067174107
33	161	0.09970759711868456
33	186	0.08992145300585501
33	184	0.08516122408605611
34	123	0.4621171572600098
34	36	0.3779878465294971
34	76	0.2319222176712131
34	63	0.2161653788813779
34	162	0.18233796866837146
34	161	0.16304181731527845
34	187	0.15948674408411725
34	144	0.1584047869732081
34	184	0.14368867979092256
34	78	0.14106300741870226
34	59	0.13883746880748593
34	31	0.13422508948679387
34	65	0.1263806243348536
34	4	0.10043028701661537
34	56	0.09317098643695264
34	57	0.09023389709713266
123	4	0.27988749418351644
123	110	0.2665999217636112
123	186	0.2561932779432638
123	144	0.2092529883989288
123	187	0.19094717341117948
123	76	0.18283096674181493
123	75	0.15202236817169887
123	184	0.09289935805755356
57	162	0.6756572694724254
57	56	0.5554646462256865
57	74	0.3616040369065975
57	107	0.3546737821067133
57	60	0.3201910782061429
57	161	0.28793213858685063
57	90	0.282144016643141
57	91	0.2114416639809148
57	80	0.20065985728089306
57	65	0.15178790621387153
57	4	0.13227042254553095
57	31	0.12301380670238148
57	76	0.11918085690146428
57	78	0.11708058159511706
57	170	0.0988818199402092
162	56	0.587415019362412
162	74	0.4069246310891996
162	161	0.3926506534925767
162	91	0.3840570453887984
162	90	0.3801029667025669
162	65	0.239911306226758
162	63	0.22399670273611025
162	78	0.21153719120302614
162	76	0.18103253175196266
162	107	0.17958129792591612
162	60	0.17183802527825875
162	31	0.1708382628368277
162	93	0.14344383260975652
162	184	0.13732683181067568
162	151	0.1372973974491827
162	80	0.13542291276636062
162	192	0.11807661853246905
162	159	0.10849130766237727
162	59	0.09918580897495476
162	186	0.0964700524990132
56	161	0.4927608442321346
56	110	0.2579677055830524
56	60	0.2516372720381149
56	151	0.20320179905404065
56	80	0.19413446196848008
56	31	0.19100498509938935
56	144	0.18215427926242214
56	78	0.16470589544134068
56	107	0.1429051070350169
56	36	0.13789584840288094
56	90	0.13271252324200233
56	170	0.10627713889217867
56	65	0.10056887299320083
56	74	0.0973051390333282
87	187	0.504459540848921
87	159	0.478209241324694
87	184	0.4443515759228477
87	192	0.330821117493628
87	80	0.3128035323403781
87	170	0.2953522900200853
87	178	0.29220004426175794
87	60	0.2492941061417201
87	76	0.2241011809638712
87	167	0.2108684158709442
87	91	0.1874567641658396
87	63	0.18546838762428988
87	59	0.15976935455888744
87	93	0.1553615801039599
87	78	0.11203765557594003
36	144	0.2751063909291305
36	59	0.25427682585561096
36	178	0.22231484658538211
36	93	0.20418906237254555
36	110	0.2020894348795884
36	151	0.1970197083675028
36	159	0.18758219290351646
36	74	0.148190698737776
36	161	0.09389658245131766
187	76	0.6217605080679721
187	63	0.5653827897805799
187	80	0.465202278016626
187	184	0.44278524493486704
187	167	0.3744939913229491
187	4	0.3527315175569728
187	159	0.3398916308716933
187	60	0.3127945107726571
187	75	0.2605888006632746
187	31	0.23235742876943674
187	107	0.19457708584303945
187	91	0.17944580944239272
187	72	0.15631777973613556
187	192	0.14933480608148672
187	59	0.10164772993450794
76	80	0.4173923029619946
76	63	0.4012181907104624
76	167	0.3925068535662959
76	75	0.3606300912462802
76	159	0.3240896514409763
76	161	0.315381379420577
76	59	0.2916145786090708
76	60	0.2199561222097597
76	184	0.21855679038671955
76	178	0.19526972931263487
76	91	0.1812453132629856
76	186	0.17699617055838962
76	151	0.1714595159706586
76	31	0.16966333524747906
76	72	0.15885321191135046
76	192	0.15765401644777136
76	107	0.13485350493778278
76	4	0.12389024268374765
76	144	0.1163506623067284
63	167	0.5781637296748942
63	91	0.4752032456972244
63	184	0.4481556386577615
63	31	0.4004040208613122
63	65	0.3217697476438338
63	159	0.32138421470619044
63	60	0.2887114784827405
63	74	0.2780062301461362
63	4	0.22865518488373826
63	75	0.21591751409868615
63	90	0.19776931594218056
63	80	0.1822219557866801
63	59	0.15249124073750914
63	78	0.11838228528689587
63	161	0.09955908613938594
110	4	0.3695743280051049
110	107	0.3515401573302072
110	144	0.2723311593820055
110	186	0.12363422512879693
110	90	0.09248891523559603
110	31	0.08476510436839609
65	91	0.5937317816784348
65	90	0.5176322942493289
65	93	0.3946027362589829
65	107	0.34413015691059395
65	64	0.2898477117722465
65	74	0.2663955463939103
65	78	0.22775465857403274
65	4	0.21012297649548886
65	159	0.18980994147174174
65	161	0.16725371470873404
65	167	0.15718591135904408
65	184	0.13885708323616405
78	31	0.5085411039619403
78	93	0.4868931577402165
78	80	0.3457952476253331
78	186	0.26662778927517
78	90	0.26369927405782545
78	91	0.2615392830413914
78	60	0.20867918851407274
78	74	0.1977789247961536
78	161	0.16470589544134068
78	184	0.16051960690284112
78	64	0.10236023843755812
78	75	0.09430295199133552
78	59	0.08979448653623819
78	151	0.0889413550878118
144	161	0.2600853993970467
144	186	0.2408723621303706
144	59	0.2017824838846694
144	159	0.20151386924302964
144	151	0.17994901802649388
144	80	0.1509573828932046
144	192	0.13617871249420432
144	91	0.10341891103023394
90	74	0.5524356370022014
90	91	0.5687951783678548
90	93	0.5240450176185313
90	107	0.4137687692134424
90	64	0.3205948849490404
90	4	0.19458670722189472
90	184	0.14974541393235544
90	151	0.1413472251399808
90	167	0.12208792436539355
93	74	0.42495204410472864
93	91	0.328432311495496
93	59	0.2665163165544597
93	64	0.2593113773503994
93	184	0.2271288002288573
93	159	0.12739404083390612
93	151	0.12342742970130928
93	161	0.11554168603643634
74	91	0.4783480662393425
74	167	0.2334828689780656
74	184	0.152540077686183
74	64	0.15146549313349705
74	107	0.13889631176667416
74	186	0.13757210872010672
74	159	0.11138589208395687
74	59	0.09990560484648484
74	75	0.08655487411920885
161	151	0.4419246204036883
161	59	0.4371159843404633
161	159	0.32901207358655155
161	31	0.2799243602903863
161	60	0.268605240750814
161	80	0.248825121498927
161	91	0.22763139830920945
161	178	0.08968041260950038
4	107	0.5617798603714328
4	167	0.2622285314496205
4	184	0.2239017180610852
4	91	0.20630596174599533
4	60	0.14807333190920174
4	72	0.14568597283307352
4	31	0.13140571812781826
184	75	0.5038927280136515
184	159	0.4470761248900424
184	91	0.4040167700530184
184	186	0.29800615364126715
184	59	0.2737748486326621
184	167	0.2531727900166881
184	178	0.13352781477980966
184	192	0.11493978711653748
184	64	0.09946799721038993
184	31	0.0906207080242607
75	186	0.4923594304574878
75	167	0.3163896215962687
75	59	0.2640621171738734
75	178	0.2083635372997112
75	192	0.15751749310582613
75	159	0.1476429512098118
75	91	0.10309242940532412
107	91	0.3454078014158741
107	60	0.315381379420577
107	167	0.0934435922163734
80	60	0.5680438203270126
80	31	0.5291472162944252
80	192	0.2994633653167329
80	186	0.28315613634430953
80	159	0.1776160505628566
80	59	0.13523639244877886
80	170	0.11397262541567453
80	151	0.11370612445624365
192	178	0.21753766321245452
192	159	0.21452514190162544
192	59	0.16870167182507514
192	167	0.1467820222032758
192	186	0.14157262262961245
192	170	0.10183576317115632
192	60	0.09772708802560352
192	91	0.08887290049677829
91	159	0.5216180200672803
91	31	0.22037479415727296
91	59	0.19763478799661546
91	167	0.17966839406817472
91	60	0.17466067847365946
91	64	0.1482004791184501
159	178	0.5522410587467854
159	59	0.5054504178146956
159	151	0.2540991020452425
159	60	0.2513281424136236
159	31	0.2403824709511944
159	72	0.17695742338986195
159	167	0.13550144476616635
159	186	0.1001531033772361
64	170	0.2479618849569342
170	167	0.25044731046293034
170	60	0.16996439585269024
178	72	0.5131305580074692
178	59	0.4462516188794446
178	151	0.4006474988023408
178	31	0.15996424307951507
59	151	0.5807210723742494
59	186	0.204811879060226
59	31	0.15476624746234002
59	60	0.10799716608044167
59	167	0.09871446956202484
151	31	0.2947954018723465
151	60	0.17708334968142553
167	60	0.17875858456789026
167	72	0.11061550262521366
167	31	0.09601728562674464
60	31	0.5192190726639012
31	186	0.13612963939219644
