9	108	0.9330688747322066
9	11	0.8935567259574839
9	0	0.8440810448879216
9	109	0.8859338666630419
9	3	0.8826859272305795
9	103	0.8733907818539237
9	106	0.8547434265326568
9	5	0.8309816138124989
9	112	0.8281126414440081
9	1	0.7744692240213933
9	13	0.7585452290232669
9	70	0.7514597374154028
9	102	0.7498095927751642
9	12	0.7435310342799853
9	113	0.7130493359263309
9	6	0.6923107925405304
9	111	0.6851676344913178
9	114	0.6598568262086663
9	176	0.6578761986478954
9	101	0.6510044592629245
9	155	0.6079796366118082
9	100	0.5671015935262612
9	95	0.5417010629669022
9	51	0.5052419227476104
9	145	0.49821577531972294
9	20	0.4979150029794652
9	144	0.467291854473185
9	124	0.4655939802938524
9	154	0.4594153696308526
9	157	0.4532714342956977
9	40	0.4285017395427498
9	110	0.4059896635374892
9	146	0.4034141201274177
9	139	0.40104198083402187
9	140	0.3863053610651601
9	130	0.3799147361836334
9	104	0.3714895344098151
9	134	0.36400074819451506
9	8	0.3616127293003701
9	141	0.3551195467557641
9	135	0.3517504802655673
9	153	0.31551645321742705
9	164	0.30986855860792895
9	173	0.2996636228925677
9	47	0.2935713708819146
9	10	0.2933429001560087
9	149	0.2866017962279593
9	171	0.28139832663808845
9	7	0.273608331908798
9	138	0.26547556098652153
9	143	0.26435977879479033
9	178	0.2541271648407024
9	49	0.2519088890274657
9	152	0.244805857307025
9	122	0.2438937730185548
9	150	0.2408158424832875
9	53	0.2403636265352463
9	179	0.2352407070550856
9	2	0.2293658504822774
9	35	0.2245855126837836
9	148	0.21774724219930072
9	168	0.21488762434089814
9	142	0.2130364377176313
9	125	0.21118372030723426
9	137	0.2022812590959632
9	136	0.2022812590959632
9	17	0.20184004021752056
9	197	0.19992074679972652
9	23	0.19643331619338367
9	159	0.1940574758281372
9	107	0.183178910046988
9	48	0.18253131218805696
9	42	0.18087777091501234
9	50	0.1750678359135788
9	192	0.17167304027240787
9	67	0.16603842852163886
9	123	0.16210719064331966
9	25	0.15851202497578515
9	105	0.15748823732040498
9	45	0.15549819792066485
9	127	0.15344830889856698
9	119	0.1526377493484431
9	19	0.14411956808890874
9	24	0.14229771485635098
9	69	0.13071774218133606
9	175	0.1276596497962193
9	99	0.12485508341481713
9	43	0.11737645883502093
9	156	0.11685372829868552
9	32	0.10985485954643058
9	132	0.10587175213112532
9	34	0.10480373596193863
9	172	0.10400256502161948
9	37	0.09925610999420947
9	161	0.09363192984637156
9	16	0.09308672364061417
9	169	0.09147357892957983
9	44	0.09035787792855456
9	27	0.08899691181942132
9	4	0.08742821463623174
9	121	0.07777759354565628
9	30	0.07545033559389397
108	3	0.9028082251311551
108	109	0.8902230980300698
108	103	0.886062870784429
108	11	0.8552544819394312
108	112	0.832307586743129
108	106	0.8158904046028747
108	1	0.8055069042989824
108	13	0.7767402991223566
108	0	0.7739083398558421
108	6	0.7687236197482993
108	102	0.7485284575647251
108	111	0.7325970384075877
108	5	0.7282495094894945
108	176	0.6981693504150351
108	70	0.6968239865064392
108	113	0.6953239392825373
108	114	0.6938541108152972
108	12	0.6304243072842657
108	155	0.6199168330141579
108	101	0.6102439695651996
108	51	0.5081109732930427
108	20	0.505867230921317
108	110	0.5053089454537429
108	100	0.500864892385135
108	124	0.4961003145456855
108	145	0.4725434770133073
108	144	0.4720695518384146
108	157	0.4681746392566455
108	95	0.4524288120512362
108	8	0.4506056706412894
108	140	0.4492019188508486
108	154	0.4465158635889484
108	146	0.4304590499006729
108	104	0.4259593984467169
108	130	0.4140008050383834
108	134	0.4039665626090287
108	139	0.3990260475762708
108	135	0.3986139857172319
108	40	0.3817101971537211
108	10	0.3810350988304947
108	141	0.3556175632555364
108	149	0.3379266198142429
108	7	0.32945787573997304
108	164	0.328432311495496
108	53	0.3231675290764806
108	138	0.3215904432613791
108	2	0.3096244631931128
108	173	0.304289453939712
108	153	0.3005553584096643
108	125	0.2956717254446201
108	150	0.2943844543326695
108	152	0.29373584904167976
108	171	0.2927578624377489
108	107	0.28789545436102465
108	137	0.2864457525268859
108	49	0.2813430768064162
108	178	0.27620596703826744
108	47	0.2612784167277485
108	35	0.26098023705893
108	143	0.255230628306125
108	136	0.24626241209514865
108	122	0.2307391101950897
108	123	0.23007627161928665
108	23	0.2220011334655862
108	17	0.2217063913867849
108	42	0.20769383048393306
108	179	0.206133616534778
108	148	0.2034893942221145
108	127	0.20318262479554114
108	69	0.1988164569512665
108	197	0.19690436365289274
108	45	0.19157339606397494
108	132	0.19097607942089415
108	50	0.19097607942089415
108	24	0.18790056144816944
108	48	0.18599941421444527
108	142	0.1849662264712014
108	119	0.18386499699698308
108	67	0.1781970600983135
108	4	0.17783878554370222
108	159	0.17745140866156608
108	175	0.17571722498542025
108	105	0.1684199115219601
108	37	0.1679048991901632
108	25	0.16144498729285406
108	192	0.1545027036557344
108	168	0.15447341965257252
108	169	0.14369847331248306
108	43	0.1432969158696804
108	30	0.13315457113656154
108	19	0.12959705499005836
108	44	0.12857438473483818
108	129	0.1266364631863156
108	32	0.1240871680432494
108	34	0.1235652945118703
108	156	0.12323047170801213
108	16	0.11783009678245225
108	99	0.10274613674156144
108	27	0.0981866356834133
108	82	0.08410186657458346
108	161	0.08015368313975058
108	14	0.07820100246629914
108	118	0.07670900766745553
108	62	0.07417352209516971
11	112	0.8539331101012775
11	12	0.7759855045351498
11	113	0.7562129631767124
11	106	0.8330741503070718
11	3	0.8223391813478077
11	109	0.8208442488751666
11	0	0.8153883062220563
11	103	0.8111219114483732
11	5	0.8012520774947798
11	13	0.7725814384934345
11	70	0.749516129056025
11	102	0.7341268514104683
11	1	0.7164779818793933
11	114	0.6738433824860333
11	6	0.6735539335393927
11	101	0.6625694963572761
11	176	0.6449013343459041
11	111	0.6381046293617098
11	20	0.5551741656838116
11	100	0.5194016518490943
11	155	0.5064250929221488
11	95	0.5023766122571683
11	124	0.4939562675916402
11	144	0.4782323804703719
11	40	0.44669998810058265
11	140	0.4379164779895301
11	141	0.4326968340224071
11	145	0.4236072662592255
11	51	0.4019478866670119
11	110	0.391474314827482
11	135	0.3803510406535197
11	134	0.3799831872864993
11	139	0.3689697813351413
11	104	0.36653981807832303
11	154	0.3635322042770063
11	7	0.3608649537750471
11	130	0.3599078200918377
11	146	0.3591241467333433
11	157	0.3447911670078517
11	8	0.3207474038514751
11	10	0.31020299339552504
11	35	0.2818770803308009
11	173	0.2661168141025015
11	143	0.2562399955950043
11	2	0.2531259942474366
11	159	0.24816834696956094
11	138	0.24336701226497465
11	149	0.24258601351397865
11	152	0.2349667364477186
11	148	0.23043612480587786
11	153	0.2297731885443641
11	171	0.2276408801270905
11	24	0.2185282232115404
11	150	0.2169088059547178
11	136	0.21319871646990396
11	49	0.2118715046433292
11	47	0.2105626242036243
11	53	0.2089947962573356
11	37	0.2067654863734932
11	23	0.20598998575496524
11	42	0.2010341248651841
11	137	0.1993158507252017
11	175	0.19909497776961632
11	164	0.19456746442674205
11	17	0.1929120252334297
11	142	0.18737957421149648
11	107	0.17810023379244272
11	105	0.1745249460449144
11	25	0.17326425737082218
11	122	0.16743839381477518
11	178	0.1663787596640141
11	169	0.16350902105158618
11	127	0.1630515514730655
11	197	0.15441485083204598
11	119	0.1366399669564962
11	123	0.13183809541688934
11	39	0.1304818356956953
11	125	0.1257507955978435
11	179	0.12453021434260868
11	43	0.11890482483877385
11	45	0.11619282536602515
11	32	0.1074930866880005
11	48	0.10618815457601168
11	192	0.10513010000110172
11	4	0.1023800288446722
11	69	0.09864911227637596
11	67	0.09851443397436456
11	120	0.0982896320072999
11	19	0.09510865999454543
11	168	0.08747882458219783
11	132	0.08589581085759615
11	14	0.08522178137291657
11	99	0.08222692514908536
11	30	0.07983573087152351
11	27	0.07453252634883809
11	50	0.07224491495352096
0	5	0.8313834898737626
0	101	0.7943089583083127
0	106	0.80445087968031
0	3	0.7969876135982992
0	112	0.7899504948125888
0	103	0.7829312626031382
0	70	0.7775324165425952
0	109	0.7672469090839741
0	113	0.7060183164662276
0	12	0.7060032700034354
0	114	0.7031278053793316
0	102	0.6910590212287605
0	100	0.6752984079082539
0	176	0.6743453314564335
0	13	0.6354352262765274
0	1	0.6175159703629942
0	95	0.568517760149323
0	111	0.5144774473016394
0	155	0.5033180142084074
0	6	0.5023392304312388
0	145	0.4816189252494505
0	40	0.4726988028640592
0	139	0.4643163595555521
0	20	0.4598412901850502
0	144	0.4345724626088749
0	51	0.4204594417049177
0	157	0.40332201776545096
0	124	0.4016208446369928
0	154	0.39884946935760696
0	141	0.3976462696129347
0	135	0.38170165414785795
0	140	0.3614214821173423
0	134	0.3528103172980833
0	7	0.34732626551696544
0	146	0.32947570477265464
0	130	0.3039809033338498
0	197	0.27988749418351644
0	110	0.2777755359833388
0	104	0.2760951181330913
0	99	0.2746349234195353
0	142	0.27309942921371216
0	148	0.26601460110831043
0	153	0.2613063685163128
0	173	0.25524932535720873
0	164	0.2525175415230729
0	192	0.2522647408727041
0	47	0.249022109275146
0	53	0.2355240855908573
0	122	0.23550519493377364
0	143	0.2291289890785745
0	168	0.2287120471119449
0	150	0.2232367063271604
0	179	0.21992757344225491
0	17	0.21891860883287306
0	49	0.21678491888794335
0	35	0.21662290218781172
0	171	0.20979796485477756
0	48	0.2092816746144453
0	2	0.2057697346549324
0	178	0.19866277654127554
0	120	0.19765400673045852
0	50	0.19293128085814465
0	149	0.19108206528906227
0	152	0.1885757578943387
0	156	0.18566150075387727
0	159	0.16369393561667972
0	138	0.16358688121695575
0	136	0.1626816311779677
0	42	0.16109435014311374
0	32	0.15890194980705458
0	119	0.15598607010360788
0	10	0.1481417963996328
0	19	0.13416616999483502
0	117	0.12668566103507212
0	175	0.12536694396455342
0	46	0.1237130015157424
0	52	0.121250507306422
0	105	0.12110270987228172
0	125	0.11961458433526445
0	43	0.1181259211369615
0	39	0.10352773328999683
0	24	0.10219201670704203
0	37	0.09613617793799123
0	172	0.09500559972386627
0	23	0.09448035713943234
0	137	0.09404327555960433
0	8	0.09213099136660223
0	45	0.09136053163659694
0	16	0.09092319495996863
0	147	0.090547315228569
0	14	0.08858518362328473
0	127	0.08845322576488059
0	77	0.08492990931750617
0	161	0.08271955142860299
0	67	0.07734421639522067
0	181	0.07603396803206662
0	56	0.07588284502365003
0	195	0.07279301723019105
3	103	0.9108173629938552
3	109	0.8573086698085952
3	106	0.8248163853905348
3	1	0.8132998953711429
3	112	0.8024303415894809
3	6	0.7373605189362059
3	13	0.7326989483284339
3	176	0.7102013451399434
3	102	0.7060634520304309
3	5	0.7006774000676912
3	113	0.6641820995171536
3	70	0.6641206201904651
3	111	0.6592918646343296
3	114	0.653085365596533
3	101	0.6238661398336851
3	12	0.5674610352222159
3	110	0.4888210045126841
3	155	0.4869084162926877
3	124	0.4823252118560411
3	20	0.4667523501629927
3	100	0.4456828285204715
3	95	0.4265158570231859
3	51	0.4200148053110329
3	157	0.4091584147541175
3	8	0.4012601410670372
3	145	0.398370036525805
3	140	0.3895420083508412
3	139	0.384005894199008
3	104	0.3792642432458117
3	144	0.35759888748222324
3	154	0.353142972138132
3	146	0.3278701519555524
3	141	0.32070254707698165
3	10	0.3132996316130576
3	134	0.307425770811197
3	130	0.3021918709472852
3	135	0.2945945077989771
3	40	0.2702096762083991
3	2	0.26358761500188865
3	164	0.2571460809334994
3	173	0.2557166895620151
3	107	0.2541084563579364
3	150	0.2389403507965402
3	17	0.22739433883697746
3	35	0.22552536914338675
3	49	0.22397770614146606
3	105	0.223626238455516
3	197	0.21781392221253065
3	7	0.2156124115477916
3	53	0.2148017785830813
3	137	0.20277992938970948
3	138	0.19656791044439348
3	125	0.19164082613399275
3	149	0.19108206528906227
3	153	0.18312092268051894
3	171	0.17694773651201756
3	175	0.17588197105021391
3	47	0.17163421887115532
3	152	0.16779799834225395
3	178	0.1618540124508303
3	4	0.16116253277685846
3	136	0.15940877797124176
3	48	0.15822929854520254
3	143	0.15496145089928592
3	148	0.15000934885869147
3	179	0.14002394513860622
3	50	0.13683622749435873
3	37	0.13653201908729504
3	159	0.1341072495542682
3	45	0.13197565949724807
3	19	0.1306882546795523
3	42	0.13065876694654746
3	119	0.13013777892544492
3	132	0.12361453078853413
3	169	0.12180223684226328
3	142	0.12130962477513835
3	123	0.12106329631603273
3	23	0.11819494380478605
3	122	0.10898539563715888
3	192	0.10829365744911423
3	127	0.08959014374752572
3	161	0.08951475324028126
3	121	0.08597919049620814
3	67	0.07940945063392066
3	32	0.0787187952014376
3	168	0.07605683502529445
3	43	0.07391196394891203
3	174	0.0729571409515826
109	106	0.8670572223472941
109	103	0.8841788291941973
109	1	0.7773741900040386
109	112	0.761846025437114
109	6	0.7329396957517166
109	5	0.7181624948943196
109	102	0.7113443364093359
109	113	0.6894674727910001
109	111	0.6801322068941785
109	13	0.6681257949367345
109	114	0.6232366207678495
109	176	0.6136280925687689
109	70	0.6116103227063959
109	101	0.5893111204576328
109	155	0.5777574931658099
109	110	0.5539900961298253
109	12	0.5328021570690032
109	100	0.5234499530505976
109	95	0.494817630390873
109	8	0.4756985713863344
109	104	0.4726522081920941
109	51	0.4586418628570114
109	154	0.4346049079158537
109	10	0.4215865947117209
109	157	0.4189023319817661
109	144	0.4153008661883018
109	107	0.4119354579187279
109	145	0.4085671046083554
109	20	0.4041673777796561
109	140	0.3758430112240165
109	124	0.3746831216728001
109	146	0.3722392280302337
109	139	0.3694620786866661
109	40	0.36202989025231497
109	134	0.3550845906549385
109	135	0.3285750451484256
109	164	0.3140028974166081
109	105	0.31141354677568106
109	141	0.3065653048414414
109	173	0.3022554772068101
109	2	0.29847990019812826
109	130	0.29344343140541124
109	47	0.2879688219676808
109	153	0.27761864564842603
109	125	0.26176285233260466
109	4	0.2607379294005125
109	138	0.2518714269735396
109	171	0.2484310841978745
109	53	0.24012805605275045
109	178	0.23782740665858634
109	7	0.2306823038409294
109	149	0.22179196584387914
109	137	0.21797585092121446
109	197	0.20614319160436154
109	150	0.20367151967103286
109	49	0.20301963730778605
109	35	0.19923902764506896
109	179	0.19796148579809247
109	122	0.19732726760157565
109	136	0.19250762281207207
109	152	0.19088936039827697
109	168	0.1884503777275097
109	17	0.18433838920418094
109	42	0.18182554017716526
109	148	0.1817868623169633
109	143	0.17954258762557354
109	50	0.16956621216471293
109	142	0.16517283703426694
109	48	0.15662994483101114
109	132	0.15325301218428156
109	159	0.143913923662561
109	23	0.14005335681389086
109	45	0.1371600338902764
109	99	0.13651239185354738
109	127	0.13647313706454295
109	16	0.13149416300993666
109	192	0.1301869318134964
109	25	0.1172087976207496
109	156	0.11423910997375095
109	67	0.11037843292556627
109	24	0.10593107922451636
109	123	0.09983630304103493
109	175	0.09737348526232374
109	172	0.09618373409459906
109	161	0.09390748545780576
109	169	0.0929628053416308
109	69	0.09263862145957147
109	119	0.09249089812683037
109	34	0.09110368737219997
109	66	0.08833614777225618
109	43	0.08787971876412821
109	184	0.08681887523022906
109	19	0.08469560691474677
109	174	0.0814908905361087
109	32	0.07255627425311008
103	1	0.8451415784977282
103	106	0.8554155231440526
103	102	0.7508627508709756
103	13	0.7507580427728026
103	112	0.7454432463428458
103	113	0.7446424067832909
103	6	0.7399776594017888
103	5	0.6975691657401372
103	111	0.6909963235382233
103	70	0.6502547740700968
103	114	0.6419126087775741
103	101	0.622514430175055
103	176	0.6146495390452503
103	12	0.553102305509908
103	155	0.513852157996786
103	100	0.4855110287657705
103	110	0.4690018896688759
103	124	0.450876593663896
103	95	0.4466199386129759
103	20	0.44029767094637295
103	51	0.42556641000266027
103	8	0.4215290344811302
103	139	0.4017382561321407
103	145	0.3983111437916443
103	157	0.3943831986831569
103	104	0.3828373010688964
103	154	0.3803168268095721
103	144	0.3796152136906802
103	140	0.3745971571963096
103	146	0.3624121604523889
103	135	0.3506897406777398
103	40	0.34799440601425513
103	10	0.33220077289082817
103	134	0.3176848831330398
103	107	0.3145796788222624
103	141	0.3145346261323833
103	105	0.30362689909563256
103	2	0.28342286298920993
103	153	0.2645550918695504
103	173	0.2622564683157556
103	150	0.25854635361093903
103	53	0.2566323765907325
103	130	0.2565202763602505
103	7	0.2397416592408228
103	149	0.2352879395899827
103	49	0.21831871915131407
103	138	0.21566962148489172
103	164	0.2144965223485408
103	137	0.2112792584329338
103	125	0.21121238216872634
103	152	0.2107155251920883
103	17	0.2062389401287073
103	35	0.198547509821778
103	136	0.19081227432108155
103	178	0.18838286278513536
103	4	0.18508211839772185
103	171	0.18319823888591094
103	197	0.17558154436454948
103	122	0.16704958204099352
103	47	0.16402480664944286
103	42	0.1608995341468897
103	175	0.15307723490470224
103	179	0.1485036565316932
103	143	0.14636126000594665
103	132	0.1440314362865017
103	142	0.14285612777856924
103	169	0.14229771485635098
103	25	0.14140602589894746
103	168	0.13842554066541468
103	119	0.13622778492794554
103	69	0.1349418671730066
103	50	0.13418580993090867
103	48	0.1307275712972061
103	123	0.12649870589603535
103	148	0.1238016230871685
103	19	0.11916114093600462
103	23	0.1168438648350982
103	43	0.11283741534905622
103	37	0.10617826732475463
103	45	0.1058124242840019
103	32	0.09775977275092038
103	174	0.09661370105032867
103	156	0.09647500596426872
103	77	0.07633719773554802
103	121	0.07212752983404233
103	24	0.07146496288977194
103	66	0.07106002978120411
103	67	0.0710391357901124
1	13	0.7947882583746462
1	6	0.7834338749852192
1	102	0.7642273254104429
1	106	0.7271627856483942
1	111	0.7150295257857954
1	113	0.7014757315506396
1	114	0.6446851649353155
1	112	0.6298937557156753
1	110	0.5821971200045318
1	8	0.5563283698494009
1	5	0.5527343364213412
1	104	0.5069230914032739
1	70	0.4930333831037674
1	100	0.4679247418242802
1	101	0.4675575692761153
1	134	0.4633195711993536
1	12	0.4618969234038585
1	155	0.4518241700547605
1	10	0.4400154791846288
1	176	0.4378841482569062
1	2	0.4319243819517636
1	146	0.4233364446390835
1	140	0.4193309894038763
1	145	0.4105811457978122
1	144	0.4072166338098059
1	124	0.4017298700347152
1	107	0.39182142571812345
1	141	0.3775763518117185
1	135	0.36202120087727147
1	51	0.3563423841525136
1	154	0.3504441518914075
1	105	0.3469480823384338
1	138	0.3449409484657399
1	137	0.344147788277944
1	20	0.3379974823463545
1	157	0.3237495225279138
1	4	0.31391275436834937
1	7	0.28075362926441977
1	173	0.2784859712686846
1	40	0.27068237425909725
1	169	0.25953522524128675
1	95	0.2524988167306842
1	171	0.2488814058220969
1	139	0.24510665616232785
1	136	0.24501266158606105
1	123	0.23220606153927306
1	149	0.23157208917080496
1	164	0.2254968948015085
1	125	0.22483238421318885
1	150	0.21845204224663475
1	130	0.20018954062081265
1	175	0.19725999233595615
1	143	0.19133255962604875
1	127	0.18051985218187871
1	152	0.17965871685810644
1	35	0.17889410752696194
1	132	0.16374259543314548
1	49	0.161259933870596
1	53	0.1612501939025524
1	23	0.15635680208218886
1	69	0.1554201313248587
1	174	0.14953034006201232
1	122	0.14884592006053135
1	37	0.1470168431356792
1	25	0.1454510584805329
1	45	0.13958274038507948
1	30	0.134018867115656
1	159	0.13166121985240342
1	153	0.1304523463455528
1	142	0.12906608739747433
1	184	0.11760328394390746
1	172	0.11351857693241345
1	178	0.10218212112901268
1	75	0.1012518467637718
1	24	0.1009252190010153
1	67	0.09587262962050314
1	119	0.0886843980105858
1	17	0.08223884400211755
1	47	0.08184749605349118
1	129	0.079736367452972
1	160	0.07687800513579503
1	32	0.07532902899375897
1	133	0.0735489481587627
19	121	0.909651359482718
19	119	0.7715312246887882
19	17	0.7306591619781759
19	49	0.6247083058832255
19	150	0.5795002853218735
19	14	0.5521924047791421
19	120	0.5363661001825775
19	42	0.5185102166682714
19	20	0.504765141059366
19	23	0.4873889085593199
19	46	0.4832531783213097
19	25	0.4813577477999075
19	124	0.4733896467414739
19	48	0.4490023420334089
19	157	0.4093748649648351
19	126	0.4083254848398417
19	117	0.4003956240614906
19	130	0.3992866565772312
19	154	0.393191845716178
19	15	0.3704891889718287
19	128	0.3580610250601193
19	18	0.3457864433384214
19	51	0.33108825818934484
19	146	0.32459074134847
19	16	0.3208191716980078
19	115	0.3191675805068954
19	53	0.30051897131316896
19	136	0.28546324651772315
19	176	0.27759095758120506
19	27	0.2773325133873877
19	123	0.2742095649100528
19	43	0.26554992122521826
19	152	0.2540242658324298
19	129	0.2507659572064089
19	122	0.2499317376172344
19	125	0.2487406918631137
19	52	0.233709772838924
19	71	0.2331046393742271
19	96	0.23197898960624155
19	56	0.2304645315852624
19	44	0.2257056976926667
19	29	0.2241011809638712
19	156	0.20745460224916515
19	98	0.20488852197180785
19	70	0.19825931899864951
19	199	0.1982208909642242
19	155	0.19416333115465664
19	197	0.1872637849410468
19	143	0.18522697606646815
19	149	0.18406788982917832
19	41	0.18344950089762205
19	133	0.18085842518039089
19	148	0.18011350811259316
19	118	0.17717052602567096
19	104	0.17521323478221282
19	12	0.16705930296912588
19	22	0.16054883376576182
19	7	0.1562494894563765
19	38	0.1550785671547514
19	95	0.1548638506923108
19	78	0.1526377493484431
19	77	0.15213959273659453
19	58	0.15125053316901552
19	21	0.1460187400403047
19	33	0.1455195768620671
19	102	0.1419351877824596
19	10	0.13622778492794554
19	144	0.13157277892557376
19	30	0.1270497057293563
19	4	0.12668566103507212
19	107	0.12303350400598527
19	50	0.11631120362217247
19	28	0.10898539563715888
19	139	0.10879764853682444
19	31	0.10253834918265768
19	198	0.10161803981180886
19	135	0.1001333039504616
19	134	0.09901648837282083
19	112	0.0989036047853
19	110	0.0978499022643086
19	177	0.0917542036789221
19	100	0.091241531942152
19	40	0.08981134943864842
19	142	0.08727439732539853
19	114	0.08513144158299825
19	145	0.08115512587927112
19	59	0.08084914677633323
19	151	0.08070509289333842
19	73	0.07869096864627573
19	26	0.07856674145854634
19	132	0.07757880032678678
19	5	0.07567106810180656
19	111	0.07391793116839518
121	119	0.6781603493226566
121	17	0.6519311582155054
121	150	0.5495455460504585
121	49	0.5374265958608146
121	42	0.496951726347533
121	120	0.4778620744751694
121	23	0.4147876684944257
121	48	0.4106809116566215
121	25	0.4023670213451369
121	46	0.3956154026684241
121	117	0.3950669942278599
121	130	0.3916013195477912
121	14	0.3867561758513458
121	157	0.3796836829943377
121	126	0.3761349461978933
121	20	0.3756798385879203
121	128	0.3661848488426431
121	124	0.3294935335703684
121	154	0.3134258841422672
121	16	0.3108806661835322
121	27	0.301473842422801
121	18	0.30063722617780936
121	51	0.2976872030707224
121	136	0.28335848470842423
121	41	0.2815824792679377
121	15	0.27655694008408466
121	123	0.2691711372059754
121	53	0.2548005434717497
121	129	0.2532383021032573
121	146	0.2505597802196225
121	44	0.2464033101130674
121	115	0.23025620608413294
121	56	0.22088850784723785
121	52	0.2187948356075044
121	96	0.21597471613518854
121	125	0.2065548822294421
121	29	0.1971542703078661
121	98	0.19685630174617413
121	50	0.1922283543927279
121	58	0.19007020061773064
121	43	0.18268597684096574
121	71	0.18047148111617373
121	33	0.1763083268620417
121	22	0.17475762614478124
121	38	0.1723911399071139
121	78	0.16946908578813227
121	133	0.1643167210351663
121	118	0.1629250049465063
121	149	0.1629250049465063
121	21	0.15786854095020902
121	148	0.15326277730445848
121	176	0.14797552303240147
121	156	0.14771142461115394
121	122	0.14595023184324402
121	197	0.1428267398888282
121	152	0.1396219608324221
121	143	0.13599223115336834
121	104	0.13290899550175178
121	155	0.12360468358188408
121	31	0.11544301988488108
121	26	0.11061550262521366
121	77	0.10776984301710617
121	199	0.10142010103682103
121	180	0.09133375693271936
121	198	0.09125045700966836
121	93	0.08948300956187673
121	30	0.08119585571139278
121	102	0.08117201389134443
121	34	0.07900500407004872
121	95	0.07838586231150714
121	127	0.07662450727980195
121	144	0.07436247410483893
121	168	0.0723065910788635
119	17	0.8164913025992865
119	14	0.7531914160612034
119	49	0.7417415601751054
119	120	0.6349281637618428
119	154	0.6139646497193232
119	150	0.6060155071673704
119	48	0.5890565041144382
119	23	0.5695928796110197
119	20	0.5684365401019409
119	42	0.5574321843659914
119	46	0.5570874536327999
119	152	0.5318777250047273
119	15	0.5187806892135288
119	146	0.5051004103507895
119	115	0.5028549337546926
119	117	0.4899617482661859
119	124	0.4880976675028105
119	157	0.4693450352150255
119	25	0.4658445740678785
119	18	0.4368328156642
119	51	0.42563191923069255
119	126	0.4231312263606046
119	125	0.4150691321939937
119	53	0.40128531047302096
119	123	0.3983868624180242
119	136	0.391474314827482
119	118	0.3898218971791216
119	16	0.3893299234453321
119	122	0.3702217095540799
119	43	0.3676992170028798
119	130	0.3644517645820693
119	149	0.349013518044942
119	129	0.3253956827478306
119	155	0.3246980940685465
119	133	0.3206038571094733
119	77	0.3205320782152746
119	140	0.3048972932380779
119	128	0.3042350084700531
119	176	0.293489125282573
119	116	0.2894079762410656
119	44	0.2814351588227588
119	135	0.2751156340684384
119	156	0.2631409081647041
119	69	0.25574472761615313
119	134	0.24926597035784676
119	7	0.2467226403871703
119	132	0.24132446046708986
119	144	0.2374688677857393
119	29	0.23655335690897505
119	71	0.23555242124279016
119	22	0.2328682100441837
119	56	0.2303887793007923
119	33	0.2286741391331845
119	145	0.2263889075428527
119	137	0.22238138587741552
119	27	0.22121189435858726
119	52	0.21923277075751804
119	70	0.2168992764283488
119	138	0.21352323867805534
119	139	0.2081339455101478
119	30	0.2031346884675405
119	153	0.19218020151696227
119	12	0.18951109251902246
119	4	0.18514971964444807
119	143	0.1836524257960104
119	148	0.17942645338889854
119	21	0.1780905509721307
119	113	0.17539739571043253
119	6	0.17529077772091206
119	114	0.1714595159706586
119	50	0.1689834045601478
119	141	0.16385937574144852
119	2	0.1628763317779049
119	112	0.16158133518243845
119	102	0.16137681103636986
119	31	0.15816105034515776
119	34	0.15738096374240013
119	58	0.15694207863503915
119	104	0.1567177356286484
119	10	0.15102578700106398
119	59	0.15084988780310812
119	100	0.15033190695379592
119	101	0.14921748008566418
119	35	0.148396080641792
119	62	0.14349280345183174
119	187	0.1386020871711143
119	180	0.13648295080197806
119	107	0.1323686716991897
119	127	0.12922341885836022
119	40	0.12168401540906253
119	28	0.11976243553406375
119	131	0.11197840832391172
119	45	0.10947942976650576
119	110	0.10835295341278586
119	47	0.10813553111320988
119	167	0.1078884477620074
119	142	0.10543666377550943
119	111	0.10427952831962266
119	13	0.1019149328841899
119	164	0.09348026901646754
119	78	0.08547095308697758
119	168	0.08546003343483359
119	175	0.08314361466655848
119	38	0.08144221573928337
119	66	0.07702612281411376
119	173	0.07405318672282446
119	41	0.07197830857780138
119	174	0.07182808925866345
119	199	0.07124110842326267
112	176	0.7472063772420824
112	106	0.7830860215838422
112	70	0.7444953531164514
112	12	0.732249371263348
112	5	0.7160494516161087
112	113	0.7149610963473572
112	101	0.6923472401778118
112	13	0.6709175889320583
112	114	0.668817227024772
112	102	0.6263822096986905
112	6	0.5970110740702304
112	111	0.5704839535442939
112	20	0.5317629782670059
112	124	0.5101851220276468
112	100	0.5066258195497808
112	145	0.4930333831037674
112	155	0.4910173417822086
112	95	0.4576858591365687
112	139	0.4380053789141553
112	144	0.43798113405694
112	140	0.4335254969228405
112	135	0.4099573864948735
112	51	0.4064906448772845
112	157	0.3934369838072935
112	154	0.3932510220994168
112	40	0.3876317589956603
112	141	0.3794097808286305
112	7	0.3718687504318008
112	110	0.36834763602828696
112	130	0.34278946351474376
112	134	0.3298233239339099
112	10	0.3267630009581282
112	146	0.313552125592136
112	173	0.3092627653394849
112	104	0.3060397211734177
112	164	0.29254756092913503
112	35	0.2910288943808108
112	8	0.2902964822684805
112	53	0.289939307947445
112	175	0.2694772004849784
112	152	0.2628058039640341
112	149	0.2574448966205087
112	49	0.2510658103935291
112	2	0.24788680227539425
112	143	0.24489986201464414
112	142	0.2440348452306241
112	197	0.24003381993852144
112	137	0.2363739807722747
112	138	0.22396820778032067
112	42	0.22331271819934287
112	148	0.2231226834284624
112	17	0.220812409841298
112	37	0.2162511717396637
112	171	0.2157172953014808
112	47	0.2127691294462872
112	150	0.21270229740018176
112	153	0.20782778744616207
112	178	0.20687078126192104
112	45	0.2031634503812059
112	136	0.19947909163500446
112	125	0.19224761528387094
112	48	0.18974246252225135
112	24	0.1828116352143775
112	122	0.1792232064425887
112	50	0.17873922359130512
112	23	0.17836165689783604
112	132	0.17509691629842375
112	161	0.17255608289175428
112	39	0.16941080838189138
112	14	0.1683713293762204
112	43	0.1656688813516979
112	99	0.16387883867976186
112	120	0.1629250049465063
112	156	0.15944776127630994
112	107	0.15118213381561146
112	123	0.14544127002639998
112	105	0.1453042286797136
112	174	0.14492244125805293
112	25	0.14007296446011086
112	67	0.13239814593817945
112	18	0.13194618190778815
112	27	0.1292922493271935
112	69	0.12908575418560708
112	52	0.1255145836564797
112	162	0.12220613397763712
112	15	0.11809633964413747
112	16	0.1163506623067284
112	127	0.11465360882036313
112	30	0.11462400308204032
112	73	0.1118006617926597
112	192	0.1094201485219048
112	44	0.10763146693769156
112	32	0.10421028900972062
112	4	0.08435505749255906
112	62	0.0839896647717576
112	34	0.08147797685237702
112	179	0.0807567539842626
112	66	0.07213349861717581
12	5	0.7389398308491646
12	113	0.7101666504317286
12	70	0.6647182651384336
12	13	0.6522013187258925
12	106	0.6164631202744856
12	102	0.6145437529821333
12	114	0.5218290833799106
12	20	0.5189706888966141
12	176	0.5175297988691969
12	101	0.5141023393043416
12	111	0.4781783880976781
12	100	0.4574486694798749
12	124	0.41204339233126464
12	155	0.4064155132468534
12	6	0.4063153291897005
12	144	0.3886679532298714
12	95	0.3755595912120309
12	7	0.3694275382653331
12	134	0.36377517595301545
12	141	0.3591502773472285
12	146	0.348785168042108
12	40	0.3486709775072637
12	135	0.3353020176126657
12	140	0.32507376269736177
12	145	0.3209716661396469
12	51	0.3137955599447185
12	154	0.3047612313702777
12	148	0.28073520561297904
12	157	0.2758549203096745
12	37	0.2749215174648872
12	130	0.2713309629966693
12	49	0.25933003240583913
12	175	0.2340784373170521
12	35	0.2318843688367158
12	104	0.22378773083652215
12	23	0.22305616725091248
12	143	0.22194408977602445
12	150	0.22191556736149115
12	152	0.22174442490051444
12	139	0.21564101670139374
12	171	0.21494485300149996
12	122	0.20865049474455916
12	39	0.20108210364690748
12	17	0.19543324173770352
12	25	0.1945963285633063
12	153	0.19301792933024067
12	173	0.18821889051299728
12	192	0.18467647415305655
12	110	0.18129367033154176
12	14	0.17625988066631473
12	47	0.17198359227903534
12	136	0.17119744140324542
12	178	0.15479552874863794
12	10	0.1540927029303133
12	2	0.15285261650751608
12	24	0.15258891388990334
12	138	0.1520614435020481
12	42	0.15053715453790184
12	8	0.1476820790410713
12	149	0.14539232732867768
12	172	0.1452063385895427
12	77	0.14389433783053862
12	43	0.13451967270342444
12	116	0.12674469763085314
12	164	0.11905270144657296
12	48	0.115551552526224
12	53	0.11209690203142286
12	169	0.11001292587235856
12	69	0.10892610791852804
12	137	0.10518943648647187
12	168	0.10317157850846134
12	159	0.10242950450784967
12	75	0.10217222553076023
12	123	0.1021227472362196
12	127	0.09818564532393152
12	65	0.0950135275093288
12	15	0.09267827803603364
12	180	0.0920308477351598
12	188	0.09126334874797798
12	30	0.08741729870635408
12	147	0.08693002994701284
12	184	0.08684567165444719
12	179	0.08321908881208834
12	120	0.08267287284579636
12	18	0.08046665147437619
12	27	0.07891357765051883
12	73	0.07810857052623768
113	102	0.7352636005212799
113	13	0.7126607842233182
113	106	0.6652537469100716
113	111	0.6574392342249294
113	114	0.6464698446386221
113	5	0.6035483246272595
113	6	0.5827455234832623
113	144	0.5629558966814476
113	101	0.5532619231046929
113	135	0.5358958082384115
113	134	0.5332960994852227
113	100	0.5307437453741927
113	70	0.5240957921332449
113	140	0.5145730315925342
113	20	0.5102590893678227
113	141	0.4848611235317496
113	146	0.4782632316318052
113	110	0.4643320476162306
113	124	0.4619991819231857
113	176	0.4604876540258863
113	7	0.4601330025549242
113	104	0.4578834674354076
113	155	0.4132133223910007
113	2	0.4081088115640949
113	8	0.3875637775581108
113	145	0.3809325166700835
113	10	0.3739522183956893
113	40	0.3629245587116253
113	154	0.36017763455153257
113	138	0.3475812555209785
113	150	0.3296628954277931
113	157	0.3266826082593945
113	51	0.3251453070005395
113	136	0.321608374737781
113	137	0.3092718088769361
113	107	0.2900400576055449
113	139	0.2892155535143825
113	37	0.2833676817620548
113	175	0.2795003502403945
113	105	0.2746626604607653
113	152	0.2746441691507314
113	130	0.2713124353059587
113	23	0.2692731643435387
113	123	0.2646108916199589
113	17	0.24960357197969554
113	149	0.2477741726696168
113	143	0.24173879194759376
113	173	0.24132446046708986
113	49	0.2344470344901321
113	35	0.2254968948015085
113	95	0.2166991468278021
113	24	0.2165943097664597
113	42	0.21120282825525147
113	127	0.2076077111798352
113	171	0.20093816440830733
113	169	0.19581793398373507
113	122	0.18913507138375124
113	174	0.18641450480372326
113	25	0.17226500051259905
113	86	0.1681284063821034
113	153	0.16309048778676216
113	148	0.16274004268896144
113	75	0.1591553743755233
113	69	0.15654215155821882
113	39	0.14634168838102726
113	4	0.1424348773133968
113	48	0.13958274038507948
113	14	0.13691472870259416
113	43	0.1338224540650125
113	184	0.13203461397586194
113	73	0.13078654545268856
113	15	0.1261149277318023
113	77	0.12418562705864385
113	120	0.12254104237393765
113	125	0.1218219400785647
113	27	0.10945966943815223
113	53	0.0976339849254714
113	65	0.0925503845226678
113	167	0.09206951727894687
113	132	0.0896585895031285
113	30	0.08731111538445767
113	34	0.08293506272901276
113	172	0.07787798177195167
113	116	0.07653404093892079
113	18	0.07422722478760382
106	5	0.7935696382394627
106	102	0.6973483386942544
106	101	0.6691321365436238
106	70	0.6626143741114097
106	13	0.6613222401209864
106	176	0.6386615482805585
106	111	0.6019821080067783
106	6	0.5889062909057106
106	114	0.568876349472505
106	95	0.544830641502726
106	100	0.4790803572147203
106	155	0.4731801263612382
106	20	0.4069246310891996
106	51	0.4059395519732765
106	145	0.4025262483185865
106	144	0.3912795452860528
106	110	0.38893957934852463
106	139	0.3675089462113374
106	40	0.3523987523887417
106	124	0.32496643926545643
106	104	0.3182601749287473
106	8	0.317208292485708
106	154	0.3062844126644837
106	130	0.2975504896177017
106	157	0.2902506952063084
106	197	0.2774894307228617
106	47	0.2715718046730283
106	10	0.2473235872948891
106	135	0.24327293272596845
106	173	0.24132446046708986
106	140	0.2387140400208364
106	153	0.22914793898985986
106	146	0.21654665490516198
106	141	0.21232036183205025
106	107	0.20301963730778605
106	7	0.1996231185381709
106	164	0.19917180544095828
106	142	0.19828813962449507
106	143	0.1979326612894126
106	134	0.1959044814385282
106	105	0.1939419921359056
106	149	0.18954965564850876
106	53	0.18817066137669305
106	178	0.17977484108347633
106	2	0.1696050617931765
106	99	0.15745898125853602
106	150	0.15385839296416576
106	42	0.15266705026578573
106	179	0.1511235046461159
106	50	0.14305204060383886
106	136	0.142336904687679
106	171	0.13340995245310586
106	138	0.13311528013290402
106	17	0.13151381714394786
106	168	0.13047200593796404
106	148	0.1290070864239386
106	49	0.12709889833543372
106	48	0.12127021322492187
106	156	0.11679454717145345
106	25	0.11627174457045585
106	24	0.1115340285852551
106	16	0.11063525786571787
106	125	0.10597063020116636
106	35	0.10202378913151244
106	45	0.09927591291938817
106	27	0.08600003521772345
106	152	0.08394796090374809
106	122	0.08299961529633226
106	127	0.07912425392403594
106	175	0.07211360265330759
96	198	0.8886563957786341
96	98	0.851312040589516
96	71	0.5405766651314781
96	199	0.7437545319731564
96	97	0.7000660248917874
96	183	0.5560935558697321
96	61	0.5419695004812692
96	177	0.5381800093932031
96	182	0.5307365622253012
96	197	0.5095486913632506
96	81	0.472085094698431
96	190	0.448818691784712
96	83	0.4484672552215821
96	93	0.4293177758569664
96	191	0.35768609666690904
96	166	0.3478361941249216
96	196	0.3271916821399521
96	99	0.3258337305170622
96	87	0.31874539514036776
96	88	0.3173162138450653
96	163	0.3096154218382009
96	90	0.29073597041257765
96	185	0.29033311096122905
96	95	0.2834780423396425
96	55	0.27413557855802856
96	79	0.2651501978139358
96	66	0.2545574074323256
96	176	0.2443075555515919
96	89	0.2428306976024337
96	85	0.22639839500199924
96	194	0.22439559188612535
96	74	0.21903285478818166
96	92	0.19263280198460486
96	72	0.18717693957287546
96	91	0.1858063261905856
96	128	0.15919436090997818
96	58	0.14982361910019992
96	186	0.14904148321458455
96	38	0.13750343288482414
96	21	0.12505196073759425
96	63	0.12354559983084147
96	178	0.11954558529306172
96	151	0.11605471322843128
96	192	0.11504833251670644
96	36	0.10767100338614884
96	73	0.09995510554267978
96	172	0.09848670564050953
96	4	0.09387973230608172
96	126	0.07881718096615703
96	161	0.07278804372249767
96	37	0.07223795148529373
96	117	0.07212454544053824
198	199	0.7948987255192402
198	98	0.7737077293047196
198	97	0.6590147613612184
198	183	0.6491278675634373
198	182	0.6017142409295413
198	190	0.573900726284026
198	83	0.5613279866573029
198	61	0.5138963139929371
198	71	0.5050631657314336
198	196	0.4947949753891974
198	197	0.4834371089131221
198	177	0.4813961616112679
198	166	0.4546607845720061
198	93	0.4526117138946023
198	163	0.42655676036204093
198	81	0.4228849071108008
198	185	0.404150644669784
198	191	0.40347272646567606
198	55	0.3881754586744865
198	194	0.37173086804792105
198	92	0.30114652604506315
198	90	0.2930321261918541
198	88	0.2911112694194092
198	99	0.2764645859043844
198	79	0.2763814627764081
198	87	0.275402146154081
198	74	0.2596005089578206
198	58	0.2565202763602505
198	85	0.2371197019641203
198	66	0.1998247417112058
198	95	0.1936340093513841
198	186	0.16808953680716224
198	89	0.16519229132867605
198	63	0.16342142593078626
198	38	0.15107464619265645
198	21	0.15078147997907348
198	72	0.14622425622613555
198	91	0.1455195768620671
198	172	0.14295408559153094
198	161	0.14079837001434167
198	73	0.1350302272619788
198	176	0.13399922628414862
198	160	0.12709889833543372
198	128	0.11559101825733825
198	170	0.11524568074939515
198	76	0.1143575422807206
198	36	0.107325047928735
198	151	0.10176648861403176
198	158	0.09512748809303263
198	56	0.08323597105611838
198	188	0.07897419749011922
198	193	0.0787545720206812
198	181	0.07762750523656009
198	192	0.07369216768044824
98	97	0.7124589582741986
98	199	0.758464541659535
98	182	0.6327925195538551
98	81	0.6277232472843212
98	61	0.4970270265033958
98	93	0.4949233448386418
98	183	0.4819491154286508
98	79	0.4423912282775027
98	87	0.4402896095312695
98	88	0.42236743325131215
98	197	0.4183827468007335
98	190	0.4112709917439309
98	85	0.3979240527078522
98	185	0.3911440327526934
98	191	0.3770960860980262
98	71	0.37416723822401343
98	90	0.3594115525117603
98	177	0.3563947642388515
98	83	0.3550496335611089
98	196	0.3432394574522959
98	55	0.3328589465312066
98	128	0.3218056057514725
98	74	0.2977236579297823
98	99	0.2965749132213961
98	163	0.2957994811077704
98	186	0.27743404982392106
98	38	0.27447773822039434
98	80	0.2676307224743241
98	68	0.2555017168580446
98	91	0.24922845532477694
98	95	0.24068395695553044
98	36	0.23891206336851564
98	89	0.2293469025692272
98	193	0.2059804100539829
98	194	0.20280869562371154
98	166	0.2026456823373884
98	66	0.18081006023156868
98	76	0.17437951108221966
98	63	0.1685656530490112
98	21	0.1563860685214131
98	172	0.14434478341613385
98	73	0.14201357524441474
98	58	0.13710116217835008
98	151	0.1257114279303476
98	78	0.1139331448260811
98	77	0.11281766995014453
98	117	0.1094201485219048
98	160	0.10771053949405328
98	92	0.10330019301402027
98	57	0.0999848057229166
98	72	0.0971565571092872
98	170	0.09664639291724826
98	147	0.09595783844348688
98	176	0.09517307162853957
98	158	0.09299353734847753
98	188	0.08280098978904034
98	4	0.07596437234326639
98	28	0.07433363440620296
98	56	0.07285468842473145
98	29	0.07230261199068512
71	177	0.7626839288801454
71	199	0.4874880210456749
71	166	0.4567762785875655
71	197	0.4086753983355964
71	139	0.383588071271801
71	66	0.37804784370507627
71	62	0.324000151950906
71	38	0.31730722071232464
71	97	0.3068642604318597
71	46	0.28628969362773365
71	176	0.28368035056328444
71	183	0.27965706231691784
71	156	0.2746256776375551
71	174	0.2668135612906939
71	15	0.25394942657792113
71	95	0.24757705474449576
71	61	0.2461966561240231
71	115	0.23054974956642865
71	116	0.22904371232868825
71	21	0.2264648060130884
71	125	0.2254019775464268
71	48	0.22403469541476714
71	4	0.21888052551369927
71	72	0.21448698241565933
71	69	0.2130746220112733
71	126	0.21123148987460053
71	122	0.2106104068695867
71	17	0.2076459868234924
71	163	0.20367151967103286
71	142	0.2002279372792408
71	53	0.19645254439688567
71	120	0.1959044814385282
71	42	0.1953947692030506
71	33	0.19381687873671474
71	52	0.19149633091233512
71	195	0.18885542995530602
71	128	0.1873216802269668
71	165	0.18581598093273766
71	107	0.18091646196433728
71	118	0.17955226525279006
71	35	0.17823578965454398
71	58	0.1728859398220524
71	32	0.17167304027240787
71	181	0.1708673871161913
71	178	0.1703042648572916
71	67	0.1702848448620006
71	14	0.16845877664944905
71	34	0.1679826427813012
71	154	0.16606760131352358
71	79	0.1600909139319583
71	191	0.15565432528459966
71	50	0.15440508925643462
71	31	0.1543855660147792
71	18	0.14899259351848165
71	171	0.14643954535966971
71	179	0.14248386257978168
71	29	0.13819994066173916
71	83	0.13770945642196586
71	99	0.13439202289236493
71	141	0.13381263313636232
71	36	0.13265357952954845
71	44	0.12928241647933805
71	167	0.12832850967975454
71	150	0.12803343879072346
71	137	0.12480586254717704
71	28	0.11920057277293353
71	89	0.11834284567477765
71	49	0.11745535591535275
71	196	0.11724824791968212
71	47	0.11708058159511706
71	164	0.11343960713280347
71	149	0.11324217636503542
71	170	0.11023025798314816
71	22	0.10476417514903777
71	151	0.10385418518797952
71	51	0.10160814306401246
71	146	0.09707433991639393
71	129	0.09512055143308663
71	37	0.09385594377418732
71	93	0.09336032502619708
71	70	0.09335338603471444
71	161	0.0916917337044314
71	56	0.09145969605562088
71	153	0.0827562981427234
71	140	0.07999967704264249
71	88	0.07853593273823822
71	138	0.07641971354101552
71	43	0.07607174823864725
71	136	0.07166791805095535
71	190	0.07157937461627227
71	143	0.07102819129370741
199	197	0.5848285688613721
199	182	0.5193651398047011
199	183	0.4506295789539732
199	97	0.4228849071108008
199	177	0.4099989823892745
199	190	0.39958081501453896
199	166	0.39865604022354056
199	196	0.3801970701584144
199	95	0.363037430535084
199	191	0.3402630567724309
199	61	0.33581670954320203
199	93	0.335373021512453
199	83	0.3147328473659202
199	79	0.3083581293288213
199	99	0.3029549683237047
199	38	0.2971585100957352
199	185	0.2872441688367172
199	176	0.28280656615868593
199	81	0.2815732721289386
199	163	0.2796478443718645
199	156	0.26374579657903197
199	87	0.2223528692916009
199	21	0.21249224087288965
199	172	0.2106104068695867
199	85	0.1987204078403277
199	4	0.19631794380010487
199	52	0.1862117944483877
199	88	0.1789812258449272
199	194	0.17682180398106442
199	89	0.17474793153011842
199	186	0.16687459978266975
199	160	0.16668988488337982
199	139	0.16088005185740026
199	55	0.15301864032499354
199	128	0.1517195182571438
199	46	0.13300722771572132
199	193	0.12922341885836022
199	58	0.12892841703846156
199	16	0.12693164092523834
199	74	0.11992999380406386
199	161	0.11871750689705685
199	66	0.11776106808842855
199	170	0.1152062118301486
199	181	0.11285716065884735
199	72	0.1076907714826778
199	28	0.10602995603741946
199	29	0.1005193784492723
199	147	0.0994026497777292
199	47	0.09782217027723024
199	92	0.09487181652744554
199	90	0.0900583354566457
199	192	0.08663923669990645
199	179	0.08554540471329249
199	117	0.08406612109883611
199	142	0.07750723325701887
199	178	0.07511922297373702
199	36	0.07446490375284558
140	141	0.8834346203019239
140	137	0.7776114929128977
140	134	0.7584560468998959
140	35	0.7079539706221358
140	138	0.7014046141151762
140	146	0.6854911318854411
140	2	0.6719719790220331
140	114	0.6580633336536459
140	7	0.6394188314242584
140	144	0.6200399583710493
140	135	0.6147926261817402
140	62	0.5973134707523006
140	10	0.5792544862449096
140	24	0.5715016436699376
140	145	0.5478121479646002
140	40	0.5469436801761124
140	30	0.5306144370284476
140	20	0.5295071226544527
140	174	0.528333126224339
140	110	0.5112642956827194
140	13	0.5099187771096214
140	175	0.5093413609513695
140	100	0.5035419816766019
140	136	0.4990573001617568
140	37	0.4865726594964958
140	69	0.4818569830947049
140	104	0.475853298837382
140	123	0.4753116239488179
140	155	0.4743667002657396
140	171	0.4681355977174072
140	124	0.4544545064636941
140	154	0.4455305559327923
140	169	0.4398219260176728
140	152	0.4333387055029913
140	111	0.4324041900077016
140	176	0.4294238091506653
140	23	0.4230819675121696
140	139	0.4133791596335976
140	167	0.4121181093821181
140	102	0.4046608827929389
140	33	0.4019059639296889
140	34	0.3911948519407136
140	101	0.38484958725858504
140	173	0.3788018229235829
140	107	0.3647552370782496
140	49	0.3619690633058327
140	157	0.3611345543170933
140	127	0.360682286873056
140	8	0.3554253702695379
140	150	0.3522410956685221
140	70	0.3521009395770369
140	149	0.3519344837068926
140	22	0.35022483545733496
140	125	0.3351422449111544
140	6	0.3333034749723853
140	5	0.3213662803471857
140	4	0.3100041495260657
140	51	0.3057134029475695
140	143	0.3049789243854889
140	32	0.3013374692285309
140	153	0.30096465293942715
140	132	0.2994633653167329
140	130	0.29872582600537445
140	122	0.2925384167431382
140	42	0.28938048871172184
140	166	0.2874093086382981
140	67	0.28459961493832714
140	39	0.2842779318379403
140	31	0.2772032762356165
140	53	0.2662190211127365
140	48	0.2655778055002501
140	14	0.2628988948281821
140	17	0.25932070490230746
140	65	0.2467789872293034
140	164	0.2388271986516384
140	15	0.23588297424729274
140	165	0.2302846153502689
140	129	0.2269011688228867
140	126	0.21833776580688408
140	27	0.21566962148489172
140	120	0.1979999179437542
140	75	0.19179494521399776
140	18	0.18939539962306984
140	142	0.18250231155965785
140	25	0.17875858456789026
140	45	0.16836161284890644
140	116	0.16756474643370306
140	44	0.1637231316021581
140	57	0.15379981276775787
140	60	0.13842554066541468
140	181	0.1317693114720558
140	66	0.12244254279794853
140	133	0.11646903615622085
140	159	0.11114886338818046
140	156	0.08946812965004036
140	43	0.08841750731419053
140	162	0.08148989717679297
140	180	0.07719908814808682
140	195	0.07717821326793134
141	134	0.7132311653847626
141	137	0.7103599055951751
141	114	0.6727719359753354
141	35	0.6640759023105682
141	138	0.660223651652816
141	7	0.6198983615770366
141	40	0.602823094411723
141	146	0.5954836364011519
141	144	0.5927856376329681
141	135	0.5781437575274344
141	24	0.5762632822266546
141	2	0.5674949336590608
141	174	0.5481270261537463
141	145	0.5461442100639845
141	62	0.5370637984004258
141	175	0.5187441449358111
141	139	0.5185029051588086
141	100	0.4994551940413349
141	37	0.4968914808339982
141	30	0.4808274483962379
141	169	0.4713853754960226
141	13	0.4555963568172702
141	136	0.4537639137361879
141	167	0.4286976520934699
141	171	0.4242388889138961
141	20	0.4237385464617411
141	70	0.4126409735176915
141	10	0.4118607273222875
141	123	0.4090335186809671
141	69	0.4057641422758208
141	176	0.403882878127105
141	34	0.3933778176641357
141	127	0.38150514701482974
141	101	0.37677007595169815
141	32	0.3614127883407988
141	155	0.3613258471192793
141	33	0.3594812163754456
141	5	0.3567177252621637
141	104	0.3566653589935589
141	39	0.3554777895199772
141	166	0.3497860873813464
141	124	0.34538138033857896
141	102	0.3367479693262094
141	143	0.3355682625900305
141	110	0.32149181601829496
141	142	0.3147598754077574
141	22	0.3019192422176683
141	111	0.29846168189439115
141	23	0.2947862708887187
141	152	0.29069019611742863
141	173	0.288922292987077
141	154	0.2845077120171622
141	122	0.2762706255064921
141	149	0.269959371535762
141	181	0.2661261058961867
141	31	0.2603371177224549
141	6	0.25867699041111675
141	150	0.25680051399019793
141	153	0.24471184799671264
141	27	0.2386385973316912
141	130	0.2384688407500641
141	65	0.237336758199378
141	42	0.2286267531845224
141	4	0.21270229740018176
141	165	0.2067750588340368
141	49	0.2044573729369367
141	157	0.20294293342000871
141	107	0.1964717724492911
141	129	0.19490419170795695
141	15	0.19464443470864773
141	51	0.19455784297300424
141	67	0.1925653985935757
141	53	0.1922572456739006
141	116	0.1891157867523104
141	8	0.1863179780414062
141	14	0.1674772721297366
141	75	0.16311968968866064
141	125	0.15944776127630994
141	36	0.15913588092214004
141	48	0.15808305055182956
141	57	0.14922725741251075
141	120	0.14575448642607114
141	195	0.14101400201170364
141	164	0.13448039631380132
141	177	0.12492399159702715
141	132	0.1230925953351151
141	160	0.122481942917906
141	17	0.12121109518271428
141	159	0.11565021616969225
141	44	0.11125750311179072
141	18	0.1087284765951182
141	95	0.10126174423438536
141	126	0.09835400364058564
141	172	0.08903163449548877
141	63	0.08665809404807284
141	25	0.08607745780974299
141	162	0.07800818593047612
137	138	0.8665350275684676
137	62	0.7180220352821688
137	146	0.7077094732502045
137	123	0.7029963224102493
137	134	0.6673000977561072
137	2	0.6515169741222628
137	136	0.6424943076423608
137	33	0.6389515920889361
137	135	0.62456804564021
137	34	0.6113911993243949
137	22	0.6108398461200983
137	171	0.6041455712668234
137	69	0.6028740203010177
137	30	0.5944758782447038
137	24	0.584512651940538
137	7	0.567928663750653
137	35	0.5566666219994899
137	145	0.5406828230530748
137	10	0.5271354424974732
137	174	0.5260875563572454
137	144	0.5068190599638057
137	127	0.4983210173241547
137	67	0.4949384457068189
137	149	0.4902048901314939
137	27	0.4603300492888827
137	154	0.4517684584484672
137	8	0.4394831096468448
137	152	0.4366062183687595
137	23	0.4354967116470703
137	110	0.4299619493797863
137	44	0.42003127692393066
137	107	0.4194381245607833
137	31	0.4143487579157994
137	125	0.41160327953061787
137	114	0.41069753834383005
137	165	0.4097410603570513
137	155	0.3962309713541227
137	166	0.3914489120933292
137	164	0.38288850602869945
137	39	0.3808470243719146
137	173	0.3774305783194627
137	175	0.3771732853465461
137	104	0.3749925404441965
137	40	0.37416723822401343
137	37	0.3703856558380743
137	4	0.36945344367703936
137	42	0.3614823367935083
137	45	0.3554253702695379
137	49	0.3547437166429113
137	167	0.35424534649405154
137	13	0.3499352789562585
137	6	0.34760763086406765
137	53	0.346076952650745
137	129	0.343654018280941
137	157	0.3345384852298993
137	143	0.33430756330901856
137	15	0.3297163737124632
137	132	0.3254761509795204
137	111	0.3243491671532282
137	169	0.3169294576167876
137	18	0.29616443897335765
137	48	0.2959181018923735
137	20	0.2889497884660055
137	139	0.2790946733725156
137	133	0.2786888968568237
137	51	0.2752450326779565
137	32	0.2727755024188441
137	122	0.26762143871151434
137	126	0.2668971522302965
137	150	0.2652896465725499
137	142	0.2650107379624208
137	116	0.2649177585678005
137	100	0.2628337317371203
137	14	0.2181377676295168
137	195	0.21745192057112567
137	65	0.21371411208963745
137	124	0.2075120192896908
137	25	0.1939419921359056
137	57	0.18096482498850308
137	102	0.1805972440706893
137	153	0.1776451039841947
137	59	0.17406922440680964
137	176	0.16996439585269024
137	115	0.16344089173591206
137	118	0.16137681103636986
137	181	0.1594380154966566
137	17	0.1562787569020883
137	46	0.15606412259710792
137	60	0.15518591989320746
137	130	0.15301864032499354
137	29	0.14595023184324402
137	41	0.1434144497673151
137	47	0.14187639601770474
137	50	0.13731702038378965
137	36	0.13293846544020574
137	66	0.13233919722611107
137	75	0.12893825080041554
137	162	0.12183179166071212
137	28	0.11883581394950153
137	120	0.10182586686630526
137	63	0.09296577941455182
137	5	0.09114038015286928
137	70	0.08409392315423088
137	21	0.08021131024423311
137	159	0.0758241844952537
137	64	0.07214742575772759
123	136	0.8724864684342077
123	138	0.8525186913248957
123	22	0.8373382038727628
123	23	0.731455261127533
123	27	0.6106642911875511
123	149	0.7438617518393158
123	44	0.7402761194169487
123	146	0.7205173274165908
123	34	0.702049239637062
123	33	0.6928467371191078
123	42	0.6881694173905467
123	127	0.6662170041393065
123	135	0.663438156139909
123	7	0.6358762231637358
123	24	0.6150662453594882
123	129	0.6026384468851745
123	18	0.6019310961468979
123	2	0.5948572375160189
123	152	0.5859591484281494
123	49	0.5829700175974645
123	134	0.5662529976898993
123	69	0.5591392090335374
123	144	0.5552364229210368
123	154	0.5523383553976057
123	31	0.5431267521031168
123	150	0.5302335523403815
123	30	0.5253132626773735
123	143	0.5222001087536557
123	15	0.5183054657438383
123	48	0.5114415400476149
123	126	0.5080664625417828
123	39	0.4886459424078674
123	25	0.4688458675905288
123	133	0.4684088501062922
123	122	0.4627775168630424
123	125	0.4617553144100244
123	53	0.44186024191740014
123	145	0.4235416194839717
123	118	0.4111962119207819
123	62	0.4101403956732855
123	157	0.4093082698063916
123	51	0.3981849340170672
123	67	0.3968883088575073
123	132	0.396669241542401
123	17	0.39193146198875495
123	171	0.3919229980582914
123	29	0.38527545067401
123	14	0.3779021307710438
123	46	0.3760490907186301
123	45	0.373823187198178
123	130	0.35269649384377205
123	115	0.3408023196177372
123	28	0.3313464437562001
123	116	0.32451916822201426
123	20	0.3242507359038005
123	104	0.3212048607429678
123	155	0.31953576644870496
123	10	0.31712734607408194
123	120	0.3069548410845283
123	124	0.30277331366205673
123	6	0.2990536653720568
123	114	0.29664787495581874
123	41	0.2812509896086003
123	26	0.2797584563094234
123	142	0.27243299826222506
123	50	0.2706175018563575
123	40	0.270478481289037
123	107	0.2536874652449391
123	4	0.2511313968578853
123	131	0.2481495786269781
123	110	0.2420024115569314
123	13	0.24173879194759376
123	57	0.23983590937462276
123	43	0.23093792004602906
123	8	0.2282665845841341
123	59	0.2266829987933308
123	16	0.22501277208099327
123	164	0.21626070407335687
123	111	0.2101516517647627
123	100	0.20693778460512946
123	32	0.2016002129712905
123	151	0.20023753634775174
123	187	0.19827853278730934
123	35	0.19341262314547408
123	156	0.18497588432828796
123	181	0.18214461104662594
123	102	0.17827451865853902
123	21	0.16549381644516806
123	159	0.14930547497662008
123	52	0.14572512362879655
123	139	0.1327419947462416
123	128	0.13123864986596304
123	75	0.1283973562867456
123	86	0.12318123069211134
123	54	0.12231448974329875
123	176	0.12157564272886175
123	56	0.11905270144657296
123	36	0.10864942165817484
123	162	0.10652430861234387
123	173	0.10424985445340104
123	37	0.09580030009837988
123	117	0.09027753866896257
123	195	0.07755892066534982
136	42	0.7778485744896865
136	138	0.8508710117455206
136	22	0.7888954248973453
136	44	0.7488229122967793
136	149	0.7432805195008904
136	146	0.7298283581378653
136	7	0.7158349838589104
136	34	0.7039005587321003
136	18	0.7029052675784926
136	33	0.6840572062711018
136	23	0.662036209265563
136	135	0.6407705685023765
136	24	0.6266494999581055
136	144	0.6266191334864641
136	49	0.6124671321984393
136	127	0.6027084932007626
136	150	0.5962962293159011
136	2	0.5949283088006001
136	154	0.5715016436699376
136	31	0.5682469835646877
136	48	0.5617319502502715
136	143	0.5532411057218419
136	134	0.5418282313583319
136	27	0.5291256158548326
136	69	0.5182615828125544
136	39	0.5130495167601263
136	15	0.5003927888312012
136	152	0.4941452460523561
136	145	0.4833144932599792
136	17	0.4736844365502121
136	129	0.4716731097546897
136	30	0.4316233605672023
136	20	0.4201053957572065
136	120	0.4183827468007335
136	122	0.4162272631128942
136	51	0.4140505200034072
136	53	0.41248331294759344
136	40	0.3971662907304536
136	46	0.3788617769762622
136	14	0.3788446475713921
136	157	0.37773067981908204
136	125	0.37588594751866106
136	62	0.37016993225085054
136	171	0.3595944116080645
136	142	0.3558359278745896
136	130	0.35156644963844874
136	155	0.34413015691059395
136	25	0.34263060454546024
136	114	0.34111163153276075
136	104	0.33940507944104154
136	132	0.3120184449488655
136	41	0.30359058622638363
136	124	0.30064632232304506
136	67	0.2999275584453257
136	126	0.2997637417803878
136	45	0.2989170742100839
136	118	0.2962282977131213
136	10	0.2888764661296644
136	50	0.2785505411993182
136	133	0.2668321374020345
136	13	0.2632339814015013
136	110	0.26270339836200624
136	28	0.25652961830976434
136	6	0.2551184419914925
136	100	0.25420199686992184
136	139	0.2494910448429521
136	107	0.2452852331619508
136	4	0.2431412136814857
136	102	0.2344470344901321
136	116	0.2285604110363584
136	32	0.21551705836337773
136	29	0.2144011211783469
136	181	0.21118372030723426
136	57	0.2074067536234839
136	164	0.20525254147614186
136	156	0.2011972487864307
136	43	0.19650061424456344
136	26	0.19619295090638134
136	115	0.18490827857846284
136	111	0.1811582683310591
136	159	0.17188654844596546
136	176	0.1718671392789553
136	35	0.1707217627345118
136	16	0.16941080838189138
136	151	0.16041243933086075
136	59	0.15730294426168395
136	8	0.15063488692285093
136	70	0.1495205636406199
136	173	0.14561745784265592
136	131	0.14152362442318694
136	52	0.14061213162878086
136	56	0.13618852703442133
136	5	0.11915128291803312
136	78	0.11679454717145345
136	195	0.0947023528930038
136	86	0.08818632406945821
136	117	0.08226963426355953
136	36	0.08171041896982212
136	47	0.07580032243520148
138	146	0.7612453568483308
138	24	0.7243467911604901
138	34	0.776581580014323
138	22	0.7654723370449639
138	7	0.7076146225099804
138	134	0.7061135959299569
138	135	0.7040417976122904
138	33	0.7032086940849139
138	2	0.7008148178861299
138	127	0.689934111123882
138	149	0.6718787312486505
138	144	0.6652816178555968
138	44	0.6170641347225437
138	69	0.5980398149647415
138	171	0.5880303264063463
138	23	0.5783966868703825
138	62	0.577244293823666
138	30	0.5683079190310578
138	42	0.5541494876615884
138	145	0.5493849858298566
138	143	0.548462725051594
138	154	0.5382865551329095
138	39	0.5321143284758427
138	27	0.530801207820383
138	31	0.5273303893674379
138	18	0.5003328178660551
138	129	0.4895056517478676
138	40	0.4817878768516464
138	152	0.47177418173871793
138	10	0.4622901581701996
138	67	0.4534382728638209
138	104	0.4512987492017028
138	114	0.4484992097331825
138	49	0.4246324190025684
138	155	0.4243700834259476
138	48	0.4235416194839717
138	125	0.4055051495133631
138	150	0.4037154888840559
138	35	0.4024508280507655
138	110	0.4006894720405674
138	122	0.38847268021606096
138	53	0.3705409520867575
138	51	0.37009226198353934
138	13	0.3688661133895429
138	45	0.3683994940832591
138	100	0.3621689116957121
138	107	0.3605778933606579
138	157	0.3590980155564041
138	15	0.35649951769096155
138	142	0.347827403994526
138	8	0.3357723474414827
138	164	0.3330812292598055
138	132	0.3289050592353314
138	6	0.32815572235650753
138	130	0.3125418839672527
138	4	0.3116753993852865
138	111	0.3113232418034744
138	173	0.3046977315742924
138	126	0.3030457874007097
138	20	0.3021100875166381
138	32	0.30114652604506315
138	25	0.2870331320169285
138	133	0.2789194639125928
138	57	0.2681598147681934
138	174	0.24737991632152176
138	139	0.2461872622288309
138	102	0.24387496261025285
138	37	0.2433293809987727
138	17	0.2388366282448095
138	46	0.23362468687267865
138	41	0.22440508833099887
138	116	0.2176329288762584
138	181	0.21650853027310185
138	124	0.21583170826504988
138	195	0.20989356133025847
138	29	0.2003719192697483
138	118	0.1993158507252017
138	159	0.19794226949701044
138	50	0.1888361432099289
138	165	0.1885564690379223
138	47	0.18171917470817545
138	5	0.17941677531005565
138	14	0.17595949520182125
138	120	0.17593042390068736
138	169	0.16905140487830078
138	26	0.1664370981680668
138	36	0.16046115233257705
138	28	0.1592625861504734
138	176	0.15760525880291512
138	175	0.14962810266757898
138	70	0.14251325340460844
138	156	0.1396317658758123
138	153	0.1369343537359937
138	151	0.13685585295758354
138	166	0.12419547282571684
138	115	0.12277743150353425
138	59	0.12026508983804858
138	54	0.11634079767001736
138	162	0.1133310213181602
138	131	0.09156084189433954
138	75	0.07787400603063338
22	33	0.8540955058228235
22	34	0.83304354901185
22	44	0.8087137086464263
22	23	0.7139379129079836
22	18	0.6715165085567009
22	31	0.6503875030246239
22	42	0.6382172519775795
22	69	0.6329184132841476
22	149	0.6312912135756014
22	24	0.6080678796068448
22	127	0.591012079719009
22	67	0.5731625588314249
22	30	0.5657704599164236
22	62	0.5596545153496338
22	27	0.5548489434734174
22	146	0.550953940081477
22	7	0.5445774544078433
22	152	0.5225636673214064
22	49	0.5205909056804042
22	129	0.5129758349607956
22	2	0.510451369126288
22	15	0.5097263560643949
22	135	0.4974109408628578
22	29	0.4682917529073945
22	48	0.4665020272651633
22	45	0.4662124982363338
22	39	0.4582469485069769
22	171	0.44620356602332345
22	126	0.4333387055029913
22	143	0.4249684322806469
22	134	0.4192815384684776
22	154	0.4159957447746326
22	25	0.4151187940140787
22	133	0.3930903929091196
22	150	0.3921938109213048
22	28	0.39120332157345866
22	46	0.38780169414282617
22	122	0.3838012658705277
22	125	0.383588071271801
22	132	0.3780735558082925
22	57	0.35767737602915417
22	59	0.35409667080211665
22	53	0.3463937962296674
22	144	0.34077580373327665
22	118	0.3406343765270338
22	26	0.33950240426819506
22	116	0.3341654375555388
22	115	0.32687911539738346
22	151	0.32582479216413784
22	14	0.3169474486171255
22	32	0.3137144197422181
22	41	0.3113413032477953
22	50	0.30466144476035634
22	120	0.300810043583279
22	4	0.28408489124450137
22	36	0.2796109720761084
22	51	0.2708677104336321
22	35	0.26920823868244553
22	142	0.26756573509119963
22	145	0.2620609010235715
22	17	0.2554643277210377
22	164	0.2425013079825092
22	107	0.2335301427136405
22	54	0.2319884514417756
22	40	0.22983002001770456
22	187	0.2297542443716729
22	10	0.2287973375280451
22	159	0.2243101219645888
22	104	0.2076842618313321
22	131	0.2067654863734932
22	157	0.1989317108429623
22	155	0.1972696032019517
22	56	0.19314308291940474
22	52	0.18751465511234128
22	156	0.17859401185564674
22	181	0.17773226238999834
22	43	0.16468643793788784
22	130	0.15965241546705353
22	6	0.15612266068827418
22	110	0.15490289113796174
22	195	0.15315535933662214
22	16	0.14575448642607114
22	8	0.1448441205513042
22	161	0.14279735174724348
22	38	0.14113161382709802
22	37	0.14030824764146893
22	165	0.12476648541075125
22	20	0.11795828990695705
22	162	0.1124227432799858
22	47	0.11133651214983438
22	124	0.10407180736006257
22	166	0.08351799676529255
22	21	0.07727065865180716
22	72	0.07696548444371329
22	13	0.07541454043579529
22	114	0.07524749379623435
22	117	0.07114559499869663
23	25	0.6906042273483296
23	126	0.6130666681575325
23	49	0.6602123694092457
23	42	0.6550822495289256
23	146	0.6430166177846385
23	18	0.6382468849689046
23	15	0.574711634704557
23	44	0.5688357653053707
23	7	0.5623818376006638
23	129	0.5609169017197078
23	152	0.5605398307035498
23	149	0.5590567198977935
23	27	0.5447181261638646
23	17	0.5431267521031168
23	24	0.5314975516458902
23	33	0.5311028055981598
23	154	0.5270632258683934
23	2	0.5255014889186939
23	48	0.5220109832478953
23	133	0.5205252939466599
23	29	0.518034810857537
23	34	0.5165773468272699
23	122	0.5152564539152525
23	135	0.5124745982558095
23	150	0.5105031280347581
23	134	0.5071013966620143
23	127	0.4996503102718442
23	30	0.4851135033387592
23	14	0.4707551203679964
23	125	0.4627539414266474
23	144	0.4604482555627694
23	120	0.4597151135446757
23	132	0.4530489334606776
23	104	0.4241896863796294
23	28	0.4223345684660359
23	143	0.4197347455563531
23	31	0.4138267832114346
23	69	0.4106310299562255
23	46	0.4103899004229585
23	118	0.4000512973842221
23	20	0.3987149137158369
23	10	0.39559853276588297
23	51	0.38118895448206297
23	124	0.379640890166943
23	53	0.37889603500723945
23	26	0.3763323892889224
23	39	0.3734274013039117
23	115	0.3705927129000949
23	130	0.37036839942092703
23	157	0.3603429749282789
23	107	0.3538954928453045
23	4	0.34915402052805605
23	110	0.3412353356240625
23	128	0.3280843353768253
23	43	0.31816131331742153
23	155	0.3137685137197204
23	57	0.3075978037456628
23	116	0.28954540672750617
23	16	0.2888123063052586
23	145	0.27958331731301056
23	45	0.2780062301461362
23	6	0.27472737844597306
23	102	0.2712105294131834
23	187	0.26090568435727723
23	62	0.2599082430836281
23	40	0.2531634309576099
23	67	0.2490127293718974
23	111	0.2471545901854892
23	114	0.2361284925820653
23	156	0.23250878474520284
23	13	0.2301709759309732
23	117	0.22567722579174626
23	50	0.220412851219784
23	35	0.2190233345212442
23	171	0.21215801956308566
23	8	0.20949202918566054
23	56	0.2072057785607895
23	131	0.2037481998544297
23	100	0.20136036154923045
23	21	0.19828813962449507
23	52	0.19153486378336831
23	176	0.18764008102717444
23	75	0.1826473115250873
23	78	0.16237008387023336
23	59	0.15296981068665638
23	148	0.14749621772744395
23	37	0.14222913157809167
23	164	0.13708153805911627
23	159	0.13522657532432122
23	142	0.1243530017715962
23	86	0.12141800456571801
23	162	0.1208760767129812
23	32	0.1109710835658658
23	54	0.10670226266116564
23	70	0.10159824629610424
23	186	0.10101430146063003
23	41	0.08647745795291385
23	5	0.08633254796355931
23	105	0.07645450904889252
27	25	0.5599085738542703
27	24	0.5458985588420332
27	127	0.5447884505492363
27	42	0.5255014889186939
27	130	0.5001528761650049
27	44	0.4928441302599315
27	53	0.4839044070731587
27	129	0.4760621341833166
27	149	0.467487241224141
27	135	0.454565585349944
27	34	0.4495450861281197
27	15	0.4485391512604056
27	33	0.4442552645865417
27	143	0.4365819368004199
27	144	0.4337690819284951
27	7	0.4335579785852988
27	39	0.4319162475033465
27	146	0.4123339275048092
27	69	0.412068298630668
27	30	0.4057641422758208
27	18	0.4034476098688978
27	145	0.3766585247282526
27	31	0.372859297066115
27	126	0.3609258365909739
27	49	0.3540092061505413
27	2	0.35281907251599376
27	48	0.3438744748150845
27	150	0.3415268770707674
27	142	0.340926053242362
27	51	0.32104342247211665
27	26	0.3207115185469726
27	134	0.3200654257000891
27	45	0.3172172862461705
27	57	0.31095293264298995
27	41	0.31023010636628784
27	20	0.3016283837997781
27	133	0.2986529632337803
27	29	0.2931692399899666
27	17	0.2872625185470472
27	152	0.2856193857639071
27	118	0.27877190469948604
27	62	0.27853209290462505
27	122	0.2758549203096745
27	125	0.27170147456781185
27	40	0.268558847566548
27	154	0.2680577218225985
27	28	0.26776997295258204
27	157	0.26658134317491833
27	43	0.2606820075817929
27	116	0.24609332073323234
27	132	0.24366803601088896
27	14	0.2318370568062348
27	10	0.2310325846272578
27	67	0.2302277964255097
27	115	0.2301425650951461
27	46	0.22307517208505206
27	181	0.20680377597813976
27	155	0.20034312356384235
27	120	0.20010314589116254
27	171	0.1938361273624484
27	75	0.19193942326123886
27	104	0.19047499507330773
27	131	0.18647241913383336
27	139	0.17620174410428782
27	78	0.17504844882064374
27	47	0.17099358887587354
27	176	0.16854622127109092
27	114	0.1661745657298238
27	128	0.1622240349208521
27	195	0.15897018155991632
27	21	0.15581044487212048
27	52	0.15523471538106148
27	32	0.15309676619210685
27	16	0.15002889874394065
27	59	0.14505949812443406
27	107	0.1290365870249057
27	156	0.12795474938981724
27	110	0.1168438648350982
27	50	0.11432793450857764
27	13	0.11248198454791834
27	187	0.11170191062774204
27	35	0.10839248362693564
27	4	0.10830354016324913
27	36	0.1080070494358888
27	38	0.10250866451474368
27	6	0.10139040952759727
27	100	0.09847878323131716
27	8	0.09502046431172223
27	164	0.09396695600570112
27	111	0.08975282502723389
27	148	0.08324788790549233
27	58	0.0746747304532957
27	54	0.07284971496194792
42	49	0.7101071657632969
42	120	0.6565582880565125
42	18	0.7721780090248965
42	44	0.7252818394718573
42	149	0.7107411463693285
42	17	0.6894937036169113
42	15	0.6883273116443015
42	150	0.6598963456110248
42	48	0.6542251070540231
42	33	0.5814893596052455
42	34	0.5776442286747562
42	146	0.5712120165885248
42	154	0.5690657056216138
42	20	0.5498246845529692
42	14	0.5398259917870852
42	7	0.5274170146046617
42	152	0.5202919579944238
42	31	0.510924455725411
42	53	0.5064325282207468
42	46	0.4985464864596959
42	51	0.4924124593831375
42	135	0.4842413033910666
42	144	0.4826090852672478
42	24	0.4587997778979432
42	122	0.4478439131457829
42	143	0.4358936947826527
42	16	0.4286568403025535
42	118	0.4259593984467169
42	157	0.4176317512345351
42	25	0.4101653489119233
42	39	0.401956271012275
42	69	0.3997824761128349
42	130	0.3894571793443049
42	43	0.3844320820707751
42	126	0.384253103109705
42	142	0.3824958745624207
42	124	0.3812829669875736
42	127	0.3715671114132156
42	155	0.3705409520867575
42	145	0.3674570488365675
42	129	0.36727539000473136
42	40	0.3671369644654021
42	117	0.3659163866926353
42	41	0.3631936970102175
42	156	0.3622210405836458
42	52	0.3607170827025453
42	50	0.3563773044589619
42	125	0.35169790286000474
42	115	0.3492418266089736
42	116	0.32099857519621355
42	139	0.2968211451949605
42	45	0.291934782242519
42	2	0.28916973513367106
42	176	0.26819693798252514
42	134	0.25292943908363186
42	56	0.2472297018688773
42	78	0.2387706201468061
42	28	0.2343052743177047
42	62	0.2326695881307126
42	132	0.2311177790106224
42	171	0.2284656328565697
42	30	0.22035576537440424
42	47	0.21637508886132045
42	29	0.21142255805166685
42	70	0.20503222065843302
42	59	0.20068864917621335
42	67	0.1996327200251093
42	133	0.19526011059652465
42	58	0.17954258762557354
42	114	0.17839070235598986
42	131	0.1763567722036294
42	26	0.1735940309602231
42	6	0.17104212652047993
42	181	0.1709353426068053
42	77	0.1684976412531677
42	164	0.1589799288292345
42	148	0.15783928848596313
42	161	0.15476624746234002
42	107	0.1537607587028147
42	195	0.15220797175636444
42	4	0.1510941896626289
42	5	0.1418372009517614
42	32	0.14060232933271358
42	104	0.13783698883186254
42	38	0.13619834154790578
42	102	0.13231954744736746
42	151	0.12742355384385462
42	177	0.12525867132764135
42	173	0.12358498909555618
42	168	0.1216249033975306
42	10	0.11677481994470043
42	100	0.10892610791852804
42	21	0.1046553812042921
42	178	0.10424985445340104
42	187	0.10374537037141816
42	153	0.09561204043645698
42	159	0.09325128268334353
42	128	0.09144382987042042
42	179	0.09108385333370056
42	95	0.07660561880729237
42	35	0.0761542674038324
42	110	0.07269851996521387
146	134	0.7984784577383873
146	154	0.7068799149285084
146	135	0.7111565697536877
146	7	0.6641876881014218
146	157	0.6320124325547654
146	2	0.6311769203013363
146	144	0.6238539238604726
146	49	0.6156751377891075
146	155	0.609948911880178
146	150	0.5932394728714049
146	152	0.5842953561977212
146	145	0.5743565821252165
146	125	0.5647088739125092
146	149	0.5603546380034085
146	114	0.5578387195378061
146	51	0.5529009906512196
146	122	0.5526996112240127
146	104	0.5424142980585337
146	171	0.5145803837006535
146	34	0.5127031465733783
146	100	0.5045117254460997
146	33	0.5027652719148233
146	20	0.4912146311031368
146	10	0.4882347723756834
146	30	0.4859312699784578
146	102	0.4844326578116739
146	53	0.4810964848469178
146	110	0.4744829384289925
146	24	0.4661733650288226
146	127	0.4626910703961008
146	124	0.4522697360252365
146	69	0.4511553982592985
146	25	0.4508048868275497
146	31	0.4452980901719533
146	129	0.4407006511776424
146	44	0.4401122404403597
146	17	0.4363633740648203
146	48	0.4308174521982362
146	13	0.4227452984552113
146	40	0.4186714390716052
146	132	0.4176895404054445
146	4	0.4131884444401051
146	18	0.40381592567431146
146	15	0.4018640395074322
146	111	0.4015956833129264
146	14	0.3977641258932461
146	143	0.38673916732657626
146	62	0.3775592029602496
146	46	0.3663580178892535
146	164	0.3652406319048723
146	6	0.3569446198541129
146	133	0.3526877377610575
146	107	0.3480822929448846
146	45	0.3466137800093138
146	130	0.33932544463141073
146	35	0.3270845244607577
146	126	0.3084757635969358
146	173	0.3059309564168917
146	67	0.3019737719160597
146	8	0.29692145061240555
146	148	0.2879413095112799
146	39	0.28759277726759497
146	5	0.2829813606490731
146	50	0.2776463332544475
146	176	0.2741170814629253
146	70	0.2716088542207403
146	120	0.2691896880440839
146	116	0.2678628003907911
146	139	0.2585743480072862
146	43	0.2568378757462378
146	159	0.2534909698189627
146	172	0.2514780298513684
146	156	0.2445896290148163
146	75	0.24224716920763945
146	142	0.24124911801231
146	115	0.2405049552377003
146	32	0.2340217240834885
146	59	0.23291549811338744
146	118	0.23264121198677035
146	16	0.20991268014385592
146	47	0.20583676980639756
146	28	0.20381529296438705
146	21	0.1934222490424281
146	174	0.1826666442536552
146	101	0.17385588226113996
146	169	0.1695856370448281
146	153	0.16917768691325533
146	37	0.16684543505063454
146	128	0.16249665387212905
146	181	0.15678601564808234
146	57	0.15241310007069458
146	29	0.14879702745209475
146	86	0.14796574198548235
146	52	0.14594044484366192
146	168	0.1428169438696135
146	180	0.13105191769279076
146	179	0.1292922493271935
146	175	0.10446745849207492
146	77	0.1020633726158111
146	192	0.09828368996890627
146	165	0.0825010528111459
146	187	0.07913717252232867
146	178	0.07863730280078647
146	131	0.07476422798318258
146	167	0.07468765794864557
146	105	0.07331322609340381
24	127	0.7235234536550119
24	39	0.7064193203972353
24	144	0.6888216248457113
24	7	0.6809482413238919
24	34	0.6691376591285088
24	2	0.601580256607078
24	40	0.5865432638255885
24	135	0.5756752140081769
24	143	0.5353110425433952
24	30	0.5161813365618365
24	33	0.5146024395710227
24	145	0.4963716644839655
24	134	0.4941981516555623
24	149	0.4819260833441449
24	44	0.4765569368598098
24	69	0.46523362090699893
24	57	0.4457870001704346
24	129	0.4217263696990771
24	130	0.4199983334213999
24	62	0.4159295867698314
24	18	0.4152677646308136
24	31	0.4013020897403453
24	114	0.37827066255389336
24	10	0.37550805275114
24	35	0.3655698939169812
24	53	0.3462529866127072
24	49	0.3121448096567047
24	20	0.31116067868444786
24	67	0.30778792201621336
24	142	0.3074438804877558
24	37	0.3029368038479034
24	150	0.2952610106219536
24	36	0.29319666130268746
24	104	0.2918433021639106
24	171	0.28788628317254805
24	13	0.2856928578102653
24	152	0.273895100505326
24	126	0.2735065636134185
24	122	0.2714235984337262
24	154	0.2652617577084969
24	41	0.2640435116516502
24	51	0.2615392830413914
24	110	0.258490363515462
24	26	0.2529387993269452
24	45	0.25146866223980624
24	25	0.250719100797213
24	132	0.24118319097866486
24	100	0.24026940173803515
24	181	0.2389403507965402
24	32	0.23861973620927665
24	15	0.2305213439655808
24	107	0.2270908633838913
24	155	0.2269391091129021
24	48	0.2226760349763464
24	176	0.21877579294778
24	139	0.2119288105427024
24	124	0.2014850873042244
24	111	0.1984706622904036
24	28	0.19637563067643404
24	157	0.19321047071067712
24	8	0.1873023819429073
24	125	0.1865592881990384
24	173	0.17980387135709566
24	5	0.17930063565563634
24	162	0.1684684928494866
24	29	0.16240902905550586
24	54	0.15817080018055854
24	102	0.15744922917648865
24	75	0.1537509951115116
24	175	0.14931525204077348
24	159	0.14789727384668458
24	120	0.14727121377922445
24	195	0.14204297008350533
24	17	0.12011725672605802
24	174	0.11873722497330773
24	70	0.1181062001650379
24	4	0.11758356050816712
24	133	0.11410093484514786
24	164	0.1085308366762605
24	118	0.10208316423676786
24	64	0.09550205399414224
24	156	0.0929776756896462
24	6	0.09120483984393313
24	86	0.08678711634255433
24	101	0.08205111933651221
24	50	0.0811382378205991
24	165	0.07939454520408004
24	166	0.07305163463564986
10	110	0.8628004733497491
10	8	0.8080206242819903
10	2	0.7229940984100478
10	104	0.7968416427738003
10	107	0.7788340350767731
10	111	0.6665394493523985
10	134	0.6460796842891979
10	4	0.6262910543355535
10	13	0.5155355133616372
10	7	0.5071236817681883
10	114	0.4736146274994178
10	102	0.4592970208483307
10	135	0.4482675135510952
10	30	0.4418039070081783
10	144	0.3862968533506144
10	25	0.3819579159496703
10	132	0.3636710512935961
10	6	0.3601689317994718
10	124	0.3553554744577739
10	125	0.3393696867928806
10	100	0.33524876218791144
10	35	0.3303490393501615
10	133	0.3271827526547045
10	37	0.28850980362622586
10	128	0.2861611631274141
10	20	0.28161930730540763
10	154	0.2790670099560037
10	157	0.2748475623857588
10	62	0.2727569904473487
10	155	0.2696533940489297
10	51	0.24769908254459685
10	173	0.24751134421367624
10	73	0.24667568341100596
10	126	0.2432258912398015
10	127	0.2398830327463184
10	75	0.2382424759721053
10	145	0.23764814531674205
10	169	0.2359585215593024
10	171	0.22806751722763502
10	150	0.2273753729144317
10	160	0.22310367901829584
10	85	0.22279958539897515
10	33	0.2213165089953024
10	49	0.22040333701706366
10	28	0.2194136312502607
10	129	0.21043838456392747
10	174	0.20916692759158173
10	40	0.20354690904381248
10	184	0.2031442758110484
10	105	0.1989317108429623
10	29	0.19707737867977312
10	66	0.19613525972777351
10	86	0.1949426719021806
10	34	0.19464443470864773
10	130	0.1913132917152872
10	172	0.1908797247673631
10	69	0.1903111574927396
10	39	0.18346882775232187
10	167	0.1767055534289901
10	57	0.1732836568935371
10	175	0.1726142957528808
10	67	0.17170215597346505
10	176	0.17119744140324542
10	152	0.1578490393381622
10	164	0.15239356460620945
10	17	0.14878724884309855
10	5	0.14683094459608653
10	65	0.14082777516469694
10	21	0.13762116207839228
10	165	0.13557997506339864
10	60	0.1265183858077912
10	162	0.1206691397785845
10	122	0.11664659072542455
10	53	0.115176609901985
10	45	0.11011171450084076
10	143	0.10899527684822484
10	149	0.09711297225644484
10	14	0.07886488260254962
10	31	0.0768283004561603
110	104	0.8175220504015681
110	107	0.8076384718325499
110	111	0.7471091910891076
110	8	0.7958539029087917
110	2	0.6229980481072616
110	102	0.6168101854285509
110	4	0.5821244002312479
110	134	0.5758958094488635
110	13	0.5656072608507818
110	114	0.5050482673569707
110	6	0.44669998810058265
110	7	0.39183835510486215
110	144	0.3764010571360428
110	124	0.3716360643939531
110	135	0.3523199265281841
110	155	0.3475372953934888
110	100	0.3358965575720825
110	173	0.3160926243875701
110	132	0.313552125592136
110	20	0.30562274624484903
110	125	0.30281872939051196
110	154	0.30026423714773354
110	157	0.29497801023769743
110	51	0.28489366912715985
110	150	0.2764368786546084
110	145	0.25610918315409376
110	5	0.2484404669945284
110	176	0.2466850748989113
110	105	0.24402544073773105
110	37	0.2384594094014537
110	30	0.2368837444197553
110	184	0.23476832062732034
110	169	0.2314490567999086
110	35	0.22523111570527135
110	25	0.2189471708845628
110	73	0.21557427076734745
110	49	0.20524296274253945
110	171	0.2043711336038268
110	133	0.19328748309726548
110	130	0.19149633091233512
110	164	0.17639552786177176
110	172	0.17406922440680964
110	128	0.1705372944779614
110	127	0.17031397480532856
110	86	0.1698187253243409
110	17	0.16883768417624426
110	85	0.16693292837066304
110	174	0.1597596098057852
110	62	0.15539085585088416
110	66	0.15419032696956306
110	160	0.15318465550508462
110	101	0.1454902120122986
110	40	0.13391084123980782
110	152	0.1295085655438794
110	34	0.11759342223763397
110	129	0.1145055780931371
110	126	0.1079477489830316
110	175	0.1077797268630634
110	45	0.10709769161366772
110	162	0.10432898435071752
110	143	0.09679003652709596
110	33	0.09470929010865538
110	70	0.0941413990760958
110	75	0.09279427183394533
110	60	0.09102633421346304
110	53	0.08903461071479801
110	149	0.08809106983880355
110	28	0.08688140002458432
110	21	0.07508839783179197
110	57	0.07366829797109044
110	69	0.0716748820934282
8	107	0.7986958128717863
8	111	0.7354473014591367
8	104	0.63815798032103
8	4	0.6029758573434668
8	13	0.5545166265218341
8	6	0.50913397139396
8	2	0.4878462459948113
8	102	0.44809170384379504
8	134	0.4205170649788979
8	114	0.29548919900731796
8	133	0.2866476885408001
8	125	0.26904127574728465
8	169	0.25988026943436376
8	135	0.2573701973121753
8	171	0.2545387033265762
8	124	0.25345353974632645
8	132	0.2377613648905113
8	67	0.2349572885191918
8	7	0.23368141124781874
8	144	0.2297163555040002
8	105	0.2293469025692272
8	155	0.2279632362390795
8	30	0.22379723000577914
8	51	0.20956851695078788
8	66	0.2073876138953212
8	127	0.20679420363636172
8	37	0.2064208514431701
8	173	0.201206843963796
8	86	0.19565444713574415
8	65	0.19219946277832992
8	154	0.18438668972687192
8	29	0.17822610731725408
8	128	0.17687992740732356
8	25	0.1644237491018902
8	184	0.16424861025079254
8	157	0.163275428337379
8	160	0.16118201324682602
8	5	0.15973037535966725
8	35	0.1576930220102191
8	129	0.15599582677184787
8	100	0.15361430168164925
8	174	0.14950101071013022
8	62	0.14152362442318694
8	85	0.14138642575680171
8	20	0.14013178673955326
8	49	0.12275773294111984
8	175	0.11998913038625306
8	126	0.11936815388342585
8	73	0.11821466435727118
8	69	0.11602511718629124
8	145	0.11549235324553835
8	164	0.11446610237344715
8	60	0.10836283599845233
8	75	0.10537733041363004
8	150	0.1034386970798831
8	34	0.0993046270212125
8	165	0.09715754766979436
8	167	0.09530090158757072
8	176	0.09344557475259303
8	152	0.09206257661204592
8	21	0.0891655627896427
8	45	0.08528134530315523
8	130	0.08422598112865866
8	28	0.07708477249911766
8	149	0.0751888276047819
8	33	0.07386621509040753
2	134	0.7874940579923346
2	30	0.7123210581431341
2	7	0.7024496477033316
2	104	0.6802020653406464
2	135	0.6530280139006444
2	107	0.504876914418489
2	144	0.5013591576010259
2	114	0.497139962702936
2	127	0.4945759423657945
2	33	0.4935100933616154
2	13	0.4867787091244958
2	4	0.4551604100447494
2	111	0.4507889511847944
2	100	0.43517251814462105
2	34	0.4343534272846026
2	69	0.4298722805397577
2	102	0.40960791366712784
2	62	0.4068662205613644
2	31	0.4014027596879072
2	132	0.3950247972908605
2	25	0.3818810435737568
2	35	0.37190321846437707
2	39	0.36858097922087374
2	150	0.3566129904836381
2	154	0.35141745255952744
2	145	0.3474933337381942
2	40	0.3466665704446273
2	37	0.34581285601648715
2	49	0.3425335144170153
2	57	0.34173886594485875
2	129	0.3234809405759887
2	6	0.3188531991811745
2	20	0.3101397278346645
2	157	0.3018192659729192
2	75	0.3012465469160401
2	149	0.3006281299778807
2	133	0.29796970551352026
2	44	0.2902140645996883
2	125	0.28313773978808104
2	124	0.2794634746459759
2	152	0.275651649082966
2	143	0.27136801777482594
2	171	0.27038579464325563
2	51	0.26994082899689537
2	155	0.2691247592368888
2	28	0.26572651412866344
2	126	0.26448068944675673
2	122	0.2546883308393019
2	169	0.25367810879450353
2	67	0.24377150208492535
2	130	0.2359018613426365
2	167	0.2318465193000877
2	159	0.2303887793007923
2	53	0.2275081307491146
2	18	0.22032722188562115
2	45	0.2004103130057655
2	175	0.19036898373217154
2	160	0.1860476839763933
2	174	0.1820189210368588
2	73	0.17882634689565371
2	128	0.17453464143842531
2	15	0.1739431605671564
2	172	0.17233292242732018
2	86	0.17147892793677635
2	29	0.1660967738147304
2	32	0.16562997894105186
2	173	0.1640929225776387
2	184	0.1625745404464567
2	17	0.1534873668034712
2	14	0.1531065317909575
2	162	0.14987249637816866
2	48	0.1480244278327542
2	164	0.12983301675114114
2	65	0.12171357109117185
2	176	0.1184611633904684
2	60	0.10653419512752876
2	85	0.10282529154927532
2	120	0.09958383827748243
2	101	0.09610447358973878
2	63	0.09564275695387364
2	105	0.09520775448602006
2	5	0.09520180886972283
2	78	0.09392929140320376
2	165	0.08229347177746313
2	64	0.08003842732373771
104	134	0.7062038371054242
104	111	0.6691873590667078
104	102	0.6485662400873718
104	107	0.6290726547764153
104	4	0.5401518612775548
104	13	0.5129758349607956
104	114	0.4998378742307004
104	135	0.4886231053188077
104	7	0.4778697909166729
104	144	0.4771055055314567
104	100	0.3936651655442011
104	25	0.3744939913229491
104	6	0.36994553736167735
104	155	0.33086564462647616
104	127	0.31584958057864204
104	30	0.3152192739944291
104	157	0.3150571501716859
104	124	0.3149850892362046
104	51	0.31232531150931564
104	154	0.2859132537961385
104	129	0.28468232309494584
104	132	0.28465475418025515
104	125	0.28342286298920993
104	105	0.2828709663149153
104	173	0.2646015917845905
104	5	0.26177216711031315
104	150	0.2610641051272196
104	172	0.2607006483824225
104	20	0.25292943908363186
104	130	0.24919093954371474
104	133	0.2491534230147576
104	128	0.24342345779052865
104	160	0.2228756128712815
104	85	0.22153523222847585
104	86	0.22112629677784865
104	145	0.22075533457241125
104	169	0.2206792318619867
104	184	0.2177853453129471
104	73	0.2107346370908912
104	37	0.2072057785607895
104	143	0.2052621201704232
104	40	0.1928061166418851
104	126	0.1883442820185574
104	34	0.18599941421444527
104	49	0.18565184543788002
104	122	0.17840038410629133
104	171	0.17410801213292354
104	75	0.1725657851189947
104	164	0.17242995089126165
104	17	0.1668162700266377
104	193	0.1620877161550083
104	39	0.1612209738099598
104	189	0.13398940582891605
104	28	0.1285448805622149
104	33	0.12773834523345798
104	159	0.12548505616262595
104	35	0.1243628471226624
104	149	0.12197956251130684
104	57	0.1173863210511138
104	180	0.11707071866219568
104	176	0.11692277189824538
104	53	0.11629147414220165
104	148	0.11561075098604705
104	45	0.10949919000832548
104	158	0.10793786549952804
104	152	0.10530810720984768
104	84	0.10145968943472176
104	70	0.0740511976902788
104	165	0.073904007648035
104	174	0.07217527995442206
107	4	0.7200794625916781
107	111	0.5741354024208911
107	6	0.4179289166829658
107	105	0.39451830405949295
107	134	0.3876317589956603
107	102	0.3372709598321317
107	125	0.33543514679944225
107	13	0.3243044265467981
107	132	0.3200474744227144
107	133	0.3069276674725382
107	135	0.2825581416751252
107	85	0.2723404177141882
107	7	0.2687722458949235
107	128	0.26375510093603977
107	155	0.2615392830413914
107	154	0.2591434731453843
107	129	0.2531634309576099
107	29	0.2500254886864382
107	66	0.24898458938187104
107	126	0.2475395061485904
107	124	0.24295302806281696
107	173	0.24009036215004814
107	51	0.2377613648905113
107	144	0.23347341409849146
107	28	0.2259429485350145
107	49	0.21638462065890493
107	114	0.21089708172492955
107	62	0.20301963730778605
107	160	0.20274157386661126
107	171	0.2022333044963764
107	25	0.19439427253273955
107	184	0.1889422185063195
107	33	0.1858256356390096
107	30	0.18517869107095736
107	34	0.18161280498679871
107	35	0.178797306105735
107	157	0.17775163054600693
107	127	0.17516476934154598
107	150	0.1718574346454122
107	17	0.1702168738368884
107	37	0.16887654366724175
107	73	0.16664127375415727
107	169	0.1640053446683444
107	152	0.15637631307218156
107	86	0.15063488692285093
107	174	0.14480495951720554
107	164	0.14006316065073246
107	69	0.13847458224442805
107	21	0.13299740461188245
107	149	0.13162191303248955
107	67	0.1296265510134717
107	60	0.1235357524538282
107	165	0.12072826568795547
107	50	0.11835270561281755
107	20	0.11549235324553835
107	100	0.10168731648309147
107	145	0.0988659763569733
107	122	0.09660676638508953
107	15	0.09590037218231172
107	162	0.09362499121039196
107	143	0.08563176740290931
107	53	0.0852039120750435
107	26	0.08302245680719278
107	177	0.07732234796482527
107	65	0.0750844203836673
107	45	0.07501481465485249
107	16	0.0728735875502614
111	13	0.8081941055146941
111	102	0.7711667060610581
111	114	0.6107520761592623
111	6	0.5907973052803537
111	5	0.5280591428698846
111	134	0.4869999613666574
111	124	0.4396363992183501
111	100	0.4165744394441789
111	155	0.4040920766550098
111	135	0.399009231877808
111	70	0.3879800976789772
111	144	0.3793070503657052
111	20	0.3738834035580906
111	101	0.3689093094823477
111	176	0.366080935238174
111	7	0.3462881904798811
111	51	0.34055481694824563
111	4	0.3269148409320038
111	157	0.29011332604652473
111	145	0.2861978871785834
111	150	0.28582142580983044
111	130	0.2817758172071222
111	173	0.2784859712686846
111	40	0.2755962071959722
111	154	0.2677421237516274
111	37	0.2545854632338524
111	169	0.2460839263293388
111	105	0.2380632521622023
111	35	0.22364523819664608
111	125	0.223521736841712
111	30	0.21979434088017188
111	171	0.21886148360403268
111	25	0.21400039160994516
111	128	0.2016961467723562
111	65	0.1953082038014108
111	164	0.19273871792625627
111	69	0.1872637849410468
111	149	0.17606608734640766
111	175	0.1706926369629566
111	45	0.16630097318015194
111	49	0.1626037473895627
111	95	0.15929182507362422
111	86	0.15772227585914078
111	153	0.15727368645011072
111	132	0.15532254535022358
111	127	0.14433499175616546
111	152	0.14422728163138546
111	129	0.14283653588006034
111	66	0.14215074901646574
111	73	0.13514803737298925
111	67	0.12834818026513808
111	68	0.11451544696656225
111	133	0.11227463661449393
111	17	0.11164265886971134
111	53	0.10988449740604084
111	160	0.106860438299727
111	172	0.10323093947845152
111	139	0.10249876958486384
111	75	0.10103409734285207
111	174	0.09790932743915004
111	50	0.09759931844084906
111	143	0.09724372569689033
111	94	0.08898500685211158
111	148	0.08801169008248791
111	184	0.08590176658598471
111	122	0.08347926867414254
111	34	0.08153757824129074
111	85	0.07789885437323182
33	62	0.7425725848738968
33	31	0.7383445569743521
33	67	0.6620699104102971
33	34	0.8126556684095341
33	44	0.7295150801161581
33	69	0.7062990667931668
33	30	0.6106768328168443
33	18	0.5777308446988065
33	149	0.5144333271623903
33	45	0.5142421084191874
33	49	0.5086967783831869
33	15	0.4852358402243719
33	171	0.483452434536175
33	32	0.4818646611961857
33	48	0.4684556843789293
33	127	0.4571797758254923
33	7	0.4393055844742659
33	152	0.4323310147647022
33	41	0.4246160251171685
33	135	0.3830762374182579
33	39	0.3815735012343091
33	46	0.3789474201066805
33	154	0.3789045993527359
33	35	0.3773705485024662
33	59	0.3714119522188129
33	129	0.3654312684253693
33	120	0.3640961697535275
33	150	0.3603603778616645
33	50	0.356700270088345
33	40	0.3531079600419305
33	134	0.3493647448187419
33	36	0.34581285601648715
33	145	0.3404575708398666
33	122	0.3362691178617508
33	142	0.33563037870671514
33	125	0.3290655775936055
33	126	0.3281289526783203
33	164	0.3241970431716545
33	115	0.3149580654490433
33	116	0.3128486393323669
33	29	0.3081409335958362
33	53	0.29673907225399465
33	166	0.2955987174594024
33	118	0.2933703184129998
33	14	0.29241039252223217
33	143	0.2873817865243238
33	181	0.2823556936964139
33	195	0.2792329835057294
33	151	0.27494000572641303
33	144	0.2707472442035093
33	165	0.26486196856621
33	57	0.2646852885309845
33	38	0.25821972024276124
33	25	0.2571367421505548
33	52	0.23652503543271725
33	17	0.2354768586144868
33	28	0.2328209208737784
33	156	0.22623710235541974
33	155	0.22443357740988745
33	51	0.2226000003913464
33	132	0.22245742824595788
33	54	0.2192803670853559
33	26	0.2139622231299471
33	4	0.20896610644220945
33	133	0.2028662270415489
33	72	0.2025497869216858
33	47	0.18846966738390694
33	157	0.18467647415305655
33	161	0.1811582683310591
33	159	0.1808390793058154
33	16	0.17533924095327608
33	56	0.16453077329713384
33	187	0.15272565129523444
33	37	0.1507521618981047
33	174	0.14901214948434668
33	139	0.1468994347391812
33	64	0.13857266336493412
33	168	0.13452949173479214
33	167	0.13338048628164467
33	20	0.1333019086716844
33	58	0.13244726914949506
33	66	0.13035404684500712
33	177	0.123742542258894
33	43	0.1196540118406478
33	117	0.11784981905733795
33	124	0.11429832653333423
33	173	0.10659351377620582
33	60	0.10594096700010636
33	79	0.10522899372730872
33	100	0.1001531033772361
33	178	0.09916897618959357
33	6	0.07810360102904085
33	130	0.07314413770859259
33	162	0.07118937214701784
34	44	0.7318827486788391
34	127	0.6754235020504604
34	18	0.636959072592636
34	31	0.6038978597441926
34	69	0.5936929313401951
34	62	0.5844138915383148
34	149	0.5784499209888433
34	39	0.5592766663291361
34	67	0.5518169477444179
34	45	0.5061350575393363
34	7	0.4949610964485394
34	143	0.4904935220348311
34	171	0.4843637755586626
34	135	0.4810119402941597
34	48	0.4708952186261247
34	154	0.46180252002389793
34	129	0.4473241286213199
34	30	0.4439020351684139
34	152	0.4382639510755837
34	49	0.4175409328535113
34	144	0.41177768682832333
34	40	0.39292973972314976
34	15	0.37902449337461946
34	145	0.3769245134520692
34	53	0.3761006047811414
34	50	0.3737543646421504
34	122	0.3679067500331549
34	134	0.3672840410608368
34	125	0.35718892078193604
34	142	0.35321299336308065
34	46	0.3356747455745792
34	164	0.3334101397608925
34	150	0.3306697142242313
34	57	0.3196614663898503
34	118	0.3090004784261479
34	41	0.30834003091192624
34	32	0.3081952355417145
34	51	0.3066468441857273
34	155	0.29754137495352
34	29	0.2944027209809796
34	36	0.28944462553771355
34	35	0.28473745951159296
34	181	0.2799151438410625
34	47	0.2786888968568237
34	157	0.2756331686577181
34	126	0.2746719060396004
34	26	0.2681690956464429
34	151	0.2559970507380985
34	195	0.253968136676665
34	25	0.2522553772240781
34	132	0.2418894360966975
34	59	0.2388177690134263
34	120	0.2354485218948444
34	116	0.22402519730893594
34	17	0.22397770614146606
34	156	0.22281859252117195
34	52	0.22238138587741552
34	115	0.2064591467442353
34	173	0.19453859995321449
34	54	0.1935088804391364
34	28	0.1892989848590798
34	72	0.18780409029789194
34	14	0.18581598093273766
34	100	0.1857001216593256
34	165	0.18319823888591094
34	4	0.18252164534721155
34	159	0.17391406810204535
34	130	0.170381943515395
34	133	0.16518256419753902
34	139	0.16248691790793393
34	38	0.16130863323957895
34	153	0.15817080018055854
34	16	0.15130916003347747
34	37	0.1483276214285408
34	162	0.14259162770869946
34	168	0.13889631176667416
34	114	0.13661052695024167
34	82	0.1358450022342143
34	5	0.12937091119453722
34	6	0.12896775193411636
34	56	0.12493383552469264
34	166	0.11629147414220165
34	161	0.11363702894218737
34	117	0.09875308937601067
34	20	0.09826784449892943
34	66	0.09817475135679643
34	176	0.09182262234611363
34	131	0.09060285581317158
34	177	0.08786582686686728
34	178	0.0852773743934321
34	43	0.08159022564976284
34	174	0.07926933819242751
44	149	0.8371587949193083
44	18	0.8347797054729219
44	31	0.6953032777231108
44	15	0.6457183393460094
44	48	0.6064455966047382
44	45	0.6017907881986956
44	46	0.5989640001054419
44	118	0.5899243302470616
44	49	0.5873364205909742
44	143	0.5800579244552276
44	67	0.5619988300841846
44	152	0.558960468583279
44	122	0.5400172826338383
44	69	0.5368858838971607
44	52	0.5348828398091495
44	39	0.5336037348863533
44	154	0.5288519509314135
44	41	0.5251322274120748
44	53	0.5127989677990731
44	142	0.5076137825366169
44	129	0.4980202869306062
44	50	0.4930409522472804
44	127	0.4875642528721441
44	135	0.475450946222269
44	51	0.4752032456972244
44	7	0.473793016576569
44	171	0.4596835664840108
44	29	0.44964880826394427
44	26	0.4485231748644912
44	156	0.4461715293564388
44	125	0.43177795112978784
44	116	0.4312164221417422
44	28	0.42960322314021976
44	131	0.4198088868022874
44	115	0.4183497480134191
44	59	0.4182424943274976
44	14	0.4082421544076825
44	17	0.4066909690156156
44	132	0.40425940504828
44	43	0.3999252959801943
44	150	0.3940284659508602
44	120	0.3852924817993164
44	145	0.37870760298830336
44	164	0.3741242374756836
44	195	0.373556476869284
44	30	0.3682093366756635
44	151	0.3657604774897364
44	38	0.3585055579191236
44	62	0.3482228993076452
44	155	0.3468161314181814
44	16	0.3420744438783488
44	157	0.3371557425020961
44	126	0.32825387333355044
44	144	0.3200923521852321
44	181	0.3170553898289822
44	130	0.3142642802398613
44	32	0.2976872030707224
44	133	0.2951697258334133
44	47	0.2941561030834005
44	72	0.2684753366952056
44	25	0.2650386308199181
44	40	0.2611572872475597
44	159	0.24783048830989698
44	161	0.2397887848727259
44	54	0.2335774153452441
44	36	0.22402519730893594
44	139	0.22117385141007365
44	20	0.21400039160994516
44	117	0.20778951482358726
44	56	0.2027319848886285
44	21	0.1862600602573448
44	134	0.1834205103496631
44	168	0.180887443729836
44	178	0.17870050122287953
44	173	0.16284712749619665
44	57	0.15598607010360788
44	79	0.14725164749780414
44	70	0.14706576207843472
44	148	0.14395309498835118
44	124	0.1387688174493935
44	162	0.1353051115764047
44	58	0.1284662016561866
44	6	0.12481570676985733
44	187	0.1206691397785845
44	177	0.10446745849207492
44	153	0.09964918332980917
44	78	0.0929776756896462
44	77	0.0921052119959648
44	176	0.08517611528052141
44	5	0.07892450914014923
44	100	0.07355491569944254
44	179	0.07160922084396598
62	35	0.7348774766860343
62	69	0.7216502162084812
62	166	0.6346057454859568
62	67	0.6059332438103012
62	30	0.6052239764734414
62	32	0.5415031961720238
62	37	0.4935025288464066
62	31	0.4815728413251618
62	174	0.472232737229724
62	165	0.46534331183673205
62	171	0.450876593663896
62	36	0.4280117818773923
62	167	0.4080504685936159
62	45	0.39163518495356464
62	60	0.3612649845257385
62	134	0.361151945828151
62	40	0.3443681598882082
62	175	0.3401215737026531
62	145	0.30834003091192624
62	61	0.3007736626128408
62	63	0.3002460402107004
62	152	0.298607422233393
62	57	0.2933611790476252
62	126	0.29174266791011083
62	7	0.2896003755799281
62	135	0.2876569863024788
62	195	0.2823280852046926
62	164	0.2822820700125466
62	139	0.27439451658738545
62	127	0.2719978258503803
62	41	0.2718403956513181
62	59	0.2606726871085872
62	15	0.25554845220459177
62	116	0.2509814815519721
62	65	0.23800665180052405
62	66	0.23734619488961295
62	181	0.2314111991960803
62	48	0.2267873438210395
62	151	0.2259334590157338
62	149	0.22512669331468665
62	49	0.22487036188758452
62	154	0.22118336221031248
62	120	0.21871866396879708
62	18	0.2096067598716551
62	4	0.20770339909678714
62	125	0.2058942269701725
62	115	0.2031634503812059
62	176	0.19993034709748325
62	38	0.19676978792995495
62	177	0.19424031400677932
62	142	0.19010875525734008
62	14	0.1887782820997612
62	169	0.1854394194188022
62	114	0.17646334894746998
62	150	0.16941080838189138
62	155	0.1671759515728128
62	53	0.16711762785579046
62	39	0.1554201313248587
62	144	0.15467840197220253
62	153	0.15419032696956306
62	161	0.1536435936260402
62	64	0.15345807341974813
62	92	0.1409943996553974
62	46	0.12751209151966822
62	173	0.12543584317885825
62	132	0.1214377096712276
62	47	0.11990042519379022
62	56	0.11938786886123315
62	72	0.11890482483877385
62	129	0.11882595515729286
62	162	0.1139331448260811
62	54	0.11326191984450673
62	20	0.10632657388793444
62	6	0.10494219619424308
62	13	0.09936700536211544
62	100	0.098295574038685
62	183	0.0970178767393967
62	122	0.09388964416273476
62	58	0.08887984520371069
62	163	0.08136175246825253
62	50	0.08039909139678562
62	157	0.07528925585244166
62	29	0.07518783325806692
31	32	0.6532401777606858
31	69	0.5715151112334267
31	45	0.5652807297807473
31	156	0.5547520359753976
31	30	0.5398472490797794
31	149	0.5351612028628989
31	67	0.5333676551959736
31	142	0.5159245452897956
31	52	0.5094080093200023
31	135	0.4989296292235211
31	18	0.4878919650189413
31	181	0.4727531599742766
31	7	0.4680887454577419
31	171	0.465687961712001
31	28	0.4614956367801946
31	15	0.4603773337575815
31	195	0.4595573666401759
31	129	0.4499439510487674
31	38	0.4436289906349481
31	122	0.4247799514400768
31	125	0.4172023544871983
31	41	0.4163926003202073
31	40	0.4159130465806656
31	36	0.4089335907869122
31	59	0.4082504877570956
31	152	0.4038410333510826
31	164	0.3995976215836704
31	132	0.3907119733651755
31	79	0.3839888432785927
31	53	0.37411563713295853
31	46	0.3719376854714671
31	49	0.3680537304249335
31	154	0.3666783137247562
31	131	0.3633239034664841
31	39	0.36153449549339006
31	116	0.3569358939175828
31	143	0.3490837712483845
31	118	0.34418305028450435
31	50	0.33951125161933265
31	159	0.3366681728355433
31	48	0.3350268415260152
31	134	0.3345118424424591
31	145	0.3333123640306932
31	115	0.3271381043520157
31	127	0.3212227971764887
31	151	0.32115105005973105
31	43	0.31828713598515185
31	29	0.31413810137449105
31	57	0.29572647916705314
31	120	0.29411042880231913
31	25	0.28898644836306103
31	100	0.27668622735374393
31	99	0.27244225603961797
31	54	0.2648061767913933
31	26	0.2601226932324443
31	78	0.2566043521802832
31	133	0.2531353534960559
31	139	0.2530417588778762
31	144	0.2424824840289025
31	150	0.24056148386389795
31	51	0.23929862310245464
31	14	0.2337570412736339
31	72	0.2199085407212923
31	155	0.21955640519897054
31	21	0.20784692351883466
31	165	0.20607616528836087
31	126	0.1995367034309144
31	4	0.19573138347833036
31	35	0.1892411342484256
31	166	0.1861538742912757
31	47	0.18285996376788768
31	114	0.1777225782603578
31	187	0.15605436614198553
31	130	0.15485409050531854
31	17	0.15202236817169887
31	148	0.1505176077077519
31	168	0.14636126000594665
31	157	0.14561745784265592
31	56	0.14553915328614445
31	16	0.1455097886072961
31	173	0.13890611883119794
31	161	0.13431346694521445
31	178	0.13120916645738762
31	177	0.11474242481314526
31	77	0.1128077972172732
31	75	0.10541688607160757
31	117	0.1034782689335694
31	197	0.10114297326462224
31	58	0.10098460748732646
31	64	0.08750859492771815
31	128	0.08659159680697591
31	70	0.08424782501982929
31	20	0.08275331868779835
31	153	0.08255269865550267
31	95	0.07982678822879358
67	171	0.7343480811640389
67	45	0.7085968366776538
67	69	0.5739879027138829
67	164	0.5254580566582142
67	59	0.5198104571767012
67	30	0.5154914586109149
67	32	0.4560954456345039
67	195	0.4438056759180075
67	47	0.4289588061219864
67	152	0.42639313653921534
67	125	0.4212658587431358
67	149	0.4190260023354077
67	50	0.41677277138830304
67	46	0.4124750143381979
67	154	0.40434305909955054
67	151	0.39215150089091977
67	52	0.3912371994417628
67	36	0.3826666008809104
67	142	0.3775592029602496
67	38	0.37095497413049866
67	41	0.3667908294725531
67	116	0.3661155741208843
67	156	0.3639660475510786
67	29	0.36194299367083216
67	161	0.3577732996131152
67	165	0.3529679017672461
67	118	0.3448792758747574
67	49	0.33665930626027873
67	54	0.3316490808917387
67	122	0.331542275575168
67	127	0.3238211355727189
67	79	0.3181343498587065
67	129	0.3167585317396797
67	132	0.3144174825071335
67	72	0.306755556310412
67	145	0.30442555891562795
67	155	0.30412611156779124
67	53	0.3012465469160401
67	26	0.29857098845394103
67	35	0.29269386062788244
67	51	0.2907268156600067
67	40	0.28750104559031764
67	64	0.2811588972307156
67	159	0.2799888739908301
67	18	0.2796478443718645
67	115	0.27959253561892417
67	143	0.2764645859043844
67	28	0.27587339828898605
67	181	0.2739783467856866
67	48	0.2729883755705913
67	153	0.2672221899224981
67	15	0.26709218213744257
67	5	0.2668785768129419
67	131	0.2603184731336771
67	135	0.2577623343451206
67	100	0.2489752092917739
67	166	0.2436774422468509
67	99	0.2420683108787741
67	39	0.2407781618111431
67	134	0.2296879383962921
67	173	0.22735640681939004
67	7	0.2271098318925326
67	66	0.2261706841295433
67	133	0.2238162282167385
67	65	0.2217349165853304
67	56	0.2174995557862795
67	168	0.2091573650796164
67	95	0.1989893357255534
67	139	0.19435578379880825
67	21	0.18357512291750647
67	157	0.1795716204029631
67	70	0.17525200652335354
67	4	0.1734388482333537
67	178	0.17000324007274986
67	126	0.1656980578213327
67	14	0.16301261465147535
67	6	0.16098720289771748
67	16	0.1563958239401324
67	43	0.14203317183164146
67	197	0.13563887166843766
67	57	0.13332155323133152
67	25	0.13327244163581853
67	13	0.13061944960961744
67	144	0.124963367160101
67	174	0.12373269536887717
67	82	0.11912170872317455
67	89	0.11184016164047517
67	60	0.11159328179828708
67	58	0.1109414529046719
67	179	0.10272634783627173
67	101	0.10012340420733457
67	177	0.09606087979249946
67	163	0.0920199408905651
67	192	0.08560099463801747
67	93	0.08535083578465481
67	176	0.0814054610434216
67	148	0.07983771812371836
67	37	0.07923257057884131
67	114	0.07731737785663129
67	77	0.07194348982079046
176	70	0.7196988725689896
176	101	0.695236119717357
176	114	0.6264854984046536
176	139	0.6114976423962848
176	5	0.5989255241951523
176	20	0.5675762820589264
176	95	0.5547104995821887
176	197	0.5107618670884025
176	13	0.4753735479028428
176	124	0.4703891963126236
176	130	0.4454183385807268
176	102	0.4443836774193355
176	35	0.4307767315049669
176	6	0.412757128646458
176	100	0.398210177178266
176	144	0.36670427984953935
176	155	0.3603255717440504
176	40	0.3596640649528909
176	145	0.35759888748222324
176	51	0.3467809421871929
176	53	0.3438392043161355
176	157	0.33886523718347505
176	154	0.3382631827071459
176	150	0.3205769404555896
176	152	0.3135070406321225
176	17	0.3117205416040338
176	49	0.31116067868444786
176	7	0.2982157135104921
176	135	0.29402821171124954
176	177	0.2679184944668319
176	99	0.2677978217061094
176	48	0.2621912816110297
176	175	0.2503723268691606
176	37	0.2494535342998886
176	14	0.24744563140584305
176	153	0.24009978569360285
176	32	0.2394400284510255
176	156	0.23531627857750406
176	142	0.23008574224658904
176	166	0.2234552331389478
176	120	0.22231484658538211
176	149	0.22216274899907373
176	125	0.2082487442736616
176	134	0.19522163535646955
176	143	0.18867219999370646
176	122	0.18287929494186012
176	46	0.18120662697708115
176	47	0.17773226238999834
176	69	0.16940109536565673
176	43	0.1638691072265521
176	16	0.15292098030136736
176	127	0.15138732753016124
176	52	0.1508694326303658
176	174	0.14674288377198566
176	132	0.14072975703088186
176	164	0.1384451573784968
176	163	0.12056074005470895
176	25	0.11404171558120045
176	15	0.11315332960091296
176	58	0.1113957680047866
176	30	0.1095189501635962
176	117	0.10631668693082544
176	18	0.10403224043301508
176	178	0.1036068751950326
176	161	0.10239981917074076
176	56	0.09915115317852577
176	171	0.09776373452147848
176	129	0.0912216984063048
176	173	0.09114335523234916
176	148	0.09037969826516072
176	38	0.09023290523919934
176	45	0.08991748534789877
176	118	0.08786681914637652
176	116	0.08388540455037652
176	181	0.08221599951314303
176	66	0.07920872120070012
176	77	0.07722294507109959
176	39	0.07570189052006639
97	81	0.7075147520681531
97	61	0.6249887054711682
97	183	0.5935957933849145
97	88	0.5793807205558816
97	90	0.5778374311767428
97	182	0.5554992182168214
97	85	0.5020251489590407
97	185	0.4862978424327878
97	87	0.4705760713730314
97	55	0.4667914563624954
97	93	0.4661811918162733
97	83	0.4597151135446757
97	74	0.43974933304374497
97	190	0.4229341759619586
97	91	0.4228849071108008
97	177	0.4217674761757135
97	63	0.4189353122625783
97	191	0.4151436239964553
97	196	0.3763667237293684
97	80	0.3676732727981232
97	194	0.360255956498879
97	79	0.3041170364671091
97	60	0.26247994741610164
97	193	0.2545012945437765
97	76	0.2425577787477249
97	166	0.2371197019641203
97	36	0.2370064458323999
97	66	0.23605295168843865
97	89	0.2351084500468729
97	72	0.23398391437627064
97	128	0.20683249276591625
97	64	0.19080263839593567
97	170	0.18576770686321167
97	84	0.18507246093375346
97	92	0.17481579312113035
97	186	0.1744376859806461
97	187	0.17190595747952914
97	158	0.16641765212949147
97	99	0.1639956136299161
97	163	0.15993501059601115
97	57	0.1534678379109604
97	37	0.15187583145133268
97	160	0.1510941896626289
97	178	0.14160202122051818
97	73	0.14017100104301933
97	65	0.13881785426987878
97	94	0.13778793844563006
97	172	0.1377585078894631
97	54	0.13674791158074764
97	167	0.13651239185354738
97	189	0.12838752113292884
97	58	0.11205740448295964
97	68	0.10784891318810197
97	165	0.10293412728335503
97	4	0.09673456085188796
97	86	0.0805282497243038
13	102	0.7785191048846316
13	114	0.7377709159944723
13	6	0.6394129199508791
13	5	0.633750866244194
13	70	0.5851245799345814
13	134	0.5467754534702427
13	100	0.4659776716277023
13	101	0.4646927925830753
13	135	0.4628010916448356
13	144	0.460983919196029
13	20	0.4505180012979153
13	7	0.443098727863262
13	124	0.42448486401039626
13	40	0.4151767296775513
13	37	0.3975199804644812
13	145	0.3954129462207767
13	155	0.3545339011286427
13	35	0.3459977294165426
13	150	0.2910288943808108
13	51	0.2876478137415113
13	30	0.28374471606714263
13	130	0.2727199658984538
13	175	0.26347594888206183
13	169	0.2559783613322121
13	157	0.24300007618256134
13	154	0.2418423610523537
13	95	0.2406745362205279
13	69	0.22568671646822525
13	25	0.2154503086886594
13	127	0.20906173776015607
13	171	0.20834440552725994
13	4	0.1994982957202256
13	149	0.18759184101462706
13	139	0.18531388680445468
13	49	0.18440600968659554
13	173	0.1770349171782731
13	152	0.16850735732224498
13	105	0.1643361809715156
13	65	0.16313915746448318
13	75	0.16281792292913705
13	32	0.1508596602314796
13	143	0.14784836716524766
13	174	0.13413670989310247
13	86	0.12305320121265215
13	159	0.12251149275452725
13	122	0.12022566819610105
13	64	0.11386405292846825
13	164	0.10996353074288752
13	39	0.10989437664915704
13	45	0.10107368886727416
13	158	0.0996313620371206
13	54	0.09565464716978303
13	125	0.08659258930878534
13	160	0.08369078055812568
13	53	0.08330052037204677
13	132	0.07503669081985298
13	172	0.07355889405696951
13	17	0.07340572560335527
13	167	0.07249062139006622
13	184	0.07130179856641848
13	153	0.07117643801809573
6	105	0.5494478185753048
6	102	0.5601968370522336
6	114	0.453716266540375
6	155	0.4288690425091188
6	5	0.4172106138746938
6	70	0.3979240527078522
6	4	0.3973515715045149
6	154	0.3698333237267079
6	134	0.335461771029382
6	101	0.32996591106012185
6	135	0.3297698498812553
6	124	0.32927957249204604
6	51	0.30317292486099645
6	157	0.2990354539250307
6	20	0.28528872001422323
6	125	0.27637222661801103
6	100	0.27579024577651906
6	149	0.2678535178707252
6	35	0.2628058039640341
6	145	0.25984297055683164
6	144	0.249040868941494
6	164	0.24839355254507714
6	152	0.24252013175352344
6	37	0.2374499955253737
6	171	0.23663831892576126
6	95	0.22880681402414615
6	173	0.2213165089953024
6	25	0.20958763849137396
6	69	0.20810524492312765
6	7	0.20807654397774064
6	126	0.19825931899864951
6	139	0.19565444713574415
6	178	0.1935088804391364
6	127	0.1886432677459253
6	49	0.18695498811916744
6	133	0.18581598093273766
6	150	0.17303145261516548
6	132	0.16807981933175234
6	53	0.16626207916199534
6	16	0.14444269846080493
6	17	0.14379640697974153
6	169	0.1432381474048364
6	48	0.14296388121882153
6	50	0.1423564994360066
6	40	0.1371600338902764
6	122	0.13414652995336046
6	129	0.13138606342542114
6	116	0.12350621017681525
6	153	0.12315168579140676
6	45	0.12274788362363932
6	47	0.12245239286412465
6	184	0.11261033788473812
6	159	0.10848142535529454
6	43	0.10774019135142032
6	143	0.1057135428649565
6	118	0.09967789527799617
6	174	0.09385693496515612
6	148	0.09287159963349646
6	130	0.09062269159967573
6	175	0.08988276821905025
6	14	0.08465490088059613
6	30	0.08184352284824085
6	15	0.08028880791857845
6	65	0.07969562799322982
6	179	0.0781870880666214
6	142	0.07188181044942402
5	70	0.7780065059806152
5	101	0.6869567275341297
5	95	0.6665561207739024
5	102	0.6417891230107389
5	114	0.601120624742275
5	100	0.598226063688234
5	40	0.5306072525071336
5	155	0.4880976675028105
5	145	0.4555171100111133
5	144	0.4489065292438269
5	20	0.3980839553415708
5	139	0.3950838725358978
5	47	0.3947631390802302
5	51	0.3904916415076977
5	153	0.3651106348916977
5	171	0.35228489120768225
5	197	0.3279593991454516
5	154	0.3227107168248173
5	124	0.3113232418034744
5	142	0.3049335743012017
5	130	0.3028459781674745
5	164	0.29117533590978834
5	178	0.2810023283040306
5	173	0.28075362926441977
5	134	0.279362062510579
5	99	0.278928685926197
5	157	0.26714790095042656
5	135	0.2656614556592482
5	179	0.2565669856285086
5	168	0.2549033990236284
5	143	0.24919093954371474
5	7	0.2441665033108855
5	192	0.2282097101432686
5	32	0.22766932532171424
5	122	0.2132941690652783
5	45	0.2088035240298784
5	35	0.2082009121526271
5	150	0.19266168859576888
5	49	0.1924498456958798
5	50	0.18778479563294884
5	149	0.1866654575393723
5	148	0.17613391656162922
5	53	0.17360372959451065
5	39	0.17119744140324542
5	156	0.1690805473791699
5	66	0.16200007939530467
5	159	0.16172741536158644
5	48	0.15562505199598245
5	195	0.15432699556648324
5	152	0.1496085503804523
5	175	0.14783858574218306
5	69	0.14371806027116346
5	56	0.13523639244877886
5	37	0.12995099211905445
5	52	0.12224553641144005
5	127	0.12049175691509854
5	89	0.11734687204783872
5	161	0.11644930741099535
5	38	0.11385418256745525
5	72	0.11365677062983008
5	17	0.11017098663379604
5	41	0.10673192100503266
5	169	0.09299155464370476
5	82	0.0875542424872439
5	54	0.08059878890014785
5	120	0.08003544654147153
101	70	0.7760650614864311
101	114	0.666367138953536
101	100	0.6500642675168359
101	139	0.6192575936464582
101	95	0.5976092691007641
101	102	0.5315406008941599
101	197	0.44757206358054347
101	20	0.4444799750613705
101	40	0.4423268828002786
101	145	0.4398057947423093
101	99	0.43328997118196294
101	130	0.3709204779223687
101	124	0.3669898695097549
101	155	0.3558533953661248
101	142	0.35090020696907825
101	153	0.34091721551796994
101	156	0.33932544463141073
101	154	0.32185042708785266
101	144	0.3116392845972454
101	135	0.2886198112682892
101	35	0.2847925940443438
101	157	0.27723097075560715
101	7	0.25686589655949266
101	175	0.25686589655949266
101	32	0.2546789794769441
101	51	0.2465254133042571
101	53	0.24039189309122144
101	164	0.2394211749912871
101	48	0.23422966481753546
101	134	0.2245570256514341
101	47	0.2234172300889376
101	17	0.20821047865651102
101	181	0.20779908303888053
101	173	0.2060187126212063
101	43	0.1984706622904036
101	52	0.19346075225785545
101	143	0.1900605618662222
101	152	0.1852849168805068
101	171	0.18473442718682692
101	120	0.18334320066210286
101	195	0.1805972440706893
101	149	0.1749127353699511
101	174	0.1620098169392723
101	45	0.14576427396810188
101	117	0.14527486195127529
101	14	0.1452063385895427
101	122	0.14332629972317018
101	77	0.1425426439781214
101	46	0.13821955862304056
101	148	0.13215252013045822
101	150	0.13202478829428188
101	49	0.12554411092796644
101	169	0.12342742970130928
101	125	0.12249179288757785
101	56	0.12072826568795547
101	179	0.11351857693241345
101	116	0.11008207814064044
101	38	0.1078983313521722
101	163	0.1058618642089361
101	168	0.10391353767656114
101	16	0.100044205548818
101	159	0.09966007408831383
101	69	0.09832726475435637
101	37	0.0887161462429582
101	132	0.08615289420711691
101	161	0.08385660854640503
101	41	0.07539167120524877
101	178	0.07399749358889443
83	190	0.8399783550570118
83	55	0.6027339622856206
83	191	0.5687816487730438
83	87	0.4558974288238699
83	72	0.4115368307234935
83	183	0.3976631070279111
83	89	0.39333555413826576
83	93	0.3680105028068891
83	185	0.3584358380184792
83	182	0.34226868597372456
83	163	0.3277094922662723
83	92	0.3115760815516493
83	196	0.28843646096611925
83	79	0.2790670099560037
83	177	0.27573480847482146
83	90	0.253303811867244
83	192	0.2517215712102329
83	166	0.2464314884670247
83	58	0.24070279828948904
83	74	0.23809155173672025
83	91	0.2377613648905113
83	194	0.23550519493377364
83	178	0.23048346921996446
83	88	0.23024673624153275
83	197	0.21694692364677096
83	61	0.2139049691849805
83	81	0.20493642251573255
83	99	0.19542362366042668
83	54	0.18468613308121745
83	66	0.18314025194427808
83	161	0.18122597019014294
83	47	0.17153716303617736
83	76	0.16106512854358898
83	64	0.1433752722507672
83	158	0.13694416621238434
83	82	0.13378317019271935
83	63	0.12431362012249016
83	172	0.11566994862459838
83	193	0.11456479099460876
83	167	0.11194878439932136
83	181	0.10601018084251837
83	147	0.0829896841774512
83	21	0.08144221573928337
83	75	0.07692273902076219
190	191	0.59757069592802
190	55	0.4922078990996817
190	93	0.4600857045919822
190	196	0.4397090011307776
190	185	0.4263031315398095
190	79	0.3986139857172319
190	72	0.39687145913035454
190	87	0.3964248439164801
190	182	0.38255563174575785
190	197	0.3355327663559473
190	89	0.3178467076143428
190	163	0.3100945364664593
190	192	0.294347920390766
190	99	0.2927761481873601
190	183	0.2906444204916464
190	166	0.22281859252117195
190	92	0.21391451161121006
190	158	0.2122917140476651
190	178	0.20680377597813976
190	58	0.20371944507854464
190	90	0.19262317304002066
190	177	0.18865291186490735
190	161	0.17943613143301154
190	81	0.16953707459750847
190	54	0.1677882798876294
190	181	0.16735091570217894
190	194	0.16647598985681936
190	172	0.14843519955369747
190	186	0.137778128287273
190	61	0.13335101987436984
190	74	0.12866289588685828
190	47	0.1181160606626465
190	88	0.10956835017302093
190	38	0.09884122065782312
190	91	0.08537466090148234
190	195	0.0845963234087731
190	179	0.08169651242621065
190	193	0.07531013678151131
190	95	0.07338682795661129
55	74	0.633643149186401
55	90	0.55835511536403
55	76	0.5567287298921927
55	81	0.5393936108421862
55	183	0.486343651960615
55	185	0.4822024243989299
55	85	0.4795348130933517
55	63	0.4619834506427129
55	84	0.4532714342956977
55	88	0.4529297133601072
55	194	0.4504622071913334
55	91	0.4504382943541889
55	61	0.4032047847576475
55	158	0.3898982180012412
55	182	0.3888037747379388
55	87	0.3777135332988785
55	92	0.3577122582058601
55	160	0.3292171608061656
55	75	0.3200025952238723
55	94	0.31489500795972303
55	64	0.3089371607473846
55	167	0.3075887498819022
55	193	0.29223662859950594
55	187	0.2917243700790337
55	65	0.2901591170951594
55	86	0.28903227204253484
55	73	0.2843514650500715
55	188	0.2597403946459744
55	58	0.2587702966186521
55	191	0.25261116264778555
55	186	0.24204006858569965
55	93	0.2319032933417371
55	189	0.22463299021798036
55	80	0.21704221498236909
55	37	0.21695645296642024
55	163	0.2114416639809148
55	54	0.1937398827416278
55	196	0.1913229256890999
55	60	0.19104352548873926
55	82	0.1704499106041912
55	172	0.16953707459750847
55	170	0.1689542610741441
55	175	0.15240333235333833
55	184	0.13402868749192706
55	147	0.13202478829428188
55	68	0.11870764782381715
55	78	0.11803717602971435
55	166	0.11685372829868552
55	57	0.11631120362217247
55	169	0.11358767433052028
55	128	0.09731009168946814
55	180	0.07404423607172947
52	156	0.8390632223188289
52	142	0.651954157046345
52	38	0.6515975403616386
52	131	0.6166862611036156
52	46	0.6135408005913043
52	45	0.5827851465570961
52	50	0.5733975313231318
52	118	0.5671829954802036
52	122	0.5643886701225533
52	195	0.5614238666466548
52	53	0.5552986739364254
52	164	0.5464809504827549
52	79	0.5306431743512633
52	28	0.5284772838113181
52	125	0.5115818276483463
52	149	0.5107249100288641
52	181	0.5069973905345718
52	43	0.4983285340483341
52	21	0.475358067355865
52	15	0.4620699690877005
52	51	0.4620385088524974
52	16	0.4526912245592361
52	18	0.4524685765601739
52	26	0.44045082434482624
52	154	0.4391441681735116
52	132	0.4380296231342164
52	143	0.4353346290091113
52	99	0.43373660758971533
52	47	0.4180692137353032
52	179	0.4153836152705038
52	197	0.3952948288785562
52	29	0.3948728745163994
52	59	0.3925153129167912
52	41	0.3861096670025049
52	157	0.38322128091257424
52	95	0.3761950411906848
52	168	0.3757657218270618
52	155	0.3682439130417669
52	115	0.36756949025591695
52	72	0.3669379492604243
52	116	0.3633065434255167
52	148	0.3606213917555346
52	48	0.3531517250076339
52	178	0.3515576855973228
52	129	0.3501721937973353
52	117	0.3427806385306558
52	139	0.3398916308716933
52	152	0.3288337116411961
52	70	0.326530742486345
52	171	0.3190238720404999
52	49	0.3188082818332413
52	14	0.3119552584545933
52	145	0.3113051801342342
52	130	0.3064022126549936
52	161	0.3051603108903943
52	17	0.2984525726609595
52	32	0.2951332104089849
52	191	0.2941469683346601
52	77	0.28670275757976843
52	39	0.28167454780587897
52	173	0.2794726936218753
52	89	0.27682473831383275
52	153	0.2733030086533813
52	192	0.2629268211330528
52	120	0.235136791567466
52	151	0.2324804063573141
52	159	0.2323952688187317
52	135	0.21149898079906013
52	40	0.19970953054040164
52	177	0.18563253469833546
52	36	0.17749983378174866
52	54	0.1770252305747438
52	100	0.1743504231764749
52	126	0.16673849520231074
52	128	0.1652117454945376
52	133	0.16303208312574996
52	7	0.16163976810419542
52	25	0.15698109315745568
52	162	0.1550297692445161
52	78	0.13658108670267727
52	124	0.1308848336548364
52	87	0.13019676231432584
52	58	0.12347666768088225
52	147	0.12279712996920733
52	56	0.12090563827499612
52	163	0.105021314500683
52	93	0.1001333039504616
52	66	0.08516817331487476
156	142	0.7214488823919436
156	195	0.6177510113279039
156	131	0.6164321206579383
156	38	0.6021924799966255
156	125	0.5977378263659442
156	181	0.563140300425715
156	118	0.5536573220784612
156	46	0.5526857206076725
156	149	0.5361381214106281
156	122	0.5297517501545449
156	164	0.5293703806796457
156	28	0.5139772595805014
156	139	0.512009905321724
156	45	0.4923745819521108
156	154	0.4922230535781778
156	132	0.4906226120073854
156	50	0.488227156070428
156	53	0.4823942714731279
156	197	0.477661421111864
156	79	0.4754122479824586
156	43	0.4718907878542968
156	21	0.4623530588685683
156	15	0.4622665692087686
156	16	0.4602433543122897
156	95	0.4578597568278062
156	99	0.4496727424195549
156	143	0.44559467384923457
156	129	0.4377548180013099
156	32	0.42864051509633216
156	26	0.4230491268904655
156	29	0.4108471662366484
156	171	0.4093082698063916
156	179	0.401956271012275
156	47	0.4014698675987413
156	70	0.4003284472423109
156	155	0.3980755400164261
156	48	0.3893214391901936
156	100	0.3865945842434617
156	116	0.3845513853254343
156	152	0.3840399952541184
156	51	0.3822482750019535
156	145	0.3775163296985127
156	18	0.3701354127708958
156	135	0.3417741940438208
156	115	0.3415180434466761
156	157	0.33208511435259463
156	130	0.32616440861654433
156	153	0.3233376755492769
156	49	0.3196614663898503
156	40	0.3123433604545662
156	178	0.31210870658123635
156	59	0.3118649872471641
156	14	0.30117380512170044
156	72	0.3008555185651585
156	117	0.30051897131316896
156	168	0.2989352870728538
156	173	0.29652018964843263
156	148	0.2873817865243238
156	161	0.27993357668811225
156	77	0.27969393358154565
156	17	0.2767231647341853
156	41	0.2681041284534657
156	177	0.2571367421505548
156	7	0.24374328461493225
156	120	0.22792531458279305
156	133	0.21806157302685897
156	114	0.20585592235203296
156	151	0.2022812590959632
156	89	0.1968178515395695
156	124	0.1878619734230013
156	159	0.18743746689426272
156	39	0.1862117944483877
156	191	0.18228963058445924
156	25	0.17625019132469194
156	56	0.17052758529109202
156	36	0.15413175290715594
156	192	0.15260844816275368
156	128	0.1383568813143539
156	163	0.1354523624657478
156	58	0.12652822572632208
156	20	0.121220948249475
156	166	0.11896397611525833
156	144	0.11462400308204032
156	4	0.11405158551481535
156	126	0.1120080320494684
156	196	0.11147477457916788
156	78	0.11114886338818046
156	162	0.10476417514903777
156	54	0.1027164533531332
156	69	0.09280319432950153
156	150	0.08760981293298069
156	165	0.07874065883729854
142	195	0.75787779837503
142	38	0.6674054794039257
142	139	0.646359236473438
142	181	0.6260296473618582
142	145	0.6518333998020076
142	143	0.5983223738817302
142	149	0.554952756230068
142	40	0.5290896135982446
142	41	0.5099483758195182
142	164	0.5023168004342945
142	95	0.4920411801445922
142	70	0.4918289401759418
142	32	0.4768196780631134
142	45	0.4650612205752106
142	53	0.4523413237988436
142	171	0.42953798561260537
142	50	0.427137399439287
142	39	0.4239272305674622
142	47	0.4177803451322399
142	197	0.4159626663226173
142	122	0.4137190402545872
142	155	0.4072166338098059
142	131	0.40301215894012815
142	51	0.3930312076846461
142	179	0.38045367593883933
142	154	0.37932417275904107
142	135	0.3772676328661857
142	15	0.3718342813738025
142	130	0.3716102075066111
142	173	0.36463385737431575
142	18	0.3623861004462842
142	129	0.36027336068639354
142	168	0.34855677662006984
142	144	0.3475197109146996
142	79	0.34122650000945537
142	118	0.3406962528270361
142	48	0.33720892098658417
142	178	0.33463617087495745
142	46	0.327968323542508
142	125	0.327673787538713
142	100	0.3250648193978017
142	114	0.3211779556605915
142	7	0.31155802303221153
142	99	0.3090818828454577
142	116	0.30273698008922123
142	153	0.2939825336692201
142	36	0.2841308553803056
142	127	0.2633177431252645
142	157	0.25202127065913
142	43	0.24707008599124394
142	161	0.2360246231177159
142	120	0.233709772838924
142	28	0.22917636353111026
142	132	0.21713750218160854
142	159	0.2147827012972088
142	59	0.21281686540328826
142	26	0.21018032667246955
142	49	0.2021086179992579
142	166	0.1994982957202256
142	115	0.19812481821234326
142	69	0.18566150075387727
142	17	0.18326588870663635
142	152	0.1829179568655601
142	72	0.18066496013900565
142	56	0.17525200652335354
142	174	0.17377829925166827
142	14	0.1715177514695499
142	163	0.16216561335052956
142	177	0.15966216056255728
142	165	0.15084988780310812
142	148	0.13885708323616405
142	20	0.1370422894978502
142	58	0.13682641472246315
142	29	0.13076688750368073
142	151	0.13046217615458258
142	16	0.13032455649501626
142	162	0.12997065432274232
142	134	0.12724647240135806
142	21	0.10525866143940908
142	54	0.10062826578885264
142	30	0.09916303519297368
142	117	0.09695249754377176
142	124	0.0877923976994209
142	89	0.08748676335628386
142	191	0.08098028254692062
142	102	0.07841369020880759
142	150	0.07369316224983938
149	118	0.6897663970067274
149	122	0.6286736725690334
149	18	0.7301319919237254
149	143	0.6966696233423348
149	15	0.6861214386955847
149	152	0.6647126836050524
149	154	0.649388176362902
149	135	0.6196458497444617
149	51	0.5783168264551317
149	53	0.5782768920906024
149	48	0.5773443035171993
149	129	0.5685651333929161
149	7	0.5639046357889901
149	49	0.5619304105077421
149	125	0.5572184739412778
149	144	0.5419765631335971
149	46	0.5298956075275293
149	43	0.5210208747803562
149	155	0.5204013438984796
149	116	0.5161813365618365
149	131	0.5143156601419957
149	145	0.5115892104509131
149	45	0.5024887464672052
149	132	0.5016585531412155
149	171	0.4959570629938502
149	130	0.4896044954055199
149	127	0.479904350260377
149	39	0.4761317340370775
149	17	0.4590287032340689
149	157	0.4464678248869898
149	69	0.4394911781573482
149	26	0.4105645171988122
149	139	0.40307916327568
149	50	0.4019730395005926
149	150	0.3969978255634613
149	14	0.3954213826734373
149	29	0.3896353126250224
149	28	0.38806504152742216
149	195	0.38159058913716415
149	164	0.3733327366983992
149	16	0.3702475973431187
149	20	0.3650846337801784
149	115	0.35840097656867315
149	126	0.3438744748150845
149	40	0.3389006435175782
149	47	0.33444967385892305
149	70	0.3340499491893561
149	41	0.3307320588088535
149	133	0.3294311317504071
149	120	0.317451103986694
149	124	0.3159396016392753
149	134	0.290763434350892
149	173	0.282714561512427
149	25	0.2796017538732906
149	59	0.2731456994169435
149	181	0.27034871858139964
149	32	0.2521898303610404
149	30	0.25046605589192666
149	114	0.2479712700826984
149	153	0.2438561520184545
149	21	0.23876119023838105
149	38	0.2226570265840257
149	100	0.2218775368846907
149	178	0.206889925272309
149	159	0.1976251785727185
149	151	0.19404785239250172
149	179	0.1934222490424281
149	77	0.18712869088169892
149	72	0.1839712761499593
149	117	0.18267631056496847
149	168	0.18197057714130466
149	148	0.17569784244816908
149	102	0.15113327624821182
149	54	0.14762338712086528
149	56	0.14553915328614445
149	161	0.1337438858999823
149	162	0.1021227472362196
149	187	0.09970759711868456
149	95	0.09760922317491216
149	177	0.0923054946261762
149	78	0.08392909477160132
18	48	0.7100526292441276
18	15	0.6662448109581842
18	49	0.6425647663374631
18	17	0.6229674534826648
18	46	0.609314279183371
18	143	0.5714140970028656
18	154	0.5543157659469474
18	14	0.5392588766744144
18	39	0.5365370329130683
18	152	0.5266803506418869
18	120	0.5255811076163667
18	53	0.4784637354080853
18	118	0.4777849060040602
18	122	0.4718363737210553
18	51	0.4477799559881368
18	150	0.4468520624246689
18	7	0.4437093064035068
18	26	0.4143984555866184
18	29	0.3924137963281655
18	43	0.391728309348412
18	127	0.3884472072499003
18	45	0.3844576481351432
18	16	0.3762894697847196
18	132	0.37090322943443343
18	69	0.36993690592675216
18	125	0.3633846616230244
18	20	0.35724998838019034
18	157	0.3560629858687041
18	129	0.3528891120351077
18	28	0.34927694732419184
18	50	0.34646419518569105
18	115	0.3458744834673799
18	144	0.3452052258324073
18	135	0.3451523747366789
18	145	0.3391130613611669
18	41	0.3306340874514187
18	130	0.3183590296182984
18	155	0.3078241322341938
18	131	0.3003279247061651
18	116	0.2991265089815877
18	25	0.2969852779213341
18	126	0.29679378803513023
18	171	0.2668971522302965
18	117	0.2632339814015013
18	59	0.26307575398430794
18	124	0.25433294559709657
18	47	0.23209252873485925
18	139	0.2191280551635156
18	164	0.21518328986138055
18	133	0.21296006717812127
18	30	0.20829657539860855
18	56	0.20184004021752056
18	161	0.20021833817228965
18	151	0.19873001292323525
18	181	0.18433838920418094
18	38	0.18390364445924104
18	162	0.18370073894165376
18	40	0.17260459369308498
18	187	0.1617371537882676
18	173	0.15875573379749772
18	72	0.15497121075364895
18	195	0.14328712119570622
18	159	0.13248656725011282
18	77	0.1273645275983699
18	134	0.12012711243266565
18	78	0.11236350121283993
18	57	0.11230425834689116
18	148	0.11107972763527643
18	21	0.10796751588602292
18	178	0.10352773328999683
18	70	0.1019446211938042
18	153	0.10159824629610424
18	177	0.09001965163044469
18	168	0.08903163449548877
18	58	0.07413274754135908
118	15	0.7351533280793026
118	116	0.7031176930113411
118	43	0.6511945621699631
118	131	0.6371551448079742
118	115	0.6222142254927558
118	122	0.5991435177892959
118	16	0.5914803877591459
118	152	0.5874936070538074
118	46	0.5806083915350545
118	29	0.5713938920786179
118	125	0.5528523877355993
118	129	0.5379029099585743
118	26	0.5105253092917315
118	28	0.4929879666753244
118	133	0.4853122911323811
118	77	0.47829408161286296
118	132	0.467291854473185
118	53	0.4549145983783148
118	14	0.4527150763549602
118	154	0.4462996691623947
118	48	0.4237139327795284
118	21	0.4235498255741809
118	49	0.4129147462786018
118	126	0.4072166338098059
118	117	0.40104198083402187
118	50	0.396669241542401
118	59	0.3897625328371185
118	51	0.388158472146348
118	45	0.38775071636597
118	143	0.374751888616055
118	17	0.3714722943712109
118	25	0.33743047484038624
118	128	0.3372709598321317
118	135	0.31290276586002946
118	157	0.3067283790294565
118	130	0.2963286418105125
118	155	0.29596372284118083
118	38	0.2957903560541091
118	195	0.2862070680600013
118	171	0.276833971968914
118	120	0.2746256776375551
118	187	0.27030237237643834
118	47	0.2567444699169755
118	153	0.2563427702148556
118	181	0.25270477904266936
118	69	0.2523958269923425
118	79	0.24270835941835295
118	139	0.23613793499311875
118	148	0.2340784373170521
118	164	0.2303793100688729
118	151	0.2301804461223937
118	179	0.22205817563551652
118	168	0.212425400585456
118	127	0.2015906193784088
118	70	0.20060227245036372
118	78	0.19414408506790476
118	177	0.19054245452308147
118	178	0.17939741904818668
118	39	0.17793562115790226
118	7	0.17157598576984287
118	150	0.1589409395660257
118	124	0.15868749727611434
118	72	0.155117604938094
118	89	0.1535264242287868
118	145	0.13658108670267727
118	41	0.13370460118692026
118	20	0.1231615341159009
118	95	0.12115197628060895
118	32	0.1157488775310926
118	197	0.10940038793404136
118	66	0.10754250868414887
118	54	0.10611894337635812
118	144	0.09934027188304577
118	30	0.0976874698941034
118	75	0.0897181068631222
118	58	0.0890197296023537
118	82	0.08368283658598115
118	76	0.07801514332973736
122	15	0.6142698511076523
122	46	0.5823557489999135
122	154	0.5723024278758739
122	51	0.5678676895012453
122	53	0.5662122348524672
122	152	0.5606015491486126
122	132	0.5466562661701216
122	125	0.5447673540381239
122	49	0.5403218158740036
122	157	0.5282826638706147
122	116	0.5242335898940607
122	129	0.5212976641203406
122	43	0.5084892050983449
122	155	0.4977946604892698
122	115	0.4903568150677373
122	143	0.4850982098926026
122	135	0.4540338655033007
122	50	0.4424394843966284
122	28	0.4403299158968992
122	48	0.4397815972971639
122	131	0.4383689753035031
122	164	0.4140919472540681
122	45	0.41160327953061787
122	14	0.4086087574034742
122	29	0.40682449671866977
122	7	0.3981849340170672
122	21	0.3915335855534356
122	148	0.3899236570850619
122	145	0.3865945842434617
122	126	0.3860756297038359
122	144	0.3763667237293684
122	25	0.37016993225085054
122	16	0.3697815291786895
122	178	0.36654847453221095
122	127	0.3662281434827388
122	171	0.36528396107759775
122	133	0.36084755811979696
122	40	0.3566129904836381
122	70	0.3513297989021135
122	17	0.3511807735495425
122	100	0.34903108171362496
122	134	0.33392556588473304
122	168	0.32947570477265464
122	39	0.3290923288048797
122	26	0.32436706298949114
122	179	0.3238927449072493
122	130	0.3080413748134881
122	128	0.3050424121799122
122	47	0.2937998080740502
122	181	0.2872166438759099
122	120	0.2815640649380897
122	89	0.27925142398156155
122	77	0.2790946733725156
122	173	0.2742465568688717
122	69	0.2727014533210773
122	150	0.272525573766
122	177	0.27218301921001936
122	124	0.2706175018563575
122	153	0.2704692128500566
122	30	0.2656149838424495
122	139	0.2567818328243334
122	192	0.2499129868409779
122	59	0.24793372930038846
122	195	0.24523824082794404
122	114	0.2417764540776564
122	159	0.2359868510660393
122	38	0.23236688884770826
122	20	0.21663243291234816
122	102	0.2097692851298594
122	95	0.2030771635885912
122	72	0.19860514386830366
122	117	0.19676978792995495
122	187	0.18679092477491868
122	32	0.18108089267529973
122	75	0.17727707111532764
122	41	0.1646767091380946
122	172	0.1475353472911948
122	54	0.14661568069771513
122	4	0.1433752722507672
122	180	0.1417784075189806
122	78	0.14068074692928945
122	161	0.13243744455927406
122	162	0.1254456858250042
122	82	0.12323047170801213
122	147	0.11199815749640088
122	36	0.08769118295893125
122	191	0.07795550823241783
48	17	0.7067247814950384
48	154	0.6762817942800192
48	46	0.6552135292135036
48	49	0.6490931482305486
48	120	0.5579489202550667
48	14	0.5408950872418832
48	15	0.5101185449681167
48	152	0.5070493954440616
48	150	0.5070419663972872
48	125	0.4903644105324312
48	157	0.4783789129742079
48	53	0.4703424709536938
48	51	0.4695633267887997
48	16	0.4618261218498844
48	155	0.4540894334645567
48	143	0.4495530651844053
48	20	0.4471321317428967
48	117	0.42998640304601693
48	145	0.38624580568303696
48	115	0.37863050811120463
48	50	0.3772762095251605
48	47	0.3709377261543931
48	139	0.361803946056556
48	130	0.36044738876565297
48	41	0.34203029386951384
48	69	0.34192432768741604
48	124	0.3317024803623102
48	132	0.32779874998978226
48	43	0.3204602956397915
48	164	0.3111968053960617
48	171	0.310718053507673
48	39	0.3009373700847696
48	153	0.2918707467482262
48	45	0.2861703442190283
48	126	0.2853438356914982
48	144	0.2844341859148753
48	29	0.282797365928206
48	116	0.2821716282520354
48	127	0.2768709060779882
48	7	0.2699222862578122
48	26	0.26284304089694704
48	25	0.26055151653558273
48	70	0.26023457008183826
48	129	0.25145929458113064
48	173	0.24012805605275045
48	100	0.23742168679873624
48	135	0.23725182597174
48	179	0.2337948552258688
48	168	0.2217824577395524
48	40	0.22062215306569136
48	181	0.21937555660978034
48	133	0.2147445462337783
48	161	0.2091573650796164
48	59	0.20331684133173605
48	151	0.20082300676962225
48	131	0.1991910119762861
48	56	0.19411521565754167
48	195	0.1922283543927279
48	197	0.17841974750325898
48	30	0.17440859868362588
48	177	0.17277922564335155
48	38	0.16731203569509495
48	134	0.16130863323957895
48	95	0.13891592586847654
48	21	0.13612963939219644
48	72	0.13454912971826888
48	114	0.13395994430532518
48	77	0.12933158046433466
48	28	0.1271284135989854
48	148	0.1226789377243499
48	99	0.1151075379408174
48	178	0.1044971309955752
48	162	0.09784098842788924
48	159	0.08390724970131412
48	32	0.0785766797234092
70	95	0.7340761309605317
70	114	0.6787216557205451
70	139	0.639448387657194
70	100	0.5861298519055912
70	40	0.5656004599280507
70	102	0.5540108886334556
70	124	0.5152050363057397
70	20	0.5128874068227106
70	145	0.5049514205867252
70	155	0.5040941454777392
70	197	0.4772985750829459
70	51	0.4348644297580511
70	130	0.4175326762233429
70	154	0.3900678006509054
70	144	0.38929598602840776
70	153	0.38081282562919216
70	143	0.3666956245380889
70	32	0.3560193241339194
70	99	0.3524775732493937
70	53	0.34086418790622225
70	135	0.331204002680367
70	157	0.3271916821399521
70	7	0.32119589243978713
70	152	0.3098414389115393
70	171	0.2989079676970359
70	38	0.2975231454624381
70	116	0.2845077120171622
70	47	0.2744222575884957
70	49	0.273895100505326
70	173	0.2681783764749157
70	164	0.26548485618910994
70	43	0.26072860921888985
70	46	0.2558942566377631
70	195	0.2457738850714604
70	35	0.2447306502269165
70	134	0.2442605392863946
70	17	0.2409853965232241
70	179	0.2374594316779635
70	125	0.2357696479333317
70	181	0.2328682100441837
70	178	0.2318465193000877
70	150	0.21043838456392747
70	148	0.2080095737117749
70	14	0.2072057785607895
70	168	0.20381529296438705
70	15	0.20335518751033987
70	120	0.19651984191916788
70	175	0.18172884447201876
70	50	0.1789812258449272
70	45	0.17528108497248934
70	39	0.16561052754241826
70	77	0.16194165346901795
70	177	0.1576930220102191
70	161	0.15664945411110145
70	192	0.14986272098117004
70	159	0.14079837001434167
70	41	0.135952970695302
70	132	0.13564868767608793
70	69	0.1308356898752526
70	131	0.12282667748629413
70	56	0.11525554792235405
70	59	0.1112179980652824
70	36	0.11103034429633776
70	16	0.1082738919566322
70	115	0.10302317286907957
70	174	0.09595684765129857
70	169	0.0810835996645758
70	25	0.07915704723702796
70	79	0.07860053149535368
70	129	0.07727165268097566
7	135	0.8200925371588307
7	134	0.7293606663914054
7	144	0.6509871731295086
7	114	0.593135772320756
7	39	0.5619714631763929
7	30	0.5318705539057296
7	127	0.5182835246193535
7	143	0.5035718388941189
7	100	0.4892318651943852
7	40	0.4870762407553602
7	145	0.4736223843545263
7	152	0.471455374150662
7	150	0.4709730407305672
7	20	0.4647555150998872
7	49	0.4626596331353529
7	130	0.4300027051396853
7	154	0.4287711089081809
7	129	0.41797018259165053
7	53	0.40413391128940185
7	132	0.3959358800865986
7	124	0.392041487047022
7	51	0.3776792394812967
7	15	0.37758492614032896
7	69	0.3719549185904343
7	102	0.3679067500331549
7	155	0.3585665595517101
7	171	0.3438744748150845
7	25	0.34115581292192626
7	157	0.3399446982101568
7	14	0.32672727145349595
7	17	0.32051413291649944
7	125	0.3203705622445997
7	35	0.3142372428460978
7	28	0.3018283549967933
7	139	0.2911021168504771
7	181	0.27917766084246565
7	4	0.2788456859518894
7	37	0.2609522801605764
7	120	0.23838395699342235
7	45	0.23553353085266215
7	57	0.22672094304198026
7	43	0.2196135121457064
7	46	0.21701362801593285
7	126	0.2108015274679447
7	133	0.20851658573786275
7	32	0.19330673582181426
7	75	0.18838286278513536
7	173	0.17711240877165835
7	159	0.173952857988057
7	116	0.17147892793677635
7	175	0.16415130641351178
7	131	0.15595679991626646
7	164	0.1404258832917513
7	29	0.12740387852895674
7	174	0.11530488344593695
7	148	0.11434767304590948
7	36	0.11197840832391172
7	50	0.10052927739786716
7	169	0.09767657485365598
7	26	0.08830737399352817
7	78	0.08645264485804305
7	21	0.07929716218908038
7	162	0.07526141451097393
7	195	0.07235036089688503
135	134	0.7473520965734329
135	114	0.6418538101831447
135	144	0.6178499429387239
135	152	0.5328164793536109
135	132	0.5289599897022254
135	154	0.5203502992682154
135	145	0.5195111766037804
135	129	0.5112052045603541
135	100	0.5030491639542718
135	127	0.502055067188229
135	125	0.48664134872253606
135	143	0.4804429535079969
135	30	0.4759229165831077
135	51	0.4627382241053906
135	53	0.457907177391616
135	155	0.4498801447168884
135	157	0.44721213545108346
135	40	0.43260742468770175
135	39	0.4294238091506653
135	102	0.4284935756451755
135	130	0.4244766658495943
135	171	0.4180609615194781
135	15	0.4169793249767792
135	150	0.4031377885246103
135	25	0.3977051993936124
135	69	0.39547199998827376
135	20	0.39396933241017457
135	49	0.39090684500523204
135	28	0.38457694863747577
135	139	0.3438303865398011
135	116	0.3313998552663257
135	45	0.3254850916031719
135	43	0.3233376755492769
135	133	0.3202628745807801
135	14	0.3006281299778807
135	131	0.2915688298951822
135	124	0.2843698478304121
135	173	0.28033904708460616
135	181	0.2785505411993182
135	164	0.27692630570769106
135	35	0.2748845403319051
135	4	0.2678720828611281
135	17	0.2664327073344246
135	32	0.2576222951447973
135	46	0.23553353085266215
135	50	0.2267873438210395
135	75	0.2250792268818303
135	115	0.22289461931578125
135	126	0.2225619820832586
135	21	0.2202606189444483
135	120	0.20665061375980426
135	195	0.1955582733206497
135	174	0.19073518589041505
135	57	0.19068700442651695
135	29	0.1870514910979162
135	148	0.1755330853831008
135	37	0.17521323478221282
135	59	0.14616553860303608
135	175	0.13989649169095233
135	47	0.12757111550801206
135	153	0.12243269270765104
135	105	0.11915128291803312
135	16	0.1172778354010516
135	128	0.1099240142482174
135	159	0.10424985445340104
135	78	0.09757158508262201
135	26	0.0871027124448663
135	36	0.0864397420063199
135	41	0.08128625510140253
135	165	0.07770006492509082
134	114	0.6965512345442502
134	100	0.6175530894292337
134	30	0.6135220932163976
134	144	0.5835440532949294
134	102	0.5536919942970915
134	127	0.4745216808068874
134	171	0.4649593310678077
134	145	0.4533111606456661
134	4	0.44856311531682747
134	154	0.4301901590619919
134	155	0.4248946832953159
134	35	0.4231476454209596
134	40	0.4170867158263353
134	129	0.3884387161292453
134	172	0.37784212588525456
134	150	0.3777392529820336
134	157	0.3762122106073211
134	25	0.37453697823051946
134	125	0.37245456747557903
134	37	0.35731977618117033
134	69	0.3566391750187484
134	152	0.3504178359478552
134	20	0.3493647448187419
134	132	0.34915402052805605
134	124	0.330170853677404
134	49	0.3137685137197204
134	143	0.3135250747857529
134	51	0.30612128949852985
134	133	0.3011556191253778
134	130	0.2862988739835642
134	169	0.28483853804899883
134	159	0.2640435116516502
134	39	0.26350386607411896
134	75	0.25750091908259193
134	173	0.24280246639921102
134	32	0.2400243960782485
134	53	0.2370064458323999
134	174	0.23500452771782135
134	57	0.2268537424918924
134	164	0.21477316259280935
134	126	0.2120529683246676
134	175	0.20648786780495665
134	167	0.19750986252389413
134	14	0.17197388804590613
134	17	0.15849252743521713
134	45	0.157429724920268
134	105	0.1558982587199492
134	181	0.1542196135943749
134	65	0.1445601927805207
134	148	0.14197438173601742
134	139	0.1412492216588609
134	15	0.13969059556106966
134	28	0.13269287544213124
134	184	0.10456636611349407
134	86	0.09959175893564533
134	128	0.09679994283439562
134	116	0.08966850910760768
134	165	0.08669382359008278
134	46	0.07178332128134003
17	49	0.7293138596758314
17	14	0.7153128732557821
17	120	0.6521955723540163
17	150	0.6473653505771725
17	20	0.6354352262765274
17	154	0.6129917647361499
17	46	0.592941280731937
17	15	0.5792611308488219
17	124	0.5038031915458298
17	51	0.4992224892210086
17	157	0.496507303094337
17	117	0.4828698525487333
17	130	0.4690408906156418
17	152	0.4591234131346195
17	53	0.4268021437527532
17	43	0.4233364446390835
17	16	0.41554081958750494
17	115	0.3849177364238803
17	155	0.3662887533151324
17	125	0.3597772430893089
17	143	0.35608045012733625
17	25	0.35602805660523834
17	144	0.34589209076241306
17	126	0.31020299339552504
17	77	0.2776555623539593
17	145	0.2724792866447352
17	139	0.2719978258503803
17	116	0.23812928387387164
17	39	0.2359018613426365
17	153	0.22513618647303432
17	132	0.21626070407335687
17	129	0.21269274980254727
17	50	0.19370138384898405
17	29	0.18354613375263715
17	102	0.1808294063160492
17	40	0.17945548741704045
17	47	0.17844879233959615
17	41	0.166923207020461
17	148	0.16517283703426694
17	56	0.1520809809889755
17	69	0.15198329236612082
17	100	0.1468994347391812
17	45	0.14681137572514866
17	173	0.14293449425293211
17	179	0.14105320639259752
17	127	0.1398866873875206
17	114	0.13778793844563006
17	133	0.13467677403399367
17	58	0.1332429743643231
17	168	0.13299740461188245
17	180	0.13091431961385916
17	131	0.12061986753340832
17	26	0.11150440168131773
17	128	0.11023025798314816
17	21	0.10940038793404136
17	59	0.106939524091205
17	164	0.10480373596193863
17	28	0.09969769652486243
17	4	0.09273181394784047
17	78	0.09045110966906933
17	197	0.0781234789945375
17	175	0.07385825873544792
17	151	0.07169477931912847
14	49	0.6920607707072464
14	15	0.6787917633331153
14	152	0.6586865302030018
14	46	0.6457941292009357
14	120	0.6220977703298031
14	115	0.6097353604110769
14	43	0.5234499530505976
14	117	0.5145215647171147
14	20	0.5105844559886201
14	154	0.5042283933316982
14	150	0.4987718881612176
14	116	0.4660089856364021
14	16	0.4637278469852008
14	77	0.4564280122251418
14	25	0.4562063153266029
14	124	0.44809170384379504
14	59	0.427578776557581
14	125	0.4078754196849764
14	53	0.3844661700255478
14	132	0.3615866519304604
14	157	0.3588628096312744
14	51	0.3518556284187089
14	126	0.3441566038706033
14	187	0.3202090276446643
14	29	0.3021100875166381
14	69	0.2862988739835642
14	148	0.28020082977068433
14	130	0.2769078393689931
14	139	0.2684938950154257
14	133	0.25849969531865963
14	131	0.2463469521554019
14	21	0.2385914441881093
14	155	0.2349572885191918
14	28	0.2325939175333536
14	45	0.2186615334903736
14	129	0.21190015777516272
14	30	0.2066984780413968
14	56	0.2036140078935667
14	128	0.1997767377279966
14	143	0.18565184543788002
14	153	0.18514971964444807
14	151	0.18046180679826965
14	175	0.1732739571489868
14	145	0.1723232193969605
14	58	0.1718089109773871
14	75	0.17138186677497813
14	186	0.15681527805479442
14	167	0.15331160245631853
14	35	0.1480342087059634
14	47	0.1424348773133968
14	144	0.12718744345063965
14	166	0.12180223684226328
14	181	0.11710030739167253
14	50	0.105446552596182
14	38	0.09784197885493327
14	171	0.0948282123745634
14	114	0.09304707009851132
14	26	0.08891258441998638
14	161	0.08797596882739668
14	127	0.08601095385132734
14	100	0.0846827001540324
14	174	0.08235405836810393
14	4	0.07737602488839339
14	39	0.07655094134012025
49	46	0.6795944211268744
49	152	0.6760375306399068
49	150	0.6725967373282284
49	154	0.6539905284467964
49	51	0.6033957274654851
49	20	0.5962317823924796
49	15	0.5722486278183126
49	157	0.5558310116189805
49	53	0.5423295981383351
49	120	0.5384214883721304
49	124	0.5283547518047994
49	125	0.4954366066226275
49	155	0.4344913444064972
49	25	0.432778107850426
49	16	0.4187951384361847
49	130	0.41232562766326425
49	145	0.4059061429076061
49	144	0.4033638834886469
49	115	0.3898049362691196
49	69	0.3846536350343567
49	132	0.3804194652182153
49	43	0.3683130627181441
49	129	0.36729269205339465
49	50	0.3558184601344304
49	143	0.3520834189550917
49	126	0.3399270093378513
49	45	0.3375899704727369
49	59	0.3361538128213937
49	30	0.3312307115322348
49	127	0.31899692506953403
49	41	0.31679451784500706
49	117	0.3096696691278216
49	39	0.3086295787888065
49	29	0.29913561418766765
49	116	0.28753773889427503
49	40	0.28489366912715985
49	28	0.26228440474229675
49	148	0.26201433420923553
49	133	0.25952589880241306
49	171	0.25254562835702865
49	164	0.244805857307025
49	4	0.2282665845841341
49	100	0.2265122411605111
49	47	0.22069825779154406
49	77	0.216556185959985
49	102	0.21569822589824114
49	56	0.215192826802376
49	114	0.2111263954947624
49	139	0.20132198307994292
49	26	0.18199958358421808
49	161	0.18119695531797236
49	173	0.17242995089126165
49	153	0.17078001338254645
49	128	0.16992555110445628
49	131	0.1679923605832939
49	21	0.1679243352837889
49	187	0.15781978668922253
49	168	0.15663969948633594
49	58	0.15429770993555192
49	151	0.15337019165045715
49	38	0.13596278584985524
49	78	0.1354719954657085
49	159	0.12349636270249288
49	32	0.10418061471048856
49	181	0.09377565668798657
49	35	0.09133078195746967
49	180	0.0800125938298801
102	114	0.7331155105487381
102	100	0.5489449826309166
102	124	0.5046309906847901
102	20	0.4992825489747266
102	144	0.4916848869004719
102	155	0.4629503833939048
102	51	0.4251404913076188
102	145	0.4130806328594481
102	157	0.3951176283517711
102	40	0.3921938109213048
102	154	0.3479416709196244
102	95	0.3444122296578829
102	150	0.32954701855360696
102	173	0.3127313582184141
102	130	0.27691707256391024
102	105	0.2750601744697634
102	148	0.2620981535964201
102	4	0.2600108093984226
102	172	0.2546509251040843
102	25	0.2461778682873853
102	169	0.2380443855546165
102	125	0.22076484722223386
102	53	0.22061263978604756
102	164	0.20680377597813976
102	143	0.20236757493062305
102	37	0.1995943138473607
102	132	0.18310159327517567
102	189	0.17667649002050725
102	152	0.17451525061756173
102	171	0.17190595747952914
102	180	0.1717992061437326
102	86	0.17124597555956164
102	175	0.16775912432808535
102	75	0.16354795138894834
102	139	0.15996424307951507
102	68	0.1597596098057852
102	184	0.15972063048203014
102	73	0.15067397905251825
102	159	0.1435907430276786
102	35	0.14149422516646318
102	153	0.12531772949963302
102	127	0.1243037746490127
102	45	0.11992999380406386
102	30	0.11990042519379022
102	129	0.11232400605760462
102	158	0.11045745755571212
102	50	0.10849130766237727
102	192	0.10722619873475632
102	174	0.10470483330803873
102	188	0.10442789486476692
102	147	0.10420039759725644
102	133	0.08951673721414398
102	128	0.08548782887263033
102	69	0.07202307529330994
114	100	0.7224017410360088
114	40	0.578596289411345
114	145	0.5695726123461581
114	144	0.5684433088624634
114	20	0.4883337775761298
114	139	0.4848228771200272
114	124	0.4572035050996061
114	155	0.4470121127656312
114	95	0.4041841106190114
114	35	0.39847940003228
114	130	0.3915420525347982
114	157	0.3655872209633472
114	150	0.3610562894084988
114	154	0.3492681672373847
114	32	0.3418448473438949
114	51	0.3382897497781148
114	30	0.3318181719232732
114	175	0.29910829840601233
114	173	0.2981428263807033
114	37	0.2946675632031616
114	171	0.28379068986166844
114	143	0.2788180183679453
114	127	0.2666928117350271
114	197	0.2639411777671621
114	53	0.2521617381398278
114	174	0.2490127293718974
114	164	0.2461590802657406
114	125	0.2429247986422881
114	172	0.24107016802789236
114	181	0.23831793377557545
114	169	0.2263509572767105
114	152	0.226113752547738
114	132	0.2154217010688278
114	99	0.2042178114012341
114	4	0.20173451920932792
114	39	0.1939419921359056
114	69	0.18509177582594186
114	25	0.1797845178761447
114	153	0.17569784244816908
114	129	0.15679576981424184
114	75	0.14154322378898346
114	45	0.13793508757582298
114	159	0.13458840536813546
114	68	0.11350870578588128
114	57	0.11167228484797836
114	36	0.11057599188199156
114	120	0.09834410036594604
114	105	0.08738653551830515
114	195	0.08661740179815265
4	105	0.3859564908799501
4	133	0.3683822083196449
4	85	0.35876697192525125
4	125	0.35018096756095857
4	28	0.32048721453695783
4	132	0.3148139299600902
4	29	0.27984141038911103
4	25	0.2526205245001412
4	66	0.2515436018130029
4	160	0.24987548472614696
4	129	0.2460369536163564
4	171	0.2392137750201128
4	154	0.2267778581245206
4	128	0.21163271438371103
4	21	0.20822961154476666
4	172	0.20707178546753852
4	30	0.20529085601732386
4	155	0.2039303052700454
4	169	0.19682746414798305
4	184	0.19444238260842364
4	126	0.1852849168805068
4	51	0.17631801599869742
4	150	0.17350674173658145
4	167	0.16477399569383402
4	35	0.16275951293915716
4	152	0.16217535035787767
4	37	0.1603637255477211
4	177	0.1564738661912277
4	73	0.1537119404460846
4	127	0.14556851770857124
4	75	0.13977883823980694
4	124	0.138101849228803
4	15	0.1321426947603599
4	69	0.1319068780921664
4	86	0.13012794827106688
4	50	0.12534725825261006
4	157	0.12340773433930098
4	164	0.11546275329749996
4	65	0.11134638818064906
4	174	0.11089206803107024
4	173	0.10815529720459714
4	26	0.10806634912016694
4	144	0.10596074248843326
4	100	0.10259771797054858
4	88	0.0985273077916584
4	46	0.09334942089265254
4	53	0.09250576978770332
4	165	0.09008114886780023
4	159	0.08039014956644072
4	72	0.07688396967167765
4	178	0.07583611549271377
95	197	0.8010013403273428
95	99	0.5960770784191882
95	139	0.5256028202089879
95	38	0.4789724824985467
95	47	0.4523731387162498
95	100	0.4351076658966499
95	153	0.3883453094484979
95	79	0.3855989971640201
95	179	0.3767614954762712
95	40	0.3750011342179164
95	195	0.371325743701038
95	178	0.3436011030749899
95	32	0.3369518717151449
95	168	0.3369252775432398
95	155	0.32520790521274473
95	89	0.317334199939326
95	177	0.2700613519201382
95	191	0.26709218213744257
95	192	0.2606354047298593
95	181	0.2587702966186521
95	164	0.2564735658937895
95	51	0.2525175415230729
95	130	0.2444015846359069
95	171	0.2391289232842629
95	145	0.2364211865813848
95	50	0.2293469025692272
95	154	0.223331720743068
95	163	0.21847108773752646
95	72	0.2090139226008897
95	143	0.20150427530209186
95	46	0.1999399473568522
95	36	0.19833617323891448
95	87	0.18962678015307385
95	116	0.17726738536975678
95	20	0.17329335660447126
95	124	0.16653432641873922
95	66	0.1618540124508303
95	159	0.15917486770480752
95	77	0.15649337644875214
95	45	0.15331160245631853
95	161	0.14985294555487208
95	117	0.14908059444684713
95	53	0.14852321540687924
95	144	0.14005335681389086
95	59	0.13842554066541468
95	120	0.1382489853616196
95	151	0.13256516220168302
95	56	0.12921358583257378
95	16	0.12171357109117185
95	125	0.12128006614832673
95	82	0.12018624617499228
95	173	0.11113898691790153
95	54	0.11057599188199156
95	68	0.10991413507024723
95	157	0.1030132789966284
95	93	0.10215243427359397
95	43	0.10210295577690914
95	148	0.10197430932182523
95	172	0.09026861201201583
95	166	0.08007717736291578
95	115	0.07873370223410375
95	41	0.07790879368317376
197	99	0.6494460021072138
197	38	0.5275324978652552
197	139	0.5055993067365431
197	79	0.5053685160750621
197	195	0.39417206239725533
197	177	0.3825727046389013
197	181	0.3645384789125905
197	47	0.3443505315553887
197	166	0.3105463870598318
197	191	0.3049789243854889
197	163	0.3034998001949123
197	32	0.3008555185651585
197	130	0.2588169479116941
197	72	0.24705130677099865
197	196	0.2461966561240231
197	179	0.235750759590806
197	100	0.22344573244013047
197	153	0.222989648996172
197	46	0.2161463133483748
197	89	0.2071387829855948
197	178	0.2071387829855948
197	36	0.19474064419006676
197	93	0.17450555515636895
197	192	0.16662182907563652
197	151	0.16290553577421332
197	41	0.15796604716294546
197	164	0.15103555889842218
197	40	0.15052738113753858
197	161	0.14476579802944742
197	50	0.1344116616152602
197	117	0.13357692296803722
197	120	0.1333019086716844
197	125	0.12964621490163528
197	66	0.12245239286412465
197	59	0.12167416346707068
197	53	0.12146726715001704
197	171	0.12082680696654165
197	56	0.11701154057977553
197	51	0.11602511718629124
197	87	0.11297563064521092
197	155	0.11258071821732853
197	21	0.11159328179828708
197	168	0.10733493273146667
197	116	0.10369590826997983
197	58	0.0956477112138196
197	43	0.09201002555813656
197	154	0.09132185702193944
197	182	0.09117409762503108
197	115	0.08902568205210075
197	143	0.08620847828890386
197	131	0.08547095308697758
197	16	0.08377419162322056
197	54	0.08068025567603182
197	145	0.07938659562698147
99	79	0.6425588951945268
99	38	0.4642222250728325
99	181	0.43100474479074535
99	32	0.4266058420656256
99	100	0.4095163651933326
99	139	0.3345118424424591
99	72	0.3339344507922283
99	195	0.3257890381699829
99	47	0.29898992435445604
99	192	0.29477713985125703
99	163	0.2666835229608133
99	178	0.2657729829822088
99	36	0.2604676244069185
99	161	0.2583223828096708
99	191	0.2555204111399673
99	59	0.2469386275528149
99	89	0.24648784392498105
99	46	0.24180470019715816
99	159	0.2372707001136005
99	45	0.2232747126026822
99	151	0.22254297267536316
99	177	0.2191851733862012
99	168	0.21578403691695489
99	164	0.2113747925216738
99	54	0.20259773511524196
99	40	0.19745220244940506
99	87	0.18964606091363329
99	41	0.18865291186490735
99	93	0.18771726316441206
99	56	0.18564219008603214
99	171	0.18450260734731375
99	153	0.16348955569193285
99	68	0.1569225711901319
99	125	0.1485329948008991
99	179	0.14511823507766264
99	50	0.1437376471172442
99	21	0.14338506667203718
99	154	0.14213115309746582
99	148	0.13737588854085778
99	172	0.13626704239363086
99	130	0.13061944960961744
99	16	0.12375238912454126
99	131	0.12101402883393532
99	117	0.10438833090693382
99	186	0.1031913655801372
99	43	0.09870159622460987
99	155	0.0974240014500369
99	77	0.09226286083006968
99	58	0.07981983283111996
99	145	0.0790040103117609
99	120	0.07349822385037652
99	57	0.07320481108384758
99	53	0.07232350217794163
99	166	0.0714599884241991
51	155	0.7996713363017255
51	157	0.7909260323467862
51	53	0.7133294116299408
51	154	0.7639359999942685
51	145	0.6080867868655458
51	125	0.5831878238542995
51	50	0.5412699189795612
51	152	0.5387693466974565
51	130	0.536465816291039
51	173	0.5280014481493792
51	132	0.5229052391949114
51	144	0.5160712945182467
51	143	0.5129168840782712
51	20	0.4978773980108021
51	47	0.4931242078997501
51	179	0.4778080573197207
51	150	0.4677060201712428
51	153	0.4624238165924286
51	46	0.4573774998856566
51	168	0.4542164326822591
51	164	0.4459151948578133
51	124	0.4361933452152909
51	45	0.4323391456284864
51	148	0.3961888204682166
51	100	0.3830762374182579
51	40	0.3799404058348543
51	139	0.36757813915082427
51	43	0.35032133942126553
51	15	0.34995282973943426
51	171	0.34036031744741657
51	21	0.32878911748852585
51	131	0.3287534411106959
51	129	0.32855720426239243
51	16	0.3254582695576203
51	25	0.3201462036040862
51	127	0.29945426207254394
51	89	0.2898751911824123
51	39	0.2896645034933931
51	192	0.2748845403319051
51	178	0.2664791573962182
51	28	0.26101751224242115
51	41	0.2607845295795605
51	120	0.2476333762439114
51	133	0.2373556315350528
51	69	0.2288352432522493
51	195	0.21816633991995732
51	180	0.2166991468278021
51	159	0.2132178073146445
51	126	0.20327849452941324
51	59	0.18901936140715614
51	72	0.17558154436454948
51	77	0.17147892793677635
51	147	0.16762306117068854
51	82	0.16564943021081652
51	116	0.16378152271266022
51	38	0.159545217363212
51	29	0.15531278658599731
51	30	0.1505957943220897
51	161	0.14526507298490984
51	128	0.14049450225711882
51	26	0.12959705499005836
51	181	0.12099432167414463
51	117	0.11874708397631513
51	151	0.10468505252866084
51	184	0.10384429303462422
51	78	0.09616887284281957
51	115	0.08767729059828679
51	66	0.08696873509939809
51	172	0.08359843122526242
51	86	0.08331938850162456
155	173	0.6691873590667078
155	145	0.6604886986108778
155	179	0.6384424152804878
155	154	0.7572215762823122
155	157	0.7320498697901054
155	153	0.6087669887859499
155	164	0.5724974117893791
155	53	0.5699845772562152
155	168	0.5597300572493983
155	47	0.5573287853170984
155	125	0.5487004048578783
155	171	0.5183859106959172
155	178	0.5054280818797572
155	100	0.5003253211578332
155	144	0.4914270401749548
155	152	0.485541599333698
155	143	0.47795466690568894
155	50	0.4702100681150711
155	20	0.44219817818405455
155	124	0.4388454732663585
155	40	0.4331518768452134
155	148	0.4225481697195049
155	132	0.4131552728795034
155	45	0.41189394160473497
155	130	0.3986055746148004
155	192	0.3861181761629003
155	139	0.3829055738258349
155	150	0.3764611381100197
155	89	0.3404929339039612
155	72	0.33030449513883164
155	46	0.31990385593132376
155	16	0.30843956944222345
155	195	0.2922732120819613
155	43	0.2792053224057932
155	15	0.2731642071443727
155	159	0.2673707583373001
155	69	0.26353178282480233
155	129	0.24873131055909675
155	180	0.2321209125289639
155	127	0.2267873438210395
155	131	0.20829657539860855
155	25	0.19196831787258364
155	39	0.1908508176539181
155	21	0.18798738238381246
155	174	0.17148863386990515
155	116	0.15787829171005308
155	133	0.1557226285614405
155	172	0.15408294036088122
155	82	0.15292098030136736
155	30	0.14619489754334905
155	59	0.1435809491966307
155	32	0.14201357524441474
155	66	0.13852362314434488
155	177	0.138435349035534
155	35	0.13625722806732593
155	126	0.13346888408838636
155	161	0.11897383457925385
155	120	0.10954859023418947
155	77	0.10860001162463878
155	147	0.09627290070452096
155	175	0.08808313191350232
155	105	0.0874599699492121
155	38	0.0874401228994252
155	28	0.08603080585949124
155	41	0.08455263813386339
155	184	0.07511226247036068
155	169	0.07339279564022441
157	154	0.7803246031367226
157	53	0.6936362494205973
157	125	0.6262667433459259
157	145	0.5765971463168029
157	124	0.5168778737761561
157	132	0.5083631496191141
157	50	0.4972679367019073
157	164	0.497064673774525
157	20	0.4893839807448177
157	148	0.4843637755586626
157	152	0.4829542001058199
157	46	0.474839298956766
157	173	0.4693840200620218
157	150	0.4603615725582503
157	16	0.4602118266896989
157	21	0.4446484712172
157	179	0.4391118815104065
157	100	0.4363957569798053
157	144	0.4238616054857268
157	130	0.41830849797618935
157	45	0.39647541355418336
157	143	0.3915928530305712
157	192	0.3895420083508412
157	168	0.3858543616398893
157	25	0.3213124758869626
157	180	0.3150751648380131
157	127	0.3118198495318716
157	147	0.30971487366266137
157	47	0.30825858527370026
157	153	0.3043076019878287
157	129	0.3030548690056954
157	43	0.3019192422176683
157	131	0.2960549606880437
157	40	0.2949049694763416
157	126	0.2933703184129998
157	15	0.2662097298136737
157	28	0.25460416686345466
157	89	0.2516372720381149
157	139	0.2444956091241629
157	171	0.2444485974546387
157	133	0.23200737498114016
157	120	0.20892785279582685
157	172	0.2042273943325188
157	41	0.2033072546896248
157	178	0.1908700890996641
157	59	0.17991031301388088
157	159	0.17816801256880352
157	86	0.1780905509721307
157	128	0.17592073339877973
157	30	0.17519384870783433
157	39	0.17348734376105904
157	29	0.17079942999996506
157	184	0.1704207820504119
157	77	0.16867252548519507
157	161	0.15645435581158898
157	117	0.1484156401558033
157	162	0.1469287872264987
157	115	0.14670374488122984
157	78	0.14422728163138546
157	75	0.14386495887113726
157	69	0.14286592368584244
157	181	0.11658740669690633
157	72	0.10640566878774936
157	189	0.09963334218390944
157	26	0.09411265601312001
157	116	0.09362598244466017
157	82	0.07723189139443237
53	125	0.6424120920986248
53	154	0.6255185857529719
53	132	0.5817275829710671
53	152	0.5289599897022254
53	143	0.5170683858578147
53	46	0.4915256388057192
53	131	0.4880519605242785
53	45	0.4804198779383562
53	145	0.4783789129742079
53	43	0.4746378969101234
53	130	0.4686117796064633
53	164	0.4641202342140247
53	15	0.4602118266896989
53	21	0.459107628875853
53	129	0.4574170392725324
53	28	0.4402412395499353
53	50	0.4200889253896937
53	144	0.40857543530352897
53	20	0.3964922695654502
53	39	0.3925660676251578
53	139	0.38813299185962896
53	148	0.3606735877588008
53	124	0.36014282316715696
53	47	0.3593505933446853
53	150	0.3561503046743231
53	173	0.3533792779120964
53	40	0.3506722002206013
53	127	0.34775708075008543
53	16	0.3308300230380485
53	116	0.3280575642932718
53	25	0.3232302170506385
53	153	0.3202180022777126
53	179	0.31115164686602426
53	126	0.31108842256337765
53	69	0.29839791611856964
53	100	0.29107465882396577
53	41	0.28817973500483673
53	171	0.28592243630599723
53	26	0.28098390744667723
53	133	0.2688000785148912
53	29	0.2686980233807788
53	30	0.2684567781756861
53	168	0.265856623806267
53	38	0.2640342088168474
53	59	0.2564829080829289
53	195	0.22696756387839126
53	181	0.2262940305890059
53	77	0.21752813641807964
53	192	0.20953983433936615
53	120	0.20408364625429196
53	115	0.20325932089439086
53	178	0.17890378747862767
53	78	0.13930818499735612
53	128	0.13912186735441667
53	117	0.13242761994303007
53	159	0.130894662333575
53	162	0.12246224290617752
53	177	0.11560088463309826
53	32	0.1130249921916812
53	75	0.09923135622717484
53	151	0.08138062666411257
53	89	0.07270448825216166
173	164	0.6354411884593735
173	179	0.6021797325587583
173	145	0.5758423394641935
173	153	0.5529495898048213
173	154	0.4924351849465155
173	174	0.4767810449923646
173	50	0.4642771381291149
173	195	0.4538036177508719
173	165	0.4529932994299504
173	171	0.4511553982592985
173	168	0.4365819368004199
173	47	0.4315338491774832
173	66	0.3851732584105872
173	178	0.3827604892184421
173	144	0.3790844356144907
173	45	0.3721875405984634
173	40	0.37184289873443177
173	180	0.3577732996131152
173	143	0.34410370940450724
173	125	0.3306340874514187
173	39	0.3048791523746469
173	175	0.3000094601456643
173	100	0.294265715876124
173	192	0.2845169025446321
173	132	0.26185599791500275
173	124	0.25134687900273706
173	169	0.2465911579350508
173	20	0.2348061156258027
173	162	0.23149637781895424
173	170	0.22911003899360954
173	139	0.19835538641794626
173	72	0.1958083174115371
173	89	0.16235061108788273
173	41	0.14627318679169754
173	152	0.13845496569430135
173	189	0.13682641472246315
173	105	0.12735468980306924
173	184	0.12594762799233433
173	60	0.1255047411832334
173	148	0.12105344286732128
173	177	0.1163309330103531
173	159	0.11006232045842228
173	131	0.10896563315041433
173	21	0.1079576324451972
173	46	0.10308253567561478
173	161	0.09969769652486243
173	69	0.09113442998902893
173	127	0.08469858539395249
173	130	0.08365503259972024
173	38	0.08042392974650851
145	40	0.6442349681438445
145	144	0.6433977027114219
145	154	0.5890107913591479
145	164	0.5297733307040646
145	139	0.5256896637321935
145	143	0.5083853962870691
145	20	0.4942359391311508
145	100	0.4900909268776933
145	130	0.4532237602987882
145	195	0.4430263952623508
145	41	0.4380457855936066
145	39	0.4270474643134176
145	171	0.422753511284618
145	45	0.4223427847664581
145	181	0.36146495005740703
145	127	0.3581133314744632
145	124	0.3577820195645781
145	47	0.34795924952916824
145	125	0.3478449841941667
145	50	0.3447030520649047
145	179	0.3416240429531981
145	150	0.3306697142242313
145	152	0.33009957281817665
145	174	0.3154264054397968
145	69	0.3120184449488655
145	153	0.3015738415936697
145	168	0.30051897131316896
145	32	0.2838366623515193
145	175	0.28035747518165505
145	132	0.253968136676665
145	30	0.2531540718511441
145	178	0.2443357647593808
145	38	0.2295647930713122
145	15	0.2192803670853559
145	148	0.21832824249989125
145	35	0.21809967066054825
145	46	0.21752813641807964
145	120	0.20380570835158893
145	161	0.20043910790382624
145	129	0.1980095258850551
145	159	0.1840582286212761
145	162	0.1778581529421413
145	165	0.13645350950931567
145	180	0.11882595515729286
145	166	0.11046733553630153
145	59	0.10787856415051607
145	25	0.10364644565563713
145	43	0.09799747349577914
145	36	0.09719518882642096
145	192	0.08981531717290905
145	116	0.08741035219459227
145	72	0.0849507578054398
145	131	0.07357381287684378
179	168	0.7505834454054784
179	89	0.6721913015226696
179	153	0.6296041159144896
179	47	0.6109338687068406
179	192	0.5969660217431116
179	178	0.5699778260419178
179	191	0.5515526030652405
179	164	0.5344615056879176
179	50	0.5306216214735178
179	195	0.5224400787171902
179	180	0.40709984270642907
179	72	0.4063737710771253
179	154	0.3866966448635338
179	87	0.3667389004605454
179	82	0.3520220948351808
179	66	0.2910929642282583
179	16	0.2874643514424017
179	171	0.28391940954491346
179	125	0.27038579464325563
179	148	0.2655871001598575
179	177	0.2651873852344098
179	139	0.25499689906568546
179	38	0.25456675941378226
179	165	0.24400663161424999
179	40	0.2353540632717912
179	189	0.2343619795827617
179	143	0.22317019371179864
179	45	0.21629883299581995
179	91	0.19971913168226108
179	193	0.19763478799661546
179	117	0.18588356312306376
179	100	0.18508211839772185
179	46	0.17726738536975678
179	159	0.16221429807143198
179	174	0.15830729463686136
179	21	0.15210051835705207
179	170	0.14795596090961805
179	77	0.14485391073893078
179	147	0.14410977577929554
179	196	0.14003374905782595
179	181	0.13200513685328946
179	93	0.12472710788128764
179	130	0.12215688039368272
179	144	0.12158549491051455
179	131	0.12107314974088634
179	79	0.11553181952384887
179	43	0.11130688392545032
179	116	0.10253834918265768
179	172	0.09142598035657463
179	41	0.0850629412487331
179	15	0.08224778312645384
179	184	0.07355988864598546
154	125	0.7133146764800996
154	152	0.6732205382891844
154	46	0.6178252118696129
154	132	0.5569012191614945
154	164	0.5280591428698846
154	100	0.5172295483847202
154	143	0.5113529233032326
154	150	0.4911918695221333
154	171	0.485327580423579
154	47	0.4798812591735005
154	16	0.4793576828967558
154	50	0.4786487715455289
154	144	0.4746611381451857
154	20	0.4716653344732408
154	45	0.4677138326454902
154	124	0.4563409237713738
154	153	0.4466359490825705
154	15	0.4435486677399925
154	168	0.415772443863268
154	130	0.4122758271766767
154	129	0.3843127659735052
154	139	0.3791186868947344
154	120	0.37079973313314935
154	43	0.3687019537062841
154	25	0.36613289318179415
154	40	0.35551273444471915
154	127	0.3410674486364909
154	69	0.33620703178479194
154	131	0.3294311317504071
154	21	0.3252257898927853
154	148	0.32118692407899463
154	115	0.30202829963850225
154	133	0.2999366588526276
154	59	0.2961188239666641
154	116	0.28856480839958754
154	28	0.2862162488888668
154	117	0.27465341483114186
154	126	0.2728402927283833
154	39	0.2666835229608133
154	192	0.2566136936983765
154	159	0.2550249481485482
154	30	0.25451064681088537
154	29	0.2543142392068904
154	151	0.2292995320261382
154	77	0.22510770686976286
154	195	0.22151621370139526
154	161	0.2171851442295825
154	178	0.1954524777794742
154	26	0.1903882588517819
154	89	0.16876967880407628
154	72	0.16437510046044454
154	41	0.15243263541608165
154	181	0.14806355115183562
154	32	0.13055064328145186
154	35	0.12792524044908854
154	147	0.11391340439633175
154	38	0.10570365460803506
154	162	0.09990560484648484
154	180	0.09173734677280614
154	128	0.0912445069662862
154	174	0.07406909896197804
61	183	0.7972428386893866
61	81	0.7423392300906194
61	63	0.7178621307612731
61	60	0.6608211842671319
61	90	0.6758963327779114
61	37	0.5683349994598091
61	182	0.5466352308173549
61	74	0.5057779336996795
61	92	0.4994551940413349
61	88	0.4967559109158961
61	194	0.4585470999250004
61	166	0.4543354776853789
61	84	0.4175739586846839
61	85	0.4169049706447715
61	185	0.4157393579820408
61	93	0.4088253245005561
61	167	0.3924137963281655
61	165	0.3839121108958645
61	91	0.3810436469204579
61	196	0.3761950411906848
61	76	0.3739350150722599
61	65	0.3588366728253805
61	35	0.3288426302957692
61	80	0.3279950963824432
61	169	0.30020054691201226
61	64	0.29209028611762866
61	57	0.2845260930198051
61	187	0.27532821223268233
61	170	0.2740153438148312
61	66	0.2700428104826701
61	36	0.2641737461798914
61	94	0.2522741044740879
61	86	0.24731419896123816
61	174	0.2292237368979479
61	175	0.22296114053697466
61	163	0.21680397889128125
61	73	0.21600331659753036
61	180	0.21364730825088132
61	186	0.2083922346594078
61	160	0.2026648609542051
61	177	0.2012740091241159
61	69	0.1764052166908583
61	58	0.15684454018618024
61	158	0.15345807341974813
61	188	0.1440510213289891
61	75	0.1425524407801029
61	68	0.14245447150369075
61	126	0.13900418797764574
61	128	0.1253964723473689
61	189	0.12389024268374765
61	30	0.12177268180782308
61	191	0.1094893098982333
61	162	0.09947690815747028
61	184	0.09757158508262201
61	193	0.08737859660400801
61	133	0.08645661496043093
61	56	0.08109154706301933
61	54	0.07762849921045338
183	194	0.6832209656514808
183	182	0.6824417035855704
183	81	0.6312731690917572
183	90	0.6241165001074478
183	74	0.5613416847213468
183	63	0.5411709277163956
183	88	0.5219309531541229
183	196	0.5160933042900508
183	185	0.5082519061009162
183	60	0.5045639063575248
183	92	0.5035046584633083
183	166	0.4989070968095125
183	76	0.4385709113290467
183	91	0.4327618536475517
183	165	0.4325017481390637
183	167	0.3962225413105471
183	170	0.39202456084486
183	93	0.3712740155170957
183	37	0.3669898695097549
183	85	0.36582977300379216
183	191	0.3542715815222692
183	84	0.3407316093877157
183	65	0.32360628530999297
183	169	0.31037470035284537
183	175	0.3061303523683474
183	174	0.3020101239505889
183	180	0.30178290932878554
183	80	0.2983432576190169
183	177	0.29165117661965245
183	64	0.2875193923477967
183	66	0.2693102636224439
183	187	0.25810771806362903
183	188	0.25670710624219195
183	163	0.2373839412025859
183	193	0.226711457044334
183	160	0.21922325136672646
183	86	0.214143517589378
183	87	0.21273093994938347
183	186	0.1909375380010116
183	172	0.18840215295039428
183	73	0.1849662264712014
183	189	0.17565907696502284
183	58	0.1590773998175395
183	94	0.1537509951115116
183	115	0.15181721489334746
183	158	0.14050430485629475
183	36	0.13930818499735612
183	184	0.12335849550896412
183	75	0.10095491333410428
183	35	0.09508884086999278
183	147	0.09014264541823164
183	89	0.08986987322983978
183	57	0.08837285893107619
81	90	0.7672469090839741
81	74	0.7227362668251448
81	88	0.7189557178506066
81	182	0.7075696843090574
81	85	0.6733189457023696
81	80	0.695907153613431
81	84	0.6470224779775965
81	185	0.6445741189373662
81	63	0.6195719195650458
81	91	0.5635362374010194
81	76	0.5459617352666607
81	194	0.5196352840251575
81	94	0.5150728025655179
81	60	0.4789416584935689
81	189	0.4332087416825536
81	93	0.42586935278294624
81	86	0.4189188222603327
81	193	0.4063821196467804
81	68	0.3936313639024604
81	73	0.3772075944414217
81	160	0.3702734845570704
81	158	0.3568835369903036
81	87	0.3521710195971361
81	64	0.3400331389635814
81	188	0.3361272025346235
81	37	0.32297049126629745
81	65	0.3073533298780995
81	196	0.3071812683854557
81	186	0.29793325651692804
81	184	0.2904704609813121
81	170	0.2869138380086811
81	57	0.27241448255611256
81	128	0.26978320933395394
81	78	0.2614833863321018
81	82	0.2577716699068467
81	92	0.24813081009809995
81	180	0.2465441977160498
81	187	0.2330289849853892
81	191	0.2239872044600632
81	172	0.20371944507854464
81	75	0.2024251170737511
81	36	0.18593183503942376
81	167	0.16006168266459894
81	169	0.14910014988806494
81	165	0.12800393045423414
81	66	0.12785638537331998
81	147	0.10981534209641096
81	58	0.10626725182997383
81	126	0.1037552627301362
81	163	0.09794102058027668
81	54	0.08420314424678876
63	37	0.6245558471927091
63	60	0.6187209322248544
63	167	0.6002193593126595
63	90	0.5997521468756732
63	74	0.5422095877118189
63	65	0.5297085869976588
63	85	0.5088672407811989
63	76	0.5086745412162046
63	92	0.4987418384975731
63	84	0.4539544765741415
63	88	0.4228684836047912
63	185	0.4185477241692329
63	160	0.4076169593441484
63	64	0.39272677509413145
63	94	0.3830591722355883
63	169	0.3764268065125979
63	194	0.373212243227925
63	165	0.3655005831978832
63	166	0.36320237788207343
63	35	0.3610041099768261
63	57	0.35997745539558884
63	158	0.35834868251980195
63	187	0.34984752135554875
63	80	0.343654018280941
63	170	0.3179366021038223
63	182	0.3174331193765801
63	175	0.3114496671898417
63	174	0.3102481813997591
63	196	0.2938363549114436
63	75	0.2885373062509706
63	91	0.28733591527979524
63	93	0.27248854416989354
63	86	0.2722385732869433
63	73	0.2659774312635416
63	189	0.2646852885309845
63	188	0.2589475651082549
63	30	0.2408535224295106
63	186	0.23487225516476135
63	36	0.22914793898985986
63	68	0.21312235146300956
63	180	0.20828700925331614
63	69	0.1932008439949376
63	184	0.18252164534721155
63	162	0.17167304027240787
63	58	0.1702168738368884
63	163	0.14892414672023346
63	193	0.1469287872264987
63	78	0.12989200489481953
63	66	0.12613460958265624
63	105	0.12281682833812407
63	172	0.11934843881148464
63	56	0.1133310213181602
63	126	0.09960066966099217
63	54	0.0983876746286346
60	37	0.6241836481426476
60	165	0.6046913945321886
60	90	0.5616292730170689
60	65	0.5265791780894099
60	64	0.5048247556241201
60	92	0.4961681611192302
60	88	0.41779685418595897
60	80	0.4069997254498151
60	93	0.3984036880421168
60	66	0.3945520777388121
60	84	0.37184289873443177
60	170	0.3665744435131111
60	94	0.3578517769299129
60	180	0.3573023296049415
60	85	0.3468425227007155
60	194	0.34368929387264685
60	169	0.3388386818029913
60	86	0.3362425099009245
60	35	0.33524876218791144
60	36	0.333383474363824
60	174	0.3276559348239389
60	175	0.3091723268886644
60	182	0.30647470029273555
60	167	0.2954983258416816
60	162	0.2891239154280115
60	74	0.2855550949689701
60	91	0.28355161188701833
60	166	0.2778585895744363
60	76	0.2591714582676208
60	189	0.24502206125098702
60	69	0.24119260926263314
60	30	0.20089977914564186
60	196	0.20072703783066986
60	57	0.19720232634378831
60	185	0.17648272609280985
60	160	0.16058780247836485
60	73	0.1602662956380707
60	45	0.1535654811743976
60	187	0.14350259753593114
60	163	0.13915128658480286
60	82	0.13914148020196304
60	58	0.12848587153434635
60	56	0.12775801884149698
60	126	0.10990425587055982
60	188	0.10093511713202696
60	68	0.0964700524990132
60	54	0.0868615509576501
60	164	0.08287547512604794
60	184	0.07880724307980473
60	158	0.0733052690873701
194	74	0.6567289338040444
194	88	0.6097102308865852
194	90	0.6000849976675298
194	182	0.5860116781157271
194	185	0.5390247990724351
194	193	0.5088598302021765
194	196	0.5068710775291083
194	91	0.4989746920279818
194	180	0.4801506138140994
194	80	0.4505578520767327
194	191	0.42127408405924777
194	84	0.4207063747072805
194	85	0.40025286817734496
194	170	0.3987233239464795
194	94	0.3762894697847196
194	76	0.37237704989376336
194	189	0.3620472688136528
194	160	0.35950733929136897
194	92	0.3479416709196244
194	169	0.3472207373833149
194	188	0.3452668826770522
194	86	0.33506235133074497
194	175	0.30880147078584513
194	165	0.2686516326889515
194	184	0.2636713599562202
194	174	0.2586116731934749
194	93	0.253275736538538
194	87	0.2480275798597912
194	73	0.24336701226497465
194	162	0.23855372086320065
194	158	0.2301899162702172
194	37	0.2269011688228867
194	166	0.21406718487753845
194	65	0.18739887191707733
194	167	0.1771317813269266
194	64	0.16385937574144852
194	172	0.1534287797663054
194	78	0.10411137395768727
194	147	0.09667214999886307
194	39	0.09647302457873996
194	177	0.09395704429427593
194	66	0.09192574449599808
194	186	0.09076154009106062
194	192	0.07740882723199917
26	29	0.7958172383344271
26	131	0.633265945952112
26	129	0.583722083851885
26	28	0.5585065094689521
26	133	0.543514393600005
26	143	0.50050522144982
26	21	0.47949630985205
26	132	0.4577490987132726
26	125	0.4515376156861837
26	46	0.4092083688912065
26	16	0.3673359460629328
26	15	0.3635582393231547
26	127	0.3588976578303814
26	39	0.32738811602973583
26	126	0.29817015946187264
26	45	0.2980699357739077
26	130	0.28356080784577664
26	25	0.2690505518902471
26	181	0.2632339814015013
26	43	0.26054219538222434
26	115	0.2547163846405683
26	128	0.24266130421474416
26	38	0.2376953209240943
26	50	0.22057458624773746
26	79	0.2104288273869528
26	54	0.20903304878453752
26	171	0.20181126222532772
26	186	0.19698126073514494
26	187	0.1942306912810844
26	116	0.19095680878455035
26	152	0.19046535786218904
26	78	0.1889807902483084
26	164	0.18888435980018786
26	159	0.1569713395727808
26	30	0.14896325935116092
26	195	0.14561745784265592
26	41	0.13888650467490699
26	185	0.13221147180563614
26	151	0.13120916645738762
26	57	0.13096346236418974
26	117	0.1281022906942354
26	161	0.1260657226703185
26	162	0.12150667678663725
26	148	0.10719654356310176
26	59	0.09482028430766802
26	72	0.09126136540561362
26	47	0.08156936541028742
26	69	0.08121771063147593
26	147	0.07691081001504478
26	77	0.07687601695594468
26	36	0.0714480496923213
29	133	0.7334945667438767
29	28	0.6831303095738156
29	131	0.6358940926657111
29	129	0.604024905872921
29	132	0.5956643180572565
29	125	0.5726049614111198
29	21	0.5648859349224676
29	25	0.5371136059012094
29	15	0.4739403521452633
29	46	0.4665254982124356
29	128	0.4654686553995569
29	126	0.459691453357943
29	115	0.4577965253564033
29	16	0.4259102836760695
29	152	0.3682612008428522
29	143	0.3350801058761795
29	45	0.3205320782152746
29	116	0.310871632623335
29	187	0.3060397211734177
29	43	0.3007918532074909
29	186	0.27918688141506043
29	30	0.2733215146615331
29	127	0.26762143871151434
29	50	0.25260180074813154
29	57	0.2265596752334819
29	59	0.22208669615051055
29	171	0.21615584613548205
29	54	0.21166137054959105
29	181	0.20071744072484335
29	117	0.1982689259120269
29	78	0.19724077049021624
29	151	0.1942210685180087
29	69	0.19272908938983255
29	39	0.1860669916297336
29	38	0.18172884447201876
29	79	0.17532954837477568
29	164	0.16555217257344634
29	162	0.15687380204219095
29	185	0.14197438173601742
29	130	0.1255539533023717
29	75	0.12043262758350275
29	77	0.1042597457627675
29	148	0.0936438246297468
29	56	0.09159951480410093
29	58	0.08926278279103762
29	32	0.08911099979948238
29	120	0.08908123794303657
29	161	0.08774377515804364
29	159	0.08311580816193008
29	68	0.08067926218525531
29	64	0.07911928522530805
133	129	0.6581653730426373
133	132	0.6170331721745936
133	28	0.6125733514199689
133	125	0.5996176674941607
133	25	0.5857489804269275
133	128	0.524487356022373
133	21	0.5132189562075193
133	131	0.4966353839669336
133	126	0.4609366682595958
133	152	0.42717827624835225
133	16	0.3721272356770065
133	15	0.3584619834498283
133	115	0.3451788005581892
133	187	0.3363312010159101
133	30	0.3106457753678794
133	46	0.2773786670812041
133	116	0.2671386146056285
133	127	0.2610268309166805
133	69	0.25937666919779884
133	43	0.24689167590743424
133	143	0.2415316372154993
133	75	0.2411455173884999
133	171	0.23439033161728975
133	186	0.21556473546945426
133	105	0.2116136100709676
133	172	0.20714835390101527
133	148	0.20335518751033987
133	50	0.19456746442674205
133	45	0.18490827857846284
133	150	0.16595090840239904
133	86	0.1517390578216061
133	78	0.14623404239649435
133	130	0.14048469963039864
133	117	0.1396317658758123
133	57	0.13902380147983046
133	59	0.13566831961149498
133	124	0.13333137547187046
133	77	0.1314155454402767
133	184	0.11898369301979142
133	164	0.11273868746359568
133	159	0.11105997436551313
133	68	0.10418061471048856
133	147	0.10040058951442496
133	151	0.09758347082613428
133	54	0.08779835145125411
133	76	0.08693399971831199
133	84	0.08338492996115865
133	167	0.08034643376518934
133	144	0.07337389795742116
28	132	0.7671234810235872
28	131	0.7130640824302128
28	21	0.588795237594091
28	125	0.5661239058696177
28	129	0.5115301459153166
28	25	0.4384578326089573
28	50	0.4121513151812688
28	46	0.3966355348670904
28	15	0.3829226413615582
28	16	0.3654399329935865
28	152	0.3624469062457168
28	128	0.35988170581905243
28	45	0.3568311778207374
28	126	0.3336501043265245
28	143	0.31762194639150704
28	43	0.3149130246689325
28	115	0.3070273016030479
28	116	0.2922640662915359
28	30	0.2900125810635247
28	39	0.2866201533109414
28	38	0.27542062912543136
28	59	0.2708491777195673
28	164	0.26601460110831043
28	187	0.25825705276018474
28	78	0.25570734344836904
28	79	0.24811204138293896
28	181	0.2189090880656036
28	148	0.20626766391596704
28	57	0.2030100494580525
28	75	0.19296016401658808
28	151	0.17099358887587354
28	127	0.1703236847202907
28	186	0.15826829683791815
28	171	0.15585923064727658
28	36	0.15554698855680352
28	162	0.15033190695379592
28	195	0.13212304394226382
28	147	0.1312583053427049
28	80	0.12068884851019125
28	69	0.11936815388342585
28	32	0.11405158551481535
28	72	0.11300524764002845
28	41	0.1055751053664407
28	184	0.1033892318022958
28	77	0.0954416100012745
28	130	0.09359921905427536
28	117	0.09010197842151282
28	159	0.08994922653162364
28	161	0.08661640930064098
28	185	0.08542628165296473
28	105	0.079822813716789
28	124	0.07594349349226563
28	100	0.07523854474984196
30	57	0.4838354787841881
30	69	0.6121358361619073
30	35	0.5102960702073872
30	32	0.4551683382986741
30	127	0.4536289066102564
30	25	0.40332201776545096
30	171	0.3932679290391133
30	37	0.3868752281568397
30	129	0.3759117085207911
30	45	0.37519877322236267
30	36	0.3709118537103895
30	100	0.3661502119890627
30	40	0.36374914564030697
30	167	0.35439400428005635
30	132	0.3467369542756143
30	126	0.3456015392498241
30	159	0.3330101028131093
30	54	0.31783771785106485
30	75	0.31183790478689816
30	152	0.3091361499423957
30	39	0.3036995221879434
30	125	0.2940647531778899
30	144	0.2876111229699601
30	128	0.2861703442190283
30	65	0.27918688141506043
30	150	0.2740060946335738
30	15	0.2429059788000104
30	115	0.24122086384193786
30	164	0.238723470154396
30	166	0.2348250128588177
30	169	0.2234552331389478
30	162	0.2191375749716092
30	172	0.21880435687487115
30	165	0.21407672660951604
30	20	0.2080095737117749
30	41	0.20756943490046725
30	64	0.20054468623362004
30	56	0.20023753634775174
30	181	0.19884527093989035
30	143	0.1984226313439964
30	175	0.19794226949701044
30	130	0.18588356312306376
30	187	0.184087212138282
30	124	0.18249264461295306
30	116	0.1820672640524706
30	120	0.17540708805096786
30	174	0.16381071783758733
30	186	0.15248147325839992
30	46	0.15247170574950347
30	58	0.12805311088911814
30	59	0.10855060105450674
30	131	0.10204358091405416
30	78	0.09382125197307674
30	38	0.09350901552026962
30	21	0.09180378250973288
30	160	0.08597919049620814
30	68	0.08578761405686179
30	151	0.08084020559908828
105	184	0.2302277964255097
105	85	0.2103619260220014
105	160	0.18915435586929666
105	189	0.1759691855673303
105	165	0.16884739909820548
105	188	0.16214613924109464
105	178	0.16126967380722634
105	174	0.1595939442406452
105	25	0.13422508948679387
105	167	0.12418562705864385
105	66	0.11292626854107228
105	193	0.11177103667494466
105	172	0.0993798769860647
105	37	0.09389063534737643
125	132	0.7827376775183436
125	21	0.6409885996395508
125	152	0.6672113345870717
125	129	0.593634650642982
125	131	0.5810854756182076
125	46	0.5643273351185951
125	164	0.4931469124193265
125	16	0.4870075896398838
125	171	0.48305387202873
125	45	0.4758455631641919
125	50	0.4710197304748287
125	143	0.4586181731018162
125	43	0.4566021628984625
125	25	0.45618255872753705
125	15	0.4349617318313266
125	148	0.39960602476749946
125	116	0.3922615035184451
125	124	0.3853776334885489
125	128	0.3787675620373199
125	100	0.36639264865385385
125	126	0.3562550790312274
125	59	0.3502160620009621
125	130	0.32684338892851633
125	47	0.324232838558533
125	115	0.32067563232175184
125	69	0.3078784458892022
125	139	0.2983432576190169
125	150	0.2783199227453996
125	127	0.27759095758120506
125	181	0.2652896465725499
125	153	0.2594139777604391
125	144	0.2572207894679043
125	77	0.25112202750414103
125	195	0.2406180108582859
125	20	0.2319506038362516
125	151	0.2286077985016993
125	32	0.21686115790949853
125	38	0.205501574743202
125	192	0.1857580519416854
125	117	0.18545873159160936
125	40	0.16491019148537878
125	75	0.15102578700106398
125	168	0.14700705926081725
125	186	0.1458523605621541
125	72	0.14486370089819445
125	159	0.1441783213537942
125	39	0.14224872693983104
125	147	0.1319363559927728
125	120	0.13043268665055568
125	79	0.130167270735051
125	89	0.12016653502229008
125	177	0.11683400134846116
125	172	0.0992115531251169
125	187	0.09521469102978147
125	178	0.08491601028423383
132	131	0.7047471571139564
132	21	0.6400095970386975
132	152	0.6193192418319132
132	129	0.5180201779072366
132	46	0.4617474465533982
132	25	0.4347833369391101
132	143	0.41955348781809787
132	45	0.41424107115193615
132	43	0.3982690755422302
132	15	0.3766413620318505
132	148	0.35855784522024003
132	16	0.3517767681361453
132	164	0.3496368780624327
132	50	0.34261295233912226
132	126	0.33665930626027873
132	128	0.324179145130063
132	171	0.3110251955071023
132	116	0.2926664304779131
132	100	0.29071766085420503
132	75	0.2886931454632401
132	124	0.28528872001422323
132	130	0.2822452569235813
132	115	0.27271070963500843
132	59	0.2692917140828966
132	186	0.2490033494219344
132	127	0.23786514382455465
132	69	0.23088111919842394
132	187	0.22845615480036985
132	144	0.2272900241285219
132	159	0.21386679907184344
132	181	0.2107633046370272
132	147	0.20649744141279253
132	78	0.2013891449954904
132	139	0.1967505622212856
132	39	0.19516392136973235
132	162	0.18663650269702609
132	150	0.17816801256880352
132	153	0.17594011436849805
132	20	0.1609482393220127
132	57	0.1593892861322708
132	151	0.1554591648654851
132	47	0.15453198738743004
132	77	0.15200283032830614
132	184	0.1463514742078086
132	195	0.13650257819648218
132	172	0.12768916077360404
132	32	0.12108300314188032
132	161	0.11632106832773748
132	192	0.11381470089866573
132	72	0.09283690140041446
132	38	0.091993169451134
132	117	0.08049844419627722
132	40	0.08022422659065813
21	131	0.5616840363611916
21	128	0.5083557339123344
21	16	0.4146469068678189
21	129	0.3862117725901459
21	148	0.3851562254481565
21	43	0.3843383347896421
21	46	0.3810863863930991
21	126	0.369902379548442
21	45	0.3361272025346235
21	152	0.33580783724203184
21	25	0.3307587770329065
21	147	0.32542250601546674
21	77	0.3079327575376073
21	50	0.3019737719160597
21	75	0.2919622252246515
21	15	0.28346884591157784
21	186	0.2828341665378947
21	78	0.2766123501401095
21	164	0.2663490941045718
21	181	0.2660424779727925
21	116	0.2636713599562202
21	115	0.2548472967102255
21	187	0.23363414104564784
21	89	0.2327736306023693
21	59	0.2200132186144272
21	192	0.2028758154750362
21	161	0.18954001492095468
21	143	0.18917364020893288
21	79	0.1888747165549874
21	124	0.1777806825218123
21	72	0.17177979637638816
21	171	0.1653187411083501
21	117	0.15978884397167553
21	191	0.15252054299609513
21	162	0.14770164278335504
21	172	0.1469972753571893
21	130	0.13856285537517354
21	151	0.13604130612529006
21	47	0.13109123050248375
21	177	0.13057030236070988
21	185	0.13056047283391434
21	68	0.12873173647688532
21	76	0.12493383552469264
21	139	0.1117611615915539
21	100	0.11113898691790153
21	73	0.10864942165817484
21	57	0.10239981917074076
21	195	0.10077674463938233
21	38	0.09733881700003308
21	54	0.09378755114811564
21	86	0.09176610263981347
21	184	0.07510530195966486
21	159	0.07375283614498453
120	117	0.6069005989451325
120	15	0.6013058021144497
120	115	0.5099631747216626
120	150	0.4885012962030956
120	20	0.4725124083195783
120	46	0.4443756521522004
120	56	0.35713657469566
120	16	0.346076952650745
120	152	0.31887116571934576
120	25	0.3162276308032989
120	41	0.3137865445929635
120	124	0.3063750288746043
120	139	0.2942383134035701
120	58	0.2906077990330796
120	126	0.28233728808723296
120	77	0.2799151438410625
120	116	0.26837326237183456
120	43	0.2637737095028098
120	40	0.2462905925316784
120	69	0.24210596663145825
120	78	0.23794061600208585
120	50	0.23600573718102186
120	144	0.2272331229979107
120	130	0.21680397889128125
120	38	0.2108684158709442
120	181	0.1789425069389177
120	128	0.16816727543424168
120	187	0.16680654828710004
120	59	0.15029281070601014
120	163	0.14911970521265444
120	180	0.1412002188799525
120	73	0.14111201213442065
120	35	0.1389453468168228
120	166	0.13691472870259416
120	175	0.13655164621385305
120	47	0.12424470129420465
120	39	0.12152638146129956
120	161	0.11982157452657713
120	151	0.11881609634165452
120	174	0.11654795021785826
120	129	0.11505820014416546
120	168	0.11290652354332288
120	32	0.10841224860547537
120	100	0.10195451725665744
120	162	0.09261383595002888
120	195	0.09161934695834373
120	45	0.08867050810225555
120	153	0.08621443369441299
120	92	0.08499543288622012
120	57	0.0784196533137611
120	143	0.07133562563021956
90	74	0.6943774959904778
90	88	0.682900909020991
90	84	0.640469869592095
90	91	0.6388864960190163
90	94	0.6236523162895229
90	80	0.5679083396933939
90	85	0.5201679666612945
90	86	0.5068785083085512
90	182	0.5032956137408799
90	92	0.4871982723218411
90	185	0.4859694625905197
90	64	0.4836899437934916
90	93	0.4547083802878131
90	65	0.4283874386102665
90	189	0.42833028300225695
90	76	0.4230573371500941
90	37	0.4036485256171472
90	180	0.3961888204682166
90	87	0.3815478688910035
90	193	0.3660982548063415
90	188	0.3559581950937419
90	73	0.323454079512893
90	68	0.2818218466780261
90	158	0.2750694178633423
90	196	0.2741170814629253
90	167	0.26375510093603977
90	191	0.25686589655949266
90	169	0.2560250844880938
90	186	0.2519557155332076
90	170	0.2394023213509911
90	187	0.20954939524991026
90	82	0.20772253620324785
90	57	0.2060187126212063
90	160	0.19763478799661546
90	147	0.19447124820482944
90	172	0.1944327606681164
90	184	0.18218328369847134
90	36	0.16298341170204675
90	162	0.15415127771502046
90	128	0.14613617940524606
90	165	0.13798413593308842
90	89	0.13465713673777185
90	163	0.13127796071624925
90	75	0.1222750879839196
90	54	0.12208792436539355
90	66	0.10958811002525
90	175	0.1039827813111416
90	78	0.10381461645129668
90	58	0.10196441329933176
90	192	0.09617481734867682
90	35	0.0928874616077808
90	166	0.08464795104164356
74	185	0.684647350899637
74	84	0.6585846143507076
74	88	0.6083199196719318
74	76	0.5589810951332267
74	91	0.5296510318537563
74	80	0.5229996868884509
74	94	0.5223819117770829
74	182	0.510451369126288
74	85	0.5022569838041101
74	86	0.4829465325163833
74	193	0.4711986833799987
74	73	0.41776383580263216
74	158	0.4096245579579142
74	189	0.3984962241815512
74	160	0.37586018593553255
74	188	0.37574854569553395
74	184	0.3404045244377799
74	186	0.292291503502427
74	64	0.28897728346824936
74	75	0.28789545436102465
74	180	0.28397457199127896
74	187	0.2784490730351264
74	87	0.2712568510274361
74	92	0.269449378798915
74	57	0.2525830768069349
74	78	0.2489752092917739
74	37	0.2357035379552509
74	167	0.21908045549726216
74	191	0.2144583623714779
74	65	0.20722491979677007
74	68	0.20395905746705129
74	147	0.1946925399176389
74	169	0.1910146202519421
74	196	0.1813033416400589
74	170	0.16886682884370605
74	128	0.16700097691320376
74	93	0.15755650038960678
74	172	0.1567762614513365
74	162	0.14336547780141162
74	82	0.1052784398100534
88	91	0.7079739221041551
88	80	0.7056419636501968
88	85	0.5854993035745868
88	193	0.5624638792638696
88	182	0.5609717290376544
88	87	0.5427318245613566
88	94	0.5221055524191016
88	84	0.4893611653102775
88	86	0.4559766409657839
88	185	0.4517366216627718
88	73	0.40875036417578303
88	189	0.407166582110164
88	76	0.3965765456117066
88	191	0.3902373568431416
88	180	0.3901101921796363
88	188	0.37364251921068864
88	170	0.35731977618117033
88	93	0.332369794323308
88	66	0.3044618514768364
88	64	0.3010010293125949
88	184	0.297814791278574
88	89	0.2830825488693309
88	160	0.2650107379624208
88	78	0.2303887793007923
88	92	0.2219821190712296
88	82	0.21922325136672646
88	65	0.19775970705020074
88	196	0.19322972403055585
88	37	0.18998345053529506
88	177	0.17626956997378074
88	68	0.1680117960893267
88	128	0.16498801482880332
88	165	0.1505957943220897
88	50	0.13892573287850815
88	162	0.13312510292305002
88	36	0.13220164659137915
88	192	0.11458452844755505
88	58	0.10415094022576674
88	167	0.09876002110601023
88	158	0.0947251465670318
88	72	0.0911532721521982
88	172	0.08089981320156482
88	187	0.07950385086471025
88	163	0.07557462282691482
88	147	0.07200616345710223
182	196	0.534889978774441
182	185	0.6556812479045997
182	188	0.5397196949958282
182	80	0.5308873923396809
182	193	0.4996277994474014
182	191	0.4555171100111133
182	189	0.4207639834408808
182	85	0.4144978435141978
182	93	0.3850369873639151
182	87	0.37457996352810136
182	76	0.3662887533151324
182	170	0.353571790021344
182	184	0.34845135123015114
182	73	0.34642899619544404
182	91	0.3432394574522959
182	84	0.342515860880249
182	186	0.3119372046636216
182	92	0.2912119441603423
182	94	0.29073597041257765
182	147	0.2891147513279009
182	180	0.27625215191359065
182	172	0.2640621171738734
182	160	0.25628671204966696
182	86	0.2424824840289025
182	165	0.22510770686976286
182	78	0.20187841033164167
182	163	0.19121694995002092
182	158	0.18652068008567144
182	68	0.1820479269518329
182	89	0.16926510968384348
182	57	0.1628763317779049
182	66	0.15643484530985058
182	192	0.14821025947013514
182	187	0.1433067105155837
182	128	0.12653806561995246
182	79	0.10570365460803506
182	82	0.10568387803148052
182	162	0.0978934807941092
182	166	0.09253055579744084
85	160	0.709834397961675
85	80	0.4977344820547989
85	170	0.4733353317847479
85	185	0.4464037692807177
85	158	0.4243372864679513
85	73	0.41021525354690747
85	76	0.4012433611263932
85	84	0.3976631070279111
85	193	0.3820518638985822
85	65	0.37377157066702976
85	94	0.3607170827025453
85	189	0.3551981943515909
85	68	0.3436011030749899
85	37	0.33495581906137545
85	78	0.3053326075635657
85	169	0.29572647916705314
85	91	0.2811773161206306
85	86	0.274070837837873
85	64	0.2489752092917739
85	75	0.2310893812765675
85	167	0.2254209613398149
85	66	0.2241961567012062
85	87	0.22154474142881814
85	128	0.2153168032995748
85	172	0.2029621096254881
85	188	0.19818246232041486
85	57	0.17826483645931848
85	184	0.15815130047891607
85	36	0.13256516220168302
85	82	0.11378508941115215
85	165	0.11162290810727897
85	93	0.10751285555022384
85	92	0.09822624990319166
85	180	0.09587956527492066
85	35	0.09111360436434636
85	186	0.07922958941153342
85	196	0.07827653724707387
85	54	0.07194746911618237
131	129	0.5193870472589022
131	43	0.4821793996412017
131	143	0.459691453357943
131	46	0.4419085262088445
131	45	0.3922361192923493
131	15	0.3915674530810619
131	116	0.3883028492280405
131	152	0.3863053610651601
131	16	0.3748550312998476
131	181	0.3485919164570609
131	50	0.3342897984211799
131	115	0.3340677172832741
131	38	0.32206554941941096
131	164	0.3219938456695491
131	195	0.3021464362571667
131	59	0.30076456723344586
131	79	0.28918806264495905
131	126	0.28222685006738
131	148	0.2778862731817901
131	25	0.27392284972152403
131	128	0.2723033840829026
131	130	0.26275925669695804
131	78	0.2519650806927853
131	171	0.25194635032643753
131	77	0.22511720011359565
131	151	0.19571214961852906
131	159	0.19140962979433185
131	41	0.1825409789936124
131	139	0.17385588226113996
131	147	0.17045962005592086
131	162	0.1697507432042903
131	39	0.16673849520231074
131	186	0.16079238000341595
131	187	0.1554689231747952
131	32	0.14957922173037702
131	127	0.13323315188813786
131	161	0.12820064841423448
131	72	0.12377208278271964
131	153	0.11575874354164598
131	54	0.11490031538127013
131	100	0.1071570030375366
131	47	0.1027164533531332
131	117	0.09623921572230153
131	168	0.09554168901701936
131	75	0.09255831599220574
131	68	0.0852257523205548
177	178	0.5208824390005871
177	72	0.4725667777628517
177	66	0.4178793953160046
177	166	0.396669241542401
177	191	0.3437422054416317
177	139	0.33782031883216684
177	116	0.2633084364630972
177	89	0.2606540460164013
177	38	0.22167786580878385
177	15	0.21991805710270174
177	171	0.21847108773752646
177	170	0.2119670136659988
177	174	0.211670922524015
177	79	0.20499390187265035
177	163	0.20411239657421915
177	46	0.20070784358049065
177	87	0.1870225405832774
177	153	0.17143039777185806
177	32	0.16905140487830078
177	192	0.16711762785579046
177	181	0.1626816311779677
177	50	0.1615910740814231
177	195	0.16039295391136313
177	58	0.1551371236481103
177	115	0.15057624784508536
177	35	0.14988227174586602
177	43	0.1397102052370315
177	165	0.13042285676459212
177	47	0.12968554237202648
177	167	0.1258688962236157
177	196	0.12365391937166414
177	69	0.11740604541383635
177	164	0.10952883020877087
177	168	0.10863953969440672
177	36	0.09926997205009086
177	161	0.09550998102294717
177	169	0.08774179055563552
177	59	0.07495515201973425
174	175	0.7614009000682783
174	165	0.6430283482263647
174	166	0.613441019967277
174	167	0.6118543782770607
174	169	0.5267887332498628
174	35	0.47216280459594
174	37	0.42616401630044826
174	170	0.4085587738451086
174	66	0.3910847406851736
174	92	0.3673791984836247
174	153	0.3367391032883019
174	196	0.32828064055178835
174	65	0.3026279740912205
174	171	0.2886106442557863
174	195	0.2878129117638579
174	180	0.2857387761338499
174	139	0.28093785439751945
174	40	0.2469198470337803
174	69	0.24505965945005145
174	164	0.23625124044696774
174	162	0.19570253263216286
174	20	0.17320605799603267
174	160	0.14976496540001816
174	15	0.14661568069771513
174	116	0.14299326793263556
174	144	0.10062826578885264
174	163	0.09880755271064616
174	115	0.09853324954236348
174	39	0.09569527186816414
174	76	0.09078831760869084
174	58	0.07681338897779334
174	100	0.0726706678906212
175	167	0.623615651450297
175	92	0.5530606594575079
175	169	0.5689034040448229
175	37	0.4913891142698864
175	166	0.4905998329885376
175	65	0.4350265942375223
175	35	0.4264095001775285
175	165	0.41910844060169183
175	170	0.3758430112240165
175	20	0.3725062429764205
175	153	0.35147004179706
175	180	0.33872360224929426
175	69	0.2644899899218075
175	196	0.2567818328243334
175	76	0.2409948157609114
175	139	0.2275745064954657
175	64	0.22497479696912215
175	40	0.22056507275823445
175	66	0.20487894174524374
175	124	0.20442862684514526
175	58	0.2012740091241159
175	162	0.19577946746898905
175	163	0.1652895608722225
175	144	0.1616787227557245
175	160	0.159545217363212
175	171	0.11997927434834132
175	39	0.11320268913781202
175	75	0.11177103667494466
175	15	0.09382224317055644
175	116	0.09371023667885443
175	150	0.09080418570534148
175	100	0.09069409983562472
175	187	0.0875185183414921
175	158	0.0829122208846123
175	164	0.07997284978330718
175	94	0.07913915999662997
175	84	0.07565515970031579
165	166	0.490683352779399
165	164	0.4726444421564872
165	65	0.4509323616245022
165	66	0.4294319650675629
165	170	0.41177768682832333
165	195	0.3966186811283472
165	169	0.3928536324721553
165	37	0.3772333255831553
165	196	0.3521710195971361
165	171	0.3488290847215247
165	35	0.3460593479140385
165	36	0.3251005922471704
165	167	0.32270175821797475
165	180	0.31961657484503764
165	45	0.31616462940282075
165	64	0.2992266632521948
165	69	0.2637271877177786
165	50	0.2471452010161983
165	153	0.2379972182497349
165	93	0.22806751722763502
165	92	0.22017498357371376
165	80	0.20187841033164167
165	32	0.19603910474616665
165	168	0.18586425410526253
165	116	0.17160510247039554
165	162	0.1620877161550083
165	76	0.1594769984287899
165	40	0.15702986062145613
165	115	0.15622997767346405
165	38	0.1449420211510194
165	178	0.13972981480340682
165	39	0.12037349739736868
165	189	0.11375547772147712
165	47	0.11369625373584773
165	191	0.11331127815182042
165	57	0.10477406538335207
165	15	0.09116814749807267
165	72	0.0817213455174825
165	82	0.07744560541796329
166	167	0.5435003016047438
166	196	0.5098077711937412
166	35	0.4873050343372284
166	139	0.3868327109565407
166	92	0.3778078359539094
166	32	0.3486797617621298
166	69	0.34188900369414416
166	36	0.3171723168732895
166	37	0.30737144044538245
166	169	0.3010010293125949
166	195	0.2999821600702493
166	66	0.2786520031456179
166	181	0.2743297858087185
166	163	0.273608331908798
166	93	0.268558847566548
166	58	0.2558849114325554
166	38	0.2556138796832928
166	170	0.23653447596946384
166	65	0.2171660875345458
166	115	0.2147254684562466
166	116	0.19402860540918795
166	171	0.19390349637714094
166	79	0.16876967880407628
166	41	0.15528351011144606
166	15	0.13883746880748593
166	187	0.13778793844563006
166	153	0.13037370695019845
166	76	0.12421516428649301
166	57	0.11205740448295964
166	59	0.0964660897233682
166	64	0.09193665153120112
166	56	0.08986094591196639
166	151	0.08356864081148953
167	65	0.5849140991790714
167	169	0.5683688482643274
167	35	0.5348043061505281
167	37	0.5052717113695561
167	76	0.4107889802409352
167	75	0.37677865636246816
167	187	0.3725148553353281
167	92	0.36796727359799386
167	64	0.33783803626110204
167	170	0.31259602200620945
167	160	0.30942554045403153
167	69	0.2770186343326814
167	116	0.21115505808256466
167	196	0.1991910119762861
167	84	0.19803834948065585
167	115	0.1910917001470947
167	180	0.18341084676277464
167	66	0.17281803126870612
167	172	0.16250638980468293
167	158	0.16110409061352565
167	68	0.146547184725894
167	153	0.13982786099096794
167	91	0.13308581160556568
167	185	0.1245991281975662
167	58	0.11950615675042095
167	73	0.1191118506112466
167	15	0.10429931079396132
167	57	0.10006400533233699
167	32	0.09946106646274162
167	128	0.09313827280386136
167	163	0.08235703802079497
167	77	0.07443407557736992
167	126	0.07288253974935187
167	139	0.07106500453179737
92	163	0.4583496436540763
92	93	0.4631310698482586
92	196	0.4243536850861247
92	170	0.3901864927639392
92	37	0.3697383652996313
92	94	0.3686328269579116
92	66	0.362368726794083
92	58	0.30535981047434224
92	65	0.28996678576436097
92	64	0.28365276456476346
92	180	0.2691247592368888
92	188	0.2628337317371203
92	56	0.2451818485059243
92	91	0.21864248966441768
92	161	0.21454422139903206
92	76	0.1918720012074366
92	162	0.19151559742164814
92	84	0.19053281756898907
92	169	0.17911673764938352
92	73	0.1684684928494866
92	86	0.16774940574301975
92	187	0.14664503568385448
92	117	0.1172778354010516
92	35	0.11629147414220165
92	160	0.07772988373657147
195	38	0.6126733022450229
195	164	0.5295862764865329
195	181	0.516012598461546
195	79	0.4883642381859829
195	32	0.4741341743118409
195	47	0.4728618634019447
195	139	0.4715098134420873
195	41	0.4711208825342143
195	171	0.4693528323308092
195	45	0.4319406506377901
195	168	0.4207969011936485
195	40	0.3917198438259338
195	153	0.390864484585392
195	50	0.37934985586192543
195	178	0.34244524431461243
195	36	0.33290340603731805
195	72	0.3240986010709495
195	116	0.3078693937527074
195	143	0.2826961599588476
195	15	0.2562960551969337
195	59	0.253968136676665
195	196	0.2528732766294603
195	151	0.2444768045942705
195	39	0.24006209124788944
195	191	0.23434307800491744
195	66	0.2287594311100162
195	93	0.2053866396170984
195	46	0.20061187001839334
195	89	0.19637563067643404
195	69	0.18804526137555566
195	100	0.17717052602567096
195	115	0.17683149130443118
195	43	0.16994497354458798
195	161	0.16134759216917546
195	163	0.15148503423838616
195	54	0.14988227174586602
195	130	0.1455489414554471
195	129	0.13685585295758354
195	159	0.13132709869852313
195	192	0.10142010103682103
195	16	0.08409491608235944
195	152	0.07441518081885089
195	144	0.07372896665027863
195	58	0.0722807269645665
38	79	0.7146481015678191
38	36	0.6525115115068658
38	41	0.5411709277163956
38	32	0.6213186523530152
38	181	0.5603957967803286
38	45	0.42824862618805415
38	50	0.42822412777989416
38	93	0.36727539000473136
38	164	0.3656218742959307
38	46	0.3395908750760445
38	139	0.3307231526163454
38	115	0.29324236241856866
38	151	0.2733307675897388
38	59	0.27162737869271586
38	191	0.2641272349539865
38	58	0.2624054575099157
38	168	0.25938599641104065
38	40	0.25480989421475403
38	47	0.25275158546595256
38	143	0.25238646400524595
38	72	0.2417011290891721
38	56	0.23910063856061906
38	116	0.23638342202336984
38	54	0.2348628067923325
38	15	0.23173296647843505
38	161	0.2277925833411307
38	163	0.22597141683555985
38	178	0.2127882239509813
38	39	0.20553030763913704
38	117	0.19177568084612434
38	171	0.1815354425198374
38	159	0.17101300403332484
38	196	0.166602384267519
38	89	0.1658925602037328
38	129	0.16557162435860126
38	153	0.13574684628760522
38	130	0.13392066190552251
38	66	0.12895791824824482
38	128	0.1271677669335056
38	69	0.11736659659577622
38	43	0.10548610767030488
38	87	0.07668614296537196
139	181	0.5217417545829164
139	130	0.4512828224691712
139	40	0.44762004304690384
139	100	0.3959274477054234
139	153	0.38253002191619134
139	20	0.3797093579109057
139	32	0.37372855512251824
139	47	0.35495349643346896
139	43	0.3381303392648517
139	143	0.3259767362412769
139	116	0.3221462117214927
139	144	0.31870047435583665
139	171	0.3137685137197204
139	15	0.3079870671791292
139	152	0.2760304528794317
139	35	0.2662654768659675
139	46	0.2546883308393019
139	124	0.2361568196814415
139	164	0.2259619274449291
139	41	0.21525958423997696
139	69	0.20755986573130789
139	59	0.1925557693893608
139	150	0.17854560621449278
139	163	0.17147892793677635
139	77	0.16926510968384348
139	39	0.1606559965207129
139	45	0.13153347117456768
139	168	0.13151381714394786
139	16	0.13093397679120686
139	161	0.12524882821265973
139	178	0.12164460749725528
139	115	0.1200088423911177
139	129	0.1174652179461626
139	56	0.10914349242833724
139	79	0.10751285555022384
139	58	0.10674180707745114
139	151	0.1019842053241359
139	117	0.08866951596462659
139	50	0.08548683618071437
181	79	0.5181811236835067
181	32	0.4635472877391001
181	41	0.4241650841732576
181	36	0.3643390265028493
181	46	0.3538342582698497
181	130	0.3450554753759113
181	40	0.3395377933122893
181	129	0.3138766955642901
181	100	0.31347998897763985
181	143	0.3040625847039041
181	59	0.29984565232324395
181	171	0.2941743724196577
181	151	0.2792975242699548
181	163	0.2783937241436584
181	164	0.2723219009993961
181	115	0.2688279106859779
181	39	0.2590221992546712
181	161	0.2525175415230729
181	45	0.23964740458777786
181	50	0.2378934462277821
181	58	0.2364211865813848
181	116	0.2145060622404968
181	72	0.21011341799205707
181	15	0.2079138985202338
181	191	0.2001511433474507
181	159	0.19240169707976568
181	127	0.17836165689783604
181	47	0.1765117915543363
181	54	0.17409831525203973
181	117	0.1628276578165263
181	56	0.15048828724187022
181	43	0.13866093404935154
181	196	0.12823999079621462
181	16	0.12078739074075248
181	144	0.11692277189824538
181	168	0.11135626418947056
181	78	0.10668249032643036
181	69	0.10075694771852876
181	162	0.08714637845465661
181	152	0.08679604854754519
181	128	0.07801713115670203
181	192	0.07360762874663804
168	89	0.6502028258444829
168	153	0.5986689474541057
168	178	0.5497200219994075
168	50	0.5368787663234709
168	47	0.5317414610797029
168	192	0.5295071226544527
168	82	0.526687576681911
168	191	0.487045729891504
168	180	0.4124667156603428
168	164	0.4115866677390651
168	72	0.38666262570915416
168	87	0.3676213826716005
168	159	0.3644951225375037
168	189	0.35714529919917154
168	40	0.28851897122070824
168	148	0.2871340661475867
168	66	0.2547070334211156
168	16	0.2493972670817392
168	171	0.2482997201503483
168	45	0.246872894924692
168	46	0.2400432437535537
168	91	0.23610016508135614
168	100	0.2324804063573141
168	41	0.2117091300173204
168	170	0.2108588605056834
168	59	0.1922668760269001
168	143	0.18569046648674808
168	151	0.18196090825661992
168	193	0.17402073898960338
168	79	0.1728956409097984
168	93	0.16954678715284516
168	161	0.1684296278529296
168	80	0.161211233716281
168	144	0.15194421608543032
168	117	0.15104533076626234
168	158	0.13367513737635706
168	147	0.12421516428649301
168	77	0.1217431265574423
168	116	0.1184611633904684
168	184	0.11836256552751848
168	172	0.1181259211369615
168	152	0.09128020712884097
168	130	0.08943043369465667
168	39	0.0794342929380764
168	15	0.07703506941069907
168	115	0.07552391391921555
168	32	0.07531610274911522
168	94	0.07307053321513159
89	87	0.6941703024961033
89	192	0.6508661512896295
89	72	0.5824879059619994
89	82	0.5602448677339537
89	191	0.6768999303988378
89	178	0.5765771198984679
89	91	0.5466702893553357
89	47	0.4906757604436721
89	50	0.4660637823425812
89	93	0.3561066460488838
89	153	0.35005812927897906
89	180	0.3262090887267816
89	193	0.31918554303334296
89	148	0.314165140637259
89	189	0.3032546503868356
89	16	0.298489009268431
89	147	0.2671014687303009
89	79	0.2400243960782485
89	66	0.2374499955253737
89	159	0.2227615706464188
89	46	0.2097788450782754
89	164	0.2040069770134739
89	172	0.19855711559156908
89	161	0.1936147591594284
89	59	0.1871093911524099
89	117	0.1867233662511472
89	80	0.17842942914992171
89	77	0.17504844882064374
89	184	0.17140127927355134
89	54	0.16564943021081652
89	163	0.1499506984991604
89	188	0.1445601927805207
89	185	0.13711097419761062
89	151	0.12755144094560678
89	64	0.12538662957777952
89	45	0.1243530017715962
89	58	0.12142785713043655
89	171	0.12086622281132972
89	186	0.11796815075374345
89	86	0.11784981905733795
89	115	0.11236350121283993
89	116	0.10145968943472176
89	196	0.09668998174874957
89	152	0.07974729750661358
153	47	0.6420066708284634
153	171	0.4125579973513341
153	100	0.3707566069557311
153	164	0.3585317018508816
153	152	0.35320424092635294
153	169	0.3434599851929581
153	40	0.32332872099284804
153	178	0.3177568074101482
153	82	0.2888123063052586
153	66	0.2737840990806589
153	20	0.2628337317371203
153	180	0.26230302878241896
153	77	0.2611013785592901
153	170	0.2609988747479633
153	116	0.25624933898170904
153	65	0.2532663780008226
153	45	0.2522366497851054
153	69	0.2450032618750742
153	192	0.2415787197702749
153	43	0.2301899162702172
153	144	0.21699456983151255
153	72	0.21582217407773532
153	143	0.2135614146650384
153	50	0.2076172801503515
153	130	0.1998631442071385
153	191	0.19862435491192945
153	15	0.18501451539932331
153	117	0.1804908296472241
153	35	0.1715565744696131
153	46	0.1685753688888394
153	124	0.16237982021398278
153	32	0.13334119768621722
153	16	0.1321721707927464
153	159	0.13212304394226382
153	150	0.11196853370449394
153	148	0.09569725355261473
153	151	0.0903201880519127
153	68	0.08602683546332318
153	59	0.08142135499313316
153	39	0.07418147807675753
15	116	0.7453854798775177
15	115	0.7157569620793197
15	43	0.6742798951566749
15	152	0.6014079413000515
15	46	0.5757554402314391
15	16	0.4569820065624416
15	77	0.4566100780069701
15	25	0.4365171828419285
15	126	0.4343777670804393
15	129	0.4247881470251918
15	117	0.4142907741766327
15	69	0.3944760854613396
15	143	0.3858884057708922
15	150	0.37140333165517786
15	187	0.36183001871069104
15	20	0.3512596715414442
15	59	0.330482663154615
15	45	0.3194639328610694
15	39	0.298607422233393
15	171	0.2747458688417249
15	130	0.2736360858353998
15	124	0.2717570443603646
15	50	0.2567911734312514
15	128	0.2559877060590766
15	148	0.2387800500101996
15	144	0.22974477222003856
15	78	0.20043910790382624
15	40	0.1798329013175313
15	127	0.1695856370448281
15	32	0.16501719805299694
15	41	0.16177610717996174
15	47	0.16034423981571708
15	164	0.1522177400688293
15	58	0.13867074176720542
15	178	0.1238803961594714
15	56	0.11961458433526445
15	76	0.11469308282130798
15	151	0.11168216012995806
15	35	0.10165762660183787
15	75	0.09582804304842477
15	66	0.08995319416674269
116	115	0.7384400601011525
116	43	0.7069249409345971
116	152	0.5841702085078385
116	77	0.5777574931658099
116	59	0.5077325454095408
116	46	0.4434442373236694
116	187	0.4277993887086265
116	171	0.409591269103634
116	69	0.4043932482833048
116	45	0.3020919128169249
116	129	0.2945123163531779
116	32	0.2819967468355709
116	126	0.2729328460203144
116	16	0.25942330478012465
116	151	0.2565483020650017
116	117	0.24169171326077235
116	148	0.24009978569360285
116	25	0.2321587569728429
116	65	0.22439559188612535
116	47	0.22157326877703346
116	75	0.2146396164297752
116	35	0.20736847400838415
116	54	0.19947909163500446
116	79	0.1929216530643613
116	76	0.18954001492095468
116	64	0.18544907552311288
116	143	0.17866177830087346
116	128	0.166923207020461
116	178	0.15744922917648865
116	50	0.15491265117378603
116	164	0.1520614435020481
116	36	0.15010709711157594
116	40	0.14027883810981642
116	20	0.1397494242601808
116	150	0.13709135013218465
116	169	0.1145549222342163
116	130	0.11404171558120045
116	124	0.08303338097720421
116	56	0.0814134080234533
116	39	0.0747363844362162
116	72	0.07459716495426147
116	58	0.07294023141726687
116	66	0.07246674746590011
116	100	0.0715962874943734
115	46	0.6343010363642176
115	187	0.5128431886715523
115	43	0.4980278066510943
115	152	0.4838431377794255
115	117	0.479550213872906
115	59	0.4710741985077987
115	77	0.4660716101516061
115	16	0.4020065756683699
115	128	0.35430656069242644
115	25	0.3538954928453045
115	126	0.3519695288982967
115	129	0.31232531150931564
115	58	0.30260980565507145
115	151	0.2834964350393518
115	69	0.27508790449794485
115	45	0.2431882572270457
115	56	0.24268012643322195
115	76	0.23938346753015
115	150	0.2261422185317601
115	54	0.2254304531723199
115	50	0.20979796485477756
115	148	0.20932948417315575
115	79	0.209262550510788
115	171	0.20433280399291864
115	32	0.2022620773725193
115	41	0.17908769997752946
115	75	0.1710227115622479
115	36	0.15501024986858405
115	186	0.15321395140428487
115	159	0.13015744015743885
115	78	0.12533741535962412
115	20	0.1108426826098264
115	64	0.1057135428649565
115	143	0.10485318651161377
115	66	0.0988946928146748
115	164	0.09876794307141692
115	57	0.0943891775886248
115	163	0.09256029885775496
115	35	0.09141705557762024
115	47	0.08700247783853983
115	130	0.08495274337183993
115	161	0.07905866678436088
115	65	0.07260501612354743
43	77	0.6964431072901361
43	152	0.5620809234252253
43	148	0.5212102688042373
43	46	0.4548035639283278
43	59	0.4131552728795034
43	16	0.4067076609289587
43	130	0.3861437032498196
43	20	0.34807350452712044
43	45	0.33610946204529024
43	25	0.3241254496127977
43	129	0.305532084000609
43	117	0.2932606424896941
43	187	0.2873083919003961
43	75	0.2752173052438501
43	150	0.26807628462423344
43	47	0.25552975820927826
43	143	0.24890016688962555
43	147	0.2392420581202283
43	78	0.2386385973316912
43	126	0.2345226358390513
43	124	0.2302277964255097
43	171	0.22069825779154406
43	128	0.210046507343438
43	69	0.1907930024340185
43	178	0.1697021835579199
43	100	0.14168041624168634
43	151	0.13734645458360367
43	186	0.1337340647611176
43	159	0.12153623376271218
43	164	0.11761314562698548
43	32	0.10871859480319043
43	54	0.10110338230051108
43	79	0.09217065169564044
43	50	0.08610127993663542
43	56	0.08496962065899788
43	76	0.08117002706881353
35	37	0.7303933531062811
35	69	0.5539207827928271
35	32	0.4267530721003736
35	40	0.3842701499697515
35	169	0.38112912423702827
35	65	0.3625077089597853
35	20	0.2878129117638579
35	57	0.2876019501451588
35	171	0.2847650270134742
35	36	0.2526954176160665
35	152	0.2453698164583847
35	144	0.22914793898985986
35	100	0.21870914232651145
35	124	0.21708985909913595
35	126	0.20098614511891372
35	66	0.1948560906214391
35	75	0.1897810221414916
35	127	0.16739951497903244
35	64	0.16317809263500044
35	25	0.1239690139994812
35	150	0.10961774964118086
35	187	0.10924230011939227
35	54	0.10000460574409242
35	164	0.07975922117962493
69	152	0.4932679918443455
69	32	0.4871601395007884
69	45	0.4782323804703719
69	171	0.4298152141350927
69	40	0.4148787389697254
69	150	0.4034392375348592
69	57	0.3794611425524333
69	37	0.3782363855830387
69	127	0.3457952476253331
69	20	0.31674053834503946
69	64	0.31092583314198763
69	36	0.3097781576593506
69	144	0.3075796959624443
69	65	0.30463422906949505
69	126	0.3036087427712572
69	41	0.3032818912375105
69	25	0.3031002762049325
69	129	0.2833308932348099
69	56	0.2649177585678005
69	39	0.2602625382025377
69	59	0.25134687900273706
69	54	0.2504848011331201
69	164	0.21049572678101652
69	187	0.20865049474455916
69	143	0.2039782254029168
69	151	0.18561322381540216
69	124	0.1848696459356031
69	46	0.18028766310688735
69	169	0.17638583899850388
69	159	0.15087920499976493
69	130	0.14522591683506708
69	75	0.14251325340460844
69	163	0.13896496064612712
69	47	0.13882766155229753
69	100	0.13037370695019845
69	50	0.12601651698852362
69	77	0.12244254279794853
69	161	0.12139829936450595
69	72	0.11725811043660175
69	58	0.11159328179828708
46	59	0.5736726648868834
46	152	0.5993550148898501
46	16	0.574818777897322
46	151	0.43758504454572794
46	117	0.4305893937233494
46	50	0.4288200769685266
46	45	0.4234103125874121
46	129	0.392041487047022
46	143	0.3873088096253618
46	47	0.36982469146165664
46	164	0.36516263540593613
46	150	0.3634627747110475
46	161	0.3613693185154863
46	171	0.3568748106177507
46	41	0.3278255261658435
46	130	0.3190328542495348
46	77	0.3033000515292433
46	148	0.27850442007720355
46	20	0.264108630119633
46	25	0.25457611134762503
46	124	0.2496973394445991
46	72	0.2391572076020879
46	126	0.21092574721618448
46	56	0.2097692851298594
46	159	0.2097310449351344
46	192	0.20670805077900156
46	79	0.19904695923215251
46	127	0.1940863459109371
46	39	0.19306606606958573
46	128	0.1927194608162948
46	58	0.19219946277832992
46	100	0.16870167182507514
46	187	0.14755491189988873
46	178	0.12225538695968614
46	147	0.1035771971343336
46	32	0.10187534818898193
46	144	0.08699950054605621
46	54	0.07756587855386897
46	191	0.07423518070543209
46	40	0.07168284099055462
152	59	0.5160272729300643
152	150	0.4769819168442819
152	16	0.4717275346710743
152	124	0.4626360544261765
152	20	0.4612831144244082
152	129	0.457741194019463
152	45	0.4355291247869861
152	77	0.4189435571600786
152	171	0.4183497480134191
152	25	0.4171775759112131
152	143	0.3790844356144907
152	148	0.3619777530583504
152	187	0.3550933297732417
152	151	0.3338544844886973
152	144	0.3330812292598055
152	126	0.3253778002784624
152	47	0.3147058188136814
152	130	0.3112871182400849
152	75	0.3099499146717123
152	117	0.27781244920323983
152	100	0.2771294219304701
152	127	0.2750232003869623
152	40	0.21888052551369927
152	50	0.21583170826504988
152	32	0.21380954267766236
152	164	0.1860283761793667
152	39	0.16836161284890644
152	186	0.16071444733626122
152	159	0.1145055780931371
152	128	0.11395288516586707
152	54	0.09744777359998344
152	161	0.08735974163807113
152	72	0.0710361509291527
150	20	0.6570529755199132
150	124	0.5097485610960916
150	144	0.4188775960458274
150	130	0.4153836152705038
150	25	0.3586885536300255
150	127	0.29125770327420303
150	126	0.27305315774682704
150	56	0.2715162288422309
150	143	0.264852670060206
150	129	0.2514030876397826
150	40	0.24816834696956094
150	100	0.2462811990991033
150	148	0.2420024115569314
150	86	0.21993708973995008
150	41	0.20387279982065265
150	77	0.20299087364180105
150	78	0.2025018377569302
150	117	0.1984706622904036
150	16	0.19200684350333244
150	45	0.1851014332184117
150	128	0.1821639474429963
150	187	0.17739329738306628
150	75	0.16673849520231074
150	58	0.16368420355779487
150	57	0.16258427612581658
150	180	0.16086056944253793
150	50	0.15318465550508462
150	39	0.15015597013769566
150	159	0.09626002117853064
150	32	0.0914706040310104
150	73	0.08567048129441529
150	161	0.08204515972789543
150	59	0.0792663570426025
150	94	0.07178332128134003
32	36	0.668817227024772
32	79	0.5546689604240067
32	40	0.4874270302328747
32	45	0.4045103469070989
32	171	0.390457740327074
32	54	0.3481613859514527
32	100	0.32894964957509537
32	41	0.3207563750337292
32	159	0.3085300531542464
32	164	0.28054174478414795
32	59	0.231960065803478
32	129	0.2310704492351129
32	151	0.2290342369172073
32	57	0.2046490045348133
32	58	0.18609595284030192
32	56	0.17901026466062026
32	93	0.16356741636662855
32	72	0.15429770993555192
32	143	0.13700304050628467
32	178	0.13461786182802588
32	68	0.12450067946550653
32	37	0.12145741468101975
32	50	0.11408119518057085
32	130	0.11204753004051393
32	25	0.10773030742026
32	169	0.10547621893306308
32	161	0.10529821809740844
32	127	0.0979766751265813
32	163	0.0945190088620139
32	47	0.09044912603151696
32	128	0.08626703950877396
32	144	0.07876550378610182
32	64	0.07757482439943404
32	126	0.07325653222180965
32	196	0.0719355312231359
100	40	0.5715151112334267
100	144	0.4528979185971022
100	171	0.4254599479934068
100	172	0.3973599925883397
100	164	0.3609693224332036
100	130	0.35141745255952744
100	124	0.3330101028131093
100	20	0.329983733392455
100	143	0.3066468441857273
100	47	0.27011697503074433
100	159	0.26376440524396616
100	45	0.2506160125619735
100	25	0.22505074650927984
100	148	0.21798537576573648
100	129	0.215192826802376
100	127	0.2101994430767147
100	192	0.20522380515737787
100	50	0.15730294426168395
100	39	0.1516902086881142
100	75	0.1484547588354598
100	68	0.130167270735051
100	57	0.1261542913342079
100	169	0.11398249550683155
100	161	0.0977043076378294
100	178	0.09163422102633027
100	16	0.08961791893881574
100	117	0.07429087186558121
37	65	0.5733841068637611
37	169	0.4883794680446437
37	64	0.4020065756683699
37	36	0.3235973324913004
37	57	0.2972405606149217
37	66	0.2644341863335912
37	84	0.2477178553548843
37	170	0.2414657197283501
37	76	0.2326885053399361
37	86	0.22523111570527135
37	160	0.223160691739947
37	75	0.2108110830749612
37	94	0.2104861698454099
37	40	0.18627936632922226
37	126	0.1633435614379705
37	162	0.16300288036673294
37	144	0.15670798121784849
37	127	0.15625924530210314
37	73	0.15607387902177772
37	180	0.14597959267057328
37	187	0.13766040427897894
37	91	0.1282596618358549
37	158	0.1281514698693521
37	124	0.124963367160101
37	39	0.12312214067239105
37	20	0.12036364228329482
37	68	0.11222526661708647
37	80	0.09627389143595416
37	185	0.08546301152381812
37	184	0.07835505271129657
171	164	0.5876311088526371
171	45	0.5288159341983677
171	47	0.4745216808068874
171	143	0.41122113914353403
171	59	0.4085837659306285
171	72	0.36467720869141457
171	159	0.35971630233117674
171	40	0.35602805660523834
171	129	0.31915859915767464
171	144	0.31448056103398964
171	50	0.3070454161765335
171	178	0.30408981083388004
171	151	0.29085497735137555
171	169	0.2776647914022209
171	54	0.2723959666482411
171	127	0.2675285983506625
171	39	0.26356900447239673
171	161	0.2322249830582964
171	66	0.21580310557964627
171	65	0.19296016401658808
171	79	0.17930063565563634
171	192	0.1709159269182584
171	36	0.16554244663256365
171	130	0.15470768407407334
171	148	0.1394552709071512
171	41	0.13749362194327466
171	64	0.1282104840475623
171	16	0.08830638179163286
171	20	0.07208773781448194
45	164	0.6442876116088978
45	50	0.5336609538079821
45	41	0.483214854077044
45	47	0.4392006671046062
45	59	0.3981681049078811
45	143	0.3755767701828629
45	159	0.3664965348570197
45	148	0.3658817419776531
45	54	0.35622888628173643
45	129	0.34927694732419184
45	56	0.33474272883144546
45	161	0.3194010754598329
45	36	0.3163176279655916
45	127	0.31539938999868083
45	79	0.287143241661521
45	40	0.2834412563145605
45	39	0.27885490837700705
45	16	0.2497160923757189
45	77	0.235750759590806
45	25	0.2292332114410141
45	178	0.2266165947024877
45	162	0.21579357126887505
45	72	0.2151451416869764
45	151	0.20366193447239014
45	144	0.20076542586868
45	130	0.19998794807782164
45	57	0.1952023975110975
45	58	0.18591252638057004
45	126	0.17607577733667545
45	82	0.16887654366724175
45	64	0.14608724683689248
45	124	0.1443643666512665
45	163	0.13514803737298925
45	192	0.13211321849426988
45	147	0.11563048362350345
45	128	0.10689009563004404
45	20	0.10505098352290276
45	117	0.1033100862945014
45	66	0.10138051231771424
45	93	0.10124194927311546
45	186	0.09518991761675152
45	78	0.08937488129344091
45	75	0.08035438211568485
45	65	0.07933293571750477
87	191	0.7338547094859337
87	91	0.6479284873417676
87	193	0.6440184808671606
87	82	0.517053732900598
87	192	0.4575040195574326
87	80	0.41994891609215207
87	189	0.4074001357822259
87	178	0.4000932944921104
87	72	0.3583661141193026
87	185	0.3273702595723887
87	93	0.3184309195894601
87	79	0.2982339347495768
87	188	0.2900125810635247
87	147	0.2795740989555511
87	84	0.2637364921729445
87	76	0.2325466219798837
87	50	0.2324709468067163
87	180	0.2299531494992071
87	94	0.22241940739995267
87	158	0.22214373604033766
87	86	0.21496392889369545
87	184	0.20718663716616129
87	172	0.17582382650475348
87	128	0.17428255021313244
87	186	0.16047089483912969
87	54	0.15685429416878344
87	64	0.15115281936379313
87	47	0.13736607724872724
87	68	0.1239197821101824
87	148	0.11643944300392063
87	77	0.10510043147767677
87	16	0.09605889824750402
87	170	0.09018331211435347
87	58	0.0896585895031285
87	159	0.08637324223383132
87	65	0.08157234544887408
87	196	0.08070707986639368
87	66	0.07180520788417775
191	192	0.5367791122671836
191	72	0.4963113728762746
191	193	0.4810580566139521
191	178	0.4750638810404027
191	91	0.4659385274752426
191	93	0.4106476574628126
191	185	0.40960791366712784
191	79	0.40160407048831503
191	196	0.3722392280302337
191	82	0.3374836422043841
191	189	0.2774617405038826
191	180	0.24717336838483545
191	147	0.23853485893076615
191	80	0.2326790467573325
191	47	0.20822961154476666
191	50	0.20798087157215656
191	158	0.20283746150767315
191	172	0.180713327710658
191	170	0.17958129792591612
191	163	0.1661551179449178
191	188	0.15162181865639782
191	164	0.12625269860190774
191	184	0.11853018050474012
191	54	0.1142884571631285
191	36	0.1059014157720632
191	76	0.09390153836614994
191	66	0.09213694043459617
191	159	0.08802955062515448
191	186	0.08088789172734936
191	58	0.07883606290706624
191	64	0.07701618213669315
191	16	0.07287259286074868
91	84	0.632426638455285
91	180	0.5512881475548422
91	80	0.5413971714176271
91	193	0.5251104999854762
91	94	0.5067893339835756
91	86	0.4830998702329011
91	189	0.4679169313233733
91	76	0.4550176891331242
91	82	0.4478279242859856
91	64	0.39445919755574427
91	65	0.35839226105003696
91	185	0.3442006809236967
91	188	0.3270666640296455
91	93	0.2827697649245549
91	184	0.26872585719757064
91	192	0.2552960671497245
91	170	0.2451818485059243
91	68	0.2122917140476651
91	158	0.20750244988221492
91	147	0.18683917978171968
91	169	0.18490827857846284
91	172	0.15467840197220253
91	128	0.15430747184265628
91	186	0.1426210176117992
91	66	0.1409453932809937
91	187	0.13370460118692026
91	196	0.13041302685298764
91	58	0.12768916077360404
91	163	0.11761314562698548
91	73	0.1121660218888603
91	117	0.09700896144382813
91	160	0.0934356620640848
91	50	0.08204714626475297
91	178	0.07934287277247418
91	78	0.07768515546721629
91	72	0.0746379366753212
193	189	0.6689829988135411
193	184	0.5882134779397996
193	188	0.5575493490531019
193	80	0.5517473941009438
193	185	0.4632174715035637
193	147	0.4465719054880545
193	84	0.4235252070950159
193	172	0.38447469185042493
193	180	0.38402294485751903
193	86	0.3706962276211192
193	160	0.3354883947234423
193	94	0.3256817705965929
193	158	0.3208460836907553
193	73	0.2939094460088645
193	192	0.2808918000545392
193	82	0.27714788581379995
193	186	0.22289461931578125
193	76	0.19875882794289326
193	170	0.19218983216615526
193	162	0.17794530452981897
193	78	0.1747091527326615
193	128	0.17219707695977854
193	178	0.1400141411919308
193	50	0.12560316480363629
193	159	0.08216137103705637
193	148	0.08040703967956199
193	68	0.07552689680695497
129	127	0.6466967973356559
129	143	0.577244293823666
129	126	0.4779700979449079
129	130	0.451139468939436
129	25	0.4426968070927813
129	144	0.3985971634453144
129	128	0.3619516836120727
129	16	0.3259141730720694
129	39	0.3110793902953462
129	148	0.2691525861681319
129	50	0.2391760635884955
129	159	0.21604144997072133
129	57	0.21380954267766236
129	164	0.2082487442736616
129	75	0.19827853278730934
129	40	0.1942788045357189
129	78	0.18599941421444527
129	187	0.17888442754066242
129	151	0.16767165588883648
129	54	0.1666996070119965
129	59	0.15042964551592286
129	124	0.1451573924782575
129	117	0.12868256475342704
129	186	0.12599683454217106
129	36	0.12359483635089083
129	79	0.11781037441461127
129	172	0.11478189799899215
129	47	0.11397262541567453
129	20	0.08319525497449241
129	77	0.07779449068429395
25	128	0.5992204355041676
25	126	0.512120573699926
25	75	0.3975789172749448
25	130	0.33979433512966595
25	127	0.32215517391080384
25	16	0.31208162868304873
25	20	0.3083852765356036
25	57	0.2910563532065423
25	187	0.28996678576436097
25	77	0.27034871858139964
25	186	0.2693659110421063
25	124	0.2633828883880157
25	144	0.2476803095483081
25	78	0.2385725826156525
25	148	0.22094557958680588
25	117	0.21226306589837632
25	68	0.2060187126212063
25	172	0.20540579586497246
25	143	0.1779743544387893
25	76	0.15050783424854375
25	50	0.13895515374510214
25	86	0.13556034264875874
25	59	0.12923325185873352
25	159	0.12009754524181412
25	40	0.11305460885178385
25	39	0.10633646082401854
25	56	0.09951948246215613
25	54	0.0781622408485768
25	184	0.07393384372780548
126	128	0.5350541538973911
126	127	0.3438921097007098
126	57	0.2933337606297696
126	16	0.28379068986166844
126	162	0.2699501002913565
126	124	0.2698481132995452
126	117	0.2642946696165244
126	187	0.2377896687746167
126	130	0.1964429303140209
126	143	0.16784659012612088
126	75	0.1538291030011319
126	186	0.15296004466934746
126	56	0.13778793844563006
126	80	0.12325016794448285
126	50	0.1172778354010516
126	144	0.11710030739167253
126	76	0.11646903615622085
126	78	0.11514700776925373
126	41	0.11481150265051768
126	39	0.10391353767656114
126	86	0.09747946962693947
126	68	0.09632639992888442
126	148	0.08992641257428657
126	151	0.08552058761062963
126	54	0.08304529823082099
126	20	0.07914412867963061
126	64	0.07441319189379314
127	144	0.6195904031405777
127	143	0.6009673256702401
127	39	0.5266369928033009
127	130	0.4145475337706112
127	57	0.3670244817390701
127	40	0.30527820024696584
127	159	0.2555110640228889
127	36	0.17061496678060914
127	50	0.16866280997301653
127	41	0.164803181035466
127	75	0.16023706605610952
127	86	0.1487774702050037
127	164	0.14376702717520887
127	54	0.1399945332162202
127	47	0.13414652995336046
127	82	0.12791540408517715
127	20	0.10727562359684838
127	84	0.08969628390550301
127	124	0.08726645825441909
127	187	0.08400356599571783
127	184	0.08078059741836605
39	143	0.7183464568816693
39	144	0.5495385660151721
39	40	0.445891159747122
39	41	0.35003180522335475
39	130	0.30107377943103897
39	36	0.29017743314260097
39	50	0.2568378757462378
39	162	0.2534816123719606
39	164	0.23728957407633056
39	57	0.2166419635955914
39	20	0.18018123639726166
39	124	0.12976419608864667
39	159	0.10637600835806764
39	180	0.10132112863706128
39	54	0.08816747179760008
39	47	0.0852664543777254
39	66	0.0812971824096235
144	130	0.5394645124708196
144	143	0.6266191334864641
144	40	0.6238417075824171
144	20	0.5346329279119122
144	124	0.4259675839977583
144	164	0.19267131739195506
144	47	0.19032079529103085
144	86	0.18654963622471224
144	57	0.18043278363506254
144	159	0.17010034831139112
144	41	0.1605390915094013
144	180	0.14563703369676104
144	50	0.13513822000964165
144	184	0.1118006617926597
144	169	0.1079082149210086
144	75	0.10492241641002187
144	78	0.09790536578254412
144	82	0.0964532106814019
20	124	0.7235425136558679
20	130	0.5326589174349514
20	40	0.4296439943179477
20	148	0.2706267694929542
20	143	0.2667206777603938
20	77	0.2526766946209264
20	78	0.21515467879213754
20	117	0.20088058628295286
20	16	0.19865317119118145
20	180	0.1951927785320812
20	75	0.1582000495016972
20	56	0.1436495054232549
20	41	0.1262428579869231
20	47	0.1218219400785647
20	73	0.12014682377484287
20	58	0.1117611615915539
20	86	0.103587089841729
20	159	0.0749859777815781
20	169	0.07218423306516675
124	40	0.31900590745049817
124	143	0.3087833778410721
124	130	0.2997819445052373
124	148	0.2958633549717845
124	16	0.2448904617510474
124	162	0.2096928040987916
124	73	0.1961641054868315
124	117	0.17986193096473613
124	180	0.16786602661131494
124	86	0.1618540124508303
124	128	0.15578117304214545
124	169	0.14737882626634113
124	186	0.13313492568704285
124	56	0.1299116674050781
124	50	0.11297563064521092
124	75	0.10716688820071064
124	161	0.0987550698712742
124	94	0.09690098607303413
124	77	0.08645661496043093
124	68	0.08047559319396236
124	164	0.07730942567552808
124	78	0.07616321520244744
185	80	0.5068339225019606
185	184	0.4912146311031368
185	186	0.4735292972439517
185	84	0.46523362090699893
185	158	0.4525799076133257
185	76	0.42788925312456255
185	189	0.3880395590650579
185	196	0.3795809774792536
185	160	0.3773190918492871
185	172	0.3679153964475768
185	73	0.3551195467557641
185	75	0.3533792779120964
185	86	0.3466137800093138
185	57	0.34498499849307385
185	188	0.34476473316290035
185	94	0.3436011030749899
185	68	0.3012192691539893
185	187	0.2652617577084969
185	78	0.2647410841467029
185	147	0.2372801371173576
185	64	0.21710891645625174
185	93	0.20510885634432607
185	170	0.19373025807440286
185	162	0.1806456128656572
185	82	0.17539739571043253
185	128	0.1653187411083501
185	180	0.15140686910853302
185	163	0.12691196310811553
185	65	0.11768217675890325
185	36	0.10563443622436544
185	54	0.1051696577412152
185	169	0.09610546435357374
84	86	0.7007741069164664
84	94	0.6845038847213889
84	76	0.6307435601362273
84	80	0.6343847016413525
84	189	0.6002449481671172
84	180	0.5626347638273417
84	64	0.4812732309060841
84	82	0.4768737612674924
84	65	0.43599088930063057
84	68	0.4295542954148679
84	158	0.4238616054857268
84	188	0.40086574127470775
84	184	0.3982185914313072
84	73	0.3537642721835071
84	75	0.2998911562702371
84	78	0.2885373062509706
84	187	0.2882622585838977
84	169	0.2790854522851474
84	160	0.2770370994439001
84	186	0.2404013151859485
84	147	0.2151737528793413
84	57	0.20789476300444956
84	170	0.20693778460512946
84	128	0.1703042648572916
84	172	0.15716640544594018
84	162	0.09548520901771486
84	54	0.0942999786696346
84	93	0.08458440927513418
80	94	0.6535324517713121
80	189	0.6067110629430646
80	86	0.5542880559712944
80	76	0.5067744705415057
80	180	0.4729627894128064
80	78	0.4580731288447481
80	73	0.425902097636902
80	188	0.41284838397360096
80	68	0.4012098004371649
80	64	0.3929804749001458
80	184	0.3583138185712131
80	82	0.3496456555722779
80	170	0.32472493094155325
80	65	0.3025098753254785
80	162	0.2756978492545877
80	128	0.2744037636385043
80	57	0.2661632725763563
80	186	0.2507659572064089
80	50	0.2413150428193153
80	160	0.2388554872960225
80	147	0.2103332534052588
80	93	0.203556494710859
80	187	0.1511235046461159
80	172	0.15029281070601014
80	196	0.13223112215620794
80	66	0.13213286936429447
80	158	0.1244908344574416
80	36	0.1091039687478858
80	75	0.0722339723574305
143	130	0.5266225395815144
143	40	0.4249028779055783
143	164	0.30413518661327393
143	50	0.3029822146246795
143	41	0.2473705282665279
143	159	0.2467602051339762
143	47	0.2369781307927439
143	148	0.17124597555956164
143	178	0.16671905117198765
143	162	0.1414452258506358
143	16	0.13996512104678266
143	57	0.11261033788473812
143	151	0.09062169981205807
143	54	0.0750595612787638
143	36	0.07493029243002593
79	36	0.5183274061860016
79	93	0.4368489990646322
79	72	0.40646560161122747
79	54	0.3483547035439283
79	59	0.2928858581876233
79	41	0.2926847172980813
79	151	0.2913400663205077
79	163	0.2749215174648872
79	50	0.2563521130747471
79	196	0.2332181156667126
79	164	0.20543452994167025
79	178	0.1987684328730854
79	128	0.19541400554555774
79	58	0.18684883067489666
79	159	0.1768024292315567
79	161	0.170381943515395
79	117	0.16130863323957895
79	47	0.1563665575924395
79	66	0.1345982242145315
79	192	0.1345098536456397
79	82	0.1271677669335056
79	77	0.12062972202999707
79	16	0.11595605895347699
79	68	0.0951889266777776
79	56	0.08400555188218597
79	64	0.07412976402768831
36	93	0.43104545565888097
36	41	0.37830493848748603
36	54	0.35740700532176484
36	40	0.327245257824305
36	57	0.2942748499261299
36	151	0.2367138376804309
36	64	0.2337664948279917
36	56	0.21541216511337852
36	66	0.17625019132469194
36	159	0.16897369009764246
36	50	0.1682450119696544
36	58	0.16608704967996202
36	65	0.15419032696956306
36	59	0.152540077686183
36	196	0.15215912974803128
36	163	0.14866012427883227
36	164	0.12588857931448255
36	169	0.10843201349830464
36	170	0.10601018084251837
36	72	0.08807320949114397
41	161	0.4413128410488937
41	56	0.4129562204929169
41	50	0.4110632563465355
41	40	0.3998580890495068
41	58	0.36166488234279576
41	164	0.3514963355840993
41	93	0.34409489344779964
41	163	0.3183590296182984
41	130	0.2492096975277389
41	162	0.23053081254285315
41	78	0.2162511717396637
41	151	0.21602238336650254
41	59	0.2154884516065024
41	54	0.1857870165986483
41	72	0.1650658361178679
41	94	0.1608508281880964
41	47	0.15810255068515666
41	159	0.14966720689075014
41	57	0.13240797063248094
57	75	0.442777205487001
57	186	0.3652492978660285
57	187	0.3452668826770522
57	73	0.2917701142563561
57	78	0.2855642795256201
57	68	0.2675100296823307
57	76	0.2586489976074534
57	162	0.24001497217273626
57	56	0.23919491939450802
57	40	0.2275745064954657
57	64	0.2178615495485606
57	128	0.1871962387964913
57	54	0.1858352903093998
57	86	0.18541045089100192
57	172	0.18505314589857827
57	94	0.1512309906443775
57	160	0.11436741149295933
57	163	0.10931146421877466
57	65	0.09746659313983368
57	184	0.09343070571288407
57	158	0.09330382154613932
57	159	0.07822286788994856
57	147	0.07487261782326522
160	170	0.5329740043379023
160	158	0.5126884037125362
160	169	0.3928282621924552
160	73	0.34146504043509057
160	76	0.2616976475232977
160	65	0.23250878474520284
160	184	0.2284656328565697
160	68	0.22069825779154406
160	189	0.2104861698454099
160	172	0.2090521748082659
160	94	0.1934511265098604
160	78	0.18426110651599129
160	75	0.1840582286212761
160	188	0.16585366075928967
160	58	0.10109348450944353
160	196	0.10101430146063003
160	162	0.09401056731465188
160	86	0.07810558882838535
160	159	0.07228570084025142
170	66	0.5271498849097145
170	65	0.43218464719515853
170	169	0.4310943063843187
170	180	0.3576163298181871
170	196	0.3409790783232136
170	189	0.2810115386550638
170	64	0.27443150448736525
170	158	0.2661632725763563
170	94	0.25413651901077144
170	76	0.2535283991325519
170	73	0.2519744458051693
170	68	0.19073518589041505
170	58	0.14990182239334984
170	78	0.13978864284486564
170	188	0.12608540476936247
170	93	0.11918085690146428
170	82	0.10326061968771916
170	178	0.09809354104231656
170	40	0.08060276291420755
170	163	0.0805570615978397
158	189	0.4229423871940584
158	75	0.3748034611176984
158	82	0.3230421446197328
158	159	0.31951780839606336
158	169	0.3003097285341184
158	184	0.2990445596757739
158	172	0.2850866130563689
158	76	0.27693553880033395
158	68	0.2748013388097029
158	94	0.2654197887346271
158	54	0.236600558476118
158	180	0.1941055924460314
158	86	0.1857097767960438
158	65	0.17739329738306628
158	188	0.16994497354458798
158	73	0.12043262758350275
158	64	0.11586726814977663
158	186	0.11167228484797836
158	78	0.10831342285597736
158	178	0.10112317782260233
158	130	0.08775667505671737
158	93	0.07463495338711798
158	187	0.07108689339240502
164	50	0.5985791165568474
164	47	0.485258776275864
164	178	0.4002696639957216
164	72	0.3621254692251026
164	192	0.3561503046743231
164	40	0.3509352812385468
164	162	0.2864090341529582
164	159	0.2684938950154257
164	161	0.23432417624989424
164	148	0.2339744618388754
164	59	0.21952785116135431
164	66	0.19426918195956352
164	16	0.1598570559353723
164	130	0.15226658118504482
164	54	0.12832850967975454
164	180	0.09542971929686772
164	172	0.08685956604716333
164	147	0.07547221031701133
196	93	0.5295143188384187
196	163	0.3139938833664999
196	76	0.25279839070621085
196	66	0.19321047071067712
196	180	0.1916793567903607
196	188	0.18641450480372326
196	186	0.17259489159979666
196	58	0.1516902086881142
196	187	0.1480439895502146
196	169	0.12773834523345798
196	68	0.11460426581003733
196	78	0.10617826732475463
196	94	0.10186545196476617
196	65	0.0880394731244016
196	147	0.08411576753447975
196	117	0.0803166273598357
196	73	0.07138437610997314
196	192	0.07124608304501301
77	148	0.4644496987834006
77	187	0.4493535672569394
77	59	0.4123588266187663
77	75	0.4066909690156156
77	147	0.4000428977610251
77	16	0.3958684191676177
77	117	0.3769159341406203
77	76	0.37586018593553255
77	78	0.3185746885432684
77	186	0.2994815716415446
77	47	0.2653175349926889
77	68	0.2356846489893656
77	128	0.21091619209273896
77	188	0.16860451621177516
77	82	0.14643954535966971
77	65	0.11384431218396662
77	130	0.11348896342559107
77	58	0.10784891318810197
77	56	0.101538865266414
77	163	0.09711000054836724
77	192	0.08621145599242856
77	151	0.08518703546561268
86	94	0.6481836975849119
86	180	0.5808403572506361
86	189	0.5227381079717971
86	76	0.49170005167078396
86	184	0.4712531396097851
86	78	0.4639240633543469
86	68	0.4616923695225787
86	73	0.44746809922980174
86	188	0.42536166491609856
86	64	0.32231648344296165
86	82	0.28709736356494153
86	65	0.272729222111412
86	162	0.23086218523282065
86	75	0.21699456983151255
86	187	0.2107346370908912
86	172	0.20598998575496524
86	128	0.20387279982065265
86	186	0.17366192069301362
86	50	0.1705955489036899
86	147	0.1531748901455127
86	192	0.10039069030727016
86	169	0.0874857710101308
86	56	0.07961712925922522
94	180	0.540704052571261
94	189	0.5325801226259415
94	73	0.4683385937612766
94	76	0.46218793461211705
94	78	0.42127408405924777
94	64	0.39526107866499227
94	188	0.3870537824349334
94	68	0.35724126462456696
94	184	0.2953979276973266
94	82	0.2711827358415924
94	93	0.2667113891348189
94	65	0.2617349077068929
94	162	0.2598709447876756
94	147	0.2023004406642036
94	56	0.1639956136299161
94	163	0.1167353652147716
94	187	0.11592646222475653
94	50	0.09749630806083504
94	58	0.09351595430817572
94	128	0.08964866988086173
94	186	0.07397959212637545
94	66	0.07141422317417119
76	75	0.5833395786475526
76	78	0.5118180398616416
76	187	0.5471328824360033
76	65	0.4641986898132994
76	68	0.4450014087481445
76	73	0.4244766658495943
76	64	0.3974441997456324
76	188	0.3877592128268442
76	180	0.3643737162802279
76	189	0.32118692407899463
76	186	0.3202449258319928
76	128	0.3033545310824834
76	169	0.21784249873864986
76	82	0.21366639526587464
76	184	0.2103619260220014
76	147	0.17512599637775714
76	58	0.17375890316220424
76	54	0.12279712996920733
76	93	0.11286703328031795
76	172	0.0986560441500576
192	148	0.4778389247081711
192	178	0.4717042101470058
192	172	0.3953285780248342
192	47	0.39334400697643584
192	189	0.3898897381743828
192	147	0.38758927109124175
192	72	0.3794440222376798
192	50	0.3754822826497717
192	82	0.3508914382478615
192	180	0.3092627653394849
192	188	0.27627986222638823
192	159	0.2603837283449491
192	184	0.2412585359782195
192	16	0.17371041234878054
192	161	0.15491265117378603
192	59	0.11758356050816712
192	93	0.11005244158469356
192	186	0.09855602618831248
192	117	0.08586603212357873
192	68	0.07535488140709193
72	178	0.6375885874513815
72	50	0.40109232954222135
72	47	0.39100003210007217
72	161	0.3466929648387858
72	93	0.2992630813524447
72	66	0.2848293493527538
72	59	0.2494535342998886
72	82	0.22396820778032067
72	16	0.1770252305747438
72	54	0.16488100720214166
72	151	0.15410246546965867
72	64	0.11244249045811837
72	163	0.11160315725666096
72	148	0.10337933868540022
72	159	0.07278804372249767
82	189	0.4797657937663497
82	159	0.3871643014913597
82	64	0.3840570453887984
82	180	0.3464113963344924
82	54	0.34630579204775724
82	47	0.3134349017561548
82	178	0.30096465293942715
82	50	0.29244697194085834
82	68	0.2548005434717497
82	65	0.2488907863792085
82	184	0.20276075170593036
82	147	0.18350748103620407
82	93	0.17138186677497813
82	148	0.1683907623326876
82	66	0.16328516173283142
82	75	0.1363259277897013
82	187	0.12652822572632208
82	169	0.1136074162424737
82	59	0.08611716129986909
82	188	0.08388540455037652
82	172	0.08123857207324525
128	68	0.3900169286337006
128	75	0.31576855676182003
128	172	0.3148139299600902
128	78	0.31007645952678153
128	73	0.2634294192479105
128	186	0.2323195880167419
128	16	0.21671820757478585
128	187	0.2148017785830813
128	147	0.20401656080545527
128	117	0.20104372069869925
128	50	0.19265205976248068
128	189	0.18384567305266808
128	58	0.1745734226740154
128	148	0.1715565744696131
128	184	0.15029281070601014
128	54	0.1371992811599333
128	56	0.1311796828167016
128	130	0.1149792584888567
128	188	0.10448724018174377
128	180	0.089637758275826
128	66	0.08657770176359705
130	40	0.3678029880978935
130	47	0.2902598527250677
130	159	0.2667392548628945
130	148	0.2147445462337783
130	58	0.15990577783198812
130	117	0.14754512960997512
130	16	0.14376702717520887
130	54	0.13611000996433056
130	78	0.0948807355138757
130	75	0.09276948704587544
130	56	0.09007222189208357
130	161	0.07430976697536879
64	65	0.6812323827810032
64	187	0.3540354461963157
64	169	0.3352398860754802
64	54	0.293489125282573
64	180	0.2712383225325036
64	93	0.251927619771327
64	163	0.2405426411697943
64	68	0.23693093816532595
64	75	0.2331802909414553
64	66	0.2210882523149287
64	189	0.20349898012327228
64	56	0.1763083268620417
64	159	0.1311796828167016
64	162	0.10842213106260476
64	161	0.09797568472591314
64	58	0.0929618139836218
64	73	0.09153109331426736
64	186	0.0782119351875296
65	169	0.6640199982787055
65	180	0.3179366021038223
65	66	0.29324236241856866
65	187	0.2762983355130644
65	68	0.2654290842333122
65	189	0.2443733763931284
65	75	0.22355973802325446
65	54	0.1995078977053696
65	186	0.15449294235150762
65	159	0.10534766345130513
65	162	0.09477767074205876
169	180	0.33500908626673864
169	54	0.25825705276018474
169	66	0.2561559029601015
169	159	0.253771671162431
169	58	0.1473396948564136
169	189	0.14510844565647826
169	75	0.14443290708359371
169	172	0.137307208929958
169	68	0.11786954123925315
169	187	0.11732714740731642
169	162	0.116656454649647
169	40	0.07387019326436117
59	151	0.6674553876993201
59	16	0.3748894101325665
59	47	0.3562812712208465
59	148	0.31870047435583665
59	161	0.3109709986961073
59	187	0.244805857307025
59	50	0.2094346616792649
59	159	0.17773226238999834
59	117	0.16217535035787767
59	75	0.13239814593817945
59	54	0.13212304394226382
59	178	0.0884442961735305
59	56	0.07490046079943781
189	188	0.64839819355384
189	180	0.6467607889410043
189	184	0.5043253349612146
189	147	0.4834984096271262
189	172	0.4766033091429681
189	68	0.3069548410845283
189	159	0.2748568069485245
189	73	0.2561932779432638
189	148	0.2482621858876195
189	78	0.2360435088761089
189	186	0.2104479417006783
189	50	0.20072703783066986
189	162	0.1489143684896864
189	75	0.14267000022472764
189	187	0.1321426947603599
189	178	0.11390353414772555
189	93	0.0860685244867813
188	147	0.5736257000238387
188	184	0.5833197868531189
188	73	0.485258776275864
188	180	0.4524685765601739
188	172	0.3742102373634261
188	186	0.3553467372018581
188	187	0.3336856509564153
188	78	0.32564601287541434
188	148	0.32138421470619044
188	75	0.19015694773226804
188	68	0.17207092887491685
188	162	0.1504003242559555
188	16	0.10124194927311546
188	117	0.09623921572230153
188	93	0.07697443112434361
180	184	0.3429041828017857
180	50	0.2806338718322359
180	66	0.2432447079715813
180	78	0.2403824709511944
180	147	0.23491949636112736
180	73	0.2293374285475163
180	172	0.2197848239547773
180	162	0.18994489399077047
180	68	0.187061141197262
180	148	0.18120662697708115
180	159	0.13071774218133606
180	178	0.12823015523855422
180	93	0.12180223684226328
180	187	0.12034393198397705
180	40	0.11770189973058523
180	117	0.10077674463938233
184	73	0.4740721562168014
184	172	0.4475800603372309
184	147	0.4110881868490661
184	162	0.24837478643899094
184	75	0.23142066366274694
184	186	0.2277925833411307
184	78	0.17656023330614104
184	68	0.14740817452102006
184	187	0.13569776731484418
184	148	0.13062927898237187
184	159	0.10768088744505656
184	50	0.091001541301886
184	178	0.08092663643391447
151	161	0.3883792764376682
151	47	0.2886931454632401
151	16	0.2607192889886663
151	117	0.20840180036623854
151	159	0.1800748054688112
151	54	0.15214936125717562
151	93	0.1335572797714493
151	50	0.10721631369873427
151	186	0.09147258729690473
151	187	0.08976175251989582
151	163	0.08558213383041957
40	50	0.2033072546896248
40	47	0.18878792570915787
40	159	0.13802337413162674
40	78	0.12753176628282056
40	68	0.124874771589814
40	178	0.10952883020877087
40	54	0.08650227094049624
40	172	0.07716727877989149
117	16	0.600232153893481
117	47	0.2467038577357163
117	186	0.24082526253790226
117	58	0.21648946770943386
117	50	0.1816804953013827
117	148	0.17350674173658145
117	56	0.16377179094059344
117	147	0.12027494518927735
117	163	0.1126202110627376
117	187	0.10986473885467572
117	93	0.10486307655933616
117	54	0.07675473682955729
117	159	0.07287458223962916
147	148	0.5716430377313714
147	172	0.4879300621610685
147	186	0.4024089255410654
147	73	0.31584958057864204
147	75	0.3069457832694698
147	78	0.2902873249623737
147	187	0.2593486872677671
147	16	0.2040740627360805
147	159	0.1972311595104752
147	68	0.17919416991520862
147	50	0.15043941921043744
147	161	0.10675169312876448
147	162	0.10011350444438362
147	58	0.08602782806262138
50	178	0.4275624328900224
50	16	0.3984878121404367
50	47	0.3766842682880215
50	66	0.3444474843808203
50	161	0.2826409540496552
50	148	0.23927034081435636
50	162	0.1800748054688112
50	56	0.12139829936450595
50	159	0.11941744115141015
50	93	0.11731728505234075
50	78	0.09631451126044653
50	58	0.08997699991749306
47	178	0.39345388782107343
47	16	0.32803079268276564
47	148	0.2518901580948659
47	161	0.2493972670817392
47	159	0.214362959564722
47	66	0.15941852384412067
47	54	0.09319477804376246
47	163	0.07301184798106479
178	66	0.32378532951406136
178	159	0.2742743003053885
178	148	0.25984297055683164
178	161	0.2343525288159877
178	162	0.17318665793560165
178	54	0.16294447399191908
178	163	0.13310545731660672
178	16	0.12971503770706705
178	93	0.11696222487632275
178	58	0.11525554792235405
178	172	0.08314858010019091
75	187	0.5924612389166432
75	186	0.4241814857137437
75	68	0.35992522929374204
75	78	0.3392015585929766
75	172	0.33505347396879337
75	148	0.31489500795972303
75	73	0.2776371041036871
75	54	0.166184289573802
75	159	0.1093806272597051
78	68	0.6240676593814243
78	73	0.5300753863690602
78	187	0.2887848084434634
78	186	0.2735805775265701
78	148	0.24821526701089655
78	58	0.2369026220521493
78	16	0.1807036542662452
78	56	0.16613567003075738
78	172	0.13959254553797867
78	162	0.08311978052765913
68	172	0.3787761273562164
68	73	0.32985006016660456
68	186	0.32842339014402805
68	187	0.2069282128177891
68	56	0.15609339177975218
68	54	0.15463935874697907
68	58	0.11627174457045585
68	148	0.0966671967239918
68	159	0.08032656284424923
73	162	0.32118692407899463
73	187	0.2533973932143702
73	56	0.24015632600459064
73	161	0.2289205285943829
73	58	0.21833776580688408
73	66	0.1749902867274085
73	172	0.1705955489036899
73	163	0.12208792436539355
73	186	0.1191118506112466
73	148	0.10504109386960526
16	148	0.3792128725588617
16	186	0.21281686540328826
16	161	0.2028470500578657
16	187	0.1961641054868315
16	58	0.07322569851390258
56	58	0.6047548255280973
56	163	0.5961222049843516
56	162	0.3725751400510217
56	161	0.4833834668986111
56	54	0.3884217336900386
56	159	0.25005361309312546
56	93	0.2147636238474367
56	187	0.18038441099817293
56	186	0.1255145836564797
56	148	0.10663305912048647
58	54	0.43829626749740896
58	163	0.5476441494361032
58	161	0.3747089097596716
58	93	0.3497685342646905
58	159	0.2609895559277679
58	162	0.1991333919112664
58	66	0.191062795462536
58	187	0.1590481588465749
163	161	0.4905922398332471
163	93	0.4491220935017346
163	162	0.2185187007365748
163	54	0.20025673436944666
163	66	0.15849252743521713
163	186	0.1273645275983699
163	187	0.08083523827277474
162	161	0.3408907019832454
162	186	0.1834205103496631
162	54	0.16578558548963868
162	159	0.13706191383227806
54	159	0.5912657960673033
54	93	0.2401186326449556
54	187	0.2337759483381513
54	186	0.21536448471991532
54	148	0.1584340340719168
54	161	0.14051410742792453
161	93	0.30885574827922024
161	159	0.2872441688367172
161	148	0.17500967422754446
161	66	0.13133692621754806
187	186	0.4954215156217205
187	148	0.3074438804877558
187	159	0.11100071402977152
186	172	0.34846892274080904
186	148	0.3365263004679043
186	159	0.14951078718999192
159	148	0.3769159341406203
159	172	0.23919491939450802
148	172	0.3021918709472852
93	66	0.22701498762641645
