19	121	0.9412616191989006
19	119	0.8367094833104105
19	120	0.6546824591948922
19	17	0.6461321135341834
19	117	0.5819326398214137
19	16	0.5093191434705469
19	184	0.5085114479208802
19	151	0.4036903781658148
19	15	0.4011846292133232
19	14	0.3959949048851198
19	192	0.3896777210149545
19	115	0.3882349094459061
19	95	0.3712567722769507
19	159	0.3661502119890627
19	106	0.3529854099168539
19	161	0.3453109214557451
19	83	0.3124155539804931
19	136	0.2998911562702371
19	96	0.2946127719728836
19	179	0.2774802007010913
19	75	0.272729222111412
19	73	0.27220153743729103
19	190	0.26745432248522233
19	149	0.2633828883880157
19	58	0.2576316314282751
19	5	0.2564361966580407
19	191	0.2548472967102255
19	186	0.2544264746933101
19	0	0.2534161089147398
19	59	0.2529575196715166
19	109	0.2524239156700457
19	152	0.2504848011331201
19	20	0.2496317027107469
19	18	0.2442605392863946
19	122	0.23677047486949765
19	197	0.2349667364477186
19	1	0.23368141124781874
19	72	0.2254209613398149
19	87	0.22488935046858946
19	180	0.2206316663033585
121	119	0.8814652528964302
121	151	0.4910628745589152
121	120	0.7513900797187177
121	17	0.7087710551458782
121	117	0.6591052637447502
121	16	0.5918963268582454
121	184	0.5605535464517474
121	15	0.5168485596795553
121	115	0.4887220612023964
121	14	0.4635708411289105
121	95	0.4508686265250014
121	159	0.4244930621015986
121	106	0.40841714045551375
121	192	0.38791213785425294
121	83	0.3683649223013181
121	96	0.3669033344907281
121	152	0.35699697416509596
121	87	0.35304668649369925
121	97	0.3471855593843713
121	161	0.34518760904374035
121	136	0.3182242260526805
121	186	0.3152012611446855
121	190	0.3136422912711251
121	0	0.30898238794026434
121	1	0.30324556999312896
121	18	0.3023281667791092
121	149	0.30181017689418
121	109	0.2995634974040925
121	122	0.2992630813524447
121	103	0.29444838666063045
121	197	0.2942291791385447
121	75	0.2911387268064708
121	179	0.29104720031791
121	73	0.2905345535618081
121	191	0.2900308988113312
121	3	0.2879871633411949
121	5	0.28421358753360604
121	70	0.27834759865492664
121	177	0.27530972824339056
121	178	0.2696904851307236
121	58	0.2658287439762469
121	59	0.26496424888101605
121	101	0.26421095427596863
121	24	0.2629733639954821
121	125	0.2606260840137086
121	154	0.25769698406555896
121	156	0.2568098545011712
121	82	0.2561652467777002
121	7	0.247548893367282
121	9	0.2468822854392466
121	118	0.24684472310284214
121	102	0.244081867006553
121	198	0.24111726171891326
121	150	0.2404955336413761
121	72	0.2404484249800293
121	11	0.2383933887018288
121	51	0.23816701529221976
121	128	0.23343559413871698
121	78	0.2319695277268085
121	6	0.22837085034597066
121	71	0.22721415560955655
121	108	0.2206316663033585
121	94	0.22033673642381066
121	113	0.21968965240025232
121	48	0.21967061758748727
121	20	0.21955640519897054
121	89	0.21862344567190944
119	17	0.8232113899809563
119	120	0.8003912354841726
119	117	0.7270920927956676
119	16	0.6729470592026925
119	15	0.5925845330755
119	115	0.5865301443316939
119	14	0.5802834811157748
119	151	0.4707473364351868
119	149	0.4653981519424282
119	152	0.465202278016626
119	184	0.4338340272253407
119	18	0.4230162851572869
119	125	0.4073250707684511
119	48	0.4063320272110705
119	154	0.4020317270864249
119	103	0.3815820452183388
119	106	0.3712740155170957
119	122	0.3662887533151324
119	118	0.3625598231158723
119	109	0.3625598231158723
119	156	0.3576250508926053
119	3	0.3566566310642128
119	44	0.35645587150831143
119	46	0.3556175632555364
119	9	0.34741419890904285
119	108	0.34431527416131474
119	11	0.33731527149982554
119	12	0.33243205999692765
119	75	0.33219187643480946
119	21	0.3310793543542127
119	192	0.33093688497466195
119	95	0.3307053400546007
119	0	0.32635205528451233
119	133	0.3226300872818412
119	136	0.3173611786526463
119	97	0.30858434070159885
119	52	0.3080956804404043
119	178	0.30391737028932675
119	70	0.2902323800093122
119	96	0.289939307947445
119	6	0.28720746878356296
119	51	0.286041804155286
119	1	0.2844525677541821
119	186	0.28421358753360604
119	132	0.28391940954491346
119	116	0.2787257897454892
119	124	0.27523579025079764
119	102	0.2711086174398775
119	87	0.2699315576523802
119	83	0.2667299663364195
119	150	0.2588169479116941
119	159	0.25397749165476163
119	113	0.253968136676665
119	105	0.25334124497510185
119	161	0.2496317027107469
119	177	0.2490596284209659
119	111	0.24788680227539425
119	24	0.24295302806281696
119	7	0.2392043472298621
119	112	0.23427692108726106
119	73	0.2276124345439469
119	59	0.2273374405518649
119	198	0.2227235552163982
119	179	0.22226731725164847
151	59	0.4983736328201687
151	117	0.4644340129081506
151	120	0.4622587060762303
151	159	0.4599516795160065
151	184	0.4580731288447481
151	122	0.4297418379975017
151	51	0.42808529157783387
151	17	0.4219729825514658
151	192	0.4171775759112131
151	97	0.4083004864246715
151	125	0.3924222564090911
151	52	0.3912795452860528
151	154	0.3823678126800185
151	82	0.37791927444106
151	168	0.3730142623340245
151	89	0.3725837518965859
151	152	0.3709204779223687
151	15	0.3627074675780511
151	16	0.3602820626860981
151	178	0.3509878907964335
151	95	0.3466137800093138
151	150	0.3451611834046573
151	106	0.3426394305579077
151	155	0.33709369821752544
151	118	0.3350712286332074
151	149	0.3346006496541832
151	115	0.3342631506440254
151	73	0.33370342391552826
151	83	0.3331968016511181
151	156	0.33017976352005984
151	87	0.31124196252080205
151	46	0.3012920087571397
151	58	0.2990445596757739
151	21	0.2972770261033064
151	48	0.2968393830308459
151	136	0.2930686910501683
151	14	0.2913034610553137
151	18	0.2898385518626572
151	49	0.2894995978914853
151	189	0.28752856564741164
151	190	0.28307335020058616
151	86	0.28248452713952554
151	161	0.27768324934498834
151	126	0.2727384782738815
151	5	0.26562427830456536
151	177	0.2603277954523345
151	157	0.25839704283032633
151	44	0.2570713693252702
151	123	0.254145873133296
151	70	0.2515154998264535
151	128	0.24471184799671264
151	109	0.2388083393301749
151	124	0.2307012394670585
151	94	0.22698653350677786
151	54	0.22238138587741552
151	11	0.22090753192853327
151	72	0.22076484722223386
151	179	0.21915661446262594
3	9	0.915014514673038
3	103	0.8980983825827225
3	0	0.8176878114796401
3	6	0.7582138378921368
3	12	0.8457974944930841
3	108	0.8355661681334425
3	111	0.8033188212481339
3	102	0.7215303893513471
3	13	0.6941392135458111
3	11	0.641023946297008
3	105	0.636840200822962
3	1	0.5960577373098328
3	113	0.5631607862696778
3	5	0.5401235312267985
3	106	0.53563201414237
3	101	0.5339898677953837
3	109	0.5289887971458624
3	124	0.4886002675602144
3	112	0.4879986323326126
3	70	0.4758146197352361
3	110	0.3864840078852494
3	117	0.3658384346578769
3	15	0.3628811436356074
3	140	0.3621515348962595
3	99	0.36202120087727147
3	16	0.3556175632555364
3	95	0.34194198932171765
3	114	0.3390776607877294
3	120	0.3358255817847832
3	104	0.3340055279158745
3	152	0.3271827526547045
3	115	0.3233914016717659
3	20	0.3141741536115872
3	35	0.28296296211395616
3	197	0.28253973835319607
3	126	0.2798137594934324
3	100	0.2732289825977789
3	17	0.2723867086186494
3	30	0.2684660574603575
3	161	0.2624147689192404
3	154	0.25652961830976434
3	191	0.2505504079981745
3	52	0.24804634941307396
3	2	0.2472484793255181
3	14	0.2450408604426501
3	118	0.23347341409849146
3	128	0.2305686864153679
3	141	0.2295647930713122
3	116	0.22348373498063615
3	61	0.22221978686148144
9	108	0.9002619713240382
9	12	0.900129217818577
9	103	0.8786466053518741
9	111	0.8081594204828048
9	11	0.7759457167981365
9	0	0.7630601524350372
9	6	0.6890317768392661
9	13	0.6565241508389059
9	102	0.6561427691908027
9	109	0.6515227293410907
9	105	0.6499891970349232
9	113	0.6291391196123652
9	106	0.5977892406665272
9	5	0.5827257109072516
9	124	0.5683011487314903
9	101	0.5650901714693929
9	112	0.5551810834618631
9	70	0.5388190257551608
9	1	0.4314361906963574
9	140	0.4112876087306739
9	114	0.3881414853544689
9	95	0.3574244504017136
9	117	0.3519520064259369
9	15	0.3507072808888297
9	110	0.3402718989528659
9	99	0.3382277591070958
9	16	0.3371468792121603
9	154	0.3289674853003127
9	20	0.3289139774206189
9	120	0.32630737983875274
9	152	0.3252973262862414
9	52	0.31647061007455896
9	35	0.3086205312830526
9	104	0.30567714093154713
9	197	0.2943022517535926
9	17	0.2933520396286277
9	32	0.2895362450664049
9	157	0.2775632690528227
9	141	0.26745432248522233
9	115	0.26230302878241896
9	100	0.25104707098025797
9	2	0.2487406918631137
9	10	0.24847799771491674
9	14	0.2476239894435572
9	149	0.2327547141855691
9	134	0.22997209184306824
9	116	0.2293374285475163
9	30	0.2229706433990848
103	108	0.8849836354813005
103	111	0.8252634179932796
103	12	0.8077775149460336
103	102	0.7976433315505568
103	0	0.7523767824412056
103	6	0.7132213392185028
103	109	0.6960824546283848
103	11	0.6734883692285419
103	113	0.6520001511095339
103	101	0.6518794064603276
103	106	0.6255185857529719
103	13	0.6160723854463596
103	105	0.5867137892363198
103	112	0.5780438863978582
103	5	0.5580728725455291
103	70	0.5541148407843738
103	1	0.5190145276969422
103	124	0.4798273773852116
103	110	0.4798042840821573
103	104	0.43907959371308497
103	140	0.42044297728931
103	100	0.4183827468007335
103	114	0.41548290509508295
103	117	0.4025094887312771
103	120	0.39395243651374495
103	15	0.379846280919748
103	152	0.3626640446259477
103	16	0.36202120087727147
103	95	0.36143886948190185
103	52	0.3398208710534497
103	197	0.32809325895423697
103	99	0.3204423494207945
103	20	0.3099408753331913
103	118	0.30944362545880816
103	126	0.3086386262387141
103	154	0.3049607845177322
103	115	0.2990263481198285
103	141	0.28496717429949364
103	161	0.28075362926441977
103	17	0.28015475475046003
103	35	0.268809355955131
103	156	0.25873297471501644
103	135	0.250719100797213
103	32	0.2497629738839869
103	128	0.2477647865667671
103	149	0.24488106144140984
103	10	0.24126795389868586
103	125	0.2400715149271899
103	134	0.21951833306523413
0	102	0.7449407480427217
0	108	0.7138790727484978
0	12	0.7128920006253437
0	6	0.6604830610268524
0	111	0.6463534142384314
0	13	0.6223857934458329
0	1	0.617144628405994
0	113	0.5873364205909742
0	101	0.5768173911924447
0	105	0.5662394103851721
0	11	0.5571357275000577
0	99	0.5245743401089137
0	109	0.5187806892135288
0	106	0.4765955806132768
0	30	0.4691890775299282
0	70	0.4674559824124621
0	5	0.4350914521291759
0	112	0.4187868922953303
0	114	0.404869924033365
0	110	0.3924222564090911
0	104	0.39142350876253695
0	100	0.3834004261974305
0	124	0.3755166426559071
0	95	0.3634974899987764
0	61	0.35899348521868263
0	197	0.3429041828017857
0	32	0.3406874135362883
0	146	0.3309546944723464
0	166	0.31984101821767724
0	140	0.31259602200620945
0	120	0.26390396397210464
0	2	0.2627406374476526
0	16	0.2611572872475597
0	20	0.26055151653558273
0	134	0.2529013580695995
0	36	0.2515904375147222
0	152	0.24860934936059065
0	117	0.2444956091241629
0	17	0.2423507112421089
0	10	0.22669248492000765
6	1	0.7198386331197921
6	108	0.7504087431667594
6	12	0.7269176511518465
6	102	0.6826126337145708
6	13	0.680465266918406
6	111	0.6706480642489504
6	105	0.6117480093967372
6	11	0.4618575899338834
6	110	0.4282731239667376
6	124	0.420961473334754
6	113	0.4164256644575791
6	109	0.4012014100965419
6	101	0.398891514474128
6	126	0.3884472072499003
6	16	0.3594463849444114
6	128	0.3523899942066852
6	52	0.33050047866104537
6	106	0.3278166008323403
6	70	0.3235973324913004
6	152	0.32051413291649944
6	112	0.3058312483743888
6	5	0.3002460402107004
6	15	0.2954344368684903
6	114	0.29220004426175794
6	120	0.2827881656456899
6	63	0.2781169519561624
6	30	0.2695606628440026
6	154	0.26897634134905224
6	10	0.2678628003907911
6	117	0.2628709680828002
6	17	0.25638014136700904
6	140	0.25085966649965713
6	135	0.2506534998507268
6	115	0.2464033101130674
6	20	0.2444297924650401
6	32	0.2428683385668904
6	7	0.2405332197547543
6	125	0.2356090913452062
6	14	0.2265596752334819
6	88	0.2259619274449291
108	111	0.8268199187980689
108	12	0.8561114608895887
108	102	0.6925242213116424
108	11	0.6863277860440118
108	109	0.6651589718256952
108	113	0.6602180105682747
108	105	0.6322826078254635
108	13	0.6232610832025823
108	124	0.5515178126195288
108	101	0.5432183973649009
108	112	0.5373483622442525
108	106	0.5149184988757911
108	70	0.5054653080616706
108	5	0.4834830848931807
108	1	0.4726677400430706
108	114	0.4158551537516355
108	110	0.4091917177847168
108	140	0.4091750664056848
108	154	0.3548923143523176
108	152	0.3430188918614756
108	16	0.34074044837730183
108	15	0.338272038457382
108	104	0.3373507197578217
108	20	0.3327789156909601
108	52	0.33052720147908843
108	117	0.3253062680736488
108	32	0.3139758550964628
108	120	0.3128847239099421
108	35	0.30982335883384804
108	17	0.2886656455370443
108	141	0.27635375414806085
108	95	0.2680577218225985
108	99	0.2618187402673229
108	100	0.26072860921888985
108	10	0.2606260840137086
108	118	0.2596191610124914
108	157	0.2572954949277184
108	149	0.2400432437535537
108	126	0.2383367977769092
108	134	0.2368837444197553
108	30	0.2288447195748783
108	115	0.22714776839285256
108	14	0.22707189470294614
108	36	0.22692962410496964
108	197	0.22339822830920766
108	144	0.2222578112581233
108	2	0.2191090154221665
108	46	0.21817586393366006
12	11	0.7825051753163879
12	105	0.7143446147208264
12	124	0.6516032945305982
12	111	0.8231791550267051
12	113	0.6970039953131701
12	13	0.6919252728380736
12	102	0.6829596057098424
12	109	0.6025811293553618
12	70	0.5819194125794139
12	112	0.5745575818405045
12	106	0.5378958033157533
12	5	0.4961983132070297
12	101	0.4864047271723773
12	140	0.4662203246589107
12	1	0.4382881884981804
12	114	0.4344264447690384
12	52	0.4028613833882137
12	110	0.39039841071286013
12	154	0.3883283255581753
12	20	0.3797007996703744
12	104	0.3303846736597601
12	35	0.3204602956397915
12	134	0.3161826300875371
12	32	0.3147418567699122
12	117	0.3116302557595453
12	152	0.3089100237609628
12	122	0.3054414162161549
12	149	0.3001095562176065
12	157	0.29924487241129905
12	95	0.2960732076092044
12	120	0.2929589939037598
12	10	0.2920171097466757
12	141	0.28918806264495905
12	2	0.2811128490996864
12	15	0.2802653326300659
12	36	0.2658752101125503
12	14	0.26482477424667106
12	17	0.2616044936516652
12	144	0.26133431986664163
12	142	0.2598709447876756
12	16	0.2595538779738006
12	100	0.25385587323357706
12	126	0.2480275798597912
12	150	0.2468071600246652
12	115	0.23992073062979896
12	197	0.2395248667851139
12	46	0.2368176712978338
12	45	0.23001944694035995
12	38	0.2262465905016889
12	61	0.22429112817999766
70	112	0.904021564029096
70	11	0.7350843880399626
70	113	0.8326759355681554
70	109	0.6954582114062898
70	106	0.6592522894113748
70	95	0.613441019967277
70	71	0.6026066045806144
70	197	0.5893307014835465
70	177	0.5712726479862461
70	5	0.5590498453035214
70	176	0.4555171100111133
70	101	0.4554774839005034
70	111	0.4371806964466883
70	97	0.4330218871252223
70	135	0.4230819675121696
70	96	0.4187374139998075
70	102	0.41346206797310137
70	198	0.41163650229322746
70	100	0.4069746946074917
70	181	0.3826751365109729
70	191	0.3811034817261229
70	117	0.3763753071779556
70	166	0.3531604778153141
70	114	0.3520921792969087
70	124	0.35114570617439017
70	120	0.3380949120707635
70	52	0.32952919046085416
70	134	0.32261216896968825
70	79	0.3110342281122859
70	150	0.3014465687704703
70	104	0.29663875492838176
70	105	0.29149562917849986
70	184	0.2893896512745344
70	161	0.2884181247721854
70	195	0.2879779926808475
70	16	0.2830089580612639
70	13	0.2806983576894451
70	110	0.2778678174948374
70	199	0.27025602491871115
70	140	0.26873513503677515
70	10	0.26145543731970394
70	15	0.25724880437567943
70	32	0.2536874652449391
70	87	0.2505316634143867
70	152	0.2464502738048661
70	122	0.24423232897601466
70	36	0.24295302806281696
70	61	0.23944945511318175
70	115	0.23532572481776556
70	81	0.2287594311100162
70	145	0.2227805781073864
70	154	0.22190605980558306
70	99	0.2201654683229978
70	149	0.21861392361320225
112	113	0.8494850342480805
112	109	0.7289813356276845
112	11	0.7051646778923849
112	106	0.6656771852048612
112	197	0.6594444777082017
112	95	0.6169464668761329
112	5	0.5996048581674919
112	176	0.5402793313566187
112	71	0.5352825042488267
112	177	0.4885698161739468
112	101	0.4466119332709184
112	111	0.4292035729189766
112	198	0.4175491894147304
112	96	0.40802546344307
112	191	0.4000680964289995
112	181	0.3956069677505229
112	135	0.38478143389681196
112	100	0.37987195213129293
112	102	0.3708083581767465
112	117	0.3686846724014668
112	195	0.357206368978785
112	166	0.32048721453695783
112	124	0.3147058188136814
112	120	0.3137414669855421
112	182	0.3090909275013989
112	114	0.2881705654540089
112	160	0.2864549319889
112	16	0.28365276456476346
112	175	0.2830089580612639
112	52	0.2786058848500514
112	97	0.2737285956329424
112	105	0.2719052216136006
112	15	0.2618746264461675
112	161	0.25752892966450114
112	104	0.2548846984431507
112	145	0.2511126581033397
112	115	0.2509440008438769
112	140	0.2423883615224164
112	118	0.24045784680292365
112	184	0.2364778320791372
112	162	0.23635509813618566
112	183	0.23084325109237105
112	150	0.22294213468562968
112	199	0.22232435232533898
112	179	0.21888052551369927
11	109	0.7104391587954952
11	113	0.6946518501402777
11	106	0.6028549236681683
11	5	0.6005071630821233
11	111	0.5557135216976313
11	124	0.5240740320831008
11	101	0.4927759878178971
11	105	0.4893991906623336
11	140	0.479550213872906
11	102	0.4359017947142138
11	13	0.3985635180968429
11	149	0.3751472185089944
11	114	0.3729367823007209
11	95	0.3709204779223687
11	52	0.3595160468047945
11	122	0.3522148176045279
11	120	0.3521534999622811
11	117	0.33482264168120196
11	154	0.3189430295803412
11	104	0.3115760815516493
11	150	0.3100493436968728
11	197	0.30339992919528297
11	100	0.3022645635956106
11	155	0.2786427795893052
11	10	0.2785228686802007
11	45	0.2751710918362074
11	44	0.2694308307583169
11	35	0.2638481418064021
11	136	0.2617814818392547
11	137	0.2609522801605764
11	20	0.2550529968022212
11	134	0.2539120058102721
11	157	0.2464033101130674
11	71	0.2461590802657406
11	32	0.2454449984746862
11	15	0.2444674022603641
11	141	0.2423883615224164
11	16	0.2371480149901127
11	164	0.2313354818859442
11	2	0.22806751722763502
11	17	0.2221342294976144
11	51	0.22130699878422666
113	109	0.7534898257863243
113	106	0.6025683912821981
113	176	0.5622382380432056
113	111	0.5602517289523956
113	5	0.5372345513822361
113	102	0.5093931990995145
113	197	0.483230183996985
113	177	0.4811963896004525
113	71	0.4776922941046454
113	114	0.4559924825273721
113	95	0.4510199898781394
113	101	0.4347671175290753
113	166	0.4326968340224071
113	110	0.4198747854288454
113	105	0.4094581027790043
113	124	0.4034643543343071
113	100	0.39905967816800775
113	13	0.3908729568018237
113	104	0.3730745209857192
113	160	0.3582702372300885
113	181	0.34832834379844435
113	134	0.34055481694824563
113	198	0.3105734936355328
113	140	0.3097781576593506
113	10	0.2990536653720568
113	135	0.2960549606880437
113	161	0.2820611790120233
113	120	0.2801455395915097
113	171	0.2790301246801267
113	117	0.27542062912543136
113	32	0.27477360405433915
113	145	0.2745239706844277
113	36	0.2696348482079716
113	99	0.2677142741032849
113	1	0.2675007452736541
113	85	0.2614088546580635
113	52	0.2514967649331468
113	199	0.2500442383377781
113	144	0.2397039579218269
113	146	0.21850917821999236
111	102	0.7999595724480056
111	13	0.7148144157012578
111	105	0.6617552622616197
111	101	0.5710705190825971
111	124	0.5576320401669842
111	110	0.5215306648428356
111	109	0.5058225836655549
111	106	0.4871220048220112
111	104	0.4663298869122166
111	1	0.4556042811007638
111	114	0.4419085262088445
111	5	0.44113567039567003
111	20	0.3693325468432103
111	140	0.3629853371709942
111	10	0.3523024089913635
111	52	0.3369784653493981
111	135	0.31210870658123635
111	152	0.3119913653606933
111	134	0.3109619656976379
111	100	0.2980426009000831
111	32	0.29707645518766945
111	35	0.2922091904263739
111	154	0.2853989494815752
111	2	0.2657915701778372
111	85	0.264852670060206
111	61	0.2647224858050632
111	95	0.2603371177224549
111	126	0.24716397930836875
111	117	0.2400243960782485
111	16	0.23641174550883906
111	120	0.2347777694434935
111	15	0.23026567588312344
111	115	0.2289679078216189
111	197	0.2241106787291932
111	161	0.22364523819664608
111	142	0.220878995743556
111	37	0.22071728355314266
105	102	0.6241775441568138
105	13	0.5374977093041582
105	124	0.4887829508813677
105	1	0.3871643014913597
105	20	0.3484864940065435
105	140	0.34611216139304257
105	141	0.33290340603731805
105	101	0.3225315337036944
105	142	0.30799611859091625
105	114	0.3019737719160597
105	106	0.2929315684118949
105	14	0.2923097947090369
105	109	0.28755608522974146
105	110	0.280873377955116
105	32	0.2725811166464207
105	144	0.2701633262456831
105	5	0.2651316038078822
105	36	0.2437903135023045
105	104	0.2370630747037255
105	35	0.22511720011359565
105	30	0.22202014769109485
105	134	0.22137356937770045
124	20	0.6985330873357168
124	140	0.5689575094955946
124	13	0.5085040337221052
124	157	0.495330963336146
124	109	0.4757836751283908
124	150	0.4725512440032279
124	154	0.4476120466481401
124	144	0.4336229385303844
124	106	0.4250094015016598
124	114	0.41294792578706396
124	35	0.407992122290079
124	52	0.397250513278888
124	122	0.3907882316572652
124	126	0.3764525553075942
124	101	0.3742360360747417
124	141	0.35313421920680965
124	188	0.3448880864272221
124	128	0.3447999781679828
124	148	0.3394581666114175
124	134	0.3332056914204111
124	102	0.3329211894253576
124	5	0.30531447201284545
124	32	0.2941012937848957
124	187	0.2912302479658057
124	104	0.2804588260211271
124	45	0.27840294908732005
124	152	0.2766585237818485
124	38	0.27503244398393245
124	40	0.2743297858087185
124	149	0.273182714669577
124	110	0.26514090083555913
124	189	0.2626475382661257
124	53	0.2598616200925231
124	155	0.24257660197088746
124	46	0.238478272053693
124	125	0.23253716273720085
124	123	0.23127869206407306
124	36	0.22563926265747955
124	17	0.22356923821245087
124	142	0.2202415891554257
17	120	0.7939765548192234
17	117	0.7459227196584701
17	16	0.7350292250611988
17	15	0.6735211527087357
17	14	0.6385786452687803
17	48	0.607569740188942
17	46	0.5946051825553582
17	18	0.5911291941087534
17	115	0.5835902147528975
17	154	0.5693834178073004
17	152	0.5687275273156144
17	149	0.5476651516676121
17	44	0.4950139455632853
17	118	0.4926548307742731
17	122	0.4193886790169019
17	125	0.4089419184860405
17	178	0.402442447683729
17	21	0.4012349710550774
17	52	0.4009580609358006
17	116	0.395007918049318
17	136	0.3787161687613783
17	133	0.3656998405882173
17	184	0.3538430062520728
17	75	0.353449285779676
17	51	0.352792806676927
17	150	0.3482228993076452
17	156	0.3416328758531552
17	87	0.3284055472652939
17	186	0.3129839518408322
17	132	0.310736122481208
17	49	0.3029731325793866
17	157	0.3012647318168344
17	192	0.29817015946187264
17	24	0.28181264088761515
17	109	0.2814535746041269
17	72	0.27468115156764555
17	89	0.2742927956760937
17	189	0.26802987724695515
17	97	0.2565109343628085
17	187	0.2532663780008226
17	179	0.2473423638228724
17	146	0.24335760451710614
17	43	0.2410136541000856
17	106	0.2403636265352463
17	88	0.2306728359623421
17	83	0.22199162628951305
17	28	0.22150670437466027
17	59	0.220412851219784
17	26	0.2191280551635156
17	140	0.21832824249989125
120	117	0.8428980961699417
120	16	0.7392846527568191
120	115	0.7158154800894264
120	15	0.7042686720351388
120	18	0.6623787128208791
120	149	0.6518794064603276
120	14	0.6343607987928079
120	118	0.5575838050286964
120	152	0.5528037810580002
120	125	0.5434439305600773
120	44	0.5358459092688577
120	154	0.5216835293094341
120	156	0.5145509748141913
120	48	0.5113898482685089
120	136	0.4744441942127943
120	46	0.4680731274530042
120	24	0.4646927925830753
120	52	0.4478838840421863
120	133	0.43974933304374497
120	21	0.4344588951516924
120	132	0.41448127954613095
120	97	0.4096412019759864
120	143	0.4089252630196742
120	87	0.4018975791800287
120	122	0.396964129319326
120	184	0.396129806422366
120	109	0.3937750135278169
120	177	0.387121795478372
120	106	0.3829567756487377
120	51	0.3774820299237494
120	192	0.3764611381100197
120	26	0.3608388601980129
120	178	0.3600035676005351
120	83	0.35926350350029057
120	127	0.3542803264077535
120	95	0.35077743927252597
120	116	0.3111877738024729
120	140	0.3029368038479034
120	129	0.30260980565507145
120	96	0.297814791278574
120	128	0.2951058232748641
120	155	0.2837171311642556
120	150	0.2809194328155762
120	102	0.2802561180908077
120	191	0.2744962313582972
120	5	0.2712012649395701
120	71	0.2696997577761381
120	159	0.2688464652173045
120	28	0.2657729829822088
120	101	0.2638016219848293
120	89	0.26347594888206183
120	29	0.2606820075817929
120	197	0.25849969531865963
120	88	0.2539868465853392
120	179	0.2436774422468509
120	75	0.24239777397842335
120	198	0.23949658774677066
120	190	0.2262560786050249
120	186	0.22555384309996634
120	1	0.22054604565332908
44	149	0.8645282222755172
44	18	0.6483634174139987
44	154	0.6265097984325074
44	48	0.6262120391657708
44	46	0.6114099850038689
44	136	0.6045962336538508
44	155	0.5898460859943047
44	143	0.5731759883711
44	140	0.5688492936689028
44	39	0.5675966174275855
44	130	0.5563076545413247
44	51	0.5437398238577056
44	43	0.5373554747734093
44	14	0.5321716743818685
44	118	0.5024139922051696
44	33	0.4978999612166807
44	125	0.48920904529400294
44	52	0.4732654929800592
44	156	0.4628482392445558
44	115	0.4451136780774793
44	127	0.4227781493561966
44	24	0.4059395519732765
44	117	0.3917706359659328
44	178	0.390864484585392
44	122	0.3886000361404701
44	152	0.3824531889008048
44	15	0.3807187737146903
44	141	0.3552943123623997
44	45	0.34896960780050396
44	27	0.3414473722819086
44	35	0.3402718989528659
44	16	0.3335790082203476
44	21	0.3213035082752204
44	49	0.3204333762250339
44	137	0.3087381445014662
44	26	0.2880605267223215
44	150	0.2862070680600013
44	134	0.28137991023480863
44	34	0.2611759230876459
44	173	0.26085908733825125
44	138	0.2597124183801641
44	132	0.2590408573080176
44	192	0.25903152830550946
44	129	0.2445990307509541
44	37	0.2363739807722747
44	89	0.2284656328565697
44	72	0.22040333701706366
44	47	0.2184044277913388
149	154	0.7280850891593748
149	125	0.6462718950453885
149	136	0.6360608418084265
149	18	0.6325166353991861
149	118	0.6235973180017337
149	46	0.6225634257976499
149	155	0.6222755066253117
149	48	0.5992396632046031
149	51	0.5828115604002563
149	156	0.5808072250644686
149	52	0.5752404626590952
149	115	0.5653215558577989
149	140	0.5560728327253045
149	143	0.5498316614427711
149	43	0.543810254728259
149	14	0.5436693853275216
149	122	0.5355107763852156
149	152	0.5219236772353466
149	117	0.5210645856487298
149	15	0.5002728420998462
149	130	0.4889732004364514
149	39	0.4620227782988104
149	127	0.4509881260645585
149	24	0.4431710546953161
149	16	0.442970132584716
149	178	0.4314361906963574
149	132	0.4227452984552113
149	21	0.40332201776545096
149	150	0.4029870312003397
149	26	0.3684254222510764
149	33	0.3488993482221509
149	129	0.3343342101953563
149	133	0.32137524755550634
149	109	0.31405698052843284
149	157	0.3012920087571397
149	45	0.28044961256681833
149	173	0.2799427930342387
149	141	0.27195152436158704
149	28	0.26888357368135124
149	116	0.2611106967956608
149	27	0.2600853993970467
149	153	0.2531259942474366
149	89	0.25118761199206546
149	148	0.2455013830494233
149	192	0.2448340592026637
149	134	0.2420588968266573
149	35	0.2398547588589361
149	49	0.23433362714955244
149	29	0.2277736210439643
149	142	0.22441458473325146
154	46	0.8146833020577338
154	152	0.7508714748425516
154	122	0.5978213721072961
154	178	0.5193797448500231
154	14	0.6641876881014218
154	52	0.6315858434011778
154	51	0.6233466921191874
154	48	0.6108147705201291
154	125	0.6090375611255517
154	118	0.6011078515088215
154	155	0.574838865052099
154	43	0.565994786275202
154	115	0.5605055399876031
154	15	0.551496937431073
154	156	0.521567064181918
154	18	0.5206565112661997
154	150	0.4872440292548312
154	117	0.479342278424836
154	130	0.4609917940979892
154	143	0.4605979600707942
154	157	0.458175844698613
154	153	0.44945731177432624
154	187	0.4486429908467973
154	16	0.4475320787233763
154	24	0.4333305832921317
154	127	0.42815879561417775
154	21	0.4275460889429439
154	49	0.4169132325127817
154	47	0.4141582272869821
154	132	0.40853378114693706
154	140	0.4023586403036133
154	148	0.40050477721404815
154	129	0.3998748911853074
154	39	0.3914912496521053
154	136	0.3901780151858526
154	89	0.3868497180340352
154	116	0.3846110321359715
154	128	0.3716102075066111
154	45	0.35829638622214194
154	38	0.3376076910133257
154	87	0.3271559638483766
154	26	0.32150974876323263
154	133	0.3111968053960617
154	53	0.31083549782090164
154	173	0.30128291649849115
154	109	0.2873909606150465
154	50	0.2675378826103148
154	168	0.2663212221370678
154	142	0.2512250878068503
154	188	0.2489189277703697
154	27	0.2476709229804172
154	82	0.2461121094023044
154	141	0.2406933776451847
154	35	0.2367987928606101
154	179	0.2256012988379288
154	88	0.2235502377915808
154	126	0.22206768251607176
125	132	0.6605056109161315
125	21	0.7543142417002646
125	156	0.6890055141739719
125	118	0.6450531754725503
125	52	0.644006775912472
125	51	0.5917013946287167
125	18	0.5906801202818214
125	129	0.5654304118568444
125	127	0.5492732678286438
125	122	0.5373412496386574
125	115	0.5266658983334891
125	15	0.5058821127376443
125	117	0.5048247556241201
125	155	0.5047353319714236
125	43	0.5033852115521705
125	152	0.5032134729059171
125	46	0.4949006929758385
125	24	0.48891993524872296
125	16	0.4788723001641844
125	26	0.4717586330095813
125	48	0.4667288855671266
125	28	0.4427611263776879
125	133	0.4342641759396108
125	14	0.4337772003371153
125	143	0.4329487599914369
125	128	0.395100750577204
125	150	0.3574331728481597
125	130	0.33778488325606404
125	116	0.3354085220336551
125	178	0.33432532795930137
125	29	0.31851179142900377
125	187	0.2959089775406035
125	89	0.2880146750053091
125	39	0.27170147456781185
125	87	0.2710622918060747
125	173	0.2656707498744665
125	82	0.2637271877177786
125	5	0.2630199056339742
125	97	0.2622285314496205
125	126	0.24890016688962555
125	53	0.24717336838483545
125	177	0.2436021910757193
125	184	0.2343619795827617
125	136	0.23172350345818396
125	25	0.2272331229979107
125	83	0.22176344140437634
136	140	0.599790563334945
136	33	0.5561764415331267
136	137	0.4345724626088749
136	138	0.4149780790993897
136	18	0.4017214838699105
136	118	0.4006810775274618
136	130	0.3883368175363139
136	122	0.37550805275114
136	146	0.37266125561878427
136	117	0.3710757027968275
136	115	0.3466489738768481
136	155	0.3449057073498316
136	48	0.33204952510079416
136	46	0.3252257898927853
136	178	0.32134834575763954
136	34	0.3139037397522252
136	152	0.2956991025486961
136	143	0.2885923100720395
136	141	0.27413557855802856
136	144	0.27334002046736244
136	127	0.2676307224743241
136	156	0.259208771086993
136	97	0.25353775634233666
136	14	0.2523396483608638
136	27	0.2440348452306241
136	15	0.2430094856693257
136	79	0.2382707729855296
136	51	0.23531627857750406
136	109	0.2206506926527562
71	177	0.8527098255484875
71	97	0.6031158511957688
71	198	0.6026830228878403
71	95	0.5690386584370557
71	197	0.5319064086378904
71	96	0.5307509284468361
71	195	0.4055970576264881
71	98	0.3868752281568397
71	191	0.3788703415813535
71	81	0.35645587150831143
71	87	0.3478186138029813
71	190	0.3461209634262947
71	83	0.34090837773331906
71	199	0.33990047557842323
71	106	0.3271559638483766
71	135	0.3271381043520157
71	184	0.3232481273793887
71	79	0.31723527359591625
71	196	0.3117205416040338
71	176	0.3053870128867228
71	181	0.3037085998263765
71	117	0.2910105882306082
71	159	0.2883906200846491
71	73	0.28837228336188386
71	74	0.27307166648520803
71	179	0.26709218213744257
71	93	0.2613529538567103
71	109	0.2559970507380985
71	5	0.25024109835246816
71	78	0.2494066450683821
71	193	0.2405143767887057
71	156	0.2371952024715018
71	115	0.23345450420689665
71	7	0.2275081307491146
177	198	0.6857243063807787
177	97	0.6687343161800386
177	95	0.5548212571529659
177	197	0.5452664531665734
177	96	0.5112347507257254
177	199	0.4627460828023847
177	195	0.46251815106293703
177	98	0.43034498432644974
177	176	0.3962394013308937
177	79	0.387121795478372
177	117	0.3857266867895216
177	184	0.38317009124862617
177	106	0.35348428822888905
177	132	0.34895204327366003
177	83	0.3469480823384338
177	159	0.3410144271717919
177	73	0.3405459766939736
177	87	0.33758111011270714
177	115	0.3236689534183527
177	181	0.3217518182438634
177	74	0.3178736765612888
177	190	0.3170913684078661
177	156	0.3152192739944291
177	135	0.31026625620892195
177	109	0.3070544733798476
177	15	0.30572246831300776
177	191	0.2929132844828541
177	81	0.2915230798473842
177	16	0.28051410566165536
177	99	0.2799704417630074
177	5	0.2792053224057932
177	85	0.2641272349539865
177	178	0.2607658896537603
177	196	0.2448246586168137
177	118	0.2443075555515919
177	58	0.2435269369715144
177	161	0.2410513302335885
177	21	0.239411748193708
177	30	0.238478272053693
177	75	0.2383745252400484
177	93	0.2351178972648286
177	52	0.23251824411985886
177	179	0.2279063534953419
177	160	0.2230276596817698
177	152	0.22143062824431933
177	175	0.22094557958680588
177	7	0.2191280551635156
177	78	0.2190709354388657
198	96	0.7346243991201586
198	98	0.7419394161502971
198	195	0.6875371881734804
198	199	0.6240249197454685
198	97	0.6644558528503867
198	79	0.6112909973950154
198	81	0.5966376697037934
198	78	0.5907907956564545
198	135	0.5903805342836534
198	7	0.5850982741498706
198	181	0.5741957324719145
198	197	0.5724570756010762
198	196	0.5476581510004557
198	193	0.5354465827527607
198	190	0.4982082574718558
198	95	0.4925033576079522
198	185	0.4834371089131221
198	182	0.476796498441707
198	74	0.4631467798949833
198	147	0.4573616836245268
198	77	0.4461555105941708
198	31	0.4426807265596677
198	183	0.4379488065895559
198	184	0.4271701010262268
198	83	0.4254108077090733
198	175	0.4142327870742705
198	92	0.4007230494202652
198	93	0.3918468196987291
198	88	0.36781163527570815
198	194	0.3493823035815528
198	80	0.3478625641492018
198	75	0.34489689691891384
198	90	0.3405990173164091
198	191	0.3348936712823544
198	87	0.3333212530297446
198	73	0.3289318136151942
198	159	0.3183410565532978
198	63	0.3179545803158421
198	162	0.3125689532405591
198	16	0.2956352218836859
198	28	0.2907817433769225
198	176	0.28975611028710563
198	57	0.28806969690723505
198	163	0.27654770489595554
198	55	0.2607472495335328
198	170	0.2512719315161583
198	106	0.24757705474449576
198	132	0.24270835941835295
198	116	0.24130562512608816
198	167	0.2391194950881371
198	29	0.23749717584016736
198	99	0.2368459886183609
198	85	0.23074857776787425
198	133	0.2303982484890798
198	117	0.21908045549726216
97	79	0.6827034099783321
97	87	0.6374580033620313
97	93	0.630574924841082
97	83	0.6151159783933589
97	96	0.5951672984961853
97	98	0.5729812299105634
97	135	0.5542880559712944
97	7	0.5498107305432008
97	88	0.5458704784383479
97	95	0.5315621244886216
97	197	0.4869389325060932
97	190	0.4845015340585609
97	78	0.4723182023764488
97	193	0.4633195711993536
97	31	0.4618575899338834
97	122	0.4581521421259616
97	90	0.44887458935320296
97	199	0.4427209273585448
97	92	0.41942164298933216
97	52	0.4191414139734982
97	81	0.4118607273222875
97	184	0.4087337055768053
97	181	0.4016795520352297
97	86	0.3989083320511515
97	159	0.3958346871057093
97	156	0.3921261140762526
97	16	0.3867901921115053
97	115	0.3787932577993489
97	195	0.3733069177292036
97	117	0.37134298591682735
97	116	0.36654847453221095
97	178	0.3617691816372737
97	189	0.3580610250601193
97	106	0.3512158399395096
97	91	0.3511281721173916
97	15	0.3410939585550972
97	147	0.3404752524923164
97	63	0.3379177617283131
97	74	0.3355505145920966
97	80	0.3352132573811147
97	89	0.33279670073645345
97	73	0.3325476885595662
97	82	0.3035724294610224
97	150	0.30135565303353196
97	64	0.2847282702396365
97	118	0.2776647914022209
97	75	0.2751063909291305
97	191	0.2646945879233504
97	85	0.2630943697093118
97	152	0.25726748074064043
97	192	0.25383716199466794
97	54	0.2499036113825577
97	77	0.24718275741488754
97	58	0.24394079823643186
97	30	0.2423601238806247
97	196	0.24216244889296415
97	94	0.2359018613426365
97	5	0.23439033161728975
97	21	0.2289110526187749
97	10	0.22808647684530275
97	72	0.2280201174267775
109	106	0.8184155517784406
109	101	0.6501797357925561
109	5	0.6360965660413476
109	197	0.5987459333820087
109	95	0.5419059331653523
109	114	0.4947421111030318
109	102	0.4594863710715703
109	100	0.4341830309534957
109	10	0.4288772031875637
109	110	0.422753511284618
109	140	0.4122758271766767
109	52	0.41225092600942986
109	117	0.40264355787371375
109	13	0.37828780065035134
109	135	0.36202989025231497
109	145	0.3573110529242252
109	104	0.3573023296049415
109	166	0.3442976451000783
109	16	0.34361874171941365
109	32	0.3409790783232136
109	150	0.33681002991955433
109	176	0.3343608565471615
109	181	0.328432311495496
109	152	0.32567283125363633
109	144	0.3106367403477903
109	134	0.30922659063032554
109	118	0.3033363714517403
109	157	0.3015738415936697
109	99	0.30063722617780936
109	20	0.2742095649100528
109	15	0.2700706225637635
109	36	0.25420199686992184
109	38	0.25218046633453106
109	156	0.2478586455020142
109	184	0.2402317105512301
109	146	0.2317613552760353
109	161	0.2266165947024877
117	16	0.8141782485725398
117	115	0.6853691892228855
117	15	0.6583410508791739
117	18	0.6039867952569958
117	118	0.6034338808999067
117	152	0.5752070067763582
117	48	0.5250453135982946
117	14	0.4977645718711282
117	21	0.4968688875315241
117	106	0.4609209173666376
117	46	0.4555012597834647
117	133	0.42802811785584177
117	52	0.4254845171947827
117	95	0.4175904711865585
117	132	0.4075085533064218
117	51	0.4034224926641184
117	184	0.3951091894978304
117	122	0.3885490955520857
117	197	0.3810265506753889
117	156	0.35650824674078113
117	143	0.3554253702695379
117	127	0.352792806676927
117	24	0.3495490995883162
117	191	0.3444034158253667
117	129	0.3440331800521307
117	87	0.3434158826736936
117	28	0.3427012109514627
117	101	0.3419773118656059
117	192	0.34160637697223245
117	96	0.3368277609801869
117	5	0.3354262719370503
117	26	0.332369794323308
117	75	0.31334472307370465
117	83	0.305858442142305
117	89	0.3010919664131109
117	128	0.29713115894731823
117	178	0.2970946899909198
117	161	0.2929132844828541
117	102	0.2923921024920237
117	155	0.29139497261860303
117	186	0.2913858217022386
117	150	0.281656134513168
117	126	0.28098390744667723
117	116	0.2739968454016296
117	159	0.2688186333454937
117	140	0.2585930106969009
117	29	0.24587723774860665
117	1	0.23382321522591776
117	179	0.23147744954277905
117	187	0.2209360677352816
16	15	0.7216789682214396
16	118	0.6781063358057933
16	115	0.6785760080666506
16	18	0.6545681660557487
16	21	0.580084465151579
16	48	0.5690927515748697
16	152	0.5670608883943161
16	46	0.5240957921332449
16	14	0.5078735512609677
16	133	0.4408859624663013
16	52	0.4195122882103172
16	106	0.3946871617953004
16	87	0.3899999707655182
16	51	0.3855649441022698
16	75	0.3761521165187688
16	96	0.373444612214888
16	122	0.3696002301623964
16	95	0.3680191484577701
16	156	0.3657431529775442
16	132	0.36363634105403225
16	197	0.3634193791818806
16	24	0.3561415730736209
16	129	0.3454518353278906
16	28	0.3385199751351294
16	7	0.3362159014032892
16	26	0.33563037870671514
16	178	0.3264503361329199
16	116	0.3218145701341455
16	184	0.3110974547752127
16	29	0.31053735142235744
16	191	0.30884670217001353
16	127	0.3057315336230165
16	1	0.3020919128169249
16	88	0.3003734141799213
16	128	0.2989717121450505
16	89	0.29857098845394103
16	78	0.2978968066515759
16	83	0.29344343140541124
16	5	0.29206284537923904
16	186	0.2800349536572241
16	102	0.27951878772841066
16	101	0.27499546929099233
16	143	0.2713958083305415
16	179	0.2614368044011869
16	63	0.2606354047298593
16	135	0.2568565563363893
16	192	0.2469855780387925
16	126	0.24258601351397865
16	161	0.2350612132907885
16	90	0.2325655403332653
16	31	0.22162081351458984
32	36	0.8395066232875378
32	114	0.8160240901057279
32	40	0.7327452601601284
32	61	0.7257649275002481
32	41	0.6811680668307409
32	134	0.6154639725917286
32	166	0.7157959752030223
32	38	0.6373095678862907
32	144	0.6372501804502025
32	35	0.6126920408433397
32	139	0.5968630308558394
32	145	0.5842953561977212
32	13	0.5792013266423748
32	10	0.5373696996024062
32	45	0.4862214872790631
32	37	0.4848228771200272
32	42	0.4753812880659475
32	146	0.4582153475383845
32	141	0.4373101070796357
32	110	0.4346779057320491
32	67	0.4334524090634307
32	101	0.4175822149700978
32	68	0.3926506534925767
32	142	0.3903729827426292
32	140	0.3745885603944082
32	39	0.3743564224010514
32	181	0.366531161560976
32	30	0.3641568885844458
32	62	0.35848812831885485
32	102	0.3579302491918889
32	137	0.31627263009603623
32	165	0.3071631554808121
32	176	0.27482907310777754
32	104	0.271877439360471
32	72	0.26021592442542524
32	1	0.250381699982672
32	52	0.24835602014646274
32	27	0.2465066287072301
32	100	0.2446648416160284
32	50	0.22958373898443904
32	79	0.2267683723849788
32	47	0.22409168315597994
32	99	0.2226570265840257
32	60	0.2187472286457406
36	139	0.7312273425883143
36	38	0.6806960951826369
36	114	0.7373285763249745
36	40	0.6563477323672281
36	41	0.6201199734794682
36	144	0.5940489558380226
36	166	0.5850325043009488
36	35	0.579772534183536
36	61	0.5489729283935159
36	134	0.5400881169418728
36	37	0.5167752691351528
36	141	0.4842795779823323
36	145	0.4729394998963661
36	142	0.4700698538006208
36	39	0.4612988586369223
36	13	0.4533985522766771
36	10	0.43633099001935816
36	45	0.4100488952114287
36	42	0.3934707915688175
36	146	0.38726630920805866
36	67	0.3845258214235617
36	110	0.36214284640213656
36	140	0.35722381692633154
36	62	0.3396439546767138
36	130	0.32569070988132204
36	27	0.3188621824789044
36	137	0.2982066028094407
36	176	0.2971220417894848
36	47	0.29041552240921825
36	72	0.2824109092766558
36	30	0.2821348126696341
36	68	0.2739043502947301
36	181	0.26494565290353683
36	102	0.2569499564079826
36	101	0.237336758199378
36	2	0.23025620608413294
36	34	0.22769777012777465
36	52	0.2196230298238568
114	110	0.6750970879532516
114	10	0.543133802198137
114	144	0.7028900895328911
114	166	0.6879798582100881
114	139	0.6412654090254001
114	13	0.6307375384726329
114	40	0.5989511751092779
114	134	0.5842755978832846
114	141	0.5592972822715444
114	35	0.5459968305977773
114	140	0.5407748126577521
114	145	0.5384569925313337
114	104	0.5172881438475532
114	61	0.5041836467543604
114	102	0.4976818219931577
114	37	0.4949988461899254
114	38	0.4943870703575332
114	101	0.4846698729305167
114	41	0.4530568808913104
114	2	0.4261312803731823
114	181	0.4026351790583241
114	142	0.389160225791778
114	100	0.3797350322425399
114	146	0.37888747059684297
114	137	0.3573459455779637
114	39	0.3462529866127072
114	20	0.3239554000308851
114	1	0.32229856108574056
114	106	0.3119462315872665
114	176	0.3106277052715689
114	45	0.29235552178987106
114	165	0.2725996305361844
114	30	0.22423414580383835
40	144	0.7131623763338015
40	41	0.6702241674289109
40	35	0.5751735489691602
40	145	0.5622792699487948
40	62	0.5341757042436374
40	61	0.5216616935788431
40	141	0.5146318463388627
40	38	0.5142715300161358
40	37	0.5135503524860118
40	139	0.4939789474717185
40	166	0.43575598514266506
40	68	0.4231312263606046
40	39	0.41132915000151415
40	134	0.4063403761199825
40	34	0.39673665168412
40	67	0.3819920797537044
40	42	0.3710498334241665
40	138	0.3683130627181441
40	45	0.35158397753583176
40	140	0.3462089804074169
40	13	0.3432306355552675
40	20	0.3354262719370503
40	27	0.3264235329650897
40	49	0.3234451257093474
40	142	0.2992175585909115
40	60	0.2867670023973376
40	50	0.2539400714572768
40	137	0.24850614526562645
40	33	0.2428495181760729
40	2	0.23136387620572185
40	104	0.2256962071018659
40	47	0.22344573244013047
40	157	0.2221722554150833
40	130	0.22214373604033766
40	110	0.22075533457241125
61	166	0.7239330005999094
61	42	0.6743889497731512
61	68	0.6406585663829456
61	13	0.4988094485546618
61	172	0.4954743328164901
61	41	0.4915938920153723
61	134	0.467291854473185
61	60	0.4534541605943906
61	30	0.4529774033445227
61	165	0.4520549377376432
61	181	0.4357640862745778
61	67	0.4290322427775097
61	146	0.41442330349530304
61	35	0.39905127062072426
61	144	0.3923630344482996
61	110	0.3713947110275085
61	99	0.35681372426596963
61	139	0.355224409099522
61	38	0.35179429307495363
61	93	0.3330812292598055
61	62	0.329983733392455
61	101	0.3281378759629443
61	1	0.32811110593339377
61	45	0.3167855214041725
61	86	0.3162816297838069
61	79	0.31168442794160056
61	10	0.3086657682533456
61	20	0.29742287938380924
61	102	0.287785396614455
61	100	0.2844066127637847
61	57	0.27556848556486385
61	145	0.27193300341348553
61	92	0.26776997295258204
61	64	0.2666185001541831
61	69	0.26601460110831043
61	37	0.26572651412866344
61	66	0.25988026943436376
61	65	0.2481964991341051
61	94	0.2456893196333633
61	197	0.2378840121382569
61	56	0.23027514563850265
41	38	0.6453683751052687
41	67	0.5408314152170517
41	145	0.5168998585531542
41	134	0.5146465492687836
41	45	0.4991023553212656
41	35	0.4902200839658439
41	50	0.4571244049878924
41	68	0.4482675135510952
41	52	0.4452259334153543
41	42	0.4429379809165786
41	39	0.4252961372900816
41	27	0.4096911323938517
41	37	0.4079421085201366
41	142	0.407233317166192
41	144	0.4047194186046382
41	10	0.3874787948329391
41	139	0.3822824299299589
41	89	0.378913163633331
41	49	0.36274220480577296
41	157	0.33561263154261
41	62	0.327245257824305
41	141	0.3255297938483961
41	166	0.3224060917628892
41	47	0.2969852779213341
41	101	0.27850442007720355
41	72	0.2775448097777193
41	152	0.2756886093221545
41	110	0.2669621646292859
41	51	0.26214471821405033
41	156	0.2562026215693691
41	130	0.2513937196513562
41	178	0.24266130421474416
41	34	0.2417764540776564
41	140	0.23838395699342235
41	53	0.2296595208969573
41	13	0.2288352432522493
41	33	0.22371173595202426
134	166	0.4798196796913972
134	104	0.4667679928618376
134	145	0.4601330025549242
134	144	0.44466451682924574
134	35	0.4390392323715072
134	101	0.4336391778124913
134	102	0.4297255314182981
134	140	0.4256646721718205
134	110	0.4220222976309486
134	10	0.4185147309047765
134	100	0.41354496945699787
134	38	0.4051792274125322
134	139	0.39547199998827376
134	146	0.3941298301456907
134	42	0.3875382834321506
134	37	0.3872068058586981
134	178	0.38159058913716415
134	45	0.3699541687327396
134	30	0.3655179112576862
134	39	0.3559319960010759
134	141	0.3446501801831084
134	13	0.33110606568273115
134	2	0.3261733447551831
134	67	0.3182152386906613
134	50	0.29528839500744736
134	137	0.2934982638970853
134	68	0.2879413095112799
134	72	0.2832481159997876
134	106	0.2810483795415413
134	142	0.2791131153928377
134	155	0.2733307675897388
134	52	0.2682804623024337
134	172	0.2526486097734033
134	150	0.2382519083548595
134	89	0.23754435503445515
134	192	0.23457933498914604
134	181	0.2283234574671169
134	156	0.2232747126026822
134	165	0.21832824249989125
139	144	0.5636931752461157
139	145	0.5475321258795177
139	166	0.5468806003362177
139	38	0.5408526399140853
139	141	0.4771518464250269
139	35	0.4608500347546998
139	176	0.4476600239669106
139	142	0.4380700287517026
139	39	0.4195946856973709
139	165	0.3980250466586099
139	130	0.3781164080175123
139	110	0.3602820626860981
139	37	0.3540354461963157
139	137	0.32459074134847
139	27	0.32242401273357
139	10	0.3067193198246547
139	171	0.3022827362084213
139	62	0.2758549203096745
139	164	0.27532821223268233
139	45	0.26421095427596863
139	140	0.2576222951447973
139	13	0.2339461039612971
139	42	0.23053081254285315
38	142	0.6692425741994436
38	39	0.4900529354025916
38	52	0.4854269535814681
38	145	0.4580415215052808
38	35	0.4547083802878131
38	45	0.4423268828002786
38	50	0.4386678248948535
38	37	0.4181104737794175
38	130	0.4044852554612364
38	47	0.3891262830906836
38	141	0.38159058913716415
38	67	0.3803168268095721
38	27	0.3777821178252489
38	178	0.3756283055468539
38	68	0.3732552780559082
38	144	0.3616127293003701
38	166	0.34203912399209263
38	13	0.33630459430776144
38	156	0.33515112167816097
38	157	0.3341210201404204
38	10	0.31917656179878523
38	153	0.3155254576826937
38	152	0.2934525702881192
38	110	0.2901408008351339
38	46	0.28560101722765185
38	66	0.2751156340684384
38	89	0.2707565111377165
38	140	0.2482621858876195
38	173	0.2403730487658688
38	101	0.23989245728501615
38	48	0.22930900622165976
123	126	0.8375771355543588
123	22	0.6128731451138261
123	128	0.6109213333575156
123	23	0.5483928023529048
123	127	0.529075212162238
123	138	0.5003403144992604
123	25	0.4850752691669515
123	33	0.44154633162318985
123	137	0.3931580291774421
123	34	0.3902712649060488
123	67	0.3898388578246562
123	129	0.3700750012214277
123	89	0.3629766547230285
123	50	0.3549622364825994
123	101	0.31494905740650186
123	191	0.309253721746097
123	106	0.3003916095868516
123	86	0.2941835070071719
123	64	0.2922640662915359
123	45	0.2902323800093122
123	24	0.28139832663808845
123	118	0.28039433075577025
123	82	0.2660982303667701
123	51	0.26493635484089223
123	68	0.26375510093603977
123	87	0.2588729278695617
123	140	0.2482340347013499
123	100	0.2368082321015748
123	94	0.23653447596946384
123	60	0.22792531458279305
123	49	0.22380672913251845
123	115	0.22263801802241015
126	128	0.8164246233210094
126	23	0.6592918646343296
126	25	0.5571771021038003
126	127	0.5491754984681744
126	22	0.529377578311544
126	129	0.4766187659813446
126	101	0.4193227477541036
126	106	0.38910931134388665
126	26	0.370471934088759
126	138	0.3587495460750201
126	191	0.3467017628481648
126	137	0.3437333869983573
126	24	0.3399446982101568
126	64	0.30720843732512443
126	118	0.3062753507381432
126	87	0.29910829840601233
126	102	0.28719829363851285
126	33	0.28054174478414795
126	140	0.27185891760660114
126	86	0.2701633262456831
126	100	0.2698202976145008
126	20	0.2684660574603575
126	67	0.25951657231513026
126	5	0.2516653721864747
126	34	0.25131877404843017
126	152	0.2390817818527557
126	197	0.2263699324956896
126	187	0.2237212354613644
126	89	0.2185663126952013
128	127	0.6452458235692974
128	25	0.6064519188037809
128	129	0.5870088064438913
128	23	0.4927759878178971
128	24	0.4335579785852988
128	26	0.4294401209144126
128	22	0.4177390712909433
128	118	0.3933609124532838
128	130	0.3918129609252534
128	152	0.3917621707750809
128	138	0.3647552370782496
128	133	0.3583661141193026
128	140	0.3294935335703684
128	115	0.32627163843250995
128	101	0.3221372494744387
128	33	0.3134709716464075
128	27	0.3121448096567047
128	29	0.310103574852216
128	141	0.30391737028932675
128	34	0.3028459781674745
128	18	0.3012556393938288
128	106	0.300045859481792
128	53	0.2998365513701076
128	191	0.27134022676661873
128	137	0.269959371535762
128	87	0.26723147582069595
128	21	0.25350032721852445
128	1	0.2393363321882445
128	156	0.23605295168843865
128	46	0.23454153573306535
128	143	0.2330857260415118
128	14	0.2309284533473963
128	187	0.22974477222003856
128	15	0.2293658504822774
128	122	0.228588843645548
128	63	0.2249463151866784
128	102	0.22221978686148144
128	52	0.2201369223194643
23	22	0.7713692788911974
23	25	0.6873367646259896
23	101	0.39609608264096574
23	127	0.3797264741969894
23	24	0.3496105451646271
23	26	0.3450995214519032
23	129	0.33465393112875336
23	191	0.2857663264982298
23	137	0.2715069660277064
23	106	0.26482477424667106
23	34	0.2576876481188568
23	141	0.24573630089409534
23	33	0.24418531087341264
23	29	0.2286362304609317
95	197	0.8369193024541499
95	106	0.7501115085719532
95	96	0.7088805196654551
95	184	0.6405937105865155
95	99	0.5382084232726163
95	5	0.7063591986917355
95	83	0.5568253297993532
95	190	0.5252625775953441
95	159	0.4941301294934466
95	191	0.4731102743355722
95	7	0.4682683314933351
95	87	0.4647790348412879
95	181	0.4520628941650081
95	73	0.4401525546139788
95	101	0.4295298306063876
95	78	0.4169297560421329
95	135	0.40086574127470775
95	81	0.3913218894734688
95	79	0.3635669175456703
95	75	0.34592730462164833
95	115	0.34534615138381625
95	161	0.3328233778607829
95	100	0.3304113987738873
95	74	0.3240449024209875
95	15	0.31814333773546705
95	122	0.3147418567699122
95	82	0.3106186701392165
95	94	0.2976507473434805
95	179	0.28251213298032835
95	93	0.2810944294848077
95	69	0.2742280609909046
95	193	0.27327524926182395
95	54	0.26765857346459393
95	152	0.264192350326231
95	63	0.2610361495422916
95	195	0.26101751224242115
95	185	0.2570526909430177
95	102	0.25070972937439245
95	98	0.2494722896649987
95	59	0.2425295435705545
95	186	0.2399772760983261
95	150	0.2397039579218269
95	21	0.23782740665858634
95	163	0.2372612630650608
95	58	0.23381376193677386
95	91	0.22359773852516032
95	88	0.22085045918039356
95	182	0.2200512820467739
197	106	0.7372372935510052
197	181	0.6634157615531048
197	5	0.6107646156441198
197	96	0.6015674944296331
197	99	0.5323866780424568
197	79	0.5122976077417793
197	135	0.5022420288954437
197	184	0.4999278882831146
197	101	0.4981330748732286
197	191	0.4541688101385229
197	195	0.4371564299372704
197	83	0.4159213167096456
197	190	0.4157972575520029
197	7	0.4014279256595844
197	100	0.3828287666802148
197	162	0.37839919195597177
197	163	0.3627161519794814
197	159	0.3577645795992568
197	166	0.35573985222722115
197	182	0.34732626551696544
197	176	0.34451799091224633
197	81	0.34402436361008937
197	175	0.3432482792887641
197	199	0.34263060454546024
197	147	0.342462898818789
197	87	0.3335967826026675
197	161	0.3181253619247588
197	78	0.2986985028740925
197	185	0.2792145428239284
197	15	0.2646201914061107
197	10	0.2638016219848293
197	110	0.2633270497384198
197	179	0.25773432737118496
197	115	0.25421135065959183
197	98	0.25231155840717
197	196	0.2462905925316784
197	75	0.2444297924650401
197	73	0.24227540849167475
197	186	0.2397887848727259
197	118	0.238723470154396
197	102	0.23851599681836175
197	74	0.23367195729574655
197	183	0.22460450382542813
106	5	0.7847819827163672
106	101	0.7263418000613306
106	100	0.5227962451300702
106	184	0.4756134587373914
106	99	0.4685415403743077
106	102	0.4661029206580403
106	96	0.3996564424601043
106	161	0.3857096623597264
106	10	0.3693325468432103
106	191	0.3662021668889382
106	181	0.3625685085881287
106	159	0.3587059803554377
106	110	0.3572674357044429
106	13	0.34555751051023725
106	135	0.3393519901084549
106	15	0.32903882585415195
106	104	0.32463547266499565
106	87	0.3138496508670377
106	162	0.31110648693084986
106	83	0.3100041495260657
106	140	0.3038992174943494
106	52	0.2997455388372763
106	115	0.2977054306087804
106	150	0.2924744059432185
106	118	0.2877303648903517
106	190	0.2790116817334159
106	152	0.274283548016106
106	20	0.2737470969847717
106	163	0.2552960671497245
106	122	0.2266829987933308
106	7	0.22332221949242387
106	79	0.22271405125305144
106	1	0.22057458624773746
96	78	0.8058227180270021
96	190	0.6409650336907378
96	81	0.7252818394718573
96	7	0.6772573629421257
96	184	0.6134347830278668
96	98	0.6028740203010177
96	83	0.5974935412841438
96	193	0.59346624920045
96	75	0.5907582463832027
96	63	0.5712457014680417
96	73	0.5670948095299629
96	74	0.5551395756413776
96	77	0.5500060587528658
96	185	0.5288951684968597
96	31	0.5217708653970287
96	88	0.5144995063498528
96	92	0.5060160355331936
96	182	0.494417293016836
96	87	0.4937899279328746
96	135	0.4729783153899368
96	93	0.4674325375365505
96	79	0.463248888104402
96	80	0.4540814954006469
96	69	0.44797980688942
96	191	0.44062006933305853
96	195	0.4326968340224071
96	91	0.4321033220376084
96	181	0.4202618504438335
96	196	0.4194546058557166
96	90	0.4183579978137891
96	159	0.3744767961091521
96	84	0.3716446832282785
96	5	0.3639400214054204
96	147	0.3625598231158723
96	94	0.35731977618117033
96	55	0.34539899445094724
96	82	0.3359764007733869
96	122	0.3357900924609284
96	76	0.3246444187540521
96	167	0.31850280589799684
96	199	0.3170014202495794
96	115	0.31174762625985863
96	194	0.30906379336584355
96	186	0.30567714093154713
96	183	0.30096465293942715
96	15	0.28406650522454874
96	161	0.274930761621065
96	99	0.2607006483824225
96	116	0.2460275589350677
96	86	0.24382793578672826
96	175	0.23838395699342235
96	64	0.2355240855908573
96	189	0.23120296984987204
96	58	0.2308148495538877
96	169	0.2267778581245206
184	73	0.7108203128896056
184	159	0.6613334930300434
184	190	0.5654440174719689
184	83	0.5133883556582477
184	75	0.5038703449117381
184	161	0.5038181150423413
184	58	0.4878919650189413
184	185	0.4842489584575982
184	191	0.4695867117678349
184	87	0.4622980210119467
184	78	0.4419648546461238
184	7	0.4252224133807717
184	5	0.4128981561133514
184	115	0.4032299072308014
184	193	0.39930346784629617
184	186	0.3938088106450093
184	15	0.38685822147409604
184	179	0.3761006047811414
184	82	0.3706358451528913
184	74	0.3689438652092672
184	81	0.3623513528900532
184	94	0.3544814416700092
184	59	0.3510755684688126
184	122	0.34802956152061504
184	189	0.3388209779160641
184	99	0.3357368566876013
184	91	0.3161106259828204
184	79	0.313552125592136
184	31	0.2982612662006385
184	63	0.2945762434098482
184	180	0.29364447443288577
184	77	0.28043118550316737
184	76	0.2695421160030342
184	101	0.2674728917495989
184	162	0.2642853681086653
184	88	0.26100819351951504
184	14	0.2608031693109216
184	93	0.25370617800339235
184	181	0.25329445347175017
184	168	0.2522553772240781
184	98	0.2495004223617411
184	84	0.24865625844702025
184	182	0.2441288876347796
184	86	0.24071221888844205
184	89	0.23786514382455465
184	69	0.23461713353587935
184	187	0.2326033765120475
184	195	0.23214929592776296
184	192	0.2253355329217665
184	174	0.22330321686382665
184	72	0.22046042160423898
184	175	0.21985144155394204
184	21	0.21952785116135431
184	135	0.21900429386226106
99	30	0.5188245398443345
99	5	0.5167166312453721
99	163	0.5025709674787731
99	57	0.4745991600475156
99	56	0.4519674122890426
99	101	0.4422947083538808
99	74	0.4174748778816486
99	161	0.3987569641983731
99	100	0.36438238856657695
99	59	0.3456015392498241
99	42	0.33093688497466195
99	181	0.3230242316285461
99	58	0.3074438804877558
99	1	0.2947862708887187
99	102	0.2891055871748007
99	75	0.28015475475046003
99	166	0.27974923893157605
99	162	0.2764645859043844
99	83	0.2667856967519578
99	73	0.26041169413590604
99	13	0.26002013331796897
99	7	0.2592180991709433
99	190	0.25826638576902833
99	165	0.2367515959852563
99	146	0.2299531494992071
99	186	0.22605681942115
99	93	0.22075533457241125
78	81	0.8319385013919847
78	63	0.7949355361946585
78	7	0.7562643355491703
78	92	0.7169788711403782
78	77	0.6938904087053603
78	193	0.6815323848685707
78	74	0.6800515856426449
78	31	0.7064894495052271
78	98	0.6864229860326907
78	88	0.6596139840633535
78	93	0.624915573292541
78	80	0.6178870372504369
78	185	0.609414867153632
78	190	0.5931876250566358
78	90	0.5802370502541281
78	91	0.5584376985781603
78	69	0.557955807146665
78	73	0.5534284372899321
78	75	0.5469436801761124
78	83	0.5376825684812809
78	182	0.5250380702860775
78	84	0.5061722479633128
78	79	0.4702178571033646
78	167	0.458791882834083
78	94	0.4309314608063292
78	196	0.4283629437694022
78	194	0.4262213014876376
78	65	0.4249766262641404
78	87	0.4233200287750042
78	147	0.4005299647891111
78	135	0.3975957557611409
78	195	0.3793156115948471
78	86	0.3779278461788856
78	76	0.3695052527776914
78	55	0.35622888628173643
78	64	0.3394670142629143
78	183	0.3179096343570981
78	181	0.3123523848426306
78	60	0.2923006491324646
78	82	0.2843606564663785
78	191	0.2839102156211216
78	189	0.2740523400329644
78	199	0.2698666568393789
78	57	0.25810771806362903
78	186	0.2513000371767779
78	169	0.25079407048794605
78	66	0.24813081009809995
78	187	0.22351223644014526
78	116	0.2224954484153276
81	80	0.6304062299865966
81	92	0.6752004810350866
81	63	0.6616540758146767
81	74	0.6360489331248247
81	77	0.6303399407116836
81	98	0.6287280987366273
81	69	0.6218095787366995
81	193	0.5903609904127676
81	185	0.5827851465570961
81	182	0.5819855457105045
81	7	0.5790883461289776
81	31	0.5685380634297256
81	93	0.5615745047516535
81	79	0.5556927858774883
81	190	0.5414325149159932
81	183	0.537462153538006
81	196	0.5367506369284147
81	91	0.5275036288775495
81	195	0.5124967190092975
81	167	0.5042731372016181
81	88	0.5007600062207481
81	73	0.4717197599030685
81	60	0.4645438079151499
81	94	0.4413853100382327
81	181	0.4386678248948535
81	65	0.4362581217839913
81	84	0.42929330495438
81	147	0.4285752114724237
81	90	0.4176730295585618
81	83	0.3903306014687221
81	199	0.37216169601686144
81	75	0.3717739580550779
81	194	0.3703166286356107
81	135	0.3629506070009511
81	175	0.3503652024008793
81	57	0.3494525361788364
81	55	0.34872368211757315
81	191	0.2827053607616484
81	66	0.2800718164612787
81	64	0.27926986425141376
81	169	0.27636299040856144
81	76	0.2723126425663613
81	87	0.26633980349822595
81	86	0.2586956520388603
81	162	0.25556714600881725
81	163	0.2512813001167817
81	170	0.2438561520184545
81	161	0.22916688872745256
81	82	0.22177294959305094
81	68	0.21889004640601506
63	167	0.5455193699273367
63	31	0.7184916191046495
63	77	0.6892628102736529
63	7	0.6793467940783228
63	74	0.6637012035102782
63	92	0.6617608830241525
63	93	0.6532344449505353
63	84	0.6259688348669561
63	91	0.6058446380078255
63	193	0.6046089227682984
63	65	0.5944629461223452
63	88	0.5863464390977297
63	86	0.5657908566838215
63	80	0.5612320915971327
63	98	0.5379739721818256
63	75	0.5316912516395942
63	190	0.5241102984532021
63	64	0.5195476810623956
63	90	0.5172002488347811
63	69	0.5171636226925288
63	83	0.514734760492167
63	87	0.4896120982426764
63	94	0.4872745323905542
63	185	0.4685805629013387
63	189	0.4509482946809101
63	73	0.4330868842370916
63	76	0.4204841378091356
63	187	0.4139676603561869
63	82	0.4078837560273944
63	116	0.36511930180229657
63	147	0.3639573722323413
63	194	0.3617865639726878
63	60	0.3542978159928332
63	182	0.35073359074410404
63	55	0.33580783724203184
63	135	0.32358837961466536
63	66	0.3164886068877065
63	186	0.31126002497717903
63	191	0.28461799489488965
63	1	0.2812601985615081
63	169	0.2694308307583169
63	68	0.2558849114325554
63	152	0.2526205245001412
63	79	0.2322817465607487
7	31	0.7241708749828497
7	135	0.5972684437064697
7	93	0.7020340255106806
7	92	0.6641876881014218
7	98	0.620814946068547
7	90	0.5998033682069411
7	193	0.5915258964414098
7	190	0.5586647453498771
7	88	0.5565561926013423
7	79	0.5422095877118189
7	74	0.5411143545450964
7	91	0.5314114449121299
7	83	0.5146171431062749
7	77	0.4938882239183563
7	75	0.4860993035883228
7	87	0.4845474482195865
7	84	0.4722249672306131
7	185	0.4589971309483979
7	86	0.4546449187563175
7	181	0.4528661226820939
7	73	0.4448089144942981
7	65	0.4268185004117316
7	69	0.4152760401232843
7	80	0.4123339275048092
7	55	0.4004208142592287
7	196	0.38837078478931225
7	147	0.38513067551248265
7	195	0.3803938064944761
7	94	0.3800259671125519
7	189	0.3742618342067753
7	64	0.36485926695834003
7	116	0.35062834800135045
7	57	0.32329290218809004
7	68	0.3134619542586416
7	167	0.3066468441857273
7	194	0.292584137138088
7	191	0.289701146847819
7	76	0.28709736356494153
7	182	0.27356207435197843
7	169	0.2578650228767797
7	1	0.2549407996125536
7	66	0.2467883782074428
7	82	0.2427554134799065
7	122	0.23487225516476135
7	58	0.2346454819803595
7	13	0.23119350437612055
7	159	0.2282097101432686
7	186	0.2220486687127396
92	93	0.8081594204828048
92	91	0.7071899778861072
92	65	0.6740125870149567
92	66	0.6188320130460543
92	98	0.7076944985132319
92	31	0.6876584462977863
92	69	0.6722406328350035
92	77	0.5926948253707583
92	68	0.5696131461832477
92	193	0.5360098489684404
92	86	0.5146318463388627
92	84	0.5118032788646631
92	79	0.5073539214923387
92	88	0.5039673334659539
92	90	0.4914953021074288
92	80	0.4852281947254798
92	64	0.4815958836202137
92	74	0.4765337497237391
92	147	0.4289180055297992
92	60	0.42236743325131215
92	190	0.4126077838728139
92	167	0.40667427683073215
92	55	0.3988746966287666
92	94	0.3935384038992896
92	169	0.3880480532851027
92	87	0.3796237725810843
92	73	0.3744596006377847
92	75	0.3696088640871836
92	135	0.35189067583009515
92	185	0.35007567834223546
92	189	0.3488554339938647
92	196	0.34795924952916824
92	76	0.34708001952536544
92	83	0.31805345639458626
92	182	0.3164796085096109
92	195	0.2975504896177017
92	181	0.2917518167455767
92	67	0.28758360433727004
92	199	0.27261814422407404
92	174	0.2655313314617039
92	116	0.2576783121240393
92	82	0.2262940305890059
92	175	0.22482288968785227
77	185	0.6400095970386975
77	76	0.5327305410673837
77	31	0.6685352622783639
77	84	0.6267709468164041
77	74	0.6108711888969208
77	98	0.5712524382130436
77	147	0.5492104178228968
77	182	0.5242190861591312
77	75	0.5227744442655721
77	93	0.5107323015917761
77	167	0.4951573746984718
77	80	0.4927078393313821
77	91	0.4859923772668809
77	69	0.4829695350625084
77	65	0.4821563742173402
77	193	0.473599113568775
77	169	0.4695945066144323
77	196	0.452889969726349
77	86	0.4211424706857463
77	73	0.4145309706264444
77	190	0.3984036880421168
77	183	0.3982017628582115
77	189	0.39189760586883776
77	90	0.3861607209792004
77	55	0.3856926376672696
77	195	0.3666956245380889
77	186	0.3630808399382873
77	94	0.3574157278929149
77	194	0.3565606197326345
77	60	0.3466841667684025
77	88	0.34627938960451365
77	82	0.339865096390758
77	116	0.3315333747484632
77	170	0.33148886972968394
77	64	0.3303134040988096
77	83	0.31943699431903266
77	175	0.30869290976531305
77	187	0.2791961019361701
77	135	0.2691711372059754
77	66	0.26376440524396616
77	68	0.2459054238722071
77	199	0.24347049446900776
77	87	0.2339082928386691
77	59	0.22774517727428395
77	79	0.22435760568045449
193	88	0.7633941398448121
193	31	0.6193130773569685
193	87	0.6182207622966005
193	190	0.599822574938912
193	83	0.5711581167790141
193	194	0.5594209633978033
193	80	0.5549735167075797
193	98	0.5338683314441083
193	185	0.4861985792849601
193	91	0.4785562587898191
193	182	0.4733120528442818
193	90	0.4708096058456203
193	93	0.45393859792331603
193	79	0.4469000805312502
193	74	0.4467720265250843
193	191	0.4255090857689377
193	135	0.4184899852314905
193	195	0.4175987273340651
193	94	0.3922361192923493
193	167	0.3879970869760208
193	189	0.3789474201066805
193	147	0.3781678285297936
193	69	0.3667735200558284
193	55	0.3621776000010394
193	73	0.3582789536232311
193	84	0.35472623338096204
193	75	0.3483371304414868
193	86	0.3427188619480802
193	199	0.3358699420988108
193	196	0.31612862735045244
193	65	0.30101921717070823
193	187	0.3005098744023525
193	76	0.2881705654540089
193	82	0.2874551777735645
193	64	0.28421358753360604
193	159	0.24847799771491674
193	183	0.2428401079121053
193	122	0.2414186344446055
193	179	0.2257436596274386
74	57	0.5097707654486596
74	75	0.6236767579913202
74	84	0.6248911934620902
74	190	0.6192329322342922
74	73	0.6179426735611884
74	93	0.5706862833280802
74	185	0.5635976527077982
74	83	0.5486165279916034
74	98	0.5360811144924814
74	31	0.50388526705487
74	76	0.4920411801445922
74	167	0.4489704055839705
74	65	0.4226878067051151
74	90	0.4153008661883018
74	186	0.4130640454345962
74	55	0.4054967938237434
74	94	0.39547199998827376
74	59	0.3727473647683989
74	91	0.3693239108766166
74	69	0.35179429307495363
74	60	0.3218862831183257
74	88	0.3172172862461705
74	187	0.3127313582184141
74	64	0.3071269290038973
74	86	0.30572246831300776
74	189	0.3007827579375229
74	87	0.3004825833418621
74	196	0.2987895780738245
74	194	0.2981337152449887
74	169	0.2951332104089849
74	161	0.2901591170951594
74	82	0.28233728808723296
74	58	0.28046803942375603
74	79	0.2802561180908077
74	191	0.2778216773800332
74	80	0.2741910686263279
74	30	0.26808556595040833
74	183	0.2573795348939581
74	195	0.24637513134251265
74	56	0.24234129855797
74	159	0.234154052483715
74	182	0.21982289140533756
80	88	0.5864973442503201
80	182	0.5796862253837721
80	31	0.5428376322717724
80	69	0.519525778614808
80	147	0.5145068592146018
80	91	0.5028549337546926
80	194	0.4078504102497015
80	79	0.3982438337883434
80	94	0.3919907076442789
80	82	0.3883453094484979
80	185	0.3831359634983281
80	90	0.3805135421944305
80	84	0.3754822826497717
80	98	0.3681228913045139
80	196	0.3640614718890449
80	60	0.3595508762323899
80	167	0.34522284237781964
80	93	0.3442271264273495
80	195	0.32366000100529085
80	135	0.312307262338578
80	83	0.3114767569098653
80	55	0.31108842256337765
80	66	0.30632972146350496
80	190	0.3034090086525653
80	199	0.3019646837702054
80	86	0.29839791611856964
80	65	0.2920445512864939
80	87	0.2831837307879687
80	150	0.2707472442035093
80	64	0.2687629682551897
80	189	0.2686980233807788
80	148	0.2659774312635416
80	54	0.2556512657627973
80	187	0.2528545554326617
80	183	0.24155047037388525
80	180	0.23391774568566315
80	159	0.23140173468560976
80	181	0.22839928555379035
80	75	0.22515517266149296
102	101	0.6699486753484463
102	1	0.6353040390831262
102	13	0.6327925195538551
102	110	0.5954449110632533
102	104	0.5519421249596953
102	100	0.5192409846692181
102	30	0.3943156396003599
102	140	0.3657691396507844
102	152	0.35472623338096204
102	5	0.3361272025346235
102	2	0.32141111581241083
102	10	0.3198320411717347
102	115	0.2847742160761006
102	15	0.2694864742803716
102	166	0.26275925669695804
102	141	0.25760362243352875
102	37	0.2435175300022965
102	52	0.2418800211789171
102	161	0.23966625587985155
102	156	0.2336152326555347
102	135	0.2274038217335602
102	20	0.22136405941922044
13	1	0.6592692506684844
13	110	0.587356071322592
13	101	0.4613382178972214
13	20	0.41669840155779225
13	166	0.4065156875325576
13	10	0.4051708690807295
13	35	0.3761521165187688
13	30	0.3332323603728318
13	2	0.3124426256224058
13	104	0.30667402296707896
13	37	0.3033545310824834
13	140	0.2986893950548441
13	135	0.2969852779213341
13	181	0.2886106442557863
13	5	0.2814351588227588
13	144	0.28015475475046003
13	142	0.2681783764749157
13	52	0.2182234833787696
5	101	0.5631129848903489
5	161	0.4005467561695459
5	100	0.37470031379513263
5	159	0.3596205320820477
5	83	0.3465169918417859
5	15	0.3325921584218533
5	168	0.2820979962562669
5	52	0.2760951181330913
5	191	0.2723219009993961
5	190	0.26247994741610164
5	110	0.2548566472149493
5	122	0.25240518993217576
5	10	0.24926597035784676
5	118	0.24194592464683304
5	59	0.2397039579218269
5	21	0.2346927285009003
5	87	0.2274038217335602
101	100	0.6509468361924271
101	110	0.4346697951456118
101	10	0.4143073413024471
101	140	0.4084421360124293
101	104	0.3776192228072566
101	152	0.3724028896650728
101	161	0.3362513792808469
101	166	0.3324765337039406
101	1	0.3082947838931238
101	37	0.2921268730207321
101	141	0.27817231008999593
101	35	0.2693009888776473
101	137	0.2664698674828761
101	22	0.2609336419851559
101	144	0.2505316634143867
101	162	0.24124911801231
101	163	0.23828963743640502
101	191	0.2375349192852475
101	181	0.2340878893677784
101	20	0.23392719848843366
101	52	0.2310799152777143
101	15	0.22835189332429426
101	87	0.2266165947024877
101	145	0.22487036188758452
83	190	0.8172565506590072
83	87	0.7612537668304221
83	88	0.5583275851665738
83	82	0.5322433498981602
83	191	0.5161373217890459
83	159	0.5109318452496612
83	93	0.5014340177471032
83	94	0.4869084162926877
83	189	0.4631310698482586
83	90	0.4627853751963745
83	86	0.4450575451616328
83	84	0.4414819264013336
83	75	0.42639313653921534
83	64	0.4119188515983453
83	91	0.4077170162592152
83	73	0.4045772544521121
83	55	0.39139810483513016
83	135	0.3897116465370855
83	186	0.3802141790320741
83	187	0.3735822902467512
83	31	0.35810461389482645
83	98	0.3559494621250231
83	185	0.3521272200472781
83	79	0.3304737553130829
83	54	0.33003719897796624
83	115	0.3197512451743598
83	194	0.3151832480678336
83	89	0.29898081827697875
83	15	0.2969852779213341
83	69	0.2968393830308459
83	116	0.2731364454773981
83	122	0.26808556595040833
83	59	0.2592274272065337
83	147	0.2512906686703221
83	150	0.25052229105205
83	167	0.2504004460688823
83	192	0.2392514857300495
83	179	0.2368082321015748
83	21	0.23069177167583546
83	1	0.2241961567012062
190	55	0.5851114271961442
190	87	0.5847101207956171
190	191	0.5560728327253045
190	94	0.5304707321161399
190	93	0.5236023963219046
190	159	0.5032284082796152
190	91	0.4893079266911686
190	185	0.4788029358560613
190	73	0.4784406029024333
190	84	0.4771518464250269
190	88	0.4608500347546998
190	69	0.4335092556691524
190	90	0.4256401075705335
190	98	0.4254927067891933
190	75	0.4216194847467897
190	82	0.4162437980725549
190	64	0.4083004864246715
190	31	0.3796751245588344
190	57	0.3724631802194519
190	86	0.3716963948888803
190	135	0.3650586320990965
190	79	0.35669154240804035
190	194	0.3551632404852784
190	54	0.3527577846933032
190	186	0.34934718581055274
190	65	0.34428883047841424
190	162	0.3351422449111544
190	189	0.3209896055682742
190	167	0.2992357678589911
190	195	0.28806969690723505
190	169	0.2825029310853849
190	196	0.2824385163651009
190	59	0.2800902475535881
190	76	0.2749215174648872
190	163	0.25451064681088537
190	179	0.2520400002703049
190	181	0.2346265830617153
87	191	0.5813106266144692
87	88	0.6269591292825826
87	86	0.5800977350378899
87	89	0.5515108543001291
87	93	0.5431902002013165
87	82	0.4905542729392547
87	91	0.4829925369420713
87	189	0.4800351871934325
87	115	0.4722948945807238
87	135	0.4305812477605339
87	187	0.427022935085274
87	64	0.4249930140221925
87	31	0.40876702250239455
87	94	0.4007650196311918
87	152	0.39809237059971575
87	15	0.3979661346929592
87	122	0.3911609727470844
87	179	0.3817699963685827
87	159	0.3811462189185335
87	52	0.3718342813738025
87	14	0.3710153400313896
87	75	0.3694275382653331
87	116	0.3645991751824799
87	90	0.35387799756187394
87	192	0.34356582505886746
87	24	0.3435040861975032
87	79	0.3362247709621444
87	156	0.327727344279038
87	98	0.32695949653637657
87	178	0.3151742414442452
87	150	0.3053960802467555
87	186	0.30460701288117936
87	118	0.300091357423291
87	51	0.2948684478031851
87	69	0.2926847172980813
87	46	0.2910563532065423
87	21	0.2895912142371725
87	50	0.2821164045668157
87	84	0.2754945589744934
87	73	0.2629268211330528
87	147	0.25275158546595256
87	72	0.24423232897601466
87	127	0.2401845955490812
87	1	0.23965683025640394
87	129	0.2355618663711101
87	18	0.2349478405462677
87	54	0.2244430736842676
55	158	0.5840647994296445
55	84	0.5483088849908271
55	54	0.5297085869976588
55	65	0.5248786981743899
55	91	0.504041931398893
55	69	0.46291895573424297
55	185	0.462557454001985
55	90	0.4570136526817836
55	57	0.4559132718301001
55	64	0.4358936947826527
55	93	0.4241322802574494
55	169	0.3901441042119594
55	162	0.3803253803681538
55	94	0.3756970157520333
55	194	0.3677165128214007
55	76	0.3500405799699933
55	31	0.3377140092311899
55	167	0.3370582430259306
55	196	0.33341902810804463
55	163	0.3238748429214893
55	86	0.3028913916954468
55	88	0.3026279740912205
55	159	0.29847990019812826
55	56	0.29514233934592315
55	82	0.2769447718418376
55	147	0.2682340604003588
55	189	0.26166970187366834
55	98	0.2612784167277485
55	66	0.2565483020650017
55	73	0.2442229254473537
127	129	0.7182593295106159
127	24	0.6484793273578915
127	25	0.5665654207586329
127	26	0.5657636608400899
127	118	0.5408172650363902
127	143	0.5274603231116735
127	130	0.5085633452009836
127	22	0.4817034055266993
127	18	0.44075705424309297
127	33	0.41169463949523344
127	27	0.4103815845875352
127	34	0.3979240527078522
127	52	0.3812145950382679
127	140	0.3755853595714999
127	115	0.37353926762954204
127	21	0.3711446849746949
127	156	0.3658990644619089
127	48	0.3623947871779464
127	138	0.3620038219384407
127	43	0.3607605760773812
127	51	0.3351866281511663
127	29	0.3296272420626533
127	141	0.32056796812257426
127	152	0.31198233871865183
127	122	0.3075887498819022
127	39	0.30367228894182313
127	53	0.3003097285341184
127	155	0.28622542966517833
127	46	0.2832849064031268
127	15	0.2786520031456179
127	133	0.2465348055333085
127	14	0.2447588532271091
127	89	0.24306594162949044
110	104	0.5825605791676022
110	1	0.5702478145836536
110	10	0.5030790410146165
110	166	0.4335173763312008
110	100	0.4231969009345698
110	181	0.3147598754077574
110	37	0.3106457753678794
110	142	0.2909556685014885
110	135	0.2909465150268665
110	2	0.2844341859148753
110	107	0.28303655500483993
110	141	0.27031164171765765
110	144	0.2408158424832875
10	72	0.4006307090361735
10	79	0.36758678798214894
10	166	0.35812204899166256
10	52	0.3576250508926053
10	45	0.3515927413920865
10	104	0.3347249697664435
10	100	0.3243849585935628
10	181	0.32250465424132524
10	135	0.3120635764692351
10	35	0.3007463763105226
10	150	0.28538057842792336
10	146	0.2704228699031332
10	39	0.2701633262456831
10	37	0.2549127492423657
10	2	0.2522741044740879
10	42	0.2259524380114135
10	178	0.21873770712841326
46	14	0.7457984859114968
46	48	0.7351533280793026
46	51	0.6277414258477271
46	152	0.6856289338183228
46	18	0.6239211079407513
46	115	0.6159606911945915
46	118	0.5953674520859721
46	15	0.573746459193962
46	52	0.5689439835946355
46	21	0.5475321258795177
46	122	0.5363447304965275
46	178	0.4969592566999274
46	43	0.4960098430228166
46	49	0.4818109129319358
46	47	0.4779315197937064
46	155	0.4708563048252872
46	156	0.4504781487237079
46	143	0.4257629243030773
46	89	0.4251404913076188
46	132	0.4183662475451321
46	116	0.41121283013761867
46	39	0.4078754196849764
46	130	0.3821714225951948
46	157	0.3740554329321201
46	24	0.3594202607138209
46	45	0.346772144726904
46	129	0.3401569459140041
46	153	0.31679451784500706
46	148	0.30020054691201226
46	187	0.2942931178648656
46	133	0.2922091904263739
46	150	0.28944462553771355
46	50	0.2874001346530384
46	140	0.2800073060122213
46	28	0.2756331686577181
46	26	0.2724052246273959
46	142	0.27155327959731484
46	67	0.2642481615855913
46	75	0.2445990307509541
46	173	0.2321303737058219
46	33	0.2319884514417756
46	27	0.2259524380114135
46	53	0.22277107439807411
14	115	0.7752683799545887
14	15	0.6841370079429492
14	152	0.6199168330141579
14	18	0.5898852095053368
14	48	0.5317199432058938
14	51	0.4767733181571735
14	122	0.4576621431013107
14	143	0.4528104770589386
14	156	0.4527150763549602
14	52	0.4394750410654216
14	116	0.4225153110423769
14	178	0.4161363159140451
14	118	0.3879970869760208
14	24	0.3830079751187243
14	21	0.37845916735085583
14	89	0.36974699820312396
14	155	0.3621776000010394
14	75	0.3590631731113397
14	153	0.2770001690168545
14	132	0.26859596221364523
14	179	0.26631193138225856
14	39	0.2568378757462378
14	43	0.2519650806927853
14	49	0.2519088890274657
14	133	0.25080344148778594
14	26	0.2473986922921633
14	187	0.239798209863512
14	192	0.231060983148765
14	186	0.22061263978604756
48	18	0.6545681660557487
48	118	0.5811781956284502
48	51	0.546228411725448
48	115	0.5153299012092583
48	15	0.506967671786055
48	21	0.5046160835830756
48	52	0.5003328178660551
48	43	0.4862214872790631
48	24	0.4740876611816038
48	152	0.4714942597254981
48	89	0.4339152025070923
48	178	0.4323797988928104
48	155	0.4314768829591857
48	156	0.4291954150410331
48	143	0.4035229578351365
48	132	0.39767152563496616
48	39	0.3953538891841017
48	130	0.3839632664069163
48	122	0.3728506872745671
48	173	0.3448528438527375
48	129	0.33306344800346155
48	50	0.3237763778544736
48	26	0.3232302170506385
48	49	0.3164886068877065
48	45	0.3036995221879434
48	140	0.2968485018675841
48	67	0.29592722619014245
48	47	0.28406650522454874
48	33	0.2826317528827384
48	28	0.27305315774682704
48	27	0.22443357740988745
48	179	0.22377823162474916
48	150	0.220412851219784
51	155	0.7196699493080925
51	89	0.6114225084073335
51	43	0.5728065638409563
51	21	0.5614649534570961
51	52	0.5435566677475948
51	122	0.5114932281256284
51	118	0.5114341557343376
51	18	0.5064548336646849
51	115	0.4864505304620693
51	39	0.4748780244193235
51	179	0.46930604853825203
51	156	0.4628560969232607
51	47	0.458539202543216
51	24	0.4502469683922178
51	168	0.4488506336825264
51	143	0.4470361178488384
51	150	0.4310373136256339
51	152	0.427734027457204
51	178	0.4274970554246476
51	15	0.4270883449636457
51	192	0.4052460916285241
51	82	0.3733757670285172
51	129	0.37260097539519627
51	50	0.3383605926643455
51	173	0.3328055931704192
51	132	0.33050047866104537
51	72	0.3051784483233886
51	49	0.2916145786090708
51	187	0.29104720031791
51	153	0.28150882070422845
51	45	0.27278475832884874
51	130	0.25797704008560085
51	157	0.2498192301482881
51	26	0.2495004223617411
51	33	0.23367195729574655
51	148	0.23004785947590925
152	115	0.662036209265563
152	15	0.6510044592629245
152	118	0.561403322203378
152	52	0.5369214706192141
152	21	0.4928895551964281
152	116	0.4690876893371306
152	156	0.4630289474507685
152	18	0.4522856449230497
152	186	0.4455465858404284
152	122	0.43523736587724265
152	132	0.42542718808259694
152	75	0.3973010435962177
152	133	0.3929128274658527
152	178	0.3894147623630874
152	187	0.3835368984826114
152	129	0.3630895216298024
152	157	0.3556874441592135
152	143	0.3505318677068061
152	89	0.3362425099009245
152	24	0.3332234707812692
152	155	0.327522032005579
152	153	0.3136152421612271
152	28	0.3103837370002514
152	43	0.287115714961643
152	26	0.2846455644373872
152	82	0.28233728808723296
152	150	0.2806062342606636
152	49	0.27809849883430154
152	45	0.26956993618949543
152	86	0.2664048367032897
152	130	0.25958185670946543
152	39	0.2535564706195609
152	142	0.25049417368328697
152	47	0.24705130677099865
152	148	0.2416163849951763
152	188	0.22787791154006626
152	53	0.2256012988379288
122	52	0.5598055898474597
122	155	0.5215816233859953
122	150	0.5047055216798008
122	156	0.4552000505926323
122	115	0.4342073751892617
122	118	0.41204339233126464
122	89	0.41077235505607423
122	116	0.4051708690807295
122	88	0.3920330239791192
122	82	0.384815511102228
122	178	0.3844235599182708
122	15	0.38253002191619134
122	21	0.3785876753534345
122	189	0.3619169234696822
122	157	0.3541404008052341
122	129	0.3507686696898836
122	47	0.3442976451000783
122	187	0.3441213411359055
122	148	0.3368898178110734
122	43	0.33271666616745976
122	159	0.3208550542398792
122	49	0.30361782096100776
122	188	0.302800563264151
122	90	0.2891055871748007
122	18	0.2872808680465311
122	75	0.2818862857579684
122	91	0.27216450078113275
122	26	0.2674264682161768
122	50	0.2664327073344246
122	45	0.2623495880278031
122	86	0.2531259942474366
122	192	0.25085966649965713
122	168	0.2471452010161983
122	140	0.2462811990991033
122	132	0.2383273657987213
122	31	0.2278305074171165
122	143	0.2274133045870141
122	28	0.22241940739995267
178	156	0.5045266346540379
178	89	0.5035121232563115
178	155	0.4458350753215291
178	52	0.44548246449585377
178	50	0.3809410655416953
178	118	0.36972973233229983
178	115	0.3683389927962597
178	192	0.3615605739947909
178	47	0.3592896311107334
178	15	0.3569795229772892
178	72	0.3439890972353188
178	45	0.33753680741525155
178	43	0.33477824624807834
178	150	0.31674053834503946
178	24	0.313308650018211
178	179	0.30839432549290985
178	49	0.2986711792531236
178	173	0.2891147513279009
178	187	0.28341366624833725
178	67	0.2817113737689068
178	153	0.2786888968568237
178	199	0.2723404177141882
178	18	0.2701077046375057
178	148	0.2685495687801753
178	159	0.25080344148778594
178	168	0.2362606822781749
15	115	0.8024303415894809
15	18	0.6784357043197236
15	118	0.6280019100214668
15	21	0.5548004916061589
15	116	0.479018716291469
15	52	0.466838381392363
15	156	0.4539227189841704
15	75	0.4480197716988463
15	186	0.4474361077652055
15	89	0.3688920312364403
15	143	0.3525651461183902
15	24	0.3459008943185773
15	132	0.3198589721372882
15	187	0.27716634949244184
15	191	0.2723126425663613
15	161	0.2689577882146917
15	73	0.2685310110579223
15	179	0.2576783121240393
15	28	0.24187060621559095
15	82	0.2369498153504825
15	26	0.2362795658067439
15	155	0.22437659886852213
15	133	0.22389221935961126
118	18	0.6780631197176901
118	21	0.6301410177259832
118	115	0.6138898785217901
118	129	0.5476721522580885
118	52	0.4795964144390637
118	133	0.4696568627516799
118	24	0.4670495114949789
118	26	0.4491779719990636
118	43	0.4473481253330021
118	156	0.4460113288699172
118	132	0.4029619028529749
118	155	0.39636584296529664
118	89	0.3879970869760208
118	28	0.3686760316534866
118	143	0.35916769744366306
118	29	0.3440331800521307
118	187	0.3328500544523917
118	116	0.3264324674126966
118	150	0.2743205383516641
118	33	0.2668321374020345
118	130	0.2577623343451206
118	148	0.2509814815519721
118	179	0.24013747941528896
118	47	0.2386385973316912
118	140	0.2376198394141744
118	25	0.2340595330828495
93	91	0.6989936440419859
93	86	0.6507393310165274
93	31	0.6479226854174227
93	65	0.6380512722742085
93	98	0.626376133207355
93	64	0.6195719195650458
93	90	0.6195164647156677
93	84	0.5762365647856351
93	79	0.5446548276661775
93	69	0.5437398238577056
93	68	0.5274170146046617
93	94	0.5177713713629128
93	66	0.5076657436675436
93	88	0.5064697035840933
93	189	0.4674325375365505
93	167	0.4419809478452142
93	73	0.4237139327795284
93	76	0.4156649107259227
93	135	0.3970230970442669
93	75	0.389372343730058
93	60	0.3606300912462802
93	67	0.3588540974251712
93	147	0.35820922072936234
93	57	0.3537467750429176
93	30	0.34417423487388465
93	42	0.3301530338155868
93	116	0.3162456306911656
93	196	0.3012465469160401
93	181	0.3009737471148334
93	82	0.29236466704562275
93	50	0.27940815970855165
93	49	0.2720533859745436
93	169	0.26374579657903197
93	89	0.25982432082730106
93	195	0.2403730487658688
93	185	0.23608127985794164
93	1	0.22711931608223535
93	59	0.2222292930240198
91	69	0.7473653402218117
91	86	0.6703838682581452
91	65	0.6465571476831455
91	84	0.6464640238335927
91	31	0.6015292060547177
91	64	0.5919937670170815
91	94	0.5760027346381735
91	189	0.5291472162944252
91	68	0.5188683877451313
91	90	0.4996953298961929
91	88	0.4788645933140773
91	82	0.4655783157030774
91	167	0.4377629016731162
91	76	0.4050204075270468
91	75	0.4014447026372973
91	66	0.3984373384858946
91	73	0.3747261014954904
91	49	0.3578953732551129
91	89	0.3538342582698497
91	98	0.3502774749050109
91	187	0.33566587232014233
91	169	0.3196884006279543
91	147	0.3179276129120722
91	185	0.31307415312196524
91	79	0.29099228186731296
91	116	0.2848293493527538
91	67	0.27951878772841066
91	47	0.2715347543203786
91	42	0.2701540561028674
91	54	0.2631409081647041
91	196	0.26302921381478395
91	191	0.2494066450683821
91	159	0.2463845243123169
91	60	0.24246365989271576
91	180	0.2393457593468825
91	179	0.236940376780268
91	50	0.23177081812084574
91	150	0.22211521628546552
91	174	0.2185187007365748
65	64	0.6659889183402932
65	84	0.660725409897188
65	66	0.6039042127795765
65	69	0.5343186202366805
65	68	0.5086448906044753
65	86	0.5071385381289338
65	90	0.5013217247129365
65	31	0.4905998329885376
65	167	0.4537639137361879
65	169	0.4019646552901354
65	98	0.3865945842434617
65	67	0.3683735653423201
65	60	0.3569358939175828
65	76	0.3563860343800188
65	88	0.34074044837730183
65	94	0.32317648467502025
65	75	0.3206128292123761
65	147	0.29767808922030065
65	189	0.2824201116914501
65	49	0.2821164045668157
65	185	0.2782737952024972
65	42	0.26521527528204025
65	79	0.2563614558867375
65	57	0.2371574525759213
65	172	0.23213983483875544
65	82	0.22609477501050065
65	196	0.2229231286647957
66	68	0.5900351573098441
66	50	0.4700464824410663
66	67	0.444439852292127
66	60	0.41019861894151904
66	64	0.4005803381233273
66	98	0.38087267274518455
66	69	0.3702734845570704
66	86	0.34245407159693003
66	31	0.32855720426239243
66	49	0.3230600573794549
66	79	0.31993976193276424
66	88	0.30846671514199114
66	170	0.30778792201621336
66	199	0.2974046484827496
66	47	0.2940921587137397
66	84	0.2434422725993308
66	172	0.2429247986422881
66	45	0.2402788244215409
66	174	0.2402128646861803
66	85	0.2377047559110116
66	90	0.22845615480036985
56	57	0.8081594204828048
56	163	0.714501286668649
56	162	0.5311387011354133
56	58	0.4563250885676252
56	60	0.3138947250795064
56	158	0.3099499146717123
56	181	0.2852703477024727
56	62	0.2669621646292859
56	30	0.2634201131739852
56	196	0.2596751160142789
56	160	0.24258601351397865
56	59	0.2408535224295106
56	161	0.23975108445759455
56	165	0.2375632263983847
57	163	0.6096725343015298
57	162	0.5079774328978962
57	58	0.4808351364089204
57	30	0.4159295867698314
57	158	0.39363981441268986
57	59	0.3836562979933051
57	73	0.3757227810141983
57	60	0.32815572235650753
57	84	0.31307415312196524
57	196	0.3054414162161549
57	185	0.29695792368528723
57	181	0.2880238454543663
57	94	0.28658343893452914
57	79	0.2845260930198051
57	169	0.26521527528204025
57	90	0.2353635093342082
57	62	0.2343808809834143
57	98	0.2287499543971108
57	42	0.2254304531723199
57	69	0.2232747126026822
57	172	0.22326521109744096
57	161	0.22317019371179864
163	162	0.6357868654270148
163	181	0.44775597087261176
163	165	0.3747261014954904
163	183	0.3644951225375037
163	100	0.35393048266918203
163	175	0.30158293209843545
163	196	0.2699501002913565
163	166	0.26508511793004397
163	158	0.2525549905404405
163	176	0.2460087694338106
163	58	0.2377802341914483
163	185	0.2351745796396013
163	161	0.23401227172304165
163	169	0.22347423440920228
115	18	0.6641317989180199
115	21	0.5461091227807872
115	24	0.4917607077694209
115	156	0.4803891094774662
115	143	0.4645202816157712
115	89	0.4613854466127824
115	52	0.44179585887954415
115	116	0.4353751523150568
115	75	0.3981512755306602
115	191	0.396037063452121
115	129	0.3345740081146055
115	132	0.3328500544523917
115	179	0.33023322134038
115	155	0.32695949653637657
115	133	0.326048233510003
115	186	0.3257175273861324
115	26	0.3122621384252948
115	33	0.27781244920323983
115	192	0.2577249916169589
115	159	0.2533599612445392
115	39	0.2516841053829911
115	82	0.2399301549876178
115	73	0.2385254278970595
115	161	0.22154474142881814
18	21	0.5866678836659881
18	143	0.5163060302793818
18	24	0.4473721214005998
18	156	0.4321683827259612
18	132	0.42323794528519537
18	129	0.4127073495205512
18	33	0.4101237598397104
18	52	0.3844320820707751
18	43	0.379478262607329
18	26	0.35839226105003696
18	155	0.32714703412940954
18	130	0.32458179491092465
18	133	0.3195267874510746
18	28	0.3136603237282704
18	89	0.3034725633107904
18	39	0.2946492996749867
18	29	0.29017743314260097
18	116	0.27017259633841
18	179	0.256912596955226
18	140	0.2388932048578881
18	131	0.2352501536509605
18	34	0.23283983667407204
18	25	0.21835681229611067
167	187	0.5067298784075095
167	194	0.49208665253070294
167	90	0.4904555502983761
167	84	0.4881357546066165
167	31	0.4685883671873298
167	189	0.4354156738567568
167	147	0.4329081313434036
167	169	0.4013524259262501
167	185	0.3967956320480913
167	64	0.3967703551504144
167	196	0.35940284424710284
167	76	0.35780817904458273
167	86	0.3417653621096329
167	182	0.32792370097186796
167	75	0.3210972373026915
167	69	0.2991902442801531
167	148	0.2933703184129998
167	88	0.2912668549370507
167	73	0.2828617664487277
167	98	0.27931596402480746
167	94	0.2698852001790424
167	79	0.2665441854032165
167	60	0.26596813867876506
167	183	0.2395248667851139
167	49	0.2323290482708538
167	129	0.23010468337044915
167	150	0.2299436782619377
28	132	0.7865044158629269
28	133	0.6247875655851667
28	131	0.6089557751282278
28	29	0.6214659815327154
28	21	0.5907061635462981
28	129	0.4555884324615709
28	26	0.3995724116292381
28	52	0.3738748014139234
28	156	0.3105192799790553
28	53	0.23166672441575306
28	43	0.2286077985016993
28	199	0.2253450251393529
132	21	0.6535267227805267
132	133	0.5498177075864458
132	131	0.5216034616225805
132	52	0.4888286150157375
132	156	0.4783943358989584
132	129	0.4216030398679207
132	29	0.4020065756683699
132	130	0.373444612214888
132	43	0.3566653589935589
132	53	0.2785966610367444
132	27	0.26581015717585377
132	24	0.26070996870984336
132	75	0.2369026220521493
132	26	0.2357790920377962
132	199	0.2343619795827617
132	173	0.22915741388036856
132	143	0.2257911110818127
133	29	0.7245511158493042
133	129	0.5717978589476782
133	26	0.5673389849217211
133	21	0.41312210022248297
133	131	0.4087253761751813
133	43	0.31262309026416923
133	24	0.3092446780967736
133	52	0.30843956944222345
133	53	0.3057315336230165
133	88	0.29328806219431924
133	4	0.2836895457917861
133	148	0.26565216139464737
133	156	0.2654569704332869
133	186	0.2598709447876756
133	90	0.2459899797476573
133	147	0.2453134280091007
133	116	0.2280106373369008
131	29	0.3791957484770448
131	21	0.29439358768371243
131	142	0.2940830235888526
131	156	0.2362040306217688
131	196	0.2285983210952889
131	4	0.22162081351458984
27	130	0.7746692452600998
27	53	0.6499776466038969
27	34	0.5999185982304402
27	141	0.53352505089225
27	25	0.5283187087898422
27	39	0.504265680077983
27	37	0.4800967501266356
27	62	0.457393315857429
27	35	0.4478758900061184
27	33	0.444391702615145
27	129	0.4056889575388936
27	24	0.3614997232782116
27	22	0.3437069313047942
27	138	0.3369873297746656
27	140	0.3151202005105196
27	157	0.3094978791299957
27	29	0.300091357423291
27	43	0.2866109747957571
27	143	0.2633177431252645
27	144	0.2320357599609045
27	52	0.2286741391331845
27	49	0.2273469237071871
130	141	0.621484394590431
130	34	0.5151976906301889
130	39	0.5060829877833714
130	140	0.5013217247129365
130	25	0.4885622031414048
130	53	0.4716886600975447
130	33	0.4508048868275497
130	143	0.4489624212923745
130	35	0.4355777423793528
130	129	0.413254784271846
130	24	0.4129064512302275
130	138	0.4105811457978122
130	43	0.3967113733823864
130	173	0.37638389056193106
130	37	0.3719290688158374
130	52	0.3646078458252811
130	157	0.35779945928031304
130	155	0.3480647160481759
130	144	0.33743047484038624
130	156	0.33228973419987906
130	62	0.29672995276770386
130	137	0.29603671355079786
130	145	0.2854724315988517
130	142	0.2482528022054531
130	29	0.2452006461309684
130	49	0.2420494827289653
130	26	0.24065569461448424
130	22	0.22711931608223535
53	157	0.6243240187861286
53	35	0.44514575245893584
53	129	0.35444646745781905
53	25	0.32036158858882263
53	141	0.3105012083112904
53	43	0.29421091044724057
53	29	0.2846455644373872
53	62	0.2837355211516918
53	34	0.2660703543922921
53	49	0.2518433299377146
53	188	0.2367138376804309
53	20	0.23391774568566315
53	39	0.2307012394670585
141	140	0.7491828878603137
141	37	0.7435936303878246
141	144	0.6753038475921224
141	35	0.6208272376919838
141	137	0.5729745129469751
141	34	0.5397267819840864
141	33	0.5145436224034166
141	39	0.5011270434444903
141	138	0.49082759300115897
141	143	0.4311675777342136
141	145	0.4001100928648039
141	62	0.382606849641392
141	2	0.35459510100962904
141	22	0.3339788744395907
141	104	0.3329389725765801
141	25	0.3271113146692856
141	142	0.22857936615247826
141	173	0.22830450001257546
141	24	0.2204223653805634
22	25	0.6949570257264908
22	34	0.5616292730170689
22	33	0.5035569104357086
22	24	0.4115368307234935
22	129	0.35932446704850635
22	37	0.3393519901084549
22	138	0.33663270617628643
22	191	0.2957903560541091
22	62	0.28849146827856553
22	137	0.2806246593600831
22	26	0.2328682100441837
25	129	0.5618893550707486
25	34	0.521057300693795
25	138	0.4573854079077128
25	33	0.4338259093097545
25	24	0.4228684836047912
25	26	0.3498914009235444
25	29	0.33740389035104223
25	62	0.2743575278754544
25	140	0.2355240855908573
25	137	0.233397773472654
88	90	0.6732533434104496
88	31	0.5318920669738748
88	194	0.5138595175185661
88	86	0.4832991649698014
88	98	0.4748702794739255
88	79	0.4076586509151268
88	82	0.39395243651374495
88	94	0.38484106831784826
88	135	0.3842701499697515
88	64	0.3580697429519269
88	189	0.3168844791181298
88	69	0.300118655532841
88	84	0.2939368542843161
88	147	0.2874276564506152
88	187	0.2767139304657313
88	73	0.26631193138225856
88	75	0.2604396594899092
88	182	0.25383716199466794
88	85	0.25300431970421866
88	52	0.24270835941835295
88	116	0.2392420581202283
88	185	0.2312408313071739
88	199	0.2291195140578012
88	89	0.2280106373369008
88	150	0.22434810902250052
88	156	0.21869962064257634
90	194	0.6000530018077658
90	31	0.5827587314824194
90	84	0.5155575397150035
90	64	0.5072870851607971
90	98	0.4392410213570926
90	86	0.4243044883965785
90	79	0.4045772544521121
90	135	0.3930988476753144
90	94	0.3780221310186291
90	75	0.3565780768986305
90	147	0.3271202446219526
90	189	0.2998183493001078
90	196	0.298489009268431
90	73	0.2947954018723465
90	69	0.28149961315046995
90	76	0.2723033840829026
90	185	0.26420165232567583
90	129	0.26387605311020546
90	1	0.24302830450565766
90	116	0.2400055482219864
191	179	0.5392446925241591
191	159	0.3753276498503291
191	89	0.3595682905705089
191	135	0.3471855593843713
191	69	0.32779874998978226
191	192	0.30625722671893624
191	161	0.294375320927852
191	94	0.2901591170951594
191	195	0.28837228336188386
191	175	0.28346884591157784
191	174	0.27446849157530245
191	82	0.2723033840829026
191	162	0.2671293282112154
191	1	0.26369927405782545
191	182	0.2613995379796021
191	86	0.2434328652178304
191	181	0.2416728814674303
191	64	0.2384594094014537
191	116	0.2290247614623224
191	186	0.22663556751487424
191	76	0.2262276141662191
33	34	0.7584560468998959
33	138	0.6971222390043492
33	137	0.5966569900627027
33	140	0.5796331058100627
33	37	0.5694172069714991
33	62	0.5307796599749274
33	39	0.4064572537201494
33	35	0.4023754023192158
33	143	0.3633759820756076
33	49	0.3068642604318597
33	67	0.28315613634430953
33	24	0.2830641514797632
33	144	0.26694358990606026
34	62	0.7023939213034387
34	138	0.6795190727592922
34	37	0.5795002853218735
34	35	0.4354156738567568
34	39	0.3909746182327281
34	140	0.38861701580874014
34	129	0.35192572225486657
34	49	0.3135160577372077
34	144	0.3017283727168197
34	137	0.2842503560210486
138	137	0.6104384894728012
138	62	0.5456879259240539
138	140	0.5193651398047011
138	144	0.4096994538915193
138	35	0.3880055815256669
138	37	0.3773019391137897
138	49	0.27780322097517224
138	67	0.2566977652035972
138	129	0.2273089908271991
62	35	0.5002578474081504
62	37	0.38524990349392346
62	144	0.37924711994325294
62	60	0.3429130069387412
62	42	0.3348936712823544
62	137	0.31414711451870964
62	49	0.3059218923266631
62	67	0.2734325464612693
62	140	0.2334923238134887
62	39	0.22121189435858726
62	45	0.22064117949904727
1	30	0.4641829992761034
1	94	0.3427718134860671
1	104	0.2884456289837549
1	135	0.2677328405852211
1	76	0.2363173323284567
1	2	0.2358735306327926
1	31	0.233397773472654
1	181	0.23304789884708024
31	98	0.640399088350907
31	84	0.5903805342836534
31	86	0.5392872440570619
31	189	0.5104587634825407
31	147	0.4941376878102496
31	75	0.4636885982510003
31	135	0.4630839379618923
31	69	0.4602669992674538
31	116	0.43929751433277897
31	73	0.42523879695941935
31	196	0.4214385758270508
31	185	0.4206652235343728
31	76	0.41797018259165053
31	64	0.4176069834126168
31	79	0.4036150423618358
31	194	0.3773019391137897
31	68	0.348908130883956
31	94	0.3357900924609284
31	182	0.31577755963557697
31	195	0.3124516493902684
31	82	0.30063722617780936
31	60	0.2806062342606636
31	49	0.2802653326300659
31	169	0.2619863935349581
31	199	0.2327547141855691
31	181	0.2315247699045775
31	187	0.22335072311703896
31	47	0.22294213468562968
31	150	0.21859487937089006
135	181	0.5614170185757889
135	98	0.5418988697474794
135	147	0.5163647021024953
135	79	0.4976968680994733
135	195	0.38673916732657626
135	52	0.3640180981373111
135	199	0.3447206755395229
135	196	0.31760396395129364
135	162	0.31519225463464745
135	116	0.2746996424713605
135	194	0.2735528226887549
135	182	0.2686609109270276
135	86	0.25130940563614784
135	150	0.24335760451710614
135	166	0.23948716131035036
135	104	0.22487036188758452
21	52	0.5946698231792655
21	156	0.5488471627970304
21	129	0.5140876251773578
21	24	0.4359179943654897
21	26	0.4029870312003397
21	89	0.36993690592675216
21	29	0.3664792211243148
21	143	0.3372798222852374
21	43	0.3286553262337298
21	39	0.29696704181812555
21	75	0.2604489811774692
21	116	0.24854367468038546
21	155	0.2441194836009597
21	82	0.2393740405520289
156	52	0.7015062061758531
156	24	0.4873660346633178
156	143	0.4611571502665254
156	142	0.4276686617324715
156	89	0.4159626663226173
156	155	0.3786048086511445
156	50	0.3660029940430367
156	43	0.3505581812523779
156	173	0.34896960780050396
156	199	0.33819233454853315
156	26	0.3340055279158745
156	129	0.3234451257093474
156	39	0.3030185422554999
156	157	0.22752709546382846
156	192	0.220878995743556
140	137	0.6536584706242349
140	35	0.6347311566359568
140	144	0.6100242618436483
140	37	0.5377181123984617
140	104	0.4384174439871045
140	2	0.41673971881902294
140	143	0.37253207986064896
140	39	0.3469568785781968
140	145	0.329796587172116
140	45	0.2846455644373872
140	146	0.27530048617241115
140	20	0.26740789845517643
140	155	0.2599921614138716
140	52	0.248825121498927
140	157	0.2294605874396826
140	173	0.22770725164343986
140	166	0.22394921093039133
137	144	0.6166428803671495
137	145	0.453724207919838
137	165	0.4140505200034072
137	143	0.3450554753759113
137	35	0.3431600581990078
137	166	0.3253778002784624
137	37	0.3087200507745816
137	164	0.3014102031333508
137	146	0.29631039791567043
137	176	0.2861428007865505
137	171	0.27692630570769106
137	67	0.2591621299418925
137	45	0.23665719888252465
35	37	0.6006542027347366
35	45	0.5252263716832649
35	144	0.5183054657438383
35	39	0.4537321492272376
35	157	0.3778764147801209
35	166	0.3696002301623964
35	145	0.3412971832378406
35	49	0.3321207026589149
35	2	0.32465336478502266
35	67	0.2846363746422027
35	104	0.27078431163924355
35	20	0.25367810879450353
35	52	0.2469667979835421
35	146	0.2350801081264772
35	188	0.21817586393366006
37	39	0.4930787968452722
37	2	0.4514659625341631
37	144	0.4443596014039558
37	104	0.36003838299642243
37	42	0.2444768045942705
144	145	0.7017245325931019
144	166	0.574477190267922
144	165	0.4701477535717826
144	20	0.3761778715156844
144	164	0.37167053934687505
144	146	0.36756949025591695
144	171	0.3527665402818703
144	176	0.3294935335703684
144	2	0.3250022146729391
144	181	0.2950510475518676
144	104	0.2736730903620503
144	142	0.2676121548990137
144	45	0.25119698101636706
144	39	0.23562798102331356
144	174	0.2335017786047594
144	42	0.2289584320629509
144	157	0.22040333701706366
175	183	0.7483349235710909
175	172	0.6752875283201103
175	174	0.6750916454772916
175	195	0.6524942843078222
175	170	0.6329963307293848
175	169	0.5390744588572229
175	171	0.6025492835967785
175	165	0.6015993992974422
175	182	0.5961350975969729
175	176	0.5472659912627423
175	181	0.5287510992791299
175	196	0.507836447095991
175	185	0.4727686899164327
175	180	0.4418924317295115
175	166	0.4188116305106869
175	199	0.4000176984882104
175	179	0.33105264249507466
175	158	0.3047884447392178
175	147	0.3028278123711781
175	146	0.29949977774825925
175	69	0.2990172422601685
175	145	0.29192563447498465
175	79	0.2723681924081611
175	162	0.2718403956513181
175	68	0.2622657805067817
175	98	0.235297385963611
183	182	0.7072799452531436
183	170	0.6141702137078191
183	185	0.61060157844577
183	195	0.6031985573758246
183	196	0.5530120689029535
183	165	0.5172148987612923
183	171	0.5155648816813836
183	172	0.5049439703084765
183	169	0.4535653666392996
183	181	0.4461314819147512
183	176	0.4331437530155092
183	174	0.3925153129167912
183	199	0.33103483429421016
183	180	0.3296183285744594
183	147	0.3144355052267318
183	158	0.3071993810675428
183	98	0.3068189680206829
183	166	0.29934501889007675
183	160	0.2946584314659816
183	164	0.2682711820216014
183	162	0.2653361270261431
183	194	0.25569799728692544
183	79	0.2295269007231512
172	165	0.697327789909298
172	146	0.5352610997258896
172	171	0.5828841921189537
172	166	0.5232902146255959
172	68	0.506194561314136
172	174	0.5045788145123684
172	169	0.42808529157783387
172	176	0.4061650347856903
172	170	0.39139810483513016
172	42	0.3710412101719591
172	181	0.350409063843714
172	158	0.34778345242533315
172	180	0.3476691711919825
172	195	0.320352614875549
172	182	0.2661911470671429
172	145	0.25357518470698104
172	60	0.2385820134243811
172	199	0.2364967135545324
172	147	0.223331720743068
174	171	0.4993726296095662
174	179	0.4741496781005163
174	170	0.4479558271443754
174	68	0.4446244022640293
174	165	0.42175103379309775
174	195	0.4203771168579781
174	169	0.3943831986831569
174	182	0.3915166513918044
174	180	0.29909008761255834
174	145	0.2902506952063084
174	69	0.28786794063718
174	176	0.27054335895795123
174	199	0.2684567781756861
174	181	0.2574542338177223
174	42	0.25046605589192666
174	196	0.22214373604033766
195	196	0.6976307682542808
195	182	0.6230164039671477
195	79	0.5849601485783109
195	181	0.5743632832318938
195	199	0.5421107389821037
195	147	0.5327233790475236
195	185	0.5085929991306885
195	98	0.4660402984777151
195	170	0.4421659991840435
195	176	0.3949825986869448
195	179	0.36192561359963593
195	180	0.3192753522253759
195	194	0.3190238720404999
195	162	0.29364447443288577
195	169	0.2927670053393219
170	171	0.6231020555743124
170	169	0.5305856984857308
170	176	0.3963827007140284
170	199	0.39594431240100025
170	182	0.3912456687431653
170	185	0.3780649851720254
170	165	0.33707597074123896
170	158	0.2939733978996638
170	98	0.2732012219925451
170	160	0.27261814422407404
170	196	0.26262891784290315
169	185	0.5235588445218933
169	158	0.4443355247466631
169	76	0.4178959027142597
169	69	0.3670417874726313
169	165	0.3405636571423062
169	75	0.33657950439651485
169	84	0.32907449472271844
169	68	0.32361523807074205
169	196	0.3171992986681873
169	189	0.3120545502778255
169	59	0.3065018822405525
169	182	0.2939825336692201
169	146	0.25343482442539583
169	171	0.2443733763931284
169	73	0.23208306738231946
169	181	0.2292237368979479
169	159	0.22905318769676364
169	98	0.22698653350677786
182	147	0.6020649918004316
182	185	0.6302254194012269
182	196	0.44970465362254297
182	181	0.4452259334153543
182	199	0.3819408336561693
182	194	0.3653879446344092
182	79	0.36226447959277136
182	98	0.30413518661327393
182	69	0.3009009921789187
182	75	0.2958451055662967
182	148	0.275402146154081
182	171	0.2728125257558732
182	164	0.26486196856621
182	186	0.22861727586477765
182	180	0.22066971883422745
69	94	0.5769441608200345
69	84	0.5462634924934244
69	86	0.5121574593812991
69	68	0.5097041503535785
69	64	0.4348887562285143
69	60	0.3835454274443744
69	76	0.3703856558380743
69	82	0.3593418846418802
69	196	0.3308300230380485
69	185	0.310736122481208
69	42	0.2973681860300024
69	98	0.2918798948361973
69	189	0.2894629498678085
69	73	0.28299055983853605
69	75	0.26653489583648377
69	79	0.2607472495335328
69	181	0.24523824082794404
69	54	0.2432070743249522
94	84	0.5481200305477697
94	86	0.5370282193212212
94	64	0.4620070474544058
94	82	0.4400235430129272
94	189	0.4134289054599276
94	60	0.3685550544923679
94	76	0.36310688482369774
94	73	0.35848812831885485
94	20	0.3059672122231977
94	180	0.28346884591157784
94	107	0.26925461440438186
94	75	0.2534254666937828
94	54	0.2502973402715201
94	59	0.24489986201464414
94	186	0.24436397355362155
94	98	0.2393928944631379
94	30	0.23140173468560976
94	196	0.22717622031569976
94	185	0.22506973346704665
94	194	0.223521736841712
86	189	0.6378377826385694
86	49	0.5715824444327714
86	84	0.6074877220398722
86	64	0.5320498084954076
86	68	0.4964922333347346
86	82	0.4754741642830226
86	76	0.4296847637440041
86	116	0.4198912593937944
86	67	0.4105811457978122
86	187	0.3617083414825213
86	42	0.34988262513276336
86	89	0.3425423410946956
86	75	0.3342631506440254
86	50	0.3181163739336249
86	73	0.2991265089815877
86	54	0.25283583404651244
86	150	0.2416069687572005
86	60	0.2330668125324587
86	30	0.2303887793007923
86	188	0.2290910887349775
86	47	0.22900581042234705
86	59	0.2262655666654263
86	147	0.2227520668524218
98	199	0.6101874822561736
98	79	0.5241538155883867
98	147	0.4377952356525909
98	185	0.3904916415076977
98	196	0.38127442072199774
98	181	0.36756949025591695
98	73	0.3671802241937199
98	84	0.3578953732551129
98	75	0.3228182155965701
98	116	0.2838826335365209
98	85	0.2743760223329081
98	76	0.27178482857710473
98	194	0.2200988603949139
199	79	0.514734760492167
199	176	0.4307604427364807
199	181	0.4195617275322362
199	147	0.3840826200997028
199	85	0.33441414764704663
199	160	0.3212227971764887
199	196	0.3037085998263765
199	8	0.28054174478414795
199	142	0.26649773707436725
199	179	0.2461121094023044
199	171	0.2456141472153415
199	168	0.24413829162268366
199	173	0.2287215239982649
199	145	0.22155425058702624
100	104	0.5384285893569057
100	162	0.4718052783167366
100	54	0.2857663264982298
100	161	0.2692453393598825
100	166	0.2640993276287497
100	160	0.2511032886554827
100	30	0.2467883782074428
100	181	0.2275839885723265
166	181	0.6573427019158964
166	165	0.6392532815927486
166	176	0.5604438118552955
166	146	0.5315908215467477
166	145	0.5107914313769795
166	171	0.4395960623398817
166	42	0.375808661026387
166	79	0.35975112599736603
166	30	0.3306340874514187
166	104	0.3162456306911656
166	68	0.2922823578189255
166	60	0.2225714867237459
42	68	0.6382409585219412
42	67	0.4454664334455484
42	30	0.41966059870866906
42	146	0.40160407048831503
42	165	0.3994547571840998
42	49	0.31890709810820145
42	64	0.27828302081377343
42	72	0.2782461180606036
42	50	0.2751988200334057
42	45	0.2548379461578425
42	181	0.23193167977011755
42	84	0.22681580065244197
42	76	0.21960399442575165
68	67	0.6125296167724539
68	60	0.4669635019536279
68	50	0.4494174114714407
68	64	0.4254026174177843
68	47	0.3865350445083969
68	49	0.3852839662694724
68	45	0.31299297222305844
68	79	0.3099137569814329
68	189	0.3016647441737893
68	146	0.2971858607564988
68	84	0.2928584314104219
68	89	0.27652923436646004
68	165	0.269903743318524
68	30	0.25753826642895983
68	181	0.23498563217157406
29	26	0.7116850217097137
29	129	0.5844533977771904
29	24	0.3753362411096361
29	143	0.2506722432132228
29	52	0.21992757344225491
26	129	0.6848810340108852
26	24	0.6624572811561992
26	143	0.4981405934701729
26	43	0.3712567722769507
26	52	0.3575029501749082
26	39	0.3157955652125161
26	150	0.21817586393366006
181	79	0.7237854319740997
181	162	0.4569661830689091
181	196	0.4476840116598417
181	176	0.4365900307272075
181	165	0.37308312910762215
181	147	0.353230498051047
181	145	0.30844861806463364
181	146	0.3067464972723365
181	185	0.2726644275605236
79	147	0.4950667910156114
79	196	0.4003788302601249
79	146	0.2951332104089849
79	185	0.2883264406296239
79	162	0.2742743003053885
79	194	0.2686609109270276
79	64	0.25277030770402936
79	159	0.24841231846470904
79	58	0.23363414104564784
79	60	0.22378773083652215
79	73	0.220878995743556
155	43	0.6239882827997982
155	150	0.5149038015456443
155	52	0.44488110465679137
155	192	0.4388939168697805
155	153	0.4331112569929397
155	168	0.4329975120472232
155	173	0.4195122882103172
155	179	0.4059646080605356
155	89	0.4057390813069376
155	47	0.3811205767985452
155	148	0.3633933411073612
155	39	0.3567700892892192
155	143	0.3346716911448095
155	50	0.32451916822201426
155	45	0.3180894096171202
155	164	0.29520624039559223
155	157	0.2852979060914784
155	187	0.27914999881578473
155	129	0.2754391118931592
155	145	0.27073797721912196
155	24	0.2684196605387967
155	159	0.2544732374568357
155	180	0.22211521628546552
89	179	0.6079670292432803
89	50	0.5720535613147764
89	82	0.5280158722864731
89	192	0.5233410444781885
89	47	0.4895588768191861
89	67	0.4217592550190793
89	52	0.4137190402545872
89	168	0.3989335579135384
89	24	0.3517066659150363
89	45	0.3298233239339099
89	159	0.32751310468315475
89	150	0.3238121841450109
89	64	0.3115038461236244
89	72	0.3114857867040382
89	49	0.3007463763105226
89	187	0.2997455388372763
89	43	0.29713115894731823
89	54	0.2789194639125928
89	129	0.2534441821095776
89	148	0.2318370568062348
89	189	0.2284656328565697
43	148	0.4939789474717185
43	52	0.4786333534908642
43	150	0.4778929397986894
43	39	0.41989949627251094
43	129	0.40813381467390536
43	173	0.3993791152341791
43	45	0.3898897381743828
43	24	0.3756454834853227
43	50	0.36890067039126384
43	187	0.3606735877588008
43	47	0.3548223882515508
43	157	0.3518819140697409
43	153	0.33878556942240035
43	188	0.33731527149982554
43	49	0.3283252514105591
43	143	0.3138496508670377
43	179	0.3100403049748039
43	168	0.2880146750053091
43	116	0.2826409540496552
43	192	0.27439451658738545
129	24	0.5489240225035629
129	52	0.3750011342179164
129	143	0.3729884362342243
129	187	0.31888014890249744
129	148	0.3003370227102174
129	39	0.2375349192852475
129	150	0.2253924855855469
8	107	0.7156155020488368
8	4	0.4817571610420538
8	194	0.39568287960894055
8	160	0.28516010942983
8	180	0.22562028083335825
107	4	0.4653511463562958
107	194	0.3235615206371185
107	180	0.22991526428879294
4	160	0.3947124881567426
4	194	0.3353108933084749
4	85	0.3003916095868516
4	173	0.22449055441672566
194	185	0.4731025126321679
194	196	0.42509133472001137
194	147	0.3665051916281921
194	84	0.2994724685064002
194	189	0.2479243439884607
194	64	0.2271857042038036
194	180	0.22307517208505206
165	171	0.7147019179270302
165	176	0.5555752698374288
165	146	0.5030566333320834
165	145	0.4502788589245543
165	164	0.4062067854359988
165	158	0.3318537673188375
165	160	0.23919491939450802
171	176	0.6237622943443923
171	164	0.4703424709536938
171	145	0.4662516296194487
171	160	0.3924730155002509
171	146	0.2805509577215958
171	153	0.25441712199782496
171	173	0.2376387100607294
171	142	0.22935637654748145
176	160	0.4816726864616525
176	145	0.5128505585523946
176	164	0.2862437910601341
164	145	0.4556439014351233
164	153	0.4338177913237327
164	148	0.35852298726944976
164	45	0.3104560281599216
164	47	0.2971676270368419
164	173	0.2684382194568793
164	157	0.2509908516114138
164	160	0.2454543960191473
164	188	0.2254209613398149
162	196	0.29909008761255834
162	158	0.2930321261918541
162	161	0.28093785439751945
162	185	0.27604892892121186
162	160	0.2658752101125503
162	58	0.24926597035784676
145	45	0.3852158396685438
145	142	0.3760662623311078
145	173	0.3644170770799592
145	39	0.32461758031263044
145	160	0.3161016252136469
145	157	0.3000549591793105
145	146	0.29714939310044475
145	47	0.2721182038269262
145	52	0.2639969969863964
145	67	0.2601413398591229
145	153	0.2550716956662112
145	50	0.24129620738741014
145	143	0.21846156501288413
24	143	0.6006350259533219
24	39	0.4519117097447561
24	52	0.3695570595811463
24	179	0.2292426859406428
73	58	0.5780638620094107
73	75	0.5857686870245857
73	76	0.5190583637669984
73	185	0.510000170656325
73	59	0.4446324253197656
73	84	0.4264994951991425
73	161	0.3911525027830195
73	159	0.38072732421429
73	189	0.3179815472051523
73	186	0.2703672567125692
73	196	0.24983798186163986
73	82	0.2409006213413111
73	187	0.2330573557118093
58	161	0.5610334038884115
58	59	0.3536417870004221
58	159	0.3524600579347138
58	30	0.3013647448538369
58	72	0.26482477424667106
58	60	0.24977235004513726
58	76	0.2479994251807168
159	54	0.5390106098741506
159	168	0.5618346101818071
159	82	0.5300610058149112
159	189	0.4858243207912431
159	179	0.4694931678986332
159	192	0.44247969587216995
159	59	0.3543327944194067
159	150	0.3405106150747918
159	185	0.3328144855451961
159	186	0.3306875272572262
159	180	0.3089642972307937
159	158	0.3033182116006567
159	161	0.2804588260211271
159	75	0.2744222575884957
159	187	0.25119698101636706
147	148	0.5569564055852734
147	188	0.4709496948688688
147	196	0.4702801663726662
147	185	0.4349860557626751
147	150	0.4081671512012298
147	189	0.3562026929724025
147	84	0.33195164978383235
147	116	0.3301530338155868
147	47	0.2981974920540517
147	179	0.2868771303694411
147	180	0.2673707583373001
147	187	0.2653640147063373
147	64	0.2451818485059243
147	186	0.23146798533896834
52	150	0.4871753928521394
52	39	0.4399267723898381
52	45	0.43633099001935816
52	142	0.4207969011936485
52	50	0.40850045659640016
52	157	0.4050371265610034
52	116	0.34079348104982604
52	173	0.3226659232124233
52	148	0.3080051699469475
52	67	0.2981883812443265
52	47	0.26620043846514196
52	143	0.2642295580290927
52	49	0.2510002216238197
52	187	0.23516513268821385
52	82	0.22251445824624166
20	157	0.3218593911820273
20	189	0.29180670863726776
20	150	0.2753189702634814
20	60	0.26069132800640515
20	188	0.2555764928392684
20	104	0.25429553262639115
20	148	0.22450005043531754
20	59	0.2197848239547773
196	180	0.4523174618552349
196	185	0.4885317502673496
196	84	0.3356037578712137
196	76	0.2794634746459759
196	158	0.2618932547821997
180	179	0.4255827877278755
180	168	0.4062067854359988
180	158	0.39581782067417537
180	189	0.3397854897015118
180	192	0.3210075447665683
180	185	0.3055683495632038
180	150	0.3015465697504017
180	82	0.2464408811590928
146	30	0.3470536331868269
146	67	0.2561652467777002
185	75	0.4796349128798087
185	84	0.4452179156409751
185	186	0.3616909580152545
185	76	0.3579999980694586
185	158	0.3073895507899999
185	189	0.2900308988113312
76	75	0.5168119153542897
76	84	0.4811656510074315
76	30	0.36056919349346017
76	116	0.3069457832694698
76	189	0.24025997900924964
85	160	0.6844879407610287
85	54	0.4120267877895743
85	173	0.2722663496448576
160	104	0.2337854018041109
142	39	0.3953791997429645
142	157	0.3773705485024662
142	143	0.2857663264982298
142	50	0.2798321934754683
142	153	0.26521527528204025
142	45	0.2529481595229073
75	186	0.6459281877733154
75	84	0.4876099884001081
75	187	0.4005635472809536
75	116	0.3940875962295942
75	189	0.3352576382408288
75	82	0.326584344096579
75	161	0.30291863915199324
75	59	0.2855642795256201
75	64	0.2462060499729606
104	2	0.4798581674217556
64	84	0.5631129848903489
64	189	0.500362803948773
64	82	0.4198500739626444
64	67	0.3044799974259589
64	187	0.2976507473434805
64	150	0.28113126850744674
64	60	0.2792053224057932
64	49	0.2696255752124823
64	50	0.2517684024333018
64	148	0.2342391161600385
84	189	0.5371278359278318
84	82	0.5269548866505726
84	116	0.3557835239082737
84	187	0.35379926572189896
84	186	0.3271559638483766
84	59	0.3154444154498328
84	60	0.2860142585163299
84	49	0.2744037636385043
84	30	0.25473508693655805
84	188	0.23516513268821385
84	54	0.2207267963709533
189	150	0.5465160174530921
189	82	0.5445211771244843
189	187	0.4775070384520381
189	116	0.4473481253330021
189	49	0.4419648546461238
189	188	0.3773190918492871
189	59	0.3652406319048723
189	148	0.3316935805981445
189	186	0.3069276674725382
189	72	0.2931509588468451
189	54	0.28972862880632955
189	168	0.2796294083270922
189	157	0.2706267694929542
189	192	0.25254562835702865
189	47	0.2466850748989113
189	179	0.22460450382542813
49	47	0.5917338881403466
49	45	0.5657092654598057
49	67	0.5458985588420332
49	50	0.4770823340897093
49	148	0.3661069144953165
49	157	0.3608388601980129
49	187	0.3589063697238265
49	150	0.3378646119555833
49	153	0.3180354794402585
49	116	0.3170733792325026
49	173	0.2999366588526276
49	188	0.2754853179215553
49	82	0.2509346305492786
143	39	0.5802237836008636
54	82	0.5035793030105622
54	168	0.379640890166943
54	158	0.3740984362544576
54	153	0.2811865254879046
54	192	0.2768155046076293
157	148	0.4688614711152626
157	150	0.4307848757839589
157	188	0.4001436888036464
157	153	0.3542628365748233
157	168	0.32491277441036315
157	45	0.3061575406448653
157	59	0.2881522261938105
157	173	0.26382023006073474
157	47	0.2623682113839573
157	116	0.2481495786269781
186	187	0.4729627894128064
186	161	0.3923884156870081
186	116	0.3761435313906237
186	82	0.3441125253005428
186	59	0.31051024417323003
186	168	0.30821333574407994
186	188	0.29960900980791305
67	45	0.6197136094179168
67	50	0.6133100281703422
67	47	0.4177803451322399
67	60	0.2922183365375381
67	39	0.25305111855287465
67	173	0.2497817261594495
60	30	0.2479806551619179
150	148	0.5312679092835053
150	187	0.43939435135075106
150	45	0.4205252965982629
150	192	0.4169958474038376
150	82	0.4041088107116372
150	168	0.3873428087740564
150	188	0.3818810435737568
150	179	0.3560193241339194
150	47	0.3407316093877157
150	153	0.29984565232324395
150	116	0.2554643277210377
150	72	0.22064117949904727
45	47	0.5207221107038479
45	50	0.4886763908184302
45	148	0.4345237925334083
45	153	0.36654847453221095
45	39	0.36493728339065606
45	173	0.3228092576836559
45	188	0.3010828729494539
50	173	0.5817209670023883
50	47	0.4977871384470658
50	148	0.3095159632393097
50	153	0.30101921717070823
50	192	0.29909919303651955
50	179	0.2758272029584156
50	39	0.2349950799668995
50	168	0.2318465193000877
168	179	0.6181280832395181
168	82	0.5620740827364201
168	192	0.5023467069466571
168	153	0.4791651057694745
168	47	0.4185889641962821
168	148	0.3837842118078562
168	187	0.296565792761139
168	188	0.2737285956329424
168	173	0.2324520275735775
179	192	0.610118433785861
179	47	0.3883283255581753
179	82	0.3793669776057576
179	153	0.3259320485545854
179	148	0.2823004762452882
179	72	0.2361757041913753
179	187	0.2337286803453857
82	187	0.4740333925184592
82	47	0.3435129062166335
82	192	0.3371025618660326
82	116	0.2822452569235813
82	148	0.2782737952024972
82	59	0.22819075165017694
192	148	0.2961005775857628
192	173	0.2941469683346601
192	47	0.2869230147868469
192	153	0.24922845532477694
173	47	0.3970904847165993
173	153	0.35395672438694503
173	148	0.2795740989555511
148	188	0.562375000295525
148	153	0.5126957751807503
148	47	0.4393782125568473
148	187	0.3887613323316483
148	116	0.3674483990516109
47	153	0.5989896491759765
47	187	0.3202897972728368
47	188	0.2745147242931493
153	187	0.3355860103497392
153	188	0.30460701288117936
2	30	0.2790209032325011
161	30	0.2196230298238568
188	116	0.55187953946078
188	187	0.33874130745577397
116	187	0.3086838626505109
116	59	0.2227805781073864
72	30	0.25178713459240665
