51	155	0.8853084100548408
51	89	0.6442057191364163
51	153	0.5734378028538522
51	178	0.5173833511314794
51	144	0.630605042654688
51	179	0.6214598436942331
51	47	0.5461231579240113
51	157	0.5299819073169445
51	40	0.5289527876508368
51	173	0.5194965742893135
51	154	0.4879072040988482
51	136	0.4840269314296713
51	127	0.4785639685919949
51	53	0.4570927629182002
51	72	0.4545814526082601
51	138	0.44491318731796425
51	168	0.4381669950118649
51	46	0.4304020188318531
51	149	0.4261967511116633
51	156	0.4052628070051494
51	122	0.4006810775274618
51	19	0.3988746966287666
51	50	0.3978567180486073
51	191	0.3929381957521196
51	180	0.3909661468111283
51	17	0.3836221851560188
51	44	0.3798034942670225
51	14	0.37512144028194977
51	150	0.3737027450241343
51	129	0.37089460509450173
51	152	0.3667994840856825
51	121	0.3429394789864952
51	24	0.34111163153276075
51	118	0.3394404711282199
51	66	0.33172917930055473
51	41	0.3298144117387658
51	21	0.3297609373334036
51	143	0.325216847581847
51	49	0.3162996289885613
51	87	0.3071812683854557
51	133	0.3065743649908045
51	59	0.30096465293942715
51	119	0.2980426009000831
51	192	0.2976234049783563
51	83	0.2928858581876233
51	124	0.2899301485689116
51	42	0.28753773889427503
51	58	0.2856653061864045
51	126	0.2818862857579684
51	13	0.27636299040856144
51	12	0.2677235573691064
51	120	0.26369927405782545
51	113	0.26137158765197804
51	111	0.26107342355822233
155	144	0.6418832104239051
155	157	0.6338465941108837
155	179	0.5757086429483373
155	153	0.5714073621050842
155	154	0.5617045713464591
155	89	0.5519977512946308
155	53	0.535375249237768
155	136	0.532830801332976
155	127	0.5251249850126055
155	47	0.5061350575393363
155	149	0.5024438948114315
155	138	0.4999128866909919
155	46	0.4899465493675457
155	40	0.4828085032425259
155	150	0.46090516618328
155	178	0.4544227670426839
155	168	0.4537956770920719
155	14	0.4532952703217703
155	152	0.4435486677399925
155	173	0.4343615406203638
155	44	0.4323147528262201
155	129	0.4307767315049669
155	17	0.4295135203837828
155	72	0.426188567513492
155	118	0.4221948807411518
155	19	0.39193146198875495
155	24	0.3903729827426292
155	133	0.3642436244016618
155	122	0.3631936970102175
155	49	0.3616301138993181
155	120	0.34278946351474376
155	191	0.3400685135809971
155	119	0.3352398860754802
155	34	0.3329300810305716
155	83	0.33157787829177704
155	143	0.3310081215507781
155	156	0.33034013062560985
155	41	0.3290923288048797
155	42	0.32646820461981485
155	180	0.3255923745469944
155	54	0.31965248819568176
155	50	0.31794559123841265
155	21	0.31604761940368004
155	121	0.3136422912711251
155	13	0.3126411354874084
155	59	0.3039536752172409
155	115	0.2928310041512864
155	58	0.2792883043152746
155	123	0.27628909889524617
155	126	0.27626138873555905
155	16	0.265298942761922
155	20	0.25850902707361195
155	137	0.2571274033195832
155	130	0.2568752367346125
155	124	0.25684721606530386
89	179	0.7532433356911964
89	87	0.6512233585144479
89	66	0.5880106994500581
89	191	0.6029185764247191
89	173	0.5873757213617035
89	50	0.5838341483802334
89	180	0.5756083503544271
89	47	0.54958044507614
89	178	0.4842106823835611
89	88	0.44498536913046943
89	91	0.4388373990844195
89	193	0.42971737802358456
89	192	0.4193969201136986
89	94	0.413005987289364
89	153	0.4085837659306285
89	72	0.3917960311405165
89	156	0.3610301999752377
89	168	0.3173521858052839
89	170	0.3028096463548359
89	122	0.28350563131099354
153	168	0.6367034608481438
153	47	0.601605780040683
153	179	0.5294639439502752
153	118	0.4867405558715009
153	154	0.4618497230218835
153	173	0.42766049070236906
153	191	0.4107474167665932
153	149	0.4021239437618555
153	120	0.3963827007140284
153	44	0.3903729827426292
153	48	0.3861096670025049
153	157	0.3817956236251597
153	17	0.3720324644527724
153	42	0.3688488345062653
153	150	0.3347604876586602
153	144	0.3347249697664435
153	50	0.3218593911820273
153	136	0.32104342247211665
153	45	0.31944597389041485
153	49	0.3173521858052839
153	14	0.3143093414298759
153	46	0.3060669111144453
153	12	0.3014374774434034
153	127	0.3004098047751533
153	193	0.2987895780738245
153	156	0.2985254450058387
153	18	0.2952610106219536
153	180	0.2951240814181613
153	152	0.29014995899171897
153	19	0.2787073434039796
153	170	0.278624332322476
153	113	0.2770463319227777
153	138	0.2764184068994429
153	108	0.2759011148756331
153	6	0.2730901750214217
153	111	0.2715347543203786
153	192	0.26370857866021763
153	148	0.2632898229917322
178	72	0.6595009872796028
178	179	0.4754664250030335
178	173	0.427578776557581
178	177	0.4114786844279474
178	66	0.4024256867472989
178	180	0.3902034477216425
178	47	0.38264952942480784
178	87	0.361751799050322
178	191	0.3598207703230349
178	192	0.3596118253200077
178	88	0.3486182706917202
178	50	0.3439450129020798
178	193	0.3332056914204111
178	188	0.30875623800490337
178	97	0.30677367421982765
178	170	0.30422593403184955
178	94	0.2890139427296676
178	59	0.2755500042228135
178	152	0.27310868335545657
178	46	0.267686424007594
144	136	0.6781171390952232
144	157	0.6480851108804602
144	149	0.597602840430731
144	127	0.5961350975969729
144	40	0.5853349818840731
144	138	0.5629832192925116
144	44	0.5379739721818256
144	150	0.529262407056741
144	154	0.5265864051950452
144	120	0.4987418384975731
144	53	0.4485231748644912
144	42	0.4421418641870256
144	137	0.4403944023903484
144	49	0.4353346290091113
144	123	0.43260742468770175
144	126	0.4189682914380806
144	83	0.4149780790993897
144	129	0.4082588210384671
144	119	0.40713321295173294
144	46	0.4063403761199825
144	143	0.4016460053547479
144	124	0.3999420970409614
144	19	0.3882094309395116
144	18	0.3804707809086935
144	14	0.3772933626489634
144	17	0.3681488255842029
144	118	0.3611867280965461
144	168	0.3438392043161355
144	24	0.3433364943223807
144	22	0.3386793381836029
144	133	0.3257890381699829
144	171	0.3256549523930459
144	158	0.3020101239505889
144	34	0.2963651289514475
144	21	0.29495062035611896
144	41	0.2929955604763557
144	47	0.28541732032550504
144	128	0.2843146988621374
144	146	0.2814351588227588
144	72	0.27843984834830343
144	121	0.2633549692837985
144	59	0.2591154875880147
144	152	0.2569592961511828
12	111	0.8371587949193083
12	113	0.7249783602420562
12	3	0.6402161864540334
12	13	0.7658447272865299
12	1	0.5634133880972956
12	103	0.5615950434278958
12	102	0.486465797631161
12	105	0.4824479803630993
12	9	0.4340044871807884
12	8	0.4240584673772744
12	107	0.4115783617407297
12	122	0.4034224926641184
12	24	0.3807700757356505
12	121	0.3645298077640072
12	21	0.3575814448967632
12	19	0.35317798324520544
12	154	0.3432306355552675
12	20	0.3427718134860671
12	0	0.31943699431903266
12	4	0.3182332133574999
12	150	0.3162276308032989
12	36	0.314570668397661
12	127	0.28667522329708817
12	106	0.27953722501028305
12	156	0.2764184068994429
12	129	0.2742188129758386
12	104	0.27247002906912704
12	17	0.2708028450560013
12	136	0.2667949849810979
12	108	0.2658287439762469
111	13	0.7913375537619973
111	113	0.6892418130236243
111	102	0.5704097486015308
111	1	0.5689372205287224
111	103	0.5415950703614941
111	3	0.5125925677475668
111	107	0.4310291715221961
111	150	0.4166240261489104
111	122	0.4096828108279989
111	105	0.3848240302396688
111	154	0.3811462189185335
111	8	0.3755166426559071
111	24	0.3740898357186835
111	121	0.3716619207047405
111	0	0.37016130247669343
111	19	0.3604038840976354
111	20	0.3332056914204111
111	110	0.3076249650027462
111	149	0.3024917054600429
111	32	0.2950875649160422
111	157	0.29472235249604994
111	15	0.2871248905809603
111	17	0.284323890487524
111	14	0.2831837307879687
111	127	0.2812601985615081
111	9	0.2796294083270922
111	104	0.27645535020552386
111	136	0.2708862429469013
111	135	0.2706453046156624
111	129	0.2684382194568793
111	21	0.2645364915590694
113	13	0.6054647285890059
113	36	0.5070419663972872
113	103	0.4586576556649773
113	102	0.4559132718301001
113	3	0.4393378643311577
113	9	0.4141499425230426
113	32	0.3973852554382674
113	106	0.3872918096559596
113	1	0.381060742904952
113	24	0.3421362513534939
113	19	0.3370139226920005
113	176	0.33515112167816097
113	114	0.3342809158881801
113	127	0.31972431214177555
113	10	0.30766117923234715
113	112	0.3070725876196115
113	104	0.29460363991283384
113	108	0.2926115687329792
113	110	0.29165117661965245
113	121	0.2863080542868284
113	150	0.27413557855802856
113	0	0.27213672275979983
113	20	0.2625730553996139
113	109	0.2622285314496205
113	105	0.2572861569134095
3	9	0.5976992624134665
3	103	0.7484317065010753
3	1	0.5191095023978899
3	13	0.4917758710484107
3	8	0.4471641340847792
3	109	0.4365090882791037
3	102	0.42602488090241786
3	105	0.3872408081676229
3	108	0.3527315175569728
3	107	0.3332145811304619
3	106	0.3045525790123262
3	0	0.2922091904263739
3	121	0.28397457199127896
3	4	0.2744407513354821
3	5	0.2653082389019688
3	20	0.2640342088168474
13	1	0.6783385419563392
13	102	0.6638634274885512
13	154	0.5039822536541021
13	10	0.4885545900344737
13	103	0.4873736593696399
13	24	0.4768814871448075
13	0	0.4764332644732069
13	107	0.4662438034887808
13	110	0.4300353084858297
13	14	0.4239764464577568
13	15	0.41685539799007865
13	150	0.4165909686211921
13	8	0.4098409089187404
13	19	0.39138963672675103
13	20	0.38892260469641227
13	104	0.3809581630895215
13	17	0.3798291664536755
13	127	0.3771046640510972
13	129	0.3764611381100197
13	2	0.3653706146747701
13	121	0.3644864510728403
13	136	0.3642436244016618
13	46	0.35835739835078595
13	16	0.35691844185764715
13	32	0.3524337844996848
13	157	0.3450554753759113
13	149	0.33867048519056114
13	105	0.3340321808580193
13	115	0.3282092601316328
13	152	0.32313170610350084
13	122	0.32245089375622976
13	53	0.3211331127044605
13	4	0.31728923427562883
13	36	0.2993814341564148
13	21	0.2991265089815877
13	133	0.2887939744503372
13	11	0.27965706231691784
13	131	0.2590408573080176
96	198	0.8231146691951405
96	74	0.5911812369495887
96	70	0.7057373440508465
96	98	0.7009318364980769
96	78	0.6693805797009987
96	81	0.6594840351907771
96	85	0.6513039783029384
96	199	0.6014015581767816
96	95	0.5558033689289479
96	80	0.5304204281921232
96	194	0.5265864051950452
96	97	0.5164013695304976
96	90	0.5157851054687147
96	182	0.5025933898133814
96	181	0.4960927756635061
96	71	0.4888590562839045
96	93	0.4746921254289882
96	185	0.4572905068687704
96	183	0.4524049524822998
96	177	0.4328268687707699
96	92	0.42479634254067933
96	112	0.4197017920933673
96	88	0.4126990527598737
96	195	0.4068161517464319
96	184	0.3813427890217733
96	84	0.36643593568216587
96	160	0.3603777805441987
96	87	0.3384048675207319
96	11	0.330821117493628
96	73	0.3106277052715689
96	38	0.3056952720504097
96	162	0.2988806478312549
96	197	0.2937998080740502
96	28	0.28837228336188386
96	193	0.2833308932348099
96	147	0.2775171204808201
96	68	0.2587516357634053
198	70	0.7162491749750435
198	97	0.5873364205909742
198	199	0.7080038472084847
198	85	0.6556242359565088
198	81	0.6529935992874796
198	98	0.6478414505820873
198	183	0.6253237542813553
198	112	0.5590017209913953
198	182	0.5585959521366421
198	195	0.5447603217145147
198	177	0.5425342707386199
198	71	0.538045026759563
198	181	0.5283259175451762
198	160	0.4981105186329636
198	78	0.4848381759072374
198	95	0.4802352494362809
198	74	0.4740178865245985
198	194	0.472691037268934
198	176	0.4515137319492102
198	80	0.44460835593852144
198	92	0.4282567921842248
198	90	0.4282322939858881
198	193	0.4226138837415189
198	93	0.4188116305106869
198	147	0.4152181102326614
198	68	0.3890499081499123
198	185	0.3839632664069163
198	175	0.3828629038428651
198	167	0.35402669957632144
198	174	0.353142972138132
198	197	0.3385199751351294
198	88	0.30103740480982705
198	87	0.2872349939024884
198	61	0.27645535020552386
198	73	0.2708213782720041
198	184	0.2691989633882338
198	187	0.2609336419851559
198	11	0.25872364411839743
198	99	0.25680051399019793
74	73	0.6576038571931886
74	185	0.6142947573976725
74	78	0.5618346101818071
74	88	0.5338397314491911
74	182	0.5131379249399712
74	97	0.4777771887513528
74	81	0.4754896426222116
74	85	0.4721084084381428
74	194	0.4650298712696088
74	80	0.45628549929370205
74	84	0.4555091849333887
74	98	0.4523413237988436
74	160	0.4490342773357048
74	87	0.440692593312771
74	193	0.4183167481216832
74	184	0.41687192248385335
74	183	0.4113706895636757
74	199	0.4018724245266729
74	162	0.3970483679230781
74	90	0.3848666249433476
74	177	0.37486362610468427
74	93	0.3620559579999449
74	70	0.3460065322417972
74	174	0.2937998080740502
74	94	0.2893621634270097
74	147	0.28288016612905553
74	60	0.276806270850305
74	28	0.27309942921371216
74	76	0.26345733717550235
70	98	0.7270779523745723
70	112	0.7404704138022504
70	81	0.7208633632851543
70	85	0.665911006849965
70	199	0.6562452628845654
70	176	0.6516148026435533
70	182	0.6506355419623644
70	80	0.6197690422798492
70	92	0.6137465362652335
70	181	0.5774376302708834
70	78	0.5651786524716818
70	95	0.5624365332732578
70	183	0.5412133543803599
70	195	0.5214651412485753
70	38	0.5199199182043236
70	147	0.5003178243745953
70	93	0.4844938814388491
70	160	0.44407866713225896
70	197	0.4157310863397903
70	79	0.40209879456845454
70	196	0.4013859820367273
70	88	0.39381725975794224
70	97	0.390771285833663
70	177	0.38898201482342826
70	194	0.38412524330817255
70	185	0.3789816755415337
70	175	0.35494475632229233
70	68	0.3495842117144401
70	60	0.3450907123583005
70	71	0.3435570054033279
70	193	0.3409614035373184
70	90	0.3409525660539733
70	11	0.3316579809510929
70	162	0.32601248534182004
70	184	0.32328394734214594
70	61	0.3050514816435139
70	87	0.29145902753982383
70	52	0.2801271091187149
70	167	0.2770647967270625
70	191	0.2725626025547943
97	177	0.6106768328168443
97	71	0.5079922719256897
97	85	0.4896425088468146
97	183	0.4508606593142638
97	81	0.4185477241692329
97	199	0.3987569641983731
97	193	0.3941974009491722
97	78	0.3857011500463302
97	194	0.3837842118078562
97	182	0.36777704618279744
97	98	0.3553205250615432
97	88	0.3541229089898149
97	160	0.35210969979547524
97	72	0.3367834328807055
97	90	0.3297698498812553
97	87	0.3248054384232153
97	80	0.3215276812775497
97	84	0.3175410236115436
97	52	0.3129388490827533
97	174	0.3122440884654326
97	11	0.31053735142235744
97	184	0.30840337439440324
97	76	0.2916603259888796
97	112	0.2865283657916605
97	195	0.2722663496448576
97	93	0.2632153671460851
97	185	0.2573515220044177
98	199	0.8183495017711292
98	81	0.7423975856795081
98	78	0.6959587213479785
98	38	0.6746669059169271
98	85	0.6731002301689664
98	182	0.6564786303650307
98	92	0.6523679309060207
98	181	0.6417008985099341
98	80	0.6353517477604972
98	93	0.6234750774805952
98	195	0.5834121426339789
98	95	0.5356819291549428
98	147	0.522745375382512
98	88	0.500864892385135
98	196	0.5001528761650049
98	160	0.4830308719267266
98	183	0.476672862595048
98	68	0.4747618425150714
98	60	0.4683307871350995
98	79	0.4619283888717756
98	185	0.4459953072491124
98	194	0.4118109038466499
98	193	0.40958294671962375
98	112	0.39178756614865134
98	61	0.3788617769762622
98	69	0.3673359460629328
98	162	0.3668081386353223
98	197	0.363488811271482
98	91	0.33847570417451434
98	90	0.33724437211413216
98	175	0.3366681728355433
98	35	0.3271291745161964
98	184	0.32243297313223945
98	176	0.3146157199537577
98	167	0.3122711633206822
98	87	0.3100493436968728
98	84	0.3091451942628441
98	52	0.29068104109871745
98	142	0.2809654863822841
98	174	0.27747097062809783
98	172	0.2715440169839989
98	66	0.26767714054295977
98	63	0.26751931404133394
98	77	0.26649773707436725
98	71	0.26151133490601103
98	67	0.2570993865385213
199	182	0.7080736625652203
199	81	0.6789211602686607
199	85	0.653308965640574
199	195	0.632312617811891
199	183	0.5993806452180148
199	147	0.5807674639008633
199	193	0.5657092654598057
199	92	0.559365997083119
199	80	0.5563283698494009
199	160	0.5463406634376341
199	181	0.546158244440723
199	78	0.5194235581654641
199	93	0.4934949642565351
199	175	0.4904935220348311
199	68	0.4732499724376913
199	38	0.4664472591666936
199	196	0.4520231113088377
199	194	0.442149909257174
199	112	0.4373262821355682
199	95	0.4324773595554921
199	185	0.4184074951664129
199	60	0.4145144072076377
199	88	0.4115202178380202
199	167	0.4006474988023408
199	176	0.39088990103599336
199	172	0.37759350040418893
199	91	0.36273352059334346
199	174	0.3579302491918889
199	197	0.34762521412052305
199	162	0.3413413582955984
199	61	0.32774519605778146
199	90	0.3179096343570981
199	35	0.315381379420577
199	87	0.30413518661327393
199	177	0.2933794577247502
199	52	0.29145902753982383
199	66	0.28581224272245803
199	84	0.279048567420993
199	62	0.2770740290524668
199	63	0.2633177431252645
81	92	0.6651812737739977
81	93	0.644959740805965
81	60	0.6391823135200637
81	182	0.6369947282183132
81	80	0.6279231738257365
81	181	0.6252933048192256
81	85	0.6226981385964682
81	78	0.6193870460169082
81	68	0.6095908489056958
81	183	0.5999762039107949
81	195	0.5745977734700208
81	61	0.5715151112334267
81	167	0.4899009508844255
81	38	0.486923674547981
81	79	0.4868473802997712
81	90	0.4708251724653409
81	147	0.4473081304557157
81	160	0.4330625108479039
81	62	0.4317372718615553
81	95	0.4105811457978122
81	196	0.40875869337313503
81	35	0.4076503127368924
81	175	0.4032131589828975
81	185	0.3834345458386806
81	112	0.3743220275952727
81	63	0.3722133846029298
81	88	0.3677856935514372
81	176	0.35765993456649464
81	67	0.3541404008052341
81	84	0.3517241918401773
81	193	0.3470712241402383
81	172	0.3340055279158745
81	166	0.32046926866302544
81	91	0.31814333773546705
81	174	0.30880147078584513
81	162	0.3029731325793866
81	187	0.29627390947729026
81	71	0.2850223009794442
81	194	0.2844158038664305
81	184	0.2725811166464207
78	77	0.5781304423775622
78	184	0.5054504178146956
78	85	0.5841109183257243
78	185	0.5781437575274344
78	92	0.5376043651361423
78	182	0.5371278359278318
78	147	0.5096597368946216
78	80	0.5093191434705469
78	84	0.5030865100918257
78	181	0.4686117796064633
78	93	0.4362014425336267
78	95	0.4351238793819371
78	162	0.4304997842742328
78	88	0.420961473334754
78	68	0.4144895615644924
78	194	0.41220112182714014
78	76	0.3973515715045149
78	160	0.3823080454404935
78	69	0.3819749979821844
78	90	0.3799831872864993
78	73	0.3674397492030872
78	38	0.3345029613944785
78	86	0.3326899869125671
78	60	0.3099951105237719
78	177	0.3088647943325482
78	71	0.308276684695004
78	187	0.2946127719728836
78	79	0.29402821171124954
78	7	0.2900034221099346
78	183	0.2872625185470472
78	28	0.2849212339594789
78	189	0.2810852195997024
78	196	0.28066150893844977
78	193	0.2802376888573466
78	87	0.27738789766635064
78	11	0.2737285956329424
78	195	0.2734880596290085
78	112	0.27346955544217266
78	64	0.2607658896537603
38	79	0.7139035907068093
38	142	0.6856501297556139
38	181	0.6879219186169651
38	93	0.6259809979750354
38	92	0.5501594887189337
38	195	0.5164307021096084
38	196	0.5008199429727994
38	95	0.4996277994474014
38	61	0.4728385710217852
38	139	0.4500476265412413
38	39	0.4398057947423093
38	197	0.4371726076809394
38	80	0.4341099944410767
38	60	0.41458065923500015
38	85	0.4091917177847168
38	52	0.3828287666802148
38	182	0.3683822083196449
38	69	0.366046295340998
38	50	0.3379266198142429
38	68	0.3352576382408288
38	112	0.3335612336008597
38	67	0.3319605478353169
38	35	0.3147418567699122
38	114	0.31023010636628784
38	36	0.3002096456810137
38	156	0.29950888071982684
38	160	0.2954983258416816
38	176	0.28975611028710563
38	91	0.2790024601828725
38	88	0.2787903503211441
38	164	0.27011697503074433
38	63	0.26356900447239673
85	160	0.6926647057950057
85	185	0.5546828071172851
85	182	0.5433523171580523
85	95	0.5276190975183874
85	80	0.5201825550152539
85	195	0.4876480992958743
85	93	0.4615271170701465
85	181	0.4607712694005142
85	88	0.4460273502048916
85	112	0.4422947083538808
85	183	0.4257137994922675
85	193	0.3963489849492896
85	197	0.3897540519523836
85	147	0.3891262830906836
85	92	0.3716274454955661
85	177	0.3676732727981232
85	87	0.3659683518635555
85	84	0.3639920731283848
85	162	0.3491188963787273
85	60	0.3346450510315723
85	11	0.32222686934640016
85	68	0.3190148897741538
85	71	0.3189340467982528
85	90	0.31519225463464745
85	176	0.2930869731578541
85	194	0.2900125810635247
85	52	0.2888031404042694
85	73	0.281490405544873
85	99	0.2767231647341853
85	191	0.2724237404343894
85	28	0.27127537932133056
85	184	0.26595884604455783
182	80	0.7929022406198983
182	183	0.7621814934124131
182	147	0.7022469649673981
182	193	0.6387029942274679
182	196	0.5914283732219389
182	88	0.5910706400289105
182	60	0.5511349910787358
182	92	0.5478051489077534
182	195	0.5460880694910913
182	160	0.5445282120530539
182	194	0.4967935716587034
182	185	0.4961606229102695
182	112	0.4944324038982196
182	174	0.4930106752254077
182	181	0.4690486905854858
182	93	0.4658680634045843
182	175	0.4626517736383518
182	162	0.44962487346260704
182	87	0.4378114022176687
182	91	0.4247061880409298
182	84	0.3938426066974503
182	177	0.3816760247389653
182	191	0.3782278161782602
182	180	0.3610301999752377
182	50	0.3579651241300271
182	66	0.3425423410946956
182	73	0.32684338892851633
182	176	0.3238479895079994
182	52	0.309253721746097
182	184	0.30541421480067205
182	189	0.29191648665404074
182	77	0.28277896531113894
182	170	0.2824109092766558
182	86	0.27538366297911937
182	90	0.27472737844597306
182	173	0.2710159649165416
182	164	0.26981102561941345
182	167	0.2681690956464429
15	115	0.8158235291216183
15	116	0.7067147705518757
15	43	0.6285527034779461
15	75	0.5357674890390792
15	135	0.4596599054271589
15	17	0.6614853781687048
15	14	0.6531599116027569
15	18	0.6300385099553085
15	154	0.5610608129340902
15	120	0.5585133901353114
15	16	0.5320211309650568
15	46	0.5063358634649817
15	44	0.4624474011916546
15	118	0.4562221526980558
15	149	0.4374718449056112
15	152	0.4313385221026914
15	157	0.42038534965416535
15	19	0.410988461149702
15	107	0.40050477721404815
15	136	0.394425420945164
15	49	0.3917537055179021
15	119	0.3881924449388768
15	20	0.3856756127121589
15	150	0.3851647419621743
15	59	0.3800088553772097
15	1	0.3761778715156844
15	168	0.3753362411096361
15	148	0.3632110586908712
15	186	0.35757272351047475
15	53	0.3536417870004221
15	146	0.3534405350127229
15	2	0.353309266086112
15	105	0.3427100364800173
15	117	0.3403780004241288
15	4	0.3363844128214322
15	188	0.3267451363225565
15	171	0.3251721351547201
15	8	0.31991283251783664
15	104	0.3170913684078661
15	137	0.3132184634239052
15	151	0.2998365513701076
15	77	0.29453058149549965
15	130	0.28752856564741164
15	102	0.2852427888417676
15	11	0.28131545119106216
15	133	0.27346030327284865
15	27	0.27158106713542285
15	10	0.2710900873370556
15	42	0.26581945060075396
115	17	0.6722625559467502
115	14	0.6639137601626212
115	116	0.6093771489633343
115	154	0.5754812882045992
115	152	0.562580085996564
115	46	0.55253290356025
115	16	0.5393936108421862
115	120	0.5271137783081231
115	43	0.5118180398616416
115	18	0.4963038360886575
115	118	0.4949535462760392
115	119	0.4577649078837905
115	149	0.44968869816455015
115	75	0.4448730838130812
115	168	0.4379083956625535
115	44	0.4193227477541036
115	157	0.3964332723564987
115	59	0.3888122630211833
115	151	0.3857947818819367
115	136	0.3799575186105756
115	49	0.3640354478274814
115	135	0.3522673731771493
115	105	0.34920670491249184
115	53	0.3419596507144506
115	1	0.3266736754454783
115	4	0.3236331434184046
115	150	0.3216442369985497
115	186	0.31533635198129795
115	20	0.31172956987893
115	117	0.2952427540954352
115	148	0.29272129029613786
115	2	0.2841308553803056
115	104	0.28077205270896144
115	188	0.2799520093287643
115	19	0.2791592195428264
115	171	0.2721459821506426
115	107	0.2714050717485529
115	133	0.2705526269957861
115	129	0.2696070290714908
115	137	0.25858367937622284
116	43	0.5967471425925638
116	148	0.5820648953074355
116	18	0.5193870472589022
116	75	0.4837818637423527
116	120	0.4388939168697805
116	14	0.4291546246009282
116	20	0.427022935085274
116	17	0.4127322393916864
116	135	0.39215150089091977
116	118	0.3839035847482207
116	186	0.36581244950550185
116	16	0.3294489611355224
116	149	0.3211779556605915
116	188	0.30378121894872884
116	19	0.3014920245836163
116	44	0.29550745262210604
116	77	0.2926572869875488
116	150	0.2925384167431382
116	59	0.2860601676519545
116	132	0.2854908016037826
116	121	0.2798321934754683
116	107	0.2790854522851474
116	53	0.27591959234516783
116	157	0.2751433631812055
116	172	0.2704414072323009
43	148	0.6265583948345114
43	18	0.6240371314510492
43	118	0.5106509902472155
43	75	0.4330218871252223
43	149	0.4277993887086265
43	14	0.4116614186472249
43	17	0.4091750664056848
43	16	0.4021910053110563
43	44	0.3984373384858946
43	45	0.3981681049078811
43	120	0.3942311847528181
43	135	0.3891687113019419
43	189	0.3599948635948875
43	154	0.3565606197326345
43	77	0.3315333747484632
43	186	0.30567714093154713
43	188	0.29514233934592315
43	31	0.2948136636780948
43	4	0.27840294908732005
43	8	0.26483407290043504
43	20	0.2572207894679043
43	117	0.2568285353791927
75	186	0.4343209732367505
75	77	0.3753620145006009
75	135	0.3676992170028798
75	14	0.36595103039346705
75	148	0.33417432086045695
75	0	0.31984101821767724
75	59	0.31849382030975143
75	28	0.3174421117101824
75	16	0.3076792860129056
75	20	0.29937233042159145
75	132	0.2973681860300024
75	184	0.2904887734131512
75	29	0.2697646648934976
75	1	0.2664512875076641
75	107	0.2661446893351887
75	4	0.26212609251346597
75	25	0.25940465069236224
75	151	0.2578836928930899
135	172	0.4374880171318095
135	148	0.4301249619041933
135	150	0.4043597890980663
135	117	0.388158472146348
135	149	0.3706789758070813
135	17	0.3657951257537235
135	118	0.36525796376388014
135	146	0.3553642116515932
135	18	0.34368047506564514
135	68	0.3298233239339099
135	16	0.3255387341228258
135	77	0.32396435053087697
135	14	0.3121989625794948
135	120	0.3077245519893456
135	109	0.30247353537475685
135	49	0.2874918721324564
135	20	0.28259494769497484
135	168	0.2774986606934076
135	67	0.26680427316067706
135	171	0.26382023006073474
135	154	0.2597497199710264
135	147	0.25942330478012465
17	154	0.6981437215424848
17	16	0.5719795536385471
17	117	0.5015762313422629
17	49	0.5781970150477311
17	120	0.5737867067084352
17	14	0.5718382403947384
17	119	0.5626689349721462
17	149	0.5595446196182371
17	18	0.5440919016109935
17	118	0.5288447477371796
17	136	0.522847111154533
17	44	0.5194308601192079
17	150	0.5011195546900992
17	46	0.5001228816809293
17	19	0.4563963447082149
17	157	0.442423399308244
17	20	0.4365819368004199
17	168	0.4172849452607576
17	48	0.4160618983761484
17	137	0.4099074691706194
17	152	0.3879461182939101
17	53	0.3770360386151378
17	146	0.3716446832282785
17	121	0.35457761563934004
17	47	0.3247964933798899
17	151	0.3159576051688748
17	138	0.3142011921947704
17	171	0.3140659941822544
17	42	0.3093531981966293
17	127	0.3071269290038973
17	107	0.2862070680600013
17	59	0.2857479596411269
17	123	0.2817666111572937
17	4	0.27990592734014186
17	45	0.2790209032325011
17	105	0.2761228310481133
17	129	0.2745609557418574
17	40	0.26891140450555945
17	1	0.25850902707361195
14	46	0.7697850622618423
14	152	0.7610266074131397
14	154	0.6450298186138734
14	120	0.6291874518970977
14	44	0.6036690993658312
14	149	0.59757069592802
14	157	0.5766038216356217
14	119	0.575140089237502
14	136	0.5688966405171765
14	118	0.4999053857824369
14	18	0.4753735479028428
14	150	0.4648339116872197
14	59	0.4612752422092118
14	168	0.4606531077589827
14	151	0.4585155099633118
14	53	0.4395395877310146
14	49	0.4197759358290379
14	137	0.4125331031662681
14	171	0.40966616749174106
14	127	0.4091833921292681
14	138	0.4046525202633999
14	16	0.3988662876054616
14	1	0.3912964831598503
14	146	0.3886339952130686
14	19	0.384253103109705
14	0	0.3830847699115349
14	4	0.3740554329321201
14	186	0.3542016202078719
14	20	0.32989461937856496
14	129	0.32825387333355044
14	143	0.3180983977798044
14	121	0.3042713056707034
14	82	0.3034907212886453
14	27	0.2938546280079858
14	104	0.2885281387622903
14	47	0.287785396614455
14	10	0.27965706231691784
14	105	0.2771201899120508
14	29	0.2761135934607848
14	107	0.2738766007745104
14	42	0.2732474894151058
14	40	0.2725811166464207
14	45	0.27031164171765765
14	2	0.2690041706763148
14	102	0.2685866836266328
14	5	0.2667485433398173
14	123	0.26199570714185344
9	108	0.8115661483869094
9	109	0.5178591954425957
9	106	0.4636179459431841
9	6	0.4312408433977277
9	105	0.41927329640400535
9	103	0.4126409735176915
9	5	0.3396085685166228
108	6	0.5916104025673499
108	105	0.436541466106392
108	106	0.3950838725358978
108	109	0.3375102250789749
108	168	0.27037652570297355
108	5	0.2650386308199181
109	197	0.5287799155606494
109	103	0.4213316593315328
109	95	0.411453763561555
109	106	0.40648229718979584
109	99	0.3059037639798325
109	163	0.2701540561028674
109	58	0.2619863935349581
6	105	0.7146285298847178
6	168	0.3207922591872222
6	71	0.3083309816197706
6	35	0.28415843323493634
6	48	0.2774617405038826
6	104	0.27465341483114186
6	177	0.2684196605387967
6	4	0.26725933321750633
6	2	0.2606074424356548
95	197	0.8013236650435529
95	181	0.5878209365053852
95	99	0.5363732232584373
95	79	0.4438618867281899
95	93	0.4428093628512941
95	101	0.4256564840410982
95	195	0.41457237797189794
95	112	0.3586275581221331
95	100	0.3351333680846479
95	185	0.3261375998508739
95	11	0.32072048995941865
95	92	0.3184758489615501
95	176	0.3086386262387141
95	106	0.3070544733798476
95	68	0.3067646152929095
95	163	0.2938729008897439
95	7	0.28847313271932035
95	160	0.2825673432580908
95	142	0.2630664460483447
197	181	0.5076880115931782
197	99	0.4456107026141185
197	176	0.4139262279598289
197	139	0.3900847574608349
197	112	0.3790587464726276
197	195	0.37773067981908204
197	101	0.360073197389534
197	79	0.3503125666409414
197	100	0.3434423443670105
197	142	0.31814333773546705
197	93	0.30281872939051196
197	160	0.28592243630599723
197	68	0.27809849883430154
197	32	0.27696323777142123
197	61	0.2761505435040089
197	36	0.27173852129751475
197	106	0.2565389602113486
181	79	0.7060734813768367
181	93	0.640399088350907
181	195	0.6215764495802218
181	92	0.5667215712414229
181	61	0.5207002449077716
181	196	0.4663142360375178
181	68	0.4574644841494806
181	112	0.42990488837194907
181	176	0.4140588055907692
181	142	0.4090335186809671
181	114	0.4082338209902286
181	139	0.377121819763152
181	167	0.3677943408564696
181	147	0.36242953347498186
181	175	0.35712785012983145
181	80	0.3376785707825676
181	185	0.3344230292891234
181	60	0.33258326456771176
181	67	0.3309725037342669
181	35	0.32852152178692096
181	160	0.3274149002773069
181	63	0.3231496177057525
181	183	0.30733521908816136
181	172	0.3051875169568596
181	52	0.3051331043257919
181	99	0.2962830316679689
181	194	0.27482907310777754
181	166	0.274283548016106
181	90	0.2674636071422437
99	101	0.6932001456724483
99	163	0.5693766597435861
99	100	0.4618575899338834
99	56	0.4089918832504577
99	106	0.3864244621665885
99	185	0.3338811404572084
99	73	0.32511847832297097
99	161	0.2961370701314429
99	190	0.2892155535143825
99	7	0.2810299592018365
99	30	0.2646201914061107
80	88	0.6950552493548354
80	60	0.6499256659479712
80	183	0.636727244590521
80	84	0.5410224126947877
80	92	0.5014639597035645
80	196	0.4940469830787517
80	93	0.4896653160181928
80	87	0.4744829384289925
80	162	0.4464918445597024
80	91	0.44561871688942295
80	193	0.443428170037005
80	147	0.4273090703029038
80	195	0.4124999099610023
80	94	0.4118109038466499
80	194	0.4000848952049487
80	160	0.384815511102228
80	50	0.3832639371676922
80	66	0.3744853937482473
80	112	0.3727990271770388
80	185	0.358305102427908
80	174	0.3346450510315723
80	76	0.3262269603627901
80	180	0.32367790577346234
80	191	0.32308692608502043
80	177	0.3208102009186373
80	90	0.3146968091828518
80	86	0.31135936446718665
80	189	0.3106819148868864
80	52	0.2763814627764081
80	156	0.27263665771007817
80	164	0.2688742966401691
88	50	0.6353457844410433
88	87	0.7237092416077198
88	193	0.6469003753870077
88	84	0.5489030616858666
88	194	0.5423013623815474
88	94	0.5307796599749274
88	191	0.4906074260693243
88	162	0.4700932245010145
88	66	0.4690564904821588
88	91	0.4650220337609741
88	183	0.44949721028390377
88	180	0.4464838380736269
88	60	0.4398783832465392
88	173	0.4312245626306115
88	185	0.4007902009504018
88	86	0.39345388782107343
88	76	0.3907204467736072
88	177	0.38312743139730415
88	160	0.36904752627027504
88	90	0.3603255717440504
88	82	0.355224409099522
88	196	0.3540704320569611
88	73	0.34232165601465786
88	174	0.3363489385230587
88	52	0.33384559904720124
88	156	0.33157787829177704
88	93	0.3211062062395342
88	179	0.3117747104090736
88	147	0.29231894023214244
88	184	0.2865559025998178
88	92	0.27978610813352384
88	164	0.27282178146388003
88	170	0.2714328617008854
60	183	0.5019952295282518
60	91	0.4893763756744061
60	61	0.4636414973676173
60	165	0.4402815480451786
60	62	0.4147131501056833
60	93	0.4001772836670501
60	195	0.39417206239725533
60	66	0.39099156087720094
60	92	0.3877677092218271
60	86	0.37504410211969663
60	174	0.3629245587116253
60	193	0.36194299367083216
60	196	0.3560018590047465
60	164	0.3529241303117706
60	45	0.3484249935049528
60	84	0.3468953036181189
60	35	0.3466225785676915
60	170	0.3452492667398161
60	160	0.3347338493286673
60	167	0.3336145567478099
60	50	0.3242149409811477
60	147	0.3011010598220087
60	67	0.28996678576436097
60	175	0.2893621634270097
60	94	0.2890964229687121
60	68	0.27250705906885503
183	174	0.6735921744932191
183	175	0.6112596802720225
183	193	0.5875459926925309
183	195	0.5613622312407219
183	177	0.4571639559477923
183	167	0.4550890525117194
183	147	0.453740090462573
183	92	0.4531919761936685
183	112	0.4524924344019357
183	160	0.4446805621558972
183	196	0.4292443612582673
183	91	0.42119182777966796
183	194	0.415590457899476
183	166	0.3603081683089878
183	90	0.355661239286337
183	93	0.34683372566755943
183	176	0.342153910088368
183	162	0.33724437211413216
183	87	0.32378532951406136
183	165	0.31923044834610514
183	71	0.31728024097167623
183	185	0.3172532607174146
183	76	0.31612862735045244
183	187	0.3103204792904568
183	180	0.29707645518766945
183	84	0.27509714773896554
183	62	0.259936216296661
183	66	0.2578556877964084
147	77	0.5100741568653735
147	193	0.5010221940530883
147	160	0.5006551053489471
147	172	0.4932377237796221
147	175	0.4909338580567226
147	148	0.4868931577402165
147	92	0.4768660353164914
147	112	0.4665959071123228
147	185	0.42170170498095855
147	68	0.4036736373490833
147	187	0.40292839744474257
147	176	0.39678720648239546
147	196	0.3965681183078513
147	195	0.3627682570650432
147	189	0.3382011907780303
147	69	0.329983733392455
147	184	0.3104741003887982
147	170	0.30969679201672
147	194	0.3030003785501625
147	174	0.29695792368528723
147	86	0.29103804737599903
147	91	0.2820887920230972
147	177	0.2797953253050721
147	162	0.27939894037198953
147	167	0.2691896880440839
147	191	0.257463570966858
1	102	0.7400364700423109
1	11	0.4254845171947827
1	103	0.5672576042045148
1	8	0.5398685056839432
1	107	0.5389396592938313
1	4	0.5084224725590285
1	0	0.4941301294934466
1	10	0.4400074152853658
1	2	0.42676942959706826
1	105	0.4062819323328016
1	157	0.40128531047302096
1	19	0.3634454166886419
1	24	0.35766865532901576
1	154	0.3555039983067048
1	121	0.3514349825517989
1	53	0.34706242869405834
1	20	0.31923044834610514
1	104	0.3021100875166381
1	127	0.3016829240317449
1	136	0.2965931539796157
1	46	0.28889479703150106
1	16	0.2873450896341516
1	149	0.2637737095028098
28	132	0.7868093525736805
28	131	0.5466282188797812
28	25	0.5587404090070575
28	125	0.5452032084585199
28	29	0.486114577589168
28	128	0.4708018224258251
28	23	0.4707940389327406
28	133	0.3758945345839278
28	53	0.3450114277800591
28	27	0.3418095211768572
28	21	0.338759012422356
28	26	0.3335878954411541
28	126	0.33138205166560736
28	130	0.3078693937527074
28	11	0.2936261988671052
28	90	0.2862070680600013
28	124	0.27054335895795123
28	4	0.2657172202097704
28	19	0.26151133490601103
132	25	0.6783817281584577
132	125	0.5770709026578525
132	128	0.5804559055787734
132	131	0.5216835293094341
132	23	0.5155134863269383
132	29	0.5109983475699038
132	27	0.4823252118560411
132	21	0.3970904847165993
132	130	0.3901271483280979
132	90	0.34219805586818924
132	133	0.33602075602114023
132	20	0.3065200032613912
132	126	0.2929589939037598
132	107	0.28992098913726644
132	19	0.2847190809153509
132	53	0.2836711552826125
132	0	0.26837326237183456
132	124	0.25982432082730106
131	125	0.4848075780361257
131	133	0.4835750288511323
131	26	0.431069881337471
131	23	0.4285833746703191
131	24	0.39279443422267296
131	124	0.3673791984836247
131	21	0.3621254692251026
131	25	0.3503652024008793
131	126	0.3484249935049528
131	128	0.34272768735565023
131	143	0.3371557425020961
131	129	0.3323786895969406
131	29	0.32279134168432616
131	19	0.28996678576436097
131	34	0.2760766426013589
131	27	0.274339033215036
131	53	0.26684142538335537
131	122	0.2624892584344338
131	123	0.2611479692545122
131	102	0.26096159917533274
25	128	0.6450239792108771
25	23	0.6051859528564207
25	29	0.5532202876479575
25	27	0.5397409557311017
25	125	0.4596125813557564
25	20	0.3733671610910189
25	19	0.3635929518346003
25	21	0.35706677642424645
25	53	0.35445521110384426
25	130	0.3521272200472781
25	56	0.34285123670923806
25	126	0.31972431214177555
25	100	0.3104198830288988
25	133	0.30375398719143165
25	90	0.3017374622892846
25	124	0.2794634746459759
25	30	0.26608893842472675
25	22	0.2573982099133247
125	21	0.5944500136924762
125	23	0.4659933287779735
125	133	0.4242470890927588
125	128	0.3641308666073562
125	53	0.3567613621070497
125	126	0.3353907718921195
125	27	0.3331434617913397
125	130	0.3324142701001417
125	29	0.33003719897796624
125	26	0.31582257315146817
125	124	0.2897652706745281
125	117	0.2821072004375069
125	19	0.2652338684005693
44	136	0.784051070988576
44	120	0.7223156654139077
44	45	0.5453015864334471
44	149	0.7475065688566224
44	18	0.6432453069785812
44	49	0.6293505374386642
44	154	0.6287764723816432
44	137	0.6148610448574489
44	138	0.6132975510011095
44	118	0.6000785986491746
44	42	0.5573632535878146
44	127	0.5521715519272616
44	157	0.5508076687112408
44	46	0.5368289411677285
44	146	0.5183054657438383
44	171	0.5166653191148781
44	152	0.4936764938057701
44	150	0.4858014012153235
44	119	0.4808889504275471
44	123	0.47104307435736403
44	31	0.4496009380155602
44	143	0.44021705360098295
44	33	0.4338827332396719
44	168	0.41320502980923296
44	129	0.41201018297422093
44	40	0.4034392375348592
44	22	0.3911525027830195
44	104	0.3751815885758004
44	53	0.3612302045187268
44	19	0.3593767190775605
44	126	0.3591764073980305
44	134	0.35724998838019034
44	59	0.35231116779063193
44	140	0.3509089756287561
44	130	0.32815572235650753
44	47	0.326968427482052
44	151	0.3248769966778355
44	117	0.3170823738487047
44	34	0.3103837370002514
44	27	0.2977327715088838
44	26	0.2890047779937715
44	16	0.2787350128391231
44	145	0.27650152818914503
44	141	0.27413557855802856
44	133	0.2572768188510497
136	149	0.7619718738602599
136	138	0.6895409145460769
136	127	0.6799225574243121
136	120	0.6672279791249539
136	154	0.6606296140094369
136	150	0.6322105761160206
136	157	0.6320364543588733
136	49	0.6229062585154312
136	137	0.6205567514643299
136	146	0.5869956978767732
136	123	0.5652875343192477
136	42	0.5467614325848493
136	118	0.5156309559720526
136	171	0.5085559315300414
136	40	0.5030416945013108
136	129	0.4940545422171908
136	46	0.4846469197433537
136	33	0.4516809045192742
136	143	0.4500954726772322
136	19	0.4491620070726545
136	152	0.4456828285204715
136	18	0.4452820558369365
136	34	0.4227699367351114
136	53	0.4171527967149961
136	119	0.3998160825342783
136	24	0.3833918961235945
136	104	0.3797949367414637
136	126	0.3752932841682015
136	140	0.35708422636597176
136	121	0.3528978666969592
136	22	0.3522410956685221
136	145	0.35042660799051856
136	59	0.342515860880249
136	130	0.3299480884925567
136	168	0.3298233239339099
136	45	0.3275845216251045
136	151	0.32046926866302544
136	134	0.3146157199537577
136	20	0.3128576605614326
136	21	0.3102391439110614
136	117	0.29497801023769743
136	27	0.29262985619535115
136	141	0.2835883954091335
136	47	0.2682062186616589
136	133	0.25867699041111675
136	124	0.2572021126225161
136	26	0.2564548813717503
120	18	0.7245606162252431
120	149	0.6989066943701379
120	154	0.619793677122489
120	118	0.6085403541361598
120	119	0.5839659605246269
120	150	0.5372914592592284
120	49	0.4888210045126841
120	157	0.4867558173955562
120	46	0.4619283888717756
120	168	0.4490422609820329
120	152	0.44620356602332345
120	117	0.4448650628980057
120	151	0.4303694281066985
120	146	0.41645872749346896
120	19	0.4072082920297056
120	42	0.3992110025438181
120	127	0.3980839553415708
120	138	0.3966776680441035
120	16	0.39567444522497947
120	59	0.3946871617953004
120	137	0.3890414217152065
120	171	0.3880055815256669
120	121	0.3599165247241191
120	45	0.3415003760174835
120	188	0.33733299574840225
120	53	0.3172712476106555
120	48	0.31567852489734083
120	126	0.2850866130563689
120	129	0.2740153438148312
120	31	0.2661632725763563
120	20	0.2633921946580453
45	164	0.5995856436014415
45	149	0.5080961366774952
45	49	0.4356101526958608
45	118	0.4140836619411674
45	86	0.403188036104556
45	154	0.3713171224971049
45	189	0.3664705641627843
45	119	0.3500405799699933
45	47	0.3478801438596223
45	50	0.3376254113146126
45	171	0.3317736763500492
45	152	0.3131463100805447
45	137	0.30998607146543705
45	46	0.3055592832556629
45	173	0.2990354539250307
45	18	0.2918158570990196
45	170	0.27959253561892417
45	31	0.2597217438505418
149	118	0.6868193994910653
149	154	0.6864494262994206
149	150	0.6429579610501833
149	49	0.6422828663622874
149	157	0.6113974612941234
149	127	0.5681521826722683
149	137	0.5653827897805799
149	18	0.5450415548943989
149	171	0.5445141421193007
149	46	0.4948629383764265
149	146	0.4907213133404019
149	138	0.477198184665276
149	119	0.4747540964663674
149	129	0.4625024293783089
149	143	0.4471641340847792
149	42	0.4458430875966634
149	123	0.4421901335407694
149	152	0.4415382812192736
149	168	0.4281669623796681
149	117	0.4243782824914759
149	40	0.3806161626414265
149	16	0.3673878487770903
149	19	0.36273352059334346
149	53	0.35083005547635404
149	33	0.3492857273496656
149	126	0.3259409862084517
149	24	0.3067283790294565
149	20	0.3040081309538536
149	133	0.3025643836025753
149	59	0.28461799489488965
149	124	0.2772402021599031
149	4	0.2728125257558732
149	47	0.2719052216136006
149	34	0.26767714054295977
149	151	0.2657543955889804
149	164	0.2654941513423437
149	140	0.257342184278446
138	127	0.639696585403547
138	137	0.625402913972156
138	40	0.5842163187839503
138	123	0.5809198666459091
138	145	0.5156015903777061
138	157	0.5048098524343301
138	140	0.4897033264814553
138	141	0.4667445287040498
138	146	0.4559370357977207
138	154	0.4509243949885259
138	143	0.4491141105724305
138	129	0.4449372485644747
138	42	0.4398703181409834
138	104	0.4239600414391951
138	171	0.41853122767509177
138	130	0.4165579099917382
138	49	0.4017214838699105
138	134	0.4014866439029436
138	53	0.3901017140061829
138	22	0.3894317293537983
138	34	0.3834345458386806
138	126	0.3782363855830387
138	24	0.3673878487770903
138	46	0.3609867163305932
138	133	0.3546650400106248
138	152	0.353142972138132
138	118	0.3492681672373847
138	33	0.3458744834673799
138	114	0.3293598118606053
138	150	0.32842339014402805
138	18	0.3132365011947909
138	26	0.3081680848197873
138	27	0.30065541841358645
138	119	0.298607422233393
138	37	0.28167454780587897
138	142	0.28126940746261386
138	41	0.2706267694929542
138	59	0.26998718496863033
138	165	0.26185599791500275
138	39	0.2613436368860253
127	129	0.7512507140703335
127	143	0.7047823885769674
127	24	0.6483344352305255
127	40	0.6007628581086429
127	157	0.5714073621050842
127	154	0.464630065402618
127	104	0.4488426483155979
127	26	0.4476520279260864
127	133	0.4426485646392131
127	123	0.4302960948724806
127	41	0.4296113775158947
127	150	0.4251159133272737
127	126	0.410822229791124
127	118	0.3959105827427565
127	34	0.3931580291774421
127	53	0.39117791247642697
127	137	0.3898303775349479
127	39	0.3803253803681538
127	42	0.3630200663325286
127	46	0.3625511375806357
127	152	0.3602907646230994
127	130	0.3549010548357501
127	110	0.3519782900419671
127	22	0.34968954220078
127	171	0.3341565541912505
127	27	0.2935805090135893
127	19	0.28381827351215105
127	10	0.2830089580612639
127	49	0.2706267694929542
127	2	0.269505021721207
127	102	0.2678256700121702
127	4	0.26593096784536624
127	128	0.2634480312486706
127	32	0.2579583710323438
127	140	0.2572301278185385
134	141	0.7819229639019742
134	140	0.6685463233425301
134	137	0.6627938375536567
134	166	0.6540076970016102
134	146	0.6093205665061532
134	123	0.6017652736706435
134	22	0.5665043073164091
134	139	0.5503128815486784
134	114	0.5195111766037804
134	42	0.4744829384289925
134	30	0.4576463320493348
134	145	0.4535733093878556
134	61	0.4492498106181728
134	171	0.4377386504453772
134	104	0.4297255314182981
134	33	0.398210177178266
134	37	0.3969388564339596
134	62	0.3860245717846751
134	35	0.3770703518506498
134	167	0.3700836316344232
134	31	0.3664619071378031
134	2	0.3323342126374829
134	18	0.3266200773364109
134	63	0.3145075938382447
134	165	0.3143544012035974
134	49	0.313552125592136
134	23	0.3117115132728515
134	34	0.30035521855437297
134	142	0.29933591493722816
134	126	0.2951149523734539
134	172	0.2715440169839989
134	130	0.270728710184556
141	166	0.7672880391461957
141	140	0.7509063681087098
141	139	0.7168476415890355
141	145	0.607910292290734
141	137	0.7002495453542259
141	123	0.6141017016351621
141	146	0.5903935631463069
141	114	0.5684230023500382
141	61	0.531949431799128
141	22	0.5122681050907855
141	37	0.47511033857466495
141	142	0.4679013101022792
141	33	0.4581600430559098
141	42	0.4083671475041321
141	171	0.4077003407865469
141	30	0.3801970701584144
141	35	0.37184289873443177
141	34	0.36834763602828696
141	165	0.3655958843915132
141	167	0.3612128141383037
141	62	0.3445356169378731
141	39	0.33392556588473304
141	31	0.2859499835205105
141	104	0.2804403990608313
141	63	0.2769909362822165
141	49	0.2655313314617039
141	36	0.2646294911430445
166	167	0.6523679309060207
166	61	0.6231448757745315
166	140	0.670697582065657
166	139	0.6493072077027222
166	175	0.563584005400251
166	62	0.5619714631763929
166	172	0.5382368359286488
166	35	0.5240957921332449
166	146	0.5118328005564252
166	145	0.4843561216042608
166	137	0.4720928660183771
166	114	0.46083428226460205
166	195	0.4555408848110859
166	165	0.4100904873538301
166	68	0.4061984354416061
166	33	0.3723512095451192
166	176	0.36996280003993776
166	63	0.3598033596174777
166	123	0.3595682905705089
166	174	0.34549586771877383
166	42	0.25778100542044396
140	137	0.7125721922305945
140	146	0.6554360434825647
140	42	0.5999378008150998
140	123	0.545392923961466
140	114	0.5322505170301784
140	139	0.5249439003058233
140	145	0.4832225190740533
140	171	0.4692982509833297
140	35	0.4586418628570114
140	61	0.4130308697626921
140	34	0.4117112495089424
140	22	0.4004124175938919
140	33	0.3859394699968228
140	62	0.3824446515725707
140	150	0.3773190918492871
140	165	0.36849456122978336
140	49	0.3633239034664841
140	172	0.3417212015331788
140	32	0.3389891551530005
140	142	0.2970399849311197
140	167	0.2742280609909046
140	104	0.2572021126225161
139	114	0.7219902887932519
139	36	0.5718180500175708
139	61	0.5944694122219631
139	142	0.5572184739412778
139	32	0.4126160813867444
139	79	0.412134712418546
139	30	0.4074334962437405
139	35	0.38478995329651183
139	176	0.37230814101448656
139	37	0.3670677455965794
139	167	0.3580435890892121
139	39	0.35783433796298897
139	146	0.33794433580649896
139	145	0.3334545809039343
139	123	0.3243849585935628
139	172	0.31299297222305844
139	22	0.30757064198728995
139	195	0.3036450551994994
139	137	0.3003643163944737
139	63	0.29529752302813084
139	33	0.28233728808723296
139	100	0.28140753476199426
139	175	0.2809931179012345
145	165	0.4743279505350089
145	137	0.5654304118568444
145	123	0.5426542212903885
145	33	0.4904403610823218
145	146	0.4839963021194852
145	40	0.4152098342590889
145	142	0.3937243158557458
145	34	0.3847132763390461
145	22	0.37106707973660175
145	62	0.3571104008112279
145	114	0.34276298838097863
145	49	0.32788800186177003
145	171	0.3218593911820273
145	42	0.31874539514036776
145	41	0.3124606731017413
145	39	0.2681134096303452
145	61	0.2568845768617472
46	152	0.7815340634629008
46	59	0.5049812209473136
46	154	0.5858803446622683
46	119	0.5220910041513461
46	157	0.4862520302316336
46	118	0.466705420314155
46	168	0.4553903001039442
46	49	0.4425681548553312
46	151	0.4354156738567568
46	53	0.4099490671113553
46	16	0.3963068387399878
46	82	0.3771818627173225
46	47	0.3612649845257385
46	150	0.36009930752625496
46	137	0.3436363801214004
46	146	0.3356481256325624
46	171	0.3350712286332074
46	42	0.3226659232124233
46	129	0.3219938456695491
46	19	0.31817030102261296
46	18	0.30799611859091625
46	104	0.30625722671893624
46	0	0.28821641267964004
46	188	0.27899323858087216
46	40	0.2669064398646092
46	143	0.2656707498744665
46	117	0.26146475370588834
46	102	0.2564361966580407
152	154	0.5643682258135323
152	119	0.5276263136611926
152	118	0.4278974221974784
152	157	0.4148787389697254
152	59	0.4051290764057631
152	168	0.3922107344688499
152	151	0.39174524019439694
152	186	0.3788789061215473
152	82	0.3671975276403072
152	0	0.3556525042044413
152	53	0.35261768687594924
152	171	0.3265575435540221
152	104	0.32599461090808857
152	129	0.3240717520070017
152	16	0.31637162353023623
152	49	0.3156965317250294
152	47	0.3080232724917372
152	143	0.3047884447392178
152	5	0.2999275584453257
152	29	0.27650152818914503
152	188	0.2739043502947301
152	150	0.2705711629210053
152	146	0.25915280156781323
152	27	0.25856501659009234
59	151	0.5677524989133153
59	5	0.36146495005740703
59	157	0.347906512966581
59	186	0.3280129446496929
59	49	0.32646820461981485
59	58	0.3195806605761015
59	154	0.3186735211979159
59	82	0.31446253888110504
59	54	0.31158511072697026
59	18	0.29937233042159145
59	118	0.28606934932149386
59	168	0.2851325486827019
59	171	0.28037590307204685
59	119	0.2764645859043844
59	130	0.2665999217636112
59	72	0.26420165232567583
59	146	0.26398769390598104
83	190	0.7814172747317991
83	158	0.7427026467892273
83	55	0.6161530381125464
83	169	0.5066555521583912
83	159	0.4979977273197445
83	54	0.388820751238421
83	56	0.3272006115667669
83	58	0.3250648193978017
83	65	0.3182781490235572
83	53	0.3054414162161549
83	40	0.3024917054600429
83	161	0.292584137138088
83	101	0.27885490837700705
83	143	0.2720163460932832
83	157	0.26658134317491833
83	41	0.2633828883880157
190	56	0.4492338469825885
190	55	0.7368444707799781
190	158	0.7011962612670026
190	159	0.5079922719256897
190	169	0.4158965061163261
190	101	0.3375722496928553
190	54	0.32913691298318304
190	161	0.3248054384232153
190	73	0.3099047174187861
190	163	0.30647470029273555
190	58	0.2998001470118142
190	106	0.2838090790141796
190	87	0.2704506758216871
190	185	0.2677235573691064
190	57	0.2675843031633817
158	55	0.7573324744723899
158	169	0.7263606966158856
158	159	0.6785220509453022
158	161	0.4351887305011045
158	56	0.4021826228533907
158	54	0.3426570824013533
158	58	0.3103837370002514
158	65	0.3025462143967552
56	163	0.5680167266626839
56	57	0.3950332368116173
56	100	0.526369558917701
56	161	0.40305403715620897
56	55	0.40215747507584204
56	30	0.3838012658705277
56	101	0.3665225049801713
56	162	0.3604734908137906
56	185	0.3205589957320337
56	58	0.2993905378367287
56	73	0.268605240750814
167	175	0.6301289591280569
167	63	0.5257764962994322
167	61	0.5750196182690246
167	195	0.5473360374226016
167	68	0.5082444892632207
167	62	0.4856944343611709
167	174	0.4655626508205759
167	172	0.4581047350259588
167	35	0.4554299301852821
167	92	0.4450495258881278
167	93	0.3403956831600867
167	91	0.3363755443363322
167	176	0.3291993283675325
167	165	0.2990718766012363
167	67	0.2880055045034271
167	193	0.282677758197185
167	90	0.2740615889607664
61	68	0.6971582186894061
61	35	0.6653373541842699
61	62	0.5924742185564503
61	79	0.4819491154286508
61	67	0.4776922941046454
61	114	0.476077601332936
61	172	0.4690018896688759
61	63	0.4648495901301511
61	37	0.4569978297667345
61	92	0.4431389101488608
61	195	0.4423027520722132
61	93	0.3883028492280405
61	142	0.3866201002863461
61	175	0.3731950288470048
61	32	0.3415268770707674
61	176	0.3130831729394727
61	42	0.2930047019855865
61	165	0.2875469120883854
61	69	0.2859132537961385
61	146	0.2822452569235813
61	36	0.2594792658819369
137	146	0.7665054880243773
137	171	0.6662559331670178
137	123	0.6531771127295952
137	49	0.6249521407529779
137	42	0.5371634096568136
137	33	0.5052791583369053
137	154	0.5010072143677657
137	165	0.4712298016654976
137	22	0.4310780230899482
137	157	0.4148704601790592
137	18	0.4065657710106616
137	150	0.40230835263817866
137	119	0.34701845054740743
137	143	0.326861252279726
137	62	0.3253867415422401
137	118	0.3248412180154269
137	40	0.3219131745352606
137	34	0.3064656395323861
137	168	0.2900583750345864
137	104	0.2662840588209269
137	117	0.2643132724847414
137	4	0.2638481418064021
137	129	0.2605888006632746
137	37	0.25840637511589426
146	49	0.644632567590242
146	42	0.6376182605450531
146	171	0.6341635540045336
146	123	0.5357461000993701
146	150	0.5022420288954437
146	154	0.4918820056494679
146	62	0.44617953863036736
146	33	0.4433076563033285
146	114	0.3837330480490411
146	18	0.3747175056597912
146	172	0.3561328414107249
146	157	0.3241701960222336
146	22	0.30965158692191336
146	35	0.3050424121799122
146	151	0.2872533437182373
146	118	0.2836987409681161
146	119	0.2836067868572588
146	67	0.2810207489543329
146	34	0.26137158765197804
146	165	0.2602066015244391
146	168	0.25969376729409344
146	117	0.2590968303080474
171	154	0.57574206996402
171	49	0.5256245321168879
171	119	0.4395637915603756
171	42	0.4321358529440859
171	123	0.4114952979970678
171	165	0.33122180864058864
171	62	0.3232302170506385
171	150	0.31642561704499994
171	18	0.3088105171744259
171	157	0.29370843722260337
171	168	0.2848477266928981
171	114	0.2769447718418376
171	151	0.27542062912543136
171	33	0.2740153438148312
171	117	0.2737840990806589
171	118	0.27129390741417525
171	4	0.2635410883102736
123	22	0.5877162120093418
123	126	0.5722620782945298
123	33	0.5216980860834565
123	40	0.4769973664619162
123	34	0.4527071258283707
123	49	0.4389504311825045
123	42	0.4324367105098628
123	143	0.4097327392003219
123	130	0.3883113414040377
123	124	0.38299944203713226
123	114	0.37914437467320267
123	157	0.3762122106073211
123	129	0.37595464223316105
123	165	0.3695484252734407
123	150	0.3536855331011876
123	128	0.35353679004679045
123	27	0.34418305028450435
123	154	0.33011739338596346
123	21	0.3189340467982528
123	30	0.31354310871321833
123	104	0.310338553202283
123	23	0.3061303523683474
123	53	0.2988077924607373
123	19	0.29660227427757524
123	133	0.28408489124450137
123	24	0.2758826372021792
123	37	0.2756886093221545
123	26	0.2716459029634223
123	20	0.2596005089578206
123	118	0.2578090116724485
123	57	0.2572394661211307
49	33	0.5421884071044056
49	154	0.6133599337863742
49	42	0.6071405788208281
49	150	0.5599360333348207
49	118	0.4716031295812016
49	157	0.4525401481422806
49	18	0.4215619264574392
49	119	0.41322990734894
49	117	0.3514525122976461
49	168	0.3420038031393605
49	40	0.3236331434184046
49	62	0.319410055260681
49	16	0.3137955599447185
49	47	0.3126591804849818
49	34	0.2856744901134973
49	19	0.2672686189171772
49	48	0.26375510093603977
42	150	0.5563490844660179
42	154	0.4540656190565552
42	114	0.4147131501056833
42	18	0.4142576391013709
42	157	0.4027189641758197
42	22	0.38525841928623467
42	32	0.37512144028194977
42	33	0.37410703672588297
42	168	0.3566391750187484
42	34	0.3537467750429176
42	40	0.3466929648387858
42	104	0.34320416950083205
42	37	0.3317736763500492
42	67	0.3124155539804931
42	118	0.3102481813997591
42	35	0.2760766426013589
42	62	0.2737840990806589
42	117	0.26535471886227285
42	110	0.2622285314496205
174	175	0.5696604321581993
174	193	0.5153225568204814
174	195	0.4930636592299915
174	194	0.4013943708959896
174	91	0.40060552388243337
174	177	0.3649459515668142
174	165	0.3636276633363625
174	180	0.34627938960451365
174	160	0.3449233280293405
174	173	0.34476473316290035
174	196	0.3443769739635595
174	179	0.3359941430513272
174	76	0.33588768580725675
174	50	0.3080413748134881
174	35	0.2975322602350984
174	170	0.2952336257513231
174	92	0.28974694984659755
174	63	0.2882255819662069
174	87	0.27416332382037834
174	62	0.2727755024188441
174	187	0.26208884052643217
174	69	0.2572207894679043
118	48	0.424861904157902
118	154	0.5466001703628987
118	18	0.5282177782173382
118	117	0.4947194538594488
118	16	0.4534700480367889
118	150	0.4381912349837573
118	168	0.4181847375115313
118	157	0.4002864595451859
118	129	0.3869517549722689
118	148	0.3806247139222457
118	47	0.3503827471624344
118	19	0.3133988309614457
118	133	0.3116121979153264
118	119	0.31007645952678153
118	126	0.2986711792531236
118	143	0.2811036393181362
118	31	0.27927908430909376
118	124	0.27041360116335433
118	104	0.2614181712878157
154	119	0.6790343480016413
154	150	0.5467333898941243
154	157	0.5446899942644003
154	16	0.5444367520058182
154	18	0.4812578632366209
154	117	0.4734982658560112
154	168	0.4627932334569724
154	47	0.39782304911153255
154	19	0.3778078359539094
154	129	0.3670677455965794
154	151	0.356604262180762
154	40	0.3501370981283853
154	53	0.34276298838097863
154	104	0.3359231725089569
154	48	0.327272044877556
154	133	0.2865100076565485
154	143	0.2823740990977188
154	20	0.2822728668182385
154	4	0.2757994851484409
154	72	0.26653489583648377
154	21	0.2644620883490683
154	24	0.25960983500936724
150	20	0.4951347297868663
150	157	0.5613759285358438
150	18	0.42343493398587184
150	19	0.4174831349944402
150	121	0.3660549554103945
150	34	0.3499791554535524
150	21	0.346076952650745
150	40	0.34219805586818924
150	33	0.33785575345061397
150	53	0.3235704736875732
150	168	0.3206128292123761
150	24	0.3099951105237719
150	32	0.28311934302350106
150	117	0.2770370994439001
150	124	0.27054335895795123
150	103	0.2697461202529348
150	129	0.2661353976404162
150	122	0.2647968779898825
50	173	0.7598288405331949
50	87	0.5605878344767832
50	179	0.5183785978975329
50	180	0.517968960193424
50	156	0.5020700258522158
50	164	0.4915787251573489
50	66	0.4815958836202137
50	191	0.4434442373236694
50	47	0.4298478239296958
50	94	0.4226960200205789
50	91	0.389160225791778
50	52	0.3621341578450839
50	193	0.3562900018262985
50	194	0.3269505655322998
50	196	0.3179276129120722
50	142	0.3154534203696345
50	39	0.2775724986135213
50	170	0.2672407616692643
50	165	0.2597217438505418
173	180	0.6017014819765528
173	156	0.5200220664274223
173	179	0.6257255087469962
173	66	0.4971474911840834
173	164	0.4645751752942934
173	47	0.4608500347546998
173	87	0.4396202646797561
173	191	0.43451568060742296
173	170	0.43009236164263737
173	193	0.360116713970666
173	94	0.3494525361788364
173	168	0.34701845054740743
173	165	0.32989461937856496
173	192	0.3202987713885509
173	142	0.2920354041599799
173	40	0.2660610623019038
180	94	0.6234628517515928
180	91	0.5254146216590285
180	66	0.5165040282555685
180	179	0.4635315851152834
180	193	0.4343777670804393
180	87	0.41199357788521146
180	47	0.40977434430206
180	170	0.3731261687536567
180	191	0.36438238856657695
180	164	0.3558446616514357
180	86	0.3493998620989767
180	196	0.31978715508069955
180	84	0.3120996806715132
180	156	0.28916973513367106
180	194	0.2877395369763317
180	192	0.27631680859557617
180	72	0.2717477828541077
180	189	0.26862379767561456
180	41	0.2628616590697884
156	52	0.4988244721874618
156	179	0.4619047898798447
156	164	0.4131801516527467
156	142	0.3821885013647271
156	122	0.38169311107677706
156	165	0.3722047699989022
156	66	0.3415092097622477
156	170	0.3006099374139499
156	192	0.29179756012212416
55	159	0.5807542095638537
55	169	0.41796192954789096
55	54	0.3900678006509054
55	161	0.2759288310034618
55	101	0.2740060946335738
55	57	0.2691062076997584
55	73	0.2567631514665886
169	65	0.6167730113411249
169	159	0.5307293790001623
169	161	0.37899023923797465
169	64	0.3754393311906611
159	161	0.5045340891451772
159	54	0.5034971935951336
159	58	0.4015118078540894
159	184	0.2977509985042813
159	82	0.2949962698894406
159	73	0.2851049874640616
159	168	0.282070383400974
159	151	0.2675564509805848
112	176	0.7558359474625582
112	177	0.4466199386129759
112	160	0.4417556171696927
112	11	0.4225481697195049
112	191	0.4189188222603327
112	71	0.3535805398602997
112	195	0.3513911571090939
112	92	0.3413236884534294
112	193	0.32520790521274473
112	175	0.310736122481208
112	185	0.2649549509169119
176	172	0.4558023647194615
176	175	0.4415946325537278
176	92	0.37976070598921424
176	195	0.3600906042100275
176	35	0.33951125161933265
176	114	0.3224060917628892
176	68	0.3127223361992238
176	160	0.2836619599497717
176	36	0.2771201899120508
176	79	0.2603091507664841
179	66	0.5541425584397373
179	191	0.5395212282661885
179	193	0.5105253092917315
179	47	0.4870075896398838
179	170	0.4712453603683413
179	87	0.4464998509742815
179	168	0.3757571337935681
179	91	0.3679326890855511
179	165	0.3632544617889529
179	192	0.35681372426596963
179	164	0.3332234707812692
179	72	0.32649500691264505
179	122	0.2783291480999293
87	191	0.7524375261273235
87	193	0.5690589439409087
87	73	0.4858548791865594
87	66	0.4753116239488179
87	194	0.4592181125996975
87	177	0.4356263574305771
87	94	0.4062234852212745
87	185	0.3955057435303599
87	91	0.3505844942444896
87	84	0.32811110593339377
87	192	0.323427217928493
87	162	0.3137775291846304
87	82	0.31259602200620945
87	47	0.2785689892884612
87	184	0.2658752101125503
87	160	0.2653826062464583
87	72	0.257342184278446
87	188	0.256641717964992
66	170	0.6290605692724633
66	91	0.5669726844392504
66	193	0.4990122423039544
66	160	0.4142659229731385
66	164	0.41002393910733337
66	191	0.4001268909686516
66	47	0.368071021026684
66	192	0.3390865110211194
66	86	0.3239195974510149
66	165	0.3225673721777044
66	94	0.3159576051688748
66	69	0.3084124232400827
66	142	0.2611572872475597
191	192	0.4784791567095905
191	193	0.5484067875062024
191	177	0.4324529703390618
191	73	0.3783477819457315
191	47	0.3695743280051049
191	185	0.3690648022212269
191	168	0.3456279557632106
191	194	0.3359497869094022
191	160	0.3338011709498322
191	170	0.31604761940368004
191	54	0.2851968563591397
191	58	0.28345964943137497
192	47	0.315381379420577
192	170	0.28335848470842423
129	133	0.5528454441548379
129	24	0.5460178868767004
129	143	0.5423154804130681
129	126	0.5268537545937079
129	26	0.4969667869774765
129	40	0.4521265429941881
129	34	0.4359584922578774
129	104	0.42717827624835225
129	157	0.4065574239339872
129	130	0.3573459455779637
129	53	0.3408023196177372
129	19	0.3080051699469475
129	117	0.3042531571808136
129	16	0.2953979276973266
129	124	0.28695054480537635
129	41	0.28622542966517833
129	107	0.2823004762452882
129	110	0.2808273218010792
129	102	0.2740615889607664
129	2	0.2720626458189034
129	39	0.2591248161554835
143	39	0.6350594559901851
143	41	0.5571495193420002
143	26	0.5207002449077716
143	24	0.568341769374617
143	40	0.44367718095129305
143	142	0.43565876605290615
143	126	0.4099241085515394
143	157	0.3939946757555854
143	133	0.3875637775581108
143	22	0.38112912423702827
143	36	0.3003643163944737
143	104	0.2840481189956807
143	53	0.2759565466724336
143	34	0.2566790829825392
24	40	0.5045415435610957
24	34	0.4887981725571022
24	26	0.4535177086349045
24	110	0.4267367143244521
24	32	0.4165083199819136
24	10	0.382743419199612
24	102	0.3824446515725707
24	41	0.3784163281073139
24	104	0.3666090679324901
24	36	0.3618560907988001
24	126	0.3505669523112454
24	133	0.33951125161933265
24	122	0.33758111011270714
24	21	0.33635780718714425
24	39	0.3152462928431942
24	157	0.30834003091192624
24	2	0.29075427975802165
24	0	0.2688000785148912
24	22	0.2637923178732428
40	41	0.5435989391378672
40	157	0.5063135544063111
40	53	0.4186879332180125
40	126	0.3854457501147222
40	22	0.3830506395461976
40	27	0.3828714379701595
40	21	0.3749495706088334
40	34	0.33926350308324416
40	26	0.3313286394475304
40	130	0.3267719331883528
40	128	0.3003188266474649
40	39	0.2928218616244844
40	33	0.29100143507559645
40	19	0.2862621522448578
40	133	0.28462718479470306
40	104	0.2693751854371836
40	119	0.25760362243352875
103	102	0.5035345171842884
103	8	0.4218990052500079
103	0	0.3987233239464795
103	106	0.3742532348937971
103	11	0.32195799240925305
103	5	0.2925384167431382
103	107	0.2845169025446321
103	4	0.2734325464612693
92	93	0.6656827539066424
92	69	0.4338096732672761
92	68	0.5802370502541281
92	196	0.5735116267963644
92	175	0.5604712473495889
92	195	0.5138079992777925
92	79	0.4793499806977166
92	90	0.4449773492145696
92	91	0.4176317512345351
92	194	0.3947546974262658
92	162	0.3514963355840993
92	63	0.3505669523112454
92	185	0.32701308133436624
92	35	0.324000151950906
92	67	0.3155614749755217
92	160	0.29988205559000136
92	172	0.2912027921776551
92	193	0.2640807224995772
102	0	0.5932329921636809
102	107	0.5480150872555121
102	110	0.5477351541217532
102	2	0.4973808369696773
102	10	0.4798658647462107
102	104	0.4428656354977103
102	11	0.3396793398753223
102	8	0.31508417208603823
102	53	0.31011261318191624
102	19	0.2861519819832544
102	121	0.2847925940443438
102	4	0.2826961599588476
102	157	0.26692501498449744
11	0	0.3622731672057671
11	7	0.2977054306087804
11	71	0.29215431263695024
11	177	0.2857387761338499
11	8	0.2606447253974241
0	5	0.4783789129742079
0	10	0.37122228502846255
0	106	0.3362868562040587
0	110	0.3251363641661693
0	29	0.3027097293321085
0	53	0.2906718860267822
0	27	0.2841400480507563
0	2	0.27104376120093904
0	121	0.2690691040264259
0	52	0.266441997445797
107	8	0.6703177926866413
107	4	0.6039105657382285
107	105	0.42697387474356463
107	10	0.4054550143591965
107	104	0.3628898267768537
107	2	0.3591938271190606
107	19	0.3529416390793478
107	110	0.31539038473803066
110	104	0.5254797731307956
110	7	0.37715613041088425
110	10	0.4640103841398854
110	114	0.440692593312771
110	2	0.4279382665133892
110	32	0.4278565761338123
110	37	0.2741540754503043
110	36	0.26313160057158785
53	157	0.7291827645462551
53	133	0.5371847529770016
53	29	0.5189487684726168
53	128	0.5097263560643949
53	19	0.4875718756459713
53	27	0.4801583083310344
53	130	0.4476760158337889
53	121	0.4298885845960307
53	20	0.3630287484653248
53	41	0.3627248363179127
53	26	0.33875015996905283
53	119	0.3337300829093803
53	18	0.3316134800639927
53	57	0.29800615364126715
53	21	0.2930229848433372
53	10	0.2914041234816368
53	16	0.2903422680014896
53	58	0.28709736356494153
53	4	0.2817942291511356
53	126	0.2698481132995452
157	19	0.4455546006871168
157	18	0.4441990782311654
157	133	0.4366062183687595
157	41	0.4074334962437405
157	128	0.3810521949452772
157	27	0.37954674022817797
157	119	0.3784763025943267
157	130	0.3746659292928019
157	168	0.3653359539956714
157	29	0.3490925526229363
157	20	0.3131914063438449
157	4	0.3099589539541988
157	26	0.30922659063032554
157	16	0.29673907225399465
157	21	0.2948319252684912
157	22	0.2865283657916605
157	121	0.2805970216333997
157	47	0.27962019022737605
157	104	0.268837187976582
157	151	0.2570433516798704
65	64	0.4711442235577352
65	62	0.31655159393949545
65	189	0.3028550609831024
65	84	0.2873909606150465
65	67	0.2749215174648872
65	68	0.2720626458189034
65	86	0.27024675527684977
18	16	0.4389504311825045
18	168	0.3904407893396431
18	119	0.3878781563600655
18	31	0.35819178688138176
18	117	0.3518293422127459
18	188	0.33971472411237397
18	19	0.3201372285112698
18	48	0.30939841252717
18	148	0.3083581293288213
18	20	0.30472494610428924
18	130	0.28709736356494153
18	151	0.2819967468355709
18	128	0.27455170955365543
18	27	0.2687722458949235
18	172	0.260495588886894
193	194	0.5440355820394637
193	160	0.5389041811356494
193	170	0.5246323234164014
193	91	0.4958137844417557
193	177	0.4532475976213646
193	195	0.4009916297027308
193	175	0.3833577751741854
193	185	0.3608910467871117
193	187	0.3248412180154269
193	196	0.31984101821767724
193	86	0.30922659063032554
193	84	0.3050333426609789
193	122	0.296656994929147
193	162	0.29215431263695024
193	73	0.2743112908438742
193	76	0.2683825421048503
84	86	0.6247387919075845
84	76	0.4972604094184854
84	189	0.5581141844423124
84	94	0.47207732330511
84	82	0.4560400054784612
84	64	0.4175079059191495
84	162	0.39244763625347534
84	90	0.3549971960586344
84	77	0.3343430923720188
84	194	0.3266379436062004
84	185	0.32296153433675184
84	91	0.3110522931540854
84	188	0.2719237428638868
84	73	0.2644620883490683
114	32	0.6174726613091385
114	142	0.4525719558630656
114	79	0.4521265429941881
114	36	0.4316314975448271
114	35	0.4157889863912057
114	104	0.3681315361280589
114	37	0.3450995214519032
114	30	0.3128847239099421
114	22	0.2992357678589911
114	39	0.2854265056688207
114	100	0.2806246593600831
114	67	0.2698852001790424
32	36	0.4608264059106624
32	35	0.3645818337071994
32	34	0.3541141629891904
32	104	0.3105915644053853
32	79	0.2712012649395701
36	100	0.4088253245005561
36	39	0.40667427683073215
36	30	0.3395908750760445
36	142	0.3132455199954837
36	22	0.2856561222068409
36	79	0.27933440357364064
36	7	0.27917766084246565
36	37	0.2767508672329024
105	4	0.45308072275113204
105	8	0.3631329291416897
105	168	0.2927578624377489
105	2	0.2888123063052586
105	16	0.27567936933877435
105	104	0.2668135612906939
105	133	0.2597124183801641
79	93	0.59933579133722
79	196	0.41006553227305703
79	67	0.4073250707684511
79	142	0.3986980930533545
79	68	0.3934792433429237
79	195	0.36773380838552505
79	63	0.3455134802491781
79	52	0.3420038031393605
79	39	0.3342542679328728
79	37	0.30324556999312896
79	90	0.2994906747221647
142	39	0.6091948054926289
142	41	0.38448321360977394
142	93	0.3653792796862497
142	196	0.3491979243350574
142	195	0.3351067372481415
142	165	0.32823602822850545
142	164	0.3234182639511866
142	35	0.3103656636493442
142	26	0.2981063815118886
142	37	0.2893713260958797
142	52	0.2767785692716217
39	37	0.5327305410673837
39	41	0.5493151643804691
39	22	0.4540656190565552
39	31	0.4099490671113553
39	26	0.3721530810280799
39	30	0.2726644275605236
41	94	0.3509878907964335
41	26	0.3443681598882082
41	22	0.26633051284239084
41	57	0.2565669856285086
26	133	0.4981932215513937
26	126	0.4517207028384587
26	29	0.4318186286416172
26	27	0.4169462792959205
26	23	0.3652666295984264
26	34	0.3647032187228526
26	130	0.3629853371709942
26	21	0.3287712794169045
26	128	0.3150661575332286
26	22	0.31003126619668736
16	117	0.4956704788921156
16	119	0.4697270078053353
16	48	0.4023167340843531
16	133	0.3508037476513096
16	168	0.30337269049287563
16	19	0.2758179637393905
117	48	0.396542835995248
117	119	0.3551719790449681
117	19	0.3524250265645437
117	126	0.3180354794402585
117	124	0.3126862475581964
117	133	0.2992357678589911
117	21	0.28650082851009445
119	151	0.3660549554103945
119	188	0.296656994929147
119	121	0.27631680859557617
19	121	0.6977539423433918
19	20	0.6009992666241137
19	124	0.4783557780337284
19	21	0.4596520182631914
19	128	0.4398219260176728
19	122	0.3988578785150748
19	133	0.36586441923987617
19	126	0.34297477420286154
19	168	0.3362247709621444
19	27	0.33086564462647616
19	10	0.3101397278346645
19	23	0.3064656395323861
19	8	0.29301384344124753
19	4	0.2888673005993144
19	104	0.2880788670393156
19	29	0.2846639438708052
19	130	0.27011697503074433
121	20	0.5673525472973538
121	122	0.3752846925864495
121	124	0.3728420774188154
121	21	0.328762360293123
121	58	0.2921908980436917
121	72	0.27346030327284865
121	8	0.2585276904387749
121	10	0.2574729080679143
121	128	0.2571834355849778
20	124	0.4420453177963928
20	21	0.4402089914760352
20	122	0.4326155531606981
20	23	0.3829482421749786
20	128	0.2922640662915359
20	34	0.2883539464276052
20	33	0.2719607847600869
20	10	0.2616324403249945
68	172	0.6973329272130081
68	67	0.5729543615943693
68	62	0.5609374625405952
68	35	0.5543781088994338
68	175	0.4654138198877928
68	69	0.4298152141350927
68	63	0.4007062608649629
68	93	0.3816503947431382
68	64	0.3416328758531552
68	195	0.3368366264209197
68	77	0.2645829919662097
172	175	0.5897417430926206
172	35	0.40828382047432377
172	148	0.4017717998480335
172	62	0.3992530332335998
172	67	0.3911270924932612
172	69	0.310013188472317
172	189	0.2886748122320337
172	77	0.2819046964566096
172	195	0.28160089339038075
172	63	0.2600574285112599
67	35	0.5100889532015169
67	62	0.4954290611595567
67	69	0.3900847574608349
67	93	0.30187379929314256
67	86	0.284866103823654
67	165	0.2769078393689931
67	31	0.2586023419693188
35	62	0.6462253060257398
35	69	0.4040167700530184
35	175	0.3787504312048711
35	34	0.3441389726246071
35	195	0.3399623868419345
35	91	0.3127223361992238
35	37	0.3090185686884342
35	63	0.2974775707856043
35	165	0.27161811648188605
77	187	0.5003777965400247
77	86	0.43805386671710456
77	82	0.4234513479039988
77	76	0.4199653888119533
77	186	0.4099407476596263
77	189	0.3938003614655293
77	184	0.3808042757807151
77	148	0.3694707136324872
77	188	0.35400045934475743
77	69	0.31056445816642075
77	7	0.2959819708426588
184	73	0.4211260177667804
184	185	0.4157310863397903
184	162	0.3660029940430367
184	161	0.3651539688117924
184	76	0.3455310925361694
184	194	0.3287801984820392
184	187	0.30928085235844904
184	82	0.29746845568754043
101	100	0.4467079926560325
101	163	0.4103899004229585
101	106	0.3717739580550779
101	30	0.3257085882760929
163	100	0.5365512753204811
163	161	0.35336177532667884
163	162	0.2987440411541629
163	106	0.2946584314659816
163	90	0.2712197938365444
163	30	0.2586676595248339
163	7	0.2573888724276751
160	170	0.5595446196182371
160	185	0.5211665670462801
160	195	0.4795117113701252
160	93	0.38538614829653056
160	73	0.3291725792693008
160	196	0.3291101626522801
160	162	0.29676643038812955
160	177	0.29553483263973124
160	175	0.27587339828898605
48	148	0.28806969690723505
48	47	0.2652896465725499
161	58	0.4056806033403044
54	58	0.3975789172749448
54	73	0.3862543137919504
128	29	0.5821177888809355
128	130	0.5511489159296767
128	126	0.5312750867894589
128	27	0.5468175142865318
128	23	0.5065068770646677
128	133	0.4908579559359821
128	124	0.4565546707295277
128	22	0.3156335068333706
128	21	0.2819139017280804
23	22	0.5138963139929371
23	126	0.4972754639104679
23	124	0.4647006331527258
23	133	0.3983952752635867
23	21	0.3933609124532838
23	130	0.32960050142178937
23	29	0.3295826740340841
23	100	0.3265486099231415
23	30	0.305867506620714
23	27	0.2949688803310317
23	34	0.2729606110228135
8	4	0.5427529874817748
8	10	0.27369159232157025
4	2	0.3133537411962917
93	195	0.6691928809125408
93	196	0.6401748759763439
93	90	0.5809728667513738
93	185	0.4115617495389444
93	194	0.4093582165841301
93	91	0.3710929487252901
93	63	0.3454870613622947
93	162	0.3440860774304215
93	52	0.34275416321539165
93	175	0.2820335655336321
93	62	0.2762983355130644
195	196	0.6380453433306396
195	175	0.5947861569298303
195	63	0.3952526409448447
195	91	0.3543590275886646
195	194	0.3526789816165797
195	90	0.3415622109637391
195	62	0.32842339014402805
195	185	0.3116121979153264
195	165	0.2751156340684384
195	52	0.27386735083310176
196	194	0.4467320058932969
196	175	0.4342317187908092
196	162	0.3789559840627553
196	164	0.3778764147801209
196	91	0.3728162474663491
196	90	0.31080839612938593
196	185	0.2834044694553348
90	194	0.6050591875222979
90	162	0.389160225791778
90	185	0.3713516069286817
90	94	0.3612388996147107
90	63	0.31446253888110504
90	64	0.2844249949167945
90	57	0.27840294908732005
90	76	0.264071419861291
69	86	0.4278565761338123
69	91	0.345751225581903
69	175	0.327673787538713
69	76	0.3037267549378247
69	148	0.2787903503211441
62	165	0.41129591712153135
62	33	0.3886679532298714
62	175	0.3597685374546347
62	34	0.33213849645749594
62	91	0.2627964946084748
62	63	0.26203296108139623
72	47	0.26715718724560833
73	58	0.5051153076718039
73	185	0.6136405616270202
73	162	0.4210108395740957
73	194	0.3296628954277931
58	185	0.28393779723587625
185	162	0.519905324387
185	194	0.3725837518965859
185	57	0.3355682625900305
185	94	0.2930047019855865
22	37	0.4876404772653933
22	126	0.4777463190030983
22	34	0.4679950330431393
22	33	0.4656018124798411
22	30	0.4540021107966501
22	31	0.4036485256171472
22	104	0.3313909534954663
22	100	0.30957925585869595
22	27	0.2919622252246515
22	2	0.2906535757232453
22	130	0.284094084176131
22	124	0.2569499564079826
126	124	0.6184060688496531
126	133	0.5691197962968213
126	34	0.3920668758525833
126	130	0.3896777210149545
126	104	0.34583046416407465
126	27	0.33645535855422265
126	21	0.32171595875167003
126	33	0.2750694178633423
126	29	0.2718681785087134
175	63	0.3783135073088045
175	91	0.3769759879625567
175	165	0.33888294047051265
175	194	0.26467598908939016
63	30	0.3521797793220161
63	31	0.2784951956986337
33	34	0.6515802774048269
33	165	0.2623402762764375
34	21	0.3950416762656966
34	122	0.3437245684944588
2	104	0.6483054511679767
2	10	0.5758490234817046
2	31	0.4731723653188346
2	37	0.3563161932693761
2	30	0.3138045752398943
2	130	0.2725811166464207
2	7	0.25908750159555216
104	37	0.4680653183409785
104	31	0.4229423871940584
104	10	0.3752073654489302
104	133	0.35790409233292536
104	130	0.3483986352287272
104	27	0.2743112908438742
10	7	0.3154264054397968
10	31	0.2950327885465365
29	130	0.4842719232123585
29	27	0.4756830970217302
29	133	0.44488912542913545
29	21	0.3402542145318224
29	52	0.2608870456955437
130	27	0.6195164647156677
130	133	0.4681199805899476
130	21	0.31711835174309494
71	177	0.6402338898110468
71	188	0.30185562173921243
177	194	0.36419158366946897
177	188	0.3035542724751843
86	189	0.6397261238726707
86	82	0.44228666456439397
86	76	0.4043597890980663
86	91	0.3780135599935444
86	94	0.35248633081412856
86	170	0.28654672371636863
86	188	0.2731271914873009
189	64	0.36377517595301545
189	82	0.3376342713755148
189	148	0.3220834747795833
189	76	0.3110161628457311
168	47	0.5151021899603587
168	188	0.30625722671893624
47	82	0.3325743706544111
37	31	0.4848534743977531
37	30	0.26842894002274675
5	106	0.6335533661995948
5	151	0.370998092951064
170	164	0.4285833746703191
170	91	0.3569707972899389
170	165	0.30711787224558695
91	94	0.3927352327177172
91	165	0.2977418850337172
91	164	0.2899576265451711
148	186	0.2737008432253739
76	82	0.4943492903524343
76	187	0.4467560184869213
76	94	0.3317914747564996
76	188	0.2773694364448502
94	162	0.3049335743012017
94	194	0.2881430564844427
94	82	0.276889372825755
27	133	0.3709377261543931
27	21	0.32308692608502043
124	21	0.3725406920270604
124	133	0.3561590362128302
124	122	0.2971949775350464
133	21	0.30382660410788376
133	122	0.267389328495547
162	194	0.40802546344307
162	57	0.2885464736867479
162	100	0.27165516502329595
165	164	0.44797980688942
21	122	0.4888590562839045
122	52	0.42041828014671984
187	186	0.39276060518987893
187	82	0.33782031883216684
187	188	0.29520624039559223
187	151	0.2619211969203486
100	30	0.5510514355264973
100	57	0.3377228686937496
30	31	0.3409525660539733
7	31	0.2673429027275476
82	188	0.5201241997781916
