23	25	0.9375249886428336
23	22	0.8842660894472779
23	26	0.7991298986186643
23	18	0.7568758057373753
23	33	0.660573253434969
23	27	0.6589242398901038
23	21	0.608099391321445
23	53	0.5724032897062541
23	29	0.5100445632874127
23	24	0.4970496150906226
23	17	0.4664863796020008
23	119	0.4612673699213899
23	123	0.4397412668030332
23	51	0.4216277070822233
23	116	0.3967113733823864
23	154	0.3931242115750699
23	20	0.35461258613191066
23	41	0.35337052665031204
23	48	0.34811744600411304
23	34	0.3221730981161923
23	103	0.31772084572863085
23	188	0.30963350449203625
23	148	0.3030094604303501
23	185	0.3018919766275809
25	22	0.8544197983353501
25	26	0.7907762105510507
25	18	0.7495599483287824
25	27	0.7018514060030018
25	33	0.6581993808001365
25	21	0.5753006783983757
25	29	0.5718113197379093
25	53	0.5391028341944634
25	24	0.4942888384594849
25	119	0.4661420571492938
25	123	0.4036903781658148
25	17	0.3998832921524278
25	116	0.3913811685520852
25	41	0.3868497180340352
25	51	0.3791186868947344
25	154	0.3594899240766935
25	48	0.3546038436017713
25	20	0.3147148283878035
25	34	0.30506962040471725
22	33	0.8216581138364046
22	18	0.7895365592547644
22	26	0.7600865437381188
22	24	0.6511254432920505
22	27	0.6273049513424597
22	123	0.6054837306177215
22	34	0.5815356886281081
22	136	0.4801583083310344
22	21	0.45506526536834
22	44	0.4514341148196667
22	41	0.40795044431849203
22	53	0.39673665168412
22	119	0.3886509743534482
22	29	0.3860160619015255
22	48	0.3736081030456199
22	127	0.3681920481106619
22	20	0.3669639096708824
22	154	0.3662800949579262
22	138	0.3637578224743353
22	17	0.35656934834675585
22	116	0.3262448317655917
22	188	0.3178197381530725
22	186	0.3120364977260072
22	120	0.3092175468132035
22	185	0.2996454187492054
22	39	0.2934068753382426
26	27	0.8472710585712042
26	24	0.7477667820832967
26	53	0.6726350684774929
26	29	0.6158986281292671
26	18	0.7276430882073471
26	33	0.6766506218054722
26	21	0.6631973520389598
26	51	0.5862020569475691
26	127	0.5534353744211877
26	123	0.5440989412127174
26	48	0.5154327147039939
26	34	0.5075618177128931
26	44	0.4980428458673693
26	39	0.4903796012383474
26	154	0.4704670660498549
26	17	0.4399187077100104
26	41	0.4207557538295513
26	130	0.3937750135278169
26	136	0.3907882316572652
26	152	0.3806418162885951
26	148	0.36784622335085204
26	40	0.3673099938478632
26	188	0.3638532634821596
26	138	0.3610736820500197
26	116	0.33872360224929426
26	119	0.3293598118606053
26	147	0.3226927995533128
26	3	0.3095159632393097
26	103	0.30063722617780936
26	143	0.2909739752909361
161	184	0.8905132402027682
161	162	0.820485088532859
161	163	0.8098179899651701
161	185	0.6997140186956751
161	167	0.4659776716277023
161	100	0.4450334871269789
161	186	0.4435004705826225
161	169	0.4421418641870256
161	159	0.4322497022602141
161	4	0.3773791243847942
161	188	0.3662108258169583
161	60	0.3604560895110904
161	74	0.3573808372342166
161	147	0.3433364943223807
161	80	0.34211859237695064
161	187	0.33918385962685577
161	75	0.3200744012525939
184	163	0.855817403604612
184	185	0.7796196454007878
184	162	0.8167245086406488
184	186	0.5318418687469177
184	167	0.5264490771728404
184	169	0.5154694302135749
184	159	0.4416751284168552
184	158	0.4145558152397028
184	100	0.4010000217262084
184	188	0.3693411827460133
184	4	0.3687278751856374
184	60	0.3238479895079994
184	134	0.3229077915445647
184	147	0.3132996316130576
184	75	0.306683082449732
184	74	0.2964563430189107
184	151	0.2954983258416816
162	163	0.7986958128717863
162	185	0.7359840065959038
162	100	0.5786428533687193
162	74	0.494341734127289
162	167	0.4788568863901591
162	159	0.4400880510845115
162	158	0.4344507826617629
162	4	0.4286160267621742
162	169	0.4243290870544855
162	134	0.35313421920680965
162	186	0.3389360488917561
162	154	0.2930869731578541
163	185	0.6388095525030106
163	169	0.5685380634297256
163	159	0.5443523158550384
163	100	0.4860152912750702
163	167	0.44534619146338417
163	158	0.4185147309047765
163	134	0.35930704920478784
163	160	0.3196435099441149
163	132	0.3155434664427579
163	101	0.3140750077794584
163	4	0.31274038018117506
163	56	0.30778792201621336
163	60	0.2942931178648656
163	186	0.2936353366768272
185	167	0.6587884218911458
185	74	0.5167532804946274
185	186	0.5449642279912312
185	169	0.5225345896250801
185	100	0.4572588708744206
185	158	0.4435647328890637
185	75	0.4238616054857268
185	60	0.4044685274923521
185	160	0.3943240847188229
185	81	0.3576250508926053
185	63	0.3529941638989572
185	4	0.3489256960237053
185	188	0.3432571010646707
185	61	0.3352398860754802
185	101	0.3351866281511663
185	119	0.3265932774940655
185	199	0.32116898718457904
185	154	0.317828728030641
185	80	0.3130470933305823
185	79	0.30506962040471725
185	76	0.2950875649160422
185	166	0.2940373471584956
33	18	0.7375019394397134
33	34	0.7114233656915456
33	123	0.6992952502751913
33	24	0.6862695966924686
33	44	0.6786353524428881
33	136	0.6654989476001275
33	27	0.554364255447587
33	48	0.5170610594170888
33	21	0.4929955362666541
33	138	0.4618103873718912
33	41	0.45446244113865003
33	20	0.4412242600217412
33	127	0.4363957569798053
33	39	0.3896777210149545
33	40	0.3845172999918683
33	17	0.3721875405984634
33	120	0.3674829978100235
33	53	0.32787907693792423
33	149	0.31984101821767724
33	51	0.31174762625985863
33	3	0.30633878305676376
18	27	0.6236584268292981
18	123	0.6178870372504369
18	48	0.5985341954618172
18	24	0.5953674520859721
18	17	0.5469787218483281
18	136	0.5450837292973465
18	34	0.5443874989252208
18	44	0.5414961283908664
18	53	0.4315012974741336
18	127	0.4300027051396853
18	154	0.418605459723764
18	21	0.4080337985612722
18	138	0.38081282562919216
18	51	0.3544901850680903
18	119	0.3509352812385468
18	29	0.3469656747569215
18	149	0.2938546280079858
19	121	0.8704902895608434
19	124	0.7043896129438638
19	120	0.4583733407963469
19	20	0.43001900695295797
19	117	0.39907649306126775
19	128	0.32431337478416755
121	124	0.6849075800002834
121	120	0.5240522713487133
121	20	0.4401525546139788
121	136	0.4303694281066985
121	117	0.4057975559519138
124	126	0.4671120583381527
124	20	0.5944435473622249
124	120	0.5567425308009497
124	128	0.4576621431013107
124	117	0.3993454948442132
124	156	0.34364519923147696
124	144	0.34125300667237485
124	125	0.32952919046085416
124	44	0.3267719331883528
124	136	0.3138226056605025
124	52	0.3125509071147589
124	45	0.30242810919976404
114	142	0.8635652176199251
114	139	0.8011804669984608
114	111	0.6030458589128671
114	195	0.7059129778411354
114	175	0.6616315866641289
114	170	0.57467814841549
114	199	0.5665586306839229
114	145	0.5580315578820474
114	150	0.5546897303487177
114	176	0.5429786824174242
114	99	0.5321358337627811
114	172	0.5131600252838486
114	79	0.5114932281256284
114	10	0.4992299969525906
114	182	0.4984112130697926
114	174	0.4974711450555042
114	38	0.478741273674381
114	113	0.46188905685520204
114	166	0.4612594975609432
114	181	0.4604167354860937
114	95	0.459691453357943
114	137	0.4583101469687365
114	165	0.4431951623572827
114	141	0.4427932843115381
114	134	0.4400154791846288
114	101	0.4383124252834069
114	196	0.4284200974187217
114	32	0.42595121282594106
114	132	0.4206323013496332
114	110	0.4203112519967025
114	171	0.4138350706510737
114	13	0.4131884444401051
114	197	0.4026603153020721
114	156	0.40052156899801067
114	198	0.3941213834956304
114	98	0.3848921809787001
114	11	0.379127249552484
114	160	0.3609171392341785
114	80	0.3576250508926053
114	183	0.3505406389501571
114	96	0.3444651113779965
114	140	0.34125300667237485
114	30	0.3346450510315723
114	146	0.32898532079083675
114	9	0.32468020252940777
114	100	0.302637058226822
114	169	0.3015102065251619
114	62	0.2965840336275555
142	139	0.7543099315675051
142	195	0.6571438909833109
142	175	0.6173055770289206
142	145	0.6060661243296853
142	156	0.5658520428315699
142	38	0.5394219724115523
142	199	0.5330957028909808
142	111	0.5300753863690602
142	182	0.5219891577701066
142	170	0.4849834995875845
142	174	0.4791805136378425
142	99	0.4711597838735223
142	176	0.4682683314933351
142	10	0.4670729671089382
142	165	0.4665176746363416
142	132	0.4656018124798411
142	110	0.464982845124422
142	122	0.4536845003018984
142	79	0.4519435402016208
142	181	0.4367599868629314
142	134	0.43175354377961095
142	80	0.4292280461326394
142	137	0.4152098342590889
142	101	0.4089585736799643
142	150	0.4006307090361735
142	113	0.3994295438050504
142	171	0.3836307134634927
142	98	0.37553382227190185
142	11	0.3712309069366068
142	52	0.3695138874044674
142	95	0.3658557577759199
142	131	0.3614823367935083
142	180	0.3573895599924146
142	13	0.3507072808888297
142	183	0.3470976101124573
142	141	0.3445003646437187
142	172	0.3440331800521307
142	144	0.3395200989103951
142	197	0.33734185778300724
142	159	0.3312930301223065
142	169	0.3307053400546007
142	196	0.325037989150267
142	160	0.3249485512129315
142	198	0.3197063564996763
142	30	0.3155614749755217
142	104	0.31363327495771515
142	133	0.3127313582184141
142	166	0.3102391439110614
142	100	0.3091180611337441
142	28	0.3073171080755786
142	173	0.3006190337232605
139	145	0.6810340414939057
139	195	0.7075397223285712
139	137	0.6260418089471987
139	175	0.6069005989451325
139	171	0.5821706775282182
139	141	0.5821045659493939
139	176	0.5780239100934869
139	199	0.5622450768863917
139	165	0.5573908268212096
139	134	0.5458774986542341
139	196	0.5312535540428063
139	172	0.5308586653865988
139	113	0.5168852021109134
139	150	0.5079180737715618
139	166	0.5046384441228099
139	111	0.4989972224184136
139	38	0.4922912450390042
139	170	0.4903036447291793
139	140	0.4513624532567196
139	174	0.4471641340847792
139	62	0.4439020351684139
139	160	0.42255638421523706
139	32	0.4198665483426146
139	99	0.39544669163110224
139	98	0.3916521172585749
139	101	0.3910593288052671
139	35	0.3748292464987231
139	146	0.371739486177502
139	79	0.3704201679053829
139	167	0.3652666295984264
139	10	0.3560542536461113
139	13	0.33613607268984536
139	36	0.33052720147908843
139	132	0.3294489611355224
139	182	0.3271113146692856
139	181	0.3264860728733716
139	156	0.32616440861654433
139	169	0.3202000529541407
139	183	0.3162456306911656
139	30	0.3159846100366469
139	80	0.3114406371706699
139	70	0.3105825290485213
139	110	0.3071993810675428
139	11	0.2905345535618081
111	110	0.6219874189885696
111	13	0.6074814124148666
111	10	0.5992140261170646
111	113	0.5524356370022014
111	195	0.5288303411201484
111	8	0.4954290611595567
111	102	0.4895208592833202
111	105	0.4412645251910277
111	107	0.4339476706474195
111	145	0.417103236461952
111	108	0.41201018297422093
111	176	0.4086753983355964
111	9	0.40724165874247603
111	175	0.3866286055024433
111	150	0.3831444955339732
111	132	0.3761778715156844
111	12	0.36691198827840815
111	6	0.3447823557869601
111	95	0.34474711029581245
111	156	0.3435129062166335
111	179	0.33665930626027873
111	112	0.32635205528451233
111	172	0.3246444187540521
111	174	0.3244296965878408
111	79	0.3239016958131557
111	197	0.3182511877955346
111	1	0.3131823872041681
111	122	0.310103574852216
111	99	0.301955595569465
111	32	0.2968211451949605
111	193	0.2946766948865251
111	146	0.2924835505036913
111	137	0.29216345906880425
96	198	0.855817403604612
96	95	0.7706392851249643
96	79	0.7618040631770231
96	98	0.7449006896617576
96	81	0.6944189208806734
96	199	0.6762058170761741
96	197	0.6304544345942306
96	88	0.6177448274528231
96	97	0.5910706400289105
96	93	0.5881022859883451
96	193	0.5778241089447205
96	112	0.4902048901314939
96	78	0.4876176107279326
96	99	0.4875871209706269
96	195	0.4697659747170192
96	181	0.4626046151291493
96	87	0.4517207028384587
96	38	0.448555127369681
96	75	0.4457629616304454
96	90	0.4452740385623299
96	176	0.4214714708535761
96	170	0.4031377885246103
96	9	0.39122873007409015
96	66	0.3906526576522264
96	76	0.3865945842434617
96	85	0.3814367886228252
96	70	0.3698937477942172
96	166	0.3644430928013522
96	92	0.3588453851565396
96	74	0.3583661141193026
96	32	0.3554078966892057
96	63	0.3529241303117706
96	182	0.3525301177117073
96	73	0.3445884935572566
96	11	0.33963510822682713
96	108	0.33401441228927314
96	91	0.3277898244807297
96	191	0.3161556289750938
96	190	0.31338981312145675
96	175	0.3082676350122495
96	86	0.3042350084700531
96	177	0.30408981083388004
96	194	0.2940647531778899
198	95	0.7625165525371222
198	199	0.7011708441857465
198	197	0.6843603655036352
198	79	0.6728266700850121
198	98	0.6182269402892971
198	193	0.5690116100211984
198	97	0.5434509772087258
198	81	0.5409375318146245
198	195	0.5269187697716327
198	176	0.4991098642521774
198	181	0.4863589212091349
198	112	0.4627382241053906
198	88	0.4611099089144753
198	99	0.4603300492888827
198	93	0.4559370357977207
198	70	0.44143361949927457
198	9	0.4266385618054915
198	166	0.3961719596462467
198	38	0.39526107866499227
198	182	0.3932341148937712
198	11	0.3920330239791192
198	177	0.38723230768914096
198	108	0.3537642721835071
198	78	0.34060785720939424
198	109	0.3365617699923921
198	56	0.33484039943825805
198	73	0.3338633698708645
198	196	0.3310971619655181
198	170	0.3280575642932718
198	101	0.32793262560306513
198	87	0.32531520980288003
198	32	0.3169474486171255
198	175	0.3121718863716751
198	75	0.30805042589072085
198	106	0.29386376447571355
198	74	0.29075427975802165
95	197	0.8004271699949022
95	9	0.6790235696081799
95	99	0.6331221702852892
95	79	0.6973021023160149
95	193	0.6796697551580484
95	98	0.6300445404320738
95	199	0.6045327834784635
95	88	0.5597506579713573
95	176	0.5568322292164561
95	108	0.5403147353123932
95	106	0.5304276146956979
95	109	0.5298236826519892
95	195	0.5203065437682136
95	93	0.5112347507257254
95	101	0.4973958890660032
95	112	0.4795964144390637
95	97	0.4744054481583557
95	87	0.4738473011885244
95	11	0.45697409485183
95	70	0.4543672202794393
95	105	0.4376578084194882
95	5	0.4294808990979167
95	38	0.42462422209467465
95	191	0.41448127954613095
95	170	0.402802742545216
95	6	0.3994463527915587
95	181	0.3941805086478147
95	32	0.3864840078852494
95	81	0.3726526443508082
95	175	0.36017763455153257
95	182	0.356604262180762
95	0	0.3565955338156345
95	78	0.35029502089590075
95	12	0.3288515488916858
95	13	0.32451022131988555
95	190	0.32396435053087697
95	75	0.3206487170486627
95	66	0.31511119348954464
95	83	0.314660770092484
95	113	0.30805042589072085
95	10	0.3053054041544285
95	91	0.2939277182462053
95	194	0.29057117672310434
79	98	0.8323690293306933
79	199	0.7303280328504174
79	93	0.6961339979620078
79	81	0.6865445962324345
79	38	0.6764065827426077
79	32	0.6489947621005603
79	97	0.6280503566754769
79	197	0.5872643619835787
79	92	0.5604849646354421
79	195	0.5544265935617023
79	166	0.5371918672641961
79	65	0.4966579842290659
79	99	0.4919881256339358
79	85	0.4843561216042608
79	183	0.4809273867942018
79	170	0.4637278469852008
79	176	0.4605979600707942
79	88	0.4595494785336581
79	66	0.4534541605943906
79	61	0.4504382943541889
79	175	0.4338908506621895
79	181	0.425255180259392
79	193	0.4224824512545665
79	11	0.4139593740141226
79	160	0.4095163651933326
79	196	0.4072500002508193
79	63	0.4050705638162966
79	9	0.4017214838699105
79	70	0.40117623867072905
79	112	0.3979072194449216
79	10	0.3885490955520857
79	80	0.3803938064944761
79	87	0.3788189529773818
79	36	0.3770360386151378
79	91	0.3741242374756836
79	13	0.37276458582805577
79	60	0.3607431789157245
79	167	0.3536067890059112
79	113	0.34956665577411844
79	90	0.34550467401440205
79	182	0.3448880864272221
79	101	0.3366947722031226
79	190	0.33224525428427804
79	194	0.3272273994966018
79	107	0.3261107905605975
79	75	0.3236331434184046
79	78	0.32250465424132524
79	172	0.3187094586272799
79	56	0.314588689190174
79	158	0.30351795784211866
79	76	0.3019737719160597
79	68	0.2988533274755468
27	24	0.7326155699277052
27	53	0.6612265783750544
27	127	0.639873787875073
27	39	0.6066415491186452
27	130	0.5733505443682791
27	21	0.5566666219994899
27	29	0.5374550421554501
27	34	0.5189999150668599
27	123	0.5000478902203628
27	154	0.4937899279328746
27	41	0.4892546844249237
27	51	0.4765646657578364
27	40	0.4651787700833388
27	44	0.4560083238000175
27	48	0.454176747409393
27	138	0.43014941136421053
27	143	0.4202124463995109
27	152	0.40640716494861895
27	188	0.3526614691423379
27	129	0.3306608076193792
27	45	0.3246444187540521
27	136	0.32182353445912115
27	148	0.3194729122603392
27	186	0.3160206157305867
27	157	0.3045344339472737
27	116	0.2954070550710073
24	34	0.7783614926100388
24	39	0.7369495768173127
24	44	0.7185109693402509
24	127	0.6504798127932423
24	138	0.6187826468470384
24	136	0.5908623972889256
24	123	0.5729207744672264
24	143	0.5707739380561336
24	149	0.4878767256416306
24	130	0.4779238039422064
24	48	0.4762322566287912
24	41	0.4443194732851916
24	154	0.4437655232009397
24	40	0.4373828926030753
24	152	0.4222606186392893
24	53	0.4154249872338157
24	188	0.33626024860112275
24	51	0.3191406362872453
24	151	0.3117115132728515
24	45	0.30023694166022924
53	51	0.7671234810235872
53	157	0.5680709127601379
53	21	0.6507508616329187
53	17	0.5618072358917967
53	154	0.5086745412162046
53	48	0.5043924409512274
53	130	0.5001228816809293
53	50	0.4865802919298285
53	29	0.4734361995537022
53	148	0.4240994752285664
53	119	0.41834149814402255
53	43	0.4164008664578113
53	155	0.413503519572051
53	40	0.3995556046571711
53	72	0.3802056246277688
53	45	0.3776363707521977
53	116	0.366531161560976
53	94	0.35793896802004843
53	103	0.3559756608446649
53	127	0.35065465951742303
53	16	0.3468953036181189
53	152	0.33890949495111866
53	89	0.3268880468686272
53	41	0.32483227320453995
53	3	0.31990385593132376
53	52	0.31729822752251197
29	21	0.572107379229562
29	41	0.4232871962129448
29	51	0.3996984553569331
34	44	0.8455696390874207
34	138	0.8271044389387118
34	136	0.7807153915783637
34	123	0.6859467508165337
34	127	0.6794490935800339
34	39	0.599982604157942
34	149	0.5938742092378213
34	143	0.5730886908595766
34	40	0.5028698763427235
34	130	0.4379407245457329
34	48	0.4142245029279741
34	41	0.3959696089435564
34	129	0.39444230938368335
34	128	0.3939270921698857
34	126	0.32920824461620196
34	120	0.3251005922471704
34	152	0.3096244631931128
44	136	0.7650579678937452
44	138	0.6763957331131375
44	149	0.6559491039271749
44	123	0.6529477089415462
44	127	0.6006094558363794
44	39	0.5779506577166738
44	143	0.5612457918141379
44	48	0.5143450787128321
44	40	0.4553982262645947
44	130	0.45035060842213376
44	129	0.4298070615112347
44	120	0.3964838415932325
44	152	0.39185528422625976
44	128	0.3749495706088334
44	41	0.36435637151793293
44	126	0.32294362030409657
44	151	0.3197512451743598
44	49	0.3189430295803412
44	17	0.3168394991941505
44	20	0.31210870658123635
44	46	0.29842524463442793
138	127	0.7814562103934444
138	123	0.7445265523573054
138	149	0.665292765714645
138	40	0.5829964228200555
138	143	0.6638913908278181
138	136	0.6625021708051567
138	39	0.5567356303849885
138	130	0.531002287951504
138	129	0.5021822062563829
138	144	0.4125662952760883
138	126	0.3839547406520803
138	128	0.3519607676929529
138	48	0.3421362513534939
138	140	0.3353463954964782
138	152	0.32124073337954745
138	137	0.3105192799790553
136	123	0.6731767940047676
136	149	0.5820781191626441
136	127	0.5509121517147646
136	48	0.4782555189521058
136	143	0.4059729599539996
136	39	0.3549010548357501
136	120	0.3519870511239631
136	130	0.2943661874692613
98	199	0.8379349332132459
98	81	0.7217077177445395
98	38	0.7167212243709193
98	93	0.6640311796790482
98	92	0.5980847774689924
98	32	0.5851311561883614
98	176	0.5692617608858814
98	183	0.5617798603714328
98	70	0.5491056540055322
98	97	0.5485116663772857
98	197	0.5344615056879176
98	166	0.5342614575043881
98	61	0.5162840270960842
98	80	0.5090450720510852
98	195	0.4992375046092114
98	66	0.4928668430640066
98	78	0.4595100369135832
98	175	0.4585944826947387
98	76	0.4547956323550726
98	63	0.4497525182744588
98	85	0.4382073946109667
98	91	0.4322497022602141
98	170	0.42848541167763743
98	181	0.4169132325127817
98	112	0.4165413802638761
98	182	0.40884198160143786
98	65	0.4075002139046485
98	196	0.4067911164223359
98	60	0.4049200876353976
98	75	0.4030875385138021
98	88	0.3985803409051825
98	11	0.3882179238409185
98	36	0.38792063306303176
98	68	0.3871472992836361
98	9	0.3768558771496665
98	99	0.3698074267400088
98	193	0.3586885536300255
98	87	0.3435129062166335
98	69	0.3297609373334036
98	177	0.3271381043520157
98	90	0.32348989414783624
98	101	0.31951780839606336
98	13	0.3168574913347708
98	108	0.30546861713313594
98	105	0.30426223145336795
98	167	0.2990536653720568
98	190	0.29676643038812955
98	12	0.2963012758871603
98	107	0.29377239738227745
98	194	0.2896645034933931
199	176	0.6368164228349189
199	181	0.5937835778237968
199	166	0.6504682751228805
199	38	0.6055280660001813
199	195	0.5931228083678579
199	183	0.5925715560502788
199	175	0.5758824424145716
199	81	0.5708548385680331
199	197	0.5469857299527734
199	93	0.5166286653206202
199	32	0.5125483314555389
199	182	0.5004752410686905
199	70	0.496951726347533
199	170	0.4963113728762746
199	196	0.4892698968731419
199	92	0.4742426946575482
199	99	0.4616372889316337
199	80	0.430255351732397
199	193	0.42339389797426796
199	56	0.4076336361764801
199	97	0.3974863008143605
199	194	0.3733069177292036
199	61	0.3667562103851565
199	167	0.36431300850626297
199	101	0.3612041188538665
199	66	0.3572150929837216
199	113	0.3394847093856983
199	158	0.3343608565471615
199	60	0.3325476885595662
199	11	0.3320406276401217
199	177	0.3231137942697353
199	160	0.319410055260681
199	112	0.3179366021038223
199	78	0.3169204620310893
199	9	0.3149400493072189
199	172	0.31384063585477795
199	88	0.3060397211734177
199	190	0.3008918975656241
199	36	0.2963377636768421
199	65	0.2926389998462665
199	85	0.2921817517721764
199	63	0.29017743314260097
81	93	0.7043190690494259
81	92	0.6790559039103108
81	97	0.6546310309858219
81	63	0.6067047438878657
81	61	0.5866022977390637
81	90	0.5562662218508051
81	66	0.5521993555762411
81	88	0.5137270345546969
81	166	0.5101999160995156
81	183	0.5059862770200068
81	91	0.5026980184345384
81	65	0.4946741373546474
81	85	0.4859159924139659
81	60	0.4738860737066374
81	74	0.4545021134316183
81	196	0.447188135089916
81	87	0.3927352327177172
81	32	0.3810521949452772
81	181	0.3708342329237468
81	197	0.3631676540163122
81	38	0.3520571375595194
81	167	0.3491979243350574
81	84	0.3486709775072637
81	76	0.34377747860846586
81	80	0.3426217784725314
81	194	0.3172712476106555
81	73	0.3120184449488655
81	193	0.302237304264425
81	112	0.300091357423291
81	170	0.2970855726163811
81	107	0.29664787495581874
81	78	0.29541618239076245
38	176	0.5573425728559139
38	70	0.5267670580984068
38	195	0.5226363562440647
38	32	0.4761008015051018
38	13	0.4710741985077987
38	36	0.4679403626068109
38	93	0.4453141242213704
38	80	0.41656617475238655
38	11	0.40929994510491546
38	60	0.4071916082656945
38	166	0.3883113414040377
38	183	0.37817639838831946
38	85	0.3747175056597912
38	197	0.3744338069478069
38	92	0.3739522183956893
38	66	0.3726268101618008
38	170	0.3648679357038641
38	97	0.3606300912462802
38	52	0.3420656139973959
38	68	0.338139195913641
38	101	0.3317914747564996
38	61	0.3288604674289446
38	113	0.3255923745469944
38	196	0.3225315337036944
38	174	0.3220296980062948
38	175	0.3215456135612362
38	182	0.3200384986978469
38	65	0.2983888065045505
176	70	0.7650579678937452
176	13	0.5433593648023529
176	11	0.5295359069330604
176	195	0.5155134863269383
176	112	0.4974636197934702
176	101	0.4745759170474708
176	182	0.4658837225976298
176	113	0.4573221417057942
176	12	0.4429379809165786
176	197	0.4207969011936485
176	177	0.4189682914380806
176	32	0.4174335912835602
176	191	0.3878696608217552
176	190	0.3737543646421504
176	10	0.3631763350773359
176	193	0.3570406010443483
176	9	0.34604174293363915
176	170	0.3450290470007741
176	181	0.3349203064016165
176	175	0.33111496934098306
176	36	0.33014412379642777
176	99	0.30957925585869595
176	108	0.30584937760844705
176	166	0.3034090086525653
176	0	0.3003279247061651
176	71	0.29717674392376353
176	6	0.2912485515580454
181	182	0.6660389966269736
181	73	0.4991023553212656
181	170	0.5846113950262684
181	183	0.4893079266911686
181	56	0.4821870746344599
181	80	0.4451778256981909
181	175	0.4283874386102665
181	193	0.4052711645918515
181	135	0.3776192228072566
181	197	0.3771904400233945
181	88	0.3633759820756076
181	99	0.35650824674078113
181	194	0.3462881904798811
181	11	0.3414915422123845
181	187	0.3369075477966232
181	78	0.3330456665102245
181	7	0.32913691298318304
181	174	0.31760396395129364
181	31	0.3169384531454667
181	166	0.3129208075843033
181	195	0.3061394151826767
181	10	0.3018192659729192
181	160	0.2994633653167329
181	177	0.2956352218836859
181	100	0.2894904359651337
127	123	0.7365746879931186
127	130	0.7127099921769592
127	143	0.6826606943611351
127	129	0.6510620748313354
127	149	0.6095217203808997
127	39	0.5635498857853729
127	40	0.4767810449923646
127	154	0.4053129515092225
127	48	0.40425103927112654
127	128	0.38402294485751903
127	152	0.3816162205024041
127	21	0.3349735750344094
127	45	0.3241612468563833
127	126	0.3098414389115393
127	64	0.2994633653167329
123	149	0.5176908563687486
123	129	0.4972378271190569
123	40	0.4833681399419586
123	128	0.4722171971581178
123	48	0.4632174715035637
123	126	0.4486909127247569
123	21	0.4417234225218353
123	120	0.4167645083492948
123	130	0.4054967938237434
123	39	0.4007398377064672
123	143	0.3540879246156697
123	188	0.2988533274755468
123	187	0.2900217399639907
149	143	0.6133973597844904
149	130	0.5721141061225432
149	48	0.4988094485546618
149	129	0.4752419538712436
149	152	0.4491939366386316
149	40	0.4359260940852033
149	164	0.4326887062527404
149	148	0.3909746182327281
149	126	0.3771990172647612
149	154	0.3650759666164345
149	43	0.36493728339065606
149	49	0.3617257246982799
149	39	0.36087365150851103
149	144	0.35025115545772834
149	118	0.342462898818789
149	45	0.3336056697048865
149	157	0.3317380788285481
149	2	0.3250648193978017
149	128	0.3217249237112468
149	155	0.3036087427712572
149	17	0.3012465469160401
149	104	0.3004370971476541
149	117	0.2952427540954352
40	41	0.5729342095490034
40	45	0.5034524028075026
40	125	0.5031387915280299
40	130	0.4918668444584693
40	39	0.4832225190740533
40	21	0.4661107481022298
40	143	0.4580020107022054
40	51	0.4262131180987369
40	62	0.4248291239063404
40	129	0.4154746313211514
40	126	0.3998664901510001
40	144	0.3958684191676177
40	155	0.35847941342499473
40	48	0.3486182706917202
40	156	0.3343608565471615
40	145	0.3228182155965701
40	137	0.2990718766012363
40	7	0.29742287938380924
83	190	0.814211957205899
83	87	0.6469759666171447
83	191	0.6378555771869542
83	55	0.5265069028468669
83	193	0.4925942450891586
83	8	0.4446885847121985
83	89	0.4436129266260476
83	66	0.4414577732701859
83	88	0.4351238793819371
83	9	0.3886085260075973
83	158	0.3797692637747767
83	13	0.37464873665514575
83	85	0.36681679312147103
83	179	0.3570144251037039
83	72	0.3448087892673524
83	160	0.34397146368398657
83	54	0.3418095211768572
83	113	0.33306344800346155
83	189	0.3323431081476309
83	10	0.3229257060400309
83	47	0.32169802865946673
83	178	0.31939209560162146
83	75	0.31155802303221153
83	84	0.30577685934157106
83	106	0.3000185600616016
83	0	0.29980924818324706
83	154	0.2927121471269121
83	82	0.29092820791783336
190	55	0.577650891907717
190	191	0.5585477923142309
190	87	0.5053536238712838
190	193	0.4689784882227985
190	101	0.4206899144458584
190	75	0.4189600467478306
190	88	0.4135532592282981
190	195	0.4083671475041321
190	158	0.4074585158763021
190	160	0.3773105155138979
190	189	0.3698592201387593
190	186	0.3649632877293254
190	13	0.3428777100278225
190	116	0.3415798775481728
190	113	0.3370316510048226
190	168	0.3348936712823544
190	167	0.3259141730720694
190	85	0.3169654393893768
190	74	0.30971487366266137
190	66	0.3079870671791292
190	178	0.3061031635924355
190	106	0.3044527784194028
190	10	0.30390829391942203
190	93	0.3030185422554999
190	159	0.29019574897744754
190	41	0.2897744310088633
87	88	0.7536281134245186
87	191	0.8015025335547823
87	66	0.7383900383476268
87	193	0.6830129586835687
87	89	0.5721141061225432
87	85	0.5482669221683637
87	47	0.5268898748982355
87	9	0.4699607818167735
87	91	0.4557152134877272
87	97	0.4554299301852821
87	192	0.4492498106181728
87	84	0.4406523029231109
87	86	0.4117693824027617
87	93	0.4023502591946458
87	179	0.4009496685758173
87	82	0.3984373384858946
87	170	0.3951766984620833
87	105	0.372859297066115
87	65	0.3681228913045139
87	108	0.332645520304294
87	109	0.3307231526163454
87	67	0.3301263035816149
87	90	0.32620015282132786
87	107	0.32606610724443513
87	189	0.3179366021038223
87	8	0.30319108647442444
87	195	0.30054626171755866
87	197	0.29942695201286096
87	106	0.2992175585909115
87	160	0.29448491823624817
87	55	0.2905803323804129
87	171	0.2903239538677965
55	158	0.7207240309182493
55	54	0.4336797747854089
55	196	0.3978398837140185
55	93	0.3616561903262313
55	66	0.3605256932164183
55	166	0.3559145296284569
55	74	0.3549971960586344
55	91	0.3420656139973959
55	65	0.3376254113146126
55	67	0.3322096692877389
55	61	0.3176399286032571
55	108	0.31427329259116
55	88	0.3104560281599216
55	90	0.29631039791567043
55	92	0.29352567941875746
55	193	0.29294071029607743
55	97	0.2909556685014885
137	145	0.8087137086464263
137	141	0.7805982190951648
137	165	0.7468439755199856
137	140	0.7234281371011282
137	150	0.7138496488880589
137	62	0.6289457418174591
137	146	0.7043190690494259
137	171	0.6643553111109437
137	134	0.5902306802482977
137	104	0.5555960095753343
137	172	0.5437679971250914
137	196	0.5240450176185313
137	164	0.48305387202873
137	35	0.480012099874386
137	144	0.4549939000413202
137	175	0.4486669521082915
137	174	0.44637974724877605
137	166	0.3986055746148004
137	195	0.3812060482513614
137	30	0.34780103323644884
137	159	0.33653516793855365
137	132	0.33544402160229564
137	153	0.3286196463376317
137	113	0.3023463386228209
137	189	0.29533403457175633
137	2	0.2951971118358881
145	165	0.6784357043197236
145	144	0.6065214579322848
145	150	0.5831878238542995
145	104	0.5692212030377927
145	171	0.5630378608229974
145	146	0.5534631221783629
145	195	0.5483648311259779
145	156	0.5419624377523861
145	141	0.5336394972848817
145	134	0.5163353667968253
145	140	0.5073910501503565
145	62	0.499297563163524
145	174	0.4823405589557934
145	164	0.4784868672496629
145	196	0.4515933418894328
145	175	0.4365738428029585
145	159	0.4313466615383762
145	113	0.4285588848667201
145	132	0.40862541804498576
145	153	0.3926168199426316
145	173	0.3837756846783431
145	172	0.379503942202422
145	180	0.3791186868947344
145	168	0.3720410803391721
145	110	0.36625411950574416
145	178	0.3436981126190303
145	122	0.33130193254209506
145	179	0.32638779459138995
145	2	0.31255993020586154
145	131	0.3122440884654326
145	10	0.31083549782090164
145	41	0.3104560281599216
145	28	0.30884670217001353
145	133	0.297021749477842
145	169	0.2943844543326695
145	125	0.2910288943808108
141	134	0.6609056731960506
141	140	0.7093379105758759
141	150	0.6788295084615201
141	146	0.6772302959023636
141	171	0.6437901798604515
141	172	0.6263457496088148
141	196	0.5860116781157271
141	166	0.542174286316661
141	167	0.4938957846252374
141	165	0.4719374256788237
141	35	0.4679950330431393
141	32	0.4504064095660016
141	62	0.4181929886922791
141	104	0.41045642464911736
141	195	0.3673272953881288
141	169	0.3578953732551129
141	175	0.3528015620183941
141	189	0.3405106150747918
141	159	0.3395820282656261
141	160	0.3237674261369189
141	30	0.3124696967568233
141	37	0.3089281151411325
141	153	0.305867506620714
141	61	0.29959990743622944
141	65	0.2952336257513231
141	36	0.2896003755799281
165	164	0.6256159722452316
165	62	0.5760829155976173
165	173	0.5732632728740147
165	156	0.5513925511273463
165	171	0.5456457910633052
165	140	0.5431056013585625
165	175	0.5337896785189771
165	104	0.5160492840649151
165	144	0.4991924575450749
165	150	0.4845397960448042
165	174	0.4691110877100383
165	146	0.4206899144458584
165	183	0.39038145879888414
165	45	0.3726526443508082
165	134	0.36187347187639984
165	180	0.35158397753583176
165	196	0.3429041828017857
165	166	0.33103483429421016
165	56	0.32842339014402805
165	172	0.3244654859382555
165	153	0.3241701960222336
165	159	0.31238848183111945
165	132	0.3021373491544001
165	60	0.3005280681693097
165	170	0.2997546403361141
165	169	0.29951798363686616
165	168	0.29652018964843263
165	195	0.2910197413323468
140	171	0.6868299649281826
140	172	0.6781819526782477
140	150	0.6382646638558944
140	166	0.6098170229003251
140	146	0.5837286764986902
140	35	0.5767172902776204
140	196	0.5284340397345296
140	174	0.4979826872046759
140	62	0.4805198672693154
140	175	0.3849432912788627
140	32	0.3732036360695872
140	169	0.3712998798971669
140	61	0.3690561642776299
140	67	0.3495315431570424
140	134	0.3445708682603873
140	170	0.3386881911166784
140	104	0.3248501627682011
140	37	0.3111877738024729
140	167	0.3106096349507341
140	36	0.3012192691539893
150	146	0.7823500525106604
150	172	0.7600780982408133
150	174	0.6511772834631483
150	175	0.5700183321732825
150	171	0.5197666679857122
150	134	0.4624395397312884
150	196	0.4385709113290467
150	104	0.4339557875063878
150	179	0.4331356291154289
150	195	0.4278647454863616
150	30	0.4161197791650849
150	35	0.41492013189263627
150	110	0.4087003875617783
150	153	0.4041841106190114
150	170	0.3887952863886886
150	10	0.3818810435737568
150	164	0.36485059814955817
150	180	0.36189085270241145
150	144	0.3605952929068341
150	159	0.3558184601344304
150	68	0.3379354778403052
150	166	0.3343875023644023
150	32	0.33108825818934484
150	132	0.3238211355727189
150	42	0.3217966413111037
150	178	0.3215994090284138
150	62	0.31247872035551305
150	113	0.3121809118306334
150	2	0.2940373471584956
150	168	0.2913766707325452
62	35	0.5925585787174613
62	171	0.4631781991153088
62	67	0.4465078573173637
62	164	0.40246758858247744
62	104	0.3964332723564987
62	134	0.3719807677881405
62	36	0.3671369644654021
62	41	0.3560105916004217
62	45	0.3549360161490702
62	60	0.3366770393511064
62	37	0.32763808187518123
62	144	0.3132455199954837
62	2	0.3075434797276632
62	159	0.29796059334582314
88	193	0.8047329850939143
88	90	0.6930130885191382
88	91	0.6254150912437442
88	66	0.6085781334749426
88	194	0.5861495451132033
88	108	0.5771842796937023
88	93	0.5704974443515414
88	9	0.5553401711567382
88	191	0.5490427874306001
88	97	0.5245525951138632
88	89	0.4616294199851733
88	86	0.4563725933117244
88	85	0.4238862154129652
88	109	0.4124750143381979
88	84	0.41124606575125777
88	50	0.3999000938851041
88	8	0.3986392186221903
88	197	0.3945014168200934
88	106	0.3807187737146903
88	73	0.3659683518635555
88	192	0.3536417870004221
88	195	0.3516716133250797
88	47	0.3404752524923164
88	105	0.3293419813008676
88	112	0.32461758031263044
88	78	0.32182353445912115
88	178	0.31591259591827464
88	180	0.3141290881736448
88	6	0.30884670217001353
88	107	0.3064565787165003
88	72	0.30624816462607235
88	82	0.3044346321387973
88	5	0.3002824338662124
88	75	0.29697615989680826
88	179	0.29134921750350384
193	191	0.6915706632422292
193	9	0.6570302436669896
193	108	0.6114162467438862
193	109	0.6046216115758717
193	197	0.5731491289838537
193	194	0.5691671215974029
193	106	0.5166579885075234
193	195	0.4733896467414739
193	112	0.4586971364172818
193	192	0.442037271801456
193	90	0.4346454629632496
193	66	0.4299374950826985
193	99	0.4239764464577568
193	179	0.4219318847442921
193	178	0.4133045362671679
193	8	0.411785991185494
193	170	0.3949319581620739
193	97	0.38703677851591706
193	91	0.3855564306727065
193	86	0.3795296212127914
193	93	0.3792043105504209
193	72	0.37586018593553255
193	105	0.3715757307600059
193	11	0.3698937477942172
193	75	0.3682612008428522
193	6	0.3584532683685241
193	89	0.3567089977063864
193	189	0.35352803989847503
193	12	0.3241075506429116
193	5	0.3237226666796849
193	175	0.32276446725159724
193	113	0.30942554045403153
193	182	0.3089371607473846
193	47	0.30324556999312896
193	73	0.29873493360697617
193	101	0.2949323601657733
193	177	0.2907451251119164
90	91	0.7354886192781981
90	194	0.7408270509228254
90	93	0.7119415490554583
90	92	0.6319343533030253
90	97	0.5494547996078942
90	180	0.5048992670589612
90	73	0.4458430875966634
90	94	0.44099068700725896
90	74	0.4396041298574367
90	69	0.4061149317668737
90	108	0.3805734052609176
90	63	0.3751815885758004
90	155	0.3680450850285989
90	86	0.3635842738013941
90	66	0.3580435890892121
90	50	0.3557311177045739
90	54	0.3516015051867154
90	76	0.3491013339361782
90	78	0.3462441854935407
90	107	0.3299480884925567
90	9	0.3275934484796732
90	84	0.32111517511877746
90	75	0.3187543791254622
90	196	0.3175140483236291
90	183	0.3038629112424069
90	8	0.2961188239666641
191	179	0.5630037104432642
191	89	0.4957006507249422
191	47	0.4820949698304859
191	66	0.4797734919772473
191	192	0.4796195137250843
191	178	0.4477639659827184
191	153	0.4405153023184454
191	106	0.4065156875325576
191	170	0.3863649132264512
191	195	0.38604159135387306
191	9	0.3769159341406203
191	154	0.3746143506068916
191	168	0.3703166286356107
191	109	0.3609693224332036
191	85	0.35766865532901576
191	72	0.3564820594046088
191	189	0.3564471420850786
191	171	0.35560882786298503
191	14	0.3510755684688126
191	97	0.3389891551530005
191	115	0.3385376830997657
191	113	0.3363400697993135
191	160	0.32361523807074205
191	70	0.3229525773493511
191	82	0.31494905740650186
191	105	0.3118559598167137
191	8	0.3050424121799122
191	3	0.3020919128169249
191	155	0.2937267118223309
66	85	0.6633317712665644
66	84	0.6007053374397846
66	67	0.5400527007442121
66	65	0.6685573841109067
66	93	0.569498293115817
66	91	0.5377252209525535
66	61	0.5190875862968551
66	92	0.4878157651584184
66	89	0.4736223843545263
66	97	0.4682761387044733
66	86	0.4484033427590271
66	170	0.4368004480150008
66	68	0.4296195318215057
66	47	0.41571454284896253
66	63	0.3973431503537673
66	54	0.3968546091357125
66	166	0.38725780892708256
66	160	0.3703166286356107
66	171	0.36952252196743135
66	172	0.35365928562638466
66	9	0.35109310326459403
66	82	0.3433805995677802
66	32	0.3391307612877513
66	36	0.32814679918900713
66	183	0.327673787538713
66	60	0.32012825336098816
66	196	0.3066649634288597
66	197	0.2962191751981418
66	194	0.2935622326965858
195	196	0.6951792842298747
195	175	0.6418655705059021
195	113	0.5490148447362428
195	171	0.5422872440437743
195	174	0.5346186444065376
195	166	0.5330527529789543
195	172	0.5250960146540941
195	97	0.5049216190222934
195	93	0.4783480662393425
195	170	0.470498211893305
195	194	0.4691656813523325
195	197	0.4507730152546918
195	183	0.440362159711572
195	179	0.43599088930063057
195	9	0.420072454745418
195	160	0.39967324782033453
195	10	0.3986139857172319
195	180	0.3957840870099845
195	91	0.3847217962632187
195	99	0.3818810435737568
195	108	0.3754565119678239
195	13	0.3698592201387593
195	32	0.3553816858529383
195	11	0.34649939320033635
195	178	0.3443329029797545
195	110	0.3416593741909102
195	156	0.3405990173164091
195	101	0.3334101397608925
195	92	0.3219938456695491
195	6	0.31302905318728924
195	105	0.3054595502162001
195	158	0.3049698544792711
195	182	0.3041714862431853
195	80	0.29525188238564576
126	128	0.8010371771419691
126	125	0.6007884208538761
126	129	0.5472659912627423
126	144	0.5042060203814518
126	156	0.47619359556635404
126	130	0.3959190152574757
126	45	0.380949614348175
126	164	0.3608823491791997
126	143	0.33517775162217056
126	52	0.33245874439856177
126	2	0.2977054306087804
128	129	0.5796663061209676
128	125	0.5512603036857228
128	130	0.4665959071123228
128	120	0.3425423410946956
128	133	0.33653516793855365
128	144	0.3310615465070765
128	20	0.30825858527370026
128	45	0.29234637648064565
125	129	0.5659132227476206
125	156	0.5592560496949152
125	52	0.5468455532974708
125	122	0.5327377030109359
125	144	0.5227163052837763
125	155	0.5153592780074097
125	21	0.5019279064157465
125	130	0.462958240126957
125	131	0.4347022370683011
125	180	0.4182342435608302
125	7	0.3540704320569611
125	157	0.33979433512966595
125	133	0.3371202889837687
125	45	0.3370139226920005
125	51	0.3307498710171353
125	73	0.31953576644870496
125	143	0.31887116571934576
125	2	0.3043438974213453
125	28	0.2977327715088838
125	164	0.2918615986068539
129	130	0.6517873883452493
129	143	0.574182326332745
129	39	0.4182672462133995
129	131	0.3862883455703385
129	152	0.3445003646437187
129	118	0.34210976279805577
129	122	0.32639672927230323
129	133	0.3106548103318349
129	148	0.3086567209709849
129	144	0.3080323236804931
129	45	0.2983250376842908
129	151	0.2933246210499117
197	9	0.5760227809172569
197	99	0.4862443946048745
197	109	0.4705682857547839
197	108	0.4624709851364913
197	101	0.4423670992572416
197	105	0.4393782125568473
197	11	0.41968531494694544
197	106	0.4157559010602109
197	93	0.4104065318890412
197	112	0.4101154418205806
197	32	0.3671369644654021
197	70	0.3665051916281921
197	170	0.366366675675562
197	5	0.3595508762323899
197	182	0.33902455812704024
197	175	0.3374570587915107
197	97	0.33480488368631645
197	0	0.3144535277196521
197	6	0.30700918680709416
9	109	0.6838496452699877
9	108	0.7696220396904334
9	105	0.5986432830198853
9	106	0.6221345486188266
9	6	0.5384640931337719
9	11	0.4843178507200826
9	112	0.4645438079151499
9	93	0.4535574238186922
9	10	0.4521663211743723
9	194	0.4483394257109378
9	12	0.4429540568930644
9	3	0.4338340272253407
9	91	0.4326643225217264
9	179	0.4275134002102504
9	8	0.42542718808259694
9	0	0.4223181356569897
9	89	0.4126326762091839
9	99	0.4099324281396873
9	16	0.40954133377697294
9	15	0.4089002793093098
9	113	0.40060552388243337
9	13	0.3987653740936728
9	1	0.3983784495054299
9	86	0.3845513853254343
9	47	0.3830677048596087
9	5	0.3742704334553859
9	175	0.3671975276403072
9	102	0.3641221924886516
9	72	0.3637057605233259
9	107	0.3629419243008688
9	97	0.3594986317153349
9	180	0.3306519009556256
9	52	0.31785569732047364
9	122	0.3132635574273624
9	155	0.3127584239374045
9	110	0.2976507473434805
9	170	0.2910929642282583
99	101	0.5917988693955314
99	175	0.5295287109777227
99	30	0.5129610976937453
99	5	0.4934949642565351
99	100	0.4912904981948004
99	106	0.477398953043176
99	182	0.4192897804638351
99	170	0.4066492380442838
99	180	0.38596500122297495
99	105	0.3714464338329891
99	0	0.36710235553919895
99	194	0.341049775056026
99	1	0.3362247709621444
99	6	0.3318537673188375
99	109	0.31978715508069955
99	32	0.3109348663651635
99	93	0.3013011009609999
99	174	0.29079089781008
71	177	0.7990937565900538
71	70	0.5326875678036083
71	72	0.4217674761757135
71	147	0.3471152004553246
71	17	0.3243581151003829
71	97	0.3187094586272799
71	78	0.3150211201579596
71	178	0.3120906547054502
71	14	0.31198233871865183
71	112	0.31124196252080205
71	148	0.307380495645525
71	116	0.2983614773363125
71	51	0.2934160144354826
177	70	0.5372843460421318
177	147	0.4285588848667201
177	11	0.397250513278888
177	97	0.3971999805527175
177	112	0.3971747132863769
177	78	0.36681679312147103
177	182	0.3253688589564988
177	178	0.3186645366974161
177	119	0.31686648731956785
177	14	0.3067283790294565
177	76	0.30320016719854304
177	85	0.2987804707987328
177	72	0.2914681780295063
70	112	0.6162522851968566
70	12	0.6001873715166661
70	11	0.5374479306964529
70	36	0.44763603562967097
70	13	0.37941834127833335
70	113	0.37932417275904107
70	32	0.3726268101618008
70	61	0.31899692506953403
70	101	0.3175500152599743
70	182	0.31616462940282075
70	35	0.308222385761583
70	0	0.3060306577487896
70	103	0.2982157135104921
92	93	0.7848971907608329
92	61	0.6975434949818515
92	91	0.6496252141870241
92	63	0.6483170450184876
92	60	0.5988934588241173
92	65	0.5835836204898017
92	196	0.5708818029424404
92	32	0.5561419071845018
92	183	0.5549804367131329
92	166	0.5548281788482889
92	97	0.5438384249317482
92	68	0.5071088251060794
92	175	0.4508128545411708
92	194	0.4498243104087902
92	69	0.4045605279718677
92	107	0.3806418162885951
92	180	0.3556874441592135
92	167	0.3483019835020439
92	54	0.3372709598321317
92	85	0.33245874439856177
92	37	0.3229794481379868
92	36	0.32045132255904746
92	174	0.31448056103398964
92	172	0.3143544012035974
92	74	0.3068823770071841
92	80	0.3050514816435139
92	84	0.2972952585222974
93	91	0.758464541659535
93	97	0.7340899646228974
93	32	0.5502292173362124
93	65	0.5441834104582172
93	196	0.5252843002297725
93	63	0.5235225492649723
93	61	0.5157043646583531
93	194	0.5056960683903903
93	85	0.4647241544244547
93	166	0.4454744490064083
93	68	0.3952020132232713
93	108	0.3937327656341078
93	180	0.3630287484653248
93	183	0.352775295808664
93	54	0.34002429515886584
93	107	0.33246763908082305
93	74	0.323095882204466
93	8	0.31939209560162146
93	60	0.3174331193765801
93	175	0.3163626244118076
93	69	0.3156154992099096
93	6	0.3152733111809087
93	84	0.3137685137197204
93	105	0.2922183365375381
61	65	0.7747891836508614
61	63	0.7611570365742133
61	166	0.6746069707669133
61	32	0.6702902580609763
61	36	0.6554303394092494
61	37	0.5982902724045597
61	68	0.5465721206194835
61	35	0.5350113294994965
61	60	0.5296870043903046
61	196	0.5181738087623718
61	84	0.4697971469284167
61	167	0.4571639559477923
61	183	0.4330625108479039
61	97	0.4091584147541175
61	172	0.3974020970035886
61	171	0.3901186702869416
61	85	0.371860133263432
61	169	0.3620385795644424
61	91	0.34148270834695194
61	158	0.3319605478353169
91	180	0.5739074326251016
91	194	0.5611704368145188
91	89	0.5578662715615271
91	94	0.5149184988757911
91	97	0.5106288128404899
91	108	0.4878538660180397
91	69	0.44746809922980174
91	155	0.4418682894771071
91	68	0.4286160267621742
91	51	0.4168884467020863
91	50	0.4054048767656645
91	63	0.3928282621924552
91	105	0.3892281080237608
91	86	0.38596500122297495
91	65	0.37914437467320267
91	196	0.3669898695097549
91	54	0.35967277133918074
91	84	0.35908930503897285
91	8	0.3410762853363063
91	183	0.33773172809646873
91	107	0.3335256836504177
91	179	0.3254672102976694
91	175	0.31870047435583665
91	174	0.3160926243875701
91	16	0.3149220329384329
91	6	0.3069186094906677
91	109	0.2991265089815877
91	72	0.29073597041257765
97	196	0.5044968159372835
97	63	0.4692982509833297
97	85	0.4647006331527258
97	65	0.4372777561189472
97	32	0.4275134002102504
97	166	0.4016879385369172
97	112	0.3786476407602299
97	194	0.3698419559279096
97	107	0.368693313085733
97	75	0.33249432277274
97	76	0.3307587770329065
97	108	0.3191496177511241
97	10	0.2943205193697584
97	84	0.2912302479658057
106	109	0.7824276260507608
106	5	0.6185974800684084
106	3	0.5717036247954992
106	108	0.5936994065887844
106	103	0.5372274375536503
106	0	0.4859923772668809
106	6	0.4786179351410131
106	101	0.4309966024065519
106	179	0.43086631471450104
106	115	0.3910169743470795
106	180	0.3899321366474143
106	102	0.3777649720822751
106	105	0.3768901958182348
106	72	0.3629419243008688
106	116	0.3491628014120964
106	194	0.3418448473438949
106	1	0.33729754701210085
106	155	0.3354085220336551
106	182	0.3257890381699829
106	112	0.31907776443500163
106	14	0.2988077924607373
106	15	0.297112924577473
109	108	0.6701580661650611
109	0	0.5095264802197937
109	3	0.48967291825975
109	103	0.4583338451971709
109	6	0.440692593312771
109	102	0.418423993731708
109	179	0.4172519097783885
109	116	0.4111463556302805
109	72	0.4011007207579964
109	5	0.38693474947387857
109	112	0.3774220028255111
109	105	0.3773362443259041
109	101	0.3642696439147932
109	194	0.3632805028910385
109	115	0.3461561709499805
109	155	0.3458744834673799
109	180	0.3440860774304215
109	16	0.3232570824569227
109	89	0.314768884641608
109	148	0.3121899372332404
109	192	0.31125099377710025
109	182	0.3045797961954446
109	78	0.3025371297113885
109	119	0.30060084104995033
109	11	0.2990809821341301
109	178	0.2919622252246515
5	105	0.4505419119806575
5	0	0.39568287960894055
5	30	0.3928367190187984
5	101	0.38754678154000577
5	180	0.3712309069366068
5	6	0.3590021964241854
5	3	0.3490398634560137
5	1	0.3435305460731061
5	182	0.30883765600492946
3	103	0.719052324493293
3	1	0.6024983263916819
3	0	0.5893698614582664
3	6	0.5229415667506288
3	51	0.504832207106164
3	14	0.4656488040641555
3	16	0.4452259334153543
3	72	0.4370593575347457
3	155	0.41201018297422093
3	21	0.3973178864999965
3	17	0.39135576363037533
3	102	0.36352352580209296
3	105	0.3564820594046088
3	48	0.3502423821857191
3	148	0.3457160068512448
3	173	0.34227751446497306
3	119	0.3402188449676759
3	116	0.3354528963456093
3	115	0.3340410650533645
3	50	0.3272006115667669
3	52	0.314570668397661
3	108	0.3140750077794584
3	179	0.30624816462607235
3	47	0.29754137495352
146	172	0.6468654828384701
146	104	0.5769241464105658
146	134	0.5428235255725216
146	189	0.5075915123500507
146	171	0.5027204369375076
146	153	0.4516968240626709
146	144	0.4211013378686725
146	164	0.4060898793417905
146	174	0.3917113782371333
146	30	0.3912541379782963
146	178	0.3775763518117185
146	159	0.36503262984848
146	110	0.3484249935049528
146	42	0.3440067305440228
146	2	0.333356808433362
146	179	0.3277630476024932
146	196	0.321841462935976
146	175	0.3051784483233886
146	135	0.3023554244622651
172	171	0.6989322699479976
172	174	0.6757768188960463
172	166	0.6607423128201185
172	196	0.6542022268749119
172	175	0.5883573403996357
172	68	0.5549735167075797
172	32	0.5172588467223171
172	170	0.4951800189373196
172	179	0.4942661677669904
172	35	0.481634285965705
172	65	0.4624474011916546
172	167	0.3848240302396688
172	160	0.3769845668212611
172	113	0.3729712185132576
172	67	0.3650152946983415
172	169	0.3553292625037417
172	183	0.33013521371843674
172	84	0.32756666774051
172	153	0.32246881414908074
172	108	0.29344343140541124
172	42	0.29150477945480857
134	104	0.6459281877733154
134	100	0.5906410530775648
134	159	0.5542742005226777
134	30	0.5522341084102728
134	167	0.454137060334073
134	2	0.4452820558369365
134	110	0.39467871954153705
134	189	0.3549010548357501
134	132	0.3525126031378993
134	196	0.3441918656344421
134	10	0.32626270293517673
134	169	0.3209178464718641
134	171	0.3181972637950286
134	35	0.3097510362825193
134	133	0.3014829335306167
134	160	0.2985527712378637
167	166	0.5830228268111435
167	63	0.5346329279119122
167	196	0.5256462433400598
167	169	0.5093783885772546
167	32	0.44964880826394427
167	160	0.4402089914760352
167	186	0.4307848757839589
167	36	0.4054215895678711
167	171	0.38484106831784826
167	101	0.3686760316534866
167	37	0.3643390265028493
167	60	0.3625685085881287
167	158	0.3600819008311201
167	74	0.3535542901578111
167	65	0.34959298959254304
167	100	0.347906512966581
167	80	0.33588768580725675
167	183	0.3356215051544442
167	189	0.3200025952238723
167	4	0.3111697104466647
74	63	0.4664394348606535
74	75	0.3519520064259369
74	116	0.3502774749050109
74	158	0.3462529866127072
74	100	0.3196884006279543
74	188	0.3153453575827509
74	119	0.3123704334496313
39	143	0.7589271164311467
39	41	0.5770575627204265
39	130	0.6273898522753993
39	45	0.4437735538869061
39	2	0.37784212588525456
39	152	0.374365020941552
39	72	0.3287801984820392
39	144	0.3161826300875371
39	131	0.3076340186437037
39	154	0.29889886112954744
65	63	0.6373333207413484
65	32	0.6193932095756041
65	37	0.5965410575344854
65	166	0.5847430255373349
65	36	0.5540801919872708
65	84	0.5424566438840996
65	68	0.5152197274297702
65	35	0.5048992670589612
65	171	0.5032433433526802
65	67	0.4848764215772167
65	60	0.4308011641314371
65	196	0.4187126739196834
65	85	0.4072166338098059
65	86	0.3528978666969592
65	54	0.34895204327366003
65	160	0.3475988391441576
65	183	0.33009957281817665
65	107	0.32046926866302544
65	169	0.3157325446982377
65	158	0.3105554226411867
65	170	0.2986438551425036
63	37	0.5359243202545259
63	32	0.508852419547735
63	166	0.5061499339348156
63	68	0.4693840200620218
63	36	0.4621014281599788
63	60	0.436444329232541
63	76	0.4191001970859927
63	196	0.4143487579157994
63	84	0.3577820195645781
63	183	0.3501283240575392
63	35	0.30194650731383976
63	69	0.2991629294790598
63	75	0.29516059705813874
166	196	0.7636443628358767
166	183	0.6956182416415357
166	171	0.6301952776554101
166	32	0.6282138281934109
166	175	0.5761163210590915
166	170	0.4767887717538759
166	158	0.4632017627665527
166	169	0.449816333792012
166	174	0.43829626749740896
166	36	0.4320870561626582
166	60	0.4186384499501144
166	35	0.4053296658019567
166	160	0.3778849868418804
166	68	0.3724459546675488
166	56	0.3475197109146996
166	37	0.3395554874738685
166	113	0.3355593886208411
166	194	0.3242417872601821
32	36	0.7097351568485532
32	68	0.5909535131790028
32	35	0.5656344637723794
32	37	0.5026083376608158
32	196	0.4775842334684873
32	13	0.4278157283224832
32	175	0.3524250265645437
32	113	0.3503652024008793
32	12	0.34088186401782483
32	112	0.3394493188998524
32	11	0.3283341734065585
32	10	0.3177568074101482
32	183	0.3064384569181246
32	171	0.30145566004272645
32	170	0.2976507473434805
32	174	0.2976416332760267
75	76	0.7716121601127337
75	186	0.6507220345291753
75	59	0.3879631081182711
75	188	0.6292780618173807
75	78	0.6120858105347687
75	147	0.5643409656579285
75	187	0.5444930366440692
75	77	0.5163867027865099
75	116	0.4612673699213899
75	148	0.4380700287517026
75	73	0.4280934589727016
75	85	0.3700577402038033
75	101	0.3457072020163793
75	21	0.33466281116649954
75	69	0.3337211966374068
75	182	0.3102933680020653
75	112	0.301473842422801
75	80	0.29420177602096464
76	77	0.7203682291366432
76	78	0.7083378381957495
76	69	0.5544473715506705
76	31	0.4914573795571223
76	147	0.6433273725541906
76	188	0.61764587506079
76	187	0.5753475085514603
76	148	0.4939940670183308
76	186	0.4768196780631134
76	116	0.4719218800307694
76	80	0.44617953863036736
76	182	0.4306627042318073
76	21	0.3847729144315497
76	20	0.33936083848069554
76	183	0.3318715646622551
76	86	0.3082404856292232
76	73	0.2965749132213961
186	188	0.7144670208011001
186	187	0.6538417060836992
186	147	0.5591460826285533
186	151	0.4838201605713709
186	116	0.4612122618731706
186	152	0.4457469355799304
186	189	0.3968293336422231
186	101	0.3689438652092672
186	160	0.36688602672486215
186	85	0.3568835369903036
186	59	0.35037397481239296
186	100	0.33966164739620797
186	154	0.3323431081476309
186	135	0.3228809193675109
186	148	0.3226211281546688
186	168	0.2929864189135562
186	4	0.29256584914062106
59	113	0.3507686696898836
59	110	0.34294830288137185
59	160	0.34155337758100746
59	85	0.3238927449072493
59	64	0.31817030102261296
59	58	0.3117115132728515
59	77	0.291779262931667
77	78	0.6558864290201212
77	148	0.5811252146128562
77	147	0.5573012093173549
77	188	0.5260296953715297
77	69	0.5104217909463846
77	116	0.5064250929221488
77	43	0.4829542001058199
77	31	0.4594074802194261
77	15	0.4528025273962233
77	103	0.37434782379617215
77	187	0.3551807175425842
77	86	0.3501107757315243
77	21	0.3374393362172315
77	108	0.3343875023644023
77	14	0.3124426256224058
77	182	0.3104469919613227
77	20	0.3102120311085184
77	112	0.3091904150262605
77	102	0.29616443897335765
77	80	0.2930869731578541
78	80	0.5858934793927937
78	147	0.5377678706716776
78	187	0.5162253486083589
78	69	0.4559687200766378
78	182	0.4514022659549781
78	148	0.4488586189777705
78	31	0.4268757465190187
78	188	0.3802569500778338
78	183	0.33936083848069554
78	82	0.3382011907780303
78	108	0.3232391722439602
78	135	0.3220565866527265
78	86	0.3176399286032571
78	180	0.3067827330911652
78	21	0.3047521601367138
78	73	0.30368136674566537
69	86	0.5890369133951942
69	68	0.5119434961345921
69	31	0.4864428967661213
69	20	0.4466359490825705
69	80	0.42847724764013617
69	148	0.39113556265610705
69	42	0.3661935078974994
69	16	0.3099408753331913
69	188	0.3081771351162118
69	94	0.2962191751981418
69	194	0.2951971118358881
31	7	0.4511952203012998
31	86	0.4449212078048373
31	30	0.4186384499501144
31	182	0.4005467561695459
31	147	0.3548486110045942
31	170	0.3425246876788661
31	68	0.3401392599286435
31	80	0.33035794801585344
31	135	0.3177747879081042
31	60	0.30780602723666084
31	183	0.2975960621249641
31	42	0.2930047019855865
108	112	0.5567770317282342
108	194	0.5035942310179231
108	16	0.4689472852703713
108	15	0.4565705017416239
108	11	0.4381508346765589
108	179	0.4353265241362204
108	12	0.4269166345011319
108	6	0.4014782557845191
108	8	0.3876402563789157
108	102	0.3871047926124214
108	89	0.3862713298125995
108	10	0.383426016026484
108	105	0.37662419907687894
108	72	0.3576337719046463
108	117	0.35472623338096204
108	113	0.3527140058239059
108	155	0.35165408666028186
108	86	0.33759883077294345
108	110	0.32151871504921936
108	48	0.31950882928367264
108	118	0.3153453575827509
108	175	0.3112871182400849
108	21	0.3110522931540854
108	103	0.3077064457659113
108	42	0.3061394151826767
108	180	0.3043438974213453
108	13	0.2895087597647896
105	6	0.6455025601070837
105	102	0.5581004141174634
105	107	0.5327806730697654
105	1	0.43417491606730624
105	180	0.42909751504383054
105	13	0.3214738830427465
105	0	0.315948603432516
105	8	0.29206284537923904
105	110	0.2910288943808108
130	143	0.7672880391461957
130	45	0.514661251896035
130	157	0.5019279064157465
130	131	0.4897337335119033
130	152	0.4623609211287063
130	64	0.4383447400055456
130	144	0.431069881337471
130	159	0.3661848488426431
130	164	0.358305102427908
130	154	0.3549272759138039
130	155	0.3504178359478552
130	2	0.3384845584865213
130	7	0.3351333680846479
130	122	0.33024213077115305
130	156	0.3206038571094733
130	21	0.30056445504708884
130	51	0.3002096456810137
143	131	0.5423013623815474
143	164	0.5204378020718684
143	144	0.5122386012307055
143	45	0.4882652368529964
143	2	0.4302064576503009
143	152	0.4284119328215421
143	64	0.3785705417962644
143	104	0.373737158360036
143	157	0.34124417117836936
143	122	0.3340854851397637
143	7	0.315327346323049
143	28	0.29652018964843263
143	156	0.29378153433322074
51	155	0.6699817441454867
51	21	0.6665672346844972
51	50	0.6482590727593267
51	48	0.6004304306154336
51	89	0.5875983734068506
51	72	0.5671626460304646
51	16	0.5366438435179374
51	17	0.5005876613082768
51	14	0.4765105619246919
51	148	0.4638534307036913
51	52	0.4396041298574367
51	43	0.4303938712557642
51	157	0.4232954044576953
51	154	0.4165827040671145
51	103	0.4141665119822978
51	115	0.40648229718979584
51	47	0.371291258501164
51	116	0.36859826205470414
51	94	0.3551370244337787
51	0	0.3475636716533282
51	49	0.34239227935114136
51	46	0.3306519009556256
51	119	0.3284144687339603
51	1	0.3239733009728763
51	15	0.32049618738765384
51	45	0.3073986058788059
51	102	0.29085497735137555
51	152	0.2904796172238286
155	157	0.5513229506644045
155	52	0.5363376071150211
155	122	0.5321358337627811
155	180	0.5214942636053663
155	72	0.5099261769002957
155	50	0.5042433082558327
155	179	0.4966579842290659
155	178	0.4791959212108872
155	14	0.4746224023857034
155	89	0.4731878873301948
155	156	0.4724502674088039
155	194	0.4614720257999938
155	21	0.4513067124601541
155	110	0.4386435974598448
155	16	0.4328187421265792
155	131	0.4107474167665932
155	43	0.4089585736799643
155	102	0.4085837659306285
155	173	0.3994463527915587
155	115	0.39870650341812813
155	94	0.3902034477216425
155	47	0.3800773007578624
155	103	0.36133454152418587
155	144	0.35598439362686696
155	192	0.3528540927698254
155	148	0.32250465424132524
155	133	0.32143801639985725
155	164	0.3197781776902369
155	153	0.31645261303359146
155	73	0.3136963879638271
155	7	0.3133176683668536
155	28	0.3132455199954837
155	45	0.309235634391516
155	117	0.3087833778410721
155	2	0.301473842422801
155	113	0.3004370971476541
21	148	0.5208460039774622
21	48	0.4457950128742196
21	20	0.4261149119910452
21	17	0.4243044883965785
21	116	0.4107224778625045
21	147	0.406098230217977
21	16	0.4008489550069798
21	50	0.3961803900906312
21	52	0.38666262570915416
21	103	0.3864669951515157
21	41	0.33495581906137545
21	43	0.32887830432748444
21	72	0.3273256174060427
21	73	0.3258158537529665
21	12	0.3194729122603392
21	7	0.31862859812281924
21	157	0.30510589726308746
21	122	0.30200103602429235
21	187	0.2971585100957352
50	72	0.6372323627433524
50	173	0.6302254194012269
50	89	0.5353324454623042
50	52	0.4883033157762578
50	194	0.4676669567038297
50	94	0.4614484141660354
50	58	0.4550176891331242
50	156	0.4542561161525958
50	16	0.42462422209467465
50	43	0.4028194974092477
50	179	0.3880225704272029
50	45	0.378467735005017
50	14	0.3597250083416779
50	48	0.3541141629891904
50	17	0.3445620555208541
50	47	0.33956433446453704
50	192	0.33370342391552826
50	180	0.3304113987738873
50	148	0.3274952498628782
50	49	0.31334472307370465
50	73	0.3101758799201261
50	157	0.3058765710436725
50	15	0.2988533274755468
50	64	0.2980334891668461
50	1	0.2959910947623827
50	8	0.29339773618737297
48	17	0.6107081855497917
48	49	0.5123639842856903
48	16	0.4909262681799914
48	154	0.4730714650841359
48	89	0.3866030896568542
48	72	0.3861351942865587
48	46	0.37016993225085054
48	120	0.3665051916281921
48	103	0.3274595395206458
48	47	0.32360628530999297
48	67	0.3005371649707734
48	119	0.2897103075537352
157	94	0.4719218800307694
157	45	0.4368328156642
157	122	0.434385880204752
157	43	0.4258120466040885
157	131	0.4115534433354964
157	164	0.3990428630063397
157	28	0.3887358660958528
157	52	0.36134323586626094
157	144	0.3450642847127029
157	152	0.3444474843808203
157	103	0.33720892098658417
157	7	0.33122180864058864
157	148	0.3248948856603394
157	180	0.3134980234704986
157	156	0.3134258841422672
157	16	0.30875623800490337
157	173	0.297359070281276
157	72	0.2935348178186888
112	12	0.6502374586704555
112	11	0.6389634267549583
112	113	0.3922445807674272
112	86	0.364980623638756
112	13	0.3504616955463718
112	103	0.3086657682533456
112	182	0.30677367421982765
112	15	0.2945762434098482
112	10	0.292584137138088
196	171	0.6700974639995734
196	175	0.5292984001694446
196	183	0.4527627780027659
196	158	0.4337853186753043
196	174	0.4241486823544909
196	113	0.4125911886395359
196	169	0.4072666830636815
196	194	0.3951766984620833
196	160	0.3722995271159353
196	68	0.3243581151003829
183	60	0.6190047562529088
183	175	0.6412948470152566
183	80	0.5505498701464844
183	174	0.5351183853388766
183	170	0.520926158523255
183	194	0.5075395459437347
183	169	0.4568395847085973
183	182	0.4118109038466499
183	56	0.3875212870188403
183	171	0.3783306447569395
183	180	0.3646165164048549
183	158	0.35765121374159203
183	73	0.3514612770781578
183	173	0.3261822808355274
171	169	0.5747518157111754
171	160	0.5485955570493033
171	174	0.524994608815509
171	35	0.51792505633965
171	153	0.5010147042479522
171	170	0.4793884909544902
171	179	0.4444478769886389
171	175	0.4311024479262108
171	113	0.4202289146911029
171	67	0.42003127692393066
171	158	0.40515415221393103
171	189	0.341049775056026
171	168	0.32544038790293256
171	47	0.319562703097299
171	178	0.3090185686884342
171	10	0.2945762434098482
174	175	0.6922326785642643
174	179	0.6110278740626872
174	170	0.5549112332012174
174	180	0.5275541488065123
174	173	0.496424415712933
174	68	0.4383366614312448
174	194	0.4093582165841301
174	113	0.3597946541707314
174	80	0.3448880864272221
174	35	0.3243044265467981
174	15	0.3217518182438634
174	182	0.3113413032477953
174	10	0.30771549890548633
174	52	0.2936261988671052
174	153	0.29269386062788244
41	45	0.38206894449553225
41	13	0.3091723268886644
41	0	0.2965019480247122
144	164	0.7466272064125581
144	156	0.5878143918014483
144	7	0.5846574692068851
144	122	0.5573081034325545
144	104	0.5248424721060955
144	173	0.4801121401210702
144	2	0.4448249572521684
144	131	0.4356425618829274
144	45	0.3994715657677516
144	28	0.38340895620585796
144	52	0.3687969963268634
144	135	0.34450917780834456
144	180	0.3145796788222624
144	159	0.30601253073311324
164	104	0.6444221171735756
164	45	0.5531508890775856
164	173	0.5652603157036667
164	7	0.5411284982971329
164	156	0.5361808733902049
164	2	0.5208387167451056
164	122	0.5167093011682667
164	131	0.4580652271184664
164	135	0.4452980901719533
164	28	0.37511284741066586
164	153	0.36143886948190185
164	43	0.3595508762323899
164	52	0.3311238729402724
164	180	0.3220386609461672
164	159	0.3179096343570981
164	30	0.3090818828454577
156	52	0.7046615805165319
156	122	0.6612040666031691
156	173	0.6153024336802149
156	131	0.6418773305267215
156	45	0.4953913327227318
156	28	0.4492577923283913
156	180	0.4462596274386324
156	72	0.4025430076360513
156	10	0.3761521165187688
156	110	0.3717911936094032
156	175	0.3700836316344232
156	182	0.3621949764228913
156	194	0.3526527128125761
156	104	0.35061957737298266
156	7	0.3502423821857191
156	159	0.3244386440125322
156	113	0.30902761373572496
156	64	0.2929772772971895
7	135	0.4992149814144656
7	104	0.4899161506766621
7	43	0.460227590646093
7	45	0.42602488090241786
7	2	0.4077753782718826
7	173	0.4016124575963374
7	122	0.3889989885512194
7	57	0.3405106150747918
7	30	0.3326899869125671
7	73	0.3262537673795369
7	94	0.3201462036040862
7	52	0.3183500431144067
104	2	0.6956595285648044
104	30	0.5109392346984011
104	159	0.4639319110625737
104	110	0.4631546348092059
104	135	0.4230737574609469
104	45	0.3835624851716256
104	100	0.3559319960010759
104	133	0.3503827471624344
104	122	0.3498738492805722
104	131	0.330170853677404
104	153	0.3169474486171255
104	64	0.3117656824156273
104	132	0.301937419003331
104	56	0.3001459531508351
104	152	0.2913858217022386
104	189	0.2908366691772345
45	2	0.4557072902151779
45	122	0.4265322185680887
45	173	0.4056555403378425
45	28	0.3876657481334082
45	64	0.3804194652182153
45	131	0.3797179160864443
45	72	0.3719807677881405
45	52	0.3611432501040263
45	58	0.3459008943185773
45	60	0.3043438974213453
45	135	0.29837058711342057
194	175	0.5991242866322822
194	180	0.5789221579011791
194	173	0.4501114208149758
194	73	0.4410390173612452
194	122	0.3935891103534119
194	56	0.3770103030092804
194	72	0.3723425959672792
194	8	0.3560629858687041
194	178	0.3326277332468042
194	113	0.3127223361992238
194	182	0.3087743312848825
160	169	0.7396607921767662
160	85	0.6764282811209119
160	189	0.5102738819300944
160	170	0.531612343539468
160	168	0.5218218063978599
160	159	0.5025410699808585
160	64	0.4898553497205777
160	10	0.4736146274994178
160	113	0.4470521208799443
160	84	0.3947209301439376
160	56	0.36758678798214894
160	158	0.3111426149913952
160	153	0.2992721857412797
169	158	0.5704434792754225
169	159	0.5399818626107737
169	64	0.43865167334236416
169	10	0.43860321698452615
169	170	0.4266712804286162
169	168	0.3998328853419183
169	60	0.3958515532701923
169	80	0.3606648885817945
169	56	0.35062834800135045
169	85	0.34486165458751394
169	153	0.3352665142342311
169	132	0.3306875272572262
169	189	0.3163896215962687
85	64	0.4971700761783948
85	84	0.4774066739087128
85	82	0.3818895852098232
85	54	0.3479240920654257
85	168	0.3259141730720694
85	170	0.32066666062159377
85	10	0.32048721453695783
189	153	0.4984337603205325
189	170	0.4755205984174189
189	159	0.475102595836217
189	168	0.4338664981833161
189	82	0.3806332651379691
189	86	0.37862194168938657
189	84	0.37519877322236267
189	187	0.3562376172604397
189	152	0.32246881414908074
189	10	0.3201192781532423
189	154	0.31092583314198763
189	188	0.3087652846728258
189	135	0.3078784458892022
84	86	0.6175963915299902
84	54	0.5826596639841629
84	82	0.5736592467394614
84	68	0.4282404601219417
84	47	0.3852243557233069
84	67	0.3332056914204111
84	89	0.294740615163098
67	49	0.5339112291462343
67	47	0.5063581718459099
67	35	0.4255172751542701
67	89	0.3809752603768118
67	64	0.3350445965473538
67	42	0.3251631924948162
67	113	0.309235634391516
67	36	0.3091451942628441
67	179	0.2925109838641495
187	188	0.7246651021890977
187	135	0.5801110046162913
187	147	0.6558408415888258
187	182	0.5135061751627003
187	116	0.4809735079942074
187	148	0.4747308578789592
187	80	0.4535256518157601
187	100	0.3001550522475923
188	147	0.7152640370132902
188	148	0.6784195122403168
188	116	0.6547567336871577
188	135	0.5320569776872766
188	152	0.41185242358067503
188	154	0.39606235779091975
188	4	0.3459449111858325
188	151	0.3338367135463777
188	182	0.3148499651938754
188	102	0.3134078487449113
188	119	0.2910288943808108
135	147	0.5781171269197707
135	148	0.4988695412872704
135	116	0.3915505194498573
135	182	0.3717825758642799
135	173	0.3515051000565529
135	152	0.3108625990069721
135	2	0.2901408008351339
147	148	0.6521725861169516
147	116	0.6119732349600228
147	182	0.4677685179189594
147	73	0.3823251221210881
147	152	0.3181163739336249
147	82	0.31075419123015696
147	43	0.2990081363460522
147	14	0.29873493360697617
148	116	0.6926490990025417
148	43	0.4014111484124795
148	103	0.39451830405949295
148	94	0.3846110321359715
148	115	0.361699649780326
148	154	0.34376866040769904
148	152	0.34307183105425304
148	14	0.3399181648115034
148	52	0.3345029613944785
148	102	0.3163986205438701
148	72	0.3111787421526735
148	119	0.3075887498819022
148	118	0.2997182340133911
148	117	0.2936353366768272
158	132	0.340722770337895
158	10	0.30790560196424777
103	0	0.5565078735546494
103	1	0.4377386504453772
103	102	0.4271046967348826
103	17	0.42379597595328816
103	14	0.42336927553331105
103	16	0.4055469269449661
103	15	0.404744504365816
103	43	0.3947546974262658
103	116	0.3836904097835993
103	115	0.3702821135005857
103	179	0.35304668649369925
103	6	0.32996591106012185
103	119	0.3215814774366781
103	52	0.31576855676182003
1	0	0.617187965809276
1	6	0.5584239354777091
1	102	0.5355179086291051
1	16	0.36639264865385385
1	13	0.3546475556324173
1	52	0.3526877377610575
1	8	0.32836986080466674
1	180	0.30801422124722155
1	15	0.3046795882778829
1	179	0.29800615364126715
1	72	0.29155967999232985
36	37	0.6216807578191201
36	35	0.6192760889038341
36	68	0.42602488090241786
36	60	0.3515489214945752
68	42	0.4402654248600368
68	35	0.5741488096377321
68	86	0.526188801363287
68	15	0.410764042361205
68	175	0.36911662854383415
68	11	0.3327255591340716
68	37	0.30933511207275644
37	35	0.636840200822962
37	60	0.4718907878542968
80	182	0.4911842821793919
80	170	0.4627382241053906
80	60	0.4534541605943906
80	175	0.4322497022602141
80	107	0.3504880105676904
80	101	0.31496707343484165
80	180	0.29217260544721346
52	122	0.6304845600048654
52	131	0.5936735051331065
52	28	0.5407394335710758
52	173	0.43843359964834006
52	180	0.42991304015477344
52	94	0.4087420349103395
52	43	0.3788446475713921
52	72	0.3683908512332916
52	16	0.3617691816372737
52	15	0.35337052665031204
52	13	0.3456631769289028
52	113	0.3378911871113309
52	10	0.3335612336008597
52	133	0.31917656179878523
52	110	0.31831409652668
52	14	0.3120364977260072
52	0	0.3117385980975386
52	20	0.3018010877605771
52	115	0.29969092869847624
52	89	0.29162372819176435
52	102	0.2912119441603423
122	131	0.680400825614245
122	28	0.5412981994422439
122	110	0.4640417713318458
122	10	0.45707694144944305
122	180	0.4430906911924782
122	132	0.4363390861367035
122	133	0.4054383020990507
122	182	0.3979829670180958
122	2	0.38792063306303176
122	173	0.3250111583794761
122	43	0.3220117719533707
122	117	0.3214200827325361
122	73	0.30356335099566234
173	179	0.5339469751319149
173	72	0.5053461776565058
173	180	0.4473801199466662
173	192	0.4426324832518827
173	153	0.4051625106811955
173	175	0.4025346280110499
173	47	0.3420921034590255
173	43	0.3400154512940077
173	49	0.33484927822759697
173	178	0.3139848692597845
173	16	0.3052237909372053
173	58	0.3045797961954446
173	89	0.3005280681693097
20	120	0.5188391561146042
20	16	0.37497535270340093
20	17	0.2991447193392738
120	17	0.4365495603865404
120	117	0.38791213785425294
120	119	0.35479616494023625
2	30	0.5744369903248615
2	110	0.41935571393847576
2	58	0.3788103879829276
2	131	0.3605865931651162
2	159	0.3387678648156825
2	28	0.3322185656255404
2	73	0.3140028974166081
2	10	0.3122170131029406
2	64	0.30499706403195603
2	132	0.3029004742359847
30	100	0.4595337021031236
30	180	0.3802312876455344
30	182	0.3436363801214004
30	175	0.34255999426864525
30	42	0.33749250322239177
30	102	0.31562450305005835
30	170	0.3127223361992238
30	132	0.30928085235844904
60	56	0.2970582201677325
60	4	0.2924744059432185
60	107	0.29077258889052604
116	115	0.5015013854600058
116	119	0.43455623953238015
116	154	0.3865350445083969
116	43	0.3661069144953165
116	102	0.360386481791394
116	94	0.3320139349035896
116	4	0.31466977995013085
116	152	0.3119733120202872
116	118	0.3045253613318594
116	72	0.2993268109298766
175	170	0.6234445125864101
175	180	0.6172065378358433
175	182	0.5048396585129734
175	132	0.3675348940404816
175	179	0.3413060183700133
175	113	0.3324231650781036
175	56	0.30187379929314256
179	89	0.674078066562463
179	192	0.6355842581167038
179	153	0.5926494135876809
179	178	0.5784565749072424
179	47	0.5707671958465347
179	72	0.4679637932323912
179	15	0.4446725395282461
179	115	0.44346030432533856
179	16	0.413694174849304
179	10	0.4071498976668112
179	113	0.4058226154971407
179	180	0.3572848827793628
179	110	0.33204952510079416
179	11	0.3307231526163454
179	13	0.3270934545886869
179	8	0.32488594119814684
179	168	0.3102933680020653
179	43	0.3085300531542464
179	14	0.29352567941875746
179	117	0.29016827514545385
170	182	0.4425038219034665
170	11	0.42102729443299935
170	10	0.3433188518002033
170	56	0.3008009484227434
170	101	0.2939916693850613
180	94	0.5304779180860439
180	28	0.4400316067702605
180	132	0.4049702488000194
180	57	0.3703770276614575
180	6	0.3519782900419671
180	102	0.34070509205755395
180	182	0.3137234355465625
180	178	0.28967366441161096
131	28	0.636215627124625
131	132	0.4576779538638442
131	133	0.4268675687131396
131	110	0.4188116305106869
131	159	0.4143404747304102
131	10	0.3727473647683989
131	153	0.3716619207047405
131	64	0.3519520064259369
28	132	0.6448370785383256
28	57	0.4170619343561177
28	94	0.379846280919748
28	54	0.3630982032582728
28	159	0.3521184599522228
28	133	0.3204423494207945
89	47	0.6364953014230739
89	192	0.5249004329027067
89	16	0.483046205402129
89	72	0.4697192142033456
89	178	0.4071832662817853
89	115	0.3939777802585434
89	8	0.3604560895110904
89	14	0.35708422636597176
89	94	0.3513297989021135
89	13	0.3250558760400984
89	15	0.31785569732047364
89	49	0.3167135478256368
89	46	0.31067288009133964
89	82	0.3056952720504097
89	118	0.28996678576436097
47	49	0.5967149469895684
47	153	0.5639591942525508
47	14	0.5224909708014331
47	192	0.5162766925501837
47	115	0.4699685731487926
47	46	0.4580494234487321
47	86	0.4284609193552473
47	15	0.41685539799007865
47	178	0.3947209301439376
47	154	0.3917621707750809
47	82	0.3799917433817611
47	43	0.3636016298047012
47	64	0.3217249237112468
47	168	0.3120364977260072
47	72	0.2941286986759629
192	153	0.559647647442963
192	178	0.4730404163610649
192	72	0.3643997329496729
192	115	0.33740389035104223
192	117	0.33681889547973143
192	49	0.2916969229320748
153	168	0.5380379216458427
153	159	0.4364200434241417
153	154	0.42761963450353946
153	178	0.4217181481957141
153	152	0.4159461266838175
153	115	0.3722392280302337
153	110	0.3609606253903275
153	43	0.3352842660424856
153	10	0.3177478170754677
153	64	0.2964563430189107
182	101	0.41880338450797056
182	11	0.3775249044803492
182	10	0.3527840512736833
182	100	0.3209896055682742
182	73	0.3131372906584162
73	56	0.6396020496038974
73	58	0.5916299021352067
73	64	0.3900932357665821
10	13	0.6625863260726202
10	110	0.656905197116987
10	8	0.5418988697474794
10	11	0.5102295033375082
10	113	0.5015687470918826
10	107	0.4921397002541791
10	159	0.4704904255423447
10	132	0.4584523265636313
10	64	0.4035648154517011
10	15	0.36758678798214894
10	133	0.3619777530583504
10	12	0.36143017583104375
10	4	0.3373595816728444
10	54	0.3351955046206563
10	101	0.3058765710436725
10	168	0.3005371649707734
13	113	0.5231231760335254
13	12	0.515498801258625
13	110	0.5041836467543604
13	11	0.4325261360897572
13	8	0.3879631081182711
13	102	0.35022483545733496
13	0	0.33872360224929426
13	107	0.3344319108717959
13	101	0.29474974641588186
110	102	0.508726426883394
110	113	0.4479877999945384
110	178	0.4297744503149961
110	133	0.4231886918559991
110	159	0.3917113782371333
110	132	0.3455310925361694
110	43	0.3415710442861279
110	118	0.3233555844884133
110	15	0.30948883699138263
110	72	0.30778792201621336
110	107	0.3067374381786842
110	54	0.30354519389958945
110	100	0.2972496770683148
8	107	0.6339183772700139
8	4	0.5420330615962101
8	6	0.3647378978794201
8	113	0.3427188619480802
8	12	0.3183949750616673
100	101	0.478748981705408
100	159	0.4723958902584201
100	132	0.4159378567612223
100	4	0.31583157568405873
159	168	0.5688628217246143
159	64	0.5562524103393408
159	133	0.5005726729183518
159	132	0.4883718531525025
159	54	0.404986968646548
159	82	0.33474272883144546
159	152	0.33056283107877066
12	113	0.5780039330962966
12	11	0.4283956034173137
113	11	0.31760396395129364
113	15	0.2992630813524447
113	132	0.2899576265451711
11	15	0.4018975791800287
11	42	0.3429924214478932
11	86	0.33263662680513223
72	178	0.5988549778439044
72	16	0.4306545589003768
72	0	0.3793412948925811
72	43	0.32989461937856496
72	49	0.3253956827478306
72	102	0.3239822513568817
72	118	0.3091361499423957
72	115	0.3084938603393508
72	58	0.3083038334084865
6	102	0.5213486396722936
6	0	0.4061483340507371
6	16	0.3377583059455703
102	0	0.5458704784383479
102	94	0.3495139864803056
102	16	0.3008828028975995
132	133	0.5288807629464664
132	54	0.3206397451758923
57	94	0.3208729951654314
133	54	0.3769931456152839
133	168	0.3376342713755148
133	117	0.2902140645996883
56	58	0.5027054913439947
56	64	0.3402011598245912
58	64	0.4129147462786018
58	14	0.3115489936880973
58	82	0.29139497261860303
49	46	0.5098373744315041
49	17	0.4669791407093279
49	43	0.4470441194001617
49	14	0.4177555810343721
49	15	0.4094830727941336
49	42	0.39564914167262616
49	16	0.3362247709621444
49	115	0.3215994090284138
15	43	0.6354769599652498
15	16	0.6009481601765064
15	14	0.5313970927220691
15	115	0.4581442411236168
15	17	0.4557548287672397
15	117	0.3960033367320829
15	118	0.3860245717846751
15	46	0.3478449841941667
15	42	0.31030240515428104
43	14	0.5039151104388542
43	16	0.4817801980102336
43	115	0.4484113320676245
43	118	0.4217428124977697
43	17	0.4108139175060204
43	152	0.3927436902748708
43	117	0.3371734689026685
43	46	0.29179756012212416
16	17	0.5580522155596243
16	117	0.5974035135484561
16	14	0.4692748578794379
16	118	0.4426003196230423
16	115	0.4372130508024292
16	46	0.34364519923147696
16	0	0.3252347321455584
14	115	0.5139036730609035
14	46	0.49029604866857596
14	17	0.4635708411289105
14	152	0.38837078478931225
14	86	0.3757914855402895
14	82	0.3201462036040862
107	4	0.5914543811058268
107	54	0.29970913229630985
101	0	0.3491452395826978
86	82	0.4273499397775968
86	42	0.3717825758642799
54	82	0.4612280073929178
54	64	0.4460754124947803
82	168	0.4469160859945517
82	64	0.3567788164091171
82	94	0.3367479693262094
17	119	0.6174355362830096
17	154	0.4782246674955834
17	115	0.3697556310427773
17	118	0.32401805231293984
119	154	0.524393110905217
119	115	0.4374475860356939
154	152	0.5771442668096255
154	115	0.4354967116470703
154	64	0.3243581151003829
117	118	0.5453296916675922
117	115	0.5147641618118497
118	115	0.43903115989054176
115	152	0.4055051495133631
152	151	0.50813322765097
152	168	0.4435807977531002
152	64	0.43046719691566665
151	64	0.3001550522475923
168	64	0.3851817747933941
