51	155	0.8752516927350643
51	15	0.619793677122489
51	157	0.6592805578004965
51	179	0.6267223717264533
51	115	0.6151532749567988
51	21	0.5932005874716808
51	14	0.5731021220926773
51	46	0.5642932574241329
51	173	0.5576044776918989
51	89	0.5488751128550787
51	125	0.5465721206194835
51	50	0.5400810338553588
51	154	0.5386202870406829
51	118	0.5310812673606993
51	168	0.5089339325984771
51	152	0.4966805838177321
51	117	0.4827088005118396
51	48	0.4756289344269379
51	16	0.4686195835998928
51	53	0.4661264027717014
51	156	0.4657427793555195
51	153	0.4529615069710697
51	149	0.4379407245457329
51	171	0.4337284888289493
51	159	0.4305079309385185
51	122	0.4187374139998075
51	18	0.4141168027810632
51	47	0.40343086513326576
51	151	0.3871472992836361
51	20	0.3760920192655007
51	191	0.3699282744279651
51	17	0.3696347654786021
51	83	0.3658211112863336
51	40	0.3646078458252811
51	82	0.3642436244016618
51	120	0.36002097542382155
51	59	0.3590370406207195
51	132	0.3554428436014495
51	52	0.3478625641492018
51	100	0.3450642847127029
51	116	0.34467661639736197
51	164	0.3419508200482808
51	119	0.3377583059455703
51	124	0.3356747455745792
51	180	0.33194275167327314
51	167	0.3109077665271167
51	28	0.3097871980062756
51	67	0.3035815078712633
51	91	0.29139497261860303
51	58	0.2911844880523768
51	133	0.27596578512678266
51	49	0.2755592449193022
51	44	0.2747366236692489
51	56	0.2738766007745104
51	184	0.27185891760660114
51	162	0.2712012649395701
51	73	0.26622831236232913
51	54	0.2629268211330528
51	42	0.2580890503591484
51	186	0.25681919496417
51	41	0.25566995851582464
51	163	0.2554643277210377
51	190	0.25130940563614784
51	57	0.2507753283472561
51	165	0.2495848179249394
51	62	0.2484404669945284
51	178	0.2408441025110154
51	87	0.2381387167958504
155	157	0.7147410517829044
155	21	0.6636340580773648
155	179	0.638371322880336
155	118	0.5886384185965102
155	156	0.5270198922367153
155	125	0.6250922906145134
155	53	0.5651582349327775
155	173	0.5543226932488643
155	115	0.5118844606083486
155	89	0.5102812780980075
155	14	0.5014639597035645
155	154	0.4745294290618645
155	48	0.473761995181579
155	15	0.4716886600975447
155	46	0.4709419127683702
155	50	0.4686429951413284
155	168	0.4553585947394457
155	149	0.43010866191363184
155	132	0.42725185010435696
155	152	0.4269575207377064
155	171	0.4246160251171685
155	117	0.4160618983761484
155	16	0.4140588055907692
155	122	0.41266586503235547
155	20	0.4087337055768053
155	153	0.4035145861091299
155	159	0.3938510555441863
155	40	0.3838524264876347
155	124	0.3779278461788856
155	47	0.3739952255784396
155	52	0.3709204779223687
155	82	0.35975112599736603
155	18	0.35945509289607425
155	27	0.3551108078236557
155	191	0.3506722002206013
155	28	0.3375013641805891
155	17	0.3299569998057426
155	133	0.328271718204288
155	83	0.31616462940282075
155	178	0.3087833778410721
155	120	0.2957629805692372
155	164	0.29085497735137555
155	151	0.29079089781008
155	91	0.28579387639023585
155	180	0.2842503560210486
155	144	0.2837814952071317
155	58	0.2830825488693309
155	59	0.2788733530729381
155	49	0.2787995730548374
155	167	0.27719404462659003
155	192	0.2666742341370561
155	42	0.25977769565550685
155	54	0.25868632124912605
155	41	0.2546135186068266
155	137	0.2523771009708873
155	62	0.2522460135282113
155	116	0.2518152324773233
155	162	0.2469386275528149
155	190	0.2454449984746862
155	87	0.24490926223219855
155	67	0.2364400685925508
155	71	0.23559020148907475
155	130	0.2339461039612971
155	44	0.2304266557921343
15	115	0.7682732687188347
15	117	0.7280427960988589
15	46	0.6925034043268868
15	14	0.6581030185109434
15	120	0.6463359470818208
15	152	0.6339064141685237
15	18	0.6304664849864023
15	16	0.6246778179543198
15	154	0.5704502251793103
15	17	0.5682198991344494
15	48	0.5615128845706258
15	151	0.561088220749545
15	119	0.5470768283338829
15	168	0.5458985588420332
15	47	0.5238346263729713
15	153	0.5145583271493029
15	149	0.5133294386468868
15	118	0.4823865984784456
15	189	0.4667601715489221
15	191	0.4616845010846917
15	186	0.4564675949952575
15	43	0.4538592003444865
15	159	0.452206097555962
15	116	0.4249766262641404
15	75	0.41796192954789096
15	100	0.4169545408194759
15	188	0.4142327870742705
15	67	0.4122177234949767
15	173	0.4119188515983453
15	59	0.4105728315324484
15	82	0.4015872960701724
15	147	0.3980250466586099
15	56	0.3920330239791192
15	187	0.3912795452860528
15	73	0.3820091612642221
15	184	0.38178708127152783
15	77	0.3765727086606284
15	157	0.36756949025591695
15	185	0.367422449315342
15	169	0.36511930180229657
15	44	0.3649286151512308
15	198	0.3635322042770063
15	193	0.3615084164262864
15	162	0.3595247542556105
15	21	0.3590457515134785
15	50	0.3589586397712268
15	194	0.3556874441592135
15	30	0.35213598008064034
15	164	0.3482404740014925
15	89	0.34730867810549065
15	171	0.3455134802491781
15	49	0.3408023196177372
15	148	0.33849341273858724
15	107	0.33619816210665404
15	182	0.3302064926950017
15	125	0.32705773372646496
15	28	0.32222686934640016
15	105	0.3126411354874084
15	135	0.3113051801342342
15	78	0.31003126619668736
15	180	0.30661966490431364
15	86	0.3025098753254785
15	190	0.30194650731383976
15	83	0.3013011009609999
15	165	0.3007736626128408
15	179	0.29145902753982383
15	58	0.2859958944944064
15	181	0.2831009460505805
15	54	0.2814259508543308
15	170	0.27477360405433915
15	87	0.2725996305361844
15	134	0.2720904250496668
15	163	0.2698202976145008
15	183	0.2628616590697884
15	142	0.2613156856817838
15	57	0.25973106927247896
15	143	0.25503429774746234
15	79	0.2548005434717497
15	167	0.2528264732824352
15	62	0.2471264225383883
15	53	0.24587723774860665
15	84	0.2388932048578881
15	45	0.2384499780078633
15	4	0.23677991424457
15	161	0.2347399739126126
15	76	0.2342107619997036
15	104	0.2341067933364732
15	132	0.2332464837475413
15	175	0.2308905861156543
157	53	0.6077526570678676
157	145	0.39628155021264777
157	21	0.5463406634376341
157	125	0.5328236403814489
157	20	0.5268104077162359
157	175	0.4659228693035576
157	42	0.4458030255065643
157	124	0.44371733758838544
157	14	0.4424636114954571
157	69	0.43908766576874575
157	173	0.4372858439652205
157	115	0.4349292989353874
157	153	0.4345643511058773
157	179	0.42983151917256135
157	132	0.4163595350814043
157	47	0.4138267832114346
157	50	0.41135407394385903
157	180	0.4096245579579142
157	168	0.40850045659640016
157	172	0.4079421085201366
157	159	0.402727342316438
157	167	0.4001856822148571
157	48	0.3921176516719629
157	27	0.38838776802006464
157	49	0.3847217962632187
157	118	0.3795552996384106
157	16	0.3708687316908631
157	152	0.3694620786866661
157	146	0.3671715723751228
157	46	0.365647863630206
157	154	0.36265535984654407
157	82	0.3586275581221331
157	68	0.3491276775080323
157	130	0.3479680387421917
157	140	0.34376866040769904
157	18	0.3430100684508116
157	166	0.3371291524529954
157	37	0.3329300810305716
157	59	0.3298678840277743
157	117	0.3268523206333145
157	89	0.3201821034006724
157	17	0.3185297623192969
157	156	0.3137955599447185
157	171	0.3102391439110614
157	144	0.3099589539541988
157	40	0.3021282619967223
157	73	0.2935713708819146
157	54	0.2878129117638579
157	28	0.2872441688367172
157	163	0.2858489747569762
157	61	0.273895100505326
157	100	0.2722385732869433
157	25	0.2706360370793897
157	151	0.2705062863051437
157	150	0.2692453393598825
157	67	0.2656800440403009
157	57	0.2560624621515336
157	149	0.25384651763787136
157	4	0.24865625844702025
157	30	0.24832787035811846
157	191	0.2480275798597912
157	74	0.24684472310284214
157	178	0.2468071600246652
157	128	0.24539801006043566
157	83	0.24439218193427265
157	190	0.24123970000095885
157	31	0.2388177690134263
157	119	0.23815758250502606
157	58	0.23520292022715594
157	122	0.2314111991960803
21	132	0.612848169041233
21	125	0.652166839370294
21	25	0.5431902002013165
21	53	0.5358173938912181
21	28	0.5262394182729929
21	122	0.4744441942127943
21	118	0.4743976987268847
21	156	0.4415785325279262
21	27	0.4204347449776696
21	16	0.4144647153034437
21	131	0.4058309685432894
21	58	0.3949825986869448
21	52	0.3942311847528181
21	23	0.3867561758513458
21	124	0.3778592704622514
21	73	0.3761435313906237
21	117	0.37410703672588297
21	20	0.3647812454021525
21	171	0.3621862882434328
21	115	0.35735466858554393
21	173	0.3558533953661248
21	133	0.3383074608591867
21	167	0.3295113621331047
21	48	0.3280040205453396
21	63	0.313308650018211
21	68	0.3007008980458325
21	168	0.29898992435445604
21	130	0.2879779926808475
21	153	0.28258574626801714
21	140	0.28223605352145603
21	34	0.28160089339038075
21	74	0.28054174478414795
21	149	0.27974923893157605
21	179	0.2743112908438742
21	144	0.27218301921001936
21	14	0.27104376120093904
21	159	0.270478481289037
21	54	0.2681319718347987
21	180	0.2679370587609615
21	67	0.2644434870546076
21	77	0.26211677958993845
21	47	0.25905018626219395
21	50	0.25548302238506404
21	141	0.2554175902252254
21	165	0.2482997201503483
21	100	0.2481401943858252
21	128	0.2427930559067393
21	138	0.24191768057674895
21	76	0.2415693033503057
21	40	0.23758209758298954
21	56	0.236147377359578
21	84	0.2355996464393927
21	46	0.2347116267986557
21	137	0.2328587522981924
21	75	0.2324520275735775
179	89	0.7015468350190716
179	91	0.4660716101516061
179	50	0.479550213872906
179	173	0.45139430355909294
179	156	0.4337934369430611
179	171	0.42106843036786457
179	87	0.4100405765782831
179	178	0.40100841368238205
179	191	0.3984121007536135
179	180	0.3962056810229858
179	47	0.3859905318578842
179	192	0.34654338934659346
179	196	0.3451435660078934
179	72	0.3426041261452341
179	168	0.33777602421241343
179	177	0.3371114254547807
179	115	0.3359054292773085
179	46	0.33418320410600394
179	98	0.33166688095141184
179	154	0.3224956943049494
179	60	0.2981337152449887
179	82	0.29541618239076245
179	165	0.2937998080740502
179	42	0.29044299193461304
179	118	0.2851876697054087
179	149	0.28345964943137497
179	151	0.2773602057572901
179	83	0.27655694008408466
179	122	0.2711271473417537
179	159	0.2683268629596529
179	97	0.26633051284239084
179	41	0.2555110640228889
179	153	0.25463222195070445
179	164	0.25146866223980624
179	59	0.250719100797213
179	152	0.249040868941494
179	45	0.24194592464683304
179	61	0.2414186344446055
179	117	0.22886367209001854
118	18	0.5619646212571979
118	14	0.5611156273347713
118	149	0.5503756224569833
118	125	0.5376114749133857
118	117	0.5271282211771549
118	16	0.5086448906044753
118	152	0.5043924409512274
118	115	0.4880138693305947
118	154	0.4810503707455171
118	17	0.4688224617547506
118	120	0.4561746397166809
118	48	0.4549383896348634
118	44	0.4475000895492057
118	46	0.440692593312771
118	132	0.4310861647722309
118	173	0.4146137836007531
118	128	0.4062485343904018
118	124	0.39445919755574427
118	133	0.3840485203541987
118	159	0.3805135421944305
118	126	0.37630663778021306
118	168	0.37306591279958656
118	53	0.37167915792494377
118	162	0.3586885536300255
118	151	0.35757272351047475
118	119	0.3482668355832475
118	191	0.34714158551168545
118	190	0.346939286037634
118	153	0.346772144726904
118	82	0.3449761886091732
118	54	0.34279828843832955
118	43	0.33849341273858724
118	67	0.3326544137442883
118	20	0.32828064055178835
118	107	0.3231406619335665
118	28	0.3223075222932337
118	47	0.32178767681304016
118	171	0.3183410565532978
118	25	0.3116212268655719
118	4	0.3097871980062756
118	58	0.30825858527370026
118	84	0.30790560196424777
118	23	0.3072356057640062
118	100	0.3052600640318273
118	116	0.3030911948751816
118	59	0.30184653287994123
118	40	0.3002278430551235
118	86	0.2965019480247122
118	50	0.2888856316070604
118	49	0.2876294684612692
118	143	0.2873083919003961
118	175	0.285894888618898
118	192	0.285894888618898
118	10	0.2794634746459759
118	129	0.2783937241436584
118	79	0.2772032762356165
118	189	0.27499546929099233
118	69	0.27445924487945217
118	193	0.2736360858353998
118	127	0.2721274633185606
118	134	0.2713031713852004
118	164	0.2680484403471414
118	87	0.2615485989890605
118	131	0.26137158765197804
118	181	0.2606820075817929
118	141	0.25862100436936797
118	73	0.25826638576902833
118	83	0.2577623343451206
118	33	0.2572394661211307
118	122	0.25638014136700904
118	22	0.2559970507380985
118	130	0.25495014964060314
118	184	0.25202127065913
118	137	0.24822465087941634
118	172	0.24249189602852916
118	136	0.2398641835332767
118	104	0.2364400685925508
118	75	0.23608127985794164
118	35	0.2301709759309732
118	169	0.22783998832811475
156	52	0.6592862112546852
156	122	0.5827125021383947
156	177	0.4594074802194261
156	91	0.4265976619561739
156	164	0.3872238071448256
156	60	0.3856585874944018
156	97	0.3777135332988785
156	149	0.3768644569138114
156	137	0.3607605760773812
156	40	0.3595160468047945
156	125	0.35608918216337315
156	50	0.3349913307695336
156	41	0.33014412379642777
156	28	0.3288515488916858
156	173	0.3233376755492769
156	132	0.32149181601829496
156	53	0.31605662051425465
156	38	0.3092627653394849
156	165	0.3040625847039041
156	98	0.3009555587092801
156	27	0.2938911735567071
156	62	0.28313773978808104
156	144	0.2819415172310766
156	89	0.27618749273094023
156	71	0.26802059562222885
156	70	0.2526486097734033
156	47	0.2514967649331468
156	171	0.2506160125619735
156	58	0.2441476955646704
156	67	0.2380632521622023
156	20	0.23193167977011755
14	152	0.8614912896721827
14	49	0.6433977027114219
14	46	0.7731854149902493
14	115	0.7618879813039355
14	154	0.7618879813039355
14	120	0.6825432023546497
14	18	0.6617383995276688
14	17	0.6528387001542371
14	117	0.6207227491632452
14	119	0.6123671409587605
14	173	0.5737196259781352
14	189	0.5679083396933939
14	107	0.5660899297217504
14	48	0.5625595805410859
14	149	0.5587747985040561
14	190	0.5528871044877771
14	151	0.5409587530678373
14	44	0.5324583306700319
14	59	0.5292264120390066
14	168	0.5274170146046617
14	16	0.5184370981617248
14	75	0.5045937223663217
14	83	0.4990197521342994
14	10	0.4978999612166807
14	4	0.4713775975010808
14	82	0.4681277891902314
14	186	0.4663377122400903
14	47	0.4587129282111476
14	30	0.4547956323550726
14	193	0.4525799076133257
14	124	0.452086763015486
14	116	0.449760495465304
14	191	0.4469881070385817
14	84	0.4427932843115381
14	31	0.4360718769638171
14	8	0.4338177913237327
14	50	0.4325749100924327
14	153	0.43117571864431137
14	2	0.4291627828289983
14	159	0.42056645365659545
14	134	0.41968531494694544
14	147	0.4187951384361847
14	67	0.4185477241692329
14	86	0.4061984354416061
14	194	0.40233349677438224
14	184	0.401998191727535
14	79	0.3952188893972541
14	73	0.39113556265610705
14	128	0.3908560123027303
14	167	0.388820751238421
14	175	0.3866201002863461
14	187	0.3804109123753741
14	53	0.3800858561377996
14	181	0.3761091902322021
14	185	0.3672407851448535
14	43	0.3598381807780046
14	146	0.3574680620103972
14	37	0.3510755684688126
14	164	0.3508212862628676
14	20	0.3504529237496308
14	169	0.3475636716533282
14	171	0.3462881904798811
14	135	0.346076952650745
14	45	0.3412883480453595
14	100	0.33843143171540946
14	125	0.3361183323197714
14	182	0.3330456665102245
14	104	0.3316846807749388
14	33	0.32825387333355044
14	172	0.32286300429358644
14	162	0.317334199939326
14	126	0.31243360179815505
14	69	0.3114857867040382
14	36	0.30985951876515383
14	54	0.3097239144016309
14	39	0.2973134907244733
14	148	0.2906993510829145
14	105	0.29058948798451256
14	77	0.2880330158505976
14	188	0.2872900427172022
14	143	0.280108678439404
14	140	0.278624332322476
14	64	0.27596578512678266
14	136	0.2733030086533813
14	40	0.2730439033018274
14	110	0.2706267694929542
14	76	0.2664884472600491
14	121	0.26275925669695804
14	141	0.2589755532755782
14	56	0.2560811506961319
14	19	0.253968136676665
14	114	0.25381845056577346
14	195	0.2527796687520826
14	89	0.2524239156700457
14	42	0.24743624367601885
14	150	0.24512545452471535
14	166	0.24139038272871094
14	133	0.22927110917888802
152	115	0.8246244836851256
152	46	0.8227919214029251
152	120	0.7070549838829598
152	59	0.668175616653747
152	151	0.6317841648355624
152	154	0.774389172138708
152	18	0.6428699618048227
152	117	0.6402161864540334
152	17	0.6172746293825103
152	168	0.6151470590540787
152	119	0.6025238056082889
152	107	0.5988678051445789
152	189	0.5662462040760045
152	82	0.5650833646999476
152	190	0.5642523616523721
152	83	0.5543781088994338
152	8	0.5525815311967186
152	49	0.5394148821339493
152	48	0.5351397944445879
152	173	0.5349256724553321
152	186	0.5347186225295684
152	191	0.5262538795622824
152	16	0.5128358187151179
152	10	0.5043998967962754
152	75	0.5017932419428497
152	149	0.4906377976474267
152	193	0.480789007223848
152	116	0.468549345025989
152	47	0.4621722068204733
152	2	0.4572825979786807
152	44	0.4499439510487674
152	50	0.4482355507285445
152	31	0.444046554796364
152	184	0.44062006933305853
152	4	0.4361285641256156
152	187	0.4266303819752176
152	153	0.42414048134075416
152	30	0.4208298178382999
152	169	0.4168306107327901
152	159	0.4164421961132125
152	84	0.4132464920327455
152	73	0.3996480396792423
152	185	0.39879901300415055
152	147	0.3970146732842189
152	64	0.3888886545999698
152	67	0.3806332651379691
152	194	0.3775249044803492
152	167	0.3742876317595
152	86	0.3741930379007391
152	43	0.3598991153968988
152	20	0.35842712274974065
152	171	0.3529066212970209
152	89	0.33867048519056114
152	188	0.3343608565471615
152	172	0.3321562900196785
152	87	0.3266468766535594
152	124	0.32275550899169664
152	37	0.31915859915767464
152	164	0.3190598005327616
152	175	0.3169294576167876
152	77	0.31550744869533914
152	105	0.3151021864118052
152	100	0.3148139299600902
152	134	0.31092583314198763
152	45	0.30382660410788376
152	54	0.3007008980458325
152	110	0.29707645518766945
152	135	0.2956534737720771
152	182	0.2941652377784001
152	128	0.2923097947090369
152	6	0.2910838115527541
152	79	0.2874093086382981
152	148	0.2781815362659899
152	76	0.27779399269583194
152	1	0.2769817034964307
152	95	0.2760304528794317
152	181	0.2745239706844277
152	33	0.2734880596290085
152	104	0.2728865700057626
152	53	0.26693430247007033
152	195	0.2643876819907081
152	56	0.2633363563025615
152	162	0.26263822807896664
152	114	0.2562026215693691
152	146	0.2464408811590928
152	102	0.2446084324410989
152	121	0.2398076348090963
152	36	0.2395342930409172
152	69	0.2380632521622023
152	88	0.2322155223207541
152	125	0.2304645315852624
152	198	0.2298963214222655
152	170	0.2291953130081403
152	32	0.22781154546551904
49	146	0.6235545372873991
49	154	0.5900156012082922
49	18	0.5738537797411709
49	44	0.5721611922182331
49	120	0.5453577956756347
49	17	0.5261815700717839
49	149	0.5035494460937421
49	46	0.4967559109158961
49	47	0.4961983132070297
49	86	0.4934722700389499
49	48	0.4816803663388916
49	189	0.4810811137755751
49	119	0.4789493646055384
49	45	0.4586813443336674
49	10	0.4559528780816446
49	151	0.4445361439422866
49	4	0.432916257213724
49	124	0.43085817113722497
49	33	0.429627686057052
49	168	0.4177390712909433
49	107	0.4106559711136867
49	42	0.40414227801340624
49	40	0.4030875385138021
49	115	0.3997068577347965
49	84	0.3832127494653816
49	82	0.3800687453128908
49	171	0.377121819763152
49	59	0.3731003451587349
49	83	0.3680623757576289
49	153	0.3611084665794552
49	136	0.3607344802407562
49	117	0.3562900018262985
49	31	0.339812025805636
49	67	0.3392192573189586
49	175	0.338776717149031
49	140	0.3371911950641677
49	53	0.33707597074123896
49	37	0.3327789156909601
49	190	0.332770023079435
49	54	0.33156897770115873
49	159	0.3314799685488854
49	39	0.3306608076193792
49	173	0.3277808989131633
49	8	0.3221462117214927
49	172	0.3167855214041725
49	128	0.3047975157516096
49	43	0.3015283882474272
49	35	0.2999821600702493
49	50	0.29235552178987106
49	150	0.2903514249885769
49	191	0.2868037125636809
49	143	0.2854999865275821
49	69	0.2777755359833388
49	144	0.27636299040856144
49	162	0.27472737844597306
49	2	0.27103449582303096
49	134	0.26265684840437903
49	194	0.25958185670946543
49	147	0.2584530358202492
49	141	0.2579116975564513
49	121	0.2558381846891559
49	79	0.2525362661263291
49	137	0.2494535342998886
49	169	0.24821526701089655
49	164	0.2469198470337803
115	117	0.7414445339670029
115	173	0.6159110413539572
115	191	0.5668369606557045
115	116	0.4795194120183861
115	46	0.7993466295180518
115	154	0.7105976111519718
115	119	0.6612209505437214
115	120	0.6608606145184929
115	168	0.6250983831727114
115	82	0.5808801133338353
115	151	0.5738202441869997
115	17	0.5710772578287361
115	59	0.560807232321478
115	16	0.5564043200631752
115	186	0.5440285417483075
115	18	0.5369499386211711
115	48	0.5167899278500697
115	47	0.5137196736715428
115	107	0.5135061751627003
115	189	0.5122090961615595
115	153	0.5005651786108465
115	190	0.4901365141901265
115	75	0.4868855283525405
115	187	0.4774529975538066
115	50	0.4736301411361584
115	83	0.4628560969232607
115	159	0.4598412901850502
115	8	0.4516013024880186
115	149	0.4505339418248934
115	30	0.43865167334236416
115	73	0.43842552185313743
115	89	0.4351238793819371
115	77	0.4276441484324986
115	31	0.4239272305674622
115	188	0.4123837251166885
115	167	0.4123505269825611
115	10	0.4100572137763535
115	169	0.4079837868317897
115	194	0.4062151353625552
115	193	0.4024256867472989
115	171	0.39833638393701576
115	184	0.3956154026684241
115	147	0.3946365072731409
115	185	0.3883792764376682
115	87	0.3794697026123639
115	2	0.37437361941767294
115	4	0.3742360360747417
115	100	0.37016130247669343
115	20	0.3659943335932561
115	124	0.35729360622332035
115	84	0.35566997430609826
115	67	0.3533267694136779
115	76	0.33743047484038624
115	182	0.32825387333355044
115	54	0.325896297356517
115	175	0.3250469326242531
115	86	0.324340219148028
115	43	0.3237047624910659
115	125	0.3206576888638969
115	164	0.3191316547660391
115	172	0.3172532607174146
115	19	0.3115399642877213
115	44	0.3075796959624443
115	121	0.2978785813931417
115	198	0.29463103593155715
115	105	0.292584137138088
115	56	0.2877487090095285
115	37	0.2877120205600473
115	134	0.2862529716787757
115	53	0.2858306088447085
115	28	0.2840297325579086
115	181	0.28126940746261386
115	170	0.28050489251744626
115	180	0.2791223363257887
115	132	0.2757070891360724
115	79	0.2742743003053885
115	148	0.2706082341696009
115	88	0.2695142953666464
115	64	0.267686424007594
115	6	0.25937666919779884
115	135	0.2584810316640207
115	74	0.2557260356278621
115	158	0.2545480554032563
115	166	0.2541645812357051
115	58	0.24721092422654165
115	42	0.2422377560217465
115	128	0.2385820134243811
115	162	0.2331802909414553
115	183	0.2310325846272578
46	154	0.7778880665771849
46	168	0.6544252575438889
46	120	0.6513730692780411
46	59	0.6363763115311056
46	117	0.6018354356671388
46	151	0.5955094517557843
46	47	0.5801839817936173
46	18	0.5679760838576913
46	153	0.5625595805410859
46	119	0.5597506579713573
46	82	0.5514551849818621
46	189	0.5340113130964629
46	17	0.5332746312836537
46	191	0.5232829529140833
46	16	0.5223891829104822
46	173	0.5127252602977432
46	48	0.5100297660456002
46	190	0.4916848869004719
46	83	0.4911994567903381
46	149	0.4878005242941403
46	186	0.47577593879263796
46	50	0.4728463352219303
46	147	0.4516649846882529
46	107	0.4148539023916493
46	89	0.4110050827827698
46	159	0.4003284472423109
46	171	0.3979913830801807
46	187	0.39687145913035454
46	10	0.3958937175130069
46	169	0.39571661647730977
46	184	0.3910508580461282
46	75	0.38436390301616136
46	8	0.3811462189185335
46	164	0.3795381807529713
46	44	0.37897311178018295
46	116	0.3649892914985632
46	77	0.3633846616230244
46	67	0.35793896802004843
46	31	0.3526264434527408
46	73	0.3509615862944492
46	188	0.35037397481239296
46	43	0.3420921034590255
46	185	0.3270488033648697
46	182	0.32531520980288003
46	84	0.3220296980062948
46	4	0.3189789601356854
46	64	0.31576855676182003
46	2	0.3081499840595982
46	45	0.30520565405774264
46	86	0.30312751986387443
46	193	0.30047348621235603
46	30	0.29917203446723706
46	198	0.2958907286750656
46	56	0.29428398392237753
46	194	0.2941743724196577
46	100	0.2844525677541821
46	167	0.28314693809223995
46	148	0.2799427930342387
46	105	0.2783844991486333
46	76	0.26812269075745665
46	54	0.26706432206122743
46	135	0.2664884472600491
46	87	0.2660053087212717
46	175	0.2578463526678948
46	20	0.2534161089147398
46	163	0.25012860944796306
46	180	0.24547319096966824
46	181	0.2280769970580901
120	18	0.7046565459604861
120	17	0.6938126231946451
120	154	0.6725584025693971
120	119	0.6708515992688767
120	117	0.6553789993845888
120	149	0.5732699865277272
120	48	0.5643273351185951
120	44	0.5583413504190144
120	43	0.5092673000415853
120	151	0.504765141059366
120	107	0.4821717245739289
120	189	0.4676747695434675
120	168	0.456071686001077
120	86	0.451354490501421
120	8	0.4415704824083828
120	16	0.4306219768730943
120	47	0.4144564330791194
120	191	0.4064989924969081
120	10	0.4062318350121559
120	121	0.4058226154971407
120	33	0.4037322290249691
120	4	0.3970820614916824
120	83	0.38926204755453103
120	147	0.38525841928623467
120	105	0.3844065154166952
120	136	0.3829567756487377
120	146	0.3814453336499939
120	173	0.3699886935783382
120	153	0.36691198827840815
120	59	0.36189085270241145
120	82	0.3586624130730989
120	159	0.3520045731029274
120	190	0.3513911571090939
120	19	0.3495403214033628
120	128	0.34561034481515224
120	84	0.3391573107274339
120	186	0.33790890358251713
120	124	0.3374747811265673
120	2	0.32082814241981833
120	171	0.3188442158261573
120	193	0.3183500431144067
120	143	0.3087110038273497
120	184	0.3000003601751256
120	45	0.2925567050616297
120	75	0.29195307761735384
120	187	0.2898660314321254
120	6	0.28908725870963664
120	67	0.28755608522974146
120	194	0.28048646607396915
120	34	0.27896557346614426
120	64	0.2782553438259109
120	162	0.2761135934607848
120	22	0.2751710918362074
120	87	0.2742095649100528
120	169	0.269959371535762
120	30	0.268837187976582
120	78	0.2655685107912734
120	54	0.264192350326231
120	50	0.2604396594899092
120	188	0.25420199686992184
120	31	0.251927619771327
120	104	0.2496692096967296
120	135	0.24841231846470904
120	42	0.24702313759267544
120	73	0.2470043579085077
120	172	0.2421153804556757
120	182	0.23782740665858634
120	123	0.23470217767195534
120	167	0.23086218523282065
120	185	0.23004785947590925
120	175	0.22771673311592505
59	186	0.6021542367618621
59	168	0.6329064248467524
59	151	0.6157806872419817
59	189	0.5674745948277934
59	154	0.5521785029546523
59	82	0.552108989226398
59	172	0.5430209914880246
59	153	0.5270560037867692
59	159	0.519759369521669
59	107	0.5093117374927261
59	8	0.5002503499497829
59	169	0.4837742041542141
59	31	0.4701477535717826
59	187	0.4583812396989445
59	75	0.4549066678151559
59	84	0.4537639137361879
59	18	0.453303215519734
59	47	0.4345075686109424
59	83	0.4344021062419242
59	73	0.4306545589003768
59	117	0.4249356556502404
59	185	0.4235498255741809
59	10	0.4216441515450847
59	190	0.42129875959176855
59	86	0.4112709917439309
59	17	0.4033722564306483
59	2	0.4018975791800287
59	184	0.4006307090361735
59	167	0.3999000938851041
59	54	0.3964669854483038
59	77	0.3828373010688964
59	119	0.3708342329237468
59	68	0.3675521922753584
59	20	0.3669033344907281
59	188	0.3656738523943108
59	6	0.3637925291791869
59	175	0.3629592896380059
59	48	0.3609171392341785
59	166	0.3605430935154415
59	193	0.3580174346646379
59	42	0.3577471393843576
59	76	0.3518819140697409
59	191	0.34401554710738635
59	16	0.3315511763428529
59	173	0.3310081215507781
59	69	0.3303935820900018
59	74	0.3298589721265862
59	64	0.3270488033648697
59	150	0.32475176729168903
59	100	0.3212586693521341
59	4	0.3156605178422761
59	37	0.3090004784261479
59	134	0.30202829963850225
59	146	0.30200103602429235
59	140	0.2980152655374368
59	161	0.2952610106219536
59	147	0.2948501866435249
59	135	0.2943113855885573
59	32	0.29062610986879456
59	33	0.2835883954091335
59	171	0.280873377955116
59	195	0.2778955009483389
59	1	0.2730624121412877
59	121	0.2722848669647192
59	110	0.2722200554629362
59	44	0.2682433408803535
59	149	0.26268477852568906
59	30	0.25296687977277155
59	61	0.2508784077941804
59	158	0.249247212934817
59	180	0.24635634526405356
59	67	0.2386951796186521
59	114	0.23345450420689665
59	50	0.23209252873485925
59	198	0.2305402810764696
59	53	0.2289394804154429
59	89	0.22748916586181495
151	18	0.5576802715397751
151	168	0.5563145597208455
151	186	0.5143377241836047
151	154	0.5097855679730736
151	184	0.4949459960287989
151	107	0.481718764615309
151	48	0.4749632139637808
151	189	0.4687990552605724
151	17	0.4686351913673258
151	117	0.4681668310950182
151	159	0.4549701103000741
151	75	0.4343615406203638
151	172	0.43144432928937787
151	153	0.4311187307994047
151	47	0.4228849071108008
151	82	0.41570627100038704
151	44	0.4124252212442005
151	169	0.4103150554470878
151	171	0.4070414421620199
151	4	0.3969978255634613
151	8	0.3927014018247925
151	83	0.3887528436523831
151	190	0.3859905318578842
151	149	0.38243611417903534
151	42	0.3701526726386479
151	105	0.3634020205286169
151	193	0.3630547944854871
151	67	0.3619864427479583
151	86	0.35394797720961146
151	187	0.3469128967690234
151	54	0.3446942402364713
151	146	0.34331003044825825
151	16	0.3415887107498726
151	73	0.3379974823463545
151	64	0.3343608565471615
151	119	0.3333034749723853
151	100	0.3259856736038172
151	180	0.3149760813638959
151	147	0.3130921927005012
151	173	0.3101306896731418
151	2	0.30584937760844705
151	68	0.3058131189185498
151	6	0.30356335099566234
151	185	0.30299129661493857
151	10	0.3010283110176426
151	188	0.2986985028740925
151	182	0.29420177602096464
151	198	0.2934799866144189
151	43	0.2928310041512864
151	191	0.2903422680014896
151	175	0.2849028574569555
151	33	0.28054174478414795
151	1	0.2786612266505275
151	79	0.2767785692716217
151	166	0.2709047752593634
151	69	0.2707750448555852
151	84	0.2691433105743131
151	114	0.2638574456234346
151	134	0.2629826724211014
151	194	0.26085908733825125
151	181	0.2574822451208897
151	45	0.25279839070621085
151	104	0.2505504079981745
151	136	0.2500817370778593
151	77	0.2485249100662759
151	89	0.24656298194259585
151	140	0.24552017753855765
151	163	0.24501266158606105
151	30	0.2387894798285599
151	31	0.237138577359542
151	135	0.23696869235672194
151	32	0.2366760786605657
151	50	0.2331708346498863
151	164	0.23293441303268814
19	121	0.831630366815777
19	119	0.558926089462751
19	17	0.5508564295949566
19	124	0.5295790810646696
19	150	0.5144848003933713
19	33	0.4988545185537693
19	104	0.4711208825342143
19	187	0.4605900815393142
19	128	0.4426083606370232
19	110	0.4332168649492239
19	134	0.4315663997570793
19	18	0.4244684676191936
19	1	0.4054383020990507
19	2	0.4021658577357826
19	22	0.38807353554969504
19	10	0.3862628218351382
19	73	0.3773791243847942
19	193	0.3770703518506498
19	186	0.3769588300511066
19	24	0.3769159341406203
19	114	0.3744166108325488
19	135	0.3675954367498899
19	34	0.3659770125035143
19	185	0.3656565266149279
19	107	0.3587059803554377
19	32	0.3568486311263881
19	188	0.3545076716782851
19	8	0.33966164739620797
19	189	0.3379620515592757
19	26	0.3374836422043841
19	84	0.3329300810305716
19	75	0.33271666616745976
19	102	0.3294489611355224
19	182	0.31642561704499994
19	20	0.3159846100366469
19	7	0.31511119348954464
19	77	0.31166637077269266
19	39	0.3038356809742519
19	6	0.3011919908989386
19	48	0.2982339347495768
19	76	0.2972679098125085
19	136	0.2947132210817885
19	172	0.29411042880231913
19	30	0.2925292725036409
19	16	0.29080005218999705
19	148	0.2903788956307846
19	44	0.28767533126609984
19	131	0.284149240668967
19	13	0.2790209032325011
19	140	0.2729235909184389
19	86	0.2720533859745436
19	141	0.2716088542207403
19	100	0.2705896986456141
19	143	0.2704414072323009
19	147	0.2685124531363352
19	158	0.26798346862580386
19	117	0.2629268211330528
19	36	0.2602066015244391
19	167	0.25379038306623586
19	35	0.244081867006553
19	159	0.2435645643902015
19	67	0.2434328652178304
19	54	0.2422659954426052
19	111	0.2422565823479262
19	181	0.23653447596946384
19	139	0.23223444375189845
19	37	0.2313354818859442
19	74	0.2285604110363584
19	4	0.22784946919591034
121	150	0.6107834242970125
121	124	0.6081056934344244
121	33	0.601924719318959
121	119	0.5343114751623826
121	136	0.5059788372034878
121	17	0.4914801333109628
121	34	0.4880443424342602
121	18	0.4230162851572869
121	24	0.4200559838243852
121	22	0.4047863126140076
121	42	0.4013524259262501
121	128	0.4007398377064672
121	2	0.39844575092924894
121	134	0.3898134167571786
121	1	0.3888037747379388
121	187	0.3705064435991905
121	104	0.3680537304249335
121	158	0.3655872209633472
121	172	0.3587931102317123
121	44	0.35751167206013296
121	107	0.34539899445094724
121	73	0.34489689691891384
121	138	0.34465899231527003
121	84	0.3431600581990078
121	86	0.32687018386774924
121	48	0.3259588613413947
121	30	0.3184399055783401
121	39	0.3110974547752127
121	159	0.3098866381254088
121	10	0.3091180611337441
121	146	0.3063206598147292
121	8	0.30577685934157106
121	123	0.30237359597632363
121	35	0.30131928520435003
121	167	0.2989170742100839
121	32	0.2957629805692372
121	140	0.29107465882396577
121	185	0.2887848084434634
121	75	0.2853989494815752
121	110	0.2837723005004093
121	188	0.28222685006738
121	54	0.2794726936218753
121	26	0.2784951956986337
121	20	0.2781999884639838
121	31	0.2701077046375057
121	76	0.264852670060206
121	186	0.26481547554365664
121	69	0.26387605311020546
121	189	0.2619118829230876
121	37	0.26176285233260466
121	135	0.2612690993675151
121	149	0.2611852409346816
121	193	0.2529855998332128
121	77	0.2485249100662759
121	117	0.24720153533574216
121	102	0.2469949679968428
121	114	0.24407246274317726
121	68	0.2431035780214661
121	143	0.23971338331935904
121	74	0.2382330435444072
121	6	0.23200737498114016
150	124	0.568341769374617
150	32	0.4985690296645493
150	33	0.4954215156217205
150	2	0.4771672927999288
150	172	0.4562142340484554
150	114	0.4544307020061133
150	10	0.4333062162372017
150	140	0.4281751290752241
150	134	0.426090358894726
150	26	0.42602488090241786
150	34	0.424591433766983
150	1	0.4126160813867444
150	107	0.4092083688912065
150	69	0.3950923115898928
150	110	0.3902204024147122
150	36	0.3843042429037711
150	139	0.3836392417055322
150	138	0.3796665660583422
150	42	0.3791786241354908
150	84	0.3748034611176984
150	22	0.3733929787107183
150	30	0.3693757257192981
150	8	0.3658904032514717
150	39	0.3651106348916977
150	102	0.363714437672964
150	20	0.3633065434255167
150	141	0.3561328414107249
150	104	0.3540791783672841
150	31	0.34895204327366003
150	73	0.34780103323644884
150	86	0.3418095211768572
150	76	0.33431644566385504
150	128	0.3269952199686579
150	37	0.3235615206371185
150	146	0.3233108117062751
150	77	0.3194818916022356
150	187	0.31808042139725506
150	24	0.31762194639150704
150	75	0.3098323989007025
150	167	0.309099972101428
150	123	0.3064475178450794
150	166	0.29839791611856964
150	136	0.292291503502427
150	53	0.2919439299566425
150	119	0.289316349287285
150	127	0.2880146750053091
150	175	0.2841216626576163
150	188	0.282944563370594
150	18	0.2798598440616391
150	68	0.2767508672329024
150	17	0.2720811653564664
150	74	0.2656056893309587
150	4	0.2647782802391243
150	193	0.26350386607411896
150	143	0.26255443419401625
150	186	0.2602625382025377
150	25	0.2572021126225161
150	158	0.2496129489368586
150	185	0.2479431145657777
150	100	0.2459148191543284
150	189	0.24298125707184345
150	35	0.239411748193708
124	128	0.7107015563565242
124	20	0.6123858908088414
124	126	0.5586028318038347
124	10	0.5476371485389077
124	17	0.5208605782144442
124	33	0.5036987186495969
124	119	0.4916773044034704
124	140	0.4869007870535991
124	34	0.4764409945498231
124	141	0.4736766802829264
124	53	0.4658837225976298
124	127	0.4568554105158749
124	134	0.4567683649971051
124	37	0.4516092630147045
124	26	0.4305649556244529
124	173	0.429366715771101
124	125	0.4275297447163512
124	18	0.4261149119910452
124	129	0.4243372864679513
124	138	0.4218579043215517
124	39	0.4193392309845298
124	130	0.4132879525428815
124	24	0.4124916114885285
124	149	0.4123754256858308
124	144	0.4115285243149402
124	143	0.40884198160143786
124	69	0.40224968062671984
124	136	0.39301429702232415
124	107	0.3867816881451403
124	167	0.3811034817261229
124	86	0.379478262607329
124	123	0.3776878130328365
124	40	0.3717050132747461
124	84	0.3665138483359096
124	44	0.36493728339065606
124	2	0.3646165164048549
124	36	0.3631502917051044
124	172	0.36019503986758145
124	73	0.3563423841525136
124	146	0.3510755684688126
124	42	0.34997038027693395
124	4	0.33887408885698983
124	133	0.3367125048163181
124	48	0.33325902879204045
124	159	0.331462166010255
124	68	0.3255923745469944
124	35	0.32542250601546674
124	32	0.325288384440659
124	54	0.3217697476438338
124	132	0.3201192781532423
124	22	0.3139758550964628
124	104	0.31259602200620945
124	114	0.31104326066128074
124	154	0.3105554226411867
124	131	0.3069548410845283
124	110	0.30524192759523705
124	63	0.29782390431493466
124	30	0.29688497667314256
124	8	0.2968120261958161
124	117	0.2968120261958161
124	31	0.29603671355079786
124	67	0.29273957647400456
124	25	0.28884896937975824
124	137	0.28167454780587897
124	175	0.2792329835057294
124	62	0.2717107363257344
124	50	0.26703646153858285
124	145	0.26565216139464737
124	185	0.2655778055002501
124	1	0.264666689598569
124	189	0.26203296108139623
124	190	0.2608870456955437
124	158	0.2572207894679043
124	27	0.2554269378198957
124	187	0.2499129868409779
124	193	0.249040868941494
124	162	0.2328682100441837
124	57	0.2279727165450968
33	34	0.73348070686728
33	35	0.6190170927624147
33	136	0.5708009061248779
33	24	0.6657551402832571
33	22	0.6538302561135036
33	18	0.6104510366166257
33	44	0.5688966405171765
33	123	0.5113455380835901
33	39	0.5032881467680475
33	17	0.4627775168630424
33	143	0.450613640150674
33	138	0.4478359187516861
33	62	0.4392006671046062
33	42	0.4313629401990906
33	128	0.4111380460093736
33	189	0.4103316881416981
33	134	0.3901864927639392
33	149	0.3865180325636974
33	140	0.3853180279951301
33	26	0.38153932464616586
33	25	0.3775506284373934
33	135	0.3760319188478557
33	86	0.3742618342067753
33	119	0.3729712185132576
33	23	0.3708601070950389
33	37	0.36952252196743135
33	104	0.36928073008682505
33	137	0.36608959505396027
33	147	0.3576250508926053
33	141	0.3518293422127459
33	10	0.3475285031846498
33	84	0.3313375416313614
33	7	0.3291993283675325
33	187	0.3231137942697353
33	48	0.3226300872818412
33	146	0.31978715508069955
33	67	0.313308650018211
33	158	0.3048428699840985
33	78	0.30401720671682536
33	162	0.30375398719143165
33	1	0.3032183284815828
33	172	0.2926024249215252
33	2	0.29079089781008
33	168	0.28650082851009445
33	40	0.28456285439749823
33	154	0.2844525677541821
33	185	0.2810023283040306
33	107	0.2809562757724511
33	159	0.2805785962237709
33	188	0.2787442358813411
33	4	0.27817231008999593
33	53	0.2731271914873009
33	148	0.2685402899439663
33	56	0.26494565290353683
33	68	0.26493635484089223
33	126	0.26119455873304376
33	13	0.2561372151812967
33	73	0.2551745360076214
33	8	0.2529387993269452
33	111	0.2525549905404405
33	127	0.25075658601856243
33	171	0.24952855463733956
33	30	0.248825121498927
33	110	0.2480369646597103
33	164	0.24516305069652594
33	144	0.23465493137316445
33	69	0.23299115673311996
117	16	0.7195252955323205
117	43	0.5309663851698015
117	17	0.6447319130072418
117	119	0.6149232356229253
117	154	0.6130104916246525
117	18	0.5502152722265864
117	191	0.5434580237807846
117	48	0.5414678565007993
117	73	0.539372338861996
117	47	0.5307437453741927
117	82	0.4993275906415388
117	168	0.4937143070483364
117	75	0.4731646042029845
117	149	0.4727919842790153
117	159	0.4670495114949789
117	189	0.4649593310678077
117	185	0.4645673335587979
117	186	0.4620935635009355
117	86	0.4515057705597651
117	87	0.43695418427429467
117	153	0.4366304993010185
117	173	0.4344588951516924
117	67	0.4335579785852988
117	107	0.4292606761037706
117	184	0.4224167283470941
117	187	0.3980250466586099
117	74	0.3945689641787173
117	84	0.3834345458386806
117	194	0.3818212502946809
117	54	0.3768644569138114
117	100	0.3731950288470048
117	83	0.37079973313314935
117	171	0.3686241858276689
117	169	0.3677511036952447
117	132	0.3606300912462802
117	182	0.3599948635948875
117	193	0.3595421689694093
117	116	0.3540879246156697
117	105	0.3514875710500319
117	76	0.35141745255952744
117	167	0.3509966588406636
117	77	0.3507072808888297
117	8	0.3494964295581151
117	4	0.34712399553517137
117	30	0.3467809421871929
117	188	0.3413766972561583
117	190	0.3381480525025349
117	88	0.33758111011270714
117	28	0.32852152178692096
117	198	0.3226659232124233
117	63	0.3204333762250339
117	20	0.3170733792325026
117	90	0.3170553898289822
117	78	0.3130019925488185
117	158	0.3116573421038203
117	170	0.3085119568584577
117	147	0.3081409335958362
117	125	0.3040081309538536
117	89	0.3024099383450836
117	53	0.30083732873657176
117	31	0.2941286986759629
117	6	0.28846396486035675
117	79	0.2882347511999175
117	128	0.2872716933231457
117	181	0.2866935795381671
117	134	0.28406650522454874
117	50	0.2827513639952918
117	175	0.2753374541509919
117	10	0.2741818204083916
117	165	0.2723681924081611
117	162	0.26830830284615953
117	133	0.267751406868324
117	172	0.2674821763072868
117	131	0.2665627643881162
117	2	0.26456439195097986
117	164	0.2574168847404155
117	45	0.2498286060283875
117	104	0.24562354392916835
117	57	0.2425013079825092
117	64	0.2424260110726517
117	68	0.24059916870815615
117	148	0.23901578195519635
117	192	0.2372140771506781
117	23	0.23607183717935654
117	135	0.23567520443964424
117	44	0.23283983667407204
117	25	0.22774517727428395
173	50	0.6526607856478087
173	154	0.5499084021669168
173	119	0.4888742764715538
173	67	0.4736378978443142
173	89	0.4675497553403869
173	82	0.4466599642506518
173	149	0.4446244022640293
173	17	0.43410187892071933
173	171	0.4261967511116633
173	164	0.4208462757450665
173	174	0.4052878795620304
173	20	0.4050622046040528
173	168	0.4040000345088015
173	191	0.4036736373490833
173	190	0.3896946839082259
173	18	0.3764010571360428
173	189	0.373289704761788
173	195	0.3694879833327073
173	47	0.3677251606352629
173	45	0.36582977300379216
173	116	0.3637057605233259
173	48	0.3508388246283108
173	87	0.3462617876709256
173	16	0.33423650233242325
173	10	0.3339077958917293
173	37	0.33200503720657804
173	52	0.3302599494561623
173	122	0.3286731658299966
173	170	0.32245089375622976
173	133	0.3198499952061956
173	169	0.3108445316057541
173	125	0.306683082449732
173	159	0.3035724294610224
173	178	0.3012647318168344
173	83	0.3001368539994566
173	53	0.29984565232324395
173	183	0.2992539769091173
173	153	0.2986620712706541
173	39	0.29620093000604786
173	73	0.29324236241856866
173	193	0.28763864112777426
173	165	0.2840021525095796
173	175	0.282677758197185
173	134	0.2776094163439282
173	4	0.26807628462423344
173	194	0.26692501498449744
173	36	0.26176285233260466
173	182	0.2602438928372623
173	44	0.25530541536503953
173	143	0.2502692195231284
173	147	0.24903148913167875
173	132	0.2490033494219344
173	100	0.24783048830989698
173	107	0.2469480177427689
173	42	0.2461121094023044
173	167	0.24537921437185645
173	40	0.24162580118764995
173	196	0.2398641835332767
173	2	0.2384688407500641
173	66	0.2365155948513121
173	75	0.2359018613426365
173	74	0.235136791567466
173	180	0.2347399739126126
173	128	0.2339082928386691
173	8	0.2317424294548284
191	87	0.6802611666848477
191	83	0.5675627247617514
191	89	0.5037360320898708
191	82	0.4715720253749378
191	154	0.4690408906156418
191	16	0.4537797955582655
191	190	0.4437012751473574
191	47	0.3905085917008753
191	48	0.3886255055438975
191	153	0.3825983134887462
191	17	0.3777221065913633
191	192	0.3698333237267079
191	43	0.3665138483359096
191	119	0.3634974899987764
191	159	0.3525213604556746
191	193	0.3490837712483845
191	50	0.3462617876709256
191	73	0.3260214224712776
191	189	0.32156354561428235
191	194	0.29929039435546745
191	54	0.2958633549717845
191	186	0.2924926950106717
191	45	0.2855183562178426
191	185	0.2811036393181362
191	168	0.2779324115016503
191	88	0.2775355800633174
191	75	0.2718218734946334
191	149	0.2684382194568793
191	105	0.2666649452637569
191	163	0.2572114510692297
191	107	0.2480275798597912
191	164	0.24180470019715816
191	100	0.23057815477434496
191	4	0.2287499543971108
116	148	0.4530489334606776
116	187	0.4477239897162168
116	186	0.4389019905556427
116	50	0.4117527733464675
116	67	0.3938257088043273
116	16	0.3887867979734335
116	30	0.3859394699968228
116	182	0.3837245205268401
116	188	0.37862194168938657
116	77	0.3289585674670401
116	169	0.3275934484796732
116	185	0.3240896514409763
116	56	0.3145976995013946
116	28	0.3120094184758013
116	17	0.3108987331354244
116	82	0.30795991260924616
116	119	0.3056590095909926
116	99	0.3039627513112867
116	43	0.3012556393938288
116	20	0.3004370971476541
116	154	0.29942695201286096
116	181	0.2961188239666641
116	131	0.29581773105314096
116	149	0.29428398392237753
116	134	0.2881522261938105
116	66	0.2881155470392813
116	63	0.28791379657955657
116	189	0.27745251032844714
116	75	0.27624291504058823
116	41	0.27468115156764555
116	125	0.2689485115726601
116	194	0.2672779045672127
116	48	0.2655963947700941
116	147	0.26391326749453003
116	167	0.2633363563025615
116	89	0.26318744539549543
116	73	0.2613529538567103
116	190	0.2610547866475625
116	76	0.2567911734312514
116	100	0.2558475301334789
116	168	0.25509039433942005
116	114	0.25437971074000104
116	107	0.2520119057827375
116	193	0.24789618777346106
116	18	0.2433199730677573
116	178	0.24237894902077994
116	88	0.24139038272871094
116	132	0.2388083393301749
116	47	0.2353446171649107
116	87	0.2350990027844948
116	93	0.23475887176678145
116	122	0.2331897471889241
154	82	0.5986689474541057
154	119	0.629000137191102
154	168	0.6231265247175621
154	149	0.6093457150310885
154	17	0.5866416502186182
154	18	0.5656344637723794
154	47	0.5580384438514253
154	189	0.5485326400807052
154	48	0.5358744234241355
154	153	0.5322290154052438
154	159	0.451290785871375
154	171	0.4480517422572583
154	83	0.4344670075711313
154	8	0.4234841749061941
154	10	0.41510224034890897
154	44	0.40458561759072825
154	43	0.39185528422625976
154	146	0.3834857233381694
154	50	0.377816408533912
154	107	0.3748034611176984
154	190	0.37404683207461736
154	16	0.373444612214888
154	54	0.3731950288470048
154	169	0.3671802241937199
154	45	0.3567700892892192
154	86	0.3439097443437569
154	2	0.3288069553255502
154	84	0.3280843353768253
154	164	0.3267987295287664
154	4	0.3182062512714436
154	147	0.3162276308032989
154	31	0.3051603108903943
154	67	0.3030185422554999
154	136	0.30167383413018906
154	89	0.2972405606149217
154	186	0.2968211451949605
154	53	0.2790854522851474
154	20	0.2773140515514485
154	75	0.27530048617241115
154	64	0.2740430910544684
154	193	0.26197707987926183
154	167	0.2523958269923425
154	133	0.2478398740871265
154	185	0.2453698164583847
154	184	0.2441100795212256
154	162	0.2397322339788586
154	187	0.23918549151405194
154	194	0.2384688407500641
154	73	0.23338831819579256
154	30	0.2327168808236325
154	174	0.23210199004348103
154	195	0.2286267531845224
168	47	0.5962704514687893
168	159	0.5389183726283615
168	82	0.5877685767195141
168	189	0.5722217259422262
168	153	0.5434932554922268
168	18	0.4992074735329621
168	48	0.4845474482195865
168	184	0.4617002378878101
168	186	0.4602669992674538
168	171	0.4556042811007638
168	107	0.4554061523530544
168	119	0.4207804424557761
168	86	0.419248569795909
168	172	0.4191496571436983
168	68	0.41450612539524656
168	42	0.4064322096397495
168	54	0.3982438337883434
168	149	0.3851817747933941
168	187	0.3766499434123732
168	77	0.3744767961091521
168	169	0.3666263797613804
168	50	0.3656305374707064
168	73	0.3603777805441987
168	75	0.35992522929374204
168	43	0.35003180522335475
168	17	0.3494174203710045
168	8	0.347291090449684
168	53	0.3447559217597343
168	31	0.3431159453834339
168	175	0.33931659601895925
168	188	0.3267451363225565
168	84	0.3220745121283636
168	185	0.32068460396437
168	44	0.3177837780713771
168	16	0.3174061420332415
168	2	0.31723527359591625
168	146	0.3171453345649141
168	180	0.3169474486171255
168	147	0.3120906547054502
168	83	0.3042350084700531
168	190	0.3034634842392049
168	76	0.30324556999312896
168	20	0.3023372527284352
168	89	0.3015738415936697
168	135	0.3004916804166977
168	67	0.297021749477842
168	69	0.2946858265160709
168	194	0.2930229848433372
168	100	0.2868954842943737
168	134	0.2851692962407525
168	10	0.2831653345442885
168	4	0.28040354452012795
168	167	0.27815385758402084
168	62	0.2692731643435387
168	56	0.2640900250887306
168	166	0.2633177431252645
168	165	0.2588356080908497
168	30	0.2573328465044144
168	193	0.2507659572064089
168	37	0.249594194975722
168	122	0.2481495786269781
168	6	0.2431976657988804
168	164	0.2417199606094216
168	34	0.2415128038751604
168	140	0.2408064223833026
168	52	0.2373084478599177
168	125	0.2345887846923346
168	58	0.2326695881307126
168	104	0.22976371647978194
168	132	0.22781154546551904
7	135	0.805471785607552
7	104	0.7809105571164066
7	148	0.6381935442227932
7	147	0.6365964190150668
7	134	0.6140580982238447
7	181	0.5725175788444103
7	78	0.5223819117770829
7	13	0.512009905321724
7	110	0.5089561618466413
7	189	0.4817110851079972
7	188	0.4504143808707602
7	187	0.4290893562555957
7	102	0.41626859999585497
7	182	0.41567318291835775
7	10	0.4154663574784687
7	2	0.4013608150548818
7	38	0.40117623867072905
7	193	0.3896946839082259
7	35	0.38767424525314464
7	194	0.3689525039816379
7	1	0.35745061755399005
7	77	0.3542278561654467
7	0	0.34337177863985274
7	111	0.3422598574220415
7	34	0.3363312010159101
7	143	0.3321295995877547
7	197	0.3236241907735464
7	186	0.31861961333602684
7	100	0.3171453345649141
7	67	0.3144715499858846
7	44	0.30812283250098405
7	39	0.3002187443953846
7	142	0.29532490676671885
7	24	0.2932515024809347
7	79	0.28768450366875065
7	164	0.2855734640298147
7	127	0.28546324651772315
7	114	0.28499473787513113
7	119	0.2661168141025015
7	40	0.2624054575099157
7	65	0.2612038764827309
7	149	0.25847169976433715
7	160	0.25821972024276124
7	136	0.2580330460894452
7	169	0.25178713459240665
7	62	0.2492003185590993
7	101	0.2442511358955367
7	17	0.2405520625395093
7	85	0.240250556235186
7	185	0.23476832062732034
7	170	0.2323479686472028
7	95	0.2315058418913155
7	66	0.2313922701313371
7	36	0.22769777012777465
135	181	0.7071599836733361
135	147	0.7049081868554317
135	104	0.7627675787642711
135	148	0.6595009872796028
135	134	0.6594218717926871
135	78	0.6112596802720225
135	193	0.5951543828247116
135	187	0.5835176736256811
135	182	0.5828379730119017
135	189	0.5603203369084148
135	188	0.5444789659441823
135	110	0.5420401235595331
135	194	0.5305856984857308
135	77	0.4902580672482677
135	79	0.4803814171774784
135	185	0.474203939045274
135	13	0.4714087090408759
135	2	0.4434683377192983
135	10	0.43616905283644536
135	111	0.42129875959176855
135	186	0.4208709620857502
135	160	0.4071582399224536
135	107	0.4045187105870591
135	197	0.3999840985169691
135	75	0.3978988027129841
135	102	0.38703677851591706
135	84	0.3763323892889224
135	1	0.3724373417953623
135	86	0.3705150708169783
135	36	0.3645298077640072
135	88	0.3597772430893089
135	18	0.35689226330057083
135	114	0.3555302065343987
135	143	0.3554253702695379
135	100	0.3451259483679065
135	85	0.34321299157953444
135	34	0.3386085125603091
135	38	0.3369607363196367
135	17	0.3297698498812553
135	44	0.3225852910679091
135	39	0.3213931817992367
135	119	0.3166505679524754
135	8	0.31558848734845696
135	30	0.31494905740650186
135	76	0.3147328473659202
135	142	0.31402993922727623
135	184	0.3115670523200625
135	95	0.30948883699138263
135	24	0.30922659063032554
135	22	0.3046160849992218
135	6	0.2888856316070604
135	65	0.28586734045925005
135	198	0.2850682384391431
135	169	0.28296296211395616
135	67	0.28137991023480863
135	136	0.279048567420993
135	31	0.2783752741022462
135	48	0.2761320685844277
135	90	0.2721737600207772
135	159	0.2713216991764488
135	105	0.27037652570297355
135	35	0.268837187976582
135	32	0.2570993865385213
135	170	0.25535215572559145
135	172	0.25503429774746234
135	127	0.2530323991555099
135	183	0.2529575196715166
135	26	0.24865625844702025
135	149	0.24791495862999585
135	161	0.24575509307514296
135	128	0.24378090781654424
135	0	0.24298125707184345
135	29	0.23774249541011785
135	82	0.23425801871221086
135	56	0.22899633483725976
135	190	0.2285698886160812
135	80	0.22812439556169584
104	134	0.7714097747108976
104	110	0.6520576369415605
104	2	0.6499660958725657
104	193	0.6348863812690091
104	102	0.6294471545730366
104	181	0.6291330777346719
104	1	0.6109652057399751
104	148	0.6065214579322848
104	147	0.5811980622392106
104	107	0.5289239786833713
104	10	0.5104439746945457
104	189	0.4980654041300235
104	111	0.4846622219422922
104	13	0.4743589504666406
104	194	0.4740721562168014
104	188	0.4717119850617122
104	78	0.4715875776247532
104	100	0.4595494785336581
104	182	0.4592733491347682
104	114	0.4435486677399925
104	105	0.4350428091336881
104	17	0.42183324293219415
104	44	0.4211589233275537
104	187	0.42027831790495945
104	8	0.4050204075270468
104	30	0.3965849728487205
104	160	0.3834771939184606
104	32	0.3802483959987874
104	77	0.3775763518117185
104	75	0.3762637173069677
104	6	0.3756970157520333
104	18	0.3734360067915357
104	119	0.3616301138993181
104	79	0.3584445532247408
104	185	0.35834868251980195
104	45	0.347651588546778
104	22	0.3408111581254045
104	85	0.3335256836504177
104	143	0.3322808383349939
104	128	0.3310971619655181
104	170	0.32739704417072063
104	198	0.32507376269736177
104	35	0.3207922591872222
104	67	0.31953576644870496
104	186	0.3179096343570981
104	86	0.3177478170754677
104	84	0.3169654393893768
104	149	0.31489500795972303
104	172	0.3143363774640741
104	175	0.31375949819823484
104	36	0.3087924243413935
104	164	0.303881064478706
104	4	0.3017465518068964
104	90	0.2980699357739077
104	48	0.29771454429641403
104	127	0.2886931454632401
104	34	0.28768450366875065
104	88	0.28709736356494153
104	39	0.2839469910030444
104	73	0.281490405544873
104	24	0.27627986222638823
104	136	0.2711271473417537
104	38	0.26859596221364523
104	184	0.2624147689192404
104	159	0.2604862674421306
104	195	0.2526392480629516
104	26	0.2500348635355485
104	123	0.24842170135460084
104	65	0.2461778682873853
104	20	0.2455577659630859
104	190	0.2383650934417085
104	180	0.23830850170747306
104	76	0.2364211865813848
104	54	0.2308527181844508
104	126	0.2293184803737309
104	197	0.2290342369172073
104	101	0.22784946919591034
181	193	0.6480677109714951
181	79	0.6219322340509724
181	197	0.5205398748632305
181	182	0.6470689845232741
181	134	0.5985855335488487
181	194	0.5937965260912799
181	147	0.5882657958701086
181	148	0.5323006848180668
181	78	0.5118844606083486
181	198	0.4897641393510669
181	114	0.4850752691669515
181	100	0.4826320975881868
181	110	0.4586576556649773
181	36	0.4525321960321512
181	107	0.4473081304557157
181	189	0.4410953995414428
181	142	0.4408537371152863
181	2	0.4395637915603756
181	77	0.4370189076949307
181	185	0.4364524243606847
181	186	0.4354480898198013
181	75	0.4267121771370325
181	183	0.4266058420656256
181	187	0.4230080745503299
181	170	0.4221948807411518
181	180	0.4145226889513706
181	81	0.4138350706510737
181	175	0.412143013834121
181	102	0.4108388541564387
181	184	0.3978567180486073
181	160	0.3921853490479715
181	10	0.3813427890217733
181	13	0.3800345228826807
181	90	0.3733843729017505
181	85	0.371136062426465
181	30	0.36782892944050494
181	101	0.3675089462113374
181	65	0.3607170827025453
181	38	0.3566653589935589
181	105	0.3547611996567793
181	188	0.3509878907964335
181	190	0.3469568785781968
181	172	0.3449497585927705
181	16	0.3436011030749899
181	195	0.34339824124189844
181	32	0.3322808383349939
181	67	0.329270656713057
181	1	0.3286285663995988
181	196	0.3278344514408277
181	84	0.32182353445912115
181	17	0.30554115047436425
181	88	0.3044981431540797
181	4	0.2955622121718557
181	143	0.2954070550710073
181	126	0.29192563447498465
181	8	0.2904613046856031
181	169	0.2900583750345864
181	92	0.2867670023973376
181	86	0.2725163164426553
181	73	0.2715903295475073
181	95	0.2671107552735501
181	80	0.26302921381478395
181	96	0.2624333915912817
181	111	0.2569499564079826
181	6	0.2542394117432559
181	161	0.2541645812357051
181	76	0.24862811313511946
181	31	0.24204006858569965
181	48	0.2401092091919059
181	43	0.2397605096291723
181	68	0.23683654955622835
181	99	0.2353540632717912
181	119	0.2298584351666334
181	159	0.2285604110363584
147	148	0.7346842359143259
147	182	0.6988299569109802
147	78	0.6858937994790261
147	189	0.599790563334945
147	188	0.5960835253019254
147	193	0.5720670162552953
147	187	0.5465931580420319
147	194	0.5263261814425514
147	134	0.5157263857879029
147	30	0.4911918695221333
147	2	0.4765028325110169
147	1	0.4516968240626709
147	102	0.4447527625939381
147	186	0.437714398580688
147	105	0.435723579908995
147	197	0.4329812616434065
147	198	0.43022275595814186
147	10	0.4090501723763385
147	142	0.40862541804498576
147	77	0.4032550290961546
147	170	0.402149092348478
147	107	0.4002276739455852
147	67	0.3952779539051813
147	100	0.39457740729872814
147	195	0.3861437032498196
147	18	0.3832127494653816
147	79	0.3809923574035582
147	110	0.379478262607329
147	119	0.3725923636779779
147	180	0.3688488345062653
147	169	0.3612736793704364
147	111	0.3582615207744892
147	13	0.35740700532176484
147	17	0.3568835369903036
147	31	0.35603678901437724
147	175	0.3499265034725449
147	8	0.3464113963344924
147	172	0.3308745498762635
147	38	0.32911907948794195
147	44	0.3253420346415043
147	6	0.3248143834084329
147	86	0.32070254707698165
147	65	0.31592159788215346
147	196	0.3156425105598452
147	164	0.31508417208603823
147	185	0.3117385980975386
147	84	0.3115219053181889
147	114	0.2972861423399031
147	153	0.2946766948865251
147	4	0.2934617091171906
147	32	0.2868404218877449
147	22	0.2851325486827019
147	75	0.28312854143183425
147	35	0.2750232003869623
147	184	0.2715995919092803
147	43	0.26662778927517
147	47	0.2665070268391713
147	149	0.2662190211127365
147	16	0.2632060599448824
147	39	0.2600667521883514
147	56	0.2576783121240393
147	95	0.2505878966021651
147	183	0.2484310841978745
147	190	0.2466850748989113
147	45	0.2462154437756417
147	76	0.24308475991696665
147	24	0.24267071534682105
147	48	0.23927976828883896
147	34	0.2349478405462677
147	161	0.2323763488820156
24	34	0.7977524349742879
24	39	0.6422241153170465
24	26	0.5721813708189682
24	22	0.6145375295841313
24	35	0.573746459193962
24	143	0.5690589439409087
24	141	0.4966956498360233
24	136	0.4960776976747479
24	25	0.4885698161739468
24	138	0.484019274213312
24	140	0.483230183996985
24	123	0.4592023300802459
24	62	0.43272121690938253
24	37	0.42872213832823947
24	137	0.4100821690617961
24	128	0.4089335907869122
24	127	0.3991101220425359
24	23	0.3939608844952414
24	131	0.3743306263932819
24	18	0.3539392299703568
24	132	0.3492681672373847
24	42	0.33847570417451434
24	84	0.3331079007001263
24	78	0.3168934749318921
24	119	0.30880147078584513
24	63	0.3056680752889808
24	189	0.301110153176146
24	187	0.2947588776148372
24	134	0.29444838666063045
24	86	0.2888856316070604
24	149	0.28123257154738385
24	28	0.28030219027058245
24	158	0.2798690608205216
24	67	0.27716634949244184
24	44	0.2732845024429185
24	148	0.2731642071443727
24	188	0.2710900873370556
24	27	0.26888357368135124
24	56	0.2684753366952056
24	10	0.2675471668202894
24	40	0.2661353976404162
24	162	0.2655871001598575
24	171	0.2637271877177786
24	129	0.2632060599448824
24	36	0.2554082425828041
24	146	0.2532008669095824
24	58	0.2493785109681237
24	17	0.2485249100662759
24	126	0.2477554004174065
24	73	0.2426518930369929
24	76	0.2293753243736135
24	29	0.2289773835368941
34	22	0.6881009762971677
34	138	0.6791852147726425
34	123	0.5991242866322822
34	35	0.5928894046202802
34	25	0.5678541388216031
34	136	0.5383575760681676
34	143	0.5266803506418869
34	39	0.5166140032726823
34	140	0.5054280818797572
34	26	0.4875794983454656
34	137	0.4777617540247094
34	62	0.4606531077589827
34	128	0.4486909127247569
34	84	0.4381831550639361
34	127	0.43185930439695375
34	141	0.4255090857689377
34	42	0.4013943708959896
34	86	0.3989083320511515
34	23	0.3893808275888033
34	37	0.38279462847205337
34	134	0.3771904400233945
34	31	0.3748808155210447
34	10	0.3671110078660412
34	27	0.35901961864754994
34	144	0.3576076086813928
34	146	0.3571714723357931
34	68	0.3505143250356288
34	162	0.3504880105676904
34	18	0.3411646490188942
34	187	0.3330278847801039
34	132	0.3329211894253576
34	172	0.3308300230380485
34	56	0.3290655775936055
34	69	0.32275550899169664
34	58	0.3172172862461705
34	2	0.3119372046636216
34	129	0.3113864558745084
34	29	0.3104741003887982
34	44	0.30722654967335744
34	107	0.2978603559175496
34	188	0.2951058232748641
34	149	0.2926024249215252
34	158	0.2918433021639106
34	126	0.28907809439757554
34	189	0.2879504803828957
34	109	0.2773694364448502
34	167	0.2743852694855195
34	130	0.2738858506652523
34	63	0.27310868335545657
34	76	0.2583317154810276
34	131	0.2513656154034761
34	40	0.2504191919673323
34	119	0.23629844915684206
34	4	0.2360623944561884
39	143	0.6672612662017421
39	40	0.4269493436300392
39	36	0.5976606956949324
39	37	0.5275036288775495
39	35	0.5250018525840865
39	141	0.5248497174718632
39	26	0.4624788463060147
39	22	0.44901032596652907
39	10	0.4171445368450981
39	140	0.3906780790693224
39	18	0.3762551330185181
39	84	0.371118817137997
39	128	0.3704891889718287
39	139	0.36825255697414094
39	127	0.36467720869141457
39	134	0.3611432501040263
39	44	0.3560629858687041
39	119	0.3488993482221509
39	25	0.334076601241198
39	131	0.3312841276435317
39	126	0.3284144687339603
39	136	0.32411650015686144
39	17	0.3214738830427465
39	137	0.32116001865095856
39	62	0.31602961701184484
39	114	0.309380326962813
39	110	0.292428682338514
39	149	0.2799888739908301
39	23	0.2777017070827385
39	189	0.2746071859212479
39	148	0.26892995813890186
39	30	0.2647410841467029
39	2	0.2615299670449925
39	133	0.2572021126225161
39	67	0.25440776925475
39	78	0.2476146025967149
39	142	0.2466569002961975
39	123	0.24209655276165776
39	32	0.2409194605883536
39	75	0.2405237982943909
39	31	0.23457933498914604
39	73	0.23396500925724706
39	58	0.23314246551059306
39	190	0.2324709468067163
39	167	0.2313070871720469
39	52	0.2290910887349775
26	127	0.5918703398934656
26	29	0.5055323104474365
26	131	0.4893535600165616
26	25	0.4830922040507122
26	129	0.4645673335587979
26	22	0.4547163126546326
26	128	0.4416187820592067
26	141	0.42636859055844223
26	23	0.4179289166829658
26	126	0.414663468089328
26	132	0.4001856822148571
26	143	0.3797007996703744
26	130	0.3780735558082925
26	138	0.3574157278929149
26	133	0.3525914167750511
26	140	0.34188900369414416
26	37	0.3403161089523972
26	123	0.3330101028131093
26	36	0.33151557291799905
26	84	0.3199218090469152
26	32	0.30969679201672
26	20	0.3051784483233886
26	10	0.3044618514768364
26	134	0.29915382443640504
26	144	0.29889886112954744
26	69	0.2978876940495042
26	86	0.2956078436464075
26	28	0.29195307761735384
26	125	0.2917884115535901
26	114	0.2800902475535881
26	63	0.26568933815675
26	27	0.26433187515628004
26	40	0.2518245983446252
26	18	0.24030709220036398
26	76	0.235911304823477
26	172	0.2357696479333317
26	68	0.23573187107016186
26	112	0.2335868697390709
26	94	0.2330857260415118
26	53	0.23229120699067565
26	113	0.2311272448344671
22	23	0.6418596903822659
22	25	0.5669862551248663
22	123	0.5626689349721462
22	18	0.4584681228480776
22	35	0.4231394359255199
22	86	0.4105229445065725
22	2	0.3906611315241333
22	128	0.3792214345023664
22	134	0.3768472973208546
22	84	0.375052695506682
22	69	0.3706358451528913
22	141	0.3649979592950973
22	140	0.3631329291416897
22	187	0.3569707972899389
22	1	0.34465899231527003
22	162	0.34154454413793417
22	138	0.34041336565528113
22	172	0.3385465369921629
22	30	0.3272184702450929
22	107	0.32703987294486103
22	10	0.32628057387153536
22	58	0.3248680520994066
22	8	0.321841462935976
22	76	0.3212227971764887
22	78	0.31895201230513
22	31	0.3142282302682252
22	4	0.3125238375030343
22	37	0.309235634391516
22	56	0.3061122265732255
22	189	0.3054867508008272
22	136	0.2977327715088838
22	32	0.2948136636780948
22	73	0.29373584904167976
22	132	0.2856377540903072
22	185	0.2828249664635317
22	110	0.2776463332544475
22	44	0.2748013388097029
22	75	0.2737470969847717
22	148	0.26299198079776176
22	114	0.2597030928613475
22	193	0.2593673419361716
22	143	0.2589755532755782
22	175	0.25856501659009234
22	158	0.2574542338177223
22	111	0.2463657383264243
22	17	0.2462342312422289
22	126	0.24230364736521195
22	188	0.242218929513148
22	63	0.23314246551059306
22	90	0.2319222176712131
22	167	0.2313260170251007
22	6	0.22818127233873775
22	159	0.2280580373539389
138	123	0.6093834355199285
138	144	0.527597448633085
138	140	0.5696604321581993
138	136	0.5672033442374425
138	137	0.5420613089901596
138	146	0.4883033157762578
138	35	0.4505977010600825
138	141	0.4424636114954571
138	68	0.4389988692578694
138	42	0.4225317405197792
138	27	0.40425940504828
138	127	0.4014782557845191
138	128	0.3992446272298844
138	62	0.39243917637174697
138	130	0.3858713838367573
138	172	0.37245456747557903
138	143	0.3669466027940847
138	69	0.363037430535084
138	86	0.3578604963197676
138	84	0.3293776421854376
138	80	0.3146337401793416
138	129	0.30407166013575465
138	109	0.3020101239505889
138	37	0.2997910457858105
138	112	0.29165117661965245
138	158	0.2816837543744374
138	25	0.27499546929099233
138	166	0.2661261058961867
138	162	0.2633549692837985
138	134	0.261679017138964
138	76	0.2558755661795216
138	107	0.2345320858082215
138	126	0.2345226358390513
138	31	0.2337759483381513
138	171	0.2328020048973241
138	58	0.23074857776787425
84	86	0.7932361776613878
84	31	0.6451174006192307
84	76	0.626321441359735
84	107	0.5695118063957822
84	141	0.5279076838327094
84	140	0.5276768245286692
84	10	0.5123566094164282
84	77	0.5046906160826161
84	167	0.5027279096215634
84	189	0.5022868927201045
84	75	0.5016660364906351
84	82	0.4974034150018645
84	73	0.4967107155549884
84	172	0.4892698968731419
84	187	0.4829465325163833
84	25	0.45891819516215293
84	134	0.4359179943654897
84	69	0.4356344596920483
84	114	0.4264667707136571
84	175	0.4203771168579781
84	166	0.4151436239964553
84	143	0.4139925189707449
84	4	0.4010839382591329
84	68	0.4006474988023408
84	186	0.3997992794579149
84	128	0.3994379483318752
84	146	0.3972084028410184
84	8	0.3971999805527175
84	2	0.39413827672916985
84	88	0.3899236570850619
84	188	0.3897201277523584
84	194	0.3812145950382679
84	63	0.3688920312364403
84	23	0.36420893083292055
84	30	0.3571714723357931
84	136	0.3554865258443328
84	185	0.3525563891093389
84	17	0.35213598008064034
84	90	0.34771312673521665
84	119	0.3433188518002033
84	109	0.3419684813202261
84	74	0.3405901773632066
84	54	0.33875015996905283
84	110	0.3365085653475582
84	37	0.3356215051544442
84	18	0.33033122184219993
84	149	0.3268880468686272
84	92	0.3212138289885354
84	126	0.3204602956397915
84	94	0.32005645009012884
84	47	0.3170823738487047
84	79	0.31124196252080205
84	32	0.3071088154316468
84	36	0.30617566588508544
84	95	0.30494264442869623
84	184	0.2977874518438166
84	80	0.2964745851834818
84	64	0.29597284686892433
84	193	0.294375320927852
84	53	0.2930229848433372
84	123	0.29290414243799834
84	43	0.2922823578189255
84	127	0.2855642795256201
84	78	0.2826041490699273
84	16	0.278624332322476
84	44	0.2709974338091644
84	132	0.2704228699031332
84	130	0.2694679266396037
84	169	0.2644341863335912
84	42	0.2628151132706623
84	159	0.2625823659290724
84	190	0.2569592961511828
84	161	0.2567164472328287
84	144	0.24804634941307396
84	153	0.2472578679841992
84	29	0.24704191709128334
84	148	0.2420683108787741
84	162	0.2406745362205279
84	20	0.2394400284510255
84	158	0.23742168679873624
86	31	0.6077715758241591
86	76	0.6028931162431079
86	189	0.5792079718621176
86	107	0.5709155066787232
86	69	0.5680031793688194
86	140	0.5384285893569057
86	172	0.5264924468850203
86	4	0.5076212057814131
86	73	0.5032508107764744
86	10	0.5010746205875972
86	68	0.4988094485546618
86	77	0.4965223725546524
86	146	0.485021738210554
86	194	0.48430254184740795
86	167	0.4816880461421459
86	175	0.4775610757377029
86	43	0.4647711950003624
86	187	0.4555250350166382
86	18	0.4536686167502945
86	75	0.4525401481422806
86	134	0.4486270163141269
86	92	0.43908766576874575
86	141	0.4315826746254554
86	8	0.4296847637440041
86	90	0.4237795678748014
86	185	0.4146883094065439
86	166	0.41266586503235547
86	82	0.4062902816487941
86	159	0.40215747507584204
86	63	0.3982943166929435
86	188	0.3910762701247908
86	186	0.3902373568431416
86	54	0.3897201277523584
86	47	0.3797778214953397
86	128	0.3766842682880215
86	17	0.375370605501934
86	37	0.3736683306593885
86	136	0.3677683987505515
86	119	0.3594115525117603
86	78	0.3591851172898301
86	153	0.3589063697238265
86	149	0.3587321199747264
86	2	0.3580435890892121
86	94	0.35752039388299456
86	184	0.3558446616514357
86	42	0.3526527128125761
86	25	0.3487676009414363
86	30	0.3427718134860671
86	114	0.3422598574220415
86	123	0.3401215737026531
86	79	0.3339433356403842
86	74	0.3339344507922283
86	88	0.3288693859075445
86	32	0.3231585734200577
86	23	0.3183770024544249
86	44	0.314570668397661
86	143	0.3136513075279773
86	162	0.30869290976531305
86	193	0.3021918709472852
86	105	0.3004461944958286
86	158	0.2996818268177265
86	6	0.2936718873790668
86	48	0.2928584314104219
86	110	0.2872533437182373
86	127	0.28658343893452914
86	109	0.2835700037523829
86	108	0.28315613634430953
86	80	0.28242931405426563
86	16	0.27822766637596824
86	169	0.2769909362822165
86	1	0.2623216526271365
86	64	0.2607006483824225
86	132	0.2506160125619735
86	53	0.2447212491348211
86	182	0.2431412136814857
86	180	0.23663831892576126
86	57	0.2332086595515543
86	29	0.2314301280856083
31	167	0.6856342329116417
31	30	0.6211774206526159
31	187	0.5544750744607508
31	76	0.5484417490472868
31	140	0.5464458815960224
31	77	0.5422025275859085
31	2	0.5389538500217433
31	166	0.5389538500217433
31	172	0.5339326769666726
31	107	0.5254218610157452
31	69	0.5008574010040178
31	188	0.4751413087927249
31	75	0.4736301411361584
31	37	0.4717119850617122
31	8	0.4622351162424395
31	10	0.4602512360365624
31	4	0.4514022659549781
31	175	0.4380861905030991
31	194	0.4379164779895301
31	141	0.4368651821822788
31	63	0.4343534272846026
31	134	0.422893118759628
31	189	0.4114205347826704
31	185	0.4058643800498935
31	32	0.393301742120631
31	25	0.3882094309395116
31	186	0.37165330199854135
31	42	0.3710498334241665
31	68	0.3645471499979546
31	82	0.3638359111398348
31	109	0.3387944216357897
31	193	0.33847570417451434
31	146	0.3351067372481415
31	94	0.3343342101953563
31	73	0.32828064055178835
31	139	0.3266826082593945
31	74	0.3181163739336249
31	90	0.3014011115870538
31	114	0.29945426207254394
31	79	0.2848201606041644
31	180	0.2845536641315275
31	23	0.2811036393181362
31	92	0.2805970216333997
31	158	0.2762152041153915
31	36	0.2743112908438742
31	56	0.2687165793085021
31	128	0.26655347492042786
31	159	0.2656056893309587
31	190	0.2590035410080098
31	119	0.24983798186163986
31	1	0.2450032618750742
31	88	0.2431976657988804
31	95	0.2418141154792609
76	77	0.7740286316882281
76	73	0.6972969645824083
76	75	0.6760592489828854
76	187	0.6697005746209744
76	74	0.6236339842128914
76	90	0.5737867067084352
76	88	0.5519977512946308
76	188	0.5397834751361252
76	185	0.5314473240525815
76	63	0.4921927443228164
76	158	0.4615585961977991
76	186	0.4495770019228206
76	167	0.4466679691636602
76	92	0.4228684836047912
76	23	0.4211506970412952
76	25	0.41797018259165053
76	141	0.4176152394222129
76	107	0.4146220645205235
76	69	0.4127322393916864
76	80	0.4111879027098619
76	94	0.4092749705916129
76	81	0.3938003614655293
76	82	0.3832468748618178
76	140	0.3829055738258349
76	194	0.37889603500723945
76	30	0.3687192347562374
76	109	0.3409967528680412
76	134	0.3395731813951233
76	2	0.3338189423667529
76	184	0.3259588613413947
76	148	0.3230779699077026
76	8	0.3209447565648525
76	198	0.31929331337567163
76	166	0.3167765249063389
76	68	0.3131372906584162
76	172	0.3115941398460243
76	4	0.3104198830288988
76	96	0.3028913916954468
76	189	0.3028278123711781
76	114	0.2946219039791252
76	183	0.28850980362622586
76	182	0.28559183288083195
76	37	0.28527953388455424
76	16	0.282953762768305
76	43	0.2766308197500836
76	193	0.2745609557418574
76	132	0.2667206777603938
76	10	0.2663212221370678
76	56	0.2658845031915685
76	159	0.26090568435727723
76	79	0.250719100797213
76	100	0.24842170135460084
76	131	0.2455859567969103
76	139	0.24342345779052865
76	78	0.2368176712978338
76	175	0.23607183717935654
76	110	0.23583575572930685
76	95	0.23491949636112736
76	108	0.2300952128303104
126	128	0.7873040566413873
126	127	0.5622655929545393
126	129	0.5162473536092498
126	130	0.5044148082607289
126	123	0.4640966961140506
126	125	0.4458190505569309
126	36	0.4161528523877459
126	141	0.4065490767894411
126	114	0.3915251185057708
126	143	0.3690388881991632
126	10	0.3675089462113374
126	133	0.34629699129429603
126	20	0.33176477705824714
126	190	0.3235257078559375
126	144	0.3179725582992132
126	134	0.2980608242036153
126	140	0.28389182761692394
126	17	0.2811496877080775
126	40	0.2784951956986337
126	29	0.2784675222546551
126	69	0.2759842618825099
126	110	0.2751526061170708
126	4	0.27412633003582965
126	193	0.27305315774682704
126	67	0.26921751392671783
126	107	0.25570734344836904
126	32	0.25244264121884363
126	53	0.2508784077941804
126	27	0.2503723268691606
126	149	0.2498098542213431
126	132	0.24594300472343406
126	131	0.2427836453685715
126	18	0.2421247942343087
126	44	0.2330951827299125
126	25	0.23220606153927306
126	37	0.2321587569728429
126	167	0.22769777012777465
128	133	0.52174903240036
128	123	0.5665314696156838
128	130	0.5358173938912181
128	141	0.5288447477371796
128	127	0.528484490890835
128	129	0.5192190726639012
128	10	0.507472726566865
128	143	0.4509164282807022
128	134	0.4310780230899482
128	140	0.4210602033194538
128	20	0.4173592710639047
128	4	0.4087253761751813
128	144	0.4019311177742816
128	36	0.3940369133332551
128	107	0.39092378870953204
128	119	0.3681574702167998
128	17	0.3614214821173423
128	125	0.3610562894084988
128	37	0.3553117875572526
128	167	0.3507686696898836
128	69	0.3499352789562585
128	114	0.3486621931911413
128	18	0.3423039995761001
128	44	0.33601188509081714
128	73	0.3357900924609284
128	63	0.3334990205650906
128	136	0.3329923206092501
128	132	0.32630737983875274
128	8	0.3218593911820273
128	131	0.3193741357131136
128	110	0.3185746885432684
128	25	0.31854773298062106
128	2	0.314588689190174
128	193	0.3009828412354976
128	149	0.29217260544721346
128	32	0.28850980362622586
128	16	0.2880880371185619
128	90	0.28379068986166844
128	190	0.2781169519561624
128	40	0.2740245929454004
128	54	0.27030237237643834
128	29	0.2658287439762469
128	194	0.2630199056339742
128	53	0.26203296108139623
128	35	0.26100819351951504
128	185	0.26085908733825125
128	159	0.25966579030172143
128	172	0.258079716434638
128	187	0.25802371187588885
128	189	0.2491065263019829
128	146	0.2479994251807168
128	67	0.2477178553548843
128	68	0.2459805848352485
128	109	0.2425295435705545
128	48	0.2400715149271899
128	94	0.23687430553648015
128	75	0.2337759483381513
128	1	0.23236688884770826
128	30	0.2309189866050409
128	79	0.22806751722763502
133	125	0.4464598181864292
133	130	0.42122473112307424
133	131	0.4202453827058791
133	129	0.4057307275150643
133	132	0.39678720648239546
133	143	0.35938542753000186
133	40	0.3397235700213851
133	109	0.3240270024069574
133	149	0.31067288009133964
133	53	0.3080232724917372
133	127	0.30766117923234715
133	144	0.3051693796345664
133	20	0.3001368539994566
133	54	0.2948227945002127
133	119	0.2863080542868284
133	162	0.2792237631905743
133	10	0.2784213988205472
133	48	0.27282178146388003
133	28	0.2688557424081443
133	16	0.2638574456234346
133	134	0.257360859682328
133	141	0.252349011584255
133	94	0.2435269369715144
133	25	0.2411360988773935
133	63	0.2327736306023693
3	103	0.7869997431786115
3	9	0.6867084448758608
3	0	0.6722187085442166
3	12	0.6660111760977705
3	5	0.5533382475962558
3	13	0.5424778157632337
3	11	0.4811579661742921
3	108	0.4713309279915648
3	113	0.462557454001985
3	106	0.4460674022917853
3	112	0.3439361958534734
3	110	0.3350978601836477
3	102	0.3328500544523917
3	6	0.3311238729402724
3	101	0.2987440411541629
3	111	0.2703672567125692
3	114	0.25023172453508435
3	160	0.2489564489714561
3	70	0.2483091035995387
3	1	0.2456423372183377
3	109	0.2398453341393842
103	5	0.5869694798191647
103	0	0.6627826233184255
103	9	0.6558864290201212
103	12	0.6414478941322327
103	108	0.5824680843804483
103	106	0.5480430738205802
103	113	0.5004377639042481
103	11	0.4313710794241189
103	13	0.4228602717476103
103	112	0.3988578785150748
103	102	0.34091721551796994
103	111	0.321841462935976
103	101	0.3186914900271274
103	109	0.2883081031666102
103	160	0.2565483020650017
103	6	0.2535190418753205
103	110	0.2511126581033397
103	70	0.24892830814069386
103	88	0.2476521497051496
103	85	0.23291549811338744
103	114	0.23027514563850265
103	99	0.2276598436333445
9	108	0.7303606946481064
9	11	0.5781837011295359
9	109	0.5753073686511808
9	5	0.5162546884580824
9	12	0.4757217823811598
9	0	0.4700698538006208
9	112	0.4675419413315899
9	95	0.42259745565256096
9	13	0.3487763845224071
9	106	0.34376866040769904
9	113	0.34293065503109715
9	65	0.31465176017813595
9	10	0.26175353750613084
9	6	0.2597217438505418
9	194	0.253275736538538
9	110	0.24441098729158064
9	114	0.23996785196664114
9	123	0.2312597617731802
9	160	0.2301330947293538
0	101	0.6197752011050208
0	5	0.5778374311767428
0	102	0.526543041419539
0	13	0.5052121329216036
0	99	0.5035569104357086
0	12	0.4468120453689017
0	106	0.4304997842742328
0	110	0.4298152141350927
0	114	0.3466489738768481
0	197	0.3419861423505891
0	95	0.3354706456536125
0	11	0.3233197663785137
0	1	0.3221730981161923
0	85	0.2886289782278767
0	160	0.2833952726102039
0	65	0.2670086005695481
0	6	0.25291071845495755
0	38	0.2513656154034761
0	66	0.2507846994411022
0	113	0.24880635968438305
0	176	0.2429906666500668
0	108	0.2364211865813848
12	13	0.6362096747899972
12	113	0.5885077022468896
12	111	0.5966505500199158
12	112	0.5710839964979089
12	108	0.5405200405332746
12	6	0.4732887732427145
12	102	0.4393378643311577
12	110	0.4022999711245655
12	1	0.3803082731859291
12	11	0.3463409944520423
12	114	0.33395222042919953
12	5	0.32401805231293984
12	176	0.27282178146388003
12	65	0.2631781380473141
12	70	0.25440776925475
12	106	0.23949658774677066
5	106	0.6682863101287967
5	95	0.4601960624431116
5	113	0.3108625990069721
5	11	0.2990172422601685
5	101	0.2654011975892255
5	109	0.25516518712420405
5	197	0.2443451677367462
5	108	0.2433481967234487
5	99	0.2366288788803627
1	102	0.7815340634629008
1	2	0.7422539208904375
1	6	0.6764716743550665
1	8	0.6501277787843659
1	114	0.6145250825586551
1	193	0.6085151663775671
1	32	0.5815224521493032
1	30	0.5545927981195009
1	107	0.5469156454583624
1	134	0.5155134863269383
1	110	0.4992750417678817
1	13	0.4973733108092138
1	105	0.4522856449230497
1	188	0.4481476470567116
1	10	0.4365252773340853
1	111	0.43168845442135023
1	75	0.4241896863796294
1	185	0.4229505983567007
1	194	0.4218907852030342
1	189	0.4164008664578113
1	99	0.4141913656564941
1	100	0.40673269828982095
1	172	0.4056221220523042
1	170	0.3959949048851198
1	182	0.3908814289520244
1	148	0.3693584543602431
1	4	0.3692289110341973
1	73	0.3604386879574921
1	187	0.35894992825300703
1	175	0.3454342219456121
1	195	0.3430453617302725
1	119	0.3088286097839693
1	77	0.30655624463652764
1	198	0.2752635173796373
1	158	0.2747458688417249
1	18	0.26565216139464737
1	85	0.2621540309911042
1	74	0.2616976475232977
1	123	0.25487534808141343
1	17	0.25206809433301963
1	90	0.25119698101636706
1	101	0.2472203130709205
1	186	0.2424354233461252
1	160	0.2357035379552509
1	139	0.2280201174267775
102	114	0.5725713542710587
102	110	0.5701330844994867
102	2	0.5451469857294959
102	193	0.5449782881177883
102	105	0.5362307472231965
102	6	0.5241755731295793
102	101	0.5190218338982221
102	111	0.5121427053354372
102	134	0.4982909496782894
102	99	0.4873050343372284
102	100	0.4781706746065026
102	148	0.4696178907149747
102	13	0.4526435190242282
102	188	0.43009236164263737
102	32	0.4289506461435573
102	30	0.4177390712909433
102	107	0.396652388338444
102	8	0.38896504083153616
102	170	0.3862117725901459
102	75	0.3579825612245855
102	182	0.3453021138216565
102	194	0.326861252279726
102	10	0.32231648344296165
102	198	0.32186835521849844
102	85	0.3136513075279773
102	186	0.3103656636493442
102	189	0.30667402296707896
102	185	0.3022009577205567
102	73	0.2998729548551828
102	160	0.29007669225110416
102	17	0.2857846931453888
102	197	0.2812878251094136
102	187	0.2772863584135615
102	65	0.2752912440505448
102	184	0.27373784633417964
102	175	0.27299763031879465
102	77	0.27053409086996816
102	36	0.26837326237183456
102	119	0.2617442226308931
102	78	0.257463570966858
102	176	0.25343482442539583
102	172	0.2480932724815072
102	190	0.2469667979835421
102	67	0.2418235307158288
102	195	0.2391477795412398
102	142	0.2359868510660393
2	8	0.7348728771012907
2	30	0.6521840793853965
2	107	0.6813663405742783
2	10	0.6492030835072959
2	193	0.6268984332523709
2	134	0.6129855222869208
2	32	0.6031921958224483
2	110	0.5573908268212096
2	114	0.5418070383488179
2	4	0.5163867027865099
2	194	0.5085707587965197
2	75	0.4973657845738834
2	189	0.453883020374939
2	188	0.4535335949245672
2	175	0.4469560984010129
2	6	0.4462996691623947
2	172	0.4426003196230423
2	187	0.42947274360131743
2	77	0.4214714708535761
2	100	0.4114620705853795
2	185	0.4041171776385165
2	119	0.3908729568018237
2	99	0.3522410956685221
2	13	0.3473438526840989
2	148	0.3468425227007155
2	17	0.33324124990514875
2	182	0.3264324674126966
2	73	0.3210792992562128
2	190	0.3168484952929646
2	18	0.3165066034730241
2	69	0.31647061007455896
2	36	0.3143183534979287
2	105	0.3058765710436725
2	167	0.3055592832556629
2	20	0.2980152655374368
2	186	0.29692145061240555
2	90	0.2891422434692581
2	198	0.2872441688367172
2	85	0.2825029310853849
2	195	0.27601197663365235
2	92	0.27412633003582965
2	37	0.27158106713542285
2	44	0.26271270820679354
2	140	0.2558381846891559
2	160	0.25012860944796306
2	123	0.24928472759385376
2	127	0.24165404949204194
2	184	0.23792174822703505
2	64	0.2319506038362516
2	164	0.2286362304609317
2	79	0.2280485574370036
2	159	0.22783998832811475
2	158	0.22746071820729505
6	105	0.6114037231872815
6	8	0.6591618180421687
6	111	0.5908689060667422
6	107	0.5091858243278112
6	193	0.488897106194975
6	170	0.4802967969999807
6	13	0.44901032596652907
6	108	0.4386597491540339
6	194	0.4302716491987994
6	110	0.41935571393847576
6	182	0.418143480572649
6	32	0.4144315859942335
6	114	0.4143487579157994
6	189	0.40178018560855
6	65	0.3588976578303814
6	185	0.3557223831197835
6	10	0.3496281004912083
6	75	0.3411823210319557
6	186	0.32465336478502266
6	188	0.3224956943049494
6	196	0.31557948328097496
6	30	0.31302905318728924
6	175	0.3110793902953462
6	73	0.30986855860792895
6	18	0.3018374439658011
6	195	0.3009464644243939
6	172	0.29473148385648684
6	198	0.2939368542843161
6	92	0.29007669225110416
6	184	0.2859132537961385
6	187	0.28389182761692394
6	134	0.2815732721289386
6	160	0.2780246842942464
6	4	0.26017863253038026
6	64	0.25501559850194633
6	90	0.2528264732824352
6	139	0.2512906686703221
6	17	0.24788680227539425
6	169	0.24707008599124394
6	100	0.24543560088409336
6	85	0.2345604354497678
6	159	0.23187490651837955
134	100	0.6050845430438047
134	193	0.6097730523995191
134	30	0.5908754147676425
134	194	0.567488154125585
134	10	0.5449431372267199
134	189	0.5209771611789841
134	148	0.517053732900598
134	187	0.5072945117212554
134	107	0.5063358634649817
134	175	0.4887372840685373
134	172	0.4877852831324795
134	114	0.4798812591735005
134	36	0.4774529975538066
134	188	0.4754122479824586
134	77	0.4726211436091973
134	110	0.4696256852687371
134	68	0.4637435459692762
134	185	0.4616215509660618
134	79	0.450876593663896
134	159	0.4393620734792997
134	73	0.4370189076949307
134	75	0.4310943063843187
134	78	0.42798727738531606
134	32	0.4186631918948159
134	182	0.4134289054599276
134	4	0.4019395022543472
134	37	0.400806988160133
134	92	0.3987233239464795
134	44	0.3983868624180242
134	90	0.39246455581772816
134	162	0.39220227272826463
134	186	0.3895759381030898
134	20	0.3893893113814798
134	184	0.3880310647790911
134	13	0.3854542643976411
134	180	0.3814538786119737
134	167	0.3798206091231294
134	143	0.3729109544670719
134	161	0.37237704989376336
134	17	0.36036907923428857
134	163	0.3489871720821704
134	35	0.3482931966141565
134	74	0.3463497949007181
134	141	0.34484403305719263
134	119	0.34410370940450724
134	56	0.33988278610483835
134	8	0.3366947722031226
134	140	0.3331968016511181
134	54	0.33091907524122305
134	18	0.32912799626491
134	67	0.3280664880463416
134	57	0.3141741536115872
134	127	0.30594002045166085
134	65	0.2911570314647195
134	69	0.2898751911824123
134	195	0.284231971881835
134	16	0.27762787490167945
134	170	0.2713865448622489
134	48	0.26562427830456536
134	166	0.26535471886227285
134	99	0.26493635484089223
134	82	0.2562586823205292
134	149	0.2515529690476038
134	25	0.2511313968578853
134	153	0.2501848547445062
134	190	0.2478398740871265
134	183	0.2455013830494233
134	105	0.2448152579849336
134	198	0.2372612630650608
134	81	0.23512734443836014
134	42	0.2347116267986557
134	88	0.23383266847085374
134	130	0.2322249830582964
134	160	0.23016150569595745
134	23	0.23007627161928665
134	45	0.2298679067958596
134	85	0.2298205482143169
110	10	0.6546596029612564
110	13	0.5973906512139375
110	114	0.5948120054919428
110	8	0.5154180279702629
110	32	0.49777961632997403
110	111	0.4957459062307891
110	193	0.4276032915348063
110	107	0.4139842328344989
110	36	0.3884132423714887
110	17	0.3438744748150845
110	148	0.3437157499299374
110	160	0.32681659346381337
110	189	0.32585160704816546
110	187	0.3209626963389613
110	182	0.3127494020875057
110	75	0.31172956987893
110	119	0.3045525790123262
110	127	0.2970855726163811
110	77	0.2959819708426588
110	64	0.2899759449304337
110	194	0.28329410387368953
110	105	0.2819967468355709
110	20	0.2659495533609213
110	188	0.2588169479116941
110	143	0.2552586738111656
110	18	0.24859058539946705
110	141	0.24703252736517506
110	123	0.24648784392498105
110	185	0.23864802782538475
110	30	0.23593963499865395
110	101	0.2346265830617153
110	190	0.2323858088723573
110	100	0.2317518923873623
110	65	0.22878786098857995
187	188	0.7808325091874
187	77	0.738699133604504
187	186	0.7122373062213158
187	185	0.6815056082757185
187	158	0.47617813062587894
187	148	0.6140269506349488
187	75	0.6127607431437335
187	182	0.5575355661249429
187	73	0.5200001787744543
187	30	0.5092969253107666
187	193	0.5085485177836936
187	189	0.4967031827329218
187	74	0.4715953536396487
187	88	0.4594074802194261
187	107	0.4413289457662737
187	167	0.43994290153662174
187	194	0.4227370855563656
187	90	0.4140588055907692
187	25	0.39444230938368335
187	10	0.3938341577841636
187	8	0.3894062787686228
187	78	0.3879631081182711
187	198	0.3715843500427416
187	100	0.3708256080720464
187	159	0.3655872209633472
187	172	0.36163880610449134
187	169	0.3607431789157245
187	63	0.3572150929837216
187	184	0.3565955338156345
187	18	0.35331801778081623
187	82	0.34855677662006984
187	13	0.3483722764015045
187	114	0.34714158551168545
187	23	0.336446490546469
187	190	0.336437622479043
187	140	0.33003719897796624
187	119	0.3298767958701676
187	141	0.3275577407104865
187	16	0.3215994090284138
187	17	0.3096425457349702
187	79	0.3063025363506324
187	68	0.3029095567215006
187	95	0.2936627497840069
187	37	0.2878495978906015
187	111	0.2843698478304121
187	54	0.2841768182101454
187	80	0.27949113141908605
187	81	0.2778862731817901
187	32	0.2752450326779565
187	36	0.2667206777603938
187	4	0.2660053087212717
187	56	0.2487688354951376
187	153	0.2327641724159845
187	67	0.2310136520608828
187	143	0.2298205482143169
188	148	0.6232794292282108
188	77	0.69936678133315
188	186	0.6566265544234091
188	185	0.5620877640371305
188	182	0.5403642976368408
188	30	0.5278499763175052
188	75	0.4979751670347946
188	107	0.4926699764493935
188	193	0.4798504700234277
188	189	0.4662907591780989
188	194	0.4651004055670628
188	198	0.4598491756086678
188	73	0.4342722900506289
188	158	0.4113789972710577
188	78	0.3971999805527175
188	105	0.3858203164579841
188	100	0.3823763505959303
188	111	0.374545575418839
188	88	0.3721272356770065
188	8	0.3693929968231704
188	169	0.3466929648387858
188	184	0.3421362513534939
188	119	0.33609172131744564
188	90	0.33269888005670634
188	74	0.3149850892362046
188	172	0.3052237909372053
188	10	0.29744111006797874
188	114	0.2882530895087643
188	17	0.28572959257409114
188	4	0.2811773161206306
188	96	0.2811036393181362
188	167	0.2725163164426553
188	56	0.27136801777482594
188	13	0.2652245718659615
188	18	0.2650758206065961
188	197	0.26481547554365664
188	190	0.25856501659009234
188	47	0.2572394661211307
188	68	0.2569686358463845
188	67	0.25473508693655805
188	16	0.25121571892376104
188	140	0.24552017753855765
188	25	0.23834622971013736
188	180	0.2370441985922592
188	183	0.2335679609072505
188	82	0.23110831314302316
188	159	0.2284182421425215
77	75	0.6229184981188092
77	185	0.5806150204355233
77	186	0.5797924497513934
77	73	0.5640614781032788
77	148	0.5251829220785551
77	30	0.5161226495922894
77	74	0.4678622557704327
77	100	0.466079437887665
77	90	0.4655783157030774
77	107	0.44335586372033947
77	88	0.44037828119295
77	198	0.4346616844886657
77	194	0.4075919435858168
77	167	0.3953285780248342
77	158	0.38728330957249796
77	193	0.3811462189185335
77	182	0.3801970701584144
77	189	0.3677251606352629
77	114	0.34939108287093873
77	96	0.3415092097622477
77	63	0.3402807410731263
77	8	0.3264592704055341
77	80	0.3251095353141454
77	95	0.3232481273793887
77	92	0.3228002997129075
77	184	0.3208729951654314
77	56	0.31990385593132376
77	69	0.31816131331742153
77	82	0.31557948328097496
77	68	0.3153093348361678
77	10	0.3149130246689325
77	78	0.3147328473659202
77	172	0.3121177324346183
77	141	0.31135936446718665
77	4	0.29717674392376353
77	25	0.28872981129052416
77	159	0.28719829363851285
77	81	0.2861703442190283
77	23	0.2823556936964139
77	16	0.2809102219469787
77	32	0.276889372825755
77	119	0.2744499981328449
77	140	0.2742095649100528
77	47	0.2700057270069047
77	175	0.26514090083555913
77	197	0.2642202561771081
77	94	0.2606540460164013
77	190	0.2580517143720445
77	142	0.2472860336816667
77	79	0.24702313759267544
77	37	0.2459993746138452
77	183	0.24059916870815615
77	109	0.2404484249800293
77	54	0.2399772760983261
77	153	0.2390063532181008
77	131	0.2317140403940767
77	166	0.23149637781895424
186	75	0.5520116571107606
186	185	0.5116999434245759
186	169	0.4983210173241547
186	189	0.4949912963911315
186	100	0.4911235807541994
186	107	0.488402312274793
186	184	0.4655626508205759
186	17	0.4651082423467411
186	73	0.452738927502809
186	182	0.4513863410913239
186	83	0.4482675135510952
186	190	0.4466279438835269
186	148	0.4401444919212042
186	193	0.43339555900796256
186	198	0.4216688177193509
186	159	0.4078504102497015
186	16	0.39515138310066
186	48	0.3878271821416705
186	197	0.3852924817993164
186	119	0.38478995329651183
186	18	0.3784934375783882
186	88	0.37544792161149504
186	68	0.3743822178294134
186	82	0.3713947110275085
186	47	0.3706272188302164
186	74	0.3703338858196871
186	105	0.36729269205339465
186	95	0.3603429749282789
186	8	0.3597250083416779
186	172	0.35929834018905216
186	194	0.3447382987711358
186	167	0.33681002991955433
186	153	0.33605623914625954
186	67	0.3356392521994216
186	30	0.3255476743390474
186	114	0.32111517511877746
186	10	0.31083549782090164
186	161	0.2939368542843161
186	158	0.2925567050616297
186	90	0.28053253179500764
186	79	0.2791407780372637
186	54	0.2781169519561624
186	4	0.2740430910544684
186	64	0.2624240802796962
186	78	0.2596191610124914
186	166	0.25901287015550417
186	65	0.2578836928930899
186	140	0.25019422879643805
186	180	0.2444768045942705
186	139	0.2444485974546387
186	99	0.23786514382455465
185	73	0.6252019450084668
185	75	0.5970689929580038
185	193	0.5548212571529659
185	90	0.5424848729031441
185	74	0.5117073250184829
185	184	0.4953460561313607
185	167	0.4947119012954653
185	182	0.4842489584575982
185	194	0.4811272261022117
185	54	0.4640731573586303
185	30	0.4530250907367103
185	81	0.4481476470567116
185	159	0.4450014087481445
185	63	0.4412725780116813
185	107	0.4384416773727112
185	189	0.4294808990979167
185	158	0.4207969011936485
185	198	0.4053296658019567
185	17	0.4003872271944279
185	79	0.3938088106450093
185	148	0.391982244178252
185	8	0.3703338858196871
185	183	0.3684599922499288
185	169	0.36777704618279744
185	18	0.364746567510457
185	88	0.3623252915618487
185	190	0.3612388996147107
185	160	0.3557835239082737
185	16	0.35179429307495363
185	100	0.33940507944104154
185	99	0.3227465506739693
185	111	0.3222806384974641
185	119	0.3217518182438634
185	114	0.3194280146902821
185	4	0.3132274823375977
185	153	0.30982335883384804
185	82	0.3053235398158916
185	55	0.2998911562702371
185	139	0.2985892054524544
185	25	0.2942748499261299
185	67	0.29236466704562275
185	13	0.28988435087959563
185	37	0.28720746878356296
185	172	0.283597591159275
185	10	0.28050489251744626
185	68	0.2659123821321116
185	36	0.2650293332500345
185	141	0.26197707987926183
185	92	0.2604210159691261
185	105	0.2568752367346125
185	96	0.25243327846807945
185	43	0.245538971843116
185	140	0.24039189309122144
185	23	0.2393740405520289
185	48	0.2326601294600778
185	78	0.2314395924646627
185	32	0.2293658504822774
185	166	0.22771673311592505
185	20	0.2274417528885868
158	55	0.4689316833551712
158	63	0.4319894550093556
158	74	0.3937074160994091
158	54	0.3414915422123845
158	73	0.3371025618660326
158	159	0.3274149002773069
158	141	0.3221999839911726
158	68	0.3127674457308704
158	172	0.29970003052467115
158	140	0.29679378803513023
158	75	0.2763445178365106
158	167	0.2757994851484409
158	169	0.2694772004849784
158	30	0.2689856178413783
158	90	0.2673057612194922
158	189	0.2649921424776879
158	37	0.2504566832009031
158	17	0.2503629537087137
158	119	0.24733297558210104
158	166	0.2405143767887057
158	69	0.2345226358390513
148	78	0.6098233040940071
148	182	0.5451188725259198
148	142	0.4971776043601202
148	193	0.4835213961723372
148	198	0.4725590109197431
148	100	0.4681277891902314
148	30	0.4616136818742999
148	38	0.4333062162372017
148	197	0.4060648263062875
148	111	0.4037322290249691
148	189	0.3727043109959229
148	164	0.37217031094152003
148	67	0.3701354127708958
148	75	0.3526264434527408
148	13	0.3410321012344566
148	105	0.3027914801184586
148	194	0.3003825119107144
148	119	0.2823556936964139
148	114	0.2798967107876261
148	44	0.27048774967787925
148	88	0.268809355955131
148	56	0.2661632725763563
148	17	0.26176285233260466
148	23	0.2606820075817929
148	184	0.2581263855753794
148	16	0.2558475301334789
148	101	0.2537529590686832
148	107	0.251927619771327
148	18	0.2508690371704269
148	36	0.2461590802657406
148	73	0.2447212491348211
148	35	0.23932690498448114
148	99	0.2375066117686717
148	79	0.23396500925724706
148	95	0.23384212167158036
148	10	0.2316856509386336
148	143	0.2301425650951461
148	161	0.2298110763673928
148	52	0.22974477222003856
82	47	0.5577422777717651
82	189	0.5025859157769725
82	159	0.4940998954792761
82	54	0.4659620141855931
82	50	0.4530489334606776
82	119	0.4503426365429377
82	48	0.41185242358067503
82	17	0.41095521706381016
82	153	0.3980502936390015
82	88	0.39715786810762704
82	16	0.3966860944789542
82	87	0.3798206091231294
82	83	0.3733069177292036
82	190	0.3651453021543554
82	18	0.3627682570650432
82	73	0.3614127883407988
82	149	0.3598730009361474
82	89	0.3506985108140414
82	20	0.3380771981143772
82	194	0.33485815695747506
82	64	0.3314265602248951
82	43	0.3305806455252865
82	67	0.3139307834308088
82	167	0.3117385980975386
82	53	0.3114316070952517
82	107	0.3079870671791292
82	171	0.3058131189185498
82	172	0.3038538345415147
82	169	0.30230090860150266
82	94	0.2839929590556966
82	184	0.2831009460505805
82	75	0.28038511693974283
82	10	0.27951878772841066
82	74	0.2760951181330913
82	146	0.2685217321220448
82	68	0.26361553042821195
82	42	0.2597124183801641
82	79	0.2515342345312766
82	45	0.2393363321882445
82	8	0.23786514382455465
73	75	0.7374107078063639
73	74	0.6564843206857535
73	184	0.5426824417336603
73	90	0.5937123568553037
73	92	0.5164453679447271
73	16	0.5155355133616372
73	107	0.4791034713428476
73	141	0.4569424472862968
73	30	0.4563488412648558
73	167	0.4499120484569727
73	198	0.4416670791504945
73	81	0.43710789500894137
73	63	0.4369056387391719
73	100	0.4295624502109113
73	88	0.4270965208841832
73	25	0.39844575092924894
73	140	0.3928790021538542
73	172	0.39072892011582455
73	37	0.3861096670025049
73	4	0.3809410655416953
73	18	0.3798206091231294
73	166	0.374029630166585
73	69	0.3731950288470048
73	159	0.37017856196111815
73	57	0.3674743482157748
73	119	0.36467720869141457
73	193	0.3612562896182176
73	194	0.35871469362437897
73	17	0.34771312673521665
73	68	0.3437862967486027
73	23	0.33924580495765033
73	79	0.3380063398934352
73	175	0.3340499491893561
73	153	0.328699924784642
73	56	0.32730776013033835
73	8	0.325967798820469
73	189	0.31936515568281965
73	36	0.31616462940282075
73	114	0.3147328473659202
73	20	0.3145976995013946
73	139	0.3137865445929635
73	190	0.3132365011947909
73	163	0.31307415312196524
73	53	0.3100854980246474
73	10	0.30810473118303605
73	183	0.3074167158894057
73	54	0.3050242730867153
73	96	0.3026915618857263
73	80	0.2998729548551828
73	47	0.298489009268431
73	58	0.2933429001560087
73	48	0.2909373614989811
73	132	0.2841952029763723
73	67	0.2841032770555276
73	182	0.2670178876088228
73	131	0.2510189615075179
73	87	0.25054103572976205
73	161	0.24478705581312865
73	105	0.24204006858569965
73	94	0.2364211865813848
73	32	0.23541073897928574
73	64	0.2328776677461269
73	162	0.23199791323340901
73	43	0.22930900622165976
100	75	0.508155481330417
100	30	0.5069230914032739
100	198	0.5067224461215448
100	193	0.5023541833869593
100	180	0.4402412395499353
100	175	0.4251568762795512
100	172	0.42296702047361057
100	163	0.4182754967039977
100	159	0.3894656625423207
100	99	0.3868327109565407
100	16	0.382606849641392
100	161	0.37888747059684297
100	190	0.3776106487376539
100	56	0.3679845654724458
100	114	0.3636016298047012
100	142	0.3594986317153349
100	67	0.35402669957632144
100	74	0.3528978666969592
100	107	0.3459977294165426
100	36	0.34077580373327665
100	68	0.3388475336564746
100	197	0.3387944216357897
100	184	0.33774944672238016
100	58	0.33410325275881564
100	101	0.3245996877279369
100	194	0.3228540466698613
100	17	0.3160026129973957
100	50	0.31228018815970554
100	105	0.30986855860792895
100	92	0.30407166013575465
100	48	0.30245536506963056
100	32	0.29940874503382203
100	162	0.29754137495352
100	189	0.29581773105314096
100	57	0.2954435640264603
100	153	0.2898019116933332
100	196	0.2871891184407608
100	78	0.2802192594173017
100	38	0.2796109720761084
100	170	0.27268294054176345
100	65	0.2709789025009107
100	167	0.2698666568393789
100	83	0.2672500474682015
100	90	0.2666092109836629
100	195	0.2665441854032165
100	18	0.2662840588209269
100	37	0.2543703578065817
100	166	0.2453416224412592
100	79	0.2441665033108855
100	182	0.24294361830169445
100	125	0.2348250128588177
100	10	0.23235742876943674
100	119	0.2310515170186721
4	107	0.7672880391461957
4	8	0.590588959164458
4	175	0.5647633597619197
4	172	0.5408031145496186
4	69	0.5245380980702766
4	140	0.5039673334659539
4	79	0.4930560903103927
4	194	0.4930258138856175
4	42	0.467526313094793
4	30	0.461653026606599
4	193	0.4502389955796462
4	166	0.4481156799362316
4	37	0.4479078657207413
4	167	0.4400799878239535
4	32	0.4316559080562393
4	68	0.4296603022985759
4	146	0.4251486838284152
4	92	0.4109469058715595
4	18	0.4100988055776395
4	189	0.4009580609358006
4	10	0.38288850602869945
4	54	0.3775506284373934
4	90	0.3628116762370354
4	43	0.3486094860080821
4	57	0.3438303865398011
4	44	0.34203912399209263
4	75	0.3393696867928806
4	141	0.3378823287859429
4	64	0.3267362039172117
4	47	0.3249843270854623
4	163	0.3105463870598318
4	184	0.3104560281599216
4	105	0.309235634391516
4	183	0.3088647943325482
4	162	0.3082857343219625
4	119	0.3077969746543007
4	180	0.3052872682714874
4	17	0.3051240353602333
4	114	0.3036632110828472
4	48	0.3009464644243939
4	63	0.298489009268431
4	182	0.2946584314659816
4	56	0.29371757454930497
4	16	0.28817973500483673
4	159	0.2874093086382981
4	198	0.2842963154545661
4	67	0.27834759865492664
4	153	0.2777017070827385
4	123	0.2723311593820055
4	169	0.27155327959731484
4	171	0.2701818663810464
4	20	0.2507378435018773
4	35	0.24256719038213564
4	195	0.2425389553419328
4	149	0.2413715480241206
4	81	0.2391572076020879
4	25	0.2290247614623224
107	8	0.7657620182484389
107	193	0.62038454693818
107	172	0.6091444925055864
107	32	0.5720670162552953
107	75	0.5683553089733765
107	175	0.5312607317012877
107	30	0.5288447477371796
107	189	0.5237330353034765
107	194	0.522781711296386
107	105	0.5128874068227106
107	10	0.5058151421927759
107	114	0.4856333039127293
107	140	0.4801583083310344
107	69	0.4705916423897034
107	18	0.4567683649971051
107	184	0.43623383110055297
107	166	0.425328901660506
107	17	0.420319485346611
107	146	0.41516845336035896
107	198	0.4123090277748398
107	90	0.40089931300267856
107	119	0.3992782508420096
107	167	0.3983532103654665
107	190	0.3980755400164261
107	79	0.39507543341521983
107	42	0.3947884636422273
107	37	0.38667963541788897
107	48	0.3834345458386806
107	182	0.3803767003532975
107	68	0.37372855512251824
107	92	0.3705582059469465
107	64	0.3604038840976354
107	54	0.35521567091229034
107	16	0.3387944216357897
107	43	0.3356569990061364
107	44	0.3349203064016165
107	169	0.333427916395926
107	88	0.3322808383349939
107	47	0.3311683900522397
107	159	0.3301530338155868
107	153	0.32502010202787723
107	20	0.3248769966778355
107	36	0.3082947838931238
107	85	0.3063750288746043
107	141	0.29742287938380924
107	123	0.2886839788740995
107	180	0.2861703442190283
107	149	0.2809194328155762
107	56	0.2638481418064021
107	67	0.2611013785592901
107	83	0.2512438254318057
107	143	0.2503442072470197
107	139	0.2467038577357163
107	65	0.2286457076940042
8	32	0.6323246212751577
8	10	0.6086285016350347
8	193	0.5497618890922912
8	114	0.5180640758484998
8	75	0.4705449284604016
8	189	0.4684556843789293
8	30	0.4506694247052848
8	194	0.4413933617927741
8	172	0.42542718808259694
8	119	0.4161528523877459
8	18	0.4135781281308055
8	105	0.405722373655403
8	190	0.3801885156240121
8	37	0.37450258883325627
8	175	0.35793896802004843
8	13	0.3568399045047029
8	17	0.34361874171941365
8	69	0.3382100469476239
8	64	0.3362159014032892
8	140	0.3326810937092545
8	169	0.32911907948794195
8	167	0.3231854402156753
8	182	0.31710036290998583
8	170	0.309253721746097
8	111	0.3049698544792711
8	88	0.2970673377047861
8	90	0.2863906746504909
8	123	0.2839102156211216
8	83	0.28288016612905553
8	20	0.2797953253050721
8	195	0.2696719396898508
8	166	0.2670550352699472
8	85	0.26448068944675673
8	36	0.26434117641829125
8	139	0.2629547469973725
8	43	0.2590781728347176
8	160	0.2589942118121897
8	198	0.24833725366750475
8	92	0.2465348055333085
32	114	0.7055666452657194
32	172	0.5833131894343723
32	10	0.5038778060208988
32	36	0.4919957050734879
32	140	0.4903188366269237
32	69	0.4827394796080168
32	175	0.4725823112288489
32	139	0.4679559830969605
32	166	0.4523015535330508
32	37	0.4388535473774312
32	193	0.4330300120104921
32	30	0.42412407910457744
32	141	0.34646419518569105
32	13	0.3461561709499805
32	75	0.34585687592874864
32	20	0.3376608511992428
32	68	0.3216621677828967
32	127	0.3188981150969265
32	167	0.31655159393949545
32	189	0.3140750077794584
32	92	0.2739505984816571
32	129	0.2481964991341051
32	105	0.2440442496776168
32	123	0.2435269369715144
32	195	0.2387517602849259
32	65	0.23355850642509185
32	85	0.22920478768150934
23	25	0.7514249106607614
23	132	0.5401731080122573
23	131	0.4691656813523325
23	28	0.4625731746685836
23	16	0.4109967720003931
23	56	0.4088086671272782
23	58	0.4013775931101213
23	161	0.3650499647455046
23	18	0.3477482900693876
23	141	0.3412971832378406
23	78	0.3387678648156825
23	63	0.3319605478353169
23	94	0.325896297356517
23	162	0.3217966413111037
23	167	0.3128305967048998
23	29	0.30780602723666084
23	27	0.2969305689618525
23	69	0.2728032699973648
23	53	0.2700706225637635
23	74	0.2681876572536102
23	30	0.24705130677099865
23	20	0.2345131858255565
23	125	0.2342958232851764
23	10	0.2316288708438448
23	52	0.2285130224879152
25	132	0.6332479763834812
25	28	0.4763173044853217
25	131	0.4499997778212159
25	63	0.44779594570715736
25	167	0.4389907964225021
25	27	0.4378679829658838
25	141	0.4074501760667426
25	58	0.40037043325858257
25	29	0.399664845173802
25	53	0.3976799441750647
25	56	0.3868071998468803
25	140	0.371860133263432
25	162	0.3607431789157245
25	94	0.35060203593173833
25	130	0.34286006120927764
25	109	0.3308122118902845
25	125	0.32855720426239243
25	16	0.3279058515338785
25	74	0.3186914900271274
25	10	0.30026423714773354
25	35	0.298252155771295
25	30	0.2969032137510664
25	37	0.29004921634663045
25	69	0.28827142760616936
25	172	0.2879779926808475
25	68	0.2844341859148753
25	75	0.2813522852412399
25	189	0.2794634746459759
25	57	0.2789563516583307
25	20	0.2695792094849921
25	161	0.2633363563025615
25	18	0.24470244681259265
25	175	0.2445238155741774
25	80	0.2348344614087632
25	123	0.2294321668088843
25	180	0.2289394804154429
25	166	0.2285414557469422
132	28	0.7437143146535466
132	131	0.6930806477039242
132	125	0.5969338392041003
132	53	0.5488052354088637
132	130	0.4634295109639131
132	63	0.4499519265172911
132	141	0.43710789500894137
132	167	0.4336797747854089
132	29	0.412806905306823
132	27	0.3977388720808973
132	140	0.3833663055096456
132	20	0.37176534018179797
132	16	0.3714119522188129
132	37	0.3337300829093803
132	137	0.3245012743596895
132	165	0.3232749924383026
132	162	0.3147328473659202
132	143	0.3093622411746419
132	109	0.3049607845177322
132	62	0.3048337992482011
132	69	0.3042713056707034
132	54	0.29837058711342057
132	94	0.29541618239076245
132	68	0.2887848084434634
132	171	0.2819139017280804
132	159	0.2776371041036871
132	74	0.2733215146615331
132	58	0.2700149979509461
132	67	0.2689577882146917
132	17	0.25703401236871104
132	175	0.2375349192852475
132	166	0.23701588408947655
132	18	0.2361851463794423
132	127	0.2346927285009003
132	61	0.2346927285009003
132	56	0.2297068831782809
132	122	0.22786843080188776
28	131	0.6968342750896879
28	125	0.540704052571261
28	53	0.4020149595417971
28	16	0.3984962241815512
28	29	0.30317292486099645
28	52	0.3021918709472852
28	17	0.2860142585163299
28	91	0.2832849064031268
28	67	0.2690783800196393
28	27	0.26802987724695515
28	130	0.2612784167277485
28	63	0.2579116975564513
28	41	0.2566884241170458
28	165	0.2428401079121053
28	48	0.2425389553419328
28	122	0.24175762310367616
28	174	0.2365722376698331
131	125	0.4772754091691344
131	141	0.430165710653664
131	29	0.4199900973728098
131	130	0.4093665408085589
131	53	0.3996480396792423
131	16	0.38795461323904695
131	63	0.3452756905544385
131	17	0.32483227320453995
131	143	0.3199846431421994
131	67	0.31592159788215346
131	109	0.3034634842392049
131	27	0.2911112694194092
131	127	0.286418213825318
131	112	0.28483853804899883
131	20	0.2835883954091335
131	78	0.2734417987823956
131	36	0.2721089442848981
131	119	0.2698388414545681
131	62	0.2607379294005125
131	129	0.25498754927602946
131	40	0.2428965688102986
131	113	0.2354863040987352
131	18	0.2320262983448896
140	141	0.7433968558739495
140	166	0.7085221451608307
140	37	0.6924981999004962
140	172	0.6509064955791698
140	69	0.6028485579703824
140	42	0.6000402029262669
140	167	0.5790883461289776
140	68	0.5505638078898236
140	146	0.5157043646583531
140	139	0.4760234650206827
140	35	0.4657114554254413
140	61	0.4589339828990484
140	175	0.457606803153117
140	63	0.45707694144944305
140	137	0.4367599868629314
140	114	0.4121762188121411
140	36	0.40085734817448826
140	143	0.392997386094155
140	62	0.3811633133394178
140	130	0.3739866242705591
140	171	0.3694707136324872
140	10	0.3577209785940691
140	27	0.3447294871857057
140	75	0.3440419964335095
140	74	0.3371734689026685
140	20	0.32811110593339377
140	127	0.3248680520994066
140	189	0.3108264639798887
140	123	0.3071812683854557
140	30	0.3024008528353165
140	136	0.3023826816509351
140	18	0.2982703765756363
140	53	0.28550917139893595
140	54	0.2827421634526159
140	159	0.2729606110228135
140	144	0.24570811227618214
140	57	0.2408441025110154
140	58	0.2376953209240943
140	129	0.2358546432701436
140	79	0.23322757173776426
140	162	0.23272633923015476
141	36	0.6117417517147262
141	130	0.5434086961679939
141	37	0.654808147083097
141	63	0.4846928254502062
141	167	0.4767655912483029
141	143	0.4640339246430896
141	35	0.4629346697095636
141	166	0.4340531843189497
141	69	0.4111546651828583
141	127	0.4098159476989627
141	172	0.4091084581642699
141	74	0.4062234852212745
141	139	0.3967956320480913
141	68	0.3960117685122655
141	144	0.39245609606880266
141	137	0.3832724682225402
141	75	0.3735048483786612
141	114	0.3666004119228435
141	27	0.365344619260421
141	42	0.3442183113201515
141	10	0.3345562467910964
141	62	0.33410325275881564
141	146	0.32845907519828904
141	81	0.32246881414908074
141	61	0.32027184886895016
141	20	0.3085210050342675
141	175	0.2946219039791252
141	129	0.2868220673310033
141	79	0.28406650522454874
141	53	0.2837814952071317
141	136	0.28140753476199426
141	90	0.2804772527747039
141	125	0.273895100505326
141	30	0.2732474894151058
141	88	0.2619398247684976
141	123	0.2570713693252702
141	162	0.2440442496776168
141	67	0.2440442496776168
141	80	0.2385254278970595
141	40	0.23337886287479595
166	172	0.7046414418666278
166	167	0.6159917198602889
166	61	0.6125795989205896
166	42	0.6026129731950376
166	139	0.5999442015230511
166	68	0.6089431915176935
166	175	0.5923184425769779
166	37	0.5886841620484415
166	69	0.5832802011861243
166	63	0.4177555810343721
166	30	0.3999420970409614
166	196	0.3863308838144055
166	180	0.38622878926803705
166	114	0.37054957904881897
166	36	0.3686673908417934
166	146	0.3657604774897364
166	183	0.3497509809024518
166	75	0.3439890972353188
166	92	0.32574434436685223
166	74	0.32544038790293256
166	62	0.3110703579711194
166	79	0.3056499438375841
166	171	0.29746845568754043
166	189	0.2951879832222894
166	57	0.2918615986068539
166	169	0.284149240668967
166	199	0.2755037999765144
166	194	0.2730346488062901
166	81	0.2615672307382032
166	162	0.2555577991305913
166	58	0.2451348536367909
166	159	0.2434328652178304
166	184	0.24298125707184345
166	190	0.23868574935003056
166	137	0.2369026220521493
37	167	0.5823094867894022
37	36	0.5619919884725849
37	42	0.5201023153122148
37	61	0.5143303695787225
37	139	0.4956855649580863
37	63	0.475574768225444
37	172	0.4655313201804111
37	35	0.4633823956685906
37	68	0.4446966071971495
37	30	0.4426887668618178
37	69	0.4316152235193351
37	175	0.4304753438605203
37	143	0.4130142815156527
37	62	0.4056555403378425
37	20	0.3897964557149455
37	10	0.3808213754125516
37	171	0.3768644569138114
37	18	0.33077658888770395
37	162	0.3232570824569227
37	189	0.3232481273793887
37	54	0.3157955652125161
37	114	0.31551645321742705
37	75	0.3079237057355658
37	56	0.3038447577854626
37	119	0.3020555627586535
37	58	0.29149562917849986
37	74	0.2874918721324564
37	127	0.27631680859557617
37	57	0.2742558047317698
37	130	0.26872585719757064
37	125	0.25389329514139125
37	53	0.252714140421959
37	79	0.2504285648461434
37	190	0.24468364430632425
37	183	0.24083468254714546
37	17	0.2407404804131771
37	146	0.23655335690897505
37	67	0.2292995320261382
36	139	0.5751735489691602
36	114	0.5250235834334614
36	143	0.4970420856363964
36	10	0.4235662375460581
36	79	0.4085087878361363
36	75	0.3877167298635781
36	167	0.3696174979481477
36	193	0.3570755014262638
36	190	0.3530379328824237
36	81	0.35213598008064034
36	30	0.3285928857999775
36	183	0.2990172422601685
36	125	0.29843435403097657
36	130	0.28889479703150106
36	127	0.286757824724156
36	198	0.2807996874878135
36	61	0.2803666891526837
36	172	0.2687165793085021
36	35	0.26544767508264355
36	20	0.2636062253351614
36	142	0.2620236476697193
36	74	0.2605888006632746
36	175	0.25203063548831955
36	38	0.2334639591747679
36	145	0.231060983148765
130	144	0.4730869890050338
130	27	0.4515455767880524
130	53	0.4394508348956404
130	127	0.4225317405197792
130	125	0.3835454274443744
130	94	0.3353641462333236
130	129	0.3316045797094798
130	137	0.32254945305629623
130	20	0.31360622567815144
130	29	0.307842237008802
130	35	0.2938546280079858
130	68	0.29195307761735384
130	145	0.28503148857613664
130	63	0.2809654863822841
130	167	0.2774802007010913
130	146	0.2688650195490996
130	123	0.26137158765197804
130	114	0.2571647583553017
130	143	0.2545854632338524
130	40	0.2521991943403197
130	109	0.2445708254045679
130	10	0.23385157482809585
30	56	0.4362743152197223
30	75	0.5481969779955836
30	193	0.5118032788646631
30	175	0.4849682036191183
30	194	0.4843714294389192
30	167	0.482547715820317
30	172	0.42872213832823947
30	92	0.42367290858527773
30	99	0.411337458050644
30	114	0.39672822565039895
30	189	0.3961045136865035
30	90	0.3880395590650579
30	10	0.3736253112567417
30	69	0.3696433991480901
30	182	0.3691598153924756
30	74	0.3346894509231161
30	119	0.3317024803623102
30	198	0.3296718086221631
30	139	0.3287534411106959
30	63	0.32145594983659737
30	57	0.31929331337567163
30	68	0.29317838048113626
30	190	0.28291696486511503
30	184	0.2791038944084128
30	105	0.27439451658738545
30	16	0.2696255752124823
30	79	0.2663026405779643
30	180	0.2632805161825375
30	163	0.2565669856285086
30	162	0.2540242658324298
30	18	0.2393740405520289
30	78	0.2370536366703656
30	17	0.23682711044938554
16	17	0.5495036646879968
16	18	0.5229343013914577
16	48	0.4952479476172089
16	119	0.4690876893371306
16	43	0.4404427642786125
16	159	0.42025361660945937
16	67	0.4119022450043423
16	184	0.4029786551520588
16	47	0.3953623261037689
16	75	0.38524990349392346
16	153	0.3798291664536755
16	189	0.36814018088795575
16	198	0.3671715723751228
16	20	0.3671110078660412
16	78	0.3599426382450076
16	90	0.356962071540292
16	87	0.3466841667684025
16	161	0.34642899619544404
16	193	0.3380860551225145
16	149	0.3328767305112474
16	50	0.3311416799619588
16	83	0.3270755942744102
16	182	0.3266379436062004
16	105	0.3255655545968621
16	56	0.32511847832297097
16	190	0.32025390023512723
16	125	0.3141741536115872
16	194	0.30766117923234715
16	79	0.2941561030834005
16	167	0.29289500033958765
16	74	0.28654672371636863
16	54	0.2856102015220107
16	53	0.27290508056313273
16	183	0.2659123821321116
16	81	0.26520597864880685
16	89	0.26515949474301065
16	175	0.2628058039640341
16	63	0.2611759230876459
16	192	0.2594885925628415
16	180	0.25855568512464283
16	164	0.2448152579849336
16	64	0.2441288876347796
16	58	0.24065569461448424
16	88	0.23660999865553944
16	162	0.23409734137425264
16	92	0.2297542443716729
16	170	0.2281623135860806
43	189	0.4766574067880616
43	17	0.4577095745205661
43	47	0.4183497480134191
43	149	0.4025597666836645
43	18	0.3845854696104116
43	194	0.3799232927990576
43	78	0.3691684525708973
43	153	0.36051699297280654
43	119	0.3471064053144195
43	48	0.3438744748150845
43	54	0.3417565301150758
43	90	0.3328856224124708
43	182	0.32567283125363633
43	67	0.32238817056109353
43	171	0.31080839612938593
43	105	0.28636313500244204
43	165	0.2820151562884358
43	146	0.26891140450555945
43	45	0.2653175349926889
43	79	0.2570433516798704
43	174	0.2547537890419836
43	159	0.2535938986045849
43	87	0.24676959620481406
43	169	0.24674142285326106
43	184	0.2464127029440105
43	88	0.24394079823643186
43	175	0.24261424786927385
43	63	0.2403542042593285
43	162	0.23387048100848756
43	44	0.2297826605654179
75	74	0.6019566026909765
75	90	0.5504244166442388
75	193	0.5462985713451188
75	88	0.4954818778309616
75	198	0.4914877177464722
75	184	0.4788568863901591
75	194	0.4542957978203277
75	190	0.4512031844940971
75	114	0.448187604345662
75	167	0.4009328836539561
75	159	0.3861266852575853
75	81	0.3834516052668359
75	17	0.3610215033718936
75	79	0.3602994664973963
75	92	0.3575291156434918
75	139	0.35643841259961395
75	189	0.3546825241407902
75	182	0.35224985489977345
75	10	0.3504792389554027
75	18	0.34817896150205435
75	172	0.3462617876709256
75	160	0.34293065503109715
75	175	0.31710935735506257
75	119	0.3112148684146025
75	105	0.3098052785320899
75	69	0.3063206598147292
75	63	0.302173697235986
75	183	0.2942383134035701
75	56	0.2911936401416662
75	111	0.2820611790120233
75	85	0.2666556563409172
75	99	0.2586489976074534
75	96	0.25520258237159665
75	68	0.2423318858282092
75	83	0.24059916870815615
75	48	0.23834622971013736
75	108	0.2285130224879152
74	63	0.4847081267591746
74	90	0.4679481728884337
74	167	0.4393701430535285
74	81	0.4315338491774832
74	88	0.4311268721307052
74	68	0.3815307803361288
74	172	0.3657085031928037
74	159	0.3465081925515515
74	92	0.31645261303359146
74	80	0.297814791278574
74	57	0.2964928271317207
74	183	0.2898935105236741
74	194	0.2769724706594984
74	184	0.2742280609909046
74	94	0.2697090303715361
74	67	0.26719433193014186
74	114	0.25501559850194633
74	193	0.2498004782475539
74	96	0.2493691328411544
74	69	0.2463469521554019
74	53	0.2461402920591013
74	178	0.2445708254045679
74	198	0.24432636173606556
74	175	0.24364922340144635
74	20	0.2350612132907885
184	198	0.4987869125434123
184	193	0.4533985522766771
184	79	0.4404266439331851
184	90	0.39847940003228
184	182	0.3947462557056533
184	18	0.39441697662598457
184	105	0.3873683074442016
184	153	0.3846536350343567
184	92	0.3697038330472847
184	189	0.3686328269579116
184	194	0.36847727686723497
184	161	0.3543590275886646
184	175	0.3404222068125892
184	183	0.3282003373155319
184	47	0.3193741357131136
184	17	0.3150121125126454
184	64	0.3133357048946017
184	159	0.3111968053960617
184	48	0.30653812406005304
184	81	0.2897194682065725
184	53	0.2874460040519867
184	170	0.2835332198130508
184	172	0.2826593562274505
184	190	0.27711095784246376
184	68	0.27499546929099233
184	169	0.2651501978139358
184	163	0.2627871852039861
184	180	0.2601133698463477
184	96	0.2555764928392684
184	78	0.2552680222173971
184	192	0.2545480554032563
184	111	0.2513843516158287
184	197	0.25072847217304184
184	65	0.2418423610523537
184	20	0.2396191273108449
184	67	0.2363362153215755
184	44	0.2354863040987352
184	196	0.2342485674582641
184	80	0.2335490518987696
184	69	0.23027514563850265
184	119	0.2283329361294623
182	170	0.5326445917927861
182	194	0.5904261339568296
182	193	0.5576320401669842
182	78	0.5340041647391152
182	189	0.5168119153542897
182	79	0.4881433718042846
182	183	0.477939235571454
182	198	0.470303531139973
182	13	0.44147387542870375
182	196	0.4222606186392893
182	180	0.4132464920327455
182	105	0.4045187105870591
182	111	0.4004711928391008
182	195	0.3936144626824186
182	197	0.3793070503657052
182	67	0.3648679357038641
182	169	0.3582005038365961
182	114	0.3537467750429176
182	142	0.33889179202404257
182	160	0.33543514679944225
182	17	0.3220386609461672
182	18	0.3087200507745816
182	81	0.3064022126549936
182	175	0.2979423688475257
182	153	0.29256584914062106
182	65	0.2855275409843008
182	10	0.2806707212037682
182	47	0.27863355598159073
182	174	0.2718867001618723
182	88	0.2579677055830524
182	90	0.2550716956662112
182	172	0.2546883308393019
182	119	0.2539213610734508
182	38	0.2489189277703697
182	190	0.2389686378190272
182	164	0.2359868510660393
182	45	0.23035090211133846
78	189	0.4750483946070853
78	197	0.4517923352826545
78	79	0.4512748589950923
78	67	0.3917113782371333
78	194	0.3846706757348803
78	142	0.3814709683403623
78	170	0.3776449446275342
78	111	0.3542366013607277
78	198	0.33620703178479194
78	80	0.3324142701001417
78	38	0.3319783437610572
78	18	0.33171138006743456
78	105	0.33167578089269417
78	17	0.3177298362347077
78	193	0.3120094184758013
78	183	0.3097600767974711
78	88	0.3092175468132035
78	13	0.30881956350713435
78	65	0.30319108647442444
78	96	0.2722200554629362
78	44	0.2681412528623698
78	164	0.2660424779727925
78	143	0.2633735820689637
78	119	0.2611479692545122
78	180	0.2505129186427535
78	45	0.2453228261992657
78	95	0.24424173245874284
78	10	0.24387496261025285
78	35	0.24268012643322195
78	92	0.229555320049508
189	169	0.6244521480845724
189	194	0.5715083774901664
189	119	0.5660967251051968
189	153	0.5492453352598644
189	10	0.5382297328793331
189	18	0.5226945019119479
189	17	0.5157043646583531
189	172	0.4881966901057087
189	159	0.482770157519416
189	193	0.480988881136016
189	67	0.4621722068204733
189	175	0.4601251197424535
189	54	0.4588945130134106
189	105	0.4339233196478409
189	47	0.42595121282594106
189	195	0.4220716102130471
189	170	0.41442330349530304
189	174	0.4075335711039347
189	190	0.4056889575388936
189	68	0.40265193662163
189	13	0.3973515715045149
189	48	0.3666610026575218
189	180	0.366046295340998
189	114	0.3638532634821596
189	65	0.3497773108537169
189	171	0.34654338934659346
189	167	0.3421627393651761
189	149	0.3380860551225145
189	79	0.3284055472652939
189	44	0.3254135649844451
189	20	0.3195267874510746
189	196	0.3023645102467665
189	83	0.292291503502427
189	50	0.29092820791783336
189	64	0.27278475832884874
189	111	0.27271070963500843
189	197	0.26958848273049124
189	165	0.2632898229917322
189	42	0.25879828753935474
189	146	0.25854635361093903
189	95	0.2562399955950043
189	35	0.2552119310641578
189	160	0.253631325830296
189	143	0.2414657197283501
189	45	0.2390440678960436
189	136	0.23244256789103984
189	62	0.2317613552760353
189	183	0.23127869206407306
35	62	0.5907842859556383
35	137	0.5781104690754051
35	44	0.5447673540381239
35	136	0.4709263483474776
35	143	0.3925914440827685
35	149	0.3783820555452554
35	171	0.3556262985859587
35	40	0.35347553770937784
35	67	0.3370227868782857
35	61	0.3259499238040552
35	18	0.32187731919726503
35	42	0.3213035082752204
35	165	0.3170733792325026
35	162	0.30270064563641386
35	164	0.2847925940443438
35	144	0.2712383225325036
35	123	0.2711549418177696
35	10	0.26197707987926183
35	56	0.26166038655962204
35	79	0.2551745360076214
35	172	0.2500254886864382
35	146	0.2469198470337803
35	68	0.24118319097866486
35	45	0.24115493585418174
35	58	0.2393457593468825
136	149	0.5212466848479707
136	44	0.5015762313422629
136	123	0.4853810906053715
136	137	0.4379649704648309
136	143	0.4227699367351114
136	146	0.3838694795030093
136	18	0.3561503046743231
136	144	0.3154534203696345
136	62	0.30766117923234715
136	42	0.30258255258850264
136	48	0.2892613705699744
136	17	0.28474664873121897
136	159	0.2710066993879633
136	54	0.25501559850194633
136	171	0.24745501908920825
136	40	0.23193167977011755
108	112	0.5292336111949546
108	109	0.3698419559279096
108	11	0.3554603166849323
108	65	0.3526001735371034
108	111	0.33720892098658417
108	113	0.33410325275881564
108	13	0.2768986061229408
108	92	0.2741818204083916
108	139	0.2574448966205087
11	112	0.5667351476207542
11	109	0.4563567586860752
11	70	0.3867986960120857
11	113	0.3656825151889697
11	95	0.34881151823358
11	106	0.2995543947597145
11	123	0.2585743480072862
109	112	0.5048247556241201
109	95	0.4681434061714742
109	106	0.3807444250181648
109	94	0.3086024361040108
109	113	0.30801422124722155
109	63	0.3075796959624443
109	167	0.2808273218010792
109	143	0.2516841053829911
109	127	0.2484404669945284
109	27	0.2482997201503483
17	119	0.7215255953777845
17	18	0.7213865400489966
17	48	0.6263396726607328
17	67	0.5369285877343445
17	149	0.5326947302050058
17	44	0.4921169659630696
17	190	0.4598176334790721
17	47	0.457393315857429
17	159	0.4494732713933586
17	10	0.4265240378305303
17	54	0.41668187417121294
17	105	0.4079671157111674
17	169	0.4054048767656645
17	83	0.40462743226871456
17	20	0.3772676328661857
17	193	0.3763924738812937
17	153	0.3746573330061805
17	50	0.3553904228604619
17	53	0.3426747340028597
17	146	0.3366681728355433
17	45	0.3284679963153457
17	111	0.3166325731901605
17	194	0.31572354154020993
17	64	0.3084938603393508
17	171	0.3084576666312233
17	143	0.30045529178933805
17	114	0.2868404218877449
17	79	0.2764368786546084
17	125	0.2673521879804474
17	87	0.2523209217723198
17	175	0.24710764387495104
17	170	0.2418329459068602
17	164	0.2370725126923373
17	172	0.2326033765120475
119	18	0.564688440449715
119	10	0.5092376735654051
119	48	0.4541846846081649
119	67	0.4539465372847689
119	47	0.4286731652288608
119	149	0.4264994951991425
119	20	0.4088336530850468
119	153	0.3816076767791979
119	50	0.3804878856182317
119	44	0.3797778214953397
119	83	0.3583399666263516
119	169	0.34232165601465786
119	54	0.3252257898927853
119	159	0.32346303325851594
119	190	0.3192124863930105
119	171	0.3164076194345267
119	105	0.2998729548551828
119	194	0.2948867087474609
119	146	0.28516010942983
119	193	0.2850866130563689
119	45	0.28469151262853376
119	167	0.2812786163119161
119	53	0.2765938803257774
119	143	0.2673707583373001
119	87	0.26450859072431515
119	164	0.2624054575099157
119	64	0.25863033549699643
119	95	0.2478586455020142
119	172	0.2456611303228509
119	175	0.23026567588312344
18	44	0.6541679043609399
18	48	0.6207596299857554
18	149	0.5699778260419178
18	67	0.468057509155849
18	47	0.4393701430535285
18	159	0.42339389797426796
18	10	0.3919737806458741
18	153	0.3894486960802119
18	193	0.376486886129563
18	172	0.3693584543602431
18	105	0.3596118253200077
18	190	0.3555302065343987
18	169	0.3509089756287561
18	143	0.3497773108537169
18	171	0.34654338934659346
18	45	0.33462729065890995
18	146	0.32855720426239243
18	54	0.3279147762821387
18	42	0.3213662803471857
18	111	0.31826916200475525
18	175	0.3133266866589843
18	79	0.3125418839672527
18	164	0.3105283157287648
18	53	0.2965566722467853
18	162	0.2948501866435249
18	20	0.2929955604763557
18	62	0.2877762247924052
18	83	0.2818494637379272
18	40	0.2793436232707963
18	69	0.2665070268391713
18	194	0.2632246742982918
18	64	0.2503535805013329
18	56	0.2377613648905113
18	198	0.23082431677708784
18	125	0.23069177167583546
18	195	0.2285698886160812
48	44	0.5329740043379023
48	149	0.5277345466653636
48	47	0.5222001087536557
48	159	0.4622901581701996
48	67	0.4178546337012618
48	54	0.4030456616480202
48	171	0.3866966448635338
48	153	0.3827178136813575
48	146	0.3577558595230039
48	83	0.34314241325442024
48	89	0.32017312853773017
48	105	0.3129568903553693
48	164	0.2955987174594024
48	64	0.2939003098096372
48	162	0.29342515347909165
48	125	0.29210857967605386
48	40	0.29160542897301395
48	50	0.28988435087959563
48	45	0.28695054480537635
48	190	0.28572959257409114
48	175	0.2823464909178072
48	56	0.2813430768064162
48	53	0.2656056893309587
48	169	0.2590035410080098
48	172	0.2530885567791593
48	79	0.2508221833464477
48	193	0.2469386275528149
48	143	0.23964740458777786
48	87	0.23388938701201614
48	68	0.2326790467573325
67	50	0.5058225836655549
67	149	0.4639162155733052
67	171	0.4395637915603756
67	47	0.4044099774700141
67	45	0.4037824478256468
67	164	0.3769330926988432
67	169	0.3759460556198097
67	62	0.3707824828540656
67	44	0.3692202743021957
67	165	0.3685896206696404
67	195	0.3581307664464233
67	38	0.3414032008432362
67	105	0.33609172131744564
67	41	0.3268523206333145
67	142	0.32535097613801844
67	159	0.31233433601012744
67	54	0.3120094184758013
67	68	0.3119913653606933
67	180	0.3093893697729689
67	174	0.3007190895158245
67	66	0.2965019480247122
67	194	0.29117533590978834
67	172	0.2844893308053366
67	42	0.2843330820606428
67	114	0.27970315126879913
67	198	0.27250705906885503
67	153	0.2702745640521224
67	170	0.2646201914061107
67	65	0.2614088546580635
67	60	0.2590781728347176
67	79	0.2541271648407024
67	196	0.25300431970421866
67	93	0.25025047212293783
67	89	0.2500254886864382
67	190	0.24813081009809995
67	193	0.2401469027325696
67	183	0.2379594835975611
67	87	0.2360907224919421
67	137	0.23432417624989424
67	10	0.2341918590047811
44	149	0.6760918242949877
44	45	0.5311961300294866
44	40	0.4255418428920992
44	143	0.3879970869760208
44	164	0.3690820779171427
44	146	0.32066666062159377
44	10	0.3089100237609628
44	79	0.30719032475431945
44	54	0.3028550609831024
44	47	0.288363114921183
44	159	0.2865742602088994
44	42	0.284094084176131
44	162	0.2835700037523829
44	137	0.2787811275360265
44	105	0.2732937555734381
44	62	0.2710622918060747
44	41	0.26201433420923553
44	50	0.2569219368904055
44	53	0.2530417588778762
44	175	0.2455859567969103
44	52	0.2352218137300036
44	190	0.2286077985016993
44	172	0.2280011572037928
38	142	0.715053961551023
38	41	0.4697815609691592
38	52	0.4922154763762261
38	199	0.4606058385296977
38	66	0.43567496994050803
38	164	0.3962141112001679
38	101	0.3567439075558997
38	176	0.3505669523112454
38	98	0.3500493546552019
38	60	0.3409348909064939
38	198	0.3402984251331181
38	195	0.3392988986139078
38	45	0.2958907286750656
38	70	0.2930321261918541
38	197	0.282070383400974
38	170	0.2689392348807297
38	93	0.26837326237183456
38	50	0.2667392548628945
38	40	0.2629733639954821
38	196	0.25302303938577714
38	177	0.24743624367601885
38	160	0.23947773482877974
142	198	0.5092747064720377
142	199	0.4956629357469632
142	197	0.44202117959818427
142	52	0.3882179238409185
142	176	0.3495227648493563
142	101	0.3346450510315723
142	60	0.3265664771265561
142	66	0.32603035954246146
142	183	0.3206487170486627
142	170	0.3205859127310787
142	164	0.29779656504301355
142	196	0.2838458566929131
142	105	0.2799704417630074
142	96	0.2780062301461362
142	160	0.2730161396636088
142	65	0.2723126425663613
142	161	0.2663026405779643
142	122	0.26514090083555913
142	111	0.2582290534444216
142	195	0.2576222951447973
142	41	0.2559129469046944
142	98	0.2453416224412592
142	70	0.2311461763508867
142	114	0.2286741391331845
41	93	0.4582232478891364
41	40	0.4163926003202073
41	50	0.3697556310427773
41	145	0.3630547944854871
41	91	0.2968940952391769
41	60	0.2900583750345864
41	52	0.2807812643536416
41	89	0.2778216773800332
41	66	0.27361758326829233
41	62	0.2563707986508253
41	45	0.2518058665628519
41	195	0.2414751366486732
198	96	0.6523219752210994
198	199	0.5165626837188844
198	105	0.5280735657883924
198	193	0.5175517634153897
198	183	0.4480197716988463
198	81	0.427022935085274
198	79	0.3977051993936124
198	170	0.38340895620585796
198	190	0.3729884362342243
198	98	0.3606735877588008
198	90	0.3596379454182597
198	197	0.3558359278745896
198	176	0.3438744748150845
198	111	0.31198233871865183
198	196	0.30091918124131223
198	88	0.2945762434098482
198	194	0.2816653411854555
198	160	0.2734880596290085
198	180	0.2657729829822088
198	85	0.25834104810416586
198	92	0.2579677055830524
198	195	0.25266733305239225
198	177	0.24377150208492535
198	163	0.2395437192515625
198	175	0.2294416403959569
53	125	0.5341542642105515
53	20	0.4597308866399385
53	27	0.4369218208670252
53	40	0.3435922836618669
53	149	0.338457995370683
53	167	0.33563037870671514
53	144	0.3263609901987129
53	153	0.3218324987263984
53	68	0.3044346321387973
53	54	0.27459793998692383
53	146	0.26276856624822625
53	47	0.26070996870984336
53	69	0.2561278712200937
53	122	0.2474080802078079
53	137	0.243921988286925
53	62	0.242811876845985
53	52	0.2413715480241206
53	63	0.23944945511318175
53	171	0.23439033161728975
53	159	0.23369086515570675
53	29	0.2312408313071739
145	40	0.3871558004204104
145	175	0.3794697026123639
145	195	0.3340410650533645
145	20	0.3091994590111697
145	180	0.3063840901902592
145	196	0.2766123501401095
145	50	0.25811705184359623
145	144	0.2540616843190964
145	52	0.2421436216548148
172	175	0.7114925015564768
172	68	0.7031733075158023
172	69	0.6235362015522339
172	42	0.5967149469895684
172	180	0.5075469699421479
172	146	0.4876862083332152
172	167	0.4842642683682447
172	114	0.4332087416825536
172	61	0.4319813211231108
172	153	0.39571661647730977
172	159	0.3863223762970565
172	10	0.3760576765571565
172	54	0.36485059814955817
172	193	0.3517417175187483
172	79	0.3473438526840989
172	57	0.3465257910710384
172	20	0.34397146368398657
172	196	0.341049775056026
172	194	0.3304559394533909
172	92	0.3185207769027709
172	139	0.31477789381874216
172	137	0.3063206598147292
172	58	0.3034271674018416
172	163	0.3019192422176683
172	47	0.29234637648064565
172	162	0.2888123063052586
172	161	0.28066150893844977
172	171	0.2790854522851474
172	169	0.2781999884639838
172	195	0.27673239895153284
172	62	0.2460087694338106
172	63	0.2356657598454059
172	56	0.2317045772861148
175	180	0.6332719356565981
175	69	0.5773909687800521
175	68	0.5507937363395198
175	196	0.52338460995923
175	194	0.5103034661488531
175	92	0.4894296096041243
175	167	0.41294792578706396
175	153	0.4110715665823677
175	10	0.4040251377237064
175	79	0.4028697603815234
175	57	0.4021155607648072
175	42	0.4005803381233273
175	162	0.36807966623209815
175	163	0.3665051916281921
175	193	0.35175924295074057
175	20	0.3503301121401239
175	183	0.34748454122381106
175	114	0.34601533500613524
175	47	0.33909536119448985
175	146	0.3384402863271026
175	195	0.33605623914625954
175	61	0.33505347396879337
175	170	0.3264414018019737
175	161	0.3149850892362046
175	159	0.3039718273501568
175	56	0.2869413681851959
175	105	0.2716459029634223
175	58	0.26265684840437903
175	174	0.25231155840717
175	137	0.2420494827289653
175	63	0.2410984243787535
175	54	0.2402128646861803
175	190	0.2313544114762563
175	65	0.2278968728867949
68	42	0.5778241089447205
68	69	0.529377578311544
68	61	0.5035419816766019
68	167	0.4543592847390915
68	180	0.4419004790047388
68	62	0.4263604084253065
68	54	0.4100988055776395
68	159	0.406098230217977
68	63	0.3958346871057093
68	57	0.38447469185042493
68	153	0.379846280919748
68	79	0.3725148553353281
68	196	0.33630459430776144
68	92	0.33524876218791144
68	162	0.3344585552633756
68	47	0.3330901197991397
68	146	0.32903882585415195
68	20	0.3261912168575761
68	169	0.3143363774640741
68	58	0.3103656636493442
68	161	0.3097510362825193
68	171	0.2809562757724511
68	194	0.2788087957371049
68	114	0.2677978217061094
68	163	0.2657729829822088
68	125	0.26447138892250976
68	139	0.25243327846807945
68	183	0.2515436018130029
68	90	0.25112202750414103
68	81	0.24717336838483545
68	137	0.2466005498398992
68	127	0.23249932532655904
69	167	0.50437752903549
69	146	0.4712764768941974
69	42	0.4677528939205202
69	92	0.4418843843831633
69	20	0.3877422198392053
69	57	0.3810350988304947
69	58	0.34442104342968755
69	162	0.3369341423269453
69	94	0.326048233510003
69	153	0.3213304109375619
69	56	0.3035361152688795
69	10	0.30245536506963056
69	139	0.3013374692285309
69	63	0.2972132109295731
69	125	0.28403892580290696
69	163	0.2764184068994429
69	159	0.2737100940785382
69	123	0.2678071045245168
69	161	0.2584810316640207
69	129	0.2531353534960559
69	127	0.2506160125619735
69	90	0.2503442072470197
69	61	0.24909714681923276
69	180	0.2366760786605657
69	47	0.2321303737058219
180	196	0.6535095353588803
180	194	0.4949837465175956
180	153	0.397528400209662
180	79	0.3891262830906836
180	183	0.3631763350773359
180	47	0.32582479216413784
180	91	0.3231585734200577
180	42	0.3218056057514725
180	161	0.31233433601012744
180	50	0.3118559598167137
180	159	0.2871707678871567
180	56	0.2846455644373872
180	195	0.2830917474859961
180	165	0.2758641593248174
180	162	0.2743575278754544
180	80	0.2685402899439663
180	57	0.2672407616692643
180	193	0.2598895940325863
180	62	0.25969376729409344
180	92	0.2569312767775924
180	171	0.2566884241170458
180	167	0.2543890636258365
180	137	0.25370617800339235
180	199	0.24539801006043566
180	122	0.24439218193427265
180	164	0.24418531087341264
180	170	0.2389497798490977
180	125	0.2357979801131206
180	61	0.2351745796396013
180	163	0.2349478405462677
180	45	0.2330857260415118
20	125	0.4588787245519894
20	10	0.4443274990515878
20	127	0.39763785080501535
20	167	0.3833748357797011
20	50	0.37354787228155545
20	153	0.3535542901578111
20	129	0.3261465361643885
20	122	0.30413518661327393
20	54	0.2876478137415113
20	159	0.2876202957419973
20	63	0.2673057612194922
20	47	0.2651966819662629
20	42	0.2462060499729606
20	40	0.2328209208737784
167	63	0.6241287095269301
167	42	0.4690408906156418
167	159	0.4317128634575795
167	139	0.404150644669784
167	94	0.388693421049572
167	194	0.374029630166585
167	153	0.3639573722323413
167	57	0.3604734908137906
167	61	0.3565169757283614
167	54	0.3540529392505069
167	81	0.3462089804074169
167	92	0.3274506117889117
167	90	0.32236128832508176
167	10	0.3157505508437371
167	169	0.3068552020608065
167	183	0.30667402296707896
167	125	0.29704910257651
167	162	0.2933063417293449
167	27	0.2927670053393219
167	56	0.280348261158962
167	79	0.27772016461545995
167	190	0.27334002046736244
167	146	0.2625451235178801
167	47	0.2332937630000069
167	171	0.2328020048973241
61	62	0.5117885175654927
61	42	0.4897641393510669
61	196	0.4091750664056848
61	199	0.3956238375195859
61	171	0.3804451233562964
61	137	0.3620733361837707
61	139	0.3608127660560383
61	58	0.27498622549065393
61	97	0.2671107552735501
61	98	0.2619118829230876
61	183	0.2513656154034761
61	162	0.2498286060283875
61	27	0.2479524997846268
61	79	0.2461308978864125
61	54	0.2418894360966975
61	165	0.2390534964528409
61	93	0.2370630747037255
61	63	0.2368837444197553
61	91	0.23304789884708024
42	146	0.5820582832643729
42	62	0.4850599749789122
42	171	0.4834064567779343
42	137	0.3769245134520692
42	159	0.3409525660539733
42	54	0.3219311018579985
42	162	0.3105915644053853
42	63	0.3044799974259589
42	47	0.304289453939712
42	139	0.2977236579297823
42	57	0.2910105882306082
42	153	0.268354702756378
42	196	0.2513749835332015
42	72	0.2394211749912871
139	114	0.5398047338058655
139	113	0.3454078014158741
139	63	0.32396435053087697
139	143	0.2878404264381119
139	190	0.2349667364477186
193	194	0.5968501556116981
193	160	0.5281024107114518
193	85	0.4778543579599176
193	105	0.47619359556635404
193	190	0.4674950557444016
193	170	0.4491699895717137
193	114	0.4416590298130315
193	79	0.42483731907367933
193	10	0.4052460916285241
193	90	0.3874447998987222
193	159	0.3719204520961119
193	88	0.3708083581767465
193	195	0.3652319658804127
193	13	0.35847941342499473
193	111	0.3477043357488346
193	169	0.3328500544523917
193	197	0.32769164001949397
193	99	0.31344391931351395
193	65	0.3105734936355328
193	92	0.30523285929390065
193	183	0.30239176727059985
193	64	0.2962374201740541
193	81	0.26594026062785703
193	163	0.2651873852344098
193	153	0.2525643526765632
193	54	0.23645895042513915
193	83	0.228342414748522
79	81	0.6484213761438693
79	183	0.5708413559190365
79	194	0.4987643758577127
79	92	0.4180444568808324
79	90	0.4110050827827698
79	80	0.3637664992452384
79	96	0.35881053545674985
79	88	0.3383163163098471
79	54	0.329653982174656
79	162	0.3127854891484979
79	143	0.3090547485421732
79	63	0.29122109608972624
79	196	0.28061544683622514
79	160	0.2740153438148312
79	197	0.2736453370430101
79	159	0.2719978258503803
79	170	0.26676712014500065
79	190	0.25966579030172143
79	45	0.24970671593357266
79	144	0.24906900809061944
79	149	0.24707947553177095
79	163	0.24407246274317726
79	94	0.2408064223833026
79	47	0.2363173323284567
79	56	0.2292332114410141
197	95	0.6866767376787786
197	101	0.4678153881602564
197	85	0.3230242316285461
197	65	0.3072808853825204
197	88	0.3005371649707734
197	105	0.29272129029613786
197	194	0.2912485515580454
197	170	0.2688557424081443
197	13	0.2632898229917322
197	160	0.25926473886526497
197	64	0.2450878576156353
197	190	0.2298868499236772
114	13	0.6411770837287908
114	10	0.5169951180411771
114	127	0.3406962528270361
114	194	0.32046926866302544
114	195	0.31504814275338644
114	65	0.304189635726911
114	170	0.2986438551425036
114	111	0.2965840336275555
114	105	0.2897927515182673
114	85	0.2853622071645606
114	123	0.2835700037523829
114	190	0.27761864564842603
114	101	0.26263822807896664
114	99	0.2592180991709433
114	90	0.24605574284024606
114	143	0.2371952024715018
114	64	0.2329249555950665
13	111	0.5023990404513233
13	10	0.4610705391242231
13	170	0.3702562264783358
13	65	0.34638499608580525
13	195	0.3451699920118279
13	160	0.34249820710161644
13	194	0.3361272025346235
13	113	0.3170284052959292
13	123	0.2933246210499117
13	127	0.25759428600574097
13	66	0.25715541966841554
13	101	0.23841225198373314
13	99	0.2329438704262505
89	72	0.46187332353988
89	87	0.566429604645901
89	50	0.4878691058414497
89	83	0.4521344987741088
89	91	0.40155374642552055
89	93	0.4008153816640733
89	192	0.3682093366756635
89	171	0.3639833979991013
89	66	0.36214284640213656
89	178	0.3342631506440254
89	98	0.3237316186870557
89	47	0.3102752935293845
89	177	0.3040807355124137
89	60	0.2859499835205105
89	97	0.27877190469948604
89	159	0.26953284250756143
89	190	0.2457456970077096
89	196	0.2284371985580523
72	87	0.3212227971764887
72	178	0.3066921418768174
72	97	0.2931509588468451
72	93	0.2743205383516641
72	98	0.2523958269923425
91	60	0.5306072525071336
91	93	0.4589339828990484
91	97	0.4080171282568488
91	165	0.3662974116089097
91	178	0.3383251717005888
91	196	0.32918149569408073
91	50	0.3130651332479801
91	177	0.29452144895123616
91	62	0.2937906712304787
91	66	0.2791592195428264
91	94	0.2705155545435629
91	87	0.2540523297687249
91	47	0.23413514895759674
91	171	0.2311840388586019
170	66	0.5634816407870314
170	65	0.508889472065747
170	105	0.476672862595048
170	183	0.4581521421259616
170	195	0.4323391456284864
170	196	0.4270147585362294
170	160	0.3865690676087085
170	169	0.3772933626489634
170	194	0.3736855379703628
170	85	0.3703597711164837
170	174	0.363844587342565
170	64	0.3001368539994566
170	111	0.2853162780887417
170	199	0.2583223828096708
170	45	0.23834622971013736
170	190	0.2375537907388348
170	10	0.2354485218948444
170	92	0.22769777012777465
95	106	0.3318003738711455
95	88	0.3284858383736403
95	101	0.3206397451758923
95	83	0.27218301921001936
95	85	0.22782102646291744
63	90	0.5182469545622955
63	81	0.4391925960414181
63	94	0.4236482932344237
63	54	0.413254784271846
63	183	0.4097909858654071
63	125	0.3530029178192586
63	194	0.349013518044942
63	159	0.2966661148483655
63	55	0.28964618149774257
63	174	0.2817113737689068
63	57	0.2720811653564664
63	169	0.26581015717585377
63	62	0.2625823659290724
63	80	0.25981499588984985
63	27	0.2580143776141635
63	88	0.2363362153215755
63	165	0.2318275942685065
127	129	0.6824684163401138
127	123	0.4529138161226076
127	143	0.4411115080963025
127	144	0.40875869337313503
127	10	0.4047946740605724
127	113	0.3626032498473297
127	125	0.3447294871857057
127	29	0.3438392043161355
127	40	0.2632339814015013
127	112	0.2584623678164128
129	143	0.4146303453716252
129	123	0.3922445807674272
129	144	0.3682266249860346
129	40	0.3580610250601193
129	125	0.3121809118306334
129	29	0.2990263481198285
129	10	0.24180470019715816
87	178	0.4220058595485999
87	192	0.3958431202213326
87	88	0.3564122237698399
87	50	0.34846013701609496
87	83	0.34332767309157786
87	64	0.27076577802174234
87	47	0.269913014813193
87	66	0.2661168141025015
87	159	0.2354390762326696
87	163	0.23492894446723395
178	177	0.30207373789759323
178	97	0.26164175578528376
178	192	0.2613995379796021
178	101	0.2400526675233435
178	50	0.2362890075041026
192	98	0.23578853609772635
83	190	0.6337329151077169
83	50	0.4057140197279544
83	159	0.38752978525842857
83	55	0.3144264938952668
83	47	0.31357917588961365
83	54	0.2851233616622101
83	171	0.24295302806281696
83	169	0.2421436216548148
123	10	0.3383074608591867
123	146	0.33244095485661285
123	143	0.32169802865946673
123	144	0.2986985028740925
123	137	0.2653733105010663
144	27	0.4875794983454656
144	40	0.4207392943991332
144	146	0.4161611205213721
144	137	0.3818383344148736
144	149	0.3248233283355416
144	125	0.3104831364190732
144	143	0.2974046484827496
144	94	0.28996678576436097
144	10	0.2465817659838831
105	111	0.6450706923255903
105	194	0.3685723377084056
105	190	0.3651366354336264
105	169	0.3576250508926053
105	65	0.3282627957982083
105	195	0.2700057270069047
105	196	0.2541178106230902
105	174	0.24960357197969554
105	92	0.2490596284209659
105	64	0.2442041182522395
105	47	0.24187060621559095
105	160	0.2408535224295106
105	199	0.24071221888844205
149	164	0.484998795259322
149	45	0.4770668860933821
149	47	0.46251815106293703
149	40	0.388693421049572
149	171	0.3734962434052391
149	50	0.3673186446497719
149	146	0.3645644919790215
149	137	0.35840097656867315
149	54	0.3533530239411977
149	52	0.3494964295581151
149	143	0.3362425099009245
149	159	0.3331079007001263
149	10	0.32738811602973583
149	153	0.31584958057864204
149	162	0.2815732721289386
149	165	0.2799612255716877
149	122	0.25826638576902833
149	62	0.2478023306990841
45	164	0.6219383660157981
45	60	0.36064749003953306
45	50	0.33369453746562544
45	47	0.31446253888110504
45	93	0.24191768057674895
101	99	0.57467814841549
101	176	0.3086295787888065
101	66	0.28572959257409114
101	106	0.28054174478414795
101	93	0.2613436368860253
101	85	0.2324709468067163
101	195	0.23033196325485145
106	113	0.4791728097405736
106	70	0.30339992919528297
106	112	0.28054174478414795
143	137	0.3569707972899389
143	10	0.35103173040206426
143	62	0.3490749898125237
143	40	0.3487412498309159
143	125	0.2903605819224893
143	183	0.2627964946084748
143	162	0.25839704283032633
143	27	0.2583690456842557
143	29	0.25085966649965713
40	52	0.40954965650184705
40	27	0.34055481694824563
40	125	0.3280397166114826
40	122	0.2839469910030444
40	62	0.2837814952071317
40	137	0.24362100414350876
40	50	0.2385254278970595
40	164	0.23801608530640836
113	112	0.6537901788595754
113	111	0.2995817025292388
113	70	0.27504168753005703
113	176	0.2650944152042006
113	55	0.2584250395423376
113	122	0.2275650243754472
125	122	0.3974020970035886
125	27	0.376581290558262
125	54	0.3496281004912083
125	52	0.30895525179221645
125	58	0.2940830235888526
125	159	0.2554269378198957
125	62	0.2493222415047516
125	162	0.24718275741488754
125	153	0.23701588408947655
52	177	0.4963716644839655
52	122	0.5590773432194172
52	164	0.4656331404944578
52	97	0.32366000100529085
52	70	0.31729822752251197
52	98	0.2675564509805848
52	58	0.2612038764827309
52	71	0.23866688867773644
52	195	0.2369026220521493
52	50	0.2355240855908573
177	97	0.562580085996564
177	71	0.4841647486482159
177	98	0.4710352931364902
177	70	0.34278946351474376
177	96	0.3293152350208348
177	164	0.30059174463126315
177	122	0.2956717254446201
177	176	0.2766585237818485
177	199	0.24743624367601885
177	50	0.2402976696527069
122	50	0.3738145846037727
10	194	0.4535574238186922
10	195	0.3829226413615582
10	190	0.30562274624484903
10	153	0.2855183562178426
10	146	0.2743297858087185
10	92	0.2561932779432638
10	164	0.25194635032643753
10	169	0.23401227172304165
47	153	0.5829436111433685
47	50	0.4657427793555195
47	159	0.4537321492272376
47	171	0.4279546037503617
47	146	0.4114620705853795
47	54	0.3837671574833797
47	162	0.3558446616514357
47	57	0.3109800316383969
47	169	0.3089100237609628
47	196	0.3037176774096708
47	163	0.2886931454632401
47	164	0.2768524391257041
47	194	0.2757070891360724
47	161	0.2684567781756861
47	190	0.25332252851599946
47	165	0.2499129868409779
47	92	0.2277262145452285
159	54	0.6144005954756467
159	190	0.4475080869501156
159	153	0.4168058228555685
159	194	0.38279462847205337
159	50	0.3359941430513272
159	146	0.33243205999692765
159	163	0.3124606731017413
159	169	0.2978968066515759
159	55	0.2743852694855195
159	57	0.27173852129751475
159	90	0.25966579030172143
159	162	0.25849969531865963
159	174	0.2559222919664149
159	94	0.25534280774895585
70	176	0.6540820862877336
70	98	0.5275469319022389
70	199	0.3790416200534571
70	96	0.35986429599058894
70	71	0.3398385613687285
70	112	0.24597118987662014
176	199	0.5300753863690602
176	96	0.4161197791650849
176	98	0.3702562264783358
176	112	0.2787903503211441
176	111	0.23828963743640502
199	98	0.5547104995821887
199	196	0.4580099130075945
199	96	0.3690734401010648
199	183	0.33482264168120196
199	97	0.24790557322499546
196	195	0.4676044513560195
196	183	0.5065143115348463
196	194	0.4591391971035119
196	169	0.4304509028155397
196	65	0.4080171282568488
196	165	0.4070664713743055
196	93	0.35622015524082845
196	153	0.3542628365748233
196	60	0.326343120311993
196	171	0.2998001470118142
196	174	0.2766677583569121
196	66	0.2689670648068229
196	92	0.2666463673685385
196	161	0.24571750852833016
196	62	0.2429342084948509
196	50	0.23810098483839046
195	169	0.3856415620140057
195	50	0.3542191109082097
195	194	0.3405813373497877
195	190	0.3329211894253576
195	93	0.2939094460088645
195	174	0.2803298329585889
195	153	0.27719404462659003
195	66	0.2768432055728716
195	65	0.2529013580695995
50	164	0.42743984647404265
50	93	0.35331801778081623
50	190	0.3274327561500404
50	171	0.30629347453531386
50	66	0.3003643163944737
50	60	0.2776924782394913
50	153	0.2770832613267105
96	81	0.5589123372764935
96	80	0.4376092998071723
96	98	0.4364524243606847
96	90	0.3911101519687951
96	183	0.3467457519799545
96	88	0.3228898768177077
96	92	0.298252155771295
96	85	0.2284371985580523
81	90	0.6128044579676074
81	183	0.5948184674402874
81	80	0.5758156026243565
81	88	0.4646065415076581
81	92	0.3911270924932612
81	194	0.33050047866104537
81	94	0.309235634391516
56	162	0.6179859419691535
56	58	0.5997137276514595
56	161	0.5110131250326523
56	163	0.5353110425433952
56	57	0.48664134872253606
56	90	0.2692824392381933
56	164	0.2560344289757304
56	62	0.25393071628911945
56	194	0.25332252851599946
56	153	0.25145929458113064
90	88	0.5585340316732392
90	92	0.5530120689029535
90	194	0.4838507967005484
90	94	0.4305405168942168
90	80	0.41310551348283214
90	183	0.3057405988775943
90	163	0.2623216526271365
90	160	0.24703252736517506
90	54	0.2431129870050958
90	111	0.23635509813618566
183	194	0.5352896389370421
183	65	0.42276172404458506
183	174	0.39647541355418336
183	165	0.3454870613622947
183	169	0.3424364169718375
183	92	0.3049335743012017
183	80	0.2836435691275891
183	64	0.2664327073344246
183	66	0.25581949365705564
183	60	0.2385065656946747
80	88	0.4192897804638351
80	94	0.34555751051023725
80	92	0.3251363641661693
80	98	0.2911570314647195
80	29	0.2416163849951763
194	92	0.4542719890360054
194	174	0.3906950263496722
194	169	0.3653792796862497
194	94	0.3345384852298993
194	65	0.3318537673188375
194	190	0.30998607146543705
194	162	0.3070635305275407
194	153	0.30460701288117936
194	160	0.286757824724156
194	54	0.26834542287394025
194	88	0.2674728917495989
194	111	0.2640807224995772
194	57	0.2554643277210377
194	85	0.24258601351397865
194	165	0.23563742579560434
160	85	0.6410357279119661
160	88	0.3713947110275085
160	65	0.32358837961466536
160	111	0.31619163034452386
160	64	0.2953066509949047
160	66	0.26593096784536624
160	169	0.2530417588778762
111	88	0.24987548472614696
111	55	0.23728957407633056
146	137	0.4329243830136882
146	171	0.3777821178252489
146	153	0.34298359785564103
146	54	0.29796059334582314
146	162	0.2460463482514163
146	27	0.2331992033922909
85	65	0.44227862070375396
85	88	0.4296439943179477
85	64	0.368537771021536
85	66	0.3176129551999576
85	92	0.231657261088542
190	55	0.3638098821528412
190	169	0.3364198861651785
190	54	0.2941195637660086
190	64	0.2274702008019423
169	54	0.4175574459069995
169	153	0.4132381997251097
169	65	0.4009160984629074
169	171	0.3955900977145056
169	64	0.3180264908773338
169	174	0.315327346323049
169	165	0.3073533298780995
169	55	0.26092432282449457
164	60	0.40086574127470775
164	165	0.2920811392582643
164	162	0.23531627857750406
62	171	0.5248859431598843
62	165	0.5080219490767098
62	137	0.5616977264282658
62	162	0.36586441923987617
62	93	0.3477922428614633
62	27	0.2304266557921343
137	171	0.4932074545205269
137	165	0.448802720405711
137	162	0.3071993810675428
137	27	0.2633456628176883
162	57	0.6159296606175915
162	58	0.5680099530542266
162	163	0.5524634289827344
162	161	0.39678720648239546
162	153	0.33263662680513223
162	94	0.30671026056428
162	92	0.30026423714773354
162	165	0.266441997445797
162	54	0.25261116264778555
58	57	0.5017333832566554
58	163	0.4730947508553216
58	161	0.3233824474627958
58	71	0.2738025998246941
58	153	0.268837187976582
58	54	0.2332086595515543
161	163	0.3724717928991664
161	92	0.326048233510003
161	65	0.30584937760844705
161	153	0.2378745780038472
57	163	0.5805288387252715
57	153	0.3421892268330711
57	94	0.2715347543203786
163	153	0.3602907646230994
163	54	0.32701308133436624
54	153	0.4195370081824011
54	55	0.329796587172116
54	171	0.3088738403299962
54	174	0.2433481967234487
54	88	0.23072964257861425
88	92	0.2964289793664545
88	64	0.2792329835057294
88	65	0.2461778682873853
92	94	0.44374946161518175
92	65	0.2957994811077704
153	171	0.3535630401205141
171	165	0.4548432207124043
171	174	0.3035270365830554
165	174	0.4189188222603327
165	60	0.3873768068692212
66	65	0.5557204334840393
66	60	0.4314361906963574
66	93	0.3896183488063675
66	64	0.2986256387967463
65	64	0.4439502109442269
97	98	0.4410470721715717
97	93	0.3550845906549385
97	71	0.2568565563363893
71	98	0.22983002001770456
94	27	0.3539829655474078
94	93	0.2318370568062348
60	93	0.3744424049088551
60	174	0.23583575572930685
